,competitor_count_visit,first_competitor,second_competitor,count_of_competitor
3455,24,19,5,2
3458,1,0,1,1
3459,2,1,1,2
3460,10,10,0,1
3461,1,0,1,1
3464,2,0,2,1
3465,2,2,0,1
3468,61,59,2,2
3469,3,0,3,1
3470,1,0,1,1
3472,14,0,14,1
3474,2,0,2,1
3478,17,15,2,2
3481,1,1,0,1
3490,4,4,0,1
3492,7,2,5,2
3493,3,0,3,1
3494,1,1,0,1
3495,263,222,41,2
3497,13,6,7,2
3499,1,1,0,1
3500,34,0,34,1
3501,3,2,1,2
3502,3,2,1,2
3504,2,0,2,1
3506,1,0,1,1
3507,1,0,1,1
3511,2,1,1,2
3513,1,0,1,1
3514,465,462,3,2
3515,9,9,0,1
3516,2,0,2,1
3518,136,125,11,2
3520,160,146,14,2
3521,6,4,2,2
3522,2,0,2,1
3526,7,1,6,2
3528,24,21,3,2
3530,2,2,0,1
3531,11,9,2,2
3534,1,0,1,1
3536,3,0,3,1
3538,1,0,1,1
3541,14,8,6,2
3542,20,10,10,2
3544,615,1,614,2
3546,6,0,6,1
3556,4,4,0,1
3557,78,0,78,1
3559,5,0,5,1
3561,31,31,0,1
3562,36,34,2,2
3563,3,0,3,1
3564,4,0,4,1
3565,8,7,1,2
3566,2,0,2,1
3569,228,228,0,1
3570,6,1,5,2
3574,2,2,0,1
3575,6,0,6,1
3580,1,0,1,1
3581,8,0,8,1
3582,36,4,32,2
3583,13,9,4,2
3584,27,20,7,2
3585,1,0,1,1
3586,12,12,0,1
3587,14,2,12,2
3589,7,0,7,1
3591,23,3,20,2
3592,35,0,35,1
3600,3,3,0,1
3603,2,2,0,1
3604,30,30,0,1
3605,49,48,1,2
3607,213,213,0,1
3608,5,4,1,2
3609,1,1,0,1
3611,390,389,1,2
3612,1,1,0,1
3614,1,0,1,1
3615,6,3,3,2
3616,1,0,1,1
3617,21,21,0,1
3618,51,48,3,2
3620,5,5,0,1
3621,1,0,1,1
3622,1,1,0,1
3623,4,2,2,2
3624,2,1,1,2
3625,248,248,0,1
3630,1,0,1,1
3631,5,1,4,2
3634,1,1,0,1
3635,3,0,3,1
3636,4,3,1,2
3637,1,0,1,1
3638,17,16,1,2
3641,27,25,2,2
3642,5,1,4,2
3647,24,19,5,2
3648,2,0,2,1
3649,747,744,3,2
3651,29,0,29,1
3652,2,2,0,1
3653,6,4,2,2
3656,10,4,6,2
3662,1,0,1,1
3664,1,0,1,1
3665,25,24,1,2
3668,16,5,11,2
3670,1,0,1,1
3671,45,45,0,1
3672,31,18,13,2
3674,47,46,1,2
3677,98,98,0,1
3680,19,7,12,2
3681,26,25,1,2
3683,561,0,561,1
3686,15,15,0,1
3687,3,1,2,2
3690,10,6,4,2
3691,6,6,0,1
3693,1,1,0,1
3696,484,1,483,2
3697,79,52,27,2
3699,2,1,1,2
3702,2,1,1,2
3703,1,0,1,1
3705,2,0,2,1
3708,9,2,7,2
3711,32,21,11,2
3712,8,8,0,1
3713,1,0,1,1
3718,1,0,1,1
3720,14,10,4,2
3721,8,5,3,2
3723,12,12,0,1
3727,169,169,0,1
3730,2,1,1,2
3731,2,1,1,2
3734,3,0,3,1
3735,1,0,1,1
3736,2,1,1,2
3738,2,0,2,1
3739,8,5,3,2
3741,6,0,6,1
3742,118,103,15,2
3743,7,7,0,1
3744,146,146,0,1
3746,19,19,0,1
3747,6,1,5,2
3749,26,0,26,1
3750,9,9,0,1
3751,23,23,0,1
3752,1,1,0,1
3753,27,26,1,2
3754,6,2,4,2
3756,6,1,5,2
3758,3,3,0,1
3760,3,2,1,2
3761,11,2,9,2
3762,3,3,0,1
3765,15,6,9,2
3766,1,0,1,1
3767,1,0,1,1
3769,10,6,4,2
3770,2,0,2,1
3773,6,0,6,1
3788,5,3,2,2
3789,2,0,2,1
3790,12,4,8,2
3791,2,0,2,1
3792,38,5,33,2
3796,2,2,0,1
3798,3,0,3,1
3801,11,5,6,2
3802,144,0,144,1
3804,3,3,0,1
3805,4,0,4,1
3808,8,8,0,1
3810,2,0,2,1
3811,59,0,59,1
3813,6,6,0,1
3815,22,21,1,2
3817,9,5,4,2
3818,107,105,2,2
3821,1,1,0,1
3826,5,2,3,2
3828,1,1,0,1
3829,3,0,3,1
3830,5,1,4,2
3831,9,3,6,2
3832,7,7,0,1
3833,4,0,4,1
3834,5,0,5,1
3838,16,1,15,2
3840,1,0,1,1
3844,411,405,6,2
3845,667,664,3,2
3846,13,3,10,2
3847,14,7,7,2
3855,6,6,0,1
3856,3,1,2,2
3857,2,1,1,2
3861,1,0,1,1
3862,2,0,2,1
3864,6,6,0,1
3865,13,5,8,2
3867,6,2,4,2
3868,82,81,1,2
3869,4,0,4,1
3870,112,61,51,2
3871,33,33,0,1
3873,2,0,2,1
3874,2,0,2,1
3878,3,1,2,2
3879,15,0,15,1
3881,61,59,2,2
3884,10,8,2,2
3890,1,0,1,1
3892,7,4,3,2
3896,10,7,3,2
3898,14,0,14,1
3899,1,1,0,1
3900,29,26,3,2
3902,1,1,0,1
3904,4,2,2,2
3905,15,15,0,1
3906,2,2,0,1
3908,3,1,2,2
3909,1,1,0,1
3913,5,3,2,2
3916,2,0,2,1
3917,6,6,0,1
3922,27,23,4,2
3923,25,22,3,2
3926,4,0,4,1
3927,12,12,0,1
3928,208,193,15,2
3929,54,48,6,2
3932,79,76,3,2
3933,1,0,1,1
3934,1,1,0,1
3936,13,4,9,2
3938,1299,1299,0,1
3943,47,47,0,1
3944,18,9,9,2
3945,20,20,0,1
3947,9,4,5,2
3951,24,13,11,2
3953,13,3,10,2
3954,4,0,4,1
3956,1,0,1,1
3957,1,0,1,1
3958,2,1,1,2
3959,4,1,3,2
3966,32,31,1,2
3969,2,0,2,1
3972,1,0,1,1
3980,27,25,2,2
3981,4,2,2,2
3984,5,5,0,1
3985,29,18,11,2
3990,20,20,0,1
3992,42,42,0,1
3998,432,3,429,2
4000,1,1,0,1
4003,9,0,9,1
4005,28,28,0,1
4009,22,22,0,1
4012,2,1,1,2
4014,1,1,0,1
4015,106,106,0,1
4016,12,9,3,2
4017,7,0,7,1
4018,18,1,17,2
4021,201,0,201,1
4023,10,0,10,1
4024,64,64,0,1
4026,1,1,0,1
4027,5,3,2,2
4029,10,1,9,2
4030,52,34,18,2
4031,3,3,0,1
4033,38,37,1,2
4034,3,2,1,2
4037,1,0,1,1
4039,19,18,1,2
4040,21,9,12,2
4042,8,0,8,1
4043,2,1,1,2
4044,2,0,2,1
4045,11,10,1,2
4047,95,95,0,1
4049,9,6,3,2
4050,10,3,7,2
4051,5,2,3,2
4052,1,0,1,1
4053,7,3,4,2
4054,28,28,0,1
4055,5,3,2,2
4056,5,5,0,1
4059,16,1,15,2
4061,1,0,1,1
4062,2,1,1,2
4064,37,37,0,1
4078,1,0,1,1
4080,29,29,0,1
4082,2,1,1,2
4083,2,2,0,1
4084,50,0,50,1
4085,4,1,3,2
4086,1,0,1,1
4089,41,10,31,2
4091,1,0,1,1
4092,3,0,3,1
4094,1,0,1,1
4095,4,2,2,2
4097,2,1,1,2
4101,3,1,2,2
4102,8,8,0,1
4103,17,9,8,2
4105,4,2,2,2
4108,124,123,1,2
4115,1,0,1,1
4118,3,0,3,1
4123,1,0,1,1
4125,55,27,28,2
4126,4,0,4,1
4127,201,70,131,2
4128,1,0,1,1
4129,2,1,1,2
4130,23,23,0,1
4135,1,1,0,1
4137,16,16,0,1
4141,1,0,1,1
4144,2,2,0,1
4146,3,3,0,1
4148,10,0,10,1
4153,14,11,3,2
4154,13,11,2,2
4155,12,10,2,2
4160,7,4,3,2
4164,4,3,1,2
4167,9,9,0,1
4169,1,0,1,1
4170,19,1,18,2
4176,6,2,4,2
4178,9,2,7,2
4179,6,2,4,2
4180,36,36,0,1
4181,5,0,5,1
4182,51,4,47,2
4183,1,0,1,1
4187,78,75,3,2
4189,15,13,2,2
4191,23,0,23,1
4192,11,11,0,1
4193,26,26,0,1
4194,7,4,3,2
4199,1,0,1,1
4201,1,1,0,1
4203,1029,1029,0,1
4204,3,0,3,1
4205,2,0,2,1
4208,2,1,1,2
4210,43,43,0,1
4211,1,0,1,1
4213,11,4,7,2
4214,2,1,1,2
4216,7,0,7,1
4218,2,0,2,1
4219,2,0,2,1
4221,1,0,1,1
4222,28,28,0,1
4224,34,34,0,1
4230,24,24,0,1
4236,2,2,0,1
4238,18,0,18,1
4239,1,0,1,1
4240,112,91,21,2
4241,3,2,1,2
4242,6,4,2,2
4243,6,5,1,2
4246,271,270,1,2
4248,10,6,4,2
4253,2,0,2,1
4259,484,476,8,2
4260,9,9,0,1
7780,83,83,0,1
7785,10,7,3,2
7799,1,1,0,1
7805,2,0,2,1
7807,1,1,0,1
7821,29,16,13,2
7834,13,7,6,2
7840,15,8,7,2
7847,44,39,5,2
7856,27,14,13,2
7865,196,195,1,2
7868,10,1,9,2
7873,1,1,0,1
7875,1,0,1,1
7885,1,1,0,1
7886,12,11,1,2
7897,44,43,1,2
7905,1,0,1,1
7914,10,5,5,2
7915,1,0,1,1
7916,2,0,2,1
7918,11,3,8,2
7919,18,9,9,2
7930,160,159,1,2
7937,19,11,8,2
7943,25,3,22,2
7957,114,35,79,2
7965,1,0,1,1
7981,55,34,21,2
7986,8,2,6,2
7993,158,158,0,1
8000,16,10,6,2
8003,10,7,3,2
8023,9,9,0,1
8040,2,0,2,1
8044,26,2,24,2
8052,4,0,4,1
8055,4,0,4,1
8057,1,0,1,1
8058,23,1,22,2
8075,1777,1769,8,2
8080,6,1,5,2
8084,85,76,9,2
8091,2,0,2,1
8096,1,1,0,1
8102,6,3,3,2
8109,3,3,0,1
8112,4,2,2,2
8120,5,0,5,1
8127,8,4,4,2
8135,2,0,2,1
8140,1,0,1,1
8142,1,0,1,1
8155,9,3,6,2
8157,5,5,0,1
8170,226,217,9,2
8193,3,0,3,1
8219,4,0,4,1
8236,1,0,1,1
8238,8,7,1,2
8243,1,0,1,1
8250,4,2,2,2
8254,29,29,0,1
8259,2,1,1,2
8264,25,2,23,2
8279,1,0,1,1
8283,23,18,5,2
8287,128,64,64,2
8299,1,0,1,1
8301,1,0,1,1
8311,1,0,1,1
8313,44,44,0,1
8321,13,13,0,1
8342,1,0,1,1
8343,1,0,1,1
8356,139,137,2,2
8365,3,2,1,2
8376,58,57,1,2
8381,6,6,0,1
8389,2,2,0,1
8392,1,0,1,1
8396,6,0,6,1
8397,2,1,1,2
8411,1,0,1,1
8428,1,0,1,1
8431,2,0,2,1
8434,204,204,0,1
8436,6,2,4,2
8445,7,3,4,2
8475,26,20,6,2
8483,2,1,1,2
8495,87,43,44,2
8503,11,5,6,2
8526,2,1,1,2
8544,37,37,0,1
8554,4,0,4,1
8562,9,9,0,1
8567,44,11,33,2
8569,1,0,1,1
8570,126,0,126,1
8572,6,5,1,2
8577,104,0,104,1
8579,967,965,2,2
8586,20,20,0,1
8597,4,1,3,2
8599,1,0,1,1
8603,1,0,1,1
8604,9,3,6,2
8605,15,10,5,2
8616,1,0,1,1
8621,9,9,0,1
8631,16,16,0,1
8634,85,85,0,1
8635,65,63,2,2
8640,1,0,1,1
8652,23,22,1,2
8678,2,2,0,1
8680,5,0,5,1
8691,32,15,17,2
8699,33,13,20,2
8700,838,838,0,1
8754,8,4,4,2
8762,6,4,2,2
8764,2,2,0,1
8768,16,0,16,1
8777,40,7,33,2
8778,66,6,60,2
8779,1,1,0,1
8780,42,0,42,1
8781,55,4,51,2
8783,52,9,43,2
8784,61,9,52,2
8785,59,9,50,2
8786,65,3,62,2
8787,63,8,55,2
8788,53,5,48,2
8789,58,6,52,2
8790,55,3,52,2
8791,52,8,44,2
8792,63,10,53,2
8793,47,6,41,2
8794,51,7,44,2
8798,52,10,42,2
8799,51,6,45,2
8800,55,4,51,2
8801,54,3,51,2
8802,49,5,44,2
8803,58,7,51,2
8804,55,9,46,2
8805,62,8,54,2
8806,54,11,43,2
8807,56,3,53,2
8808,52,4,48,2
8809,51,9,42,2
8810,62,12,50,2
8811,50,2,48,2
8812,48,8,40,2
8813,54,7,47,2
8814,46,5,41,2
8815,53,5,48,2
8816,54,9,45,2
8818,50,6,44,2
8819,2,2,0,1
8820,63,7,56,2
8821,48,8,40,2
8822,61,7,54,2
8823,60,8,52,2
8824,53,3,50,2
8825,45,6,39,2
8826,49,6,43,2
8827,46,4,42,2
8828,66,5,61,2
8829,59,6,53,2
8830,56,3,53,2
8831,54,7,47,2
8832,50,9,41,2
8833,56,8,48,2
8834,68,12,56,2
8835,62,7,55,2
8836,46,9,37,2
8837,47,5,42,2
8838,28,4,24,2
8839,52,8,44,2
8840,50,7,43,2
8841,3,1,2,2
8842,51,11,40,2
8844,49,8,41,2
8845,52,6,46,2
8846,45,4,41,2
8847,59,6,53,2
8848,61,9,52,2
8849,46,3,43,2
8850,1,1,0,1
8851,56,8,48,2
8852,47,6,41,2
8853,36,1,35,2
8854,53,7,46,2
8855,42,7,35,2
8856,65,7,58,2
8857,72,8,64,2
8858,59,7,52,2
8860,63,10,53,2
8861,2,0,2,1
8862,50,7,43,2
8863,51,10,41,2
8864,47,5,42,2
8865,2,0,2,1
8866,58,2,56,2
8868,55,6,49,2
8869,53,2,51,2
8870,53,11,42,2
8871,46,5,41,2
8872,60,7,53,2
8873,58,2,56,2
8874,52,8,44,2
8875,44,7,37,2
8876,64,7,57,2
8877,51,3,48,2
8878,41,5,36,2
8879,196,196,0,1
8880,65,6,59,2
8881,58,4,54,2
8882,57,4,53,2
8883,56,8,48,2
8884,44,7,37,2
8885,53,7,46,2
8886,68,8,60,2
8887,46,5,41,2
8888,62,6,56,2
8889,58,7,51,2
8890,4,4,0,1
8891,54,6,48,2
8893,65,5,60,2
8894,47,5,42,2
8895,1,1,0,1
8896,45,10,35,2
8897,7,2,5,2
8898,15,0,15,1
8900,62,9,53,2
8902,649,649,0,1
8903,51,4,47,2
8905,1,1,0,1
8906,56,9,47,2
8907,1,1,0,1
8908,52,4,48,2
8909,55,9,46,2
8911,46,2,44,2
8912,60,8,52,2
8913,56,6,50,2
8914,3,0,3,1
8915,41,2,39,2
8916,63,7,56,2
8917,19,19,0,1
8918,53,8,45,2
8920,56,14,42,2
8922,44,2,42,2
8923,61,8,53,2
8925,51,6,45,2
8926,47,11,36,2
8927,3,1,2,2
8928,53,4,49,2
8930,51,6,45,2
8931,54,2,52,2
8932,52,9,43,2
8933,65,8,57,2
8934,52,9,43,2
8935,36,0,36,1
8936,56,5,51,2
8937,45,43,2,2
8938,59,6,53,2
8939,1,1,0,1
8940,24,24,0,1
8941,57,4,53,2
8942,58,6,52,2
8943,47,4,43,2
8944,59,6,53,2
8945,4,2,2,2
8946,52,5,47,2
8947,42,3,39,2
8949,46,4,42,2
8951,561,554,7,2
8952,53,8,45,2
8953,51,6,45,2
8954,63,4,59,2
8955,1,0,1,1
8956,71,9,62,2
8957,56,9,47,2
8958,22,20,2,2
8959,4,1,3,2
8960,66,11,55,2
8961,62,6,56,2
8962,55,4,51,2
8963,51,7,44,2
8964,1,0,1,1
8965,52,5,47,2
8969,57,8,49,2
8970,45,6,39,2
8971,59,10,49,2
8972,50,8,42,2
8973,57,4,53,2
8975,27,27,0,1
8976,54,8,46,2
8977,58,8,50,2
8978,60,9,51,2
8979,58,8,50,2
8981,42,7,35,2
8982,2,0,2,1
8983,64,4,60,2
8984,5,5,0,1
8985,56,6,50,2
8987,29,7,22,2
8988,227,227,0,1
8990,10,9,1,2
8991,11,4,7,2
8992,52,6,46,2
8993,53,9,44,2
8996,58,6,52,2
8998,54,4,50,2
8999,57,2,55,2
9000,6,5,1,2
9001,47,8,39,2
9002,63,16,47,2
9003,9,9,0,1
9004,49,6,43,2
9005,1,1,0,1
9006,59,7,52,2
9007,1,0,1,1
9008,4,0,4,1
9009,41,7,34,2
9010,49,2,47,2
9011,51,7,44,2
9012,63,10,53,2
9013,44,6,38,2
9016,50,6,44,2
9017,46,5,41,2
9018,1,0,1,1
9019,60,11,49,2
9020,54,4,50,2
9021,55,5,50,2
9022,44,8,36,2
9023,50,7,43,2
9024,51,7,44,2
9026,61,7,54,2
9027,60,9,51,2
9028,54,49,5,2
9029,55,8,47,2
9030,71,11,60,2
9031,44,8,36,2
9032,70,11,59,2
9033,56,7,49,2
9034,55,9,46,2
9035,55,10,45,2
9037,42,6,36,2
9038,46,1,45,2
9039,57,5,52,2
9040,51,10,41,2
9041,59,5,54,2
9042,54,5,49,2
9043,55,5,50,2
9044,1,0,1,1
9045,45,6,39,2
9048,58,3,55,2
9049,49,4,45,2
9050,43,8,35,2
9053,47,3,44,2
9054,65,15,50,2
9055,75,4,71,2
9056,47,6,41,2
9057,2,0,2,1
9058,65,9,56,2
9059,58,8,50,2
9060,54,7,47,2
9061,4,1,3,2
9063,10,10,0,1
9065,47,5,42,2
9066,40,5,35,2
9067,51,7,44,2
9068,62,9,53,2
9069,51,7,44,2
9070,52,5,47,2
9071,56,4,52,2
9072,53,5,48,2
9073,57,8,49,2
9074,47,6,41,2
9075,56,4,52,2
9076,54,7,47,2
9077,45,6,39,2
9079,37,4,33,2
9080,49,6,43,2
9081,52,8,44,2
9083,47,5,42,2
9084,84,78,6,2
9085,53,6,47,2
9086,53,5,48,2
9087,50,4,46,2
9088,62,8,54,2
9089,61,10,51,2
9090,53,7,46,2
9091,66,7,59,2
9092,51,2,49,2
9093,44,9,35,2
9094,64,6,58,2
9095,58,8,50,2
9096,59,8,51,2
9097,4,2,2,2
9098,43,6,37,2
9099,60,5,55,2
9101,61,7,54,2
9102,51,2,49,2
9103,47,9,38,2
9104,64,11,53,2
9105,51,8,43,2
9106,49,7,42,2
9107,52,9,43,2
9108,57,12,45,2
9109,54,1,53,2
9110,56,6,50,2
9111,62,7,55,2
9112,152,142,10,2
9113,61,5,56,2
9114,46,6,40,2
9115,46,5,41,2
9117,55,5,50,2
9118,60,8,52,2
9119,60,2,58,2
9121,55,7,48,2
9123,59,5,54,2
9124,55,9,46,2
9125,46,5,41,2
9126,63,7,56,2
9127,66,6,60,2
9128,55,5,50,2
9130,67,7,60,2
9131,54,5,49,2
9132,67,10,57,2
9133,48,3,45,2
9134,53,7,46,2
9136,60,6,54,2
9137,43,4,39,2
9139,64,5,59,2
9140,60,6,54,2
9141,48,2,46,2
9142,50,7,43,2
9143,64,4,60,2
9146,49,5,44,2
9147,59,6,53,2
9148,48,3,45,2
9149,47,3,44,2
9151,61,6,55,2
9152,39,9,30,2
9153,55,8,47,2
9154,68,5,63,2
9155,56,3,53,2
9156,53,3,50,2
9157,45,3,42,2
9159,56,4,52,2
9160,40,7,33,2
9161,49,7,42,2
9163,53,2,51,2
9164,46,7,39,2
9165,60,12,48,2
9166,61,11,50,2
9167,44,9,35,2
9168,62,4,58,2
9169,56,10,46,2
9170,54,8,46,2
9171,43,2,41,2
9172,58,8,50,2
9173,3,0,3,1
9174,58,6,52,2
9175,58,3,55,2
9176,63,7,56,2
9177,68,9,59,2
9178,50,44,6,2
9179,59,59,0,1
9180,51,3,48,2
9181,54,5,49,2
9183,2,2,0,1
9184,53,5,48,2
9186,47,5,42,2
9188,55,2,53,2
9189,54,3,51,2
9191,12,6,6,2
9192,49,5,44,2
9193,67,8,59,2
9195,65,63,2,2
9196,57,6,51,2
9199,13,13,0,1
9201,58,7,51,2
9202,61,4,57,2
9203,40,3,37,2
9204,53,10,43,2
9205,51,9,42,2
9206,52,6,46,2
9207,61,6,55,2
9210,68,7,61,2
9211,58,6,52,2
9213,43,0,43,1
9214,52,8,44,2
9216,61,8,53,2
9217,73,10,63,2
9219,46,6,40,2
9220,45,6,39,2
9221,49,7,42,2
9222,75,14,61,2
9223,57,8,49,2
9224,51,4,47,2
9225,61,9,52,2
9227,53,9,44,2
9228,60,11,49,2
9229,41,4,37,2
9230,2,2,0,1
9231,67,8,59,2
9232,65,4,61,2
9234,43,5,38,2
9235,7,1,6,2
9236,46,4,42,2
9237,59,5,54,2
9238,56,9,47,2
9239,55,7,48,2
9240,46,6,40,2
9241,52,5,47,2
9242,57,5,52,2
9243,56,5,51,2
9244,57,4,53,2
9245,47,7,40,2
9246,52,5,47,2
9247,61,7,54,2
9248,57,6,51,2
9249,66,10,56,2
9250,55,6,49,2
9251,63,5,58,2
9252,42,5,37,2
9254,835,835,0,1
9255,46,2,44,2
9256,59,9,50,2
9257,4,0,4,1
9258,54,10,44,2
9259,46,9,37,2
9260,6,4,2,2
9261,52,8,44,2
9262,58,4,54,2
9263,50,8,42,2
9264,53,7,46,2
9265,58,6,52,2
9266,38,6,32,2
9267,47,6,41,2
9268,57,4,53,2
9270,66,11,55,2
9271,56,3,53,2
9272,47,5,42,2
9273,61,7,54,2
9274,57,7,50,2
9275,52,4,48,2
9276,40,5,35,2
9277,48,4,44,2
9278,5,0,5,1
9279,1482,414,1068,2
9281,44,6,38,2
9282,9,0,9,1
9283,56,12,44,2
9284,55,10,45,2
9287,52,10,42,2
9288,42,5,37,2
9289,45,5,40,2
9291,47,5,42,2
9292,55,7,48,2
9294,24,7,17,2
9295,50,4,46,2
9296,52,1,51,2
9297,64,9,55,2
9299,47,11,36,2
9300,49,7,42,2
9301,67,9,58,2
9304,55,8,47,2
9305,64,7,57,2
9306,67,7,60,2
9308,49,46,3,2
9309,57,9,48,2
9311,59,5,54,2
9312,68,5,63,2
9313,63,10,53,2
9314,56,3,53,2
9316,95,95,0,1
9317,55,3,52,2
9318,70,8,62,2
9319,54,8,46,2
9321,62,7,55,2
9322,78,9,69,2
9324,39,5,34,2
9325,58,8,50,2
9326,57,12,45,2
9327,51,7,44,2
9328,12,12,0,1
9329,4,3,1,2
9330,51,9,42,2
9331,69,9,60,2
9332,54,7,47,2
9333,50,5,45,2
9334,54,8,46,2
9335,2,2,0,1
9336,54,5,49,2
9337,2,2,0,1
9338,12,11,1,2
9339,2,0,2,1
9340,48,2,46,2
9341,77,7,70,2
9342,62,8,54,2
9344,59,9,50,2
9345,59,4,55,2
9346,1,0,1,1
9350,250,223,27,2
9351,4,0,4,1
9352,57,9,48,2
9353,54,7,47,2
9354,8,1,7,2
9355,57,7,50,2
9356,62,7,55,2
9357,46,2,44,2
9358,57,6,51,2
9359,3,1,2,2
9360,54,4,50,2
9362,58,6,52,2
9363,46,46,0,1
9364,56,3,53,2
9366,49,7,42,2
9367,25,1,24,2
9368,48,5,43,2
9369,50,9,41,2
9370,51,5,46,2
9371,57,6,51,2
9372,44,5,39,2
9373,54,6,48,2
9374,62,11,51,2
9375,60,11,49,2
9377,61,7,54,2
9378,60,6,54,2
9379,59,8,51,2
9380,11,11,0,1
9381,42,5,37,2
9382,54,3,51,2
9383,59,4,55,2
9385,45,6,39,2
9387,46,5,41,2
9389,62,9,53,2
9390,64,7,57,2
9391,54,6,48,2
9392,57,0,57,1
9394,46,2,44,2
9395,2,1,1,2
9397,44,2,42,2
9398,56,4,52,2
9399,52,10,42,2
9400,54,12,42,2
9401,50,8,42,2
9403,66,5,61,2
9404,62,9,53,2
9406,13,0,13,1
9408,52,5,47,2
9409,60,3,57,2
9410,53,8,45,2
9413,126,125,1,2
9414,54,7,47,2
9416,62,7,55,2
9417,44,7,37,2
9418,3,0,3,1
9419,45,6,39,2
9420,9,5,4,2
9421,42,4,38,2
9423,64,11,53,2
9424,9,0,9,1
9425,43,8,35,2
9426,59,4,55,2
9427,51,8,43,2
9428,60,6,54,2
9429,63,6,57,2
9430,67,10,57,2
9432,50,8,42,2
9433,2,1,1,2
9435,2,1,1,2
9436,61,14,47,2
9437,67,9,58,2
9438,51,10,41,2
9439,2,2,0,1
9440,55,7,48,2
9441,48,6,42,2
9442,52,5,47,2
9443,57,5,52,2
9444,61,5,56,2
9445,63,12,51,2
9446,2,0,2,1
9447,65,7,58,2
9449,52,4,48,2
9450,61,8,53,2
9451,61,11,50,2
9452,50,4,46,2
9453,51,5,46,2
9454,44,3,41,2
9455,60,8,52,2
9456,49,5,44,2
9457,54,9,45,2
9461,61,3,58,2
9462,47,8,39,2
9463,60,8,52,2
9464,52,10,42,2
9465,40,22,18,2
9466,56,5,51,2
9467,48,6,42,2
9468,54,8,46,2
9469,42,6,36,2
9470,53,5,48,2
9472,49,8,41,2
9473,68,9,59,2
9474,51,14,37,2
9475,73,6,67,2
9476,2,0,2,1
9477,48,5,43,2
9478,50,47,3,2
9479,39,2,37,2
9480,54,6,48,2
9481,33,1,32,2
9482,5,0,5,1
9483,62,12,50,2
9484,41,5,36,2
9485,60,8,52,2
9486,3,3,0,1
9487,56,3,53,2
9489,57,4,53,2
9490,44,1,43,2
9491,1,0,1,1
9492,58,8,50,2
9493,51,6,45,2
9496,45,5,40,2
9497,40,3,37,2
9498,2,0,2,1
9499,41,3,38,2
9500,45,5,40,2
9501,51,7,44,2
9502,60,7,53,2
9503,59,4,55,2
9504,57,5,52,2
9505,48,3,45,2
9506,64,9,55,2
9507,61,14,47,2
9508,48,4,44,2
9509,43,5,38,2
9510,53,14,39,2
9511,55,4,51,2
9513,32,31,1,2
9515,44,6,38,2
9516,52,6,46,2
9517,56,8,48,2
9518,57,6,51,2
9520,64,8,56,2
9522,54,5,49,2
9523,46,6,40,2
9524,55,5,50,2
9525,54,5,49,2
9526,49,10,39,2
9527,54,10,44,2
9528,68,9,59,2
9529,64,6,58,2
9530,56,9,47,2
9533,57,9,48,2
9535,35,4,31,2
9536,62,5,57,2
9537,52,5,47,2
9538,83,70,13,2
9539,65,4,61,2
9541,4,2,2,2
9542,54,4,50,2
9543,5,1,4,2
9544,51,5,46,2
9546,52,5,47,2
9547,67,7,60,2
9548,6,1,5,2
9549,58,6,52,2
9550,51,5,46,2
9551,63,5,58,2
9553,65,6,59,2
9554,54,7,47,2
9555,66,2,64,2
9556,46,3,43,2
9558,68,9,59,2
9559,7,2,5,2
9560,54,6,48,2
9561,55,8,47,2
9562,51,4,47,2
9563,6,2,4,2
9564,48,7,41,2
9565,58,10,48,2
9568,58,7,51,2
9569,50,7,43,2
9570,1,1,0,1
9571,57,6,51,2
9572,45,4,41,2
9574,57,9,48,2
9575,55,13,42,2
9576,60,4,56,2
9577,63,9,54,2
9578,44,5,39,2
9580,66,11,55,2
9581,53,6,47,2
9582,62,6,56,2
9583,65,9,56,2
9584,44,6,38,2
9585,59,10,49,2
9586,47,4,43,2
9587,67,12,55,2
9588,42,0,42,1
9590,54,7,47,2
9591,58,3,55,2
9592,57,5,52,2
9596,49,6,43,2
9597,61,8,53,2
9598,59,6,53,2
9599,51,6,45,2
9601,56,8,48,2
9602,49,10,39,2
9603,121,116,5,2
9604,55,7,48,2
9605,52,6,46,2
9606,65,5,60,2
9607,58,6,52,2
9608,60,5,55,2
9609,136,130,6,2
9610,50,6,44,2
9611,52,3,49,2
9612,50,10,40,2
9613,54,8,46,2
9614,54,8,46,2
9615,39,4,35,2
9616,51,5,46,2
9617,50,6,44,2
9618,60,8,52,2
9619,44,7,37,2
9620,70,6,64,2
9621,8,8,0,1
9622,54,10,44,2
9623,56,4,52,2
9624,18,16,2,2
9625,46,3,43,2
9626,67,10,57,2
9627,51,5,46,2
9628,58,3,55,2
9629,55,10,45,2
9630,37,1,36,2
9632,54,4,50,2
9633,55,8,47,2
9634,60,4,56,2
9635,33,13,20,2
9636,54,5,49,2
9637,66,4,62,2
9638,57,6,51,2
9639,51,8,43,2
9640,55,5,50,2
9641,49,4,45,2
9642,63,10,53,2
9643,59,13,46,2
9646,48,7,41,2
9648,53,4,49,2
9649,46,6,40,2
9650,54,7,47,2
9651,55,6,49,2
9652,1,0,1,1
9653,55,9,46,2
9654,50,7,43,2
9655,56,6,50,2
9656,48,3,45,2
9657,57,2,55,2
9658,60,3,57,2
9659,68,11,57,2
9660,57,5,52,2
9661,57,9,48,2
9662,51,5,46,2
9665,48,2,46,2
9666,68,15,53,2
9667,1,0,1,1
9668,6,0,6,1
9669,26,25,1,2
9670,5,3,2,2
9671,46,4,42,2
9674,51,6,45,2
9675,48,5,43,2
9676,58,8,50,2
9677,47,4,43,2
9678,46,3,43,2
9679,52,9,43,2
9680,53,6,47,2
9681,73,6,67,2
9682,53,11,42,2
9683,48,5,43,2
9684,55,10,45,2
9685,53,7,46,2
9686,53,4,49,2
9687,40,8,32,2
9688,51,5,46,2
9690,44,3,41,2
9692,4,2,2,2
9693,54,9,45,2
9694,57,12,45,2
9696,47,6,41,2
9697,60,6,54,2
9698,48,5,43,2
9699,58,7,51,2
9700,58,7,51,2
9701,52,7,45,2
9702,49,5,44,2
9704,43,3,40,2
9705,47,5,42,2
9706,55,8,47,2
9707,49,4,45,2
9708,54,6,48,2
9709,49,5,44,2
9710,42,1,41,2
9711,59,9,50,2
9713,170,168,2,2
9714,58,6,52,2
9716,51,6,45,2
9717,60,6,54,2
9718,54,12,42,2
9719,40,6,34,2
9720,49,4,45,2
9721,60,14,46,2
9722,54,11,43,2
9723,58,9,49,2
9724,40,7,33,2
9725,6,1,5,2
9726,53,8,45,2
9727,61,5,56,2
9728,39,4,35,2
9729,80,9,71,2
9730,45,12,33,2
9731,65,8,57,2
9732,47,10,37,2
9734,50,6,44,2
9735,48,48,0,1
9737,52,6,46,2
9738,43,8,35,2
9739,52,5,47,2
9740,52,6,46,2
9741,55,7,48,2
9742,59,13,46,2
9743,52,6,46,2
9744,47,6,41,2
9745,61,5,56,2
9746,66,6,60,2
9747,61,8,53,2
9748,48,3,45,2
9749,44,10,34,2
9750,43,7,36,2
9751,51,5,46,2
9752,52,7,45,2
9753,66,9,57,2
9754,3,0,3,1
9755,65,7,58,2
9756,50,6,44,2
9758,59,8,51,2
9760,53,2,51,2
9761,53,5,48,2
9762,2,0,2,1
9763,72,7,65,2
9764,5,2,3,2
9765,61,9,52,2
9766,53,8,45,2
9768,57,8,49,2
9769,63,5,58,2
9770,44,6,38,2
9771,64,4,60,2
9772,47,3,44,2
9773,51,8,43,2
9775,53,4,49,2
9776,46,7,39,2
9778,42,7,35,2
9779,22,9,13,2
9780,68,5,63,2
9781,58,4,54,2
9782,1,1,0,1
9783,18,9,9,2
9784,53,6,47,2
9786,54,9,45,2
9787,58,9,49,2
9788,61,8,53,2
9789,44,3,41,2
9790,47,9,38,2
9791,41,3,38,2
9792,55,3,52,2
9793,4,3,1,2
9794,56,11,45,2
9796,45,4,41,2
9797,52,7,45,2
9798,31,30,1,2
9799,36,5,31,2
9801,55,7,48,2
9802,51,7,44,2
9803,52,6,46,2
9804,54,3,51,2
9806,62,6,56,2
9807,6,0,6,1
9808,54,6,48,2
9809,69,9,60,2
9810,46,2,44,2
9811,61,8,53,2
9812,60,8,52,2
9813,48,2,46,2
9814,51,7,44,2
9816,4,4,0,1
9817,46,8,38,2
9818,52,8,44,2
9819,57,9,48,2
9820,48,4,44,2
9821,40,20,20,2
9822,59,9,50,2
9823,60,6,54,2
9824,64,11,53,2
9825,55,9,46,2
9826,70,11,59,2
9827,2,0,2,1
9828,48,2,46,2
9829,52,10,42,2
9830,57,5,52,2
9832,7,0,7,1
9833,7,3,4,2
9835,63,5,58,2
9836,48,9,39,2
9837,27,24,3,2
9840,7,7,0,1
9841,54,7,47,2
9842,45,9,36,2
9843,43,5,38,2
9844,44,5,39,2
9845,54,5,49,2
9846,56,6,50,2
9847,44,3,41,2
9848,51,9,42,2
9849,49,6,43,2
9850,64,4,60,2
9851,46,4,42,2
9852,45,4,41,2
9853,6,4,2,2
9854,48,7,41,2
9855,44,4,40,2
9856,46,7,39,2
9857,45,2,43,2
9859,62,8,54,2
9860,1,0,1,1
9861,59,8,51,2
9862,59,11,48,2
9863,2,0,2,1
9864,42,10,32,2
9866,52,7,45,2
9867,53,4,49,2
9868,49,5,44,2
9871,49,5,44,2
9872,54,12,42,2
9873,35,4,31,2
9875,14,13,1,2
9876,35,5,30,2
9877,37,8,29,2
9878,53,5,48,2
9880,3,3,0,1
9881,2,0,2,1
9883,56,7,49,2
9884,62,12,50,2
9885,40,7,33,2
9887,54,7,47,2
9888,54,3,51,2
9889,4,4,0,1
9890,57,5,52,2
9891,40,6,34,2
9892,46,7,39,2
9894,64,7,57,2
9895,60,9,51,2
9896,50,7,43,2
9897,56,7,49,2
9898,60,4,56,2
9899,58,6,52,2
9900,53,6,47,2
9901,51,2,49,2
9902,46,5,41,2
9903,56,9,47,2
9904,51,6,45,2
9906,58,7,51,2
9908,3,1,2,2
9909,44,6,38,2
9910,53,5,48,2
9911,47,4,43,2
9912,56,5,51,2
9913,46,5,41,2
9914,55,6,49,2
9915,52,7,45,2
9917,1,0,1,1
9918,40,6,34,2
9919,59,9,50,2
9920,62,4,58,2
9921,60,5,55,2
9922,49,9,40,2
9923,46,8,38,2
9924,61,8,53,2
9925,59,10,49,2
9927,69,8,61,2
9929,53,6,47,2
9930,2,0,2,1
9931,43,11,32,2
9932,56,9,47,2
9933,11,10,1,2
9934,61,5,56,2
9935,59,11,48,2
9936,51,5,46,2
9937,46,7,39,2
9938,54,7,47,2
9939,58,6,52,2
9940,57,5,52,2
9942,57,3,54,2
9945,60,7,53,2
9946,58,10,48,2
9947,4,0,4,1
9949,20,20,0,1
9950,65,6,59,2
9951,53,5,48,2
9952,62,30,32,2
9954,3,1,2,2
9955,42,2,40,2
9956,61,9,52,2
9957,47,6,41,2
9958,58,5,53,2
9959,63,6,57,2
9960,62,3,59,2
9961,53,6,47,2
9962,46,6,40,2
9963,47,8,39,2
9965,47,6,41,2
9966,62,5,57,2
9967,64,7,57,2
9968,42,5,37,2
9970,40,1,39,2
9971,41,6,35,2
9972,3,0,3,1
9973,46,7,39,2
9975,4,0,4,1
9976,46,6,40,2
9977,37,1,36,2
9978,45,6,39,2
9979,47,1,46,2
9980,56,6,50,2
9981,1,0,1,1
9982,7,5,2,2
9985,62,7,55,2
9986,48,6,42,2
9987,55,8,47,2
9988,1,1,0,1
9991,48,5,43,2
9992,60,3,57,2
9993,57,9,48,2
9994,53,8,45,2
9995,61,5,56,2
9996,54,9,45,2
9997,60,4,56,2
9998,50,10,40,2
9999,47,6,41,2
10000,2,0,2,1
10001,52,7,45,2
10003,49,11,38,2
10005,44,7,37,2
10006,61,3,58,2
10007,84,13,71,2
10008,49,4,45,2
10010,52,6,46,2
10011,46,5,41,2
10013,59,7,52,2
10014,50,2,48,2
10015,56,7,49,2
10016,3,1,2,2
10017,53,7,46,2
10018,13,13,0,1
10019,52,9,43,2
10020,51,5,46,2
10021,57,3,54,2
10022,50,8,42,2
10024,54,6,48,2
10025,43,5,38,2
10026,47,5,42,2
10028,64,12,52,2
10030,60,11,49,2
10031,59,6,53,2
10032,61,5,56,2
10034,49,3,46,2
10035,57,9,48,2
10037,3,3,0,1
10038,63,3,60,2
10039,2,0,2,1
10040,56,5,51,2
10041,50,4,46,2
10042,43,4,39,2
10043,62,6,56,2
10044,36,3,33,2
10045,47,8,39,2
10046,59,5,54,2
10047,64,8,56,2
10048,47,3,44,2
10049,51,1,50,2
10050,64,7,57,2
10052,50,8,42,2
10053,57,6,51,2
10054,74,11,63,2
10055,48,4,44,2
10056,58,9,49,2
10057,40,8,32,2
10058,45,4,41,2
10059,52,8,44,2
10060,60,7,53,2
10061,53,6,47,2
10063,1,0,1,1
10064,10,7,3,2
10066,52,6,46,2
10067,59,11,48,2
10068,58,10,48,2
10069,51,4,47,2
10070,41,6,35,2
10071,41,1,40,2
10072,47,5,42,2
10073,57,7,50,2
10074,47,6,41,2
10076,57,8,49,2
10077,47,6,41,2
10078,55,4,51,2
10079,65,9,56,2
10080,54,9,45,2
10081,61,9,52,2
10082,5,3,2,2
10083,53,9,44,2
10084,44,4,40,2
10086,46,10,36,2
10087,45,5,40,2
10088,62,4,58,2
10089,79,9,70,2
10090,52,7,45,2
10091,1,0,1,1
10092,59,4,55,2
10093,56,8,48,2
10094,16,3,13,2
10095,56,8,48,2
10097,2,1,1,2
10098,46,8,38,2
10099,62,6,56,2
10100,54,8,46,2
10101,48,4,44,2
10102,48,6,42,2
10103,45,5,40,2
10104,67,7,60,2
10106,58,13,45,2
10107,57,6,51,2
10108,53,7,46,2
10110,46,7,39,2
10111,60,8,52,2
10112,68,10,58,2
10113,57,4,53,2
10114,53,9,44,2
10115,4,0,4,1
10116,52,7,45,2
10117,55,8,47,2
10118,20,20,0,1
10119,10,8,2,2
10120,29,28,1,2
10123,2,1,1,2
10124,56,5,51,2
10126,55,10,45,2
10127,61,6,55,2
10128,72,14,58,2
10129,59,8,51,2
10130,141,61,80,2
10131,56,5,51,2
10132,53,10,43,2
10133,41,3,38,2
10134,45,6,39,2
10135,39,4,35,2
10136,48,5,43,2
10137,59,5,54,2
10138,55,7,48,2
10139,67,5,62,2
10141,59,5,54,2
10142,46,5,41,2
10143,54,6,48,2
10144,61,12,49,2
10145,55,8,47,2
10146,4,0,4,1
10147,49,0,49,1
10148,43,5,38,2
10149,1870,2,1868,2
10150,62,5,57,2
10151,41,39,2,2
10152,1,0,1,1
10154,46,9,37,2
10155,53,7,46,2
10158,54,5,49,2
10159,59,7,52,2
10161,58,6,52,2
10162,46,8,38,2
10163,53,7,46,2
10164,53,6,47,2
10165,56,12,44,2
10168,67,9,58,2
10169,55,6,49,2
10170,56,6,50,2
10171,58,11,47,2
10172,51,4,47,2
10173,52,6,46,2
10174,61,5,56,2
10175,62,9,53,2
10176,48,7,41,2
10178,34,3,31,2
10179,53,6,47,2
10180,77,20,57,2
10181,65,7,58,2
10183,53,9,44,2
10184,64,16,48,2
10185,56,13,43,2
10186,63,11,52,2
10188,46,5,41,2
10189,1,0,1,1
10190,58,7,51,2
10191,59,6,53,2
10192,65,11,54,2
10193,40,8,32,2
10194,48,6,42,2
10195,57,10,47,2
10196,35,1,34,2
10197,49,5,44,2
10198,60,4,56,2
10199,46,5,41,2
10200,42,6,36,2
10201,63,6,57,2
10202,9,2,7,2
10203,53,2,51,2
10204,47,6,41,2
10205,54,5,49,2
10206,42,7,35,2
10207,1,1,0,1
10208,45,6,39,2
10209,57,10,47,2
10211,44,5,39,2
10213,64,7,57,2
10215,59,6,53,2
10216,52,1,51,2
10220,50,8,42,2
10221,70,9,61,2
10222,59,6,53,2
10223,66,11,55,2
10224,57,7,50,2
10225,41,41,0,1
10226,55,7,48,2
10227,52,6,46,2
10228,47,6,41,2
10229,64,9,55,2
10230,50,7,43,2
10231,57,9,48,2
10232,59,7,52,2
10234,1,0,1,1
10235,60,6,54,2
10236,68,7,61,2
10237,55,6,49,2
10238,2,0,2,1
10239,51,3,48,2
10240,2,1,1,2
10241,47,7,40,2
10242,1,0,1,1
10243,6,2,4,2
10244,52,6,46,2
10245,53,6,47,2
10246,46,5,41,2
10247,51,5,46,2
10248,56,6,50,2
10249,50,8,42,2
10250,43,6,37,2
10251,59,7,52,2
10253,57,12,45,2
10255,54,10,44,2
10256,51,3,48,2
10257,56,5,51,2
10258,43,1,42,2
10259,53,9,44,2
10260,52,5,47,2
10261,82,14,68,2
10262,67,9,58,2
10263,52,6,46,2
10264,69,11,58,2
10265,61,6,55,2
10266,52,7,45,2
10267,53,4,49,2
10268,64,7,57,2
10269,62,7,55,2
10270,60,11,49,2
10271,46,3,43,2
10272,48,9,39,2
10273,48,5,43,2
10274,56,9,47,2
10275,55,7,48,2
10276,49,6,43,2
10277,68,6,62,2
10279,59,4,55,2
10280,42,4,38,2
10281,64,8,56,2
10282,54,4,50,2
10283,56,9,47,2
10284,59,7,52,2
10285,53,5,48,2
10286,57,10,47,2
10287,56,6,50,2
10288,40,8,32,2
10289,38,5,33,2
10292,65,10,55,2
10294,31,0,31,1
10295,57,6,51,2
10296,64,7,57,2
10297,72,6,66,2
10298,146,144,2,2
10299,60,9,51,2
10302,49,6,43,2
10303,59,7,52,2
10304,49,2,47,2
10305,66,4,62,2
10306,54,5,49,2
10307,59,5,54,2
10308,382,333,49,2
10309,59,5,54,2
10310,52,7,45,2
10311,8,3,5,2
10314,53,5,48,2
10315,95,92,3,2
10316,54,7,47,2
10317,44,7,37,2
10318,47,7,40,2
10319,48,3,45,2
10320,56,8,48,2
10321,489,487,2,2
10323,46,2,44,2
10324,43,4,39,2
10326,8,2,6,2
10327,58,10,48,2
10328,48,7,41,2
10329,65,1,64,2
10330,58,5,53,2
10331,44,7,37,2
10332,26,0,26,1
10333,57,6,51,2
10334,5,1,4,2
10335,2,1,1,2
10336,59,7,52,2
10337,62,9,53,2
10338,8,2,6,2
10339,41,5,36,2
10341,65,7,58,2
10342,50,7,43,2
10343,60,3,57,2
10344,48,2,46,2
10345,52,7,45,2
10346,48,7,41,2
10347,67,10,57,2
10348,43,3,40,2
10349,45,8,37,2
10350,62,7,55,2
10351,2,0,2,1
10353,69,10,59,2
10354,59,10,49,2
10355,48,7,41,2
10356,50,5,45,2
10357,63,9,54,2
10359,57,9,48,2
10360,53,4,49,2
10361,55,6,49,2
10362,55,7,48,2
10363,1,0,1,1
10365,101,0,101,1
10366,45,4,41,2
10367,41,4,37,2
10369,58,4,54,2
10370,1,0,1,1
10371,53,4,49,2
10372,70,10,60,2
10373,62,9,53,2
10374,49,4,45,2
10376,58,9,49,2
10377,42,4,38,2
10378,50,8,42,2
10379,55,6,49,2
10381,58,6,52,2
10382,43,43,0,1
10383,41,2,39,2
10384,1,1,0,1
10385,44,3,41,2
10386,48,3,45,2
10387,54,5,49,2
10388,49,7,42,2
10389,58,10,48,2
10390,56,9,47,2
10391,7,0,7,1
10392,57,8,49,2
10394,58,5,53,2
10395,45,8,37,2
10396,53,9,44,2
10397,33,5,28,2
10398,66,6,60,2
10399,62,6,56,2
10401,59,13,46,2
10403,47,5,42,2
10404,50,6,44,2
10405,43,2,41,2
10406,53,6,47,2
10407,48,3,45,2
10408,48,5,43,2
10410,53,9,44,2
10411,53,4,49,2
10412,48,10,38,2
10413,46,1,45,2
10414,66,7,59,2
10415,33,31,2,2
10416,56,3,53,2
10417,1,1,0,1
10418,12,12,0,1
10419,63,6,57,2
10420,63,7,56,2
10421,61,10,51,2
10423,60,5,55,2
10424,70,5,65,2
10425,1,0,1,1
10427,46,5,41,2
10429,55,11,44,2
10430,60,5,55,2
10431,56,4,52,2
10432,1,0,1,1
10433,1,1,0,1
10434,47,7,40,2
10435,46,6,40,2
10436,57,11,46,2
10437,43,4,39,2
10438,42,6,36,2
10439,64,3,61,2
10440,63,5,58,2
10441,51,6,45,2
10442,39,0,39,1
10443,57,8,49,2
10444,61,6,55,2
10445,3,0,3,1
10449,63,5,58,2
10450,56,10,46,2
10451,63,8,55,2
10453,62,8,54,2
10454,62,8,54,2
10455,61,14,47,2
10456,49,6,43,2
10457,56,5,51,2
10458,63,15,48,2
10460,49,6,43,2
10461,61,7,54,2
10462,54,8,46,2
10463,62,5,57,2
10465,69,11,58,2
10466,49,9,40,2
10467,59,4,55,2
10468,54,6,48,2
10469,10,2,8,2
10470,52,4,48,2
10471,62,5,57,2
10472,74,9,65,2
10475,55,10,45,2
10476,16,15,1,2
10477,25,24,1,2
10478,48,8,40,2
10479,51,4,47,2
10480,51,6,45,2
10484,56,9,47,2
10485,57,8,49,2
10486,47,8,39,2
10488,60,8,52,2
10489,12,12,0,1
10491,56,4,52,2
10492,70,9,61,2
10495,56,6,50,2
10496,48,2,46,2
10497,52,5,47,2
10498,9,0,9,1
10499,56,8,48,2
10500,53,3,50,2
10501,41,7,34,2
10502,43,6,37,2
10503,57,8,49,2
10505,43,4,39,2
10508,65,10,55,2
10510,49,8,41,2
10511,51,6,45,2
10512,70,8,62,2
10514,50,10,40,2
10515,61,3,58,2
10516,41,6,35,2
10517,59,12,47,2
10518,73,10,63,2
10519,41,8,33,2
10520,47,4,43,2
10522,52,9,43,2
10523,1,0,1,1
10524,55,6,49,2
10525,50,4,46,2
10526,49,9,40,2
10527,53,8,45,2
10528,61,8,53,2
10529,45,7,38,2
10530,57,12,45,2
10531,50,4,46,2
10532,57,8,49,2
10533,18,11,7,2
10534,59,7,52,2
10535,1,0,1,1
10536,54,10,44,2
10537,22,21,1,2
10538,53,4,49,2
10539,43,6,37,2
10540,59,3,56,2
10541,2,2,0,1
10542,49,7,42,2
10543,50,9,41,2
10545,56,7,49,2
10547,52,12,40,2
10548,53,9,44,2
10549,69,13,56,2
10550,60,10,50,2
10551,52,7,45,2
10552,50,5,45,2
10553,55,3,52,2
10554,50,8,42,2
10556,49,5,44,2
10557,52,6,46,2
10558,53,8,45,2
10559,54,7,47,2
10560,56,7,49,2
10562,49,5,44,2
10565,59,7,52,2
10566,51,9,42,2
10568,49,6,43,2
10569,45,5,40,2
10570,45,5,40,2
10572,50,6,44,2
10573,6,2,4,2
10575,46,6,40,2
10576,51,1,50,2
10577,55,8,47,2
10578,18,12,6,2
10579,61,7,54,2
10580,49,5,44,2
10582,2,0,2,1
10583,46,6,40,2
10584,53,8,45,2
10588,52,7,45,2
10589,57,9,48,2
10590,47,6,41,2
10592,45,4,41,2
10593,51,5,46,2
10594,54,9,45,2
10595,51,6,45,2
10597,42,21,21,2
10598,50,7,43,2
10600,56,9,47,2
10601,62,2,60,2
10602,52,6,46,2
10603,49,4,45,2
10604,56,5,51,2
10605,6,3,3,2
10606,41,6,35,2
10607,45,9,36,2
10608,50,7,43,2
10610,53,7,46,2
10611,58,2,56,2
10612,69,6,63,2
10613,52,3,49,2
10614,59,9,50,2
10616,45,8,37,2
10617,57,7,50,2
10618,50,2,48,2
10619,55,3,52,2
10620,48,9,39,2
10621,74,7,67,2
10622,65,11,54,2
10623,55,11,44,2
10624,51,9,42,2
10625,48,6,42,2
10626,48,6,42,2
10627,54,7,47,2
10628,55,11,44,2
10629,53,6,47,2
10630,42,5,37,2
10631,56,5,51,2
10632,67,7,60,2
10634,62,7,55,2
10635,60,9,51,2
10636,43,5,38,2
10637,56,6,50,2
10639,60,8,52,2
10640,48,4,44,2
10641,59,5,54,2
10642,31,30,1,2
10643,60,9,51,2
10644,63,6,57,2
10646,59,9,50,2
10647,53,3,50,2
10648,45,8,37,2
10649,53,3,50,2
10651,53,8,45,2
10652,57,8,49,2
10654,59,7,52,2
10655,588,588,0,1
10656,49,7,42,2
10657,51,8,43,2
10659,58,6,52,2
10660,45,5,40,2
10661,47,3,44,2
10662,56,3,53,2
10663,50,10,40,2
10664,54,8,46,2
10665,50,6,44,2
10666,59,8,51,2
10667,67,11,56,2
10668,54,9,45,2
10669,54,47,7,2
10670,116,49,67,2
10671,55,3,52,2
10672,58,9,49,2
10673,23,21,2,2
10674,40,2,38,2
10675,1,1,0,1
10676,57,6,51,2
10677,61,8,53,2
10678,55,4,51,2
10679,59,9,50,2
10680,55,8,47,2
10681,49,3,46,2
10682,57,9,48,2
10683,26,26,0,1
10685,53,10,43,2
10687,44,4,40,2
10688,60,9,51,2
10689,120,120,0,1
10690,47,4,43,2
10691,66,6,60,2
10692,70,9,61,2
10693,1,1,0,1
10694,57,5,52,2
10695,61,7,54,2
10696,49,7,42,2
10697,52,8,44,2
10699,4,3,1,2
10701,54,9,45,2
10702,62,5,57,2
10703,58,5,53,2
10707,49,6,43,2
10708,51,9,42,2
10709,61,8,53,2
10710,48,4,44,2
10712,65,6,59,2
10714,58,5,53,2
10715,62,8,54,2
10716,47,5,42,2
10717,46,5,41,2
10718,49,7,42,2
10719,61,7,54,2
10720,53,5,48,2
10725,61,5,56,2
10727,55,4,51,2
10728,62,7,55,2
10729,34,2,32,2
10730,44,6,38,2
10731,1,1,0,1
10732,54,9,45,2
10733,46,5,41,2
10734,52,9,43,2
10735,58,9,49,2
10737,50,12,38,2
10738,50,5,45,2
10739,56,7,49,2
10741,59,3,56,2
10746,55,9,46,2
10748,17,13,4,2
10749,2,0,2,1
10750,65,8,57,2
10751,50,1,49,2
10752,61,7,54,2
10754,2,1,1,2
10755,53,8,45,2
10756,46,5,41,2
10757,64,7,57,2
10758,38,3,35,2
10759,69,10,59,2
10760,43,6,37,2
10761,75,8,67,2
10763,52,5,47,2
10764,47,6,41,2
10765,60,7,53,2
10766,389,388,1,2
10767,56,11,45,2
10768,64,10,54,2
10769,62,10,52,2
10770,68,4,64,2
10771,61,11,50,2
10772,4,0,4,1
10773,57,6,51,2
10775,2,1,1,2
10776,53,8,45,2
10777,53,5,48,2
10778,55,3,52,2
10779,60,7,53,2
10780,10,7,3,2
10781,13,10,3,2
10782,60,7,53,2
10783,53,9,44,2
10784,63,0,63,1
10785,66,8,58,2
10787,46,10,36,2
10788,60,9,51,2
10789,50,9,41,2
10790,55,5,50,2
10791,54,5,49,2
10793,50,9,41,2
10794,63,10,53,2
10795,50,11,39,2
10796,19,8,11,2
10797,35,3,32,2
10798,2,1,1,2
10800,43,6,37,2
10801,45,5,40,2
10803,59,9,50,2
10804,50,3,47,2
10805,52,6,46,2
10806,48,4,44,2
10807,1,0,1,1
10809,53,6,47,2
10810,53,2,51,2
10811,56,4,52,2
10813,62,11,51,2
10814,60,5,55,2
10815,48,7,41,2
10816,58,7,51,2
10817,59,5,54,2
10818,56,4,52,2
10819,1,1,0,1
10820,46,3,43,2
10821,61,6,55,2
10822,42,5,37,2
10823,55,6,49,2
10824,43,4,39,2
10825,41,5,36,2
10827,47,8,39,2
10829,65,6,59,2
10830,49,10,39,2
10831,48,5,43,2
10832,19,0,19,1
10834,9,0,9,1
10835,64,5,59,2
10836,54,7,47,2
10837,45,4,41,2
10838,46,2,44,2
10839,68,5,63,2
10840,58,4,54,2
10841,64,7,57,2
10842,46,6,40,2
10843,65,8,57,2
10845,53,10,43,2
10846,54,7,47,2
10847,43,5,38,2
10848,65,12,53,2
10849,48,10,38,2
10850,56,7,49,2
10851,63,7,56,2
10852,64,3,61,2
10853,51,9,42,2
10854,55,10,45,2
10856,47,3,44,2
10858,61,8,53,2
10861,38,9,29,2
10863,70,6,64,2
10864,64,7,57,2
10866,46,6,40,2
10867,53,9,44,2
10868,53,5,48,2
10870,67,13,54,2
10871,47,6,41,2
10872,57,8,49,2
10873,66,6,60,2
10874,50,9,41,2
10875,58,8,50,2
10876,58,7,51,2
10877,55,7,48,2
10878,51,5,46,2
10879,57,6,51,2
10880,66,10,56,2
10881,49,5,44,2
10882,66,4,62,2
10883,52,8,44,2
10884,59,11,48,2
10885,11,9,2,2
10888,42,8,34,2
10889,61,5,56,2
10890,66,10,56,2
10891,44,4,40,2
10892,48,4,44,2
10893,46,5,41,2
10894,63,6,57,2
10895,53,7,46,2
10896,52,11,41,2
10897,39,5,34,2
10898,64,9,55,2
10900,58,5,53,2
10901,47,2,45,2
10902,57,5,52,2
10903,214,197,17,2
10904,56,6,50,2
10905,55,7,48,2
10906,46,8,38,2
10907,2,2,0,1
10908,2,0,2,1
10909,49,10,39,2
10910,48,8,40,2
10911,48,9,39,2
10912,62,3,59,2
10913,58,7,51,2
10915,61,13,48,2
10917,63,5,58,2
10919,45,8,37,2
10920,57,6,51,2
10921,58,7,51,2
10924,65,12,53,2
10925,46,8,38,2
10926,47,6,41,2
10927,60,4,56,2
10929,61,6,55,2
10931,57,12,45,2
10932,49,2,47,2
10933,50,7,43,2
10934,51,7,44,2
10935,66,3,63,2
10936,1,0,1,1
10937,1,1,0,1
10938,52,4,48,2
10939,54,8,46,2
10940,1,0,1,1
10941,50,6,44,2
10942,76,36,40,2
10943,51,6,45,2
10944,63,5,58,2
10945,46,4,42,2
10946,50,7,43,2
10947,55,8,47,2
10948,59,6,53,2
10950,59,4,55,2
10951,2,0,2,1
10952,9,9,0,1
10953,54,9,45,2
10954,57,5,52,2
10955,56,8,48,2
10957,46,6,40,2
10958,45,4,41,2
10960,43,5,38,2
10961,53,7,46,2
10963,54,8,46,2
10965,48,7,41,2
10966,65,3,62,2
10968,45,5,40,2
10969,43,4,39,2
10970,52,9,43,2
10971,59,8,51,2
10972,52,5,47,2
10973,52,6,46,2
10974,58,6,52,2
10975,52,3,49,2
10976,57,9,48,2
10978,37,1,36,2
10979,14,0,14,1
10980,51,10,41,2
10981,54,3,51,2
10983,52,4,48,2
10984,2,2,0,1
10985,41,2,39,2
10986,51,9,42,2
10987,51,5,46,2
10989,177,177,0,1
10990,56,9,47,2
10991,57,9,48,2
10992,26,26,0,1
10993,52,6,46,2
10994,63,7,56,2
10997,54,6,48,2
10998,50,3,47,2
10999,42,5,37,2
11000,53,7,46,2
11001,49,7,42,2
11002,60,4,56,2
11003,46,8,38,2
11004,56,4,52,2
11005,69,6,63,2
11006,67,5,62,2
11007,51,8,43,2
11008,54,2,52,2
11009,54,7,47,2
11010,50,5,45,2
11011,60,6,54,2
11012,56,5,51,2
11013,66,5,61,2
11014,57,6,51,2
11016,51,6,45,2
11017,6,0,6,1
11018,51,6,45,2
11019,49,9,40,2
11022,6,4,2,2
11023,13,6,7,2
11024,44,4,40,2
11025,58,5,53,2
11026,47,4,43,2
11027,2,1,1,2
11029,61,7,54,2
11030,48,7,41,2
11031,43,5,38,2
11032,13,13,0,1
11033,52,4,48,2
11034,20,20,0,1
11035,3,1,2,2
11036,49,6,43,2
11037,66,5,61,2
11038,62,6,56,2
11039,57,7,50,2
11041,54,7,47,2
11042,48,7,41,2
11043,59,9,50,2
11044,53,9,44,2
11048,53,5,48,2
11049,53,6,47,2
11050,55,3,52,2
11052,56,6,50,2
11053,58,8,50,2
11054,47,3,44,2
11055,48,7,41,2
11056,49,12,37,2
11057,47,5,42,2
11058,64,5,59,2
11059,66,6,60,2
11060,47,6,41,2
11062,64,12,52,2
11063,54,7,47,2
11065,44,9,35,2
11066,45,4,41,2
11067,61,8,53,2
11068,44,5,39,2
11069,58,2,56,2
11070,53,4,49,2
11072,55,6,49,2
11073,51,4,47,2
11074,4,1,3,2
11076,55,6,49,2
11078,47,6,41,2
11079,61,8,53,2
11080,44,2,42,2
11081,51,6,45,2
11082,53,7,46,2
11083,1,0,1,1
11084,52,4,48,2
11085,63,5,58,2
11087,56,7,49,2
11089,69,7,62,2
11091,56,9,47,2
11092,45,11,34,2
11093,1,1,0,1
11094,37,2,35,2
11095,6,0,6,1
11096,59,10,49,2
11097,59,9,50,2
11098,59,8,51,2
11101,31,31,0,1
11102,54,12,42,2
11103,56,7,49,2
11104,47,2,45,2
11105,63,4,59,2
11106,54,5,49,2
11107,2,2,0,1
11108,58,6,52,2
11109,48,6,42,2
11111,62,7,55,2
11112,71,12,59,2
11113,17,0,17,1
11114,66,9,57,2
11115,53,6,47,2
11116,54,8,46,2
11117,53,6,47,2
11118,48,6,42,2
11119,65,6,59,2
11120,54,4,50,2
11121,10,10,0,1
11122,52,3,49,2
11123,57,10,47,2
11124,57,10,47,2
11125,59,2,57,2
11127,48,6,42,2
11128,51,5,46,2
11129,54,7,47,2
11131,69,3,66,2
11132,52,6,46,2
11133,40,5,35,2
11134,7,6,1,2
11136,44,7,37,2
11137,55,8,47,2
11139,52,7,45,2
11140,45,4,41,2
11141,50,8,42,2
11143,37,34,3,2
11144,48,13,35,2
11146,53,4,49,2
11147,50,4,46,2
11148,57,7,50,2
11150,49,5,44,2
11151,56,6,50,2
11153,49,6,43,2
11155,61,2,59,2
11156,51,6,45,2
11158,7,4,3,2
11159,30,0,30,1
11161,51,5,46,2
11162,67,9,58,2
11163,48,4,44,2
11164,62,6,56,2
11165,48,10,38,2
11166,65,3,62,2
11167,74,9,65,2
11168,52,7,45,2
11169,51,9,42,2
11170,21,4,17,2
11171,55,5,50,2
11172,61,6,55,2
11173,56,5,51,2
11174,1,0,1,1
11175,5,0,5,1
11176,57,2,55,2
11178,54,8,46,2
11180,58,7,51,2
11181,51,4,47,2
11182,2,0,2,1
11183,57,7,50,2
11184,54,6,48,2
11185,53,4,49,2
11186,50,7,43,2
11187,52,7,45,2
11188,39,1,38,2
11189,54,1,53,2
11190,52,6,46,2
11192,43,6,37,2
11193,60,4,56,2
11194,50,5,45,2
11196,46,3,43,2
11197,54,6,48,2
11198,41,9,32,2
11199,55,6,49,2
11200,4,1,3,2
11201,61,10,51,2
11202,45,7,38,2
11203,63,11,52,2
11204,47,3,44,2
11205,60,9,51,2
11208,16,0,16,1
11209,52,4,48,2
11210,75,65,10,2
11211,54,2,52,2
11212,54,7,47,2
11213,52,4,48,2
11214,65,8,57,2
11215,60,0,60,1
11218,56,6,50,2
11219,54,6,48,2
11220,48,4,44,2
11221,52,7,45,2
11222,50,5,45,2
11223,53,5,48,2
11224,44,6,38,2
11225,56,4,52,2
11229,67,9,58,2
11230,65,4,61,2
11231,51,7,44,2
11232,45,5,40,2
11233,59,7,52,2
11234,52,5,47,2
11235,58,4,54,2
11236,4,2,2,2
11237,51,6,45,2
11238,48,7,41,2
11239,66,9,57,2
11240,56,8,48,2
11241,58,9,49,2
11242,58,8,50,2
11243,59,9,50,2
11244,56,7,49,2
11245,52,3,49,2
11247,61,4,57,2
11248,42,7,35,2
11249,65,8,57,2
11252,51,10,41,2
11253,57,1,56,2
11254,56,8,48,2
11255,54,47,7,2
11256,54,13,41,2
11257,55,4,51,2
11258,66,12,54,2
11259,52,8,44,2
11261,62,8,54,2
11262,55,6,49,2
11263,51,4,47,2
11264,58,9,49,2
11265,37,3,34,2
11267,45,4,41,2
11268,61,6,55,2
11269,43,4,39,2
11270,62,10,52,2
11273,54,6,48,2
11274,64,7,57,2
11275,59,4,55,2
11276,56,8,48,2
11277,62,6,56,2
11278,51,4,47,2
11279,56,7,49,2
11280,65,8,57,2
11281,50,5,45,2
11282,46,7,39,2
11283,50,8,42,2
11284,62,8,54,2
11286,44,7,37,2
11288,51,6,45,2
11289,52,9,43,2
11291,50,3,47,2
11294,62,5,57,2
11295,51,5,46,2
11296,55,2,53,2
11298,51,6,45,2
11300,57,5,52,2
11302,40,4,36,2
11303,54,4,50,2
11304,58,7,51,2
11305,47,5,42,2
11306,55,7,48,2
11307,47,7,40,2
11308,55,6,49,2
11309,50,6,44,2
11310,64,11,53,2
11311,48,8,40,2
11312,64,8,56,2
11313,44,11,33,2
11315,50,7,43,2
11316,45,3,42,2
11318,53,9,44,2
11319,48,4,44,2
11320,48,6,42,2
11321,62,5,57,2
11322,50,9,41,2
11323,58,13,45,2
11324,47,5,42,2
11325,65,9,56,2
11326,4,4,0,1
11328,125,125,0,1
11329,55,5,50,2
11330,60,5,55,2
11332,62,8,54,2
11333,28,27,1,2
11334,6,3,3,2
11335,54,2,52,2
11336,59,5,54,2
11337,54,10,44,2
11339,53,5,48,2
11340,53,6,47,2
11341,5,5,0,1
11342,56,8,48,2
11345,57,5,52,2
11346,65,6,59,2
11349,52,7,45,2
11350,56,15,41,2
11351,78,10,68,2
11352,59,9,50,2
11354,55,11,44,2
11355,49,4,45,2
11356,1,1,0,1
11357,48,8,40,2
11358,56,8,48,2
11359,1,1,0,1
11361,61,4,57,2
11362,60,4,56,2
11364,51,8,43,2
11365,38,38,0,1
11366,59,7,52,2
11367,67,5,62,2
11368,68,7,61,2
11369,46,8,38,2
11370,64,8,56,2
11371,49,3,46,2
11372,54,6,48,2
11373,63,8,55,2
11374,42,6,36,2
11375,34,2,32,2
11376,56,9,47,2
11377,35,5,30,2
11378,64,5,59,2
11379,45,3,42,2
11380,1,1,0,1
11381,75,9,66,2
11382,51,12,39,2
11383,64,12,52,2
11384,52,6,46,2
11385,61,6,55,2
11387,62,7,55,2
11388,3,1,2,2
11390,37,3,34,2
11391,50,11,39,2
11392,7,1,6,2
11393,62,8,54,2
11394,52,8,44,2
11396,57,7,50,2
11397,50,7,43,2
11398,63,5,58,2
11399,67,8,59,2
11400,49,5,44,2
11402,60,5,55,2
11403,69,5,64,2
11404,46,5,41,2
11405,69,6,63,2
11407,53,5,48,2
11408,58,7,51,2
11409,50,6,44,2
11412,58,5,53,2
11413,62,6,56,2
11414,7,1,6,2
11415,63,9,54,2
11417,66,5,61,2
11418,2,1,1,2
11419,70,11,59,2
11420,9,6,3,2
11422,54,5,49,2
11423,59,5,54,2
11424,55,6,49,2
11425,7,0,7,1
11426,51,4,47,2
11428,52,9,43,2
11429,56,6,50,2
11431,48,3,45,2
11432,6,1,5,2
11433,55,8,47,2
11434,10,5,5,2
11435,57,8,49,2
11436,56,6,50,2
11437,58,11,47,2
11438,65,0,65,1
11439,56,6,50,2
11440,1,0,1,1
11441,55,8,47,2
11442,53,7,46,2
11443,53,5,48,2
11444,52,3,49,2
11445,43,3,40,2
11446,50,11,39,2
11447,46,5,41,2
11448,44,6,38,2
11450,56,11,45,2
11451,49,6,43,2
11453,46,4,42,2
11454,59,6,53,2
11455,55,10,45,2
11456,42,5,37,2
11457,37,3,34,2
11458,54,8,46,2
11459,55,8,47,2
11460,58,7,51,2
11461,58,7,51,2
11462,62,8,54,2
11463,64,11,53,2
11464,48,4,44,2
11465,59,7,52,2
11466,22,22,0,1
11467,44,6,38,2
11468,49,4,45,2
11470,46,4,42,2
11471,62,6,56,2
11472,68,5,63,2
11473,58,7,51,2
11475,2,0,2,1
11476,56,9,47,2
11477,62,9,53,2
11478,64,9,55,2
11479,57,6,51,2
11481,66,5,61,2
11484,6,3,3,2
11486,5,0,5,1
11487,46,5,41,2
11488,40,7,33,2
11489,46,6,40,2
11491,4,0,4,1
11492,52,7,45,2
11493,55,11,44,2
11494,57,5,52,2
11497,51,9,42,2
11498,4,0,4,1
11499,50,6,44,2
11500,13,5,8,2
11501,59,4,55,2
11504,67,8,59,2
11505,51,5,46,2
11509,49,5,44,2
11510,48,9,39,2
11512,54,6,48,2
11513,52,9,43,2
11514,42,4,38,2
11515,54,6,48,2
11516,44,4,40,2
11517,55,6,49,2
11518,43,10,33,2
11519,48,6,42,2
11520,55,9,46,2
11521,56,6,50,2
11522,78,10,68,2
11523,57,10,47,2
11524,1,0,1,1
11525,51,7,44,2
11527,52,8,44,2
11528,54,10,44,2
11529,125,125,0,1
11530,58,5,53,2
11532,54,8,46,2
11533,65,9,56,2
11534,43,7,36,2
11535,58,7,51,2
11536,51,6,45,2
11537,47,8,39,2
11538,50,7,43,2
11539,53,4,49,2
11541,53,7,46,2
11542,1,0,1,1
11544,49,7,42,2
11545,45,5,40,2
11546,49,7,42,2
11547,42,6,36,2
11549,45,13,32,2
11550,35,23,12,2
11551,46,1,45,2
11552,1,0,1,1
11553,47,4,43,2
11554,57,8,49,2
11555,50,4,46,2
11557,45,6,39,2
11558,51,5,46,2
11559,73,5,68,2
11560,47,4,43,2
11561,51,4,47,2
11562,50,8,42,2
11563,53,10,43,2
11564,63,7,56,2
11565,1,0,1,1
11566,48,6,42,2
11567,57,3,54,2
11568,68,8,60,2
11569,57,6,51,2
11570,60,9,51,2
11571,50,9,41,2
11572,40,6,34,2
11573,4,1,3,2
11574,54,9,45,2
11575,50,5,45,2
11576,46,3,43,2
11577,39,6,33,2
11578,65,7,58,2
11581,4,0,4,1
11582,53,6,47,2
11583,41,6,35,2
11585,46,2,44,2
11586,53,6,47,2
11587,50,3,47,2
11588,11,5,6,2
11590,4,4,0,1
11592,2,0,2,1
11593,60,3,57,2
11595,40,6,34,2
11596,51,2,49,2
11597,3,2,1,2
11598,61,6,55,2
11599,62,6,56,2
11600,63,8,55,2
11601,57,7,50,2
11602,61,10,51,2
11603,4,0,4,1
11605,53,5,48,2
11606,60,8,52,2
11607,64,6,58,2
11608,58,9,49,2
11609,48,5,43,2
11611,1,1,0,1
11612,52,4,48,2
11613,60,10,50,2
11614,48,10,38,2
11615,52,6,46,2
11616,51,6,45,2
11617,1,0,1,1
11618,72,6,66,2
11619,47,4,43,2
11620,59,2,57,2
11621,56,7,49,2
11622,21,17,4,2
11623,54,8,46,2
11624,62,8,54,2
11625,28,23,5,2
11626,6,3,3,2
11627,67,9,58,2
11628,51,2,49,2
11629,62,8,54,2
11631,59,5,54,2
11632,49,6,43,2
11633,61,8,53,2
11634,53,7,46,2
11635,50,4,46,2
11636,62,5,57,2
11638,61,5,56,2
11640,63,4,59,2
11641,48,4,44,2
11642,47,6,41,2
11643,41,40,1,2
11644,67,7,60,2
11648,57,6,51,2
11649,57,8,49,2
11650,55,11,44,2
11651,17,17,0,1
11653,50,5,45,2
11654,7,0,7,1
11655,53,9,44,2
11656,55,5,50,2
11657,52,1,51,2
11658,53,6,47,2
11659,57,7,50,2
11660,53,2,51,2
11662,54,7,47,2
11663,54,9,45,2
11664,50,3,47,2
11665,50,3,47,2
11666,55,4,51,2
11668,26,15,11,2
11669,63,10,53,2
11670,34,6,28,2
11671,63,4,59,2
11672,54,6,48,2
11673,50,6,44,2
11674,22,21,1,2
11675,49,7,42,2
11677,50,47,3,2
11678,49,6,43,2
11679,57,6,51,2
11680,48,5,43,2
11681,61,5,56,2
11682,67,11,56,2
11683,64,6,58,2
11684,56,5,51,2
11685,67,9,58,2
11686,54,9,45,2
11688,1,1,0,1
11689,48,6,42,2
11690,59,8,51,2
11691,51,6,45,2
11693,49,4,45,2
11694,64,6,58,2
11695,58,4,54,2
11696,46,4,42,2
11697,44,8,36,2
11698,52,2,50,2
11700,48,7,41,2
11701,65,10,55,2
11702,59,12,47,2
11703,42,5,37,2
11704,59,10,49,2
11705,55,7,48,2
11706,60,7,53,2
11707,49,2,47,2
11708,44,43,1,2
11709,60,10,50,2
11710,52,5,47,2
11711,52,4,48,2
11712,48,0,48,1
11713,54,2,52,2
11714,54,2,52,2
11715,54,7,47,2
11716,45,6,39,2
11717,54,5,49,2
11718,53,6,47,2
11719,62,8,54,2
11720,5,4,1,2
11721,48,9,39,2
11722,49,12,37,2
11723,55,5,50,2
11725,62,3,59,2
11726,54,6,48,2
11727,54,8,46,2
11728,60,8,52,2
11729,60,2,58,2
11730,54,5,49,2
11731,52,7,45,2
11732,57,8,49,2
11733,44,7,37,2
11734,60,8,52,2
11735,1,1,0,1
11736,48,5,43,2
11737,44,7,37,2
11738,47,8,39,2
11739,66,10,56,2
11740,58,9,49,2
11741,10,0,10,1
11742,59,8,51,2
11743,52,8,44,2
11744,56,5,51,2
11745,67,6,61,2
11747,48,6,42,2
11749,57,14,43,2
11750,63,9,54,2
11751,50,7,43,2
11752,44,6,38,2
11753,50,8,42,2
11754,56,6,50,2
11756,44,4,40,2
11757,50,7,43,2
11759,16,0,16,1
11760,62,7,55,2
11761,49,5,44,2
11762,54,8,46,2
11763,55,9,46,2
11764,45,3,42,2
11765,69,8,61,2
11766,3,3,0,1
11767,51,5,46,2
11768,60,8,52,2
11769,12,1,11,2
11770,58,3,55,2
11771,58,6,52,2
11772,2,2,0,1
11774,53,13,40,2
11775,54,1,53,2
11776,51,8,43,2
11777,61,4,57,2
11778,60,5,55,2
11780,59,7,52,2
11781,56,9,47,2
11782,61,8,53,2
11783,1,1,0,1
11785,7,4,3,2
11786,71,5,66,2
11787,71,11,60,2
11788,66,10,56,2
11789,66,11,55,2
11790,52,4,48,2
11792,2,0,2,1
11793,54,5,49,2
11794,4,2,2,2
11795,1,1,0,1
11796,44,4,40,2
11797,49,7,42,2
11798,52,6,46,2
11799,57,5,52,2
11800,59,3,56,2
11801,4,1,3,2
11803,52,5,47,2
11804,51,7,44,2
11805,60,7,53,2
11806,57,6,51,2
11807,57,9,48,2
11808,62,5,57,2
11809,48,6,42,2
11810,47,47,0,1
11811,1,1,0,1
11812,49,9,40,2
11813,61,9,52,2
11814,63,8,55,2
11816,18,15,3,2
11817,54,8,46,2
11818,54,7,47,2
11819,58,6,52,2
11820,47,2,45,2
11821,55,8,47,2
11822,50,8,42,2
11823,38,2,36,2
11824,58,5,53,2
11825,62,8,54,2
11826,63,9,54,2
11827,44,6,38,2
11828,58,5,53,2
11829,65,6,59,2
11830,58,6,52,2
11832,57,5,52,2
11833,54,9,45,2
11834,55,5,50,2
11835,58,4,54,2
11836,3,0,3,1
11838,50,6,44,2
11839,48,8,40,2
11840,65,9,56,2
11841,59,6,53,2
11842,57,8,49,2
11843,70,8,62,2
11844,51,4,47,2
11845,54,9,45,2
11846,55,6,49,2
11847,46,4,42,2
11848,56,3,53,2
11849,51,6,45,2
11850,68,6,62,2
11851,63,7,56,2
11852,47,6,41,2
11853,57,7,50,2
11854,58,10,48,2
11855,56,10,46,2
11858,61,9,52,2
11859,56,8,48,2
11861,51,11,40,2
11862,47,5,42,2
11863,61,7,54,2
11864,60,8,52,2
11865,9,0,9,1
11867,59,3,56,2
11868,54,10,44,2
11869,52,4,48,2
11870,54,7,47,2
11871,39,8,31,2
11872,40,4,36,2
11873,67,5,62,2
11874,55,8,47,2
11876,10,10,0,1
11877,53,8,45,2
11881,48,5,43,2
11882,2,1,1,2
11883,71,9,62,2
11886,50,5,45,2
11887,9,1,8,2
11889,57,5,52,2
11892,1,1,0,1
11894,58,4,54,2
11897,54,6,48,2
11898,55,10,45,2
11899,58,5,53,2
11900,54,10,44,2
11902,50,2,48,2
11904,56,6,50,2
11905,54,11,43,2
11906,49,3,46,2
11907,2742,2736,6,2
11908,67,7,60,2
11909,52,7,45,2
11911,59,13,46,2
11912,54,8,46,2
11913,70,8,62,2
11914,58,6,52,2
11915,62,12,50,2
11916,59,11,48,2
11917,53,6,47,2
11918,54,9,45,2
11919,1,1,0,1
11920,1,0,1,1
11924,43,5,38,2
11925,59,5,54,2
11926,58,7,51,2
11927,45,8,37,2
11928,74,8,66,2
11929,48,4,44,2
11932,41,7,34,2
11934,47,5,42,2
11935,47,7,40,2
11936,1,0,1,1
11937,57,7,50,2
11938,54,10,44,2
11939,46,3,43,2
11940,52,7,45,2
11941,64,10,54,2
11942,50,3,47,2
11943,49,7,42,2
11944,71,11,60,2
11945,67,11,56,2
11946,59,6,53,2
11948,269,269,0,1
11949,53,10,43,2
11950,7,3,4,2
11952,43,9,34,2
11953,47,6,41,2
11954,62,7,55,2
11955,51,8,43,2
11956,41,6,35,2
11957,52,7,45,2
11958,62,6,56,2
11959,48,4,44,2
11960,65,10,55,2
11961,57,7,50,2
11962,64,9,55,2
11963,68,8,60,2
11965,67,6,61,2
11966,43,3,40,2
11968,66,9,57,2
11970,48,8,40,2
11971,53,7,46,2
11972,51,6,45,2
11973,71,11,60,2
11974,44,1,43,2
11975,60,8,52,2
11976,50,3,47,2
11977,55,7,48,2
11978,67,5,62,2
11979,66,11,55,2
11981,3,3,0,1
11982,38,5,33,2
11983,42,4,38,2
11986,49,7,42,2
11987,55,7,48,2
11988,60,5,55,2
11989,51,5,46,2
11990,58,6,52,2
11991,57,11,46,2
11992,46,8,38,2
11993,50,7,43,2
11994,63,2,61,2
11995,60,4,56,2
11996,52,9,43,2
11997,49,4,45,2
11998,3,0,3,1
11999,51,5,46,2
12000,51,10,41,2
12001,37,6,31,2
12002,60,6,54,2
12004,61,8,53,2
12005,75,75,0,1
12006,65,5,60,2
12007,50,5,45,2
12008,50,5,45,2
12009,56,10,46,2
12010,61,9,52,2
12012,47,3,44,2
12013,51,7,44,2
12014,47,4,43,2
12015,1,0,1,1
12016,41,4,37,2
12017,63,8,55,2
12018,49,5,44,2
12019,54,7,47,2
12020,44,3,41,2
12021,55,6,49,2
12022,51,10,41,2
12023,4,3,1,2
12025,44,6,38,2
12026,48,12,36,2
12027,49,2,47,2
12028,58,10,48,2
12029,57,3,54,2
12030,56,11,45,2
12031,55,2,53,2
12032,2,0,2,1
12033,42,6,36,2
12035,53,7,46,2
12036,54,7,47,2
12039,57,5,52,2
12040,40,38,2,2
12042,53,3,50,2
12044,43,6,37,2
12046,53,4,49,2
12047,47,5,42,2
12049,58,6,52,2
12050,2,2,0,1
12051,50,6,44,2
12052,59,6,53,2
12053,52,7,45,2
12054,47,3,44,2
12057,74,6,68,2
12058,67,6,61,2
12060,19,9,10,2
12061,52,5,47,2
12062,1,0,1,1
12063,65,6,59,2
12064,52,6,46,2
12065,62,6,56,2
12066,41,38,3,2
12067,47,5,42,2
12068,59,7,52,2
12069,62,5,57,2
12070,45,4,41,2
12071,70,9,61,2
12073,56,8,48,2
12074,4,0,4,1
12075,34,4,30,2
12076,61,5,56,2
12077,57,3,54,2
12078,47,8,39,2
12080,65,8,57,2
12082,47,6,41,2
12083,54,6,48,2
12084,42,4,38,2
12085,65,12,53,2
12086,47,10,37,2
12089,61,11,50,2
12090,60,8,52,2
12091,47,6,41,2
12092,54,4,50,2
12093,49,7,42,2
12094,69,10,59,2
12095,53,7,46,2
12096,52,0,52,1
12097,56,5,51,2
12098,46,39,7,2
12099,65,7,58,2
12100,47,4,43,2
12101,49,6,43,2
12102,64,5,59,2
12103,67,8,59,2
12104,53,8,45,2
12105,62,7,55,2
12106,65,3,62,2
12107,61,6,55,2
12108,74,2,72,2
12109,47,7,40,2
12110,61,7,54,2
12111,59,5,54,2
12112,58,2,56,2
12113,59,7,52,2
12114,57,6,51,2
12115,2,0,2,1
12116,49,3,46,2
12117,55,6,49,2
12118,57,8,49,2
12119,49,8,41,2
12120,52,7,45,2
12121,15,0,15,1
12122,59,6,53,2
12124,11,10,1,2
12125,58,7,51,2
12126,1,1,0,1
12127,34,2,32,2
12129,61,4,57,2
12130,50,5,45,2
12132,61,1,60,2
12133,66,7,59,2
12134,44,8,36,2
12136,51,3,48,2
12138,53,5,48,2
12139,42,7,35,2
12141,63,5,58,2
12142,48,5,43,2
12144,50,6,44,2
12146,55,7,48,2
12147,51,4,47,2
12148,54,5,49,2
12149,51,6,45,2
12150,56,2,54,2
12151,56,7,49,2
12152,26,22,4,2
12153,69,11,58,2
12154,49,7,42,2
12156,1,0,1,1
12157,61,10,51,2
12158,2,1,1,2
12159,47,2,45,2
12160,10,10,0,1
12161,60,6,54,2
12162,45,13,32,2
12164,56,8,48,2
12165,54,5,49,2
12166,64,5,59,2
12167,54,9,45,2
12168,3,1,2,2
12169,60,6,54,2
12170,53,9,44,2
12171,32,5,27,2
12172,4,0,4,1
12174,46,5,41,2
12175,52,4,48,2
12176,12,7,5,2
12177,43,3,40,2
12178,1,0,1,1
12179,14,9,5,2
12180,58,7,51,2
12181,56,6,50,2
12183,52,3,49,2
12184,65,4,61,2
12185,54,6,48,2
12186,65,5,60,2
12187,28,28,0,1
12188,48,7,41,2
12189,2,2,0,1
12191,54,5,49,2
12193,186,183,3,2
12194,5,3,2,2
12195,51,4,47,2
12196,69,8,61,2
12197,2,0,2,1
12199,56,5,51,2
12200,54,8,46,2
12201,55,7,48,2
12202,54,4,50,2
12203,49,5,44,2
12204,67,6,61,2
12205,59,10,49,2
12206,4,2,2,2
12208,63,5,58,2
12209,54,8,46,2
12210,55,8,47,2
12211,53,7,46,2
12212,58,5,53,2
12213,63,6,57,2
12214,59,6,53,2
12215,72,8,64,2
12217,54,7,47,2
12218,44,5,39,2
12219,51,5,46,2
12220,67,6,61,2
12221,62,6,56,2
12222,53,8,45,2
12223,62,9,53,2
12225,71,12,59,2
12226,61,4,57,2
12227,63,11,52,2
12228,51,7,44,2
12229,50,5,45,2
12230,9,9,0,1
12231,42,6,36,2
12232,49,7,42,2
12233,3,3,0,1
12234,56,5,51,2
12235,49,8,41,2
12236,3,2,1,2
12237,56,10,46,2
12238,58,6,52,2
12239,69,10,59,2
12240,58,8,50,2
12241,2,0,2,1
12242,114,12,102,2
12243,50,5,45,2
12244,52,7,45,2
12245,59,10,49,2
12246,52,8,44,2
12247,60,4,56,2
12249,3,0,3,1
12250,52,4,48,2
12251,52,10,42,2
12252,44,7,37,2
12253,50,9,41,2
12254,49,7,42,2
12256,62,6,56,2
12257,58,8,50,2
12258,50,9,41,2
12259,44,9,35,2
12260,49,9,40,2
12262,63,16,47,2
12263,60,12,48,2
12265,58,8,50,2
12268,42,8,34,2
12269,56,6,50,2
12270,52,5,47,2
12271,44,7,37,2
12272,44,5,39,2
12273,106,81,25,2
12275,47,5,42,2
12276,54,7,47,2
12277,57,8,49,2
12278,57,6,51,2
12279,59,9,50,2
12280,54,7,47,2
12281,4,0,4,1
12282,56,7,49,2
12283,48,4,44,2
12284,63,6,57,2
12285,59,7,52,2
12287,50,13,37,2
12289,53,4,49,2
12290,36,0,36,1
12291,58,6,52,2
12292,49,8,41,2
12293,57,7,50,2
12294,49,8,41,2
12295,50,11,39,2
12296,53,5,48,2
12297,7,3,4,2
12298,58,3,55,2
12299,59,10,49,2
12300,57,8,49,2
12301,63,12,51,2
12302,40,5,35,2
12303,43,4,39,2
12304,64,7,57,2
12305,46,5,41,2
12306,53,8,45,2
12307,50,6,44,2
12310,61,6,55,2
12311,6,2,4,2
12312,2,0,2,1
12313,64,7,57,2
12314,48,5,43,2
12315,51,11,40,2
12316,55,8,47,2
12318,47,4,43,2
12319,56,6,50,2
12321,53,10,43,2
12322,60,4,56,2
12323,57,10,47,2
12324,64,6,58,2
12325,58,5,53,2
12326,66,9,57,2
12327,59,1,58,2
12328,50,6,44,2
12330,69,6,63,2
12331,63,7,56,2
12332,64,7,57,2
12333,53,4,49,2
12334,46,7,39,2
12335,51,7,44,2
12336,53,8,45,2
12337,48,5,43,2
12339,57,9,48,2
12340,44,2,42,2
12341,64,8,56,2
12342,50,7,43,2
12343,51,2,49,2
12344,48,3,45,2
12345,67,8,59,2
12346,64,8,56,2
12348,32,31,1,2
12349,57,7,50,2
12350,45,6,39,2
12351,67,9,58,2
12352,42,6,36,2
12355,50,8,42,2
12356,61,4,57,2
12357,57,5,52,2
12358,63,4,59,2
12359,65,8,57,2
12360,59,10,49,2
12362,56,12,44,2
12363,49,2,47,2
12364,59,6,53,2
12366,46,6,40,2
12367,56,1,55,2
12368,44,6,38,2
12369,69,6,63,2
12371,45,5,40,2
12372,53,7,46,2
12373,62,5,57,2
12374,57,5,52,2
12376,51,10,41,2
12377,53,10,43,2
12378,44,10,34,2
12379,61,9,52,2
12380,49,8,41,2
12381,53,4,49,2
12382,42,4,38,2
12383,55,9,46,2
12384,60,9,51,2
12387,61,8,53,2
12388,52,7,45,2
12389,39,6,33,2
12390,66,6,60,2
12391,52,9,43,2
12392,51,9,42,2
12393,39,4,35,2
12394,58,14,44,2
12395,71,10,61,2
12396,47,2,45,2
12397,56,11,45,2
12398,45,5,40,2
12399,51,2,49,2
12400,47,6,41,2
12401,51,6,45,2
12402,38,7,31,2
12403,48,4,44,2
12404,56,3,53,2
12405,3,0,3,1
12407,54,7,47,2
12408,48,7,41,2
12410,53,6,47,2
12411,49,4,45,2
12412,64,7,57,2
12413,54,7,47,2
12414,52,8,44,2
12415,52,3,49,2
12416,54,3,51,2
12417,52,6,46,2
12418,57,6,51,2
12419,3,0,3,1
12420,45,0,45,1
12421,8,7,1,2
12422,54,9,45,2
12423,45,5,40,2
12424,61,10,51,2
12425,5,4,1,2
12427,45,5,40,2
12428,56,6,50,2
12429,42,6,36,2
12430,70,9,61,2
12431,54,7,47,2
12432,53,7,46,2
12433,56,3,53,2
12434,48,8,40,2
12436,61,7,54,2
12437,49,7,42,2
12438,4,1,3,2
12439,48,6,42,2
12440,46,3,43,2
12441,8,0,8,1
12442,58,7,51,2
12443,6,0,6,1
12444,54,8,46,2
12445,48,3,45,2
12446,53,3,50,2
12447,58,10,48,2
12448,52,6,46,2
12449,67,4,63,2
12451,48,5,43,2
12452,5,2,3,2
12453,63,9,54,2
12454,54,8,46,2
12455,62,6,56,2
12456,72,9,63,2
12457,67,8,59,2
12458,59,8,51,2
12459,52,5,47,2
12460,57,5,52,2
12461,58,10,48,2
12462,54,10,44,2
12463,50,6,44,2
12464,64,10,54,2
12465,42,3,39,2
12466,57,9,48,2
12469,50,6,44,2
12470,61,3,58,2
12471,53,3,50,2
12472,53,9,44,2
12473,59,7,52,2
12474,53,5,48,2
12477,46,5,41,2
12479,64,4,60,2
12480,70,8,62,2
12482,54,6,48,2
12483,57,7,50,2
12484,2,1,1,2
12485,71,4,67,2
12486,58,5,53,2
12487,7,0,7,1
12489,2,1,1,2
12490,57,3,54,2
12491,54,2,52,2
12492,54,4,50,2
12493,59,11,48,2
12495,52,8,44,2
12497,53,6,47,2
12498,54,9,45,2
12499,61,11,50,2
12500,51,7,44,2
12501,53,9,44,2
12502,63,10,53,2
12503,9,8,1,2
12504,61,8,53,2
12505,63,5,58,2
12506,53,6,47,2
12507,60,6,54,2
12508,44,44,0,1
12509,56,9,47,2
12510,47,11,36,2
12511,59,6,53,2
12512,64,8,56,2
12513,42,3,39,2
12514,51,3,48,2
12515,65,10,55,2
12516,59,5,54,2
12517,57,5,52,2
12518,63,10,53,2
12520,54,5,49,2
12521,68,8,60,2
12523,1,1,0,1
12525,48,5,43,2
12526,49,5,44,2
12527,52,8,44,2
12528,62,9,53,2
12529,52,7,45,2
12530,54,8,46,2
12531,70,7,63,2
12532,51,3,48,2
12533,50,8,42,2
12536,52,11,41,2
12537,62,6,56,2
12538,52,3,49,2
12539,49,7,42,2
12541,50,7,43,2
12542,69,5,64,2
12543,60,11,49,2
12544,26,26,0,1
12545,30,26,4,2
12546,71,10,61,2
12547,56,7,49,2
12549,63,11,52,2
12550,58,10,48,2
12551,43,9,34,2
12552,55,9,46,2
12553,54,7,47,2
12554,6,0,6,1
12555,43,6,37,2
12556,49,2,47,2
12557,56,11,45,2
12558,59,8,51,2
12559,48,5,43,2
12561,53,9,44,2
12562,44,2,42,2
12563,49,5,44,2
12564,54,7,47,2
12565,68,13,55,2
12566,55,10,45,2
12567,50,3,47,2
12568,60,10,50,2
12569,57,14,43,2
12570,48,8,40,2
12571,44,3,41,2
12572,60,14,46,2
12573,61,9,52,2
12574,54,1,53,2
12575,79,11,68,2
12576,61,6,55,2
12578,45,5,40,2
12579,67,5,62,2
12580,59,6,53,2
12581,50,6,44,2
12583,57,9,48,2
12584,54,6,48,2
12585,51,4,47,2
12586,66,11,55,2
12587,49,6,43,2
12588,29,29,0,1
12589,54,4,50,2
12590,78,5,73,2
12591,54,4,50,2
12592,70,8,62,2
12593,57,7,50,2
12594,70,8,62,2
12595,59,6,53,2
12596,45,5,40,2
12597,39,7,32,2
12598,59,11,48,2
12599,53,7,46,2
12600,55,3,52,2
12601,60,7,53,2
12602,43,3,40,2
12603,53,7,46,2
12604,55,4,51,2
12606,66,12,54,2
12607,71,7,64,2
12608,56,5,51,2
12609,64,8,56,2
12610,52,10,42,2
12611,45,7,38,2
12612,38,4,34,2
12613,57,10,47,2
12614,56,8,48,2
12616,61,10,51,2
12617,2,0,2,1
12618,70,7,63,2
12619,69,5,64,2
12620,44,9,35,2
12621,44,5,39,2
12622,50,4,46,2
12623,50,7,43,2
12624,47,5,42,2
12625,66,9,57,2
12626,61,9,52,2
12627,65,6,59,2
12628,11,6,5,2
12629,61,6,55,2
12630,48,3,45,2
12631,61,3,58,2
12632,58,3,55,2
12633,40,3,37,2
12634,51,3,48,2
12635,60,9,51,2
12636,54,8,46,2
12637,52,6,46,2
12638,53,12,41,2
12639,51,5,46,2
12640,4,4,0,1
12641,18,0,18,1
12642,52,5,47,2
12643,59,5,54,2
12644,20,9,11,2
12646,44,7,37,2
12647,63,7,56,2
12648,40,3,37,2
12649,48,7,41,2
12650,63,12,51,2
12651,66,4,62,2
12652,53,8,45,2
12653,47,4,43,2
12654,287,287,0,1
12655,74,7,67,2
12656,61,10,51,2
12657,52,8,44,2
12658,50,4,46,2
12659,53,3,50,2
12660,48,0,48,1
12661,1,0,1,1
12663,53,11,42,2
12664,4,0,4,1
12665,52,5,47,2
12666,47,8,39,2
12668,39,4,35,2
12670,55,5,50,2
12671,65,7,58,2
12672,50,3,47,2
12673,56,7,49,2
12675,53,7,46,2
12676,52,5,47,2
12677,51,7,44,2
12678,54,7,47,2
12679,59,3,56,2
12680,47,4,43,2
12681,2,2,0,1
12682,48,6,42,2
12684,63,10,53,2
12685,35,5,30,2
12688,28,25,3,2
12689,53,4,49,2
12690,62,7,55,2
12691,36,4,32,2
12692,63,4,59,2
12693,55,5,50,2
12694,43,8,35,2
12695,40,6,34,2
12696,41,4,37,2
12697,56,7,49,2
12698,60,10,50,2
12700,61,6,55,2
12701,59,7,52,2
12702,58,8,50,2
12703,52,4,48,2
12704,60,5,55,2
12705,51,5,46,2
12706,44,7,37,2
12707,53,7,46,2
12708,50,7,43,2
12711,64,6,58,2
12712,63,6,57,2
12713,55,4,51,2
12714,54,8,46,2
12715,66,13,53,2
12716,46,3,43,2
12717,61,2,59,2
12718,61,4,57,2
12719,55,9,46,2
12720,57,7,50,2
12721,50,5,45,2
12722,52,4,48,2
12723,67,8,59,2
12724,52,11,41,2
12725,60,7,53,2
12726,54,6,48,2
12727,16,0,16,1
12728,53,12,41,2
12729,62,7,55,2
12730,7,2,5,2
12731,46,2,44,2
12732,59,3,56,2
12734,48,7,41,2
12735,45,6,39,2
12736,43,3,40,2
12737,44,7,37,2
12738,61,9,52,2
12739,59,5,54,2
12740,51,7,44,2
12741,56,3,53,2
12742,56,4,52,2
12743,45,4,41,2
12744,59,7,52,2
12745,71,5,66,2
12746,55,6,49,2
12747,51,6,45,2
12748,63,11,52,2
12749,61,4,57,2
12750,4,1,3,2
12751,46,7,39,2
12752,52,2,50,2
12755,53,4,49,2
12756,45,7,38,2
12757,55,6,49,2
12758,54,5,49,2
12759,49,3,46,2
12760,52,7,45,2
12761,53,9,44,2
12762,1,1,0,1
12763,52,7,45,2
12764,56,5,51,2
12765,8,7,1,2
12766,44,6,38,2
12767,56,6,50,2
12770,54,7,47,2
12771,52,6,46,2
12772,57,6,51,2
12774,53,4,49,2
12775,44,4,40,2
12776,52,10,42,2
12777,23,0,23,1
12778,2,1,1,2
12779,48,6,42,2
12780,4,4,0,1
12781,60,3,57,2
12782,55,5,50,2
12783,54,2,52,2
12784,55,3,52,2
12785,52,7,45,2
12786,51,3,48,2
12787,12,0,12,1
12788,48,2,46,2
12789,51,9,42,2
12790,67,2,65,2
12791,47,6,41,2
12792,50,4,46,2
12793,66,9,57,2
12794,50,6,44,2
12796,1,0,1,1
12797,59,6,53,2
12798,50,4,46,2
12799,53,9,44,2
12800,57,7,50,2
12801,46,4,42,2
12803,55,9,46,2
12804,52,6,46,2
12805,57,4,53,2
12806,66,11,55,2
12807,62,8,54,2
12808,52,6,46,2
12809,59,10,49,2
12810,44,3,41,2
12811,55,6,49,2
12813,56,6,50,2
12814,63,9,54,2
12815,49,6,43,2
12816,46,4,42,2
12818,72,9,63,2
12819,54,8,46,2
12820,47,5,42,2
12821,58,9,49,2
12822,62,7,55,2
12823,45,5,40,2
12824,56,7,49,2
12825,67,8,59,2
12826,47,9,38,2
12827,52,12,40,2
12829,56,6,50,2
12830,56,4,52,2
12831,65,8,57,2
12832,55,4,51,2
12833,1,0,1,1
12834,67,8,59,2
12835,51,5,46,2
12836,55,5,50,2
12837,52,5,47,2
12838,60,6,54,2
12839,60,3,57,2
12840,12,12,0,1
12842,56,10,46,2
12843,63,9,54,2
12844,54,5,49,2
12845,64,10,54,2
12846,58,13,45,2
12847,58,6,52,2
12848,54,8,46,2
12849,70,6,64,2
12850,55,6,49,2
12851,51,6,45,2
12852,3,0,3,1
12853,2,0,2,1
12854,13,13,0,1
12855,49,7,42,2
12856,50,8,42,2
12857,53,6,47,2
12858,57,9,48,2
12859,59,6,53,2
12860,55,7,48,2
12861,49,4,45,2
12862,53,3,50,2
12863,50,6,44,2
12864,45,3,42,2
12865,58,8,50,2
12866,49,2,47,2
12867,44,3,41,2
12869,37,37,0,1
12870,56,8,48,2
12871,48,13,35,2
12872,64,5,59,2
12873,12,0,12,1
12874,51,11,40,2
12875,54,7,47,2
12876,60,7,53,2
12879,49,8,41,2
12880,38,6,32,2
12881,60,11,49,2
12882,47,4,43,2
12883,45,8,37,2
12884,71,14,57,2
12885,45,6,39,2
12886,64,7,57,2
12887,42,4,38,2
12888,57,5,52,2
12889,58,9,49,2
12890,61,13,48,2
12891,58,5,53,2
12892,60,7,53,2
12893,3,1,2,2
12894,1,1,0,1
12895,60,8,52,2
12896,55,10,45,2
12897,42,5,37,2
12898,50,4,46,2
12899,53,6,47,2
12900,55,4,51,2
12901,52,7,45,2
12902,41,2,39,2
12903,63,6,57,2
12904,5,5,0,1
12905,61,6,55,2
12906,40,5,35,2
12907,46,3,43,2
12908,49,3,46,2
12909,48,6,42,2
12911,58,8,50,2
12912,54,2,52,2
12913,5,3,2,2
12914,6632,6627,5,2
12915,62,6,56,2
12917,60,0,60,1
12918,49,4,45,2
12919,70,12,58,2
12920,38,3,35,2
12921,284,284,0,1
12922,69,7,62,2
12923,51,8,43,2
12924,64,6,58,2
12926,57,8,49,2
12927,55,12,43,2
12928,43,7,36,2
12930,45,5,40,2
12931,45,7,38,2
12932,70,11,59,2
12933,53,6,47,2
12934,50,5,45,2
12935,48,0,48,1
12936,68,16,52,2
12937,3,2,1,2
12938,60,7,53,2
12939,5,1,4,2
12940,54,4,50,2
12943,52,6,46,2
12944,55,6,49,2
12945,43,5,38,2
12946,86,83,3,2
12947,60,9,51,2
12948,55,9,46,2
12949,34,0,34,1
12950,55,7,48,2
12951,62,7,55,2
12953,58,6,52,2
12954,44,2,42,2
12955,65,8,57,2
12956,60,10,50,2
12957,56,4,52,2
12958,57,12,45,2
12960,56,8,48,2
12961,1,0,1,1
12963,50,9,41,2
12964,52,3,49,2
12965,55,5,50,2
12967,48,3,45,2
12968,52,3,49,2
12969,52,9,43,2
12970,55,4,51,2
12971,42,5,37,2
12972,57,11,46,2
12974,60,4,56,2
12975,68,6,62,2
12976,46,3,43,2
12978,9,4,5,2
12979,59,5,54,2
12981,43,6,37,2
12983,2,0,2,1
12984,48,7,41,2
12985,2,0,2,1
12986,44,5,39,2
12987,40,7,33,2
12988,55,8,47,2
12989,51,6,45,2
12990,63,8,55,2
12991,69,12,57,2
12992,43,5,38,2
12993,53,8,45,2
12994,47,5,42,2
12995,63,9,54,2
12996,51,6,45,2
12997,51,2,49,2
12998,45,43,2,2
12999,50,5,45,2
13001,59,10,49,2
13002,59,6,53,2
13003,55,6,49,2
13004,51,6,45,2
13005,11,4,7,2
13006,51,8,43,2
13007,55,7,48,2
13008,60,10,50,2
13009,49,5,44,2
13010,55,10,45,2
13011,51,3,48,2
13012,62,10,52,2
13013,145,140,5,2
13014,2,1,1,2
13015,51,6,45,2
13016,74,10,64,2
13017,46,5,41,2
13018,51,6,45,2
13019,54,3,51,2
13021,53,4,49,2
13022,59,4,55,2
13023,54,4,50,2
13025,64,11,53,2
13026,53,10,43,2
13027,54,9,45,2
13028,42,6,36,2
13030,58,5,53,2
13032,63,4,59,2
13033,58,2,56,2
13034,54,6,48,2
13035,52,8,44,2
13036,57,6,51,2
13037,31,30,1,2
13038,56,5,51,2
13039,50,3,47,2
13040,56,9,47,2
13041,61,9,52,2
13042,60,7,53,2
13043,51,6,45,2
13044,54,6,48,2
13045,46,7,39,2
13046,5,0,5,1
13047,63,10,53,2
13048,57,8,49,2
13050,57,9,48,2
13052,56,12,44,2
13054,56,4,52,2
13055,44,7,37,2
13056,58,5,53,2
13057,55,6,49,2
13058,54,6,48,2
13059,62,11,51,2
13060,50,7,43,2
13061,54,5,49,2
13064,59,9,50,2
13065,60,12,48,2
13066,42,3,39,2
13068,48,5,43,2
13069,63,8,55,2
13070,39,4,35,2
13071,49,2,47,2
13072,54,8,46,2
13073,67,11,56,2
13074,77,9,68,2
13075,53,6,47,2
13076,48,3,45,2
13077,50,4,46,2
13078,54,9,45,2
13079,55,5,50,2
13080,58,9,49,2
13081,50,5,45,2
13083,62,8,54,2
13084,50,7,43,2
13085,66,5,61,2
13087,3,3,0,1
13089,48,4,44,2
13090,46,6,40,2
13091,49,9,40,2
13092,59,6,53,2
13093,2,0,2,1
13095,43,43,0,1
13098,47,6,41,2
13099,53,6,47,2
13100,60,6,54,2
13101,57,7,50,2
13102,60,7,53,2
13103,43,6,37,2
13104,1,0,1,1
13105,45,6,39,2
13106,51,7,44,2
13107,69,11,58,2
13109,62,7,55,2
13110,57,6,51,2
13111,43,6,37,2
13112,53,10,43,2
13114,58,7,51,2
13115,47,2,45,2
13116,63,6,57,2
13117,45,4,41,2
13118,50,2,48,2
13120,64,9,55,2
13121,60,7,53,2
13122,55,10,45,2
13124,51,11,40,2
13125,60,8,52,2
13126,1,1,0,1
13127,46,11,35,2
13128,53,6,47,2
13129,65,5,60,2
13130,34,3,31,2
13131,52,7,45,2
13132,47,3,44,2
13133,50,4,46,2
13134,39,4,35,2
13138,10,0,10,1
13139,54,9,45,2
13140,46,4,42,2
13141,49,4,45,2
13143,60,6,54,2
13144,43,7,36,2
13145,54,3,51,2
13146,65,8,57,2
13147,46,5,41,2
13149,52,4,48,2
13150,60,5,55,2
13151,46,5,41,2
13152,60,8,52,2
13155,54,10,44,2
13156,45,5,40,2
13157,50,8,42,2
13158,61,12,49,2
13159,54,10,44,2
13160,49,4,45,2
13161,126,126,0,1
13164,49,3,46,2
13165,49,8,41,2
13166,1011,34,977,2
13167,53,7,46,2
13168,50,4,46,2
13169,39,8,31,2
13170,56,5,51,2
13171,45,2,43,2
13172,38,5,33,2
13173,4,0,4,1
13174,46,10,36,2
13175,59,10,49,2
13176,55,9,46,2
13177,57,6,51,2
13179,50,9,41,2
13180,47,3,44,2
13181,55,3,52,2
13182,57,7,50,2
13183,68,8,60,2
13184,66,12,54,2
13185,64,7,57,2
13186,65,9,56,2
13187,51,3,48,2
13189,51,6,45,2
13190,65,6,59,2
13191,54,15,39,2
13192,54,7,47,2
13193,52,7,45,2
13194,49,5,44,2
13195,51,3,48,2
13196,51,4,47,2
13197,57,8,49,2
13198,46,3,43,2
13199,52,5,47,2
13200,68,5,63,2
13201,1,0,1,1
13202,46,4,42,2
13204,4,0,4,1
13205,41,2,39,2
13206,54,6,48,2
13207,9,9,0,1
13208,54,6,48,2
13209,53,9,44,2
13211,51,7,44,2
13214,53,9,44,2
13215,42,6,36,2
13216,60,10,50,2
13217,60,8,52,2
13218,54,7,47,2
13221,61,6,55,2
13223,49,8,41,2
13224,36,36,0,1
13225,62,6,56,2
13226,60,9,51,2
13227,61,5,56,2
13229,56,3,53,2
13230,57,7,50,2
13231,64,8,56,2
13232,53,5,48,2
13233,58,8,50,2
13234,54,8,46,2
13235,58,7,51,2
13236,55,11,44,2
13237,15,0,15,1
13238,51,5,46,2
13239,55,8,47,2
13240,46,4,42,2
13241,62,7,55,2
13242,58,6,52,2
13243,55,4,51,2
13244,48,4,44,2
13245,67,5,62,2
13246,14,0,14,1
13247,53,8,45,2
13249,56,4,52,2
13250,71,8,63,2
13251,54,4,50,2
13252,54,4,50,2
13253,64,9,55,2
13254,59,59,0,1
13255,57,6,51,2
13256,54,9,45,2
13257,47,4,43,2
13258,59,6,53,2
13259,53,2,51,2
13260,57,5,52,2
13261,64,5,59,2
13262,59,12,47,2
13263,55,4,51,2
13264,53,4,49,2
13265,46,4,42,2
13266,52,7,45,2
13267,48,8,40,2
13268,47,5,42,2
13269,56,6,50,2
13270,49,5,44,2
13271,41,3,38,2
13272,53,4,49,2
13273,57,6,51,2
13274,55,6,49,2
13275,327,325,2,2
13276,67,6,61,2
13277,63,6,57,2
13278,51,5,46,2
13279,55,8,47,2
13281,61,5,56,2
13282,6,0,6,1
13284,54,5,49,2
13285,49,6,43,2
13286,61,4,57,2
13287,55,12,43,2
13288,54,6,48,2
13289,52,5,47,2
13290,56,14,42,2
13291,57,8,49,2
13292,56,8,48,2
13293,54,6,48,2
13294,57,5,52,2
13295,57,7,50,2
13296,61,10,51,2
13297,50,8,42,2
13299,62,8,54,2
13300,52,5,47,2
13301,53,7,46,2
13302,42,7,35,2
13303,49,6,43,2
13304,53,6,47,2
13305,48,6,42,2
13306,49,5,44,2
13307,2,2,0,1
13308,54,6,48,2
13309,4,0,4,1
13310,47,8,39,2
13311,60,8,52,2
13312,61,7,54,2
13313,57,9,48,2
13314,55,7,48,2
13315,58,5,53,2
13316,48,3,45,2
13317,57,7,50,2
13318,56,5,51,2
13319,52,5,47,2
13320,59,5,54,2
13321,64,10,54,2
13322,45,4,41,2
13324,46,6,40,2
13325,64,4,60,2
13326,51,4,47,2
13327,38,3,35,2
13329,64,5,59,2
13330,58,9,49,2
13331,46,7,39,2
13332,56,12,44,2
13333,55,3,52,2
13334,55,55,0,1
13335,46,3,43,2
13336,60,7,53,2
13337,57,10,47,2
13338,62,8,54,2
13339,57,11,46,2
13341,42,3,39,2
13342,1,0,1,1
13343,57,5,52,2
13344,47,8,39,2
13345,49,11,38,2
13346,58,4,54,2
13347,64,11,53,2
13348,3,0,3,1
13349,49,8,41,2
13350,46,13,33,2
13351,48,3,45,2
13352,59,9,50,2
13353,53,6,47,2
13354,62,5,57,2
13355,4,4,0,1
13356,51,10,41,2
13357,52,12,40,2
13358,47,4,43,2
13359,68,8,60,2
13360,57,6,51,2
13361,52,5,47,2
13364,60,9,51,2
13365,42,7,35,2
13366,49,4,45,2
13367,67,8,59,2
13368,25,1,24,2
13369,49,6,43,2
13370,47,2,45,2
13371,44,5,39,2
13372,61,9,52,2
13373,53,1,52,2
13374,55,4,51,2
13376,51,6,45,2
13377,56,5,51,2
13378,44,3,41,2
13379,54,7,47,2
13380,1,0,1,1
13381,66,9,57,2
13382,52,8,44,2
13383,43,6,37,2
13384,54,10,44,2
13385,58,8,50,2
13386,45,7,38,2
13387,54,4,50,2
13388,68,7,61,2
13389,54,9,45,2
13391,60,5,55,2
13394,58,8,50,2
13395,49,8,41,2
13396,45,7,38,2
13397,62,12,50,2
13398,65,6,59,2
13399,64,4,60,2
13400,66,4,62,2
13401,51,5,46,2
13403,49,8,41,2
13404,58,9,49,2
13405,53,2,51,2
13406,62,8,54,2
13407,50,8,42,2
13408,43,5,38,2
13409,57,10,47,2
13410,59,59,0,1
13411,46,4,42,2
13412,65,12,53,2
13414,64,13,51,2
13415,47,4,43,2
13416,56,4,52,2
13417,61,10,51,2
13418,51,2,49,2
13419,53,11,42,2
13420,1,1,0,1
13421,47,3,44,2
13422,58,6,52,2
13423,50,5,45,2
13424,40,5,35,2
13425,59,5,54,2
13426,50,2,48,2
13427,39,6,33,2
13428,56,7,49,2
13429,58,13,45,2
13431,65,9,56,2
13432,58,8,50,2
13434,62,8,54,2
13435,4,0,4,1
13436,54,5,49,2
13437,55,6,49,2
13438,50,10,40,2
13439,3,0,3,1
13440,68,11,57,2
13441,4,0,4,1
13442,56,8,48,2
13443,65,4,61,2
13444,78,6,72,2
13446,54,5,49,2
13449,60,8,52,2
13450,61,6,55,2
13451,42,7,35,2
13452,51,7,44,2
13453,40,1,39,2
13454,43,7,36,2
13455,60,6,54,2
13456,38,6,32,2
13457,40,2,38,2
13458,57,4,53,2
13459,53,6,47,2
13460,44,2,42,2
13461,48,7,41,2
13462,48,8,40,2
13463,61,9,52,2
13464,70,8,62,2
13465,44,3,41,2
13466,57,7,50,2
13467,77,12,65,2
13468,55,5,50,2
13469,56,2,54,2
13470,55,6,49,2
13471,3,3,0,1
13472,53,7,46,2
13473,71,9,62,2
13474,70,7,63,2
13475,52,9,43,2
13476,59,7,52,2
13477,73,8,65,2
13478,56,5,51,2
13480,59,7,52,2
13481,52,6,46,2
13482,1,0,1,1
13483,65,2,63,2
13484,63,7,56,2
13485,58,10,48,2
13486,69,4,65,2
13487,59,4,55,2
13488,613,349,264,2
13489,55,8,47,2
13490,6,5,1,2
13491,40,4,36,2
13492,59,6,53,2
13493,51,7,44,2
13494,52,9,43,2
13495,41,5,36,2
13496,51,4,47,2
13497,59,6,53,2
13498,56,8,48,2
13499,54,8,46,2
13500,53,6,47,2
13501,50,8,42,2
13502,51,6,45,2
13503,47,3,44,2
13504,56,2,54,2
13505,46,5,41,2
13506,64,6,58,2
13507,2,1,1,2
13508,54,3,51,2
13510,73,10,63,2
13511,54,6,48,2
13513,48,4,44,2
13515,51,5,46,2
13516,67,8,59,2
13517,46,3,43,2
13518,167,122,45,2
13519,62,6,56,2
13520,63,6,57,2
13521,46,8,38,2
13522,43,5,38,2
13523,56,6,50,2
13524,2,2,0,1
13525,52,49,3,2
13526,59,3,56,2
13527,52,4,48,2
13528,61,2,59,2
13530,52,9,43,2
13531,51,7,44,2
13532,2,0,2,1
13534,50,8,42,2
13535,51,4,47,2
13536,49,5,44,2
13537,44,6,38,2
13538,46,5,41,2
13539,51,4,47,2
13540,56,8,48,2
13542,48,4,44,2
13543,69,5,64,2
13546,47,5,42,2
13547,62,13,49,2
13549,55,7,48,2
13550,60,11,49,2
13551,60,5,55,2
13552,52,4,48,2
13553,39,4,35,2
13554,2,0,2,1
13555,34,3,31,2
13556,53,6,47,2
13557,57,13,44,2
13558,49,2,47,2
13559,55,6,49,2
13560,63,5,58,2
13561,62,6,56,2
13562,60,9,51,2
13563,56,6,50,2
13564,67,11,56,2
13565,57,5,52,2
13566,50,5,45,2
13567,2,0,2,1
13568,53,6,47,2
13569,61,12,49,2
13570,60,9,51,2
13571,52,2,50,2
13572,53,4,49,2
13573,69,15,54,2
13574,56,12,44,2
13575,54,8,46,2
13576,54,8,46,2
13578,65,5,60,2
13579,59,7,52,2
13580,58,5,53,2
13581,45,6,39,2
13582,52,8,44,2
13583,66,7,59,2
13584,63,7,56,2
13585,46,2,44,2
13586,54,4,50,2
13587,50,6,44,2
13589,55,2,53,2
13590,56,10,46,2
13592,53,6,47,2
13594,59,3,56,2
13595,53,4,49,2
13596,5,4,1,2
13597,42,7,35,2
13599,62,6,56,2
13600,50,6,44,2
13601,64,9,55,2
13602,58,8,50,2
13603,64,10,54,2
13604,2,0,2,1
13605,51,4,47,2
13606,39,5,34,2
13607,54,7,47,2
13608,44,6,38,2
13609,58,9,49,2
13611,53,3,50,2
13612,63,8,55,2
13613,46,4,42,2
13615,62,7,55,2
13616,67,10,57,2
13618,63,8,55,2
13620,56,6,50,2
13621,52,6,46,2
13622,50,3,47,2
13623,65,9,56,2
13624,56,4,52,2
13625,60,9,51,2
13626,48,5,43,2
13629,43,4,39,2
13630,44,6,38,2
13631,58,12,46,2
13632,59,6,53,2
13633,55,5,50,2
13634,46,6,40,2
13635,55,8,47,2
13636,59,7,52,2
13637,58,4,54,2
13638,64,8,56,2
13639,49,7,42,2
13640,59,9,50,2
13641,1,0,1,1
13642,69,5,64,2
13643,11,11,0,1
13644,64,12,52,2
13645,49,9,40,2
13646,52,3,49,2
13647,43,9,34,2
13648,63,6,57,2
13649,70,16,54,2
13650,42,7,35,2
13651,69,11,58,2
13652,55,6,49,2
13653,1,0,1,1
13654,56,7,49,2
13655,63,5,58,2
13656,53,7,46,2
13657,63,9,54,2
13658,54,5,49,2
13660,52,6,46,2
13662,52,7,45,2
13663,58,6,52,2
13664,64,10,54,2
13665,47,7,40,2
13666,51,5,46,2
13667,48,8,40,2
13668,45,2,43,2
13669,54,2,52,2
13670,61,7,54,2
13671,52,5,47,2
13672,56,11,45,2
13673,52,7,45,2
13674,57,4,53,2
13675,62,6,56,2
13676,55,5,50,2
13677,57,8,49,2
13678,59,8,51,2
13679,57,7,50,2
13681,57,7,50,2
13682,74,8,66,2
13683,43,4,39,2
13684,50,3,47,2
13685,39,4,35,2
13686,58,6,52,2
13687,66,6,60,2
13688,49,7,42,2
13689,56,10,46,2
13690,55,5,50,2
13691,53,4,49,2
13692,50,5,45,2
13693,59,6,53,2
13694,60,11,49,2
13695,64,11,53,2
13696,46,7,39,2
13698,56,6,50,2
13699,52,8,44,2
13700,61,3,58,2
13701,53,7,46,2
13702,44,6,38,2
13703,54,10,44,2
13704,65,14,51,2
13705,63,6,57,2
13706,58,7,51,2
13708,57,4,53,2
13709,44,5,39,2
13710,55,8,47,2
13711,49,5,44,2
13712,69,13,56,2
13713,62,6,56,2
13714,10,10,0,1
13715,55,5,50,2
13716,50,7,43,2
13717,54,8,46,2
13718,1,1,0,1
13719,55,11,44,2
13720,66,7,59,2
13722,67,12,55,2
13723,58,9,49,2
13724,64,12,52,2
13726,53,10,43,2
13727,54,7,47,2
13728,50,5,45,2
13730,50,7,43,2
13731,47,5,42,2
13732,49,5,44,2
13733,52,7,45,2
13734,55,5,50,2
13735,50,3,47,2
13736,52,4,48,2
13737,733,721,12,2
13738,44,5,39,2
13739,50,6,44,2
13740,49,3,46,2
13741,53,8,45,2
13742,56,2,54,2
13743,11,3,8,2
13744,56,8,48,2
13745,53,6,47,2
13746,55,5,50,2
13747,69,8,61,2
13748,55,4,51,2
13749,56,7,49,2
13750,47,4,43,2
13752,51,6,45,2
13753,8,8,0,1
13754,45,9,36,2
13755,46,5,41,2
13756,59,13,46,2
13757,50,3,47,2
13758,67,9,58,2
13759,60,8,52,2
13760,44,40,4,2
13761,53,10,43,2
13762,54,9,45,2
13763,56,5,51,2
13764,47,5,42,2
13765,67,7,60,2
13766,55,7,48,2
13767,53,5,48,2
13768,44,2,42,2
13769,55,8,47,2
13770,58,7,51,2
13771,44,3,41,2
13772,56,5,51,2
13773,42,4,38,2
13774,53,3,50,2
13776,3,0,3,1
13777,5,4,1,2
13778,39,3,36,2
13779,49,5,44,2
13780,43,6,37,2
13781,47,5,42,2
13783,41,3,38,2
13784,45,6,39,2
13785,64,8,56,2
13786,46,4,42,2
13787,62,6,56,2
13788,69,10,59,2
13789,1,0,1,1
13790,61,6,55,2
13792,45,8,37,2
13794,60,9,51,2
13796,47,6,41,2
13797,73,10,63,2
13799,50,2,48,2
13800,52,5,47,2
13801,56,5,51,2
13802,45,8,37,2
13803,44,9,35,2
13804,51,5,46,2
13805,52,8,44,2
13806,55,7,48,2
13807,47,6,41,2
13808,58,6,52,2
13809,57,12,45,2
13810,47,5,42,2
13812,5,3,2,2
13813,56,9,47,2
13814,55,7,48,2
13816,62,4,58,2
13817,62,11,51,2
13818,56,4,52,2
13819,61,8,53,2
13820,58,9,49,2
13821,1,0,1,1
13822,57,5,52,2
13823,64,4,60,2
13824,53,4,49,2
13825,46,5,41,2
13826,50,5,45,2
13827,67,5,62,2
13828,43,5,38,2
13829,54,7,47,2
13830,54,9,45,2
13831,62,7,55,2
13833,49,6,43,2
13834,54,4,50,2
13835,54,7,47,2
13836,49,8,41,2
13837,51,5,46,2
13838,56,4,52,2
13839,24,9,15,2
13841,48,3,45,2
13842,52,5,47,2
13843,50,4,46,2
13844,56,6,50,2
13845,58,5,53,2
13846,58,4,54,2
13847,47,3,44,2
13848,22,22,0,1
13849,55,3,52,2
13850,57,9,48,2
13851,45,3,42,2
13852,49,3,46,2
13853,54,8,46,2
13854,113,113,0,1
13855,48,8,40,2
13856,238,231,7,2
13857,1,0,1,1
13858,51,6,45,2
13859,55,8,47,2
13860,60,7,53,2
13861,54,12,42,2
13862,60,8,52,2
13863,57,9,48,2
13864,54,8,46,2
13865,44,7,37,2
13866,60,7,53,2
13867,55,8,47,2
13868,60,11,49,2
13869,4,4,0,1
13870,54,11,43,2
13871,57,5,52,2
13873,43,6,37,2
13875,50,8,42,2
13876,49,7,42,2
13877,44,4,40,2
13879,63,7,56,2
13880,55,3,52,2
13881,45,3,42,2
13882,59,7,52,2
13883,51,6,45,2
13884,44,6,38,2
13885,61,8,53,2
13886,55,5,50,2
13887,69,10,59,2
13888,59,6,53,2
13889,66,4,62,2
13890,64,7,57,2
13891,58,4,54,2
13892,50,3,47,2
13893,44,5,39,2
13894,60,10,50,2
13895,49,10,39,2
13897,45,2,43,2
13898,61,6,55,2
13899,56,4,52,2
13900,57,7,50,2
13901,49,9,40,2
13902,52,5,47,2
13903,53,12,41,2
13904,55,8,47,2
13905,55,7,48,2
13906,52,5,47,2
13907,63,7,56,2
13908,59,9,50,2
13909,45,5,40,2
13911,58,1,57,2
13913,2,1,1,2
13915,48,5,43,2
13916,49,8,41,2
13917,46,4,42,2
13918,56,5,51,2
13919,49,5,44,2
13920,45,6,39,2
13921,54,8,46,2
13923,58,4,54,2
13924,44,3,41,2
13925,2,1,1,2
13926,50,8,42,2
13927,4,1,3,2
13928,44,3,41,2
13929,50,9,41,2
13931,60,8,52,2
13932,54,6,48,2
13933,63,8,55,2
13935,52,4,48,2
13936,46,7,39,2
13937,55,8,47,2
13938,67,9,58,2
13939,64,9,55,2
13940,53,7,46,2
13941,53,3,50,2
13942,47,3,44,2
13943,56,8,48,2
13944,63,6,57,2
13946,48,2,46,2
13947,60,7,53,2
13948,47,7,40,2
13950,53,8,45,2
13951,60,4,56,2
13952,51,7,44,2
13954,48,7,41,2
13955,50,8,42,2
13956,58,5,53,2
13957,54,7,47,2
13958,44,3,41,2
13959,60,10,50,2
13960,69,8,61,2
13961,60,3,57,2
13962,53,12,41,2
13964,52,8,44,2
13965,46,11,35,2
13966,51,9,42,2
13967,66,4,62,2
13968,63,5,58,2
13969,45,4,41,2
13970,66,7,59,2
13971,59,4,55,2
13972,52,4,48,2
13973,10,10,0,1
13974,51,5,46,2
13975,75,9,66,2
13977,48,8,40,2
13978,49,2,47,2
13979,52,5,47,2
13980,51,6,45,2
13981,52,5,47,2
13982,53,4,49,2
13983,57,6,51,2
13984,50,9,41,2
13985,57,9,48,2
13986,53,4,49,2
13987,44,5,39,2
13988,63,7,56,2
13989,56,7,49,2
13990,63,8,55,2
13991,54,9,45,2
13992,54,9,45,2
13993,56,9,47,2
13994,56,6,50,2
13995,36,4,32,2
13996,54,6,48,2
13997,48,7,41,2
13998,60,9,51,2
13999,57,8,49,2
14001,57,4,53,2
14002,60,10,50,2
14003,51,1,50,2
14004,45,5,40,2
14005,48,8,40,2
14006,48,4,44,2
14007,51,3,48,2
14008,46,4,42,2
14009,52,6,46,2
14010,47,5,42,2
14011,68,6,62,2
14012,50,4,46,2
14013,49,4,45,2
14014,54,7,47,2
14015,75,11,64,2
14016,53,3,50,2
14017,63,6,57,2
14018,58,7,51,2
14019,65,11,54,2
14020,47,6,41,2
14022,58,12,46,2
14023,53,10,43,2
14024,56,8,48,2
14025,62,8,54,2
14026,55,11,44,2
14027,51,6,45,2
14028,53,8,45,2
14029,45,3,42,2
14030,48,2,46,2
14032,64,12,52,2
14033,56,5,51,2
14034,56,9,47,2
14036,50,5,45,2
14037,63,10,53,2
14038,53,5,48,2
14041,5,0,5,1
14042,57,8,49,2
14043,59,8,51,2
14044,45,3,42,2
14045,45,8,37,2
14047,52,6,46,2
14048,1,1,0,1
14049,51,5,46,2
14050,58,8,50,2
14051,59,10,49,2
14052,64,12,52,2
14054,42,6,36,2
14055,62,8,54,2
14056,66,8,58,2
14057,59,3,56,2
14058,57,3,54,2
14059,62,4,58,2
14060,1,0,1,1
14061,54,7,47,2
14062,59,9,50,2
14063,62,5,57,2
14066,12,10,2,2
14067,67,11,56,2
14068,2,0,2,1
14069,48,7,41,2
14070,2,0,2,1
14071,54,6,48,2
14073,55,5,50,2
14075,57,2,55,2
14076,49,6,43,2
14077,59,10,49,2
14078,56,4,52,2
14079,69,65,4,2
14080,62,6,56,2
14081,42,7,35,2
14082,52,6,46,2
14083,62,4,58,2
14084,56,4,52,2
14085,4,0,4,1
14086,63,3,60,2
14087,58,9,49,2
14088,76,76,0,1
14089,61,12,49,2
14090,52,4,48,2
14091,60,7,53,2
14092,46,11,35,2
14093,41,6,35,2
14094,61,7,54,2
14096,51,4,47,2
14098,64,2,62,2
14099,55,4,51,2
14100,49,5,44,2
14101,57,9,48,2
14102,50,5,45,2
14103,57,9,48,2
14104,48,5,43,2
14105,65,10,55,2
14106,52,5,47,2
14107,58,5,53,2
14108,56,8,48,2
14109,58,6,52,2
14110,59,4,55,2
14111,53,8,45,2
14112,50,3,47,2
14113,62,7,55,2
14114,50,6,44,2
14115,43,3,40,2
14116,62,3,59,2
14117,48,7,41,2
14118,62,10,52,2
14119,48,4,44,2
14120,50,11,39,2
14121,51,5,46,2
14123,45,6,39,2
14124,37,3,34,2
14125,56,5,51,2
14126,54,6,48,2
14127,52,5,47,2
14128,48,10,38,2
14129,64,10,54,2
14130,50,8,42,2
14131,1,0,1,1
14133,53,6,47,2
14134,66,8,58,2
14135,48,4,44,2
14136,42,10,32,2
14137,64,8,56,2
14138,42,3,39,2
14139,49,5,44,2
14140,55,7,48,2
14141,54,10,44,2
14142,63,6,57,2
14143,61,8,53,2
14144,52,6,46,2
14145,61,5,56,2
14147,9,0,9,1
14148,63,10,53,2
14149,53,8,45,2
14151,63,11,52,2
14152,51,5,46,2
14153,51,6,45,2
14154,55,7,48,2
14155,72,3,69,2
14157,50,8,42,2
14158,54,11,43,2
14159,55,5,50,2
14160,42,6,36,2
14161,55,4,51,2
14162,42,2,40,2
14163,58,8,50,2
14165,58,5,53,2
14166,57,8,49,2
14167,53,6,47,2
14168,56,8,48,2
14169,53,4,49,2
14170,39,9,30,2
14172,60,6,54,2
14173,62,5,57,2
14174,2,2,0,1
14175,54,9,45,2
14176,55,7,48,2
14177,41,5,36,2
14178,45,3,42,2
14180,13,6,7,2
14181,55,6,49,2
14183,43,5,38,2
14184,55,8,47,2
14185,70,9,61,2
14186,51,4,47,2
14187,59,5,54,2
14188,54,5,49,2
14189,49,2,47,2
14190,50,7,43,2
14191,63,3,60,2
14192,57,7,50,2
14194,48,6,42,2
14196,57,3,54,2
14197,53,4,49,2
14198,55,2,53,2
14199,49,4,45,2
14200,52,8,44,2
14201,58,5,53,2
14202,52,6,46,2
14203,45,5,40,2
14204,54,4,50,2
14205,49,3,46,2
14206,53,7,46,2
14207,49,3,46,2
14208,60,5,55,2
14209,58,8,50,2
14210,58,8,50,2
14211,57,7,50,2
14212,64,9,55,2
14214,55,10,45,2
14215,61,9,52,2
14216,58,4,54,2
14217,54,10,44,2
14218,59,5,54,2
14220,50,5,45,2
14221,1,0,1,1
14222,43,8,35,2
14223,52,7,45,2
14224,49,4,45,2
14225,57,8,49,2
14226,59,7,52,2
14227,55,5,50,2
14228,58,10,48,2
14229,60,9,51,2
14230,47,7,40,2
14231,48,5,43,2
14232,50,5,45,2
14234,55,7,48,2
14235,64,7,57,2
14236,20,3,17,2
14237,58,5,53,2
14238,48,5,43,2
14239,50,7,43,2
14240,66,7,59,2
14241,40,3,37,2
14242,64,8,56,2
14243,42,3,39,2
14244,49,2,47,2
14245,67,9,58,2
14246,47,4,43,2
14247,62,9,53,2
14248,50,4,46,2
14249,50,7,43,2
14251,52,1,51,2
14252,47,7,40,2
14253,61,8,53,2
14254,56,8,48,2
14256,5,0,5,1
14257,54,5,49,2
14258,60,4,56,2
14259,51,5,46,2
14261,63,9,54,2
14262,51,5,46,2
14263,50,8,42,2
14264,47,5,42,2
14265,71,10,61,2
14266,45,8,37,2
14267,56,9,47,2
14268,59,6,53,2
14269,55,10,45,2
14270,50,5,45,2
14271,60,10,50,2
14272,50,4,46,2
14273,1,1,0,1
14274,53,7,46,2
14275,71,12,59,2
14276,60,7,53,2
14277,52,3,49,2
14278,45,3,42,2
14279,55,6,49,2
14281,71,7,64,2
14282,40,40,0,1
14283,14,14,0,1
14284,44,7,37,2
14285,59,5,54,2
14286,43,10,33,2
14287,41,7,34,2
14288,49,4,45,2
14289,59,12,47,2
14290,33,4,29,2
14291,51,8,43,2
14292,66,5,61,2
14293,57,8,49,2
14294,45,4,41,2
14295,40,3,37,2
14296,54,5,49,2
14297,59,5,54,2
14298,60,7,53,2
14299,57,8,49,2
14300,56,9,47,2
14301,55,5,50,2
14302,46,4,42,2
14303,44,8,36,2
14304,51,4,47,2
14305,52,7,45,2
14306,1,1,0,1
14307,50,7,43,2
14309,55,6,49,2
14310,42,7,35,2
14311,40,5,35,2
14312,53,4,49,2
14313,51,6,45,2
14315,50,5,45,2
14316,53,6,47,2
14317,51,9,42,2
14318,52,4,48,2
14320,60,13,47,2
14321,6934,12,6922,2
14322,56,8,48,2
14323,54,5,49,2
14325,59,8,51,2
14326,54,6,48,2
14327,55,5,50,2
14330,62,8,54,2
14331,56,7,49,2
14332,50,7,43,2
14333,55,5,50,2
14334,2,0,2,1
14335,53,2,51,2
14336,63,9,54,2
14337,2,1,1,2
14339,58,2,56,2
14340,59,9,50,2
14341,58,3,55,2
14342,49,4,45,2
14343,42,3,39,2
14344,75,11,64,2
14345,61,12,49,2
14346,64,12,52,2
14347,63,8,55,2
14348,54,7,47,2
14349,63,7,56,2
14350,57,4,53,2
14351,1,0,1,1
14353,65,9,56,2
14354,61,6,55,2
14355,39,37,2,2
14356,53,9,44,2
14357,108,26,82,2
14358,65,8,57,2
14359,66,13,53,2
14360,58,5,53,2
14361,64,8,56,2
14362,59,8,51,2
14363,53,4,49,2
14364,52,6,46,2
14365,3,3,0,1
14366,52,5,47,2
14367,47,3,44,2
14368,47,12,35,2
14369,42,10,32,2
14371,64,11,53,2
14372,45,5,40,2
14373,57,5,52,2
14374,66,8,58,2
14375,46,6,40,2
14376,53,5,48,2
14377,54,7,47,2
14378,1,1,0,1
14379,134,84,50,2
14380,59,6,53,2
14381,2,0,2,1
14382,54,2,52,2
14383,2,1,1,2
14384,53,12,41,2
14385,54,7,47,2
14386,40,4,36,2
14387,58,6,52,2
14388,10,10,0,1
14389,10,4,6,2
14390,52,5,47,2
14391,44,5,39,2
14392,64,9,55,2
14393,45,5,40,2
14394,57,9,48,2
14395,47,3,44,2
14396,51,5,46,2
14397,40,4,36,2
14398,60,10,50,2
14399,63,8,55,2
14400,47,9,38,2
14402,53,9,44,2
14403,55,6,49,2
14404,60,5,55,2
14405,55,8,47,2
14406,55,5,50,2
14407,62,9,53,2
14408,58,5,53,2
14409,47,7,40,2
14410,50,8,42,2
14411,52,7,45,2
14412,48,6,42,2
14413,51,6,45,2
14414,62,4,58,2
14416,47,8,39,2
14417,57,12,45,2
14418,59,5,54,2
14419,62,4,58,2
14420,59,3,56,2
14421,1,0,1,1
14422,40,7,33,2
14423,48,6,42,2
14424,50,6,44,2
14425,59,8,51,2
14427,39,4,35,2
14428,61,5,56,2
14429,55,9,46,2
14431,64,9,55,2
14432,48,9,39,2
14433,48,6,42,2
14434,42,7,35,2
14435,52,8,44,2
14436,50,5,45,2
14437,49,6,43,2
14438,54,4,50,2
14439,46,6,40,2
14440,54,6,48,2
14441,50,4,46,2
14442,58,6,52,2
14443,7,3,4,2
14444,56,7,49,2
14445,54,5,49,2
14446,56,6,50,2
14447,63,11,52,2
14448,57,9,48,2
14449,53,7,46,2
14450,46,9,37,2
14451,57,7,50,2
14452,47,3,44,2
14453,50,5,45,2
14454,47,4,43,2
14455,54,8,46,2
14456,26,13,13,2
14457,57,5,52,2
14458,51,5,46,2
14459,55,8,47,2
14461,56,9,47,2
14462,59,7,52,2
14463,46,9,37,2
14464,55,2,53,2
14465,63,4,59,2
14466,47,6,41,2
14467,54,6,48,2
14468,58,8,50,2
14469,58,6,52,2
14470,44,3,41,2
14471,41,3,38,2
14472,57,6,51,2
14473,63,10,53,2
14474,59,8,51,2
14475,56,7,49,2
14476,60,6,54,2
14478,51,7,44,2
14480,49,5,44,2
14482,54,10,44,2
14484,73,12,61,2
14485,44,4,40,2
14486,52,6,46,2
14487,53,5,48,2
14488,48,7,41,2
14489,52,7,45,2
14490,50,7,43,2
14491,4,4,0,1
14494,46,6,40,2
14495,65,7,58,2
14496,62,6,56,2
14497,75,16,59,2
14498,58,4,54,2
14499,44,7,37,2
14500,50,5,45,2
14501,53,8,45,2
14503,65,8,57,2
14504,71,10,61,2
14505,61,7,54,2
14506,61,7,54,2
14507,72,10,62,2
14508,61,4,57,2
14509,51,10,41,2
14510,52,7,45,2
14511,35,4,31,2
14514,54,8,46,2
14515,53,1,52,2
14516,57,8,49,2
14517,41,5,36,2
14518,54,7,47,2
14519,51,2,49,2
14520,65,9,56,2
14522,48,6,42,2
14523,52,6,46,2
14524,56,5,51,2
14526,55,5,50,2
14527,52,7,45,2
14528,55,5,50,2
14529,63,14,49,2
14530,43,3,40,2
14532,55,4,51,2
14533,57,5,52,2
14534,61,6,55,2
14535,45,5,40,2
14536,49,4,45,2
14537,49,8,41,2
14538,56,11,45,2
14539,67,6,61,2
14543,47,12,35,2
14544,62,8,54,2
14545,58,10,48,2
14546,54,5,49,2
14549,55,9,46,2
14550,61,8,53,2
14551,53,4,49,2
14552,43,9,34,2
14553,54,6,48,2
14554,55,7,48,2
14555,1,0,1,1
14556,59,4,55,2
14557,57,6,51,2
14558,48,5,43,2
14559,52,7,45,2
14561,42,3,39,2
14565,54,9,45,2
14566,58,9,49,2
14569,58,4,54,2
14570,63,8,55,2
14571,60,9,51,2
14572,50,5,45,2
14573,3,2,1,2
14574,55,10,45,2
14576,54,5,49,2
14577,35,3,32,2
14578,45,2,43,2
14579,51,7,44,2
14580,59,8,51,2
14581,61,6,55,2
14582,37,4,33,2
14583,49,6,43,2
14584,53,5,48,2
14585,63,9,54,2
14586,50,12,38,2
14587,55,5,50,2
14588,60,8,52,2
14589,61,6,55,2
14590,62,10,52,2
14591,55,8,47,2
14592,55,5,50,2
14593,59,8,51,2
14594,53,10,43,2
14595,1,1,0,1
14596,12,10,2,2
14597,3,0,3,1
14598,58,8,50,2
14599,45,5,40,2
14600,49,6,43,2
14601,56,5,51,2
14602,66,10,56,2
14603,50,8,42,2
14604,52,7,45,2
14605,62,10,52,2
14606,41,4,37,2
14607,49,6,43,2
14608,51,9,42,2
14610,47,5,42,2
14611,53,4,49,2
14612,13,10,3,2
14613,60,8,52,2
14614,60,7,53,2
14615,45,7,38,2
14616,51,9,42,2
14617,45,4,41,2
14618,62,6,56,2
14619,46,10,36,2
14620,72,8,64,2
14621,48,6,42,2
14622,45,3,42,2
14624,1,0,1,1
14625,38,3,35,2
14626,1,0,1,1
14627,57,4,53,2
14628,53,8,45,2
14629,10,7,3,2
14630,59,6,53,2
14631,48,4,44,2
14634,54,4,50,2
14635,54,10,44,2
14636,47,4,43,2
14637,50,6,44,2
14638,49,3,46,2
14639,10,0,10,1
14640,54,4,50,2
14642,44,7,37,2
14643,53,8,45,2
14645,65,9,56,2
14646,61,4,57,2
14647,64,9,55,2
14648,60,7,53,2
14649,66,9,57,2
14650,61,4,57,2
14651,60,6,54,2
14654,18,4,14,2
14655,15,0,15,1
14656,202,200,2,2
14657,48,3,45,2
14658,65,4,61,2
14659,52,8,44,2
14660,58,5,53,2
14661,44,4,40,2
14662,43,7,36,2
14663,45,5,40,2
14664,56,9,47,2
14665,50,5,45,2
14666,62,5,57,2
14667,43,4,39,2
14668,59,3,56,2
14669,65,10,55,2
14670,46,3,43,2
14671,55,5,50,2
14672,56,14,42,2
14674,51,6,45,2
14675,55,6,49,2
14676,53,8,45,2
14677,4,2,2,2
14678,53,6,47,2
14679,48,9,39,2
14680,64,6,58,2
14681,51,9,42,2
14682,1,1,0,1
14683,56,9,47,2
14684,61,9,52,2
14685,67,10,57,2
14686,62,7,55,2
14688,42,3,39,2
14689,61,8,53,2
14690,54,5,49,2
14692,63,5,58,2
14693,53,9,44,2
14694,58,8,50,2
14695,58,8,50,2
14697,43,2,41,2
14698,59,11,48,2
14699,64,10,54,2
14700,51,9,42,2
14701,52,4,48,2
14702,58,6,52,2
14703,47,7,40,2
14704,66,5,61,2
14705,53,9,44,2
14706,65,9,56,2
14707,51,10,41,2
14708,67,7,60,2
14709,55,7,48,2
14710,41,4,37,2
14711,57,4,53,2
14712,48,7,41,2
14713,66,10,56,2
14714,41,4,37,2
14715,29,25,4,2
14716,66,4,62,2
14717,59,9,50,2
14718,56,9,47,2
14719,56,8,48,2
14720,1,0,1,1
14721,65,6,59,2
14722,60,10,50,2
14723,52,7,45,2
14724,41,5,36,2
14725,45,2,43,2
14726,55,3,52,2
14727,61,7,54,2
14728,57,3,54,2
14729,51,5,46,2
14730,61,6,55,2
14732,57,11,46,2
14733,60,4,56,2
14734,45,4,41,2
14735,153,153,0,1
14736,59,3,56,2
14737,53,5,48,2
14738,69,11,58,2
14739,50,7,43,2
14740,54,7,47,2
14741,57,5,52,2
14742,54,5,49,2
14743,49,4,45,2
14744,44,5,39,2
14745,62,15,47,2
14746,56,7,49,2
14747,56,5,51,2
14748,9,2,7,2
14749,55,6,49,2
14750,54,4,50,2
14751,47,4,43,2
14752,55,6,49,2
14753,57,11,46,2
14754,56,3,53,2
14755,47,6,41,2
14756,62,8,54,2
14757,45,3,42,2
14759,66,7,59,2
14761,59,7,52,2
14762,1,0,1,1
14763,46,10,36,2
14764,49,4,45,2
14765,50,9,41,2
14766,54,2,52,2
14767,59,6,53,2
14768,60,8,52,2
14769,58,11,47,2
14770,59,6,53,2
14771,56,3,53,2
14772,49,4,45,2
14773,50,6,44,2
14774,49,6,43,2
14775,57,6,51,2
14776,55,7,48,2
14777,53,6,47,2
14778,56,11,45,2
14779,67,10,57,2
14780,57,6,51,2
14782,50,8,42,2
14783,62,4,58,2
14784,52,6,46,2
14785,56,12,44,2
14786,44,6,38,2
14787,52,3,49,2
14788,57,7,50,2
14789,50,6,44,2
14790,51,6,45,2
14791,51,10,41,2
14792,49,5,44,2
14793,53,3,50,2
14794,53,5,48,2
14795,47,30,17,2
14796,61,5,56,2
14798,63,5,58,2
14801,61,10,51,2
14802,54,1,53,2
14803,73,10,63,2
14804,55,9,46,2
14805,64,5,59,2
14806,71,11,60,2
14807,52,4,48,2
14808,47,5,42,2
14809,47,3,44,2
14810,58,8,50,2
14811,55,4,51,2
14812,51,7,44,2
14813,41,5,36,2
14814,63,8,55,2
14815,54,5,49,2
14816,51,6,45,2
14817,54,6,48,2
14818,51,5,46,2
14819,51,10,41,2
14820,1,0,1,1
14821,51,6,45,2
14822,43,5,38,2
14823,66,5,61,2
14824,47,7,40,2
14826,54,4,50,2
14828,69,7,62,2
14829,56,11,45,2
14830,57,0,57,1
14831,58,7,51,2
14832,55,10,45,2
14833,54,1,53,2
14834,54,8,46,2
14836,54,7,47,2
14838,56,5,51,2
14840,48,4,44,2
14841,58,7,51,2
14842,58,5,53,2
14843,65,11,54,2
14844,46,5,41,2
14845,62,8,54,2
14847,56,5,51,2
14848,49,4,45,2
14849,58,13,45,2
14853,55,5,50,2
14855,57,5,52,2
14856,50,4,46,2
14857,48,4,44,2
14858,55,6,49,2
14859,55,7,48,2
14860,50,4,46,2
14861,50,7,43,2
14863,45,6,39,2
14864,46,46,0,1
14865,55,5,50,2
14866,63,5,58,2
14868,62,8,54,2
14869,55,5,50,2
14870,54,6,48,2
14871,61,4,57,2
14872,69,11,58,2
14873,52,8,44,2
14874,49,3,46,2
14875,49,5,44,2
14876,52,3,49,2
14877,56,4,52,2
14880,3,2,1,2
14881,60,10,50,2
14882,57,3,54,2
14885,61,6,55,2
14886,1,0,1,1
14887,1,1,0,1
14888,61,3,58,2
14889,57,8,49,2
14890,56,10,46,2
14891,55,10,45,2
14892,63,10,53,2
14893,49,9,40,2
14894,47,9,38,2
14895,49,6,43,2
14896,51,5,46,2
14897,49,7,42,2
14898,54,7,47,2
14899,55,8,47,2
14900,49,8,41,2
14902,50,7,43,2
14903,51,7,44,2
14904,52,8,44,2
14905,52,5,47,2
14906,63,6,57,2
14907,66,4,62,2
14908,60,5,55,2
14909,57,6,51,2
14910,51,7,44,2
14911,60,7,53,2
14913,52,3,49,2
14914,49,6,43,2
14915,50,4,46,2
14916,61,8,53,2
14917,46,7,39,2
14918,63,8,55,2
14919,52,6,46,2
14920,3,1,2,2
14921,47,7,40,2
14922,68,10,58,2
14923,69,12,57,2
14925,68,7,61,2
14926,64,6,58,2
14927,58,6,52,2
14929,63,8,55,2
14930,44,5,39,2
14931,36,3,33,2
14932,55,4,51,2
14933,65,6,59,2
14934,61,11,50,2
14935,59,12,47,2
14936,49,4,45,2
14937,52,3,49,2
14938,54,2,52,2
14939,13,13,0,1
14941,18,18,0,1
14942,58,12,46,2
14943,8,8,0,1
14944,58,7,51,2
14945,51,3,48,2
14946,66,8,58,2
14947,55,3,52,2
14948,53,5,48,2
14949,54,6,48,2
14950,2,0,2,1
14951,59,8,51,2
14952,56,6,50,2
14953,51,9,42,2
14954,58,9,49,2
14955,50,3,47,2
14956,59,6,53,2
14957,59,8,51,2
14958,53,7,46,2
14959,70,4,66,2
14960,57,9,48,2
14961,53,3,50,2
14962,61,7,54,2
14963,61,5,56,2
14964,62,10,52,2
14965,55,5,50,2
14966,52,8,44,2
14967,59,11,48,2
14969,69,5,64,2
14971,53,4,49,2
14972,65,4,61,2
14973,61,9,52,2
14974,52,7,45,2
14975,58,12,46,2
14976,44,5,39,2
14977,46,2,44,2
14978,52,5,47,2
14979,62,7,55,2
14980,53,3,50,2
14981,5,0,5,1
14982,49,3,46,2
14983,134,127,7,2
14984,56,8,48,2
14985,60,5,55,2
14986,3,3,0,1
14988,60,3,57,2
14989,3,0,3,1
14990,46,9,37,2
14991,61,8,53,2
14992,55,10,45,2
14993,57,4,53,2
14994,42,6,36,2
14995,55,6,49,2
14997,59,8,51,2
14999,53,7,46,2
15000,66,7,59,2
15001,48,2,46,2
15002,65,7,58,2
15005,1,0,1,1
15006,69,6,63,2
15007,54,4,50,2
15008,60,8,52,2
15009,54,6,48,2
15010,52,6,46,2
15011,46,0,46,1
15012,10,4,6,2
15013,56,5,51,2
15014,51,9,42,2
15015,53,8,45,2
15017,48,4,44,2
15018,46,8,38,2
15019,63,5,58,2
15021,59,5,54,2
15022,58,9,49,2
15024,50,6,44,2
15025,2,1,1,2
15026,47,3,44,2
15027,62,8,54,2
15028,50,7,43,2
15030,37,4,33,2
15031,13,1,12,2
15032,62,5,57,2
15033,1,0,1,1
15034,68,9,59,2
15035,37,7,30,2
15036,53,6,47,2
15037,50,7,43,2
15038,60,7,53,2
15039,52,6,46,2
15040,55,6,49,2
15041,41,5,36,2
15042,59,8,51,2
15043,58,9,49,2
15044,52,11,41,2
15045,51,5,46,2
15046,54,5,49,2
15047,60,4,56,2
15048,60,6,54,2
15049,52,4,48,2
15050,47,7,40,2
15051,61,8,53,2
15052,59,7,52,2
15053,51,3,48,2
15055,58,1,57,2
15056,59,11,48,2
15057,56,3,53,2
15058,16,11,5,2
15059,50,9,41,2
15060,52,2,50,2
15061,59,14,45,2
15062,54,8,46,2
15063,58,6,52,2
15064,2,0,2,1
15065,43,10,33,2
15066,37,4,33,2
15067,62,7,55,2
15069,55,5,50,2
15070,2,0,2,1
15071,59,6,53,2
15072,64,11,53,2
15073,61,6,55,2
15074,49,8,41,2
15075,59,9,50,2
15076,55,10,45,2
15077,65,8,57,2
15078,51,8,43,2
15079,56,6,50,2
15080,61,11,50,2
15081,44,8,36,2
15082,54,2,52,2
15083,56,2,54,2
15084,60,6,54,2
15085,52,6,46,2
15086,48,7,41,2
15087,6,0,6,1
15088,61,8,53,2
15089,66,8,58,2
15090,1,1,0,1
15091,61,5,56,2
15092,53,7,46,2
15093,59,7,52,2
15095,42,4,38,2
15096,53,4,49,2
15097,57,5,52,2
15098,64,9,55,2
15099,45,5,40,2
15100,52,7,45,2
15101,3,1,2,2
15102,59,6,53,2
15103,44,5,39,2
15104,57,12,45,2
15105,46,5,41,2
15106,45,8,37,2
15107,1,0,1,1
15108,50,6,44,2
15110,83,83,0,1
15111,58,6,52,2
15112,47,6,41,2
15113,58,3,55,2
15114,47,7,40,2
15115,66,4,62,2
15116,50,4,46,2
15117,57,6,51,2
15118,50,3,47,2
15119,58,5,53,2
15120,53,7,46,2
15121,57,7,50,2
15122,73,8,65,2
15123,53,9,44,2
15124,51,7,44,2
15125,51,6,45,2
15128,69,8,61,2
15129,52,5,47,2
15130,52,7,45,2
15131,42,5,37,2
15132,47,1,46,2
15133,38,2,36,2
15134,52,7,45,2
15135,52,2,50,2
15136,2,2,0,1
15137,64,11,53,2
15138,62,11,51,2
15139,53,9,44,2
15140,46,6,40,2
15141,63,9,54,2
15142,52,3,49,2
15143,51,7,44,2
15144,47,7,40,2
15145,58,7,51,2
15146,58,7,51,2
15147,57,6,51,2
15148,55,12,43,2
15149,65,9,56,2
15150,2,0,2,1
15151,73,10,63,2
15152,52,8,44,2
15153,48,6,42,2
15154,60,5,55,2
15155,51,8,43,2
15156,53,7,46,2
15157,53,7,46,2
15158,59,4,55,2
15159,45,4,41,2
15160,56,9,47,2
15161,41,9,32,2
15163,44,6,38,2
15164,56,10,46,2
15165,48,3,45,2
15166,54,6,48,2
15167,65,8,57,2
15168,63,6,57,2
15169,56,6,50,2
15170,49,4,45,2
15171,56,6,50,2
15172,49,3,46,2
15173,67,8,59,2
15174,61,8,53,2
15175,45,5,40,2
15176,48,6,42,2
15177,52,5,47,2
15178,70,10,60,2
15179,50,9,41,2
15180,55,4,51,2
15181,45,6,39,2
15182,61,14,47,2
15183,63,6,57,2
15184,56,5,51,2
15185,52,9,43,2
15186,61,4,57,2
15187,62,10,52,2
15188,70,7,63,2
15189,48,6,42,2
15190,70,5,65,2
15191,41,5,36,2
15192,41,8,33,2
15193,60,4,56,2
15194,59,3,56,2
15195,53,7,46,2
15196,56,9,47,2
15197,48,6,42,2
15198,60,8,52,2
15199,59,3,56,2
15200,49,4,45,2
15201,66,7,59,2
15202,50,3,47,2
15203,63,5,58,2
15204,52,5,47,2
15205,54,6,48,2
15206,49,8,41,2
15207,45,6,39,2
15208,52,8,44,2
15209,52,8,44,2
15210,57,7,50,2
15211,58,8,50,2
15212,64,9,55,2
15213,45,4,41,2
15214,62,5,57,2
15215,62,6,56,2
15216,47,8,39,2
15217,50,7,43,2
15218,55,3,52,2
15219,51,7,44,2
15220,58,5,53,2
15221,66,5,61,2
15222,63,6,57,2
15223,45,5,40,2
15224,58,4,54,2
15225,44,4,40,2
15226,54,11,43,2
15227,64,8,56,2
15228,44,4,40,2
15229,51,7,44,2
15230,62,7,55,2
15231,53,6,47,2
15232,46,4,42,2
15233,58,4,54,2
15234,54,10,44,2
15235,53,4,49,2
15236,47,9,38,2
15237,76,10,66,2
15238,53,6,47,2
15239,48,6,42,2
15240,45,9,36,2
15241,53,7,46,2
15242,53,7,46,2
15243,42,8,34,2
15244,44,6,38,2
15245,51,3,48,2
15246,48,7,41,2
15247,58,5,53,2
15248,54,7,47,2
15249,48,13,35,2
15250,54,11,43,2
15251,52,7,45,2
15252,52,8,44,2
15253,58,4,54,2
15254,61,9,52,2
15255,53,7,46,2
15256,50,6,44,2
15257,53,9,44,2
15258,61,6,55,2
15259,55,7,48,2
15260,55,4,51,2
15261,51,7,44,2
15262,52,9,43,2
15263,51,7,44,2
15264,62,10,52,2
15265,64,7,57,2
15266,54,7,47,2
15267,56,4,52,2
15268,59,9,50,2
15269,60,5,55,2
15270,45,6,39,2
15271,65,9,56,2
15272,48,7,41,2
15273,44,2,42,2
15274,50,5,45,2
15275,68,6,62,2
15276,63,8,55,2
15277,43,4,39,2
15278,39,2,37,2
15279,60,15,45,2
15280,46,6,40,2
15281,49,3,46,2
15282,61,8,53,2
15283,61,8,53,2
15284,48,4,44,2
15285,60,9,51,2
15286,66,13,53,2
15287,50,7,43,2
15288,42,7,35,2
15289,63,7,56,2
15290,52,5,47,2
15291,54,11,43,2
15292,50,9,41,2
15293,58,13,45,2
15294,61,7,54,2
15295,63,9,54,2
15296,48,10,38,2
15297,65,7,58,2
15298,47,6,41,2
15299,49,7,42,2
15300,59,11,48,2
15301,49,2,47,2
15302,54,5,49,2
15303,63,10,53,2
15304,53,10,43,2
15305,66,2,64,2
15306,54,2,52,2
15307,46,3,43,2
15308,51,2,49,2
15309,47,6,41,2
15310,54,5,49,2
15311,57,5,52,2
15312,57,3,54,2
15313,37,4,33,2
15314,41,3,38,2
15315,62,4,58,2
15316,64,8,56,2
15317,67,11,56,2
15318,61,7,54,2
15319,51,6,45,2
15320,53,11,42,2
15321,58,8,50,2
15322,60,10,50,2
15323,56,11,45,2
15324,59,9,50,2
15325,39,10,29,2
15326,60,10,50,2
15327,39,5,34,2
15328,51,10,41,2
15329,55,11,44,2
15330,51,5,46,2
15331,56,4,52,2
15332,63,10,53,2
15333,52,5,47,2
15334,55,6,49,2
15335,57,10,47,2
15336,60,10,50,2
15337,51,8,43,2
15338,45,4,41,2
15339,39,3,36,2
15340,47,4,43,2
15341,50,6,44,2
15342,69,3,66,2
15343,50,7,43,2
15344,66,10,56,2
15345,56,8,48,2
15346,64,6,58,2
15347,49,1,48,2
15348,46,8,38,2
15349,54,6,48,2
15350,47,9,38,2
15351,48,6,42,2
15352,66,6,60,2
15353,58,7,51,2
15354,48,7,41,2
15355,51,5,46,2
15356,54,5,49,2
15357,45,9,36,2
15358,52,5,47,2
15359,64,5,59,2
15360,45,5,40,2
15361,24,2,22,2
15362,37,6,31,2
15363,55,6,49,2
15364,59,7,52,2
15365,67,12,55,2
15366,49,4,45,2
15367,50,7,43,2
15368,75,10,65,2
15369,54,9,45,2
15370,58,7,51,2
15371,50,4,46,2
15372,41,3,38,2
15373,55,12,43,2
15374,53,6,47,2
15375,49,6,43,2
15376,56,7,49,2
15377,67,12,55,2
15378,64,5,59,2
15379,58,10,48,2
15380,53,7,46,2
15381,53,5,48,2
15382,50,5,45,2
15383,72,6,66,2
15384,60,10,50,2
15385,76,12,64,2
15386,73,9,64,2
15387,64,10,54,2
15388,66,6,60,2
15389,57,3,54,2
15390,45,3,42,2
15391,46,1,45,2
15392,44,5,39,2
15393,54,5,49,2
15394,44,5,39,2
15395,56,6,50,2
15396,57,8,49,2
15397,50,8,42,2
15398,56,9,47,2
15399,54,4,50,2
15400,52,3,49,2
15401,51,7,44,2
15402,61,8,53,2
15403,42,4,38,2
15404,56,6,50,2
15405,63,9,54,2
15406,57,7,50,2
15407,57,11,46,2
15408,70,8,62,2
15409,41,5,36,2
15410,44,3,41,2
15411,56,6,50,2
15412,60,7,53,2
15413,55,9,46,2
15414,55,4,51,2
15415,53,7,46,2
15416,49,5,44,2
15417,47,5,42,2
15418,44,8,36,2
15419,48,5,43,2
15420,70,9,61,2
15421,66,8,58,2
15422,58,5,53,2
15423,53,9,44,2
15424,58,6,52,2
15425,54,8,46,2
15426,41,2,39,2
15427,68,5,63,2
15428,55,4,51,2
15429,36,4,32,2
15430,48,1,47,2
15431,69,9,60,2
15432,57,10,47,2
15433,53,11,42,2
15434,53,7,46,2
15435,60,8,52,2
15436,54,6,48,2
15437,57,10,47,2
15438,46,4,42,2
15439,56,10,46,2
15440,56,9,47,2
15441,65,9,56,2
15442,53,10,43,2
15443,52,8,44,2
15444,45,10,35,2
15445,47,5,42,2
15446,67,8,59,2
15447,60,6,54,2
15448,61,4,57,2
15449,51,2,49,2
15450,62,7,55,2
15451,66,7,59,2
15452,54,8,46,2
15453,47,7,40,2
15454,54,5,49,2
15455,34,3,31,2
15456,48,11,37,2
15457,57,9,48,2
15458,54,8,46,2
15459,62,9,53,2
15460,49,5,44,2
15461,52,7,45,2
15462,51,5,46,2
15463,65,9,56,2
15464,52,4,48,2
15465,57,9,48,2
15466,57,6,51,2
15467,49,5,44,2
15468,72,12,60,2
15469,53,14,39,2
15470,40,6,34,2
15471,56,14,42,2
15472,53,7,46,2
15473,49,5,44,2
15474,55,7,48,2
15475,58,5,53,2
15476,40,8,32,2
15477,54,5,49,2
15478,47,4,43,2
15479,51,8,43,2
15480,61,8,53,2
15481,45,7,38,2
15482,62,12,50,2
15483,52,8,44,2
15484,54,3,51,2
15485,59,4,55,2
15486,54,4,50,2
15487,50,7,43,2
15488,52,5,47,2
15489,64,7,57,2
15490,51,9,42,2
15491,49,4,45,2
15492,60,14,46,2
15493,42,5,37,2
15494,54,8,46,2
15495,52,6,46,2
15496,41,6,35,2
15497,53,2,51,2
15498,66,10,56,2
15499,39,6,33,2
15500,56,6,50,2
15501,48,6,42,2
15502,61,7,54,2
15503,58,6,52,2
15504,53,5,48,2
15505,55,5,50,2
15506,55,7,48,2
15507,70,5,65,2
15508,49,5,44,2
15509,55,5,50,2
15510,55,8,47,2
15511,64,7,57,2
15512,55,5,50,2
15513,45,5,40,2
15514,63,2,61,2
15515,52,6,46,2
15516,54,3,51,2
15517,60,5,55,2
15518,48,7,41,2
15519,52,4,48,2
15520,42,7,35,2
15521,48,3,45,2
15522,54,11,43,2
15523,57,7,50,2
15524,47,5,42,2
15525,49,3,46,2
15526,69,8,61,2
15527,53,1,52,2
15528,46,8,38,2
15529,51,7,44,2
15530,58,8,50,2
15531,47,8,39,2
15532,55,5,50,2
15533,60,4,56,2
15534,63,5,58,2
15535,52,5,47,2
15536,73,9,64,2
15537,47,5,42,2
15538,42,2,40,2
15539,59,11,48,2
15540,60,6,54,2
15541,43,5,38,2
15542,67,8,59,2
15543,67,7,60,2
15544,58,9,49,2
15545,61,4,57,2
15546,59,5,54,2
15547,57,10,47,2
15548,52,4,48,2
15549,45,7,38,2
15550,53,8,45,2
15551,54,6,48,2
15552,56,7,49,2
15553,51,7,44,2
15554,61,9,52,2
15555,43,10,33,2
15556,46,5,41,2
15557,50,9,41,2
15558,46,7,39,2
15559,58,8,50,2
15560,44,5,39,2
15561,54,5,49,2
15562,49,5,44,2
15563,53,7,46,2
15564,51,4,47,2
15565,49,4,45,2
15566,50,11,39,2
15567,55,6,49,2
15568,54,5,49,2
15569,34,5,29,2
15570,58,7,51,2
15571,50,4,46,2
15572,40,7,33,2
15573,57,7,50,2
15574,38,3,35,2
15575,59,4,55,2
15576,54,10,44,2
15577,67,2,65,2
15578,47,8,39,2
15579,67,7,60,2
15580,71,5,66,2
15581,58,6,52,2
15582,60,8,52,2
15583,50,5,45,2
15584,54,5,49,2
15585,62,8,54,2
15586,56,6,50,2
15587,67,6,61,2
15588,65,9,56,2
15589,46,5,41,2
15590,62,9,53,2
15591,51,1,50,2
15592,69,6,63,2
15593,61,8,53,2
15594,58,12,46,2
15595,55,3,52,2
15596,65,4,61,2
15597,43,7,36,2
15598,54,7,47,2
15599,60,7,53,2
15600,56,7,49,2
15601,63,10,53,2
15602,50,5,45,2
15603,44,7,37,2
15604,61,7,54,2
15605,63,10,53,2
15606,58,4,54,2
15607,63,8,55,2
15608,56,6,50,2
15609,56,7,49,2
15610,52,7,45,2
15611,52,4,48,2
15612,55,8,47,2
15613,61,5,56,2
15614,56,7,49,2
15615,61,8,53,2
15616,52,10,42,2
15617,56,4,52,2
15618,43,5,38,2
15619,38,5,33,2
15620,51,6,45,2
15621,57,8,49,2
15622,44,10,34,2
15623,50,6,44,2
15624,63,9,54,2
15625,72,13,59,2
15626,53,3,50,2
15627,48,9,39,2
15628,58,8,50,2
15629,54,5,49,2
15630,59,8,51,2
15631,43,8,35,2
15632,53,5,48,2
15633,46,6,40,2
15634,53,6,47,2
15635,47,7,40,2
15636,46,3,43,2
15637,64,10,54,2
15638,51,5,46,2
15639,49,8,41,2
15640,56,9,47,2
15641,54,5,49,2
15642,58,8,50,2
15643,50,1,49,2
15644,58,8,50,2
15645,50,9,41,2
15646,57,4,53,2
15647,49,5,44,2
15648,43,5,38,2
15649,66,3,63,2
15650,74,9,65,2
15651,47,6,41,2
15652,56,7,49,2
15653,54,6,48,2
15654,56,8,48,2
15655,51,7,44,2
15656,45,5,40,2
15657,61,7,54,2
15658,55,4,51,2
15659,68,9,59,2
15660,55,4,51,2
15661,49,8,41,2
15662,59,5,54,2
15663,55,4,51,2
15664,49,7,42,2
15665,54,5,49,2
15666,39,4,35,2
15667,53,10,43,2
15668,38,4,34,2
15669,55,9,46,2
15670,52,8,44,2
15671,63,5,58,2
15672,36,3,33,2
15673,50,4,46,2
15674,62,5,57,2
15675,52,6,46,2
15676,56,5,51,2
15677,39,3,36,2
15678,44,6,38,2
15679,56,9,47,2
15680,52,8,44,2
15681,56,9,47,2
15682,72,10,62,2
15683,50,5,45,2
15684,53,2,51,2
15685,73,6,67,2
15686,54,6,48,2
15687,65,8,57,2
15688,52,5,47,2
15689,51,9,42,2
15690,57,8,49,2
15691,80,11,69,2
15692,56,7,49,2
15693,55,8,47,2
15694,51,6,45,2
15695,65,3,62,2
15696,47,5,42,2
15697,46,5,41,2
15698,49,9,40,2
15699,61,5,56,2
15700,45,8,37,2
15701,50,3,47,2
15702,55,4,51,2
15703,38,5,33,2
15704,41,4,37,2
15705,52,8,44,2
15706,55,5,50,2
15707,59,6,53,2
15708,57,9,48,2
15709,49,6,43,2
15710,62,4,58,2
15711,54,7,47,2
15712,69,7,62,2
15713,64,5,59,2
15714,55,5,50,2
15715,53,4,49,2
15716,49,8,41,2
15717,56,9,47,2
15718,42,8,34,2
15719,55,6,49,2
15720,47,8,39,2
15721,69,4,65,2
15722,39,3,36,2
15723,64,6,58,2
15724,61,5,56,2
15725,42,7,35,2
15726,67,10,57,2
15727,55,6,49,2
15728,43,6,37,2
15729,58,8,50,2
15730,66,4,62,2
15731,50,8,42,2
15732,63,12,51,2
15733,65,8,57,2
15734,59,8,51,2
15735,59,5,54,2
15736,66,8,58,2
15737,43,8,35,2
15738,51,4,47,2
15739,49,8,41,2
15740,37,1,36,2
15741,53,5,48,2
15742,68,6,62,2
15743,66,7,59,2
15744,57,5,52,2
15745,57,4,53,2
15746,54,8,46,2
15747,52,11,41,2
15748,43,4,39,2
15749,54,8,46,2
15750,43,4,39,2
15751,54,9,45,2
15752,50,4,46,2
15753,57,10,47,2
15754,52,3,49,2
15755,61,8,53,2
15756,46,8,38,2
15757,59,3,56,2
15758,62,6,56,2
15759,53,10,43,2
15760,42,7,35,2
15761,54,9,45,2
15762,61,3,58,2
15763,41,3,38,2
15764,49,9,40,2
15765,59,4,55,2
15766,56,9,47,2
15767,53,6,47,2
15768,68,6,62,2
15769,63,6,57,2
15770,44,4,40,2
15771,65,8,57,2
15772,46,5,41,2
15773,60,8,52,2
15774,36,5,31,2
15775,53,7,46,2
15776,47,10,37,2
15777,57,1,56,2
15778,61,7,54,2
15779,60,5,55,2
15780,50,5,45,2
15781,51,6,45,2
15782,72,11,61,2
15783,55,8,47,2
15784,50,12,38,2
15785,58,7,51,2
15786,41,9,32,2
15787,43,6,37,2
15788,50,8,42,2
15789,53,2,51,2
15790,56,9,47,2
15791,56,3,53,2
15792,42,6,36,2
15793,63,6,57,2
15794,51,2,49,2
15795,41,5,36,2
15796,58,16,42,2
15797,62,10,52,2
15798,61,3,58,2
15799,55,8,47,2
15800,55,6,49,2
15801,46,4,42,2
15802,58,12,46,2
15803,55,8,47,2
15804,50,5,45,2
15805,56,7,49,2
15806,62,4,58,2
15807,45,4,41,2
15808,48,7,41,2
15809,43,0,43,1
15810,46,8,38,2
15811,57,11,46,2
15812,71,5,66,2
15813,62,8,54,2
15814,56,9,47,2
15815,60,5,55,2
15816,53,9,44,2
15817,62,7,55,2
15818,53,15,38,2
15819,46,4,42,2
15820,45,4,41,2
15821,47,6,41,2
15822,45,7,38,2
15823,59,5,54,2
15824,61,7,54,2
15825,52,6,46,2
15826,58,7,51,2
15827,59,6,53,2
15828,59,9,50,2
15829,67,4,63,2
15830,67,8,59,2
15831,54,7,47,2
15832,54,7,47,2
15833,44,6,38,2
15834,71,5,66,2
15835,56,7,49,2
15836,57,7,50,2
15837,56,8,48,2
15838,43,6,37,2
15839,44,6,38,2
15840,54,8,46,2
15841,61,4,57,2
15842,49,5,44,2
15843,47,7,40,2
15844,61,11,50,2
15845,46,5,41,2
15846,57,5,52,2
15847,50,7,43,2
15848,51,5,46,2
15849,61,8,53,2
15850,50,5,45,2
15851,49,6,43,2
15852,53,11,42,2
15853,63,9,54,2
15854,61,8,53,2
15855,39,6,33,2
15856,46,6,40,2
15857,53,7,46,2
15858,55,3,52,2
15859,66,9,57,2
15860,46,4,42,2
15861,63,6,57,2
15862,57,5,52,2
15863,52,9,43,2
15864,60,3,57,2
15865,60,7,53,2
15866,54,6,48,2
15867,55,8,47,2
15868,59,10,49,2
15869,56,5,51,2
15870,49,9,40,2
15871,63,10,53,2
15872,56,8,48,2
15873,52,6,46,2
15874,48,5,43,2
15875,56,11,45,2
15876,60,9,51,2
15877,57,10,47,2
15878,53,5,48,2
15879,53,5,48,2
15880,47,3,44,2
15881,51,10,41,2
15882,46,9,37,2
15883,48,10,38,2
15884,66,4,62,2
15885,40,6,34,2
15886,63,5,58,2
15887,50,9,41,2
15888,43,10,33,2
15889,49,2,47,2
15890,42,8,34,2
15891,60,6,54,2
15892,51,7,44,2
15893,47,10,37,2
15894,61,6,55,2
15895,62,9,53,2
15896,47,8,39,2
15897,46,7,39,2
15898,69,11,58,2
15899,61,6,55,2
15900,46,5,41,2
15901,53,7,46,2
15902,58,5,53,2
15903,51,10,41,2
15904,48,6,42,2
15905,52,8,44,2
15906,55,5,50,2
15907,63,12,51,2
15908,44,4,40,2
15909,53,5,48,2
15910,66,9,57,2
15911,64,8,56,2
15912,55,10,45,2
15913,55,10,45,2
15914,56,8,48,2
15915,49,4,45,2
15916,49,7,42,2
15917,58,7,51,2
15918,50,11,39,2
15919,47,5,42,2
15920,55,8,47,2
15921,56,7,49,2
15922,57,3,54,2
15923,66,11,55,2
15924,60,3,57,2
15925,62,9,53,2
15926,59,8,51,2
15927,48,2,46,2
15928,55,3,52,2
15929,58,7,51,2
15930,62,8,54,2
15931,58,7,51,2
15932,44,8,36,2
15933,63,7,56,2
15934,47,9,38,2
15935,59,8,51,2
15936,68,8,60,2
15937,47,5,42,2
15938,61,5,56,2
15939,51,7,44,2
15940,74,7,67,2
15941,58,7,51,2
15942,58,4,54,2
15943,45,5,40,2
15944,62,10,52,2
15945,68,10,58,2
15946,57,4,53,2
15947,67,7,60,2
15948,42,5,37,2
15949,69,9,60,2
15950,65,2,63,2
15951,48,10,38,2
15952,67,4,63,2
15953,76,13,63,2
15954,51,6,45,2
15955,47,6,41,2
15956,52,7,45,2
15957,56,10,46,2
15958,55,5,50,2
15959,61,9,52,2
15960,53,3,50,2
15961,40,6,34,2
15962,62,7,55,2
15963,54,5,49,2
15964,49,10,39,2
15965,53,8,45,2
15966,40,4,36,2
15967,51,11,40,2
15968,61,5,56,2
15969,48,3,45,2
15970,47,4,43,2
15971,59,11,48,2
15972,52,9,43,2
15973,57,5,52,2
15974,63,6,57,2
15975,47,5,42,2
15976,58,5,53,2
15977,56,4,52,2
15978,65,9,56,2
15979,51,6,45,2
15980,46,7,39,2
15981,42,5,37,2
15982,60,11,49,2
15983,52,9,43,2
15984,68,6,62,2
15985,62,10,52,2
15986,54,4,50,2
15987,49,5,44,2
15988,70,10,60,2
15989,43,6,37,2
15990,55,3,52,2
15991,57,11,46,2
15992,70,9,61,2
15993,42,4,38,2
15994,51,11,40,2
15995,55,3,52,2
15996,66,6,60,2
15997,63,5,58,2
15998,68,10,58,2
15999,49,3,46,2
16000,56,2,54,2
16001,44,5,39,2
16002,56,8,48,2
16003,57,8,49,2
16004,58,6,52,2
16005,44,3,41,2
16006,49,7,42,2
16007,50,4,46,2
16008,59,5,54,2
16009,55,5,50,2
16010,54,6,48,2
16011,57,4,53,2
16012,43,7,36,2
16013,52,9,43,2
16014,76,12,64,2
16015,62,5,57,2
16016,64,1,63,2
16017,58,13,45,2
16018,51,4,47,2
16019,52,5,47,2
16020,47,3,44,2
16021,57,2,55,2
16022,52,9,43,2
16023,53,8,45,2
16024,50,3,47,2
16025,65,6,59,2
16026,56,4,52,2
16027,57,9,48,2
16028,53,11,42,2
16029,54,8,46,2
16030,65,5,60,2
16031,56,10,46,2
16032,62,9,53,2
16033,53,6,47,2
16034,54,5,49,2
16035,71,10,61,2
16036,47,5,42,2
16037,57,10,47,2
16038,58,8,50,2
16039,56,9,47,2
16040,68,11,57,2
16041,55,8,47,2
16042,56,5,51,2
16043,49,6,43,2
16044,55,6,49,2
16045,50,9,41,2
16046,61,6,55,2
16047,54,5,49,2
16048,52,5,47,2
16049,59,9,50,2
16050,67,6,61,2
16051,56,6,50,2
16052,52,7,45,2
16053,64,8,56,2
16054,57,4,53,2
16055,64,12,52,2
16056,51,8,43,2
16057,62,7,55,2
16058,63,5,58,2
16059,49,9,40,2
16060,39,4,35,2
16061,49,8,41,2
16062,48,9,39,2
16063,57,8,49,2
16064,55,7,48,2
16065,49,7,42,2
16066,41,5,36,2
16067,49,6,43,2
16068,51,7,44,2
16069,66,8,58,2
16070,54,8,46,2
16071,59,3,56,2
16072,48,4,44,2
16073,58,9,49,2
16074,59,10,49,2
16075,55,6,49,2
16076,66,5,61,2
16077,45,2,43,2
16078,67,15,52,2
16079,61,7,54,2
16080,61,6,55,2
16081,47,6,41,2
16082,45,3,42,2
16083,54,6,48,2
16084,52,4,48,2
16085,44,7,37,2
16086,49,5,44,2
16087,53,5,48,2
16088,63,8,55,2
16089,41,3,38,2
16090,57,2,55,2
16091,62,8,54,2
16092,50,4,46,2
16093,73,6,67,2
16094,42,7,35,2
16095,53,5,48,2
16096,49,5,44,2
16097,52,5,47,2
16098,62,7,55,2
16099,71,6,65,2
16100,39,5,34,2
16101,58,5,53,2
16102,52,10,42,2
16103,58,5,53,2
16104,52,2,50,2
16105,46,6,40,2
16106,53,6,47,2
16107,50,3,47,2
16108,51,7,44,2
16109,52,3,49,2
16110,55,7,48,2
16111,44,6,38,2
16112,43,5,38,2
16113,53,4,49,2
16114,61,3,58,2
16115,40,3,37,2
16116,55,6,49,2
16117,59,6,53,2
16118,59,4,55,2
16119,74,8,66,2
16120,50,6,44,2
16121,64,6,58,2
16122,60,10,50,2
16123,49,11,38,2
16124,37,8,29,2
16125,64,9,55,2
16126,45,4,41,2
16127,66,8,58,2
16128,50,9,41,2
16129,56,7,49,2
16130,42,3,39,2
16131,58,11,47,2
16132,58,8,50,2
16133,55,5,50,2
16134,69,8,61,2
16135,72,5,67,2
16136,60,9,51,2
16137,64,9,55,2
16138,56,9,47,2
16139,35,5,30,2
16140,58,3,55,2
16141,65,7,58,2
16142,41,5,36,2
16143,70,9,61,2
16144,49,9,40,2
16145,51,5,46,2
16146,56,7,49,2
16147,57,10,47,2
16148,48,10,38,2
16149,50,5,45,2
16150,47,3,44,2
16151,48,4,44,2
16152,60,7,53,2
16153,63,10,53,2
16154,53,5,48,2
16155,51,4,47,2
16156,61,9,52,2
16157,54,8,46,2
16158,66,3,63,2
16159,51,5,46,2
16160,45,6,39,2
16161,64,9,55,2
16162,63,7,56,2
16163,56,3,53,2
16164,45,4,41,2
16165,50,6,44,2
16166,42,9,33,2
16167,60,5,55,2
16168,54,5,49,2
16169,41,6,35,2
16170,58,7,51,2
16171,57,5,52,2
16172,52,3,49,2
16173,56,8,48,2
16174,45,6,39,2
16175,65,9,56,2
16176,46,3,43,2
16177,50,5,45,2
16178,55,4,51,2
16179,54,3,51,2
16180,55,7,48,2
16181,54,2,52,2
16182,59,5,54,2
16183,48,6,42,2
16184,57,10,47,2
16185,53,5,48,2
16186,63,6,57,2
16187,60,7,53,2
16188,66,9,57,2
16189,48,14,34,2
16190,49,6,43,2
16191,48,6,42,2
16192,56,5,51,2
16193,54,3,51,2
16194,61,8,53,2
16195,62,6,56,2
16196,55,9,46,2
16197,53,9,44,2
16198,53,9,44,2
16199,50,2,48,2
16200,53,9,44,2
16201,59,8,51,2
16202,64,3,61,2
16203,44,3,41,2
16204,58,8,50,2
16205,46,3,43,2
16206,56,9,47,2
16207,48,8,40,2
16208,54,7,47,2
16209,49,6,43,2
16210,56,6,50,2
16211,55,14,41,2
16212,58,11,47,2
16213,51,7,44,2
16214,44,3,41,2
16215,70,7,63,2
16216,51,7,44,2
16217,47,3,44,2
16218,52,3,49,2
16219,65,10,55,2
16220,48,6,42,2
16221,53,9,44,2
16222,61,5,56,2
16223,60,8,52,2
16224,48,7,41,2
16225,67,13,54,2
16226,57,6,51,2
16227,52,4,48,2
16228,66,12,54,2
16229,51,3,48,2
16230,56,10,46,2
16231,63,6,57,2
16232,58,12,46,2
16233,55,5,50,2
16234,59,6,53,2
16235,41,3,38,2
16236,56,10,46,2
16237,54,7,47,2
16238,68,5,63,2
16239,49,4,45,2
16240,41,4,37,2
16241,46,5,41,2
16242,51,5,46,2
16243,50,6,44,2
16244,55,7,48,2
16245,51,7,44,2
16246,69,3,66,2
16247,64,8,56,2
16248,58,11,47,2
16249,54,8,46,2
16250,62,6,56,2
16251,65,11,54,2
16252,44,4,40,2
16253,63,11,52,2
16254,52,4,48,2
16255,57,7,50,2
16256,73,14,59,2
16257,49,4,45,2
16258,50,11,39,2
16259,59,6,53,2
16260,61,4,57,2
16261,53,5,48,2
16262,49,4,45,2
16263,51,4,47,2
16264,53,4,49,2
16265,54,7,47,2
16266,55,4,51,2
16267,56,5,51,2
16268,44,4,40,2
16269,63,6,57,2
16270,48,3,45,2
16271,57,6,51,2
16272,60,8,52,2
16273,52,7,45,2
16274,45,10,35,2
16275,62,6,56,2
16276,47,5,42,2
16277,51,6,45,2
16278,54,4,50,2
16279,68,11,57,2
16280,56,9,47,2
16281,52,7,45,2
16282,56,8,48,2
16283,51,5,46,2
16284,52,10,42,2
16285,63,7,56,2
16286,54,7,47,2
16287,58,10,48,2
16288,53,9,44,2
16289,55,8,47,2
16290,48,8,40,2
16291,41,3,38,2
16292,50,6,44,2
16293,52,5,47,2
16294,71,5,66,2
16295,52,7,45,2
16296,52,3,49,2
16297,43,6,37,2
16298,54,6,48,2
16299,55,6,49,2
16300,51,4,47,2
16301,67,7,60,2
16302,53,7,46,2
16303,51,5,46,2
16304,54,8,46,2
16305,58,6,52,2
16306,58,7,51,2
16307,48,8,40,2
16308,54,6,48,2
16309,48,3,45,2
16310,38,8,30,2
16311,50,3,47,2
16312,56,4,52,2
16313,68,5,63,2
16314,56,10,46,2
16315,60,6,54,2
16316,50,4,46,2
16317,50,4,46,2
16318,56,5,51,2
16319,48,5,43,2
16320,52,5,47,2
16321,53,7,46,2
16322,61,11,50,2
16323,50,11,39,2
16324,69,6,63,2
16325,67,9,58,2
16326,51,10,41,2
16327,59,8,51,2
16328,46,6,40,2
16329,45,4,41,2
16330,44,9,35,2
16331,54,4,50,2
16332,57,9,48,2
16333,73,6,67,2
16334,64,11,53,2
16335,57,5,52,2
16336,50,8,42,2
16337,44,3,41,2
16338,57,6,51,2
16339,49,7,42,2
16340,56,7,49,2
16341,65,3,62,2
16342,54,7,47,2
16343,59,10,49,2
16344,46,5,41,2
16345,41,3,38,2
16346,56,6,50,2
16347,31,1,30,2
16348,62,6,56,2
16349,52,9,43,2
16350,48,7,41,2
16351,48,5,43,2
16352,59,7,52,2
16353,44,3,41,2
16354,52,1,51,2
16355,61,10,51,2
16356,56,5,51,2
16357,56,5,51,2
16358,60,6,54,2
16359,36,3,33,2
16360,59,6,53,2
16361,60,7,53,2
16362,56,5,51,2
16363,54,4,50,2
16364,43,7,36,2
16365,48,7,41,2
16366,52,7,45,2
16367,56,7,49,2
16368,61,5,56,2
16369,61,11,50,2
16370,58,7,51,2
16371,52,7,45,2
16372,52,11,41,2
16373,42,4,38,2
16374,61,8,53,2
16375,61,10,51,2
16376,58,9,49,2
16377,51,7,44,2
16378,45,7,38,2
16379,65,10,55,2
16380,55,7,48,2
16381,56,6,50,2
16382,64,7,57,2
16383,48,9,39,2
16384,57,2,55,2
16385,46,6,40,2
16386,62,8,54,2
16387,46,9,37,2
16388,55,8,47,2
16389,58,6,52,2
16390,60,12,48,2
16391,66,8,58,2
16392,42,4,38,2
16393,42,4,38,2
16394,63,8,55,2
16395,54,4,50,2
16396,61,9,52,2
16397,44,8,36,2
16398,67,3,64,2
16399,44,10,34,2
16400,55,8,47,2
16401,51,4,47,2
16402,63,10,53,2
16403,48,6,42,2
16404,62,11,51,2
16405,46,6,40,2
16406,58,11,47,2
16407,44,5,39,2
16408,54,5,49,2
16409,44,5,39,2
16410,46,9,37,2
16411,44,2,42,2
16412,51,3,48,2
16413,54,8,46,2
16414,50,6,44,2
16415,50,9,41,2
16416,57,5,52,2
16417,64,11,53,2
16418,46,7,39,2
16419,59,8,51,2
16420,59,6,53,2
16421,51,3,48,2
16422,45,10,35,2
16423,45,5,40,2
16424,58,11,47,2
16425,49,10,39,2
16426,62,6,56,2
16427,51,6,45,2
16428,59,7,52,2
16429,55,7,48,2
16430,71,8,63,2
16431,57,2,55,2
16432,61,3,58,2
16433,62,5,57,2
16434,46,13,33,2
16435,46,4,42,2
16436,60,4,56,2
16437,55,6,49,2
16438,58,6,52,2
16439,44,5,39,2
16440,53,9,44,2
16441,51,8,43,2
16442,50,7,43,2
16443,51,7,44,2
16444,52,6,46,2
16445,54,5,49,2
16446,60,9,51,2
16447,53,9,44,2
16448,43,4,39,2
16449,66,8,58,2
16450,46,9,37,2
16451,61,10,51,2
16452,55,6,49,2
16453,53,6,47,2
16454,42,2,40,2
16455,66,9,57,2
16456,54,11,43,2
16457,56,2,54,2
16458,61,11,50,2
16459,44,7,37,2
16460,43,4,39,2
16461,63,13,50,2
16462,59,6,53,2
16463,58,8,50,2
16464,61,8,53,2
16465,52,8,44,2
16466,68,8,60,2
16467,49,3,46,2
16468,45,6,39,2
16469,47,8,39,2
16470,45,5,40,2
16471,45,4,41,2
16472,48,5,43,2
16473,47,4,43,2
16474,46,3,43,2
16475,48,5,43,2
16476,48,6,42,2
16477,53,7,46,2
16478,70,12,58,2
16479,65,7,58,2
16480,49,5,44,2
16481,59,11,48,2
16482,48,8,40,2
16483,60,11,49,2
16484,37,2,35,2
16485,56,4,52,2
16486,59,5,54,2
16487,52,7,45,2
16488,63,5,58,2
16489,62,14,48,2
16490,54,7,47,2
16491,54,11,43,2
16492,51,6,45,2
16493,65,10,55,2
16494,54,10,44,2
16495,65,8,57,2
16496,54,6,48,2
16497,58,10,48,2
16498,49,3,46,2
16499,43,3,40,2
16500,69,12,57,2
16501,67,9,58,2
16502,51,4,47,2
16503,56,6,50,2
16504,57,3,54,2
16505,47,7,40,2
16506,56,3,53,2
16507,53,8,45,2
16508,51,5,46,2
16509,54,5,49,2
16510,52,11,41,2
16511,60,14,46,2
16512,49,6,43,2
16513,43,7,36,2
16514,60,8,52,2
16515,57,6,51,2
16516,46,4,42,2
16517,52,5,47,2
16518,57,10,47,2
16519,67,9,58,2
16520,44,4,40,2
16521,49,7,42,2
16522,61,8,53,2
16523,47,4,43,2
16524,61,5,56,2
16525,59,5,54,2
16526,53,9,44,2
16527,40,3,37,2
16528,37,7,30,2
16529,37,5,32,2
16530,61,5,56,2
16531,61,10,51,2
16532,51,7,44,2
16533,51,9,42,2
16534,42,9,33,2
16535,45,6,39,2
16536,59,7,52,2
16537,48,4,44,2
16538,49,8,41,2
16539,66,2,64,2
16540,59,6,53,2
16541,49,5,44,2
16542,68,8,60,2
16543,61,5,56,2
16544,54,3,51,2
16545,54,6,48,2
16546,63,10,53,2
16547,52,7,45,2
16548,50,13,37,2
16549,40,5,35,2
16550,49,4,45,2
16551,55,12,43,2
16552,42,7,35,2
16553,49,4,45,2
16554,48,5,43,2
16555,56,5,51,2
16556,63,7,56,2
16557,45,9,36,2
16558,48,8,40,2
16559,58,7,51,2
16560,44,5,39,2
16561,66,4,62,2
16562,50,7,43,2
16563,51,7,44,2
16564,56,3,53,2
16565,38,9,29,2
16566,51,3,48,2
16567,44,7,37,2
16568,50,5,45,2
16569,50,5,45,2
16570,55,6,49,2
16571,46,5,41,2
16572,45,5,40,2
16573,54,4,50,2
16574,68,10,58,2
16575,45,6,39,2
16576,56,4,52,2
16577,49,5,44,2
16578,54,4,50,2
16579,62,7,55,2
16580,59,10,49,2
16581,54,6,48,2
16582,62,12,50,2
16583,53,5,48,2
16584,63,5,58,2
16585,53,6,47,2
16586,57,13,44,2
16587,54,8,46,2
16588,55,5,50,2
16589,58,6,52,2
16590,59,3,56,2
16591,53,7,46,2
16592,55,6,49,2
16593,51,10,41,2
16594,43,8,35,2
16595,48,9,39,2
16596,44,5,39,2
16597,56,14,42,2
16598,56,9,47,2
16599,62,9,53,2
16600,79,8,71,2
16601,71,8,63,2
16602,56,6,50,2
16603,67,9,58,2
16604,45,4,41,2
16605,51,9,42,2
16606,65,6,59,2
16607,57,5,52,2
16608,50,7,43,2
16609,57,6,51,2
16610,61,7,54,2
16611,46,5,41,2
16612,61,7,54,2
16613,34,6,28,2
16614,57,4,53,2
16615,57,5,52,2
16616,66,9,57,2
16617,57,5,52,2
16618,36,4,32,2
16619,54,10,44,2
16620,69,14,55,2
16621,37,5,32,2
16622,70,6,64,2
16623,58,13,45,2
16624,63,8,55,2
16625,52,8,44,2
16626,60,8,52,2
16627,67,7,60,2
16628,50,6,44,2
16629,62,6,56,2
16630,51,5,46,2
16631,44,6,38,2
16632,55,6,49,2
16633,57,6,51,2
16634,35,1,34,2
16635,46,3,43,2
16636,49,5,44,2
16637,59,10,49,2
16638,41,4,37,2
16639,55,4,51,2
16640,54,7,47,2
16641,53,5,48,2
16642,55,2,53,2
16643,51,6,45,2
16644,62,7,55,2
16645,41,4,37,2
16646,60,10,50,2
16647,49,10,39,2
16648,62,12,50,2
16649,42,5,37,2
16650,52,7,45,2
16651,41,5,36,2
16652,44,4,40,2
16653,60,8,52,2
16654,56,7,49,2
16655,38,2,36,2
16656,65,10,55,2
16657,47,6,41,2
16658,55,6,49,2
16659,46,3,43,2
16660,46,7,39,2
16661,52,6,46,2
16662,49,6,43,2
16663,51,3,48,2
16664,42,3,39,2
16665,50,4,46,2
16666,54,4,50,2
16667,54,9,45,2
16668,52,5,47,2
16669,49,4,45,2
16670,50,8,42,2
16671,53,6,47,2
16672,57,8,49,2
16673,55,3,52,2
16674,59,9,50,2
16675,53,6,47,2
16676,55,4,51,2
16677,54,5,49,2
16678,57,6,51,2
16679,58,7,51,2
16680,48,9,39,2
16681,40,3,37,2
16682,60,7,53,2
16683,55,1,54,2
16684,56,4,52,2
16685,55,7,48,2
16686,57,7,50,2
16687,68,7,61,2
16688,53,7,46,2
16689,49,9,40,2
16690,45,4,41,2
16691,35,4,31,2
16692,68,10,58,2
16693,44,7,37,2
16694,62,7,55,2
16695,63,15,48,2
16696,61,9,52,2
16697,57,4,53,2
16698,56,8,48,2
16699,53,8,45,2
16700,66,6,60,2
16701,63,2,61,2
16702,66,7,59,2
16703,43,4,39,2
16704,37,6,31,2
16705,63,6,57,2
16706,40,3,37,2
16707,67,8,59,2
16708,64,6,58,2
16709,56,7,49,2
16710,46,3,43,2
16711,66,3,63,2
16712,62,4,58,2
16713,62,6,56,2
16714,56,6,50,2
16715,50,3,47,2
16716,55,8,47,2
16717,52,7,45,2
16718,68,3,65,2
16719,50,5,45,2
16720,57,5,52,2
16721,55,8,47,2
16722,53,10,43,2
16723,60,4,56,2
16724,50,8,42,2
16725,51,5,46,2
16726,58,13,45,2
16727,62,3,59,2
16728,52,8,44,2
16729,51,5,46,2
16730,52,5,47,2
16731,70,6,64,2
16732,55,11,44,2
16733,54,5,49,2
16734,52,6,46,2
16735,63,9,54,2
16736,64,6,58,2
16737,52,3,49,2
16738,55,7,48,2
16739,55,3,52,2
16740,46,5,41,2
16741,58,14,44,2
16742,49,6,43,2
16743,46,7,39,2
16744,48,6,42,2
16745,62,6,56,2
16746,55,5,50,2
16747,68,14,54,2
16748,49,7,42,2
16749,67,11,56,2
16750,54,6,48,2
16751,49,5,44,2
16752,52,6,46,2
16753,45,2,43,2
16754,57,9,48,2
16755,55,7,48,2
16756,67,6,61,2
16757,56,7,49,2
16758,66,8,58,2
16759,39,4,35,2
16760,64,7,57,2
16761,50,5,45,2
16762,62,9,53,2
16763,58,8,50,2
16764,59,6,53,2
16765,38,4,34,2
16766,45,3,42,2
16767,53,7,46,2
16768,60,6,54,2
16769,61,5,56,2
16770,48,7,41,2
16771,60,7,53,2
16772,60,9,51,2
16773,55,4,51,2
16774,35,3,32,2
16775,49,4,45,2
16776,53,6,47,2
16777,64,6,58,2
16778,57,5,52,2
16779,59,8,51,2
16780,50,6,44,2
16781,49,5,44,2
16782,48,13,35,2
16783,47,6,41,2
16784,40,5,35,2
16785,51,7,44,2
16786,58,9,49,2
16787,57,9,48,2
16788,58,3,55,2
16789,60,2,58,2
16790,52,4,48,2
16791,51,9,42,2
16792,55,9,46,2
16793,65,14,51,2
16794,34,4,30,2
16795,53,9,44,2
16796,53,9,44,2
16797,67,11,56,2
16798,54,6,48,2
16799,66,7,59,2
16800,59,4,55,2
16801,52,8,44,2
16802,62,13,49,2
16803,66,6,60,2
16804,53,6,47,2
16805,60,2,58,2
16806,53,4,49,2
16807,51,4,47,2
16808,73,8,65,2
16809,46,6,40,2
16810,55,8,47,2
16811,74,7,67,2
16812,61,6,55,2
16813,63,10,53,2
16814,63,16,47,2
16815,46,5,41,2
16816,60,7,53,2
16817,63,9,54,2
16818,35,7,28,2
16819,48,3,45,2
16820,52,5,47,2
16821,63,6,57,2
16822,65,6,59,2
16823,53,9,44,2
16824,51,7,44,2
16825,60,7,53,2
16826,59,6,53,2
16827,59,5,54,2
16828,56,4,52,2
16829,56,5,51,2
16830,66,10,56,2
16831,35,2,33,2
16832,38,3,35,2
16833,47,8,39,2
16834,53,10,43,2
16835,49,8,41,2
16836,64,7,57,2
16837,60,7,53,2
16838,51,5,46,2
16839,61,13,48,2
16840,62,8,54,2
16841,43,4,39,2
16842,45,8,37,2
16843,43,6,37,2
16844,67,8,59,2
16845,47,4,43,2
16846,51,5,46,2
16847,58,5,53,2
16848,60,7,53,2
16849,61,5,56,2
16850,47,5,42,2
16851,51,5,46,2
16852,57,9,48,2
16853,62,9,53,2
16854,59,9,50,2
16855,63,6,57,2
16856,48,8,40,2
16857,49,3,46,2
16858,54,6,48,2
16859,55,9,46,2
16860,59,5,54,2
16861,66,9,57,2
16862,62,8,54,2
16863,61,9,52,2
16864,52,7,45,2
16865,40,7,33,2
16866,55,7,48,2
16867,47,7,40,2
16868,60,9,51,2
16869,45,6,39,2
16870,59,6,53,2
16871,58,8,50,2
16872,57,10,47,2
16873,56,12,44,2
16874,50,7,43,2
16875,56,5,51,2
16876,44,4,40,2
16877,51,6,45,2
16878,60,14,46,2
16879,47,5,42,2
16880,76,9,67,2
16881,56,5,51,2
16882,52,6,46,2
16883,63,7,56,2
16884,58,7,51,2
16885,43,7,36,2
16886,53,7,46,2
16887,52,6,46,2
16888,41,8,33,2
16889,54,8,46,2
16890,43,3,40,2
16891,49,7,42,2
16892,61,10,51,2
16893,37,3,34,2
16894,67,4,63,2
16895,63,6,57,2
16896,51,5,46,2
16897,44,3,41,2
16898,70,8,62,2
16899,48,9,39,2
16900,48,6,42,2
16901,52,5,47,2
16902,46,4,42,2
16903,62,4,58,2
16904,52,10,42,2
16905,54,6,48,2
16906,65,5,60,2
16907,61,4,57,2
16908,49,11,38,2
16909,35,4,31,2
16910,62,5,57,2
16911,48,3,45,2
16912,57,9,48,2
16913,46,3,43,2
16914,61,4,57,2
16915,58,6,52,2
16916,41,5,36,2
16917,59,6,53,2
16918,60,8,52,2
16919,50,0,50,1
16920,48,6,42,2
16921,53,12,41,2
16922,60,8,52,2
16923,57,8,49,2
16924,50,4,46,2
16925,59,4,55,2
16926,49,6,43,2
16927,61,7,54,2
16928,53,5,48,2
16929,70,3,67,2
16930,64,3,61,2
16931,57,6,51,2
16932,51,6,45,2
16933,63,8,55,2
16934,49,4,45,2
16935,42,8,34,2
16936,55,7,48,2
16937,53,8,45,2
16938,53,3,50,2
16939,60,3,57,2
16940,47,10,37,2
16941,72,14,58,2
16942,45,4,41,2
16943,52,7,45,2
16944,58,4,54,2
16945,48,5,43,2
16946,63,9,54,2
16947,63,8,55,2
16948,68,5,63,2
16949,45,4,41,2
16950,49,3,46,2
16951,62,9,53,2
16952,67,9,58,2
16953,58,4,54,2
16954,51,2,49,2
16955,43,5,38,2
16956,51,7,44,2
16957,55,13,42,2
16958,52,2,50,2
16959,56,6,50,2
16960,51,6,45,2
16961,55,3,52,2
16962,62,3,59,2
16963,49,4,45,2
16964,48,7,41,2
16965,43,5,38,2
16966,68,9,59,2
16967,38,5,33,2
16968,68,9,59,2
16969,60,8,52,2
16970,48,10,38,2
16971,56,5,51,2
16972,60,11,49,2
16973,56,4,52,2
16974,53,7,46,2
16975,60,5,55,2
16976,54,7,47,2
16977,61,12,49,2
16978,55,7,48,2
16979,48,4,44,2
16980,47,5,42,2
16981,69,13,56,2
16982,54,5,49,2
16983,59,6,53,2
16984,51,7,44,2
16985,48,9,39,2
16986,53,12,41,2
16987,55,7,48,2
16988,54,9,45,2
16989,44,3,41,2
16990,58,8,50,2
16991,55,15,40,2
16992,62,8,54,2
16993,46,7,39,2
16994,55,7,48,2
16995,47,2,45,2
16996,56,5,51,2
16997,56,9,47,2
16998,63,13,50,2
16999,54,5,49,2
17000,71,9,62,2
17001,50,3,47,2
17002,58,11,47,2
17003,52,5,47,2
17004,52,3,49,2
17005,48,8,40,2
17006,57,11,46,2
17007,43,5,38,2
17008,50,8,42,2
17009,45,4,41,2
17010,51,6,45,2
17011,40,7,33,2
17012,67,8,59,2
17013,55,4,51,2
17014,62,6,56,2
17015,57,9,48,2
17016,64,9,55,2
17017,64,11,53,2
17018,64,5,59,2
17019,49,3,46,2
17020,58,7,51,2
17021,47,4,43,2
17022,55,10,45,2
17023,52,4,48,2
17024,56,9,47,2
17025,60,9,51,2
17026,57,9,48,2
17027,61,5,56,2
17028,58,11,47,2
17029,55,7,48,2
17030,44,3,41,2
17031,47,5,42,2
17032,52,7,45,2
17033,65,6,59,2
17034,64,7,57,2
17035,54,9,45,2
17036,53,2,51,2
17037,49,3,46,2
17038,57,8,49,2
17039,44,11,33,2
17040,54,1,53,2
17041,40,6,34,2
17042,48,5,43,2
17043,50,10,40,2
17044,53,4,49,2
17045,61,5,56,2
17046,41,2,39,2
17047,67,8,59,2
17048,52,6,46,2
17049,55,7,48,2
17050,61,10,51,2
17051,57,6,51,2
17052,35,5,30,2
17053,56,7,49,2
17054,62,11,51,2
17055,60,7,53,2
17056,50,5,45,2
17057,75,8,67,2
17058,71,10,61,2
17059,52,4,48,2
17060,55,7,48,2
17061,60,8,52,2
17062,53,5,48,2
17063,45,9,36,2
17064,69,6,63,2
17065,51,3,48,2
17066,69,7,62,2
17067,77,5,72,2
17068,62,8,54,2
17069,54,11,43,2
17070,56,3,53,2
17071,64,6,58,2
17072,63,3,60,2
17073,54,8,46,2
17074,58,9,49,2
17075,51,6,45,2
17076,49,6,43,2
17077,58,7,51,2
17078,49,6,43,2
17079,58,9,49,2
17080,57,7,50,2
17081,51,8,43,2
17082,51,5,46,2
17083,49,3,46,2
17084,51,6,45,2
17085,45,3,42,2
17086,42,5,37,2
17087,50,8,42,2
17088,42,4,38,2
17089,59,4,55,2
17090,56,2,54,2
17091,39,8,31,2
17092,52,4,48,2
17093,51,9,42,2
17094,40,9,31,2
17095,51,7,44,2
17096,65,4,61,2
17097,51,8,43,2
17098,49,3,46,2
17099,59,5,54,2
17100,46,5,41,2
17101,47,7,40,2
17102,65,9,56,2
17103,60,6,54,2
17104,59,8,51,2
17105,63,9,54,2
17106,60,5,55,2
17107,57,6,51,2
17108,41,3,38,2
17109,59,5,54,2
17110,62,6,56,2
17111,53,4,49,2
17112,38,4,34,2
17113,53,4,49,2
17114,57,9,48,2
17115,46,1,45,2
17116,51,4,47,2
17117,50,3,47,2
17118,46,11,35,2
17119,47,6,41,2
17120,57,8,49,2
17121,49,6,43,2
17122,60,9,51,2
17123,57,6,51,2
17124,48,6,42,2
17125,56,2,54,2
17126,46,3,43,2
17127,46,5,41,2
17128,57,12,45,2
17129,62,6,56,2
17130,57,5,52,2
17131,61,10,51,2
17132,43,2,41,2
17133,55,6,49,2
17134,51,5,46,2
17135,49,4,45,2
17136,55,8,47,2
17137,54,10,44,2
17138,54,11,43,2
17139,53,6,47,2
17140,56,11,45,2
17141,57,5,52,2
17142,51,9,42,2
17143,64,9,55,2
17144,53,8,45,2
17145,58,4,54,2
17146,56,4,52,2
17147,51,7,44,2
17148,50,5,45,2
17149,45,9,36,2
17150,48,6,42,2
17151,51,5,46,2
17152,54,3,51,2
17153,59,7,52,2
17154,52,8,44,2
17155,43,2,41,2
17156,60,7,53,2
17157,53,8,45,2
17158,43,7,36,2
17159,58,8,50,2
17160,55,2,53,2
17161,55,5,50,2
17162,55,9,46,2
17163,67,9,58,2
17164,49,8,41,2
17165,61,5,56,2
17166,47,5,42,2
17167,52,6,46,2
17168,50,4,46,2
17169,46,5,41,2
17170,54,4,50,2
17171,55,10,45,2
17172,47,7,40,2
17173,62,6,56,2
17174,48,11,37,2
17175,65,10,55,2
17176,55,8,47,2
17177,54,7,47,2
17178,58,8,50,2
17179,48,3,45,2
17180,50,6,44,2
17181,60,7,53,2
17182,62,7,55,2
17183,50,8,42,2
17184,57,5,52,2
17185,65,5,60,2
17186,63,8,55,2
17187,58,9,49,2
17188,47,4,43,2
17189,55,3,52,2
17190,56,10,46,2
17191,47,3,44,2
17192,45,8,37,2
17193,59,5,54,2
17194,55,2,53,2
17195,53,6,47,2
17196,64,9,55,2
17197,52,11,41,2
17198,60,8,52,2
17199,50,2,48,2
17200,52,5,47,2
17201,52,9,43,2
17202,55,7,48,2
17203,56,6,50,2
17204,46,8,38,2
17205,53,5,48,2
17206,66,7,59,2
17207,67,10,57,2
17208,48,5,43,2
17209,49,2,47,2
17210,54,6,48,2
17211,52,11,41,2
17212,57,10,47,2
17213,59,8,51,2
17214,67,9,58,2
17215,57,8,49,2
17216,44,5,39,2
17217,40,3,37,2
17218,50,7,43,2
17219,60,6,54,2
17220,46,10,36,2
17221,56,10,46,2
17222,52,6,46,2
17223,40,3,37,2
17224,42,5,37,2
17225,62,6,56,2
17226,47,9,38,2
17227,53,8,45,2
17228,52,4,48,2
17229,53,5,48,2
17230,51,4,47,2
17231,51,8,43,2
17232,63,7,56,2
17233,42,4,38,2
17234,45,8,37,2
17235,62,6,56,2
17236,50,7,43,2
17237,57,12,45,2
17238,45,7,38,2
17239,46,8,38,2
17240,52,10,42,2
17241,61,11,50,2
17242,49,4,45,2
17243,48,2,46,2
17244,46,9,37,2
17245,51,8,43,2
17246,52,8,44,2
17247,47,5,42,2
17248,54,8,46,2
17249,52,6,46,2
17250,64,6,58,2
17251,64,9,55,2
17252,52,3,49,2
17253,56,6,50,2
17254,57,5,52,2
17255,56,13,43,2
17256,54,9,45,2
17257,59,10,49,2
17258,57,5,52,2
17259,53,7,46,2
17260,64,6,58,2
17261,47,10,37,2
17262,71,12,59,2
17263,52,7,45,2
17264,49,6,43,2
17265,56,11,45,2
17266,74,12,62,2
17267,56,8,48,2
17268,50,1,49,2
17269,63,11,52,2
17270,52,7,45,2
17271,56,4,52,2
17272,60,11,49,2
17273,52,7,45,2
17274,53,8,45,2
17275,53,5,48,2
17276,70,5,65,2
17277,55,5,50,2
17278,66,9,57,2
17279,63,8,55,2
17280,42,4,38,2
17281,41,7,34,2
17282,51,4,47,2
17283,63,9,54,2
17284,55,5,50,2
17285,48,8,40,2
17286,45,7,38,2
17287,51,1,50,2
17288,60,8,52,2
17289,51,7,44,2
17290,60,3,57,2
17291,60,6,54,2
17292,57,8,49,2
17293,57,4,53,2
17294,51,8,43,2
17295,49,5,44,2
17296,48,4,44,2
17297,47,9,38,2
17298,73,3,70,2
17299,48,1,47,2
17300,48,7,41,2
17301,65,12,53,2
17302,51,5,46,2
17303,63,12,51,2
17304,52,4,48,2
17305,60,11,49,2
17306,54,9,45,2
17307,47,3,44,2
17308,57,9,48,2
17309,48,4,44,2
17310,42,5,37,2
17311,37,2,35,2
17312,49,5,44,2
17313,58,9,49,2
17314,42,4,38,2
17315,50,7,43,2
17316,45,4,41,2
17317,51,6,45,2
17318,62,6,56,2
17319,55,8,47,2
17320,53,4,49,2
17321,60,5,55,2
17322,54,6,48,2
17323,55,4,51,2
17324,52,9,43,2
17325,67,12,55,2
17326,73,6,67,2
17327,50,2,48,2
17328,49,3,46,2
17329,53,6,47,2
17330,54,10,44,2
17331,66,6,60,2
17332,60,8,52,2
17333,53,5,48,2
17334,50,5,45,2
17335,57,3,54,2
17336,72,11,61,2
17337,53,5,48,2
17338,58,3,55,2
17339,55,9,46,2
17340,47,6,41,2
17341,48,6,42,2
17342,48,2,46,2
17343,58,3,55,2
17344,56,2,54,2
17345,63,7,56,2
17346,46,5,41,2
17347,57,6,51,2
17348,52,4,48,2
17349,65,6,59,2
17350,39,6,33,2
17351,53,5,48,2
17352,64,6,58,2
17353,56,6,50,2
17354,67,8,59,2
17355,66,12,54,2
17356,61,5,56,2
17357,50,9,41,2
17358,46,8,38,2
17359,43,4,39,2
17360,54,5,49,2
17361,63,10,53,2
17362,81,13,68,2
17363,47,8,39,2
17364,53,7,46,2
17365,53,7,46,2
17366,56,2,54,2
17367,71,8,63,2
17368,66,8,58,2
17369,39,4,35,2
17370,54,6,48,2
17371,55,4,51,2
17372,53,4,49,2
17373,46,5,41,2
17374,51,5,46,2
17375,54,9,45,2
17376,66,9,57,2
17377,47,3,44,2
17378,67,8,59,2
17379,52,3,49,2
17380,64,10,54,2
17381,56,6,50,2
17382,68,8,60,2
17383,53,9,44,2
17384,55,6,49,2
17385,44,6,38,2
17386,47,9,38,2
17387,52,7,45,2
17388,50,5,45,2
17389,61,7,54,2
17390,52,11,41,2
17391,58,8,50,2
17392,61,6,55,2
17393,58,7,51,2
17394,44,4,40,2
17395,54,9,45,2
17396,50,5,45,2
17397,48,5,43,2
17398,58,8,50,2
17399,53,2,51,2
17400,53,7,46,2
17401,50,4,46,2
17402,50,9,41,2
17403,50,3,47,2
17404,47,5,42,2
17405,37,4,33,2
17406,55,4,51,2
17407,54,2,52,2
17408,55,4,51,2
17409,60,7,53,2
17410,60,7,53,2
17411,54,2,52,2
17412,53,10,43,2
17413,58,4,54,2
17414,60,9,51,2
17415,57,8,49,2
17416,61,11,50,2
17417,54,7,47,2
17418,61,13,48,2
17419,47,1,46,2
17420,66,10,56,2
17421,58,6,52,2
17422,44,9,35,2
17423,49,4,45,2
17424,64,12,52,2
17425,70,4,66,2
17426,70,7,63,2
17427,59,4,55,2
17428,51,6,45,2
17429,50,5,45,2
17430,52,6,46,2
17431,62,9,53,2
17432,56,6,50,2
17433,60,5,55,2
17434,53,5,48,2
17435,50,8,42,2
17436,56,10,46,2
17437,59,9,50,2
17438,47,6,41,2
17439,65,6,59,2
17440,66,9,57,2
17441,43,5,38,2
17442,54,7,47,2
17443,45,3,42,2
17444,61,8,53,2
17445,58,3,55,2
17446,48,8,40,2
17447,51,2,49,2
17448,65,11,54,2
17449,57,6,51,2
17450,63,7,56,2
17451,61,5,56,2
17452,48,8,40,2
17453,52,6,46,2
17454,74,11,63,2
17455,43,2,41,2
17456,55,4,51,2
17457,48,7,41,2
17458,52,7,45,2
17459,49,6,43,2
17460,47,9,38,2
17461,57,6,51,2
17462,50,6,44,2
17463,52,8,44,2
17464,58,10,48,2
17465,62,10,52,2
17466,52,5,47,2
17467,65,8,57,2
17468,53,4,49,2
17469,41,4,37,2
17470,48,4,44,2
17471,48,4,44,2
17472,42,3,39,2
17473,53,13,40,2
17474,55,4,51,2
17475,50,5,45,2
17476,49,6,43,2
17477,40,4,36,2
17478,60,3,57,2
17479,55,2,53,2
17480,66,10,56,2
17481,49,5,44,2
17482,59,10,49,2
17483,45,4,41,2
17484,58,6,52,2
17485,55,5,50,2
17486,50,8,42,2
17487,46,4,42,2
17488,56,8,48,2
17489,58,3,55,2
17490,57,7,50,2
17491,68,6,62,2
17492,52,2,50,2
17493,62,4,58,2
17494,39,4,35,2
17495,51,4,47,2
17496,49,5,44,2
17497,58,8,50,2
17498,41,4,37,2
17499,37,2,35,2
17500,60,5,55,2
17501,49,4,45,2
17502,57,8,49,2
17503,46,2,44,2
17504,66,9,57,2
17505,83,11,72,2
17506,57,6,51,2
17507,55,9,46,2
17508,49,4,45,2
17509,62,5,57,2
17510,58,10,48,2
17511,65,8,57,2
17512,67,9,58,2
17513,65,6,59,2
17514,49,2,47,2
17515,44,9,35,2
17516,59,8,51,2
17517,58,4,54,2
17518,54,8,46,2
17519,61,11,50,2
17520,51,3,48,2
17521,36,3,33,2
17522,60,4,56,2
17523,61,6,55,2
17524,55,2,53,2
17525,49,6,43,2
17526,58,5,53,2
17527,66,6,60,2
17528,51,3,48,2
17529,62,8,54,2
17530,41,2,39,2
17531,57,6,51,2
17532,36,2,34,2
17533,41,3,38,2
17534,39,6,33,2
17535,52,8,44,2
17536,65,5,60,2
17537,51,8,43,2
17538,53,4,49,2
17539,48,4,44,2
17540,59,10,49,2
17541,55,13,42,2
17542,50,13,37,2
17543,46,3,43,2
17544,59,11,48,2
17545,52,4,48,2
17546,58,14,44,2
17547,55,4,51,2
17548,60,7,53,2
17549,58,6,52,2
17550,54,5,49,2
17551,60,9,51,2
17552,47,5,42,2
17553,52,4,48,2
17554,54,11,43,2
17555,51,7,44,2
17556,50,5,45,2
17557,61,7,54,2
17558,54,7,47,2
17559,53,3,50,2
17560,64,10,54,2
17561,53,6,47,2
17562,54,7,47,2
17563,49,5,44,2
17564,54,6,48,2
17565,57,8,49,2
17566,62,5,57,2
17567,39,3,36,2
17568,43,6,37,2
17569,41,7,34,2
17570,56,5,51,2
17571,64,10,54,2
17572,45,7,38,2
17573,55,6,49,2
17574,55,4,51,2
17575,47,4,43,2
17576,63,7,56,2
17577,50,10,40,2
17578,44,3,41,2
17579,45,1,44,2
17580,46,3,43,2
17581,52,4,48,2
17582,46,9,37,2
17583,60,9,51,2
17584,51,7,44,2
17585,46,9,37,2
17586,41,7,34,2
17587,54,10,44,2
17588,42,7,35,2
17589,55,7,48,2
17590,51,7,44,2
17591,44,5,39,2
17592,45,5,40,2
17593,62,4,58,2
17594,67,11,56,2
17595,49,6,43,2
17596,49,2,47,2
17597,56,5,51,2
17598,47,9,38,2
17599,60,6,54,2
17600,60,12,48,2
17601,52,9,43,2
17602,63,4,59,2
17603,51,9,42,2
17604,55,5,50,2
17605,46,3,43,2
17606,70,13,57,2
17607,51,7,44,2
17608,41,7,34,2
17609,43,7,36,2
17610,53,7,46,2
17611,50,7,43,2
17612,54,6,48,2
17613,62,6,56,2
17614,43,7,36,2
17615,53,5,48,2
17616,63,7,56,2
17617,50,5,45,2
17618,57,7,50,2
17619,63,6,57,2
17620,58,7,51,2
17621,57,5,52,2
17622,64,7,57,2
17623,60,11,49,2
17624,57,6,51,2
17625,57,7,50,2
17626,56,5,51,2
17627,52,8,44,2
17628,54,9,45,2
17629,61,8,53,2
17630,52,5,47,2
17631,46,6,40,2
17632,51,10,41,2
17633,45,7,38,2
17634,49,1,48,2
17635,63,10,53,2
17636,57,9,48,2
17637,61,6,55,2
17638,61,6,55,2
17639,41,3,38,2
17640,67,5,62,2
17641,52,6,46,2
17642,54,7,47,2
17643,52,6,46,2
17644,59,6,53,2
17645,44,5,39,2
17646,68,13,55,2
17647,55,6,49,2
17648,63,6,57,2
17649,51,6,45,2
17650,54,5,49,2
17651,53,5,48,2
17652,48,6,42,2
17653,50,6,44,2
17654,51,7,44,2
17655,39,4,35,2
17656,52,3,49,2
17657,54,7,47,2
17658,56,5,51,2
17659,53,10,43,2
17660,66,7,59,2
17661,43,3,40,2
17662,51,5,46,2
17663,59,9,50,2
17664,54,8,46,2
17665,52,8,44,2
17666,51,1,50,2
17667,59,5,54,2
17668,54,7,47,2
17669,54,4,50,2
17670,40,3,37,2
17671,57,6,51,2
17672,58,13,45,2
17673,49,7,42,2
17674,62,7,55,2
17675,65,9,56,2
17676,62,7,55,2
17677,61,7,54,2
17678,49,4,45,2
17679,51,6,45,2
17680,59,8,51,2
17681,41,3,38,2
17682,52,5,47,2
17683,45,2,43,2
17684,50,7,43,2
17685,65,6,59,2
17686,55,8,47,2
17687,44,7,37,2
17688,56,6,50,2
17689,60,3,57,2
17690,60,8,52,2
17691,56,6,50,2
17692,54,8,46,2
17693,69,7,62,2
17694,47,5,42,2
17695,57,3,54,2
17696,54,5,49,2
17697,52,9,43,2
17698,53,9,44,2
17699,54,2,52,2
17700,50,4,46,2
17701,66,9,57,2
17702,52,11,41,2
17703,59,10,49,2
17704,53,8,45,2
17705,48,5,43,2
17706,62,10,52,2
17707,56,7,49,2
17708,55,3,52,2
17709,50,5,45,2
17710,67,8,59,2
17711,39,3,36,2
17712,41,7,34,2
17713,42,2,40,2
17714,51,5,46,2
17715,41,4,37,2
17716,62,7,55,2
17717,53,5,48,2
17718,49,10,39,2
17719,60,8,52,2
17720,61,8,53,2
17721,57,5,52,2
17722,62,6,56,2
17723,53,5,48,2
17724,59,9,50,2
17725,59,8,51,2
17726,50,7,43,2
17727,59,8,51,2
17728,56,5,51,2
17729,56,10,46,2
17730,51,10,41,2
17731,38,8,30,2
17732,52,4,48,2
17733,52,7,45,2
17734,56,10,46,2
17735,65,7,58,2
17736,43,2,41,2
17737,50,7,43,2
17738,56,7,49,2
17739,59,8,51,2
17740,54,2,52,2
17741,60,8,52,2
17742,59,6,53,2
17743,55,6,49,2
17744,58,7,51,2
17745,42,4,38,2
17746,63,10,53,2
17747,58,13,45,2
17748,58,7,51,2
17749,56,8,48,2
17750,56,10,46,2
17751,62,10,52,2
17752,60,5,55,2
17753,63,3,60,2
17754,59,8,51,2
17755,58,9,49,2
17756,50,4,46,2
17757,55,8,47,2
17758,38,1,37,2
17759,39,2,37,2
17760,60,8,52,2
17761,50,7,43,2
17762,60,4,56,2
17763,45,6,39,2
17764,55,6,49,2
17765,61,5,56,2
17766,48,7,41,2
17767,58,9,49,2
17768,61,6,55,2
17769,51,5,46,2
17770,48,9,39,2
17771,52,4,48,2
17772,56,5,51,2
17773,48,5,43,2
17774,44,8,36,2
17775,61,5,56,2
17776,49,6,43,2
17777,51,12,39,2
17778,52,5,47,2
17779,45,8,37,2
17780,49,8,41,2
17781,47,4,43,2
17782,62,4,58,2
17783,72,11,61,2
17784,60,10,50,2
17785,54,10,44,2
17786,67,7,60,2
17787,47,8,39,2
17788,49,5,44,2
17789,64,10,54,2
17790,41,8,33,2
17791,58,6,52,2
17792,49,6,43,2
17793,47,6,41,2
17794,50,4,46,2
17795,40,6,34,2
17796,43,8,35,2
17797,38,6,32,2
17798,59,7,52,2
17799,46,5,41,2
17800,43,4,39,2
17801,43,6,37,2
17802,50,4,46,2
17803,50,8,42,2
17804,43,4,39,2
17805,60,9,51,2
17806,49,7,42,2
17807,63,5,58,2
17808,58,7,51,2
17809,63,12,51,2
17810,53,3,50,2
17811,44,3,41,2
17812,40,8,32,2
17813,58,11,47,2
17814,60,8,52,2
17815,43,5,38,2
17816,57,9,48,2
17817,46,11,35,2
17818,50,4,46,2
17819,55,9,46,2
17820,52,5,47,2
17821,49,11,38,2
17822,46,5,41,2
17823,67,7,60,2
17824,53,7,46,2
17825,56,2,54,2
17826,46,4,42,2
17827,57,10,47,2
17828,51,9,42,2
17829,64,8,56,2
17830,72,9,63,2
17831,55,5,50,2
17832,50,5,45,2
17833,51,8,43,2
17834,57,8,49,2
17835,61,8,53,2
17836,57,6,51,2
17837,43,4,39,2
17838,63,5,58,2
17839,48,6,42,2
17840,53,5,48,2
17841,45,6,39,2
17842,51,4,47,2
17843,52,8,44,2
17844,59,8,51,2
17845,53,4,49,2
17846,57,4,53,2
17847,62,9,53,2
17848,47,5,42,2
17849,49,8,41,2
17850,44,5,39,2
17851,50,7,43,2
17852,70,9,61,2
17853,44,4,40,2
17854,59,4,55,2
17855,59,5,54,2
17856,52,10,42,2
17857,50,3,47,2
17858,58,10,48,2
17859,54,6,48,2
17860,50,4,46,2
17861,54,6,48,2
17862,52,0,52,1
17863,60,8,52,2
17864,60,8,52,2
17865,56,7,49,2
17866,73,8,65,2
17867,46,4,42,2
17868,52,6,46,2
17869,55,5,50,2
17870,40,5,35,2
17871,60,7,53,2
17872,56,6,50,2
17873,39,2,37,2
17874,68,9,59,2
17875,43,8,35,2
17876,47,7,40,2
17877,64,8,56,2
17878,45,4,41,2
17879,46,4,42,2
17880,46,7,39,2
17881,48,7,41,2
17882,38,5,33,2
17883,62,5,57,2
17884,57,6,51,2
17885,52,7,45,2
17886,61,6,55,2
17887,50,7,43,2
17888,57,5,52,2
17889,55,7,48,2
17890,52,7,45,2
17891,44,7,37,2
17892,52,10,42,2
17893,51,7,44,2
17894,52,7,45,2
17895,56,10,46,2
17896,56,4,52,2
17897,45,6,39,2
17898,49,10,39,2
17899,52,5,47,2
17900,55,6,49,2
17901,52,9,43,2
17902,37,5,32,2
17903,69,7,62,2
17904,65,6,59,2
17905,58,9,49,2
17906,44,5,39,2
17907,60,6,54,2
17908,55,4,51,2
17909,51,7,44,2
17910,61,11,50,2
17911,50,6,44,2
17912,41,5,36,2
17913,61,7,54,2
17914,57,9,48,2
17915,48,6,42,2
17916,54,9,45,2
17917,37,4,33,2
17918,61,4,57,2
17919,65,11,54,2
17920,49,4,45,2
17921,64,12,52,2
17922,63,10,53,2
17923,57,7,50,2
17924,56,5,51,2
17925,63,4,59,2
17926,50,3,47,2
17927,55,6,49,2
17928,63,7,56,2
17929,43,3,40,2
17930,71,7,64,2
17931,54,5,49,2
17932,44,9,35,2
17933,60,12,48,2
17934,46,7,39,2
17935,42,3,39,2
17936,61,5,56,2
17937,57,7,50,2
17938,57,7,50,2
17939,56,3,53,2
17940,66,8,58,2
17941,56,13,43,2
17942,63,4,59,2
17943,60,6,54,2
17944,54,6,48,2
17945,57,13,44,2
17946,41,5,36,2
17947,53,2,51,2
17948,58,8,50,2
17949,49,5,44,2
17950,50,6,44,2
17951,57,8,49,2
17952,47,7,40,2
17953,58,8,50,2
17954,61,11,50,2
17955,59,3,56,2
17956,48,8,40,2
17957,45,3,42,2
17958,42,4,38,2
17959,50,6,44,2
17960,60,10,50,2
17961,65,4,61,2
17962,64,5,59,2
17963,37,4,33,2
17964,59,9,50,2
17965,53,4,49,2
17966,46,3,43,2
17967,56,6,50,2
17968,52,2,50,2
17969,49,4,45,2
17970,66,8,58,2
17971,64,8,56,2
17972,54,9,45,2
17973,59,9,50,2
17974,58,6,52,2
17975,59,6,53,2
17976,47,7,40,2
17977,58,4,54,2
17978,64,8,56,2
17979,43,3,40,2
17980,55,7,48,2
17981,49,2,47,2
17982,43,4,39,2
17983,60,8,52,2
17984,52,7,45,2
17985,44,6,38,2
17986,40,5,35,2
17987,63,13,50,2
17988,54,3,51,2
17989,44,6,38,2
17990,56,12,44,2
17991,58,6,52,2
17992,52,6,46,2
17993,56,6,50,2
17994,48,9,39,2
17995,49,3,46,2
17996,45,3,42,2
17997,54,4,50,2
17998,47,5,42,2
17999,57,14,43,2
18000,54,4,50,2
18001,53,5,48,2
18002,51,10,41,2
18003,49,3,46,2
18004,52,6,46,2
18005,51,9,42,2
18006,52,4,48,2
18007,53,11,42,2
18008,47,4,43,2
18009,47,4,43,2
18010,51,3,48,2
18011,62,9,53,2
18012,42,4,38,2
18013,61,4,57,2
18014,65,8,57,2
18015,45,5,40,2
18016,50,8,42,2
18017,75,8,67,2
18018,59,5,54,2
18019,60,5,55,2
18020,60,12,48,2
18021,55,7,48,2
18022,59,7,52,2
18023,59,7,52,2
18024,45,4,41,2
18025,55,6,49,2
18026,60,8,52,2
18027,63,7,56,2
18028,58,6,52,2
18029,54,5,49,2
18030,61,7,54,2
18031,52,5,47,2
18032,68,8,60,2
18033,50,3,47,2
18034,54,2,52,2
18035,52,8,44,2
18036,72,9,63,2
18037,55,6,49,2
18038,52,7,45,2
18039,55,4,51,2
18040,58,5,53,2
18041,62,6,56,2
18042,58,9,49,2
18043,49,3,46,2
18044,49,2,47,2
18045,58,7,51,2
18046,51,5,46,2
18047,59,1,58,2
18048,61,3,58,2
18049,50,5,45,2
18050,67,9,58,2
18051,59,10,49,2
18052,55,9,46,2
18053,42,5,37,2
18054,58,6,52,2
18055,70,12,58,2
18056,46,6,40,2
18057,42,5,37,2
18058,53,7,46,2
18059,59,5,54,2
18060,44,5,39,2
18061,47,4,43,2
18062,54,7,47,2
18063,61,6,55,2
18064,57,6,51,2
18065,51,8,43,2
18066,60,4,56,2
18067,52,6,46,2
18068,61,2,59,2
18069,40,5,35,2
18070,49,3,46,2
18071,52,5,47,2
18072,61,4,57,2
18073,63,7,56,2
18074,65,3,62,2
18075,49,5,44,2
18076,67,3,64,2
18077,60,6,54,2
18078,50,7,43,2
18079,55,8,47,2
18080,71,12,59,2
18081,57,6,51,2
18082,51,4,47,2
18083,59,7,52,2
18084,47,5,42,2
18085,64,11,53,2
18086,46,2,44,2
18087,44,9,35,2
18088,54,6,48,2
18089,51,6,45,2
18090,51,4,47,2
18091,56,6,50,2
18092,52,8,44,2
18093,43,3,40,2
18094,64,8,56,2
18095,52,6,46,2
18096,64,9,55,2
18097,43,2,41,2
18098,51,4,47,2
18099,59,8,51,2
18100,58,6,52,2
18101,65,8,57,2
18102,41,7,34,2
18103,57,9,48,2
18104,55,12,43,2
18105,49,6,43,2
18106,58,5,53,2
18107,44,6,38,2
18108,54,3,51,2
18109,45,8,37,2
18110,51,6,45,2
18111,47,4,43,2
18112,51,7,44,2
18113,65,12,53,2
18114,52,6,46,2
18115,64,11,53,2
18116,50,9,41,2
18117,53,7,46,2
18118,59,11,48,2
18119,51,6,45,2
18120,54,6,48,2
18121,55,7,48,2
18122,67,12,55,2
18123,41,3,38,2
18124,44,3,41,2
18125,56,9,47,2
18126,59,9,50,2
18127,37,7,30,2
18128,45,7,38,2
18129,48,5,43,2
18130,57,4,53,2
18131,61,6,55,2
18132,41,5,36,2
18133,52,5,47,2
18134,72,14,58,2
18135,56,8,48,2
18136,68,6,62,2
18137,43,6,37,2
18138,59,8,51,2
18139,66,5,61,2
18140,50,8,42,2
18141,58,8,50,2
18142,57,6,51,2
18143,67,4,63,2
18144,44,3,41,2
18145,59,10,49,2
18146,45,6,39,2
18147,56,8,48,2
18148,46,5,41,2
18149,51,6,45,2
18150,62,3,59,2
18151,32,2,30,2
18152,56,8,48,2
18153,60,5,55,2
18154,64,11,53,2
18155,49,6,43,2
18156,62,4,58,2
18157,55,9,46,2
18158,53,7,46,2
18159,52,3,49,2
18160,46,4,42,2
18161,60,4,56,2
18162,53,10,43,2
18163,42,5,37,2
18164,62,7,55,2
18165,53,5,48,2
18166,52,2,50,2
18167,47,4,43,2
18168,43,2,41,2
18169,60,4,56,2
18170,64,12,52,2
18171,65,7,58,2
18172,49,6,43,2
18173,38,6,32,2
18174,50,6,44,2
18175,46,7,39,2
18176,60,2,58,2
18177,39,5,34,2
18178,54,7,47,2
18179,56,10,46,2
18180,55,5,50,2
18181,63,8,55,2
18182,64,7,57,2
18183,43,6,37,2
18184,56,7,49,2
18185,52,7,45,2
18186,51,12,39,2
18187,54,5,49,2
18188,48,8,40,2
18189,48,5,43,2
18190,42,5,37,2
18191,49,5,44,2
18192,48,5,43,2
18193,52,6,46,2
18194,62,8,54,2
18195,49,8,41,2
18196,59,6,53,2
18197,45,5,40,2
18198,53,11,42,2
18199,54,4,50,2
18200,53,7,46,2
18201,55,8,47,2
18202,55,6,49,2
18203,58,11,47,2
18204,50,5,45,2
18205,49,7,42,2
18206,51,3,48,2
18207,51,3,48,2
18208,46,6,40,2
18209,65,9,56,2
18210,63,3,60,2
18211,53,4,49,2
18212,62,13,49,2
18213,76,7,69,2
18214,73,5,68,2
18215,56,7,49,2
18216,58,4,54,2
18217,59,6,53,2
18218,62,10,52,2
18219,53,9,44,2
18220,47,2,45,2
18221,50,8,42,2
18222,56,15,41,2
18223,59,9,50,2
18224,45,5,40,2
18225,62,12,50,2
18226,48,4,44,2
18227,59,6,53,2
18228,50,5,45,2
18229,73,5,68,2
18230,48,4,44,2
18231,57,10,47,2
18232,43,4,39,2
18233,54,6,48,2
18234,45,8,37,2
18235,53,5,48,2
18236,67,7,60,2
18237,49,8,41,2
18238,59,5,54,2
18239,57,8,49,2
18240,53,12,41,2
18241,53,2,51,2
18242,54,8,46,2
18243,63,6,57,2
18244,54,7,47,2
18245,44,8,36,2
18246,53,7,46,2
18247,51,6,45,2
18248,63,11,52,2
18249,59,7,52,2
18250,52,2,50,2
18251,63,7,56,2
18252,70,14,56,2
18253,51,12,39,2
18254,65,8,57,2
18255,56,6,50,2
18256,53,6,47,2
18257,53,4,49,2
18258,56,8,48,2
18259,53,8,45,2
18260,45,4,41,2
18261,53,6,47,2
18262,50,9,41,2
18263,59,8,51,2
18264,64,10,54,2
18265,49,7,42,2
18266,52,7,45,2
18267,55,8,47,2
18268,71,10,61,2
18269,57,7,50,2
18270,59,8,51,2
18271,63,7,56,2
18272,53,6,47,2
18273,54,8,46,2
18274,47,6,41,2
18275,58,9,49,2
18276,47,4,43,2
18277,51,8,43,2
18278,59,7,52,2
18279,51,3,48,2
18280,49,3,46,2
18281,42,5,37,2
18282,77,5,72,2
18283,53,6,47,2
18284,38,8,30,2
18285,50,5,45,2
18286,49,6,43,2
18287,50,3,47,2
18288,67,6,61,2
18289,65,15,50,2
18290,53,9,44,2
18291,68,9,59,2
18292,58,7,51,2
18293,59,3,56,2
18294,41,2,39,2
18295,52,9,43,2
18296,54,6,48,2
18297,52,6,46,2
18298,41,5,36,2
18299,69,12,57,2
18300,70,7,63,2
18301,48,4,44,2
18302,54,6,48,2
18303,47,2,45,2
18304,57,6,51,2
18305,48,4,44,2
18306,64,7,57,2
18307,57,7,50,2
18308,63,6,57,2
18309,50,9,41,2
18310,41,3,38,2
18311,56,5,51,2
18312,57,8,49,2
18313,54,5,49,2
18314,57,6,51,2
18315,59,9,50,2
18316,63,7,56,2
18317,47,5,42,2
18318,50,3,47,2
18319,60,4,56,2
18320,48,7,41,2
18321,52,6,46,2
18322,58,7,51,2
18323,49,10,39,2
18324,55,5,50,2
18325,61,9,52,2
18326,67,9,58,2
18327,66,8,58,2
18328,47,9,38,2
18329,57,8,49,2
18330,51,8,43,2
18331,62,6,56,2
18332,60,6,54,2
18333,60,5,55,2
18334,44,5,39,2
18335,46,3,43,2
18336,65,13,52,2
18337,49,6,43,2
18338,63,5,58,2
18339,48,7,41,2
18340,63,5,58,2
18341,60,12,48,2
18342,49,5,44,2
18343,45,6,39,2
18344,56,3,53,2
18345,44,4,40,2
18346,59,3,56,2
18347,45,5,40,2
18348,64,9,55,2
18349,49,2,47,2
18350,56,8,48,2
18351,58,7,51,2
18352,59,9,50,2
18353,58,8,50,2
18354,56,7,49,2
18355,56,10,46,2
18356,46,7,39,2
18357,52,10,42,2
18358,53,5,48,2
18359,66,12,54,2
18360,60,3,57,2
18361,55,8,47,2
18362,55,6,49,2
18363,44,2,42,2
18364,64,8,56,2
18365,50,5,45,2
18366,62,10,52,2
18367,53,8,45,2
18368,54,3,51,2
18369,62,9,53,2
18370,52,6,46,2
18371,58,11,47,2
18372,54,9,45,2
18373,55,10,45,2
18374,65,11,54,2
18375,58,7,51,2
18376,55,10,45,2
18377,44,5,39,2
18378,63,7,56,2
18379,52,10,42,2
18380,54,9,45,2
18381,46,4,42,2
18382,53,8,45,2
18383,60,6,54,2
18384,58,4,54,2
18385,58,6,52,2
18386,52,2,50,2
18387,48,2,46,2
18388,65,8,57,2
18389,59,11,48,2
18390,73,9,64,2
18391,63,6,57,2
18392,47,8,39,2
18393,56,11,45,2
18394,58,5,53,2
18395,56,4,52,2
18396,47,6,41,2
18397,52,9,43,2
18398,62,7,55,2
18399,57,9,48,2
18400,61,10,51,2
18401,61,7,54,2
18402,49,3,46,2
18403,51,5,46,2
18404,52,5,47,2
18405,62,9,53,2
18406,68,11,57,2
18407,61,8,53,2
18408,51,5,46,2
18409,43,6,37,2
18410,64,9,55,2
18411,55,4,51,2
18412,56,8,48,2
18413,57,9,48,2
18414,47,7,40,2
18415,60,8,52,2
18416,56,2,54,2
18417,68,6,62,2
18418,53,7,46,2
18419,60,10,50,2
18420,53,5,48,2
18421,61,5,56,2
18422,53,6,47,2
18423,55,9,46,2
18424,70,12,58,2
18425,43,5,38,2
18426,44,5,39,2
18427,58,8,50,2
18428,56,2,54,2
18429,65,6,59,2
18430,63,12,51,2
18431,35,5,30,2
18432,62,5,57,2
18433,63,12,51,2
18434,56,2,54,2
18435,58,2,56,2
18436,54,5,49,2
18437,50,5,45,2
18438,55,4,51,2
18439,61,7,54,2
18440,48,9,39,2
18441,39,5,34,2
18442,56,8,48,2
18443,47,6,41,2
18444,59,3,56,2
18445,45,4,41,2
18446,66,8,58,2
18447,59,4,55,2
18448,63,7,56,2
18449,43,7,36,2
18450,51,3,48,2
18451,44,4,40,2
18452,45,8,37,2
18453,43,5,38,2
18454,48,7,41,2
18455,56,13,43,2
18456,52,3,49,2
18457,48,6,42,2
18458,53,9,44,2
18459,62,10,52,2
18460,53,8,45,2
18461,60,4,56,2
18462,56,8,48,2
18463,65,7,58,2
18464,54,6,48,2
18465,55,8,47,2
18466,61,9,52,2
18467,45,6,39,2
18468,55,6,49,2
18469,66,9,57,2
18470,54,9,45,2
18471,63,7,56,2
18472,61,3,58,2
18473,56,5,51,2
18474,41,5,36,2
18475,53,4,49,2
18476,45,5,40,2
18477,56,8,48,2
18478,55,9,46,2
18479,43,7,36,2
18480,54,7,47,2
18481,47,4,43,2
18482,56,8,48,2
18483,44,5,39,2
18484,66,5,61,2
18485,53,13,40,2
18486,55,9,46,2
18487,53,7,46,2
18488,55,8,47,2
18489,46,1,45,2
18490,48,4,44,2
18491,63,6,57,2
18492,48,5,43,2
18493,62,7,55,2
18494,67,8,59,2
18495,39,5,34,2
18496,64,8,56,2
18497,72,7,65,2
18498,47,3,44,2
18499,50,7,43,2
18500,57,6,51,2
18501,58,9,49,2
18502,44,4,40,2
18503,58,6,52,2
18504,53,5,48,2
18505,49,9,40,2
18506,46,6,40,2
18507,59,4,55,2
18508,65,7,58,2
18509,39,6,33,2
18510,53,7,46,2
18511,57,7,50,2
18512,54,2,52,2
18513,60,6,54,2
18514,46,5,41,2
18515,44,9,35,2
18516,57,3,54,2
18517,43,4,39,2
18518,52,2,50,2
18519,65,8,57,2
18520,52,3,49,2
18521,59,6,53,2
18522,42,6,36,2
18523,46,6,40,2
18524,44,7,37,2
18525,52,5,47,2
18526,45,5,40,2
18527,60,9,51,2
18528,51,6,45,2
18529,40,2,38,2
18530,35,3,32,2
18531,44,6,38,2
18532,62,8,54,2
18533,46,8,38,2
18534,56,4,52,2
18535,53,8,45,2
18536,55,14,41,2
18537,45,6,39,2
18538,60,8,52,2
18539,51,7,44,2
18540,46,6,40,2
18541,54,6,48,2
18542,46,5,41,2
18543,49,7,42,2
18544,53,7,46,2
18545,52,7,45,2
18546,54,8,46,2
18547,72,6,66,2
18548,52,5,47,2
18549,59,11,48,2
18550,54,8,46,2
18551,47,7,40,2
18552,68,12,56,2
18553,48,7,41,2
18554,50,9,41,2
18555,44,2,42,2
18556,48,5,43,2
18557,48,1,47,2
18558,46,4,42,2
18559,59,4,55,2
18560,47,4,43,2
18561,45,7,38,2
18562,54,5,49,2
18563,57,6,51,2
18564,52,9,43,2
18565,67,6,61,2
18566,42,7,35,2
18567,48,6,42,2
18568,48,4,44,2
18569,56,11,45,2
18570,50,5,45,2
18571,60,4,56,2
18572,46,2,44,2
18573,61,3,58,2
18574,54,4,50,2
18575,48,3,45,2
18576,52,7,45,2
18577,50,5,45,2
18578,46,6,40,2
18579,55,4,51,2
18580,59,7,52,2
18581,57,8,49,2
18582,47,7,40,2
18583,58,9,49,2
18584,68,6,62,2
18585,59,9,50,2
18586,39,4,35,2
18587,59,11,48,2
18588,68,9,59,2
18589,52,4,48,2
18590,55,3,52,2
18591,59,7,52,2
18592,43,3,40,2
18593,51,4,47,2
18594,50,10,40,2
18595,58,4,54,2
18596,57,5,52,2
18597,42,6,36,2
18598,55,12,43,2
18599,60,8,52,2
18600,46,5,41,2
18601,67,7,60,2
18602,58,6,52,2
18603,70,10,60,2
18604,57,11,46,2
18605,52,8,44,2
18606,54,5,49,2
18607,58,3,55,2
18608,79,8,71,2
18609,55,5,50,2
18610,55,4,51,2
18611,66,5,61,2
18612,56,10,46,2
18613,64,9,55,2
18614,49,5,44,2
18615,56,8,48,2
18616,53,8,45,2
18617,47,4,43,2
18618,52,5,47,2
18619,63,10,53,2
18620,54,8,46,2
18621,40,3,37,2
18622,41,6,35,2
18623,48,11,37,2
18624,51,5,46,2
18625,55,5,50,2
18626,56,4,52,2
18627,65,6,59,2
18628,57,12,45,2
18629,48,3,45,2
18630,49,3,46,2
18631,48,7,41,2
18632,57,5,52,2
18633,60,4,56,2
18634,49,5,44,2
18635,55,7,48,2
18636,59,6,53,2
18637,65,11,54,2
18638,63,7,56,2
18639,55,8,47,2
18640,54,7,47,2
18641,54,7,47,2
18642,47,8,39,2
18643,64,3,61,2
18644,52,7,45,2
18645,56,5,51,2
18646,61,8,53,2
18647,49,5,44,2
18648,62,7,55,2
18649,59,4,55,2
18650,61,8,53,2
18651,57,9,48,2
18652,65,6,59,2
18653,48,4,44,2
18654,54,5,49,2
18655,50,5,45,2
18656,61,15,46,2
18657,50,6,44,2
18658,48,7,41,2
18659,46,6,40,2
18660,62,7,55,2
18661,42,3,39,2
18662,58,4,54,2
18663,50,4,46,2
18664,55,10,45,2
18665,63,8,55,2
18666,60,3,57,2
18667,44,6,38,2
18668,51,8,43,2
18669,44,2,42,2
18670,57,3,54,2
18671,47,7,40,2
18672,62,9,53,2
18673,59,11,48,2
18674,60,4,56,2
18675,45,9,36,2
18676,54,13,41,2
18677,46,5,41,2
18678,55,10,45,2
18679,55,7,48,2
18680,68,8,60,2
18681,53,1,52,2
18682,62,15,47,2
18683,48,10,38,2
18684,58,13,45,2
18685,61,13,48,2
18686,50,7,43,2
18687,39,3,36,2
18688,47,4,43,2
18689,52,6,46,2
18690,50,4,46,2
18691,61,4,57,2
18692,53,10,43,2
18693,55,10,45,2
18694,55,5,50,2
18695,56,4,52,2
18696,54,7,47,2
18697,57,5,52,2
18698,52,2,50,2
18699,54,4,50,2
18700,61,3,58,2
18701,65,9,56,2
18702,61,6,55,2
18703,52,5,47,2
18704,53,8,45,2
18705,49,10,39,2
18706,59,9,50,2
18707,42,4,38,2
18708,58,11,47,2
18709,56,14,42,2
18710,53,10,43,2
18711,47,1,46,2
18712,58,7,51,2
18713,58,9,49,2
18714,62,6,56,2
18715,45,7,38,2
18716,63,10,53,2
18717,47,1,46,2
18718,42,3,39,2
18719,63,6,57,2
18720,43,4,39,2
18721,62,9,53,2
18722,49,6,43,2
18723,40,5,35,2
18724,53,7,46,2
18725,46,2,44,2
18726,50,9,41,2
18727,56,9,47,2
18728,47,6,41,2
18729,36,7,29,2
18730,48,3,45,2
18731,53,3,50,2
18732,53,4,49,2
18733,43,8,35,2
18734,48,4,44,2
18735,51,1,50,2
18736,72,12,60,2
18737,49,4,45,2
18738,66,1,65,2
18739,58,5,53,2
18740,44,2,42,2
18741,55,4,51,2
18742,43,5,38,2
18743,51,7,44,2
18744,47,4,43,2
18745,54,5,49,2
18746,51,8,43,2
18747,58,9,49,2
18748,56,3,53,2
18749,59,8,51,2
18750,57,6,51,2
18751,68,6,62,2
18752,58,7,51,2
18753,55,5,50,2
18754,63,6,57,2
18755,57,8,49,2
18756,57,5,52,2
18757,68,7,61,2
18758,49,4,45,2
18759,46,5,41,2
18760,69,6,63,2
18761,49,3,46,2
18762,47,3,44,2
18763,53,10,43,2
18764,51,6,45,2
18765,57,8,49,2
18766,57,6,51,2
18767,62,7,55,2
18768,47,2,45,2
18769,38,8,30,2
18770,59,9,50,2
18771,48,4,44,2
18772,55,9,46,2
18773,52,5,47,2
18774,68,7,61,2
18775,61,3,58,2
18776,59,8,51,2
18777,51,6,45,2
18778,59,6,53,2
18779,56,5,51,2
18780,55,3,52,2
18781,51,10,41,2
18782,58,6,52,2
18783,59,6,53,2
18784,56,7,49,2
18785,59,6,53,2
18786,59,8,51,2
18787,50,10,40,2
18788,60,10,50,2
18789,57,6,51,2
18790,56,3,53,2
18791,53,10,43,2
18792,53,7,46,2
18793,63,6,57,2
18794,71,7,64,2
18795,43,8,35,2
18796,52,6,46,2
18797,45,4,41,2
18798,65,8,57,2
18799,47,4,43,2
18800,60,6,54,2
18801,54,8,46,2
18802,65,11,54,2
18803,61,3,58,2
18804,61,10,51,2
18805,68,9,59,2
18806,42,7,35,2
18807,60,10,50,2
18808,53,9,44,2
18809,54,8,46,2
18810,51,4,47,2
18811,48,6,42,2
18812,64,7,57,2
18813,55,5,50,2
18814,51,7,44,2
18815,47,5,42,2
18816,45,6,39,2
18817,55,8,47,2
18818,56,5,51,2
18819,56,9,47,2
18820,60,7,53,2
18821,50,11,39,2
18822,53,4,49,2
18823,47,6,41,2
18824,61,4,57,2
18825,64,7,57,2
18826,55,9,46,2
18827,51,2,49,2
18828,54,5,49,2
18829,65,8,57,2
18830,52,4,48,2
18831,52,5,47,2
18832,65,9,56,2
18833,56,10,46,2
18834,60,4,56,2
18835,55,5,50,2
18836,70,8,62,2
18837,63,3,60,2
18838,62,12,50,2
18839,58,7,51,2
18840,56,7,49,2
18841,60,9,51,2
18842,55,9,46,2
18843,64,11,53,2
18844,54,5,49,2
18845,41,6,35,2
18846,66,13,53,2
18847,56,7,49,2
18848,38,2,36,2
18849,54,3,51,2
18850,57,5,52,2
18851,61,7,54,2
18852,49,2,47,2
18853,46,7,39,2
18854,55,4,51,2
18855,64,9,55,2
18856,57,11,46,2
18857,47,5,42,2
18858,53,4,49,2
18859,56,10,46,2
18860,56,6,50,2
18861,55,3,52,2
18862,66,9,57,2
18863,57,5,52,2
18864,62,6,56,2
18865,51,4,47,2
18866,63,9,54,2
18867,49,8,41,2
18868,67,4,63,2
18869,50,3,47,2
18870,50,5,45,2
18871,68,10,58,2
18872,43,6,37,2
18873,52,8,44,2
18874,51,9,42,2
18875,49,2,47,2
18876,56,5,51,2
18877,64,7,57,2
18878,64,6,58,2
18879,47,4,43,2
18880,57,9,48,2
18881,44,7,37,2
18882,44,5,39,2
18883,57,9,48,2
18884,40,4,36,2
18885,65,8,57,2
18886,54,5,49,2
18887,46,6,40,2
18888,52,8,44,2
18889,55,8,47,2
18890,54,8,46,2
18891,52,4,48,2
18892,53,4,49,2
18893,60,5,55,2
18894,59,11,48,2
18895,47,6,41,2
18896,66,8,58,2
18897,53,8,45,2
18898,60,5,55,2
18899,69,9,60,2
18900,44,8,36,2
18901,49,2,47,2
18902,67,4,63,2
18903,59,8,51,2
18904,51,6,45,2
18905,55,6,49,2
18906,43,5,38,2
18907,70,7,63,2
18908,50,2,48,2
18909,50,7,43,2
18910,68,8,60,2
18911,48,2,46,2
18912,42,1,41,2
18913,64,13,51,2
18914,64,1,63,2
18915,62,10,52,2
18916,42,8,34,2
18917,46,4,42,2
18918,57,6,51,2
18919,41,5,36,2
18920,53,5,48,2
18921,48,5,43,2
18922,51,11,40,2
18923,65,7,58,2
18924,56,8,48,2
18925,57,4,53,2
18926,54,6,48,2
18927,55,4,51,2
18928,49,8,41,2
18929,54,5,49,2
18930,70,12,58,2
18931,50,5,45,2
18932,50,6,44,2
18933,54,3,51,2
18934,65,7,58,2
18935,41,3,38,2
18936,54,4,50,2
18937,53,4,49,2
18938,56,5,51,2
18939,58,4,54,2
18940,64,7,57,2
18941,54,3,51,2
18942,49,3,46,2
18943,60,10,50,2
18944,64,8,56,2
18945,64,5,59,2
18946,65,6,59,2
18947,61,9,52,2
18948,48,6,42,2
18949,63,7,56,2
18950,46,4,42,2
18951,53,7,46,2
18952,61,9,52,2
18953,54,5,49,2
18954,49,8,41,2
18955,66,4,62,2
18956,62,9,53,2
18957,59,6,53,2
18958,57,6,51,2
18959,58,5,53,2
18960,38,5,33,2
18961,55,11,44,2
18962,65,4,61,2
18963,51,4,47,2
18964,77,12,65,2
18965,70,7,63,2
18966,58,7,51,2
18967,52,1,51,2
18968,58,6,52,2
18969,59,6,53,2
18970,51,5,46,2
18971,53,6,47,2
18972,50,5,45,2
18973,57,11,46,2
18974,62,11,51,2
18975,47,10,37,2
18976,63,7,56,2
18977,53,8,45,2
18978,62,5,57,2
18979,50,9,41,2
18980,55,3,52,2
18981,57,11,46,2
18982,52,4,48,2
18983,58,8,50,2
18984,53,9,44,2
18985,39,4,35,2
18986,53,4,49,2
18987,39,4,35,2
18988,52,6,46,2
18989,59,7,52,2
18990,50,3,47,2
18991,60,4,56,2
18992,51,8,43,2
18993,53,8,45,2
18994,53,7,46,2
18995,53,5,48,2
18996,55,5,50,2
18997,61,6,55,2
18998,54,9,45,2
18999,58,8,50,2
19000,53,7,46,2
19001,60,6,54,2
19002,42,5,37,2
19003,60,7,53,2
19004,55,7,48,2
19005,64,7,57,2
19006,43,5,38,2
19007,55,5,50,2
19008,55,5,50,2
19009,56,8,48,2
19010,55,4,51,2
19011,46,5,41,2
19012,61,10,51,2
19013,56,6,50,2
19014,49,3,46,2
19015,45,8,37,2
19016,49,8,41,2
19017,66,11,55,2
19018,57,8,49,2
19019,66,7,59,2
19020,55,5,50,2
19021,50,4,46,2
19022,55,6,49,2
19023,48,6,42,2
19024,71,9,62,2
19025,52,9,43,2
19026,52,6,46,2
19027,52,4,48,2
19028,45,5,40,2
19029,47,6,41,2
19030,50,2,48,2
19031,62,6,56,2
19032,51,4,47,2
19033,53,5,48,2
19034,52,6,46,2
19035,57,2,55,2
19036,57,2,55,2
19037,50,10,40,2
19038,56,4,52,2
19039,47,9,38,2
19040,63,5,58,2
19041,53,3,50,2
19042,47,7,40,2
19043,51,5,46,2
19044,59,7,52,2
19045,58,9,49,2
19046,65,8,57,2
19047,58,8,50,2
19048,52,7,45,2
19049,54,1,53,2
19050,50,7,43,2
19051,51,5,46,2
19052,57,8,49,2
19053,64,6,58,2
19054,52,6,46,2
19055,54,9,45,2
19056,61,7,54,2
19057,48,8,40,2
19058,36,3,33,2
19059,49,4,45,2
19060,67,4,63,2
19061,59,12,47,2
19062,51,5,46,2
19063,58,3,55,2
19064,43,7,36,2
19065,50,7,43,2
19066,46,8,38,2
19067,60,6,54,2
19068,52,5,47,2
19069,71,5,66,2
19070,57,11,46,2
19071,55,7,48,2
19072,63,9,54,2
19073,47,8,39,2
19074,57,6,51,2
19075,46,8,38,2
19076,48,7,41,2
19077,46,7,39,2
19078,53,5,48,2
19079,67,6,61,2
19080,52,9,43,2
19081,52,3,49,2
19082,61,11,50,2
19083,48,6,42,2
19084,71,10,61,2
19085,61,9,52,2
19086,45,5,40,2
19087,76,12,64,2
19088,49,4,45,2
19089,52,3,49,2
19090,52,6,46,2
19091,64,11,53,2
19092,56,4,52,2
19093,50,9,41,2
19094,58,7,51,2
19095,55,6,49,2
19096,57,12,45,2
19097,49,7,42,2
19098,53,7,46,2
19099,55,3,52,2
19100,49,8,41,2
19101,48,7,41,2
19102,60,3,57,2
19103,65,8,57,2
19104,49,3,46,2
19105,60,6,54,2
19106,54,8,46,2
19107,41,5,36,2
19108,57,9,48,2
19109,48,6,42,2
19110,54,3,51,2
19111,57,11,46,2
19112,46,6,40,2
19113,53,9,44,2
19114,47,4,43,2
19115,53,9,44,2
19116,56,5,51,2
19117,59,6,53,2
19118,53,6,47,2
19119,62,8,54,2
19120,38,5,33,2
19121,48,7,41,2
19122,56,7,49,2
19123,56,5,51,2
19124,43,1,42,2
19125,62,8,54,2
19126,55,0,55,1
19127,62,10,52,2
19128,65,9,56,2
19129,47,3,44,2
19130,47,6,41,2
19131,59,9,50,2
19132,55,6,49,2
19133,58,5,53,2
19134,61,9,52,2
19135,58,7,51,2
19136,60,15,45,2
19137,50,3,47,2
19138,55,9,46,2
19139,43,5,38,2
19140,46,3,43,2
19141,57,6,51,2
19142,51,6,45,2
19143,50,7,43,2
19144,58,8,50,2
19145,43,9,34,2
19146,59,9,50,2
19147,51,6,45,2
19148,40,8,32,2
19149,61,2,59,2
19150,66,3,63,2
19151,50,5,45,2
19152,74,11,63,2
19153,67,4,63,2
19154,46,5,41,2
19155,77,9,68,2
19156,57,3,54,2
19157,48,8,40,2
19158,53,8,45,2
19159,64,6,58,2
19160,46,3,43,2
19161,65,7,58,2
19162,54,4,50,2
19163,48,4,44,2
19164,54,11,43,2
19165,49,4,45,2
19166,70,7,63,2
19167,57,6,51,2
19168,48,3,45,2
19169,60,6,54,2
19170,53,7,46,2
19171,53,13,40,2
19172,52,6,46,2
19173,50,10,40,2
19174,60,7,53,2
19175,64,11,53,2
19176,57,6,51,2
19177,55,9,46,2
19178,48,5,43,2
19179,57,7,50,2
19180,35,5,30,2
19181,50,6,44,2
19182,67,7,60,2
19183,65,6,59,2
19184,63,6,57,2
19185,62,8,54,2
19186,80,6,74,2
19187,43,8,35,2
19188,63,11,52,2
19189,49,4,45,2
19190,64,15,49,2
19191,48,2,46,2
19192,53,7,46,2
19193,45,8,37,2
19194,47,5,42,2
19195,50,9,41,2
19196,39,6,33,2
19197,51,5,46,2
19198,53,2,51,2
19199,51,4,47,2
19200,53,9,44,2
19201,39,7,32,2
19202,61,10,51,2
19203,44,3,41,2
19204,50,2,48,2
19205,43,2,41,2
19206,56,8,48,2
19207,37,6,31,2
19208,44,4,40,2
19209,58,5,53,2
19210,54,4,50,2
19211,58,10,48,2
19212,60,8,52,2
19213,54,9,45,2
19214,59,10,49,2
19215,61,6,55,2
19216,61,6,55,2
19217,65,10,55,2
19218,48,4,44,2
19219,58,7,51,2
19220,51,3,48,2
19221,51,6,45,2
19222,54,7,47,2
19223,50,6,44,2
19224,59,8,51,2
19225,64,7,57,2
19226,53,5,48,2
19227,49,3,46,2
19228,53,7,46,2
19229,50,9,41,2
19230,55,6,49,2
19231,55,8,47,2
19232,56,5,51,2
19233,45,6,39,2
19234,53,13,40,2
19235,52,4,48,2
19236,58,6,52,2
19237,56,7,49,2
19238,50,4,46,2
19239,40,4,36,2
19240,41,6,35,2
19241,56,8,48,2
19242,46,8,38,2
19243,56,9,47,2
19244,56,5,51,2
19245,63,8,55,2
19246,60,8,52,2
19247,52,7,45,2
19248,49,8,41,2
19249,48,9,39,2
19250,56,7,49,2
19251,62,6,56,2
19252,58,6,52,2
19253,61,12,49,2
19254,52,1,51,2
19255,50,6,44,2
19256,41,3,38,2
19257,51,10,41,2
19258,48,6,42,2
19259,45,4,41,2
19260,44,8,36,2
19261,55,2,53,2
19262,76,9,67,2
19263,50,8,42,2
19264,59,7,52,2
19265,49,8,41,2
19266,55,7,48,2
19267,60,3,57,2
19268,52,6,46,2
19269,47,4,43,2
19270,57,9,48,2
19271,58,9,49,2
19272,59,10,49,2
19273,73,7,66,2
19274,52,7,45,2
19275,63,7,56,2
19276,61,11,50,2
19277,59,7,52,2
19278,62,11,51,2
19279,62,10,52,2
19280,65,7,58,2
19281,48,3,45,2
19282,58,7,51,2
19283,54,4,50,2
19284,50,8,42,2
19285,62,5,57,2
19286,49,6,43,2
19287,54,6,48,2
19288,43,2,41,2
19289,54,9,45,2
19290,59,9,50,2
19291,44,9,35,2
19292,61,7,54,2
19293,55,9,46,2
19294,55,11,44,2
19295,47,8,39,2
19296,63,6,57,2
19297,53,10,43,2
19298,60,11,49,2
19299,54,6,48,2
19300,55,7,48,2
19301,47,6,41,2
19302,56,9,47,2
19303,54,9,45,2
19304,58,3,55,2
19305,54,7,47,2
19306,68,15,53,2
19307,45,8,37,2
19308,54,5,49,2
19309,44,4,40,2
19310,44,3,41,2
19311,55,11,44,2
19312,68,14,54,2
19313,56,5,51,2
19314,57,7,50,2
19315,47,5,42,2
19316,45,5,40,2
19317,50,2,48,2
19318,49,4,45,2
19319,54,3,51,2
19320,47,5,42,2
19321,57,6,51,2
19322,55,5,50,2
19323,64,10,54,2
19324,51,6,45,2
19325,49,6,43,2
19326,59,9,50,2
19327,52,8,44,2
19328,62,8,54,2
19329,52,9,43,2
19330,60,6,54,2
19331,62,5,57,2
19332,47,9,38,2
19333,49,4,45,2
19334,56,10,46,2
19335,54,5,49,2
19336,51,7,44,2
19337,48,1,47,2
19338,55,5,50,2
19339,60,8,52,2
19340,59,6,53,2
19341,52,5,47,2
19342,51,9,42,2
19343,50,6,44,2
19344,55,10,45,2
19345,59,7,52,2
19346,56,4,52,2
19347,54,3,51,2
19348,55,9,46,2
19349,52,5,47,2
19350,46,8,38,2
19351,64,15,49,2
19352,54,5,49,2
19353,58,7,51,2
19354,58,8,50,2
19355,52,6,46,2
19356,52,10,42,2
19357,62,7,55,2
19358,64,8,56,2
19359,55,5,50,2
19360,37,6,31,2
19361,59,8,51,2
19362,66,8,58,2
19363,53,3,50,2
19364,55,6,49,2
19365,54,8,46,2
19366,60,7,53,2
19367,49,7,42,2
19368,48,5,43,2
19369,57,6,51,2
19370,53,4,49,2
19371,54,7,47,2
19372,52,9,43,2
19373,63,4,59,2
19374,52,6,46,2
19375,54,10,44,2
19376,73,11,62,2
19377,41,7,34,2
19378,56,7,49,2
19379,51,7,44,2
19380,52,3,49,2
19381,59,9,50,2
19382,50,10,40,2
19383,56,9,47,2
19384,51,3,48,2
19385,44,10,34,2
19386,51,5,46,2
19387,56,3,53,2
19388,53,6,47,2
19389,53,7,46,2
19390,53,13,40,2
19391,45,9,36,2
19392,57,6,51,2
19393,61,4,57,2
19394,44,4,40,2
19395,49,9,40,2
19396,64,5,59,2
19397,63,7,56,2
19398,59,3,56,2
19399,67,8,59,2
19400,40,4,36,2
19401,47,9,38,2
19402,60,8,52,2
19403,59,13,46,2
19404,74,7,67,2
19405,57,5,52,2
19406,66,6,60,2
19407,58,10,48,2
19408,66,8,58,2
19409,52,4,48,2
19410,56,8,48,2
19411,53,6,47,2
19412,57,4,53,2
19413,45,12,33,2
19414,57,7,50,2
19415,46,4,42,2
19416,38,5,33,2
19417,55,9,46,2
19418,55,6,49,2
19419,49,6,43,2
19420,51,5,46,2
19421,52,2,50,2
19422,52,10,42,2
19423,40,5,35,2
19424,67,18,49,2
19425,43,5,38,2
19426,63,11,52,2
19427,51,6,45,2
19428,60,6,54,2
19429,40,5,35,2
19430,57,11,46,2
19431,53,6,47,2
19432,47,7,40,2
19433,70,12,58,2
19434,60,14,46,2
19435,57,7,50,2
19436,40,4,36,2
19437,54,4,50,2
19438,58,4,54,2
19439,54,6,48,2
19440,54,8,46,2
19441,62,12,50,2
19442,38,5,33,2
19443,44,8,36,2
19444,64,6,58,2
19445,50,10,40,2
19446,50,3,47,2
19447,49,4,45,2
19448,53,7,46,2
19449,55,6,49,2
19450,41,6,35,2
19451,57,10,47,2
19452,48,7,41,2
19453,48,6,42,2
19454,54,7,47,2
19455,52,6,46,2
19456,55,8,47,2
19457,61,5,56,2
19458,48,5,43,2
19459,64,9,55,2
19460,49,6,43,2
19461,64,8,56,2
19462,55,7,48,2
19463,56,13,43,2
19464,52,5,47,2
19465,66,11,55,2
19466,63,8,55,2
19467,45,5,40,2
19468,41,3,38,2
19469,64,11,53,2
19470,42,7,35,2
19471,44,4,40,2
19472,51,3,48,2
19473,63,8,55,2
19474,48,2,46,2
19475,64,13,51,2
19476,54,5,49,2
19477,56,14,42,2
19478,49,7,42,2
19479,71,2,69,2
19480,68,8,60,2
19481,63,11,52,2
19482,44,6,38,2
19483,57,8,49,2
19484,55,3,52,2
19485,51,7,44,2
19486,69,7,62,2
19487,58,3,55,2
19488,50,6,44,2
19489,61,7,54,2
19490,53,3,50,2
19491,58,7,51,2
19492,54,8,46,2
19493,66,5,61,2
19494,54,7,47,2
19495,55,6,49,2
19496,58,7,51,2
19497,62,12,50,2
19498,36,3,33,2
19499,43,9,34,2
19500,54,4,50,2
19501,59,9,50,2
19502,47,9,38,2
19503,46,6,40,2
19504,62,10,52,2
19505,50,4,46,2
19506,50,5,45,2
19507,55,10,45,2
19508,51,2,49,2
19509,42,5,37,2
19510,41,10,31,2
19511,46,11,35,2
19512,48,6,42,2
19513,56,5,51,2
19514,55,4,51,2
19515,46,3,43,2
19516,55,6,49,2
19517,65,6,59,2
19518,58,6,52,2
19519,55,7,48,2
19520,47,8,39,2
19521,46,7,39,2
19522,58,6,52,2
19523,49,6,43,2
19524,60,7,53,2
19525,47,6,41,2
19526,59,5,54,2
19527,57,7,50,2
19528,67,8,59,2
19529,47,5,42,2
19530,47,3,44,2
19531,55,5,50,2
19532,57,7,50,2
19533,60,8,52,2
19534,57,8,49,2
19535,51,9,42,2
19536,57,7,50,2
19537,56,9,47,2
19538,60,8,52,2
19539,44,4,40,2
19540,46,8,38,2
19541,59,9,50,2
19542,50,5,45,2
19543,52,5,47,2
19544,59,5,54,2
19545,43,4,39,2
19546,52,5,47,2
19547,60,4,56,2
19548,45,6,39,2
19549,64,9,55,2
19550,60,6,54,2
19551,46,6,40,2
19552,51,11,40,2
19553,66,9,57,2
19554,53,7,46,2
19555,54,7,47,2
19556,72,8,64,2
19557,52,6,46,2
19558,53,5,48,2
19559,62,9,53,2
19560,54,2,52,2
19561,42,5,37,2
19562,54,2,52,2
19563,47,3,44,2
19564,48,4,44,2
19565,73,8,65,2
19566,45,9,36,2
19567,63,8,55,2
19568,55,8,47,2
19569,57,7,50,2
19570,48,8,40,2
19571,49,7,42,2
19572,61,5,56,2
19573,55,10,45,2
19574,42,3,39,2
19575,65,9,56,2
19576,45,5,40,2
19577,43,3,40,2
19578,54,3,51,2
19579,58,9,49,2
19580,48,3,45,2
19581,61,10,51,2
19582,59,5,54,2
19583,55,4,51,2
19584,44,4,40,2
19585,49,3,46,2
19586,46,8,38,2
19587,66,7,59,2
19588,56,6,50,2
19589,62,3,59,2
19590,52,6,46,2
19591,52,3,49,2
19592,54,13,41,2
19593,59,5,54,2
19594,61,9,52,2
19595,53,4,49,2
19596,54,4,50,2
19597,49,5,44,2
19598,63,2,61,2
19599,49,2,47,2
19600,68,10,58,2
19601,82,12,70,2
19602,55,9,46,2
19603,47,15,32,2
19604,39,5,34,2
19605,58,5,53,2
19606,57,9,48,2
19607,65,10,55,2
19608,50,5,45,2
19609,54,6,48,2
19610,64,11,53,2
19611,71,8,63,2
19612,64,7,57,2
19613,45,6,39,2
19614,57,7,50,2
19615,51,6,45,2
19616,42,3,39,2
19617,52,5,47,2
19618,49,6,43,2
19619,47,6,41,2
19620,54,9,45,2
19621,64,3,61,2
19622,50,3,47,2
19623,45,4,41,2
19624,51,4,47,2
19625,57,2,55,2
19626,54,5,49,2
19627,46,11,35,2
19628,49,7,42,2
19629,58,4,54,2
19630,56,6,50,2
19631,68,6,62,2
19632,59,12,47,2
19633,59,8,51,2
19634,39,10,29,2
19635,62,4,58,2
19636,49,7,42,2
19637,54,7,47,2
19638,48,2,46,2
19639,55,5,50,2
19640,55,4,51,2
19641,49,4,45,2
19642,49,5,44,2
19643,40,6,34,2
19644,57,7,50,2
19645,53,12,41,2
19646,57,3,54,2
19647,59,2,57,2
19648,59,10,49,2
19649,58,13,45,2
19650,45,9,36,2
19651,50,8,42,2
19652,58,5,53,2
19653,49,10,39,2
19654,53,4,49,2
19655,56,7,49,2
19656,61,7,54,2
19657,67,10,57,2
19658,66,8,58,2
19659,48,7,41,2
19660,56,3,53,2
19661,66,9,57,2
19662,60,11,49,2
19663,58,6,52,2
19664,52,5,47,2
19665,50,4,46,2
19666,52,3,49,2
19667,54,6,48,2
19668,57,4,53,2
19669,44,6,38,2
19670,52,5,47,2
19671,48,6,42,2
19672,56,8,48,2
19673,54,4,50,2
19674,58,6,52,2
19675,47,7,40,2
19676,55,9,46,2
19677,51,10,41,2
19678,49,4,45,2
19679,40,0,40,1
19680,68,15,53,2
19681,55,7,48,2
19682,40,3,37,2
19683,45,9,36,2
19684,66,12,54,2
19685,78,8,70,2
19686,55,7,48,2
19687,57,11,46,2
19688,61,6,55,2
19689,55,8,47,2
19690,58,5,53,2
19691,66,5,61,2
19692,59,8,51,2
19693,49,5,44,2
19694,63,9,54,2
19695,64,5,59,2
19696,61,11,50,2
19697,53,5,48,2
19698,45,7,38,2
19699,59,6,53,2
19700,57,5,52,2
19701,51,7,44,2
19702,70,5,65,2
19703,52,3,49,2
19704,59,8,51,2
19705,50,7,43,2
19706,49,7,42,2
19707,61,3,58,2
19708,48,6,42,2
19709,51,7,44,2
19710,59,8,51,2
19711,60,10,50,2
19712,68,9,59,2
19713,58,12,46,2
19714,53,5,48,2
19715,64,8,56,2
19716,64,7,57,2
19717,46,3,43,2
19718,63,7,56,2
19719,64,12,52,2
19720,57,7,50,2
19721,65,7,58,2
19722,51,5,46,2
19723,63,3,60,2
19724,45,9,36,2
19725,55,6,49,2
19726,63,7,56,2
19727,51,3,48,2
19728,56,6,50,2
19729,71,7,64,2
19730,61,6,55,2
19731,53,4,49,2
19732,68,6,62,2
19733,58,7,51,2
19734,47,4,43,2
19735,56,5,51,2
19736,42,7,35,2
19737,53,6,47,2
19738,51,7,44,2
19739,51,7,44,2
19740,54,12,42,2
19741,60,11,49,2
19742,56,2,54,2
19743,53,5,48,2
19744,64,10,54,2
19745,49,6,43,2
19746,56,2,54,2
19747,62,6,56,2
19748,48,4,44,2
19749,57,9,48,2
19750,58,10,48,2
19751,49,8,41,2
19752,57,7,50,2
19753,59,8,51,2
19754,43,6,37,2
19755,55,6,49,2
19756,51,3,48,2
19757,64,12,52,2
19758,60,8,52,2
19759,68,8,60,2
19760,53,8,45,2
19761,68,7,61,2
19762,46,9,37,2
19763,51,6,45,2
19764,55,6,49,2
19765,47,3,44,2
19766,36,5,31,2
19767,48,10,38,2
19768,67,11,56,2
19769,55,10,45,2
19770,45,3,42,2
19771,54,7,47,2
19772,58,8,50,2
19773,54,8,46,2
19774,63,8,55,2
19775,53,5,48,2
19776,55,5,50,2
19777,62,11,51,2
19778,50,6,44,2
19779,58,6,52,2
19780,56,10,46,2
19781,58,3,55,2
19782,68,4,64,2
19783,58,13,45,2
19784,60,6,54,2
19785,53,6,47,2
19786,54,9,45,2
19787,60,6,54,2
19788,59,6,53,2
19789,63,7,56,2
19790,51,6,45,2
19791,54,3,51,2
19792,56,6,50,2
19793,52,4,48,2
19794,60,5,55,2
19795,54,6,48,2
19796,56,6,50,2
19797,57,11,46,2
19798,48,6,42,2
19799,45,7,38,2
19800,45,2,43,2
19801,55,5,50,2
19802,50,8,42,2
19803,63,4,59,2
19804,57,9,48,2
19805,57,5,52,2
19806,65,10,55,2
19807,59,8,51,2
19808,64,9,55,2
19809,53,7,46,2
19810,51,11,40,2
19811,74,12,62,2
19812,45,4,41,2
19813,42,10,32,2
19814,47,3,44,2
19815,58,6,52,2
19816,45,8,37,2
19817,52,8,44,2
19818,49,10,39,2
19819,45,7,38,2
19820,47,7,40,2
19821,54,9,45,2
19822,53,8,45,2
19823,45,6,39,2
19824,60,5,55,2
19825,57,14,43,2
19826,41,7,34,2
19827,53,8,45,2
19828,48,3,45,2
19829,49,7,42,2
19830,52,8,44,2
19831,50,4,46,2
19832,64,9,55,2
19833,52,4,48,2
19834,49,6,43,2
19835,49,8,41,2
19836,42,6,36,2
19837,51,9,42,2
19838,52,13,39,2
19839,46,7,39,2
19840,76,6,70,2
19841,50,7,43,2
19842,65,10,55,2
19843,60,5,55,2
19844,55,8,47,2
19845,52,4,48,2
19846,47,5,42,2
19847,47,6,41,2
19848,43,9,34,2
19849,65,9,56,2
19850,43,5,38,2
19851,57,6,51,2
19852,48,3,45,2
19853,54,8,46,2
19854,54,6,48,2
19855,56,11,45,2
19856,53,1,52,2
19857,64,4,60,2
19858,54,6,48,2
19859,53,12,41,2
19860,54,5,49,2
19861,67,4,63,2
19862,54,9,45,2
19863,66,4,62,2
19864,54,3,51,2
19865,46,4,42,2
19866,53,5,48,2
19867,45,5,40,2
19868,44,7,37,2
19869,48,4,44,2
19870,45,2,43,2
19871,54,6,48,2
19872,58,5,53,2
19873,61,8,53,2
19874,61,8,53,2
19875,58,7,51,2
19876,56,1,55,2
19877,58,7,51,2
19878,60,9,51,2
19879,54,7,47,2
19880,55,4,51,2
19881,57,6,51,2
19882,62,10,52,2
19883,59,5,54,2
19884,51,5,46,2
19885,68,10,58,2
19886,50,8,42,2
19887,54,6,48,2
19888,55,5,50,2
19889,59,5,54,2
19890,60,10,50,2
19891,57,8,49,2
19892,55,8,47,2
19893,54,8,46,2
19894,65,10,55,2
19895,58,8,50,2
19896,59,8,51,2
19897,65,10,55,2
19898,56,9,47,2
19899,53,6,47,2
19900,39,5,34,2
19901,54,4,50,2
19902,51,3,48,2
19903,52,2,50,2
19904,42,8,34,2
19905,59,10,49,2
19906,53,7,46,2
19907,49,4,45,2
19908,57,11,46,2
19909,55,5,50,2
19910,46,6,40,2
19911,53,4,49,2
19912,65,7,58,2
19913,46,6,40,2
19914,52,3,49,2
19915,46,6,40,2
19916,53,5,48,2
19917,48,4,44,2
19918,57,6,51,2
19919,64,5,59,2
19920,45,5,40,2
19921,49,7,42,2
19922,62,11,51,2
19923,48,7,41,2
19924,56,6,50,2
19925,46,3,43,2
19926,49,12,37,2
19927,54,4,50,2
19928,59,12,47,2
19929,64,8,56,2
19930,42,3,39,2
19931,59,8,51,2
19932,63,5,58,2
19933,53,10,43,2
19934,49,10,39,2
19935,65,6,59,2
19936,58,6,52,2
19937,59,7,52,2
19938,46,7,39,2
19939,43,3,40,2
19940,54,3,51,2
19941,45,8,37,2
19942,44,3,41,2
19943,62,4,58,2
19944,62,6,56,2
19945,52,4,48,2
19946,50,4,46,2
19947,48,5,43,2
19948,43,3,40,2
19949,54,7,47,2
19950,44,4,40,2
19951,46,4,42,2
19952,54,8,46,2
19953,51,3,48,2
19954,57,6,51,2
19955,57,8,49,2
19956,50,6,44,2
19957,54,7,47,2
19958,52,9,43,2
19959,52,5,47,2
19960,59,10,49,2
19961,51,7,44,2
19962,43,6,37,2
19963,47,4,43,2
19964,60,7,53,2
19965,53,4,49,2
19966,39,5,34,2
19967,68,9,59,2
19968,54,7,47,2
19969,47,3,44,2
19970,66,9,57,2
19971,65,10,55,2
19972,57,6,51,2
19973,42,6,36,2
19974,48,6,42,2
19975,54,7,47,2
19976,55,9,46,2
19977,68,7,61,2
19978,46,7,39,2
19979,62,10,52,2
19980,46,2,44,2
19981,59,3,56,2
19982,47,3,44,2
19983,50,4,46,2
19984,57,2,55,2
19985,64,8,56,2
19986,63,9,54,2
19987,55,10,45,2
19988,48,6,42,2
19989,46,6,40,2
19990,63,7,56,2
19991,44,11,33,2
19992,62,12,50,2
19993,63,8,55,2
19994,50,9,41,2
19995,50,8,42,2
19996,47,4,43,2
19997,43,5,38,2
19998,41,3,38,2
19999,49,10,39,2
20000,64,10,54,2
20001,71,1,70,2
20002,51,7,44,2
20003,55,5,50,2
20004,63,3,60,2
20005,55,3,52,2
20006,50,6,44,2
20007,69,11,58,2
20008,60,9,51,2
20009,48,5,43,2
20010,50,9,41,2
20011,60,11,49,2
20012,60,8,52,2
20013,51,4,47,2
20014,45,5,40,2
20015,61,8,53,2
20016,52,5,47,2
20017,59,8,51,2
20018,53,9,44,2
20019,55,15,40,2
20020,44,6,38,2
20021,51,10,41,2
20022,59,8,51,2
20023,44,6,38,2
20024,40,3,37,2
20025,48,5,43,2
20026,64,9,55,2
20027,50,3,47,2
20028,60,11,49,2
20029,62,5,57,2
20030,48,6,42,2
20031,64,6,58,2
20032,70,7,63,2
20033,69,14,55,2
20034,57,3,54,2
20035,49,5,44,2
20036,48,4,44,2
20037,59,5,54,2
20038,62,6,56,2
20039,62,7,55,2
20040,66,10,56,2
20041,62,6,56,2
20042,47,6,41,2
20043,53,9,44,2
20044,53,5,48,2
20045,54,4,50,2
20046,52,8,44,2
20047,53,7,46,2
20048,61,6,55,2
20049,56,3,53,2
20050,66,6,60,2
20051,58,6,52,2
20052,53,10,43,2
20053,51,4,47,2
20054,53,11,42,2
20055,42,8,34,2
20056,64,6,58,2
20057,53,4,49,2
20058,46,4,42,2
20059,58,1,57,2
20060,40,7,33,2
20061,62,9,53,2
20062,45,5,40,2
20063,40,4,36,2
20064,65,7,58,2
20065,47,4,43,2
20066,56,6,50,2
20067,71,13,58,2
20068,43,5,38,2
20069,54,4,50,2
20070,39,6,33,2
20071,71,7,64,2
20072,46,8,38,2
20073,56,4,52,2
20074,48,7,41,2
20075,40,5,35,2
20076,54,7,47,2
20077,48,6,42,2
20078,51,7,44,2
20079,53,7,46,2
20080,50,6,44,2
20081,55,7,48,2
20082,36,4,32,2
20083,54,2,52,2
20084,48,6,42,2
20085,52,5,47,2
20086,55,10,45,2
20087,64,6,58,2
20088,53,7,46,2
20089,46,9,37,2
20090,65,4,61,2
20091,62,5,57,2
20092,51,8,43,2
20093,59,6,53,2
20094,56,6,50,2
20095,53,11,42,2
20096,58,7,51,2
20097,49,7,42,2
20098,49,5,44,2
20099,45,6,39,2
20100,46,5,41,2
20101,65,12,53,2
20102,52,5,47,2
20103,56,2,54,2
20104,47,2,45,2
20105,66,8,58,2
20106,63,6,57,2
20107,56,6,50,2
20108,55,10,45,2
20109,48,4,44,2
20110,43,5,38,2
20111,51,7,44,2
20112,56,7,49,2
20113,79,7,72,2
20114,48,5,43,2
20115,55,4,51,2
20116,42,5,37,2
20117,55,7,48,2
20118,58,10,48,2
20119,65,11,54,2
20120,56,11,45,2
20121,61,9,52,2
20122,43,7,36,2
20123,65,9,56,2
20124,63,7,56,2
20125,54,10,44,2
20126,39,3,36,2
20127,50,7,43,2
20128,53,2,51,2
20129,41,4,37,2
20130,54,7,47,2
20131,51,8,43,2
20132,51,8,43,2
20133,53,3,50,2
20134,48,10,38,2
20135,46,2,44,2
20136,56,3,53,2
20137,54,6,48,2
20138,51,7,44,2
20139,52,5,47,2
20140,55,11,44,2
20141,55,6,49,2
20142,55,6,49,2
20143,43,12,31,2
20144,51,3,48,2
20145,59,6,53,2
20146,52,4,48,2
20147,57,6,51,2
20148,70,8,62,2
20149,40,4,36,2
20150,46,7,39,2
20151,44,3,41,2
20152,66,10,56,2
20153,62,12,50,2
20154,88,12,76,2
20155,70,10,60,2
20156,56,10,46,2
20157,52,10,42,2
20158,56,6,50,2
20159,46,5,41,2
20160,62,7,55,2
20161,52,3,49,2
20162,27,6,21,2
20163,48,5,43,2
20164,56,6,50,2
20165,41,3,38,2
20166,51,9,42,2
20167,40,4,36,2
20168,48,8,40,2
20169,49,8,41,2
20170,55,6,49,2
20171,56,8,48,2
20172,60,6,54,2
20173,49,7,42,2
20174,66,7,59,2
20175,64,8,56,2
20176,47,9,38,2
20177,61,5,56,2
20178,52,6,46,2
20179,60,8,52,2
20180,56,8,48,2
20181,57,4,53,2
20182,49,6,43,2
20183,44,7,37,2
20184,57,4,53,2
20185,71,10,61,2
20186,57,8,49,2
20187,65,7,58,2
20188,48,9,39,2
20189,49,6,43,2
20190,58,11,47,2
20191,52,8,44,2
20192,51,10,41,2
20193,62,8,54,2
20194,53,6,47,2
20195,36,0,36,1
20196,66,9,57,2
20197,60,11,49,2
20198,57,6,51,2
20199,50,5,45,2
20200,45,10,35,2
20201,58,7,51,2
20202,44,7,37,2
20203,49,4,45,2
20204,43,2,41,2
20205,57,8,49,2
20206,53,4,49,2
20207,71,12,59,2
20208,53,4,49,2
20209,45,5,40,2
20210,49,5,44,2
20211,56,8,48,2
20212,36,6,30,2
20213,49,4,45,2
20214,63,8,55,2
20215,65,9,56,2
20216,49,3,46,2
20217,67,7,60,2
20218,60,6,54,2
20219,51,6,45,2
20220,67,8,59,2
20221,52,6,46,2
20222,52,7,45,2
20223,62,4,58,2
20224,65,10,55,2
20225,52,3,49,2
20226,55,7,48,2
20227,58,11,47,2
20228,53,5,48,2
20229,57,7,50,2
20230,53,4,49,2
20231,45,8,37,2
20232,58,10,48,2
20233,55,11,44,2
20234,54,8,46,2
20235,64,9,55,2
20236,50,4,46,2
20237,52,9,43,2
20238,49,7,42,2
20239,42,9,33,2
20240,51,10,41,2
20241,56,8,48,2
20242,53,1,52,2
20243,51,6,45,2
20244,63,12,51,2
20245,47,8,39,2
20246,66,13,53,2
20247,57,10,47,2
20248,52,8,44,2
20249,47,5,42,2
20250,49,7,42,2
20251,44,3,41,2
20252,64,7,57,2
20253,54,10,44,2
20254,52,9,43,2
20255,51,5,46,2
20256,58,5,53,2
20257,65,5,60,2
20258,50,4,46,2
20259,58,10,48,2
20260,48,6,42,2
20261,57,7,50,2
20262,55,6,49,2
20263,69,6,63,2
20264,41,3,38,2
20265,49,4,45,2
20266,60,5,55,2
20267,56,5,51,2
20268,55,7,48,2
20269,58,5,53,2
20270,57,7,50,2
20271,62,7,55,2
20272,62,16,46,2
20273,57,4,53,2
20274,50,4,46,2
20275,43,4,39,2
20276,55,9,46,2
20277,49,4,45,2
20278,50,7,43,2
20279,59,5,54,2
20280,48,6,42,2
20281,61,9,52,2
20282,55,4,51,2
20283,62,6,56,2
20284,54,5,49,2
20285,61,10,51,2
20286,46,5,41,2
20287,47,7,40,2
20288,48,6,42,2
20289,32,3,29,2
20290,50,3,47,2
20291,59,10,49,2
20292,73,9,64,2
20293,48,5,43,2
20294,42,3,39,2
20295,59,6,53,2
20296,54,4,50,2
20297,52,10,42,2
20298,60,9,51,2
20299,74,15,59,2
20300,46,8,38,2
20301,53,7,46,2
20302,53,4,49,2
20303,57,5,52,2
20304,50,3,47,2
20305,56,11,45,2
20306,49,7,42,2
20307,54,9,45,2
20308,65,10,55,2
20309,59,10,49,2
20310,67,4,63,2
20311,59,6,53,2
20312,62,4,58,2
20313,49,4,45,2
20314,56,10,46,2
20315,48,5,43,2
20316,54,8,46,2
20317,49,9,40,2
20318,58,9,49,2
20319,52,7,45,2
20320,67,9,58,2
20321,44,7,37,2
20322,56,6,50,2
20323,62,7,55,2
20324,59,2,57,2
20325,60,5,55,2
20326,47,6,41,2
20327,52,4,48,2
20328,57,1,56,2
20329,59,10,49,2
20330,65,4,61,2
20331,62,8,54,2
20332,57,6,51,2
20333,51,12,39,2
20334,52,6,46,2
20335,56,6,50,2
20336,62,10,52,2
20337,40,6,34,2
20338,67,9,58,2
20339,64,8,56,2
20340,43,5,38,2
20341,61,4,57,2
20342,51,2,49,2
20343,64,6,58,2
20344,52,6,46,2
20345,62,7,55,2
20346,57,6,51,2
20347,54,12,42,2
20348,53,6,47,2
20349,66,5,61,2
20350,39,7,32,2
20351,63,5,58,2
20352,62,6,56,2
20353,57,4,53,2
20354,65,7,58,2
20355,62,7,55,2
20356,56,4,52,2
20357,61,10,51,2
20358,60,6,54,2
20359,56,8,48,2
20360,59,11,48,2
20361,49,3,46,2
20362,57,9,48,2
20363,44,3,41,2
20364,55,8,47,2
20365,41,5,36,2
20366,59,11,48,2
20367,61,9,52,2
20368,45,5,40,2
20369,59,4,55,2
20370,50,9,41,2
20371,54,6,48,2
20372,39,7,32,2
20373,44,8,36,2
20374,48,4,44,2
20375,53,10,43,2
20376,56,8,48,2
20377,54,9,45,2
20378,47,5,42,2
20379,67,4,63,2
20380,59,5,54,2
20381,51,8,43,2
20382,50,6,44,2
20383,40,3,37,2
20384,60,2,58,2
20385,54,5,49,2
20386,46,5,41,2
20387,62,5,57,2
20388,54,8,46,2
20389,52,7,45,2
20390,62,6,56,2
20391,51,4,47,2
20392,53,4,49,2
20393,57,7,50,2
20394,52,9,43,2
20395,54,12,42,2
20396,61,3,58,2
20397,49,11,38,2
20398,48,3,45,2
20399,42,5,37,2
20400,50,5,45,2
20401,63,6,57,2
20402,56,9,47,2
20403,59,8,51,2
20404,60,3,57,2
20405,57,8,49,2
20406,66,6,60,2
20407,56,8,48,2
20408,76,8,68,2
20409,51,12,39,2
20410,49,5,44,2
20411,50,9,41,2
20412,58,6,52,2
20413,58,10,48,2
20414,63,9,54,2
20415,41,5,36,2
20416,53,7,46,2
20417,59,6,53,2
20418,52,6,46,2
20419,57,5,52,2
20420,49,5,44,2
20421,57,5,52,2
20422,46,5,41,2
20423,63,10,53,2
20424,66,8,58,2
20425,58,5,53,2
20426,45,4,41,2
20427,72,12,60,2
20428,48,6,42,2
20429,59,8,51,2
20430,55,4,51,2
20431,57,8,49,2
20432,69,9,60,2
20433,53,2,51,2
20434,51,7,44,2
20435,56,6,50,2
20436,48,5,43,2
20437,53,7,46,2
20438,46,1,45,2
20439,57,6,51,2
20440,54,7,47,2
20441,48,8,40,2
20442,53,7,46,2
20443,66,5,61,2
20444,61,8,53,2
20445,55,11,44,2
20446,44,4,40,2
20447,46,4,42,2
20448,58,5,53,2
20449,55,3,52,2
20450,59,7,52,2
20451,56,5,51,2
20452,54,5,49,2
20453,53,8,45,2
20454,62,4,58,2
20455,59,4,55,2
20456,58,6,52,2
20457,49,4,45,2
20458,49,6,43,2
20459,35,6,29,2
20460,50,2,48,2
20461,54,5,49,2
20462,65,8,57,2
20463,67,7,60,2
20464,62,4,58,2
20465,61,8,53,2
20466,60,9,51,2
20467,48,7,41,2
20468,40,4,36,2
20469,45,7,38,2
20470,58,5,53,2
20471,71,7,64,2
20472,55,6,49,2
20473,60,9,51,2
20474,56,12,44,2
20475,65,6,59,2
20476,48,3,45,2
20477,47,8,39,2
20478,72,9,63,2
20479,67,7,60,2
20480,68,6,62,2
20481,56,4,52,2
20482,51,3,48,2
20483,57,6,51,2
20484,47,6,41,2
20485,53,11,42,2
20486,65,10,55,2
20487,47,3,44,2
20488,65,5,60,2
20489,59,11,48,2
20490,57,8,49,2
20491,67,7,60,2
20492,58,8,50,2
20493,39,5,34,2
20494,49,3,46,2
20495,51,5,46,2
20496,44,8,36,2
20497,63,4,59,2
20498,42,4,38,2
20499,65,10,55,2
20500,63,9,54,2
20501,66,4,62,2
20502,56,6,50,2
20503,52,5,47,2
20504,61,6,55,2
20505,44,3,41,2
20506,53,6,47,2
20507,47,5,42,2
20508,47,7,40,2
20509,59,9,50,2
20510,56,6,50,2
20511,52,7,45,2
20512,51,4,47,2
20513,42,5,37,2
20514,55,7,48,2
20515,55,6,49,2
20516,58,11,47,2
20517,46,5,41,2
20518,53,7,46,2
20519,47,8,39,2
20520,52,8,44,2
20521,56,5,51,2
20522,65,5,60,2
20523,67,5,62,2
20524,60,3,57,2
20525,62,6,56,2
20526,52,7,45,2
20527,68,9,59,2
20528,53,7,46,2
20529,47,3,44,2
20530,44,6,38,2
20531,61,10,51,2
20532,60,3,57,2
20533,54,8,46,2
20534,65,6,59,2
20535,53,6,47,2
20536,46,6,40,2
20537,61,8,53,2
20538,59,5,54,2
20539,58,7,51,2
20540,52,7,45,2
20541,70,7,63,2
20542,54,7,47,2
20543,56,1,55,2
20544,51,3,48,2
20545,64,2,62,2
20546,58,4,54,2
20547,56,5,51,2
20548,59,8,51,2
20549,52,4,48,2
20550,45,3,42,2
20551,57,7,50,2
20552,48,6,42,2
20553,53,6,47,2
20554,56,5,51,2
20555,59,9,50,2
20556,47,9,38,2
20557,49,2,47,2
20558,53,5,48,2
20559,56,9,47,2
20560,46,8,38,2
20561,59,4,55,2
20562,63,8,55,2
20563,53,4,49,2
20564,56,6,50,2
20565,48,11,37,2
20566,55,7,48,2
20567,43,5,38,2
20568,55,4,51,2
20569,49,3,46,2
20570,49,5,44,2
20571,67,6,61,2
20572,43,4,39,2
20573,59,7,52,2
20574,52,4,48,2
20575,59,4,55,2
20576,51,5,46,2
20577,45,5,40,2
20578,59,6,53,2
20579,85,12,73,2
20580,51,2,49,2
20581,53,12,41,2
20582,56,6,50,2
20583,64,6,58,2
20584,76,6,70,2
20585,59,4,55,2
20586,48,4,44,2
20587,57,6,51,2
20588,61,4,57,2
20589,63,10,53,2
20590,54,4,50,2
20591,57,8,49,2
20592,61,8,53,2
20593,50,9,41,2
20594,66,9,57,2
20595,59,6,53,2
20596,47,6,41,2
20597,52,6,46,2
20598,34,6,28,2
20599,44,4,40,2
20600,53,6,47,2
20601,49,7,42,2
20602,57,7,50,2
20603,44,5,39,2
20604,58,5,53,2
20605,61,9,52,2
20606,50,6,44,2
20607,47,5,42,2
20608,50,7,43,2
20609,48,6,42,2
20610,50,3,47,2
20611,68,7,61,2
20612,50,3,47,2
20613,51,7,44,2
20614,52,6,46,2
20615,50,5,45,2
20616,51,8,43,2
20617,46,4,42,2
20618,43,5,38,2
20619,63,4,59,2
20620,68,7,61,2
20621,48,4,44,2
20622,57,8,49,2
20623,43,6,37,2
20624,59,1,58,2
20625,53,5,48,2
20626,44,6,38,2
20627,48,4,44,2
20628,54,4,50,2
20629,53,8,45,2
20630,56,5,51,2
20631,51,7,44,2
20632,59,3,56,2
20633,64,10,54,2
20634,54,5,49,2
20635,56,6,50,2
20636,55,8,47,2
20637,51,8,43,2
20638,69,7,62,2
20639,55,6,49,2
20640,58,6,52,2
20641,46,7,39,2
20642,42,0,42,1
20643,53,8,45,2
20644,45,4,41,2
20645,45,5,40,2
20646,61,5,56,2
20647,57,5,52,2
20648,50,6,44,2
20649,54,7,47,2
20650,45,4,41,2
20651,48,5,43,2
20652,54,3,51,2
20653,45,4,41,2
20654,56,5,51,2
20655,49,7,42,2
20656,47,9,38,2
20657,54,5,49,2
20658,62,7,55,2
20659,48,4,44,2
20660,47,6,41,2
20661,59,8,51,2
20662,35,5,30,2
20663,54,3,51,2
20664,55,6,49,2
20665,60,5,55,2
20666,48,1,47,2
20667,51,5,46,2
20668,77,7,70,2
20669,59,8,51,2
20670,66,10,56,2
20671,62,3,59,2
20672,59,5,54,2
20673,57,9,48,2
20674,50,5,45,2
20675,58,5,53,2
20676,48,6,42,2
20677,55,8,47,2
20678,65,5,60,2
20679,51,7,44,2
20680,60,6,54,2
20681,37,1,36,2
20682,50,7,43,2
20683,64,11,53,2
20684,47,6,41,2
20685,61,7,54,2
20686,51,6,45,2
20687,44,6,38,2
20688,62,11,51,2
20689,60,8,52,2
20690,46,7,39,2
20691,57,6,51,2
20692,56,7,49,2
20693,46,3,43,2
20694,65,6,59,2
20695,45,2,43,2
20696,56,9,47,2
20697,51,3,48,2
20698,67,9,58,2
20699,52,3,49,2
20700,54,8,46,2
20701,67,8,59,2
20702,55,5,50,2
20703,58,5,53,2
20704,54,7,47,2
20705,72,11,61,2
20706,52,7,45,2
20707,49,5,44,2
20708,58,7,51,2
20709,59,4,55,2
20710,57,8,49,2
20711,43,6,37,2
20712,54,3,51,2
20713,51,5,46,2
20714,53,2,51,2
20715,49,4,45,2
20716,50,9,41,2
20717,61,2,59,2
20718,65,6,59,2
20719,49,3,46,2
20720,61,8,53,2
20721,53,6,47,2
20722,58,4,54,2
20723,50,7,43,2
20724,65,6,59,2
20725,51,7,44,2
20726,52,6,46,2
20727,51,7,44,2
20728,54,4,50,2
20729,55,5,50,2
20730,47,5,42,2
20731,64,7,57,2
20732,51,4,47,2
20733,73,5,68,2
20734,56,9,47,2
20735,49,5,44,2
20736,57,7,50,2
20737,62,8,54,2
20738,50,6,44,2
20739,56,5,51,2
20740,53,9,44,2
20741,63,6,57,2
20742,55,1,54,2
20743,61,7,54,2
20744,55,6,49,2
20745,58,5,53,2
20746,67,5,62,2
20747,68,8,60,2
20748,48,4,44,2
20749,54,6,48,2
20750,50,8,42,2
20751,48,7,41,2
20752,40,2,38,2
20753,52,5,47,2
20754,50,9,41,2
20755,53,3,50,2
20756,41,6,35,2
20757,55,5,50,2
20758,44,8,36,2
20759,50,9,41,2
20760,49,4,45,2
20761,55,7,48,2
20762,53,7,46,2
20763,57,5,52,2
20764,54,6,48,2
20765,58,5,53,2
20766,56,5,51,2
20767,60,7,53,2
20768,57,6,51,2
20769,60,6,54,2
20770,47,9,38,2
20771,37,5,32,2
20772,69,10,59,2
20773,56,6,50,2
20774,51,7,44,2
20775,60,7,53,2
20776,46,8,38,2
20777,57,3,54,2
20778,61,9,52,2
20779,57,7,50,2
20780,51,4,47,2
20781,62,6,56,2
20782,50,7,43,2
20783,67,8,59,2
20784,60,7,53,2
20785,60,4,56,2
20786,61,5,56,2
20787,53,5,48,2
20788,58,8,50,2
20789,48,3,45,2
20790,43,4,39,2
20791,58,7,51,2
20792,48,3,45,2
20793,67,8,59,2
20794,56,5,51,2
20795,62,4,58,2
20796,51,8,43,2
20797,45,3,42,2
20798,55,4,51,2
20799,56,5,51,2
20800,58,9,49,2
20801,61,4,57,2
20802,51,8,43,2
20803,49,9,40,2
20804,64,5,59,2
20805,54,4,50,2
20806,57,6,51,2
20807,55,10,45,2
20808,55,5,50,2
20809,66,6,60,2
20810,54,3,51,2
20811,50,6,44,2
20812,60,10,50,2
20813,57,6,51,2
20814,50,7,43,2
20815,45,4,41,2
20816,41,4,37,2
20817,42,3,39,2
20818,67,9,58,2
20819,66,4,62,2
20820,67,5,62,2
20821,54,8,46,2
20822,48,8,40,2
20823,58,5,53,2
20824,61,8,53,2
20825,60,9,51,2
20826,41,3,38,2
20827,53,5,48,2
20828,63,7,56,2
20829,45,5,40,2
20830,71,10,61,2
20831,55,5,50,2
20832,49,2,47,2
20833,58,7,51,2
20834,63,6,57,2
20835,66,5,61,2
20836,51,7,44,2
20837,59,7,52,2
20838,44,5,39,2
20839,59,5,54,2
20840,63,9,54,2
20841,59,5,54,2
20842,47,6,41,2
20843,49,2,47,2
20844,62,8,54,2
20845,57,3,54,2
20846,51,9,42,2
20847,60,7,53,2
20848,48,3,45,2
20849,54,6,48,2
20850,60,8,52,2
20851,58,9,49,2
20852,57,7,50,2
20853,48,4,44,2
20854,54,3,51,2
20855,62,5,57,2
20856,50,7,43,2
20857,40,10,30,2
20858,46,3,43,2
20859,55,9,46,2
20860,54,6,48,2
20861,62,10,52,2
20862,58,2,56,2
20863,51,6,45,2
20864,58,5,53,2
20865,48,4,44,2
20866,54,5,49,2
20867,59,7,52,2
20868,46,6,40,2
20869,49,3,46,2
20870,45,9,36,2
20871,41,4,37,2
20872,46,2,44,2
20873,56,8,48,2
20874,61,10,51,2
20875,56,3,53,2
20876,63,10,53,2
20877,55,6,49,2
20878,57,6,51,2
20879,53,8,45,2
20880,60,7,53,2
20881,59,10,49,2
20882,62,6,56,2
20883,54,7,47,2
20884,64,8,56,2
20885,52,5,47,2
20886,45,4,41,2
20887,57,8,49,2
20888,52,7,45,2
20889,54,10,44,2
20890,56,7,49,2
20891,52,4,48,2
20892,46,7,39,2
20893,49,9,40,2
20894,59,11,48,2
20895,65,8,57,2
20896,79,16,63,2
20897,42,4,38,2
20898,41,4,37,2
20899,61,8,53,2
20900,52,5,47,2
20901,59,5,54,2
20902,57,6,51,2
20903,42,6,36,2
20904,52,5,47,2
20905,68,13,55,2
20906,65,10,55,2
20907,58,7,51,2
20908,54,8,46,2
20909,64,11,53,2
20910,51,5,46,2
20911,64,7,57,2
20912,58,5,53,2
20913,54,7,47,2
20914,38,9,29,2
20915,54,10,44,2
20916,56,13,43,2
20917,52,3,49,2
20918,62,10,52,2
20919,55,7,48,2
20920,51,7,44,2
20921,49,4,45,2
20922,62,12,50,2
20923,65,4,61,2
20924,61,10,51,2
20925,44,6,38,2
20926,50,8,42,2
20927,57,7,50,2
20928,47,0,47,1
20929,53,6,47,2
20930,57,6,51,2
20931,51,6,45,2
20932,64,6,58,2
20933,53,10,43,2
20934,54,4,50,2
20935,53,3,50,2
20936,50,6,44,2
20937,62,8,54,2
20938,62,3,59,2
20939,61,11,50,2
20940,52,9,43,2
20941,57,9,48,2
20942,59,4,55,2
20943,55,4,51,2
20944,74,7,67,2
20945,52,9,43,2
20946,70,10,60,2
20947,65,10,55,2
20948,74,7,67,2
20949,52,8,44,2
20950,65,8,57,2
20951,51,7,44,2
20952,43,5,38,2
20953,48,9,39,2
20954,57,5,52,2
20955,45,3,42,2
20956,59,7,52,2
20957,58,7,51,2
20958,52,9,43,2
20959,53,3,50,2
20960,70,10,60,2
20961,55,4,51,2
20962,64,9,55,2
20963,49,6,43,2
20964,56,5,51,2
20965,58,5,53,2
20966,62,11,51,2
20967,62,8,54,2
20968,58,5,53,2
20969,47,3,44,2
20970,49,4,45,2
20971,37,5,32,2
20972,61,7,54,2
20973,50,6,44,2
20974,56,7,49,2
20975,46,7,39,2
20976,56,6,50,2
20977,62,6,56,2
20978,74,9,65,2
20979,52,10,42,2
20980,61,9,52,2
20981,55,7,48,2
20982,52,7,45,2
20983,48,7,41,2
20984,66,7,59,2
20985,58,11,47,2
20986,59,9,50,2
20987,52,4,48,2
20988,65,8,57,2
20989,56,2,54,2
20990,52,4,48,2
20991,54,9,45,2
20992,44,5,39,2
20993,55,5,50,2
20994,49,8,41,2
20995,47,9,38,2
20996,55,10,45,2
20997,44,7,37,2
20998,65,7,58,2
20999,57,3,54,2
21000,52,8,44,2
21001,47,8,39,2
21002,53,7,46,2
21003,61,10,51,2
21004,51,10,41,2
21005,53,3,50,2
21006,60,9,51,2
21007,45,5,40,2
21008,46,5,41,2
21009,56,10,46,2
21010,47,7,40,2
21011,50,7,43,2
21012,63,4,59,2
21013,49,8,41,2
21014,50,8,42,2
21015,54,10,44,2
21016,46,7,39,2
21017,61,8,53,2
21018,53,4,49,2
21019,49,6,43,2
21020,54,8,46,2
21021,48,5,43,2
21022,63,6,57,2
21023,51,8,43,2
21024,53,7,46,2
21025,45,5,40,2
21026,60,6,54,2
21027,37,4,33,2
21028,50,1,49,2
21029,56,5,51,2
21030,44,3,41,2
21031,49,2,47,2
21032,48,6,42,2
21033,55,9,46,2
21034,41,6,35,2
21035,59,8,51,2
21036,59,1,58,2
21037,56,7,49,2
21038,58,12,46,2
21039,52,9,43,2
21040,63,8,55,2
21041,56,6,50,2
21042,49,5,44,2
21043,58,7,51,2
21044,59,9,50,2
21045,41,6,35,2
21046,59,7,52,2
21047,69,12,57,2
21048,63,8,55,2
21049,50,4,46,2
21050,67,7,60,2
21051,55,4,51,2
21052,58,4,54,2
21053,47,9,38,2
21054,50,6,44,2
21055,45,2,43,2
21056,61,4,57,2
21057,59,6,53,2
21058,47,5,42,2
21059,60,8,52,2
21060,52,4,48,2
21061,59,9,50,2
21062,53,6,47,2
21063,49,8,41,2
21064,56,3,53,2
21065,64,5,59,2
21066,63,14,49,2
21067,63,6,57,2
21068,52,4,48,2
21069,58,9,49,2
21070,56,6,50,2
21071,56,9,47,2
21072,64,8,56,2
21073,68,10,58,2
21074,39,4,35,2
21075,62,4,58,2
21076,65,10,55,2
21077,67,12,55,2
21078,71,11,60,2
21079,40,4,36,2
21080,64,8,56,2
21081,55,4,51,2
21082,65,11,54,2
21083,44,6,38,2
21084,60,6,54,2
21085,43,5,38,2
21086,54,9,45,2
21087,51,10,41,2
21088,53,7,46,2
21089,52,4,48,2
21090,52,5,47,2
21091,44,3,41,2
21092,45,3,42,2
21093,68,9,59,2
21094,52,5,47,2
21095,53,3,50,2
21096,44,7,37,2
21097,52,6,46,2
21098,60,7,53,2
21099,58,4,54,2
21100,50,5,45,2
21101,57,8,49,2
21102,65,6,59,2
21103,54,6,48,2
21104,59,8,51,2
21105,52,7,45,2
21106,66,6,60,2
21107,55,4,51,2
21108,55,7,48,2
21109,54,7,47,2
21110,49,8,41,2
21111,49,11,38,2
21112,59,7,52,2
21113,49,4,45,2
21114,61,6,55,2
21115,66,7,59,2
21116,54,6,48,2
21117,62,7,55,2
21118,51,8,43,2
21119,48,3,45,2
21120,51,6,45,2
21121,50,6,44,2
21122,61,8,53,2
21123,51,8,43,2
21124,53,4,49,2
21125,54,8,46,2
21126,49,6,43,2
21127,63,4,59,2
21128,54,4,50,2
21129,56,11,45,2
21130,54,6,48,2
21131,49,5,44,2
21132,61,10,51,2
21133,45,4,41,2
21134,47,6,41,2
21135,59,3,56,2
21136,51,5,46,2
21137,54,7,47,2
21138,53,8,45,2
21139,61,6,55,2
21140,49,8,41,2
21141,46,5,41,2
21142,53,8,45,2
21143,45,8,37,2
21144,54,7,47,2
21145,46,6,40,2
21146,56,7,49,2
21147,58,11,47,2
21148,34,4,30,2
21149,49,5,44,2
21150,53,10,43,2
21151,67,6,61,2
21152,48,7,41,2
21153,58,7,51,2
21154,63,6,57,2
21155,60,6,54,2
21156,54,8,46,2
21157,50,5,45,2
21158,69,10,59,2
21159,52,6,46,2
21160,48,2,46,2
21161,43,7,36,2
21162,56,6,50,2
21163,59,5,54,2
21164,76,8,68,2
21165,46,4,42,2
21166,50,2,48,2
21167,58,10,48,2
21168,61,9,52,2
21169,56,8,48,2
21170,51,4,47,2
21171,47,6,41,2
21172,47,3,44,2
21173,60,7,53,2
21174,47,5,42,2
21175,55,5,50,2
21176,59,8,51,2
21177,54,7,47,2
21178,64,5,59,2
21179,52,3,49,2
21180,50,4,46,2
21181,56,11,45,2
21182,44,6,38,2
21183,53,8,45,2
21184,76,10,66,2
21185,55,3,52,2
21186,43,3,40,2
21187,48,4,44,2
21188,51,8,43,2
21189,60,9,51,2
21190,50,7,43,2
21191,50,8,42,2
21192,50,6,44,2
21193,63,6,57,2
21194,53,5,48,2
21195,61,7,54,2
21196,66,11,55,2
21197,46,5,41,2
21198,70,7,63,2
21199,60,8,52,2
21200,57,8,49,2
21201,54,4,50,2
21202,59,6,53,2
21203,54,7,47,2
21204,58,11,47,2
21205,68,5,63,2
21206,51,8,43,2
21207,53,8,45,2
21208,48,6,42,2
21209,49,9,40,2
21210,64,13,51,2
21211,69,4,65,2
21212,48,6,42,2
21213,45,5,40,2
21214,62,5,57,2
21215,47,8,39,2
21216,51,6,45,2
21217,51,6,45,2
21218,62,4,58,2
21219,56,12,44,2
21220,62,10,52,2
21221,62,7,55,2
21222,56,8,48,2
21223,50,6,44,2
21224,62,5,57,2
21225,57,6,51,2
21226,48,4,44,2
21227,58,5,53,2
21228,47,4,43,2
21229,60,10,50,2
21230,75,12,63,2
21231,41,7,34,2
21232,57,8,49,2
21233,53,8,45,2
21234,62,8,54,2
21235,54,6,48,2
21236,68,10,58,2
21237,57,6,51,2
21238,49,11,38,2
21239,55,7,48,2
21240,53,6,47,2
21241,43,5,38,2
21242,55,5,50,2
21243,70,11,59,2
21244,57,4,53,2
21245,64,8,56,2
21246,45,4,41,2
21247,42,3,39,2
21248,61,6,55,2
21249,51,2,49,2
21250,53,9,44,2
21251,52,8,44,2
21252,59,9,50,2
21253,59,9,50,2
21254,68,8,60,2
21255,62,4,58,2
21256,69,9,60,2
21257,59,6,53,2
21258,55,7,48,2
21259,54,9,45,2
21260,52,5,47,2
21261,62,6,56,2
21262,48,7,41,2
21263,50,6,44,2
21264,57,2,55,2
21265,52,10,42,2
21266,62,4,58,2
21267,61,4,57,2
21268,42,9,33,2
21269,57,7,50,2
21270,48,6,42,2
21271,49,8,41,2
21272,68,7,61,2
21273,62,9,53,2
21274,50,7,43,2
21275,53,6,47,2
21276,50,12,38,2
21277,57,10,47,2
21278,58,5,53,2
21279,54,9,45,2
21280,62,10,52,2
21281,55,9,46,2
21282,60,9,51,2
21283,42,3,39,2
21284,69,13,56,2
21285,63,8,55,2
21286,54,4,50,2
21287,60,3,57,2
21288,54,6,48,2
21289,54,9,45,2
21290,45,5,40,2
21291,54,7,47,2
21292,39,3,36,2
21293,46,6,40,2
21294,43,2,41,2
21295,46,3,43,2
21296,59,6,53,2
21297,51,12,39,2
21298,39,4,35,2
21299,59,6,53,2
21300,51,7,44,2
21301,48,10,38,2
21302,53,2,51,2
21303,58,5,53,2
21304,55,5,50,2
21305,65,6,59,2
21306,48,7,41,2
21307,66,3,63,2
21308,61,6,55,2
21309,52,8,44,2
21310,57,7,50,2
21311,48,5,43,2
21312,52,5,47,2
21313,47,6,41,2
21314,48,3,45,2
21315,65,9,56,2
21316,67,14,53,2
21317,53,9,44,2
21318,54,4,50,2
21319,56,2,54,2
21320,60,11,49,2
21321,55,7,48,2
21322,56,6,50,2
21323,54,6,48,2
21324,50,5,45,2
21325,62,2,60,2
21326,58,5,53,2
21327,47,5,42,2
21328,62,8,54,2
21329,51,8,43,2
21330,46,9,37,2
21331,48,4,44,2
21332,59,7,52,2
21333,57,6,51,2
21334,64,5,59,2
21335,49,4,45,2
21336,68,10,58,2
21337,64,10,54,2
21338,61,5,56,2
21339,61,11,50,2
21340,53,2,51,2
21341,57,3,54,2
21342,50,4,46,2
21343,54,4,50,2
21344,58,7,51,2
21345,61,11,50,2
21346,53,11,42,2
21347,56,4,52,2
21348,67,4,63,2
21349,65,5,60,2
21350,56,8,48,2
21351,59,10,49,2
21352,54,11,43,2
21353,56,5,51,2
21354,47,7,40,2
21355,63,13,50,2
21356,51,10,41,2
21357,70,6,64,2
21358,65,8,57,2
21359,54,4,50,2
21360,45,6,39,2
21361,61,13,48,2
21362,47,6,41,2
21363,70,7,63,2
21364,48,5,43,2
21365,62,6,56,2
21366,52,6,46,2
21367,55,8,47,2
21368,70,8,62,2
21369,54,5,49,2
21370,58,8,50,2
21371,50,7,43,2
21372,62,5,57,2
21373,47,3,44,2
21374,63,8,55,2
21375,41,4,37,2
21376,59,7,52,2
21377,53,8,45,2
21378,53,7,46,2
21379,64,10,54,2
21380,49,7,42,2
21381,62,6,56,2
21382,52,8,44,2
21383,51,4,47,2
21384,57,6,51,2
21385,37,6,31,2
21386,57,9,48,2
21387,57,9,48,2
21388,49,6,43,2
21389,54,6,48,2
21390,55,8,47,2
21391,58,10,48,2
21392,59,3,56,2
21393,44,5,39,2
21394,43,8,35,2
21395,48,7,41,2
21396,50,5,45,2
21397,67,11,56,2
21398,65,7,58,2
21399,55,8,47,2
21400,62,7,55,2
21401,63,5,58,2
21402,55,5,50,2
21403,51,6,45,2
21404,62,6,56,2
21405,42,6,36,2
21406,60,5,55,2
21407,55,7,48,2
21408,56,10,46,2
21409,59,5,54,2
21410,58,2,56,2
21411,42,6,36,2
21412,54,6,48,2
21413,59,9,50,2
21414,47,7,40,2
21415,58,2,56,2
21416,66,12,54,2
21417,52,9,43,2
21418,54,6,48,2
21419,61,9,52,2
21420,41,4,37,2
21421,57,10,47,2
21422,45,7,38,2
21423,60,8,52,2
21424,69,9,60,2
21425,52,8,44,2
21426,66,7,59,2
21427,60,4,56,2
21428,62,7,55,2
21429,65,13,52,2
21430,58,6,52,2
21431,50,7,43,2
21432,58,4,54,2
21433,59,8,51,2
21434,58,3,55,2
21435,56,9,47,2
21436,52,6,46,2
21437,56,5,51,2
21438,69,13,56,2
21439,56,5,51,2
21440,57,10,47,2
21441,57,7,50,2
21442,56,8,48,2
21443,45,5,40,2
21444,59,4,55,2
21445,61,5,56,2
21446,63,6,57,2
21447,40,8,32,2
21448,54,6,48,2
21449,42,4,38,2
21450,64,13,51,2
21451,54,2,52,2
21452,52,6,46,2
21453,56,5,51,2
21454,50,2,48,2
21455,44,4,40,2
21456,56,8,48,2
21457,71,10,61,2
21458,43,3,40,2
21459,56,6,50,2
21460,49,9,40,2
21461,69,7,62,2
21462,59,7,52,2
21463,40,4,36,2
21464,50,5,45,2
21465,52,5,47,2
21466,57,3,54,2
21467,60,6,54,2
21468,41,3,38,2
21469,61,12,49,2
21470,51,8,43,2
21471,64,8,56,2
21472,55,4,51,2
21473,57,12,45,2
21474,49,6,43,2
21475,59,6,53,2
21476,54,6,48,2
21477,51,8,43,2
21478,38,5,33,2
21479,64,6,58,2
21480,46,4,42,2
21481,46,3,43,2
21482,68,9,59,2
21483,43,8,35,2
21484,47,5,42,2
21485,59,6,53,2
21486,72,7,65,2
21487,46,4,42,2
21488,54,6,48,2
21489,50,2,48,2
21490,41,10,31,2
21491,42,8,34,2
21492,64,6,58,2
21493,56,9,47,2
21494,37,6,31,2
21495,58,7,51,2
21496,64,9,55,2
21497,54,10,44,2
21498,63,10,53,2
21499,58,5,53,2
21500,40,4,36,2
21501,43,7,36,2
21502,61,5,56,2
21503,57,6,51,2
21504,59,5,54,2
21505,42,6,36,2
21506,58,10,48,2
21507,68,6,62,2
21508,43,2,41,2
21509,51,8,43,2
21510,47,6,41,2
21511,56,5,51,2
21512,59,7,52,2
21513,55,5,50,2
21514,46,6,40,2
21515,59,7,52,2
21516,63,7,56,2
21517,53,6,47,2
21518,51,7,44,2
21519,55,11,44,2
21520,63,11,52,2
21521,43,5,38,2
21522,56,6,50,2
21523,49,12,37,2
21524,57,4,53,2
21525,58,9,49,2
21526,42,4,38,2
21527,50,6,44,2
21528,59,5,54,2
21529,58,9,49,2
21530,53,6,47,2
21531,43,5,38,2
21532,64,6,58,2
21533,49,5,44,2
21534,40,1,39,2
21535,60,7,53,2
21536,59,12,47,2
21537,62,10,52,2
21538,55,6,49,2
21539,48,6,42,2
21540,47,6,41,2
21541,37,4,33,2
21542,48,6,42,2
21543,52,7,45,2
21544,57,4,53,2
21545,50,9,41,2
21546,53,4,49,2
21547,55,10,45,2
21548,47,8,39,2
21549,43,6,37,2
21550,50,6,44,2
21551,59,4,55,2
21552,50,10,40,2
21553,53,4,49,2
21554,54,8,46,2
21555,63,10,53,2
21556,56,4,52,2
21557,45,5,40,2
21558,49,5,44,2
21559,56,5,51,2
21560,50,6,44,2
21561,57,10,47,2
21562,63,7,56,2
21563,40,5,35,2
21564,61,5,56,2
21565,49,6,43,2
21566,57,8,49,2
21567,48,4,44,2
21568,42,5,37,2
21569,60,6,54,2
21570,42,6,36,2
21571,59,5,54,2
21572,61,8,53,2
21573,59,3,56,2
21574,54,5,49,2
21575,54,7,47,2
21576,46,6,40,2
21577,59,6,53,2
21578,52,7,45,2
21579,59,9,50,2
21580,51,10,41,2
21581,57,12,45,2
21582,60,6,54,2
21583,49,6,43,2
21584,61,11,50,2
21585,61,9,52,2
21586,38,5,33,2
21587,52,5,47,2
21588,68,12,56,2
21589,57,7,50,2
21590,62,7,55,2
21591,60,6,54,2
21592,59,7,52,2
21593,43,4,39,2
21594,57,4,53,2
21595,65,9,56,2
21596,58,4,54,2
21597,66,6,60,2
21598,66,5,61,2
21599,51,6,45,2
21600,51,8,43,2
21601,37,2,35,2
21602,57,4,53,2
21603,50,5,45,2
21604,48,8,40,2
21605,58,7,51,2
21606,47,9,38,2
21607,52,3,49,2
21608,54,6,48,2
21609,59,8,51,2
21610,54,9,45,2
21611,57,5,52,2
21612,57,3,54,2
21613,62,8,54,2
21614,50,5,45,2
21615,46,6,40,2
21616,59,6,53,2
21617,40,4,36,2
21618,73,7,66,2
21619,43,4,39,2
21620,54,5,49,2
21621,57,7,50,2
21622,52,7,45,2
21623,42,5,37,2
21624,61,6,55,2
21625,60,7,53,2
21626,50,5,45,2
21627,55,9,46,2
21628,55,15,40,2
21629,49,7,42,2
21630,58,5,53,2
21631,57,11,46,2
21632,48,4,44,2
21633,55,4,51,2
21634,50,6,44,2
21635,72,11,61,2
21636,45,4,41,2
21637,55,8,47,2
21638,54,12,42,2
21639,61,6,55,2
21640,61,7,54,2
21641,47,6,41,2
21642,51,7,44,2
21643,53,6,47,2
21644,51,10,41,2
21645,69,6,63,2
21646,51,5,46,2
21647,57,8,49,2
21648,35,4,31,2
21649,41,5,36,2
21650,51,5,46,2
21651,58,6,52,2
21652,62,4,58,2
21653,45,3,42,2
21654,65,6,59,2
21655,56,10,46,2
21656,57,4,53,2
21657,52,10,42,2
21658,43,8,35,2
21659,54,8,46,2
21660,54,14,40,2
21661,42,8,34,2
21662,52,6,46,2
21663,49,3,46,2
21664,52,4,48,2
21665,63,6,57,2
21666,49,2,47,2
21667,57,6,51,2
21668,63,7,56,2
21669,51,7,44,2
21670,51,8,43,2
21671,57,3,54,2
21672,49,8,41,2
21673,61,6,55,2
21674,50,6,44,2
21675,51,9,42,2
21676,56,5,51,2
21677,58,6,52,2
21678,61,7,54,2
21679,53,11,42,2
21680,55,4,51,2
21681,58,7,51,2
21682,52,9,43,2
21683,60,14,46,2
21684,62,2,60,2
21685,54,3,51,2
21686,61,7,54,2
21687,50,2,48,2
21688,48,6,42,2
21689,49,5,44,2
21690,56,7,49,2
21691,56,7,49,2
21692,61,5,56,2
21693,58,7,51,2
21694,58,10,48,2
21695,61,8,53,2
21696,60,6,54,2
21697,46,3,43,2
21698,54,12,42,2
21699,55,9,46,2
21700,53,7,46,2
21701,49,6,43,2
21702,60,13,47,2
21703,53,5,48,2
21704,41,6,35,2
21705,60,9,51,2
21706,49,4,45,2
21707,60,8,52,2
21708,57,11,46,2
21709,56,5,51,2
21710,47,4,43,2
21711,44,7,37,2
21712,57,6,51,2
21713,51,4,47,2
21714,56,2,54,2
21715,43,6,37,2
21716,58,9,49,2
21717,62,11,51,2
21718,54,6,48,2
21719,55,7,48,2
21720,40,5,35,2
21721,56,12,44,2
21722,66,6,60,2
21723,66,5,61,2
21724,53,5,48,2
21725,38,5,33,2
21726,66,12,54,2
21727,68,9,59,2
21728,48,8,40,2
21729,52,5,47,2
21730,64,9,55,2
21731,55,5,50,2
21732,59,7,52,2
21733,55,2,53,2
21734,56,4,52,2
21735,61,8,53,2
21736,57,6,51,2
21737,50,4,46,2
21738,52,11,41,2
21739,60,6,54,2
21740,60,5,55,2
21741,62,5,57,2
21742,62,6,56,2
21743,53,7,46,2
21744,54,7,47,2
21745,62,6,56,2
21746,65,6,59,2
21747,58,4,54,2
21748,65,15,50,2
21749,63,5,58,2
21750,57,9,48,2
21751,53,9,44,2
21752,56,8,48,2
21753,66,8,58,2
21754,56,6,50,2
21755,65,5,60,2
21756,67,13,54,2
21757,59,6,53,2
21758,55,11,44,2
21759,52,9,43,2
21760,59,7,52,2
21761,56,10,46,2
21762,55,5,50,2
21763,50,7,43,2
21764,56,3,53,2
21765,46,3,43,2
21766,54,7,47,2
21767,59,7,52,2
21768,40,3,37,2
21769,58,6,52,2
21770,50,5,45,2
21771,59,11,48,2
21772,40,3,37,2
21773,53,7,46,2
21774,62,8,54,2
21775,66,5,61,2
21776,50,3,47,2
21777,52,5,47,2
21778,59,10,49,2
21779,52,4,48,2
21780,44,8,36,2
21781,56,4,52,2
21782,49,5,44,2
21783,55,6,49,2
21784,68,11,57,2
21785,55,6,49,2
21786,51,5,46,2
21787,65,5,60,2
21788,50,6,44,2
21789,50,7,43,2
21790,51,5,46,2
21791,64,7,57,2
21792,52,8,44,2
21793,56,10,46,2
21794,50,7,43,2
21795,51,4,47,2
21796,54,7,47,2
21797,45,7,38,2
21798,47,6,41,2
21799,59,9,50,2
21800,45,5,40,2
21801,63,7,56,2
21802,39,3,36,2
21803,53,7,46,2
21804,51,9,42,2
21805,50,5,45,2
21806,55,8,47,2
21807,54,7,47,2
21808,65,9,56,2
21809,52,5,47,2
21810,55,7,48,2
21811,58,4,54,2
21812,57,9,48,2
21813,51,6,45,2
21814,53,5,48,2
21815,58,7,51,2
21816,42,1,41,2
21817,61,6,55,2
21818,50,5,45,2
21819,45,6,39,2
21820,56,11,45,2
21821,56,14,42,2
21822,57,5,52,2
21823,49,7,42,2
21824,55,11,44,2
21825,61,8,53,2
21826,55,8,47,2
21827,58,11,47,2
21828,49,5,44,2
21829,60,6,54,2
21830,56,6,50,2
21831,62,10,52,2
21832,60,6,54,2
21833,53,7,46,2
21834,50,9,41,2
21835,62,9,53,2
21836,48,5,43,2
21837,67,3,64,2
21838,56,5,51,2
21839,58,1,57,2
21840,61,8,53,2
21841,39,3,36,2
21842,59,11,48,2
21843,59,10,49,2
21844,41,8,33,2
21845,52,8,44,2
21846,42,3,39,2
21847,53,5,48,2
21848,64,7,57,2
21849,51,4,47,2
21850,52,4,48,2
21851,65,5,60,2
21852,58,6,52,2
21853,54,4,50,2
21854,54,9,45,2
21855,64,6,58,2
21856,49,11,38,2
21857,49,1,48,2
21858,54,4,50,2
21859,61,10,51,2
21860,49,2,47,2
21861,47,4,43,2
21862,53,3,50,2
21863,51,5,46,2
21864,64,10,54,2
21865,53,9,44,2
21866,54,4,50,2
21867,57,4,53,2
21868,57,5,52,2
21869,58,6,52,2
21870,47,2,45,2
21871,55,6,49,2
21872,53,5,48,2
21873,54,4,50,2
21874,49,4,45,2
21875,53,5,48,2
21876,46,5,41,2
21877,52,6,46,2
21878,61,11,50,2
21879,54,3,51,2
21880,52,6,46,2
21881,53,9,44,2
21882,51,8,43,2
21883,49,8,41,2
21884,52,6,46,2
21885,54,5,49,2
21886,50,6,44,2
21887,58,9,49,2
21888,57,9,48,2
21889,59,6,53,2
21890,49,2,47,2
21891,62,8,54,2
21892,60,10,50,2
21893,38,3,35,2
21894,59,6,53,2
21895,50,6,44,2
21896,62,8,54,2
21897,56,8,48,2
21898,49,7,42,2
21899,62,12,50,2
21900,53,8,45,2
21901,52,6,46,2
21902,47,5,42,2
21903,63,9,54,2
21904,56,10,46,2
21905,44,3,41,2
21906,67,4,63,2
21907,44,8,36,2
21908,55,3,52,2
21909,48,3,45,2
21910,61,5,56,2
21911,50,12,38,2
21912,50,4,46,2
21913,55,10,45,2
21914,61,8,53,2
21915,57,10,47,2
21916,66,9,57,2
21917,55,6,49,2
21918,60,7,53,2
21919,65,9,56,2
21920,57,7,50,2
21921,59,4,55,2
21922,47,4,43,2
21923,72,6,66,2
21924,52,9,43,2
21925,52,6,46,2
21926,55,4,51,2
21927,52,6,46,2
21928,52,9,43,2
21929,46,6,40,2
21930,56,4,52,2
21931,63,8,55,2
21932,65,6,59,2
21933,53,12,41,2
21934,53,5,48,2
21935,52,6,46,2
21936,44,6,38,2
21937,65,6,59,2
21938,56,14,42,2
21939,54,6,48,2
21940,57,10,47,2
21941,54,5,49,2
21942,53,8,45,2
21943,61,8,53,2
21944,57,12,45,2
21945,48,6,42,2
21946,55,8,47,2
21947,51,4,47,2
21948,54,6,48,2
21949,48,5,43,2
21950,62,6,56,2
21951,62,7,55,2
21952,56,6,50,2
21953,52,11,41,2
21954,65,9,56,2
21955,57,8,49,2
21956,42,5,37,2
21957,48,10,38,2
21958,59,9,50,2
21959,49,5,44,2
21960,56,5,51,2
21961,64,7,57,2
21962,47,5,42,2
21963,51,4,47,2
21964,48,7,41,2
21965,57,10,47,2
21966,49,4,45,2
21967,71,6,65,2
21968,56,10,46,2
21969,46,3,43,2
21970,47,3,44,2
21971,53,6,47,2
21972,70,10,60,2
21973,53,8,45,2
21974,45,3,42,2
21975,46,8,38,2
21976,49,4,45,2
21977,58,6,52,2
21978,57,10,47,2
21979,52,4,48,2
21980,68,6,62,2
21981,56,4,52,2
21982,69,5,64,2
21983,60,5,55,2
21984,54,7,47,2
21985,63,8,55,2
21986,53,5,48,2
21987,56,8,48,2
21988,66,4,62,2
21989,60,4,56,2
21990,65,5,60,2
21991,44,4,40,2
21992,45,9,36,2
21993,59,5,54,2
21994,49,3,46,2
21995,59,6,53,2
21996,58,9,49,2
21997,64,6,58,2
21998,54,9,45,2
21999,50,15,35,2
22000,51,5,46,2
22001,63,8,55,2
22002,45,5,40,2
22003,58,7,51,2
22004,49,12,37,2
22005,60,11,49,2
22006,59,7,52,2
22007,71,11,60,2
22008,41,5,36,2
22009,43,0,43,1
22010,54,4,50,2
22011,56,9,47,2
22012,45,5,40,2
22013,54,7,47,2
22014,48,7,41,2
22015,56,8,48,2
22016,63,2,61,2
22017,61,5,56,2
22018,48,6,42,2
22019,43,4,39,2
22020,55,8,47,2
22021,48,8,40,2
22022,61,9,52,2
22023,45,0,45,1
22024,52,7,45,2
22025,53,13,40,2
22026,42,7,35,2
22027,71,9,62,2
22028,58,7,51,2
22029,53,7,46,2
22030,52,4,48,2
22031,61,7,54,2
22032,52,2,50,2
22033,55,5,50,2
22034,49,6,43,2
22035,58,8,50,2
22036,54,9,45,2
22037,44,11,33,2
22038,65,8,57,2
22039,63,3,60,2
22040,56,6,50,2
22041,59,6,53,2
22042,57,5,52,2
22043,58,2,56,2
22044,46,3,43,2
22045,58,7,51,2
22046,42,5,37,2
22047,57,7,50,2
22048,57,14,43,2
22049,64,12,52,2
22050,51,8,43,2
22051,51,9,42,2
22052,52,6,46,2
22053,57,5,52,2
22054,55,8,47,2
22055,43,3,40,2
22056,49,4,45,2
22057,55,5,50,2
22058,50,7,43,2
22059,45,4,41,2
22060,72,10,62,2
22061,47,9,38,2
22062,50,7,43,2
22063,50,3,47,2
22064,43,5,38,2
22065,42,5,37,2
22066,58,7,51,2
22067,55,4,51,2
22068,57,6,51,2
22069,59,3,56,2
22070,55,5,50,2
22071,56,7,49,2
22072,62,5,57,2
22073,69,10,59,2
22074,49,7,42,2
22075,58,5,53,2
22076,55,9,46,2
22077,43,2,41,2
22078,62,9,53,2
22079,57,8,49,2
22080,52,8,44,2
22081,52,4,48,2
22082,47,8,39,2
22083,57,7,50,2
22084,52,5,47,2
22085,48,3,45,2
22086,52,10,42,2
22087,56,5,51,2
22088,51,9,42,2
22089,54,8,46,2
22090,49,5,44,2
22091,43,4,39,2
22092,64,4,60,2
22093,43,3,40,2
22094,49,5,44,2
22095,83,9,74,2
22096,67,5,62,2
22097,53,5,48,2
22098,60,6,54,2
22099,45,4,41,2
22100,52,8,44,2
22101,48,8,40,2
22102,46,3,43,2
22103,42,7,35,2
22104,59,8,51,2
22105,57,4,53,2
22106,49,4,45,2
22107,64,9,55,2
22108,60,7,53,2
22109,43,6,37,2
22110,62,6,56,2
22111,49,7,42,2
22112,54,4,50,2
22113,53,5,48,2
22114,56,7,49,2
22115,48,6,42,2
22116,48,6,42,2
22117,53,8,45,2
22118,69,13,56,2
22119,48,9,39,2
22120,60,7,53,2
22121,48,6,42,2
22122,53,9,44,2
22123,55,7,48,2
22124,51,5,46,2
22125,60,10,50,2
22126,39,6,33,2
22127,58,4,54,2
22128,47,4,43,2
22129,62,8,54,2
22130,45,7,38,2
22131,61,12,49,2
22132,54,6,48,2
22133,64,5,59,2
22134,49,2,47,2
22135,42,4,38,2
22136,52,7,45,2
22137,49,8,41,2
22138,57,8,49,2
22139,63,6,57,2
22140,48,3,45,2
22141,45,8,37,2
22142,52,3,49,2
22143,55,6,49,2
22144,62,4,58,2
22145,65,6,59,2
22146,53,4,49,2
22147,44,6,38,2
22148,46,3,43,2
22149,61,9,52,2
22150,65,5,60,2
22151,46,3,43,2
22152,46,7,39,2
22153,60,7,53,2
22154,45,6,39,2
22155,64,11,53,2
22156,58,8,50,2
22157,69,6,63,2
22158,33,2,31,2
22159,44,2,42,2
22160,64,9,55,2
22161,56,8,48,2
22162,50,6,44,2
22163,61,7,54,2
22164,47,6,41,2
22165,83,12,71,2
22166,52,4,48,2
22167,47,4,43,2
22168,41,5,36,2
22169,43,4,39,2
22170,54,7,47,2
22171,41,3,38,2
22172,54,5,49,2
22173,55,8,47,2
22174,69,7,62,2
22175,48,7,41,2
22176,47,3,44,2
22177,45,5,40,2
22178,55,8,47,2
22179,53,13,40,2
22180,37,6,31,2
22181,51,3,48,2
22182,63,4,59,2
22183,58,5,53,2
22184,64,11,53,2
22185,53,5,48,2
22186,56,11,45,2
22187,62,1,61,2
22188,63,11,52,2
22189,64,8,56,2
22190,43,12,31,2
22191,58,3,55,2
22192,56,2,54,2
22193,52,11,41,2
22194,64,4,60,2
22195,45,6,39,2
22196,46,3,43,2
22197,58,5,53,2
22198,69,9,60,2
22199,44,7,37,2
22200,53,5,48,2
22201,53,9,44,2
22202,50,5,45,2
22203,43,8,35,2
22204,68,16,52,2
22205,62,8,54,2
22206,54,2,52,2
22207,61,7,54,2
22208,48,4,44,2
22209,62,7,55,2
22210,59,4,55,2
22211,69,5,64,2
22212,47,5,42,2
22213,64,2,62,2
22214,48,7,41,2
22215,67,7,60,2
22216,54,6,48,2
22217,37,6,31,2
22218,66,7,59,2
22219,41,8,33,2
22220,56,3,53,2
22221,66,12,54,2
22222,54,9,45,2
22223,34,2,32,2
22224,46,4,42,2
22225,52,1,51,2
22226,51,8,43,2
22227,53,7,46,2
22228,49,6,43,2
22229,61,7,54,2
22230,55,7,48,2
22231,61,6,55,2
22232,51,5,46,2
22233,62,5,57,2
22234,48,4,44,2
22235,45,5,40,2
22236,57,3,54,2
22237,54,10,44,2
22238,48,10,38,2
22239,63,8,55,2
22240,50,5,45,2
22241,56,6,50,2
22242,47,7,40,2
22243,62,9,53,2
22244,45,0,45,1
22245,55,6,49,2
22246,62,9,53,2
22247,45,7,38,2
22248,55,10,45,2
22249,52,11,41,2
22250,53,5,48,2
22251,54,7,47,2
22252,55,9,46,2
22253,55,5,50,2
22254,69,9,60,2
22255,50,7,43,2
22256,52,4,48,2
22257,43,8,35,2
22258,56,7,49,2
22259,46,4,42,2
22260,69,11,58,2
22261,41,6,35,2
22262,45,10,35,2
22263,49,4,45,2
22264,54,10,44,2
22265,57,1,56,2
22266,55,5,50,2
22267,64,6,58,2
22268,56,9,47,2
22269,50,6,44,2
22270,51,7,44,2
22271,53,10,43,2
22272,71,9,62,2
22273,55,8,47,2
22274,56,8,48,2
22275,62,10,52,2
22276,49,4,45,2
22277,52,3,49,2
22278,57,8,49,2
22279,40,1,39,2
22280,55,6,49,2
22281,45,4,41,2
22282,53,5,48,2
22283,43,6,37,2
22284,63,10,53,2
22285,54,2,52,2
22286,55,8,47,2
22287,59,6,53,2
22288,52,3,49,2
22289,53,8,45,2
22290,50,6,44,2
22291,53,4,49,2
22292,67,14,53,2
22293,59,7,52,2
22294,60,4,56,2
22295,65,8,57,2
22296,56,7,49,2
22297,54,7,47,2
22298,41,3,38,2
22299,58,5,53,2
22300,52,6,46,2
22301,57,8,49,2
22302,62,17,45,2
22303,61,5,56,2
22304,52,4,48,2
22305,55,9,46,2
22306,53,7,46,2
22307,55,6,49,2
22308,47,4,43,2
22309,54,8,46,2
22310,51,7,44,2
22311,56,8,48,2
22312,55,9,46,2
22313,59,7,52,2
22314,46,6,40,2
22315,56,3,53,2
22316,60,6,54,2
22317,58,8,50,2
22318,68,3,65,2
22319,50,5,45,2
22320,54,6,48,2
22321,47,5,42,2
22322,58,3,55,2
22323,45,6,39,2
22324,56,5,51,2
22325,54,5,49,2
22326,48,7,41,2
22327,55,4,51,2
22328,50,10,40,2
22329,45,5,40,2
22330,66,11,55,2
22331,56,7,49,2
22332,58,4,54,2
22333,55,4,51,2
22334,56,9,47,2
22335,52,6,46,2
22336,51,6,45,2
22337,57,10,47,2
22338,52,7,45,2
22339,54,6,48,2
22340,54,10,44,2
22341,67,9,58,2
22342,56,7,49,2
22343,44,4,40,2
22344,52,8,44,2
22345,69,6,63,2
22346,47,7,40,2
22347,54,6,48,2
22348,43,5,38,2
22349,63,7,56,2
22350,61,5,56,2
22351,68,7,61,2
22352,52,7,45,2
22353,53,4,49,2
22354,48,3,45,2
22355,69,9,60,2
22356,50,3,47,2
22357,60,8,52,2
22358,53,6,47,2
22359,64,5,59,2
22360,56,10,46,2
22361,50,8,42,2
22362,61,8,53,2
22363,67,10,57,2
22364,61,5,56,2
22365,75,9,66,2
22366,54,5,49,2
22367,53,8,45,2
22368,58,11,47,2
22369,61,4,57,2
22370,53,4,49,2
22371,49,8,41,2
22372,50,6,44,2
22373,47,3,44,2
22374,47,4,43,2
22375,44,1,43,2
22376,52,9,43,2
22377,72,7,65,2
22378,53,1,52,2
22379,55,4,51,2
22380,38,3,35,2
22381,65,12,53,2
22382,60,10,50,2
22383,52,6,46,2
22384,39,4,35,2
22385,52,9,43,2
22386,55,3,52,2
22387,49,4,45,2
22388,52,8,44,2
22389,61,6,55,2
22390,56,7,49,2
22391,47,8,39,2
22392,48,6,42,2
22393,39,2,37,2
22394,62,7,55,2
22395,56,3,53,2
22396,64,8,56,2
22397,61,10,51,2
22398,70,12,58,2
22399,40,6,34,2
22400,55,5,50,2
22401,55,8,47,2
22402,65,8,57,2
22403,58,5,53,2
22404,47,7,40,2
22405,55,3,52,2
22406,62,7,55,2
22407,46,6,40,2
22408,52,8,44,2
22409,58,7,51,2
22410,71,9,62,2
22411,55,4,51,2
22412,53,5,48,2
22413,53,10,43,2
22414,62,6,56,2
22415,51,9,42,2
22416,38,4,34,2
22417,46,8,38,2
22418,44,2,42,2
22419,43,4,39,2
22420,45,10,35,2
22421,52,9,43,2
22422,51,2,49,2
22423,45,9,36,2
22424,64,10,54,2
22425,51,4,47,2
22426,49,7,42,2
22427,57,7,50,2
22428,61,9,52,2
22429,57,4,53,2
22430,48,6,42,2
22431,49,6,43,2
22432,57,9,48,2
22433,50,3,47,2
22434,72,10,62,2
22435,64,6,58,2
22436,51,9,42,2
22437,64,7,57,2
22438,59,10,49,2
22439,59,10,49,2
22440,56,2,54,2
22441,61,6,55,2
22442,44,1,43,2
22443,38,4,34,2
22444,46,5,41,2
22445,71,9,62,2
22446,63,9,54,2
22447,67,7,60,2
22448,58,8,50,2
22449,49,12,37,2
22450,55,7,48,2
22451,56,8,48,2
22452,47,1,46,2
22453,42,11,31,2
22454,54,8,46,2
22455,68,8,60,2
22456,56,10,46,2
22457,77,9,68,2
22458,50,4,46,2
22459,52,3,49,2
22460,73,12,61,2
22461,56,6,50,2
22462,42,8,34,2
22463,48,6,42,2
22464,63,13,50,2
22465,56,7,49,2
22466,34,5,29,2
22467,55,1,54,2
22468,47,9,38,2
22469,56,5,51,2
22470,49,4,45,2
22471,64,6,58,2
22472,45,3,42,2
22473,53,5,48,2
22474,48,6,42,2
22475,53,5,48,2
22476,63,5,58,2
22477,59,8,51,2
22478,49,10,39,2
22479,56,6,50,2
22480,59,2,57,2
22481,50,7,43,2
22482,51,6,45,2
22483,53,7,46,2
22484,54,5,49,2
22485,49,4,45,2
22486,42,5,37,2
22487,43,5,38,2
22488,64,7,57,2
22489,55,6,49,2
22490,57,8,49,2
22491,49,3,46,2
22492,57,6,51,2
22493,64,13,51,2
22494,52,7,45,2
22495,58,9,49,2
22496,48,12,36,2
22497,55,6,49,2
22498,65,3,62,2
22499,72,7,65,2
22500,65,3,62,2
22501,48,6,42,2
22502,55,5,50,2
22503,65,11,54,2
22504,58,9,49,2
22505,63,6,57,2
22506,52,6,46,2
22507,58,8,50,2
22508,56,4,52,2
22509,50,7,43,2
22510,61,7,54,2
22511,45,6,39,2
22512,47,6,41,2
22513,42,6,36,2
22514,46,6,40,2
22515,58,5,53,2
22516,55,7,48,2
22517,52,8,44,2
22518,49,6,43,2
22519,58,6,52,2
22520,50,4,46,2
22521,65,12,53,2
22522,78,6,72,2
22523,53,5,48,2
22524,60,3,57,2
22525,61,11,50,2
22526,49,1,48,2
22527,44,7,37,2
22528,63,9,54,2
22529,68,8,60,2
22530,67,9,58,2
22531,53,8,45,2
22532,57,10,47,2
22533,50,3,47,2
22534,59,8,51,2
22535,67,11,56,2
22536,47,6,41,2
22537,57,5,52,2
22538,46,3,43,2
22539,54,8,46,2
22540,61,9,52,2
22541,58,7,51,2
22542,52,3,49,2
22543,61,5,56,2
22544,50,10,40,2
22545,58,5,53,2
22546,59,6,53,2
22547,63,2,61,2
22548,38,4,34,2
22549,61,5,56,2
22550,63,11,52,2
22551,49,4,45,2
22552,44,8,36,2
22553,48,3,45,2
22554,50,8,42,2
22555,59,5,54,2
22556,72,8,64,2
22557,58,3,55,2
22558,46,4,42,2
22559,57,5,52,2
22560,55,7,48,2
22561,55,6,49,2
22562,59,5,54,2
22563,44,4,40,2
22564,61,8,53,2
22565,54,6,48,2
22566,54,9,45,2
22567,49,11,38,2
22568,57,8,49,2
22569,42,6,36,2
22570,61,8,53,2
22571,54,7,47,2
22572,48,6,42,2
22573,48,7,41,2
22574,49,5,44,2
22575,48,6,42,2
22576,59,9,50,2
22577,46,5,41,2
22578,52,5,47,2
22579,43,7,36,2
22580,65,3,62,2
22581,64,9,55,2
22582,45,7,38,2
22583,52,4,48,2
22584,62,11,51,2
22585,49,6,43,2
22586,44,5,39,2
22587,53,11,42,2
22588,58,5,53,2
22589,60,5,55,2
22590,59,6,53,2
22591,46,5,41,2
22592,66,9,57,2
22593,52,5,47,2
22594,49,8,41,2
22595,60,10,50,2
22596,50,5,45,2
22597,52,8,44,2
22598,52,7,45,2
22599,54,8,46,2
22600,47,9,38,2
22601,37,4,33,2
22602,53,5,48,2
22603,56,3,53,2
22604,62,4,58,2
22605,67,8,59,2
22606,52,9,43,2
22607,58,6,52,2
22608,59,6,53,2
22609,66,4,62,2
22610,52,2,50,2
22611,50,10,40,2
22612,50,5,45,2
22613,49,8,41,2
22614,58,4,54,2
22615,60,7,53,2
22616,63,2,61,2
22617,62,9,53,2
22618,53,4,49,2
22619,44,8,36,2
22620,48,7,41,2
22621,57,7,50,2
22622,48,7,41,2
22623,59,5,54,2
22624,51,7,44,2
22625,43,5,38,2
22626,63,6,57,2
22627,48,3,45,2
22628,60,6,54,2
22629,46,8,38,2
22630,60,4,56,2
22631,49,5,44,2
22632,72,8,64,2
22633,50,7,43,2
22634,49,4,45,2
22635,52,5,47,2
22636,66,9,57,2
22637,45,3,42,2
22638,56,6,50,2
22639,48,4,44,2
22640,59,3,56,2
22641,43,7,36,2
22642,57,2,55,2
22643,50,2,48,2
22644,58,8,50,2
22645,59,11,48,2
22646,58,8,50,2
22647,52,11,41,2
22648,51,4,47,2
22649,48,4,44,2
22650,54,6,48,2
22651,55,5,50,2
22652,65,11,54,2
22653,51,7,44,2
22654,45,5,40,2
22655,66,8,58,2
22656,50,5,45,2
22657,45,6,39,2
22658,60,6,54,2
22659,47,5,42,2
22660,67,9,58,2
22661,68,5,63,2
22662,45,8,37,2
22663,62,10,52,2
22664,61,5,56,2
22665,62,5,57,2
22666,56,4,52,2
22667,50,10,40,2
22668,54,6,48,2
22669,60,7,53,2
22670,49,6,43,2
22671,45,5,40,2
22672,46,5,41,2
22673,47,9,38,2
22674,56,5,51,2
22675,60,9,51,2
22676,49,8,41,2
22677,45,5,40,2
22678,57,7,50,2
22679,51,6,45,2
22680,57,6,51,2
22681,62,3,59,2
22682,32,6,26,2
22683,41,7,34,2
22684,55,8,47,2
22685,56,6,50,2
22686,50,5,45,2
22687,53,8,45,2
22688,52,9,43,2
22689,47,4,43,2
22690,69,12,57,2
22691,47,6,41,2
22692,46,3,43,2
22693,51,12,39,2
22694,58,5,53,2
22695,60,8,52,2
22696,59,11,48,2
22697,56,8,48,2
22698,52,7,45,2
22699,48,5,43,2
22700,74,7,67,2
22701,63,9,54,2
22702,59,5,54,2
22703,64,3,61,2
22704,56,10,46,2
22705,53,8,45,2
22706,67,4,63,2
22707,55,9,46,2
22708,53,2,51,2
22709,60,12,48,2
22710,54,9,45,2
22711,58,5,53,2
22712,63,7,56,2
22713,54,6,48,2
22714,71,7,64,2
22715,63,8,55,2
22716,40,3,37,2
22717,56,10,46,2
22718,41,3,38,2
22719,63,8,55,2
22720,68,7,61,2
22721,50,4,46,2
22722,52,8,44,2
22723,57,9,48,2
22724,49,6,43,2
22725,57,8,49,2
22726,41,6,35,2
22727,53,5,48,2
22728,55,9,46,2
22729,56,5,51,2
22730,68,6,62,2
22731,67,9,58,2
22732,46,5,41,2
22733,60,5,55,2
22734,50,4,46,2
22735,48,6,42,2
22736,46,3,43,2
22737,46,7,39,2
22738,66,12,54,2
22739,46,6,40,2
22740,49,5,44,2
22741,48,7,41,2
22742,48,7,41,2
22743,48,6,42,2
22744,58,3,55,2
22745,45,7,38,2
22746,49,8,41,2
22747,64,2,62,2
22748,46,4,42,2
22749,69,7,62,2
22750,60,3,57,2
22751,49,2,47,2
22752,50,8,42,2
22753,54,4,50,2
22754,51,3,48,2
22755,59,10,49,2
22756,64,6,58,2
22757,58,8,50,2
22758,53,5,48,2
22759,45,4,41,2
22760,56,7,49,2
22761,38,7,31,2
22762,71,8,63,2
22763,43,9,34,2
22764,42,7,35,2
22765,37,1,36,2
22766,52,4,48,2
22767,51,2,49,2
22768,46,4,42,2
22769,48,6,42,2
22770,62,7,55,2
22771,60,6,54,2
22772,41,6,35,2
22773,50,8,42,2
22774,53,2,51,2
22775,45,2,43,2
22776,51,4,47,2
22777,58,6,52,2
22778,50,7,43,2
22779,65,5,60,2
22780,44,1,43,2
22781,61,9,52,2
22782,57,6,51,2
22783,48,5,43,2
22784,64,14,50,2
22785,51,6,45,2
22786,46,6,40,2
22787,60,6,54,2
22788,43,6,37,2
22789,56,12,44,2
22790,43,13,30,2
22791,51,7,44,2
22792,48,4,44,2
22793,56,7,49,2
22794,52,10,42,2
22795,38,1,37,2
22796,53,4,49,2
22797,59,8,51,2
22798,60,2,58,2
22799,51,10,41,2
22800,56,5,51,2
22801,58,11,47,2
22802,53,6,47,2
22803,59,9,50,2
22804,47,3,44,2
22805,48,5,43,2
22806,54,6,48,2
22807,57,7,50,2
22808,51,4,47,2
22809,62,6,56,2
22810,61,7,54,2
22811,48,6,42,2
22812,54,4,50,2
22813,50,10,40,2
22814,57,11,46,2
22815,50,5,45,2
22816,59,10,49,2
22817,48,9,39,2
22818,49,5,44,2
22819,58,4,54,2
22820,55,4,51,2
22821,36,3,33,2
22822,59,10,49,2
22823,56,6,50,2
22824,58,7,51,2
22825,53,9,44,2
22826,41,6,35,2
22827,64,9,55,2
22828,54,6,48,2
22829,59,3,56,2
22830,68,6,62,2
22831,64,9,55,2
22832,55,3,52,2
22833,64,5,59,2
22834,50,7,43,2
22835,57,4,53,2
22836,57,7,50,2
22837,58,6,52,2
22838,54,9,45,2
22839,49,2,47,2
22840,53,5,48,2
22841,53,7,46,2
22842,53,5,48,2
22843,38,3,35,2
22844,74,6,68,2
22845,44,2,42,2
22846,60,10,50,2
22847,43,8,35,2
22848,39,4,35,2
22849,49,8,41,2
22850,77,4,73,2
22851,59,8,51,2
22852,57,5,52,2
22853,41,3,38,2
22854,55,9,46,2
22855,61,8,53,2
22856,59,5,54,2
22857,56,3,53,2
22858,60,4,56,2
22859,57,3,54,2
22860,56,10,46,2
22861,57,8,49,2
22862,53,3,50,2
22863,51,9,42,2
22864,63,9,54,2
22865,52,5,47,2
22866,60,13,47,2
22867,56,6,50,2
22868,52,1,51,2
22869,48,4,44,2
22870,62,8,54,2
22871,60,5,55,2
22872,53,5,48,2
22873,50,7,43,2
22874,49,10,39,2
22875,46,13,33,2
22876,60,6,54,2
22877,55,6,49,2
22878,50,4,46,2
22879,62,11,51,2
22880,48,6,42,2
22881,56,7,49,2
22882,58,2,56,2
22883,54,7,47,2
22884,56,9,47,2
22885,55,4,51,2
22886,47,1,46,2
22887,59,4,55,2
22888,50,6,44,2
22889,52,8,44,2
22890,43,1,42,2
22891,60,10,50,2
22892,52,5,47,2
22893,52,2,50,2
22894,57,7,50,2
22895,31,3,28,2
22896,53,6,47,2
22897,46,7,39,2
22898,55,10,45,2
22899,53,5,48,2
22900,57,8,49,2
22901,40,4,36,2
22902,60,6,54,2
22903,56,6,50,2
22904,58,6,52,2
22905,43,4,39,2
22906,61,7,54,2
22907,60,4,56,2
22908,67,10,57,2
22909,55,9,46,2
22910,46,5,41,2
22911,67,6,61,2
22912,56,2,54,2
22913,60,9,51,2
22914,46,4,42,2
22915,61,6,55,2
22916,66,3,63,2
22917,60,5,55,2
22918,42,3,39,2
22919,43,3,40,2
22920,59,11,48,2
22921,49,3,46,2
22922,60,4,56,2
22923,58,4,54,2
22924,67,9,58,2
22925,45,6,39,2
22926,66,10,56,2
22927,47,4,43,2
22928,48,4,44,2
22929,61,3,58,2
22930,54,4,50,2
22931,52,8,44,2
22932,52,7,45,2
22933,62,7,55,2
22934,59,12,47,2
22935,50,3,47,2
22936,65,3,62,2
22937,51,3,48,2
22938,58,6,52,2
22939,68,10,58,2
22940,53,5,48,2
22941,42,4,38,2
22942,60,11,49,2
22943,55,7,48,2
22944,68,10,58,2
22945,63,5,58,2
22946,53,7,46,2
22947,61,8,53,2
22948,47,7,40,2
22949,51,5,46,2
22950,47,4,43,2
22951,59,3,56,2
22952,51,8,43,2
22953,49,2,47,2
22954,55,8,47,2
22955,50,4,46,2
22956,61,4,57,2
22957,47,7,40,2
22958,52,7,45,2
22959,68,6,62,2
22960,69,8,61,2
22961,63,13,50,2
22962,58,8,50,2
22963,45,7,38,2
22964,42,5,37,2
22965,49,4,45,2
22966,54,9,45,2
22967,54,13,41,2
22968,58,11,47,2
22969,50,6,44,2
22970,55,10,45,2
22971,65,6,59,2
22972,60,10,50,2
22973,65,7,58,2
22974,46,4,42,2
22975,46,9,37,2
22976,50,8,42,2
22977,50,7,43,2
22978,55,9,46,2
22979,53,6,47,2
22980,49,8,41,2
22981,60,8,52,2
22982,55,9,46,2
22983,62,6,56,2
22984,52,10,42,2
22985,49,6,43,2
22986,41,1,40,2
22987,55,5,50,2
22988,69,12,57,2
22989,52,8,44,2
22990,51,8,43,2
22991,56,5,51,2
22992,39,2,37,2
22993,48,6,42,2
22994,46,9,37,2
22995,50,6,44,2
22996,67,10,57,2
22997,49,4,45,2
22998,65,7,58,2
22999,58,5,53,2
23000,48,5,43,2
23001,49,4,45,2
23002,63,5,58,2
23003,62,8,54,2
23004,44,4,40,2
23005,48,3,45,2
23006,49,6,43,2
23007,55,5,50,2
23008,49,4,45,2
23009,47,10,37,2
23010,71,8,63,2
23011,58,8,50,2
23012,58,4,54,2
23013,57,4,53,2
23014,62,6,56,2
23015,53,7,46,2
23016,53,6,47,2
23017,54,6,48,2
23018,52,8,44,2
23019,51,8,43,2
23020,55,5,50,2
23021,46,4,42,2
23022,43,3,40,2
23023,54,5,49,2
23024,48,2,46,2
23025,49,4,45,2
23026,55,4,51,2
23027,61,11,50,2
23028,49,6,43,2
23029,46,2,44,2
23030,55,10,45,2
23031,56,9,47,2
23032,54,7,47,2
23033,52,4,48,2
23034,54,4,50,2
23035,51,5,46,2
23036,48,7,41,2
23037,47,10,37,2
23038,43,3,40,2
23039,59,7,52,2
23040,61,9,52,2
23041,58,10,48,2
23042,52,4,48,2
23043,56,6,50,2
23044,54,7,47,2
23045,43,2,41,2
23046,59,5,54,2
23047,51,4,47,2
23048,49,6,43,2
23049,60,7,53,2
23050,49,7,42,2
23051,51,7,44,2
23052,67,8,59,2
23053,54,4,50,2
23054,51,6,45,2
23055,49,8,41,2
23056,56,5,51,2
23057,48,8,40,2
23058,56,6,50,2
23059,52,6,46,2
23060,51,4,47,2
23061,46,6,40,2
23062,53,4,49,2
23063,56,11,45,2
23064,38,2,36,2
23065,55,5,50,2
23066,46,3,43,2
23067,47,7,40,2
23068,44,10,34,2
23069,41,5,36,2
23070,55,6,49,2
23071,44,6,38,2
23072,64,7,57,2
23073,42,8,34,2
23074,44,7,37,2
23075,43,4,39,2
23076,50,8,42,2
23077,63,11,52,2
23078,46,9,37,2
23079,52,5,47,2
23080,45,5,40,2
23081,58,5,53,2
23082,55,4,51,2
23083,67,9,58,2
23084,42,6,36,2
23085,65,13,52,2
23086,45,8,37,2
23087,60,5,55,2
23088,41,5,36,2
23089,47,8,39,2
23090,56,5,51,2
23091,54,8,46,2
23092,50,6,44,2
23093,61,3,58,2
23094,50,7,43,2
23095,53,5,48,2
23096,49,5,44,2
23097,53,7,46,2
23098,61,5,56,2
23099,54,3,51,2
23100,58,5,53,2
23101,59,4,55,2
23102,51,2,49,2
23103,56,8,48,2
23104,48,6,42,2
23105,49,7,42,2
23106,55,6,49,2
23107,58,8,50,2
23108,56,4,52,2
23109,50,4,46,2
23110,54,9,45,2
23111,65,8,57,2
23112,48,12,36,2
23113,49,4,45,2
23114,57,10,47,2
23115,65,5,60,2
23116,65,11,54,2
23117,61,10,51,2
23118,50,4,46,2
23119,53,6,47,2
23120,62,4,58,2
23121,60,8,52,2
23122,54,9,45,2
23123,68,9,59,2
23124,50,7,43,2
23125,49,5,44,2
23126,57,8,49,2
23127,46,9,37,2
23128,49,5,44,2
23129,45,9,36,2
23130,58,10,48,2
23131,60,5,55,2
23132,57,7,50,2
23133,55,9,46,2
23134,52,3,49,2
23135,60,6,54,2
23136,66,9,57,2
23137,55,5,50,2
23138,54,3,51,2
23139,59,7,52,2
23140,64,4,60,2
23141,53,1,52,2
23142,54,6,48,2
23143,59,6,53,2
23144,58,10,48,2
23145,60,10,50,2
23146,45,9,36,2
23147,35,5,30,2
23148,67,7,60,2
23149,50,6,44,2
23150,66,8,58,2
23151,62,5,57,2
23152,63,9,54,2
23153,47,6,41,2
23154,47,7,40,2
23155,46,4,42,2
23156,53,7,46,2
23157,59,9,50,2
23158,51,9,42,2
23159,55,5,50,2
23160,54,7,47,2
23161,52,5,47,2
23162,54,8,46,2
23163,46,8,38,2
23164,59,3,56,2
23165,52,7,45,2
23166,50,4,46,2
23167,48,3,45,2
23168,52,12,40,2
23169,69,7,62,2
23170,49,3,46,2
23171,56,1,55,2
23172,46,3,43,2
23173,50,5,45,2
23174,51,11,40,2
23175,58,8,50,2
23176,54,4,50,2
23177,52,7,45,2
23178,37,4,33,2
23179,62,10,52,2
23180,53,7,46,2
23181,71,6,65,2
23182,61,8,53,2
23183,45,7,38,2
23184,68,12,56,2
23185,73,4,69,2
23186,64,11,53,2
23187,63,5,58,2
23188,59,11,48,2
23189,67,8,59,2
23190,45,4,41,2
23191,61,6,55,2
23192,63,7,56,2
23193,57,6,51,2
23194,52,9,43,2
23195,63,8,55,2
23196,59,2,57,2
23197,49,6,43,2
23198,54,7,47,2
23199,62,10,52,2
23200,54,7,47,2
23201,39,6,33,2
23202,53,7,46,2
23203,45,4,41,2
23204,55,3,52,2
23205,44,1,43,2
23206,57,5,52,2
23207,57,7,50,2
23208,51,6,45,2
23209,56,6,50,2
23210,55,7,48,2
23211,49,6,43,2
23212,58,9,49,2
23213,60,7,53,2
23214,46,7,39,2
23215,52,6,46,2
23216,47,6,41,2
23217,58,5,53,2
23218,46,5,41,2
23219,53,7,46,2
23220,52,8,44,2
23221,52,6,46,2
23222,51,6,45,2
23223,49,6,43,2
23224,48,6,42,2
23225,58,6,52,2
23226,56,3,53,2
23227,55,6,49,2
23228,60,13,47,2
23229,56,9,47,2
23230,52,2,50,2
23231,55,7,48,2
23232,65,7,58,2
23233,59,7,52,2
23234,54,7,47,2
23235,51,4,47,2
23236,61,9,52,2
23237,50,8,42,2
23238,52,5,47,2
23239,53,6,47,2
23240,44,8,36,2
23241,50,4,46,2
23242,45,6,39,2
23243,56,9,47,2
23244,60,9,51,2
23245,65,8,57,2
23246,48,8,40,2
23247,58,4,54,2
23248,62,8,54,2
23249,52,6,46,2
23250,52,10,42,2
23251,56,5,51,2
23252,48,5,43,2
23253,55,10,45,2
23254,53,8,45,2
23255,49,5,44,2
23256,51,6,45,2
23257,53,7,46,2
23258,69,8,61,2
23259,48,7,41,2
23260,48,7,41,2
23261,62,7,55,2
23262,43,1,42,2
23263,69,5,64,2
23264,65,8,57,2
23265,51,7,44,2
23266,55,4,51,2
23267,48,7,41,2
23268,55,10,45,2
23269,62,8,54,2
23270,54,9,45,2
23271,51,4,47,2
23272,44,6,38,2
23273,60,5,55,2
23274,65,8,57,2
23275,44,4,40,2
23276,50,5,45,2
23277,66,10,56,2
23278,51,4,47,2
23279,44,10,34,2
23280,54,8,46,2
23281,54,7,47,2
23282,44,7,37,2
23283,50,3,47,2
23284,57,3,54,2
23285,36,2,34,2
23286,53,4,49,2
23287,56,5,51,2
23288,55,10,45,2
23289,62,4,58,2
23290,60,10,50,2
23291,46,3,43,2
23292,47,5,42,2
23293,64,7,57,2
23294,58,8,50,2
23295,51,7,44,2
23296,54,3,51,2
23297,58,4,54,2
23298,48,5,43,2
23299,66,11,55,2
23300,53,6,47,2
23301,48,5,43,2
23302,61,5,56,2
23303,54,10,44,2
23304,45,5,40,2
23305,48,3,45,2
23306,68,7,61,2
23307,47,5,42,2
23308,59,10,49,2
23309,55,8,47,2
23310,53,8,45,2
23311,53,7,46,2
23312,52,5,47,2
23313,51,5,46,2
23314,60,5,55,2
23315,57,7,50,2
23316,60,6,54,2
23317,51,5,46,2
23318,51,7,44,2
23319,61,9,52,2
23320,57,4,53,2
23321,67,10,57,2
23322,48,5,43,2
23323,48,8,40,2
23324,55,6,49,2
23325,64,10,54,2
23326,53,4,49,2
23327,52,6,46,2
23328,62,14,48,2
23329,57,9,48,2
23330,55,7,48,2
23331,53,6,47,2
23332,61,8,53,2
23333,59,10,49,2
23334,52,5,47,2
23335,49,3,46,2
23336,47,5,42,2
23337,49,5,44,2
23338,49,3,46,2
23339,53,7,46,2
23340,43,5,38,2
23341,58,12,46,2
23342,46,2,44,2
23343,50,6,44,2
23344,68,6,62,2
23345,54,9,45,2
23346,61,5,56,2
23347,42,6,36,2
23348,60,9,51,2
23349,61,8,53,2
23350,50,2,48,2
23351,47,5,42,2
23352,53,4,49,2
23353,64,11,53,2
23354,51,6,45,2
23355,47,5,42,2
23356,57,4,53,2
23357,66,7,59,2
23358,69,10,59,2
23359,55,5,50,2
23360,56,12,44,2
23361,56,5,51,2
23362,45,5,40,2
23363,61,7,54,2
23364,48,6,42,2
23365,63,10,53,2
23366,52,4,48,2
23367,43,4,39,2
23368,47,4,43,2
23369,49,7,42,2
23370,58,11,47,2
23371,52,4,48,2
23372,44,6,38,2
23373,51,9,42,2
23374,53,7,46,2
23375,34,7,27,2
23376,60,8,52,2
23377,56,9,47,2
23378,60,5,55,2
23379,64,11,53,2
23380,63,9,54,2
23381,46,7,39,2
23382,57,4,53,2
23383,44,3,41,2
23384,74,10,64,2
23385,51,10,41,2
23386,47,0,47,1
23387,51,5,46,2
23388,73,8,65,2
23389,55,4,51,2
23390,59,3,56,2
23391,53,7,46,2
23392,53,5,48,2
23393,37,2,35,2
23394,52,5,47,2
23395,58,8,50,2
23396,61,7,54,2
23397,73,8,65,2
23398,58,7,51,2
23399,50,8,42,2
23400,50,4,46,2
23401,55,8,47,2
23402,56,8,48,2
23403,63,4,59,2
23404,46,5,41,2
23405,45,7,38,2
23406,51,9,42,2
23407,77,7,70,2
23408,50,7,43,2
23409,51,5,46,2
23410,45,5,40,2
23411,54,7,47,2
23412,55,8,47,2
23413,49,6,43,2
23414,53,8,45,2
23415,50,5,45,2
23416,64,13,51,2
23417,50,5,45,2
23418,52,6,46,2
23419,63,6,57,2
23420,58,9,49,2
23421,72,5,67,2
23422,55,4,51,2
23423,55,5,50,2
23424,61,9,52,2
23425,58,8,50,2
23426,49,8,41,2
23427,59,8,51,2
23428,43,4,39,2
23429,55,4,51,2
23430,49,8,41,2
23431,46,5,41,2
23432,49,5,44,2
23433,63,11,52,2
23434,61,7,54,2
23435,56,8,48,2
23436,47,8,39,2
23437,61,8,53,2
23438,55,7,48,2
23439,47,4,43,2
23440,48,4,44,2
23441,47,5,42,2
23442,68,10,58,2
23443,48,11,37,2
23444,64,15,49,2
23445,58,13,45,2
23446,54,3,51,2
23447,54,5,49,2
23448,51,9,42,2
23449,63,6,57,2
23450,75,6,69,2
23451,72,6,66,2
23452,68,8,60,2
23453,52,9,43,2
23454,58,8,50,2
23455,47,7,40,2
23456,58,10,48,2
23457,56,8,48,2
23458,58,5,53,2
23459,52,1,51,2
23460,43,6,37,2
23461,49,3,46,2
23462,61,5,56,2
23463,74,9,65,2
23464,73,5,68,2
23465,48,6,42,2
23466,60,4,56,2
23467,48,6,42,2
23468,51,6,45,2
23469,50,6,44,2
23470,51,7,44,2
23471,57,4,53,2
23472,49,5,44,2
23473,51,4,47,2
23474,69,7,62,2
23475,69,7,62,2
23476,49,6,43,2
23477,63,7,56,2
23478,61,6,55,2
23479,53,4,49,2
23480,51,5,46,2
23481,52,4,48,2
23482,58,8,50,2
23483,60,7,53,2
23484,54,7,47,2
23485,74,5,69,2
23486,49,7,42,2
23487,50,9,41,2
23488,67,9,58,2
23489,48,8,40,2
23490,47,7,40,2
23491,48,6,42,2
23492,60,5,55,2
23493,56,7,49,2
23494,58,9,49,2
23495,56,5,51,2
23496,61,5,56,2
23497,63,4,59,2
23498,59,3,56,2
23499,49,3,46,2
23500,51,8,43,2
23501,53,9,44,2
23502,64,8,56,2
23503,45,8,37,2
23504,56,3,53,2
23505,63,12,51,2
23506,55,7,48,2
23507,59,12,47,2
23508,59,11,48,2
23509,50,9,41,2
23510,53,8,45,2
23511,44,3,41,2
23512,60,8,52,2
23513,56,7,49,2
23514,55,7,48,2
23515,56,11,45,2
23516,53,8,45,2
23517,57,8,49,2
23518,67,7,60,2
23519,55,5,50,2
23520,60,4,56,2
23521,51,6,45,2
23522,53,10,43,2
23523,45,3,42,2
23524,49,8,41,2
23525,47,5,42,2
23526,49,4,45,2
23527,55,5,50,2
23528,66,11,55,2
23529,52,8,44,2
23530,60,9,51,2
23531,64,10,54,2
23532,60,12,48,2
23533,57,9,48,2
23534,51,4,47,2
23535,60,7,53,2
23536,57,5,52,2
23537,55,8,47,2
23538,51,7,44,2
23539,61,6,55,2
23540,67,6,61,2
23541,47,7,40,2
23542,69,3,66,2
23543,47,4,43,2
23544,56,9,47,2
23545,46,7,39,2
23546,52,6,46,2
23547,61,11,50,2
23548,62,1,61,2
23549,56,8,48,2
23550,58,6,52,2
23551,59,9,50,2
23552,51,3,48,2
23553,63,10,53,2
23554,67,6,61,2
23555,43,5,38,2
23556,47,8,39,2
23557,49,5,44,2
23558,53,5,48,2
23559,57,9,48,2
23560,70,9,61,2
23561,53,8,45,2
23562,44,10,34,2
23563,47,6,41,2
23564,49,6,43,2
23565,54,7,47,2
23566,51,6,45,2
23567,62,10,52,2
23568,46,9,37,2
23569,59,6,53,2
23570,48,4,44,2
23571,48,6,42,2
23572,43,8,35,2
23573,63,15,48,2
23574,61,8,53,2
23575,49,2,47,2
23576,51,4,47,2
23577,51,3,48,2
23578,54,4,50,2
23579,58,4,54,2
23580,62,7,55,2
23581,57,5,52,2
23582,60,9,51,2
23583,58,4,54,2
23584,69,10,59,2
23585,52,3,49,2
23586,66,10,56,2
23587,62,8,54,2
23588,52,10,42,2
23589,59,8,51,2
23590,49,6,43,2
23591,38,8,30,2
23592,75,5,70,2
23593,51,4,47,2
23594,61,7,54,2
23595,51,4,47,2
23596,41,4,37,2
23597,55,5,50,2
23598,53,7,46,2
23599,59,9,50,2
23600,64,8,56,2
23601,52,5,47,2
23602,65,10,55,2
23603,63,12,51,2
23604,42,6,36,2
23605,58,9,49,2
23606,40,1,39,2
23607,47,7,40,2
23608,53,9,44,2
23609,47,3,44,2
23610,60,6,54,2
23611,67,9,58,2
23612,64,6,58,2
23613,46,4,42,2
23614,52,4,48,2
23615,52,3,49,2
23616,54,6,48,2
23617,49,3,46,2
23618,48,11,37,2
23619,60,9,51,2
23620,61,9,52,2
23621,57,6,51,2
23622,57,5,52,2
23623,56,7,49,2
23624,81,18,63,2
23625,59,7,52,2
23626,59,4,55,2
23627,55,7,48,2
23628,62,6,56,2
23629,57,7,50,2
23630,54,7,47,2
23631,69,6,63,2
23632,43,5,38,2
23633,46,8,38,2
23634,54,10,44,2
23635,59,6,53,2
23636,66,8,58,2
23637,48,8,40,2
23638,78,6,72,2
23639,58,7,51,2
23640,45,5,40,2
23641,62,5,57,2
23642,52,3,49,2
23643,46,6,40,2
23644,61,2,59,2
23645,56,9,47,2
23646,57,4,53,2
23647,50,8,42,2
23648,61,8,53,2
23649,56,4,52,2
23650,50,8,42,2
23651,55,8,47,2
23652,50,9,41,2
23653,44,5,39,2
23654,56,5,51,2
23655,48,5,43,2
23656,59,14,45,2
23657,48,6,42,2
23658,65,8,57,2
23659,54,4,50,2
23660,50,8,42,2
23661,53,6,47,2
23662,56,4,52,2
23663,52,3,49,2
23664,45,5,40,2
23665,69,6,63,2
23666,54,11,43,2
23667,63,6,57,2
23668,44,10,34,2
23669,54,5,49,2
23670,51,10,41,2
23671,50,7,43,2
23672,56,3,53,2
23673,56,7,49,2
23674,63,7,56,2
23675,47,6,41,2
23676,51,5,46,2
23677,53,9,44,2
23678,63,6,57,2
23679,51,12,39,2
23680,58,4,54,2
23681,49,4,45,2
23682,59,7,52,2
23683,55,5,50,2
23684,55,6,49,2
23685,44,7,37,2
23686,75,9,66,2
23687,60,10,50,2
23688,76,7,69,2
23689,60,8,52,2
23690,57,10,47,2
23691,47,6,41,2
23692,52,5,47,2
23693,63,8,55,2
23694,59,7,52,2
23695,43,4,39,2
23696,62,4,58,2
23697,55,3,52,2
23698,53,4,49,2
23699,64,11,53,2
23700,56,7,49,2
23701,57,7,50,2
23702,65,6,59,2
23703,43,4,39,2
23704,47,6,41,2
23705,52,5,47,2
23706,68,7,61,2
23707,61,8,53,2
23708,51,6,45,2
23709,54,8,46,2
23710,52,3,49,2
23711,60,6,54,2
23712,45,6,39,2
23713,55,3,52,2
23714,58,8,50,2
23715,53,5,48,2
23716,54,5,49,2
23717,62,8,54,2
23718,56,4,52,2
23719,43,6,37,2
23720,56,8,48,2
23721,39,10,29,2
23722,50,11,39,2
23723,54,7,47,2
23724,65,8,57,2
23725,41,3,38,2
23726,53,5,48,2
23727,45,3,42,2
23728,71,6,65,2
23729,47,4,43,2
23730,52,3,49,2
23731,42,4,38,2
23732,56,5,51,2
23733,51,3,48,2
23734,64,5,59,2
23735,56,7,49,2
23736,44,5,39,2
23737,38,2,36,2
23738,53,3,50,2
23739,58,5,53,2
23740,47,9,38,2
23741,55,3,52,2
23742,69,7,62,2
23743,56,3,53,2
23744,47,4,43,2
23745,54,5,49,2
23746,55,5,50,2
23747,53,10,43,2
23748,61,5,56,2
23749,52,8,44,2
23750,50,8,42,2
23751,44,6,38,2
23752,60,3,57,2
23753,47,4,43,2
23754,58,9,49,2
23755,44,6,38,2
23756,51,7,44,2
23757,42,9,33,2
23758,62,7,55,2
23759,55,5,50,2
23760,53,3,50,2
23761,55,9,46,2
23762,48,6,42,2
23763,52,8,44,2
23764,52,10,42,2
23765,54,8,46,2
23766,44,6,38,2
23767,59,9,50,2
23768,62,7,55,2
23769,61,5,56,2
23770,52,6,46,2
23771,62,10,52,2
23772,57,7,50,2
23773,46,5,41,2
23774,65,8,57,2
23775,43,4,39,2
23776,47,3,44,2
23777,51,3,48,2
23778,54,8,46,2
23779,53,10,43,2
23780,45,9,36,2
23781,52,5,47,2
23782,48,4,44,2
23783,68,10,58,2
23784,62,5,57,2
23785,53,4,49,2
23786,60,5,55,2
23787,52,9,43,2
23788,57,4,53,2
23789,47,9,38,2
23790,45,6,39,2
23791,47,7,40,2
23792,60,5,55,2
23793,53,4,49,2
23794,49,8,41,2
23795,54,9,45,2
23796,58,4,54,2
23797,51,11,40,2
23798,52,6,46,2
23799,65,9,56,2
23800,59,10,49,2
23801,53,10,43,2
23802,59,5,54,2
23803,62,8,54,2
23804,48,9,39,2
23805,59,4,55,2
23806,55,7,48,2
23807,62,11,51,2
23808,44,4,40,2
23809,60,1,59,2
23810,49,6,43,2
23811,52,1,51,2
23812,55,3,52,2
23813,48,5,43,2
23814,32,3,29,2
23815,58,5,53,2
23816,63,3,60,2
23817,60,11,49,2
23818,57,6,51,2
23819,55,9,46,2
23820,62,5,57,2
23821,54,5,49,2
23822,50,7,43,2
23823,69,6,63,2
23824,55,5,50,2
23825,41,4,37,2
23826,64,2,62,2
23827,41,7,34,2
23828,58,8,50,2
23829,59,7,52,2
23830,59,5,54,2
23831,41,3,38,2
23832,57,7,50,2
23833,51,2,49,2
23834,53,9,44,2
23835,66,10,56,2
23836,59,10,49,2
23837,44,3,41,2
23838,49,6,43,2
23839,60,13,47,2
23840,63,6,57,2
23841,53,2,51,2
23842,57,6,51,2
23843,60,4,56,2
23844,43,6,37,2
23845,69,7,62,2
23846,55,2,53,2
23847,58,8,50,2
23848,48,5,43,2
23849,59,11,48,2
23850,59,6,53,2
23851,58,9,49,2
23852,51,8,43,2
23853,65,6,59,2
23854,55,9,46,2
23855,63,9,54,2
23856,50,7,43,2
23857,57,8,49,2
23858,46,7,39,2
23859,59,11,48,2
23860,59,12,47,2
23861,57,9,48,2
23862,51,7,44,2
23863,58,14,44,2
23864,55,4,51,2
23865,49,6,43,2
23866,47,3,44,2
23867,63,8,55,2
23868,61,6,55,2
23869,57,9,48,2
23870,51,8,43,2
23871,52,5,47,2
23872,50,2,48,2
23873,51,4,47,2
23874,65,8,57,2
23875,48,5,43,2
23876,47,4,43,2
23877,43,3,40,2
23878,55,4,51,2
23879,55,12,43,2
23880,50,8,42,2
23881,46,4,42,2
23882,55,6,49,2
23883,61,10,51,2
23884,42,4,38,2
23885,55,5,50,2
23886,52,5,47,2
23887,54,6,48,2
23888,47,3,44,2
23889,58,7,51,2
23890,54,7,47,2
23891,48,3,45,2
23892,51,6,45,2
23893,52,4,48,2
23894,71,9,62,2
23895,53,7,46,2
23896,59,8,51,2
23897,66,12,54,2
23898,61,4,57,2
23899,57,5,52,2
23900,46,5,41,2
23901,44,5,39,2
23902,43,10,33,2
23903,49,4,45,2
23904,61,5,56,2
23905,48,7,41,2
23906,52,5,47,2
23907,47,5,42,2
23908,53,4,49,2
23909,61,6,55,2
23910,64,6,58,2
23911,52,7,45,2
23912,57,6,51,2
23913,59,10,49,2
23914,49,4,45,2
23915,67,6,61,2
23916,64,11,53,2
23917,55,4,51,2
23918,49,7,42,2
23919,62,12,50,2
23920,65,13,52,2
23921,55,3,52,2
23922,70,5,65,2
23923,40,8,32,2
23924,63,4,59,2
23925,55,9,46,2
23926,50,5,45,2
23927,43,6,37,2
23928,54,8,46,2
23929,47,9,38,2
23930,42,5,37,2
23931,47,5,42,2
23932,43,1,42,2
23933,59,6,53,2
23934,49,2,47,2
23935,59,4,55,2
23936,74,5,69,2
23937,49,6,43,2
23938,70,5,65,2
23939,64,7,57,2
23940,53,11,42,2
23941,41,5,36,2
23942,46,4,42,2
23943,51,4,47,2
23944,66,10,56,2
23945,58,6,52,2
23946,50,4,46,2
23947,51,10,41,2
23948,53,2,51,2
23949,45,7,38,2
23950,48,6,42,2
23951,46,9,37,2
23952,59,8,51,2
23953,46,5,41,2
23954,49,7,42,2
23955,68,10,58,2
23956,51,3,48,2
23957,47,8,39,2
23958,63,4,59,2
23959,60,5,55,2
23960,67,9,58,2
23961,57,5,52,2
23962,62,15,47,2
23963,53,5,48,2
23964,61,8,53,2
23965,50,7,43,2
23966,48,7,41,2
23967,57,6,51,2
23968,50,10,40,2
23969,65,8,57,2
23970,40,9,31,2
23971,59,10,49,2
23972,46,7,39,2
23973,65,5,60,2
23974,62,9,53,2
23975,44,6,38,2
23976,49,7,42,2
23977,51,4,47,2
23978,55,6,49,2
23979,70,8,62,2
23980,62,9,53,2
23981,63,11,52,2
23982,37,6,31,2
23983,57,4,53,2
23984,67,9,58,2
23985,51,4,47,2
23986,46,6,40,2
23987,54,9,45,2
23988,45,3,42,2
23989,45,5,40,2
23990,58,5,53,2
23991,46,6,40,2
23992,60,8,52,2
23993,42,1,41,2
23994,56,11,45,2
23995,64,10,54,2
23996,50,5,45,2
23997,47,7,40,2
23998,70,7,63,2
23999,58,6,52,2
24000,42,6,36,2
24001,66,4,62,2
24002,60,4,56,2
24003,46,3,43,2
24004,48,11,37,2
24005,60,2,58,2
24006,43,2,41,2
24007,52,6,46,2
24008,37,6,31,2
24009,62,5,57,2
24010,53,4,49,2
24011,66,8,58,2
24012,60,5,55,2
24013,54,10,44,2
24014,44,3,41,2
24015,43,4,39,2
24016,56,5,51,2
24017,55,11,44,2
24018,63,7,56,2
24019,54,10,44,2
24020,50,7,43,2
24021,53,6,47,2
24022,44,6,38,2
24023,68,6,62,2
24024,51,3,48,2
24025,49,2,47,2
24026,63,4,59,2
24027,57,5,52,2
24028,52,2,50,2
24029,51,7,44,2
24030,49,6,43,2
24031,59,7,52,2
24032,66,9,57,2
24033,52,7,45,2
24034,58,9,49,2
24035,60,10,50,2
24036,62,8,54,2
24037,57,8,49,2
24038,43,2,41,2
24039,57,9,48,2
24040,53,3,50,2
24041,50,4,46,2
24042,51,4,47,2
24043,47,6,41,2
24044,66,7,59,2
24045,53,8,45,2
24046,47,5,42,2
24047,62,9,53,2
24048,63,4,59,2
24049,63,9,54,2
24050,55,7,48,2
24051,48,5,43,2
24052,60,6,54,2
24053,64,3,61,2
24054,47,5,42,2
24055,51,3,48,2
24056,56,7,49,2
24057,53,9,44,2
24058,66,11,55,2
24059,50,6,44,2
24060,62,9,53,2
24061,50,8,42,2
24062,57,4,53,2
24063,46,4,42,2
24064,53,6,47,2
24065,56,7,49,2
24066,60,11,49,2
24067,45,3,42,2
24068,59,11,48,2
24069,69,6,63,2
24070,45,9,36,2
24071,52,7,45,2
24072,60,10,50,2
24073,58,10,48,2
24074,59,12,47,2
24075,52,4,48,2
24076,60,1,59,2
24077,59,6,53,2
24078,48,5,43,2
24079,53,7,46,2
24080,41,6,35,2
24081,64,4,60,2
24082,56,10,46,2
24083,54,5,49,2
24084,46,6,40,2
24085,47,3,44,2
24086,55,5,50,2
24087,41,4,37,2
24088,59,10,49,2
24089,68,14,54,2
24090,56,5,51,2
24091,61,7,54,2
24092,67,8,59,2
24093,49,6,43,2
24094,56,3,53,2
24095,57,1,56,2
24096,57,6,51,2
24097,43,4,39,2
24098,52,8,44,2
24099,55,7,48,2
24100,57,6,51,2
24101,62,7,55,2
24102,50,8,42,2
24103,43,8,35,2
24104,44,5,39,2
24105,61,7,54,2
24106,55,4,51,2
24107,52,8,44,2
24108,48,9,39,2
24109,61,8,53,2
24110,61,7,54,2
24111,44,4,40,2
24112,55,4,51,2
24113,70,9,61,2
24114,54,6,48,2
24115,54,7,47,2
24116,55,6,49,2
24117,52,3,49,2
24118,54,7,47,2
24119,62,5,57,2
24120,48,2,46,2
24121,62,9,53,2
24122,51,11,40,2
24123,49,7,42,2
24124,47,3,44,2
24125,50,8,42,2
24126,52,10,42,2
24127,58,10,48,2
24128,56,8,48,2
24129,54,7,47,2
24130,45,4,41,2
24131,45,8,37,2
24132,54,7,47,2
24133,47,7,40,2
24134,47,11,36,2
24135,49,8,41,2
24136,54,9,45,2
24137,51,5,46,2
24138,55,12,43,2
24139,49,5,44,2
24140,56,8,48,2
24141,46,5,41,2
24142,53,6,47,2
24143,54,7,47,2
24144,58,7,51,2
24145,42,5,37,2
24146,59,9,50,2
24147,61,5,56,2
24148,46,4,42,2
24149,72,7,65,2
24150,64,2,62,2
24151,62,5,57,2
24152,44,4,40,2
24153,49,5,44,2
24154,67,10,57,2
24155,55,10,45,2
24156,58,3,55,2
24157,66,8,58,2
24158,52,10,42,2
24159,58,5,53,2
24160,47,8,39,2
24161,54,9,45,2
24162,53,6,47,2
24163,48,6,42,2
24164,44,2,42,2
24165,56,5,51,2
24166,61,10,51,2
24167,58,8,50,2
24168,58,8,50,2
24169,66,7,59,2
24170,54,6,48,2
24171,57,5,52,2
24172,40,2,38,2
24173,55,8,47,2
24174,52,10,42,2
24175,47,9,38,2
24176,56,9,47,2
24177,47,8,39,2
24178,41,6,35,2
24179,60,3,57,2
24180,56,8,48,2
24181,49,6,43,2
24182,48,5,43,2
24183,64,4,60,2
24184,54,5,49,2
24185,49,8,41,2
24186,51,6,45,2
24187,65,6,59,2
24188,66,10,56,2
24189,40,8,32,2
24190,57,10,47,2
24191,58,2,56,2
24192,51,7,44,2
24193,67,12,55,2
24194,56,5,51,2
24195,61,10,51,2
24196,59,6,53,2
24197,42,4,38,2
24198,48,10,38,2
24199,43,7,36,2
24200,63,11,52,2
24201,56,8,48,2
24202,50,1,49,2
24203,61,4,57,2
24204,61,6,55,2
24205,47,6,41,2
24206,53,5,48,2
24207,42,7,35,2
24208,45,6,39,2
24209,38,1,37,2
24210,46,3,43,2
24211,41,4,37,2
24212,52,5,47,2
24213,48,6,42,2
24214,48,7,41,2
24215,50,2,48,2
24216,47,7,40,2
24217,65,7,58,2
24218,51,7,44,2
24219,48,5,43,2
24220,49,4,45,2
24221,60,7,53,2
24222,62,6,56,2
24223,53,5,48,2
24224,46,6,40,2
24225,60,6,54,2
24226,51,9,42,2
24227,49,6,43,2
24228,43,1,42,2
24229,62,7,55,2
24230,47,7,40,2
24231,53,6,47,2
24232,64,16,48,2
24233,58,7,51,2
24234,52,6,46,2
24235,58,7,51,2
24236,47,6,41,2
24237,47,4,43,2
24238,66,5,61,2
24239,62,11,51,2
24240,50,6,44,2
24241,54,4,50,2
24242,63,7,56,2
24243,66,10,56,2
24244,54,5,49,2
24245,45,2,43,2
24246,63,7,56,2
24247,54,9,45,2
24248,65,12,53,2
24249,59,5,54,2
24250,65,6,59,2
24251,53,10,43,2
24252,57,10,47,2
24253,46,2,44,2
24254,42,4,38,2
24255,42,7,35,2
24256,46,7,39,2
24257,60,2,58,2
24258,56,3,53,2
24259,58,5,53,2
24260,59,8,51,2
24261,50,1,49,2
24262,64,8,56,2
24263,58,9,49,2
24264,53,5,48,2
24265,57,4,53,2
24266,44,6,38,2
24267,55,9,46,2
24268,56,7,49,2
24269,63,8,55,2
24270,55,4,51,2
24271,56,4,52,2
24272,56,4,52,2
24273,55,9,46,2
24274,47,7,40,2
24275,57,9,48,2
24276,45,6,39,2
24277,49,12,37,2
24278,52,6,46,2
24279,65,7,58,2
24280,53,4,49,2
24281,49,7,42,2
24282,54,4,50,2
24283,49,4,45,2
24284,50,3,47,2
24285,61,8,53,2
24286,49,9,40,2
24287,62,6,56,2
24288,48,4,44,2
24289,52,6,46,2
24290,77,8,69,2
24291,64,6,58,2
24292,68,8,60,2
24293,51,3,48,2
24294,66,9,57,2
24295,56,9,47,2
24296,52,11,41,2
24297,38,4,34,2
24298,51,8,43,2
24299,54,5,49,2
24300,65,8,57,2
24301,62,10,52,2
24302,40,2,38,2
24303,66,8,58,2
24304,53,3,50,2
24305,66,10,56,2
24306,59,5,54,2
24307,62,7,55,2
24308,52,3,49,2
24309,53,5,48,2
24310,45,6,39,2
24311,56,5,51,2
24312,57,4,53,2
24313,52,7,45,2
24314,54,8,46,2
24315,41,9,32,2
24316,65,11,54,2
24317,51,6,45,2
24318,49,8,41,2
24319,48,10,38,2
24320,56,9,47,2
24321,52,7,45,2
24322,41,10,31,2
24323,53,5,48,2
24324,55,11,44,2
24325,50,10,40,2
24326,45,6,39,2
24327,58,11,47,2
24328,79,3,76,2
24329,54,10,44,2
24330,48,7,41,2
24331,58,6,52,2
24332,58,9,49,2
24333,60,4,56,2
24334,59,14,45,2
24335,61,5,56,2
24336,47,7,40,2
24337,44,7,37,2
24338,59,6,53,2
24339,58,8,50,2
24340,40,6,34,2
24341,50,4,46,2
24342,56,11,45,2
24343,60,7,53,2
24344,62,4,58,2
24345,59,8,51,2
24346,63,12,51,2
24347,60,5,55,2
24348,69,8,61,2
24349,63,9,54,2
24350,59,9,50,2
24351,45,2,43,2
24352,58,8,50,2
24353,50,7,43,2
24354,56,8,48,2
24355,60,6,54,2
24356,59,8,51,2
24357,58,7,51,2
24358,59,11,48,2
24359,56,6,50,2
24360,59,7,52,2
24361,63,8,55,2
24362,52,8,44,2
24363,72,9,63,2
24364,50,5,45,2
24365,52,4,48,2
24366,66,3,63,2
24367,64,4,60,2
24368,53,6,47,2
24369,60,6,54,2
24370,52,5,47,2
24371,58,8,50,2
24372,51,5,46,2
24373,73,14,59,2
24374,73,8,65,2
24375,56,5,51,2
24376,51,4,47,2
24377,46,5,41,2
24378,50,4,46,2
24379,49,5,44,2
24380,57,3,54,2
24381,61,1,60,2
24382,45,8,37,2
24383,53,6,47,2
24384,55,7,48,2
24385,53,4,49,2
24386,47,4,43,2
24387,50,12,38,2
24388,47,11,36,2
24389,58,1,57,2
24390,69,14,55,2
24391,51,9,42,2
24392,52,6,46,2
24393,59,6,53,2
24394,59,6,53,2
24395,54,6,48,2
24396,51,5,46,2
24397,57,5,52,2
24398,59,7,52,2
24399,54,7,47,2
24400,52,9,43,2
24401,41,7,34,2
24402,51,10,41,2
24403,48,8,40,2
24404,55,8,47,2
24405,62,4,58,2
24406,60,5,55,2
24407,56,5,51,2
24408,63,6,57,2
24409,55,3,52,2
24410,42,4,38,2
24411,58,5,53,2
24412,53,6,47,2
24413,59,8,51,2
24414,42,7,35,2
24415,52,6,46,2
24416,47,9,38,2
24417,59,11,48,2
24418,59,6,53,2
24419,44,7,37,2
24420,46,2,44,2
24421,58,10,48,2
24422,56,4,52,2
24423,63,8,55,2
24424,55,3,52,2
24425,48,5,43,2
24426,51,9,42,2
24427,62,11,51,2
24428,60,2,58,2
24429,57,7,50,2
24430,66,12,54,2
24431,56,2,54,2
24432,56,9,47,2
24433,65,7,58,2
24434,45,6,39,2
24435,44,6,38,2
24436,49,7,42,2
24437,53,6,47,2
24438,48,3,45,2
24439,54,7,47,2
24440,59,5,54,2
24441,65,8,57,2
24442,58,5,53,2
24443,63,6,57,2
24444,48,5,43,2
24445,66,7,59,2
24446,49,6,43,2
24447,48,5,43,2
24448,66,6,60,2
24449,57,5,52,2
24450,45,5,40,2
24451,58,5,53,2
24452,44,5,39,2
24453,57,3,54,2
24454,46,8,38,2
24455,48,5,43,2
24456,57,6,51,2
24457,47,8,39,2
24458,54,6,48,2
24459,64,9,55,2
24460,65,8,57,2
24461,67,9,58,2
24462,51,6,45,2
24463,45,3,42,2
24464,58,3,55,2
24465,50,5,45,2
24466,54,10,44,2
24467,82,9,73,2
24468,61,7,54,2
24469,47,2,45,2
24470,60,4,56,2
24471,37,3,34,2
24472,38,5,33,2
24473,60,13,47,2
24474,59,8,51,2
24475,42,3,39,2
24476,55,6,49,2
24477,51,6,45,2
24478,60,9,51,2
24479,58,4,54,2
24480,68,4,64,2
24481,58,11,47,2
24482,43,6,37,2
24483,51,4,47,2
24484,55,10,45,2
24485,51,4,47,2
24486,65,6,59,2
24487,51,9,42,2
24488,50,9,41,2
24489,64,8,56,2
24490,58,8,50,2
24491,62,8,54,2
24492,52,9,43,2
24493,56,4,52,2
24494,40,5,35,2
24495,57,10,47,2
24496,54,8,46,2
24497,46,5,41,2
24498,60,8,52,2
24499,58,8,50,2
24500,55,5,50,2
24501,49,9,40,2
24502,51,7,44,2
24503,42,6,36,2
24504,58,5,53,2
24505,57,10,47,2
24506,49,5,44,2
24507,58,4,54,2
24508,60,8,52,2
24509,68,12,56,2
24510,55,6,49,2
24511,57,9,48,2
24512,47,8,39,2
24513,55,4,51,2
24514,45,5,40,2
24515,49,6,43,2
24516,58,14,44,2
24517,63,7,56,2
24518,55,7,48,2
24519,52,2,50,2
24520,54,4,50,2
24521,71,7,64,2
24522,62,7,55,2
24523,56,9,47,2
24524,63,10,53,2
24525,56,4,52,2
24526,53,9,44,2
24527,46,6,40,2
24528,57,3,54,2
24529,44,12,32,2
24530,56,7,49,2
24531,51,7,44,2
24532,47,8,39,2
24533,75,11,64,2
24534,55,3,52,2
24535,49,5,44,2
24536,52,4,48,2
24537,52,6,46,2
24538,58,8,50,2
24539,56,7,49,2
24540,52,1,51,2
24541,59,7,52,2
24542,53,7,46,2
24543,58,7,51,2
24544,56,6,50,2
24545,51,5,46,2
24546,52,5,47,2
24547,45,6,39,2
24548,71,5,66,2
24549,51,9,42,2
24550,56,8,48,2
24551,53,3,50,2
24552,68,10,58,2
24553,42,4,38,2
24554,57,9,48,2
24555,52,6,46,2
24556,42,10,32,2
24557,55,6,49,2
24558,45,3,42,2
24559,57,8,49,2
24560,61,8,53,2
24561,48,8,40,2
24562,62,7,55,2
24563,54,9,45,2
24564,51,7,44,2
24565,45,1,44,2
24566,53,5,48,2
24567,57,3,54,2
24568,56,2,54,2
24569,51,7,44,2
24570,56,6,50,2
24571,57,6,51,2
24572,56,8,48,2
24573,42,4,38,2
24574,59,8,51,2
24575,60,7,53,2
24576,61,9,52,2
24577,52,4,48,2
24578,57,5,52,2
24579,51,4,47,2
24580,48,2,46,2
24581,52,9,43,2
24582,47,7,40,2
24583,63,7,56,2
24584,46,7,39,2
24585,40,4,36,2
24586,57,9,48,2
24587,65,2,63,2
24588,70,8,62,2
24589,45,4,41,2
24590,57,9,48,2
24591,50,4,46,2
24592,56,2,54,2
24593,44,6,38,2
24594,54,9,45,2
24595,56,8,48,2
24596,60,9,51,2
24597,58,5,53,2
24598,53,6,47,2
24599,55,7,48,2
24600,44,9,35,2
24601,53,6,47,2
24602,63,7,56,2
24603,64,7,57,2
24604,57,8,49,2
24605,43,6,37,2
24606,64,5,59,2
24607,52,3,49,2
24608,62,9,53,2
24609,52,3,49,2
24610,54,8,46,2
24611,56,6,50,2
24612,50,8,42,2
24613,54,5,49,2
24614,56,8,48,2
24615,40,3,37,2
24616,38,4,34,2
24617,46,6,40,2
24618,51,6,45,2
24619,64,6,58,2
24620,53,4,49,2
24621,63,10,53,2
24622,49,7,42,2
24623,54,7,47,2
24624,53,10,43,2
24625,73,10,63,2
24626,51,5,46,2
24627,37,3,34,2
24628,38,6,32,2
24629,57,8,49,2
24630,43,5,38,2
24631,63,7,56,2
24632,49,5,44,2
24633,53,5,48,2
24634,60,8,52,2
24635,55,5,50,2
24636,66,11,55,2
24637,58,3,55,2
24638,49,4,45,2
24639,56,8,48,2
24640,57,12,45,2
24641,64,14,50,2
24642,58,6,52,2
24643,63,6,57,2
24644,42,2,40,2
24645,43,5,38,2
24646,47,7,40,2
24647,48,4,44,2
24648,56,7,49,2
24649,56,8,48,2
24650,50,7,43,2
24651,57,5,52,2
24652,54,7,47,2
24653,53,8,45,2
24654,57,7,50,2
24655,42,4,38,2
24656,54,8,46,2
24657,64,7,57,2
24658,42,3,39,2
24659,53,3,50,2
24660,46,9,37,2
24661,50,4,46,2
24662,52,5,47,2
24663,65,11,54,2
24664,58,5,53,2
24665,52,6,46,2
24666,57,5,52,2
24667,57,6,51,2
24668,58,8,50,2
24669,55,6,49,2
24670,59,6,53,2
24671,44,4,40,2
24672,43,3,40,2
24673,50,5,45,2
24674,50,6,44,2
24675,47,7,40,2
24676,48,10,38,2
24677,50,3,47,2
24678,60,5,55,2
24679,60,8,52,2
24680,44,5,39,2
24681,62,2,60,2
24682,57,5,52,2
24683,61,4,57,2
24684,52,12,40,2
24685,53,6,47,2
24686,57,5,52,2
24687,48,4,44,2
24688,58,6,52,2
24689,61,6,55,2
24690,61,5,56,2
24691,52,6,46,2
24692,66,6,60,2
24693,57,3,54,2
24694,51,6,45,2
24695,53,4,49,2
24696,48,5,43,2
24697,57,10,47,2
24698,53,0,53,1
24699,53,5,48,2
24700,52,4,48,2
24701,50,6,44,2
24702,58,8,50,2
24703,49,7,42,2
24704,58,6,52,2
24705,68,11,57,2
24706,51,6,45,2
24707,58,5,53,2
24708,48,7,41,2
24709,54,6,48,2
24710,61,12,49,2
24711,66,10,56,2
24712,57,7,50,2
24713,44,3,41,2
24714,60,7,53,2
24715,50,10,40,2
24716,47,4,43,2
24717,52,7,45,2
24718,41,6,35,2
24719,56,7,49,2
24720,50,3,47,2
24721,59,11,48,2
24722,59,5,54,2
24723,48,5,43,2
24724,52,7,45,2
24725,50,7,43,2
24726,49,6,43,2
24727,51,10,41,2
24728,67,6,61,2
24729,56,4,52,2
24730,53,6,47,2
24731,64,7,57,2
24732,53,7,46,2
24733,58,9,49,2
24734,53,8,45,2
24735,62,10,52,2
24736,58,6,52,2
24737,53,3,50,2
24738,46,8,38,2
24739,50,5,45,2
24740,40,6,34,2
24741,57,9,48,2
24742,56,7,49,2
24743,58,7,51,2
24744,42,3,39,2
24745,51,5,46,2
24746,52,6,46,2
24747,58,6,52,2
24748,51,1,50,2
24749,52,6,46,2
24750,44,5,39,2
24751,48,2,46,2
24752,47,11,36,2
24753,52,4,48,2
24754,57,9,48,2
24755,51,3,48,2
24756,62,5,57,2
24757,55,5,50,2
24758,65,4,61,2
24759,43,3,40,2
24760,61,7,54,2
24761,60,11,49,2
24762,57,7,50,2
24763,51,3,48,2
24764,59,8,51,2
24765,61,10,51,2
24766,57,9,48,2
24767,56,8,48,2
24768,51,8,43,2
24769,54,6,48,2
24770,54,7,47,2
24771,55,7,48,2
24772,56,11,45,2
24773,56,5,51,2
24774,63,4,59,2
24775,71,9,62,2
24776,47,5,42,2
24777,52,8,44,2
24778,53,4,49,2
24779,50,4,46,2
24780,57,2,55,2
24781,52,1,51,2
24782,51,4,47,2
24783,60,5,55,2
24784,36,4,32,2
24785,59,4,55,2
24786,57,7,50,2
24787,53,10,43,2
24788,52,5,47,2
24789,57,9,48,2
24790,50,4,46,2
24791,61,10,51,2
24792,53,5,48,2
24793,59,12,47,2
24794,53,10,43,2
24795,62,7,55,2
24796,57,7,50,2
24797,47,7,40,2
24798,59,11,48,2
24799,60,5,55,2
24800,37,2,35,2
24801,61,8,53,2
24802,53,10,43,2
24803,59,8,51,2
24804,53,7,46,2
24805,38,4,34,2
24806,54,4,50,2
24807,57,13,44,2
24808,54,8,46,2
24809,52,5,47,2
24810,51,3,48,2
24811,46,7,39,2
24812,56,5,51,2
24813,63,7,56,2
24814,46,3,43,2
24815,55,4,51,2
24816,53,4,49,2
24817,47,5,42,2
24818,64,8,56,2
24819,57,12,45,2
24820,47,4,43,2
24821,44,8,36,2
24822,44,5,39,2
24823,54,6,48,2
24824,54,6,48,2
24825,50,6,44,2
24826,42,5,37,2
24827,46,5,41,2
24828,59,8,51,2
24829,51,5,46,2
24830,43,7,36,2
24831,51,6,45,2
24832,76,11,65,2
24833,50,6,44,2
24834,51,5,46,2
24835,48,3,45,2
24836,56,8,48,2
24837,67,10,57,2
24838,53,4,49,2
24839,58,5,53,2
24840,64,6,58,2
24841,53,1,52,2
24842,55,7,48,2
24843,43,3,40,2
24844,50,8,42,2
24845,51,6,45,2
24846,60,3,57,2
24847,56,7,49,2
24848,74,8,66,2
24849,50,9,41,2
24850,48,9,39,2
24851,46,6,40,2
24852,51,7,44,2
24853,59,8,51,2
24854,59,8,51,2
24855,49,7,42,2
24856,52,5,47,2
24857,52,4,48,2
24858,40,7,33,2
24859,66,4,62,2
24860,46,5,41,2
24861,61,9,52,2
24862,52,8,44,2
24863,48,6,42,2
24864,64,8,56,2
24865,47,5,42,2
24866,55,7,48,2
24867,69,4,65,2
24868,53,7,46,2
24869,58,7,51,2
24870,57,5,52,2
24871,64,14,50,2
24872,58,6,52,2
24873,49,2,47,2
24874,62,6,56,2
24875,52,4,48,2
24876,51,12,39,2
24877,56,7,49,2
24878,65,7,58,2
24879,56,3,53,2
24880,61,7,54,2
24881,51,8,43,2
24882,44,5,39,2
24883,61,8,53,2
24884,51,7,44,2
24885,50,5,45,2
24886,48,7,41,2
24887,68,5,63,2
24888,55,10,45,2
24889,70,5,65,2
24890,64,4,60,2
24891,49,3,46,2
24892,49,3,46,2
24893,55,4,51,2
24894,44,2,42,2
24895,58,8,50,2
24896,61,6,55,2
24897,57,9,48,2
24898,69,11,58,2
24899,63,5,58,2
24900,56,5,51,2
24901,58,4,54,2
24902,54,8,46,2
24903,63,4,59,2
24904,53,7,46,2
24905,53,7,46,2
24906,47,3,44,2
24907,57,7,50,2
24908,50,4,46,2
24909,46,8,38,2
24910,50,3,47,2
24911,70,5,65,2
24912,64,6,58,2
24913,52,7,45,2
24914,49,4,45,2
24915,67,7,60,2
24916,54,8,46,2
24917,64,10,54,2
24918,70,6,64,2
24919,44,3,41,2
24920,56,9,47,2
24921,41,5,36,2
24922,55,9,46,2
24923,63,6,57,2
24924,40,4,36,2
24925,53,8,45,2
24926,53,6,47,2
24927,65,7,58,2
24928,53,6,47,2
24929,62,7,55,2
24930,56,3,53,2
24931,56,6,50,2
24932,50,12,38,2
24933,49,4,45,2
24934,46,6,40,2
24935,50,7,43,2
24936,52,5,47,2
24937,59,9,50,2
24938,48,8,40,2
24939,67,7,60,2
24940,74,8,66,2
24941,49,4,45,2
24942,56,5,51,2
24943,53,3,50,2
24944,63,6,57,2
24945,52,7,45,2
24946,60,6,54,2
24947,59,8,51,2
24948,61,13,48,2
24949,35,4,31,2
24950,60,10,50,2
24951,56,5,51,2
24952,59,4,55,2
24953,53,2,51,2
24954,46,4,42,2
24955,63,9,54,2
24956,69,8,61,2
24957,50,6,44,2
24958,54,7,47,2
24959,64,2,62,2
24960,58,10,48,2
24961,51,5,46,2
24962,56,7,49,2
24963,76,9,67,2
24964,58,7,51,2
24965,58,6,52,2
24966,46,10,36,2
24967,82,14,68,2
24968,68,5,63,2
24969,44,8,36,2
24970,59,5,54,2
24971,60,6,54,2
24972,42,5,37,2
24973,56,8,48,2
24974,57,8,49,2
24975,48,5,43,2
24976,48,1,47,2
24977,55,3,52,2
24978,52,10,42,2
24979,44,5,39,2
24980,55,9,46,2
24981,34,6,28,2
24982,59,7,52,2
24983,58,8,50,2
24984,54,8,46,2
24985,49,5,44,2
24986,62,5,57,2
24987,51,5,46,2
24988,56,5,51,2
24989,39,1,38,2
24990,48,2,46,2
24991,47,5,42,2
24992,58,7,51,2
24993,57,10,47,2
24994,59,11,48,2
24995,65,4,61,2
24996,52,5,47,2
24997,65,13,52,2
24998,52,5,47,2
24999,53,8,45,2
25000,51,5,46,2
25001,47,8,39,2
25002,60,10,50,2
25003,52,7,45,2
25004,64,4,60,2
25005,51,8,43,2
25006,65,6,59,2
25007,56,7,49,2
25008,57,7,50,2
25009,56,4,52,2
25010,35,2,33,2
25011,52,9,43,2
25012,54,3,51,2
25013,56,3,53,2
25014,59,3,56,2
25015,71,9,62,2
25016,45,8,37,2
25017,49,6,43,2
25018,52,8,44,2
25019,63,8,55,2
25020,57,5,52,2
25021,51,4,47,2
25022,49,9,40,2
25023,57,9,48,2
25024,57,7,50,2
25025,51,6,45,2
25026,56,4,52,2
25027,46,4,42,2
25028,56,6,50,2
25029,57,6,51,2
25030,51,8,43,2
25031,53,5,48,2
25032,50,2,48,2
25033,51,10,41,2
25034,56,6,50,2
25035,52,8,44,2
25036,52,4,48,2
25037,66,9,57,2
25038,60,11,49,2
25039,65,7,58,2
25040,55,3,52,2
25041,60,4,56,2
25042,64,6,58,2
25043,56,7,49,2
25044,55,4,51,2
25045,63,7,56,2
25046,48,6,42,2
25047,51,3,48,2
25048,54,8,46,2
25049,48,7,41,2
25050,53,7,46,2
25051,64,13,51,2
25052,49,7,42,2
25053,69,11,58,2
25054,52,6,46,2
25055,66,8,58,2
25056,67,6,61,2
25057,56,7,49,2
25058,44,3,41,2
25059,54,4,50,2
25060,51,4,47,2
25061,42,8,34,2
25062,53,7,46,2
25063,61,5,56,2
25064,49,5,44,2
25065,57,7,50,2
25066,52,6,46,2
25067,45,4,41,2
25068,58,10,48,2
25069,59,7,52,2
25070,54,5,49,2
25071,64,9,55,2
25072,55,6,49,2
25073,60,9,51,2
25074,54,9,45,2
25075,48,6,42,2
25076,57,8,49,2
25077,56,8,48,2
25078,55,7,48,2
25079,53,5,48,2
25080,70,2,68,2
25081,44,6,38,2
25082,58,7,51,2
25083,60,7,53,2
25084,61,8,53,2
25085,52,8,44,2
25086,60,4,56,2
25087,54,7,47,2
25088,47,3,44,2
25089,58,9,49,2
25090,65,8,57,2
25091,41,4,37,2
25092,61,8,53,2
25093,61,9,52,2
25094,48,6,42,2
25095,56,7,49,2
25096,44,8,36,2
25097,51,7,44,2
25098,58,10,48,2
25099,62,8,54,2
25100,51,6,45,2
25101,52,6,46,2
25102,56,3,53,2
25103,50,11,39,2
25104,62,8,54,2
25105,47,4,43,2
25106,47,6,41,2
25107,63,6,57,2
25108,60,4,56,2
25109,62,14,48,2
25110,53,8,45,2
25111,57,8,49,2
25112,47,6,41,2
25113,55,5,50,2
25114,55,2,53,2
25115,57,11,46,2
25116,54,8,46,2
25117,63,5,58,2
25118,58,6,52,2
25119,44,4,40,2
25120,61,4,57,2
25121,56,4,52,2
25122,46,6,40,2
25123,50,8,42,2
25124,56,9,47,2
25125,56,8,48,2
25126,48,6,42,2
25127,61,4,57,2
25128,55,4,51,2
25129,47,6,41,2
25130,37,5,32,2
25131,50,2,48,2
25132,47,7,40,2
25133,51,6,45,2
25134,51,3,48,2
25135,53,5,48,2
25136,57,9,48,2
25137,68,11,57,2
25138,55,5,50,2
25139,42,6,36,2
25140,55,7,48,2
25141,64,6,58,2
25142,62,6,56,2
25143,52,10,42,2
25144,52,4,48,2
25145,53,10,43,2
25146,69,4,65,2
25147,54,6,48,2
25148,55,8,47,2
25149,57,4,53,2
25150,53,5,48,2
25151,67,11,56,2
25152,44,6,38,2
25153,52,6,46,2
25154,65,11,54,2
25155,58,6,52,2
25156,45,1,44,2
25157,72,10,62,2
25158,50,3,47,2
25159,69,13,56,2
25160,48,7,41,2
25161,58,8,50,2
25162,60,8,52,2
25163,58,11,47,2
25164,48,7,41,2
25165,51,7,44,2
25166,53,9,44,2
25167,47,5,42,2
25168,52,7,45,2
25169,60,4,56,2
25170,67,8,59,2
25171,67,11,56,2
25172,40,2,38,2
25173,54,9,45,2
25174,48,2,46,2
25175,68,6,62,2
25176,55,9,46,2
25177,40,3,37,2
25178,46,7,39,2
25179,44,10,34,2
25180,62,7,55,2
25181,44,6,38,2
25182,52,4,48,2
25183,52,5,47,2
25184,60,6,54,2
25185,59,9,50,2
25186,48,6,42,2
25187,37,5,32,2
25188,53,2,51,2
25189,65,14,51,2
25190,56,5,51,2
25191,56,9,47,2
25192,50,9,41,2
25193,53,8,45,2
25194,52,5,47,2
25195,62,4,58,2
25196,37,6,31,2
25197,62,6,56,2
25198,42,6,36,2
25199,43,8,35,2
25200,58,7,51,2
25201,48,6,42,2
25202,55,6,49,2
25203,57,5,52,2
25204,61,5,56,2
25205,53,7,46,2
25206,62,7,55,2
25207,60,9,51,2
25208,55,9,46,2
25209,51,6,45,2
25210,49,0,49,1
25211,52,5,47,2
25212,51,3,48,2
25213,39,4,35,2
25214,72,11,61,2
25215,52,4,48,2
25216,64,7,57,2
25217,62,10,52,2
25218,73,8,65,2
25219,41,10,31,2
25220,53,5,48,2
25221,58,8,50,2
25222,62,6,56,2
25223,44,7,37,2
25224,65,10,55,2
25225,55,6,49,2
25226,50,7,43,2
25227,52,5,47,2
25228,56,5,51,2
25229,62,9,53,2
25230,57,5,52,2
25231,47,3,44,2
25232,49,3,46,2
25233,59,6,53,2
25234,51,6,45,2
25235,57,6,51,2
25236,63,9,54,2
25237,59,12,47,2
25238,62,7,55,2
25239,49,9,40,2
25240,66,9,57,2
25241,49,6,43,2
25242,52,4,48,2
25243,61,6,55,2
25244,63,6,57,2
25245,48,9,39,2
25246,47,6,41,2
25247,65,12,53,2
25248,56,7,49,2
25249,49,6,43,2
25250,58,10,48,2
25251,46,4,42,2
25252,63,2,61,2
25253,53,7,46,2
25254,64,6,58,2
25255,57,8,49,2
25256,71,4,67,2
25257,44,1,43,2
25258,69,6,63,2
25259,49,10,39,2
25260,47,7,40,2
25261,48,9,39,2
25262,56,6,50,2
25263,54,2,52,2
25264,56,9,47,2
25265,42,6,36,2
25266,57,4,53,2
25267,61,4,57,2
25268,66,4,62,2
25269,53,5,48,2
25270,65,7,58,2
25271,60,8,52,2
25272,57,2,55,2
25273,36,3,33,2
25274,53,9,44,2
25275,53,6,47,2
25276,46,5,41,2
25277,50,7,43,2
25278,51,4,47,2
25279,52,8,44,2
25280,65,8,57,2
25281,52,8,44,2
25282,55,7,48,2
25283,61,9,52,2
25284,53,7,46,2
25285,42,3,39,2
25286,52,8,44,2
25287,57,8,49,2
25288,63,4,59,2
25289,53,7,46,2
25290,65,5,60,2
25291,46,4,42,2
25292,57,6,51,2
25293,51,6,45,2
25294,71,9,62,2
25295,51,7,44,2
25296,72,7,65,2
25297,54,9,45,2
25298,64,11,53,2
25299,65,11,54,2
25300,58,8,50,2
25301,51,8,43,2
25302,51,9,42,2
25303,47,10,37,2
25304,50,7,43,2
25305,57,9,48,2
25306,46,5,41,2
25307,52,5,47,2
25308,67,7,60,2
25309,47,4,43,2
25310,46,8,38,2
25311,55,7,48,2
25312,60,4,56,2
25313,52,8,44,2
25314,49,6,43,2
25315,58,8,50,2
25316,53,8,45,2
25317,50,2,48,2
25318,55,12,43,2
25319,61,7,54,2
25320,56,10,46,2
25321,54,7,47,2
25322,41,7,34,2
25323,47,5,42,2
25324,40,4,36,2
25325,38,2,36,2
25326,50,5,45,2
25327,64,5,59,2
25328,56,6,50,2
25329,62,10,52,2
25330,48,5,43,2
25331,50,8,42,2
25332,64,9,55,2
25333,50,3,47,2
25334,59,5,54,2
25335,62,12,50,2
25336,48,3,45,2
25337,59,5,54,2
25338,42,4,38,2
25339,50,5,45,2
25340,57,8,49,2
25341,51,1,50,2
25342,64,12,52,2
25343,56,7,49,2
25344,52,6,46,2
25345,40,3,37,2
25346,43,10,33,2
25347,67,7,60,2
25348,43,5,38,2
25349,50,5,45,2
25350,62,10,52,2
25351,49,7,42,2
25352,55,7,48,2
25353,50,4,46,2
25354,44,6,38,2
25355,61,10,51,2
25356,57,6,51,2
25357,50,2,48,2
25358,56,9,47,2
25359,62,7,55,2
25360,68,3,65,2
25361,52,4,48,2
25362,61,7,54,2
25363,48,2,46,2
25364,57,8,49,2
25365,55,4,51,2
25366,37,7,30,2
25367,55,4,51,2
25368,47,4,43,2
25369,65,12,53,2
25370,72,9,63,2
25371,72,7,65,2
25372,62,6,56,2
25373,58,10,48,2
25374,59,5,54,2
25375,47,6,41,2
25376,55,7,48,2
25377,50,10,40,2
25378,45,7,38,2
25379,53,4,49,2
25380,49,8,41,2
25381,56,11,45,2
25382,54,8,46,2
25383,45,2,43,2
25384,44,8,36,2
25385,61,10,51,2
25386,54,14,40,2
25387,63,6,57,2
25388,55,6,49,2
25389,59,11,48,2
25390,51,8,43,2
25391,56,6,50,2
25392,56,8,48,2
25393,60,10,50,2
25394,43,6,37,2
25395,56,5,51,2
25396,46,4,42,2
25397,50,6,44,2
25398,41,5,36,2
25399,51,11,40,2
25400,54,5,49,2
25401,55,4,51,2
25402,49,3,46,2
25403,62,8,54,2
25404,54,10,44,2
25405,57,3,54,2
25406,53,8,45,2
25407,60,11,49,2
25408,58,9,49,2
25409,50,6,44,2
25410,59,7,52,2
25411,53,4,49,2
25412,53,5,48,2
25413,50,12,38,2
25414,55,7,48,2
25415,49,3,46,2
25416,54,8,46,2
25417,56,5,51,2
25418,52,8,44,2
25419,44,6,38,2
25420,56,7,49,2
25421,46,8,38,2
25422,55,7,48,2
25423,46,3,43,2
25424,39,7,32,2
25425,52,4,48,2
25426,43,5,38,2
25427,64,8,56,2
25428,48,10,38,2
25429,48,7,41,2
25430,44,10,34,2
25431,63,11,52,2
25432,48,8,40,2
25433,52,5,47,2
25434,48,6,42,2
25435,52,6,46,2
25436,55,9,46,2
25437,57,10,47,2
25438,54,7,47,2
25439,52,6,46,2
25440,63,6,57,2
25441,58,7,51,2
25442,49,6,43,2
25443,52,3,49,2
25444,78,14,64,2
25445,45,0,45,1
25446,61,10,51,2
25447,39,7,32,2
25448,47,5,42,2
25449,43,6,37,2
25450,46,6,40,2
25451,51,10,41,2
25452,44,6,38,2
25453,58,12,46,2
25454,52,4,48,2
25455,51,6,45,2
25456,60,5,55,2
25457,51,1,50,2
25458,47,6,41,2
25459,59,8,51,2
25460,49,7,42,2
25461,63,8,55,2
25462,52,2,50,2
25463,52,10,42,2
25464,49,7,42,2
25465,54,8,46,2
25466,55,6,49,2
25467,44,7,37,2
25468,53,9,44,2
25469,50,3,47,2
25470,55,6,49,2
25471,65,5,60,2
25472,49,2,47,2
25473,65,8,57,2
25474,45,5,40,2
25475,63,6,57,2
25476,65,7,58,2
25477,55,7,48,2
25478,44,3,41,2
25479,67,10,57,2
25480,57,6,51,2
25481,65,5,60,2
25482,58,8,50,2
25483,57,6,51,2
25484,55,6,49,2
25485,51,8,43,2
25486,55,9,46,2
25487,50,7,43,2
25488,53,9,44,2
25489,57,7,50,2
25490,52,5,47,2
25491,50,7,43,2
25492,66,7,59,2
25493,37,4,33,2
25494,57,2,55,2
25495,52,5,47,2
25496,72,7,65,2
25497,48,8,40,2
25498,49,6,43,2
25499,58,5,53,2
25500,48,4,44,2
25501,59,5,54,2
25502,48,4,44,2
25503,62,9,53,2
25504,58,6,52,2
25505,42,3,39,2
25506,58,3,55,2
25507,56,4,52,2
25508,53,5,48,2
25509,57,9,48,2
25510,59,8,51,2
25511,63,7,56,2
25512,47,6,41,2
25513,56,7,49,2
25514,56,9,47,2
25515,58,6,52,2
25516,45,4,41,2
25517,52,5,47,2
25518,51,1,50,2
25519,47,5,42,2
25520,59,8,51,2
25521,58,4,54,2
25522,48,6,42,2
25523,60,11,49,2
25524,50,10,40,2
25525,55,3,52,2
25526,49,5,44,2
25527,55,10,45,2
25528,64,8,56,2
25529,59,3,56,2
25530,54,5,49,2
25531,61,6,55,2
25532,60,5,55,2
25533,53,5,48,2
25534,65,10,55,2
25535,49,4,45,2
25536,42,5,37,2
25537,70,6,64,2
25538,67,6,61,2
25539,54,5,49,2
25540,59,2,57,2
25541,52,12,40,2
25542,49,2,47,2
25543,47,5,42,2
25544,55,11,44,2
25545,48,3,45,2
25546,53,11,42,2
25547,35,4,31,2
25548,57,3,54,2
25549,55,7,48,2
25550,52,3,49,2
25551,63,11,52,2
25552,65,3,62,2
25553,56,8,48,2
25554,42,6,36,2
25555,55,5,50,2
25556,50,2,48,2
25557,60,11,49,2
25558,45,7,38,2
25559,46,6,40,2
25560,58,5,53,2
25561,60,7,53,2
25562,58,7,51,2
25563,57,4,53,2
25564,71,11,60,2
25565,57,8,49,2
25566,58,7,51,2
25567,65,6,59,2
25568,50,5,45,2
25569,55,9,46,2
25570,54,5,49,2
25571,61,4,57,2
25572,57,8,49,2
25573,65,5,60,2
25574,58,5,53,2
25575,59,8,51,2
25576,43,7,36,2
25577,45,9,36,2
25578,53,7,46,2
25579,58,6,52,2
25580,41,4,37,2
25581,46,1,45,2
25582,53,6,47,2
25583,63,9,54,2
25584,51,4,47,2
25585,43,9,34,2
25586,52,8,44,2
25587,62,14,48,2
25588,52,4,48,2
25589,42,2,40,2
25590,58,8,50,2
25591,48,5,43,2
25592,53,5,48,2
25593,55,12,43,2
25594,56,4,52,2
25595,44,6,38,2
25596,54,6,48,2
25597,51,4,47,2
25598,46,8,38,2
25599,54,10,44,2
25600,60,4,56,2
25601,56,8,48,2
25602,53,8,45,2
25603,50,8,42,2
25604,65,6,59,2
25605,58,4,54,2
25606,53,6,47,2
25607,54,5,49,2
25608,52,6,46,2
25609,42,4,38,2
25610,54,4,50,2
25611,56,3,53,2
25612,37,4,33,2
25613,50,9,41,2
25614,46,7,39,2
25615,50,4,46,2
25616,51,9,42,2
25617,59,9,50,2
25618,76,11,65,2
25619,54,8,46,2
25620,62,10,52,2
25621,56,3,53,2
25622,52,3,49,2
25623,54,7,47,2
25624,60,4,56,2
25625,45,6,39,2
25626,45,4,41,2
25627,54,5,49,2
25628,55,7,48,2
25629,61,5,56,2
25630,62,7,55,2
25631,60,7,53,2
25632,52,5,47,2
25633,48,6,42,2
25634,61,6,55,2
25635,57,11,46,2
25636,59,7,52,2
25637,44,8,36,2
25638,53,4,49,2
25639,50,1,49,2
25640,56,3,53,2
25641,56,5,51,2
25642,52,3,49,2
25643,44,8,36,2
25644,40,6,34,2
25645,47,6,41,2
25646,53,4,49,2
25647,55,6,49,2
25648,52,4,48,2
25649,53,10,43,2
25650,56,6,50,2
25651,74,7,67,2
25652,70,12,58,2
25653,54,6,48,2
25654,59,6,53,2
25655,66,3,63,2
25656,64,13,51,2
25657,51,6,45,2
25658,51,5,46,2
25659,37,4,33,2
25660,58,7,51,2
25661,62,11,51,2
25662,47,6,41,2
25663,47,4,43,2
25664,55,7,48,2
25665,57,13,44,2
25666,62,7,55,2
25667,58,6,52,2
25668,52,11,41,2
25669,54,5,49,2
25670,55,5,50,2
25671,51,9,42,2
25672,74,14,60,2
25673,59,13,46,2
25674,59,8,51,2
25675,60,6,54,2
25676,41,2,39,2
25677,59,4,55,2
25678,45,6,39,2
25679,47,5,42,2
25680,60,9,51,2
25681,52,6,46,2
25682,55,5,50,2
25683,53,9,44,2
25684,50,3,47,2
25685,55,7,48,2
25686,51,4,47,2
25687,65,11,54,2
25688,55,10,45,2
25689,45,4,41,2
25690,53,10,43,2
25691,53,8,45,2
25692,50,3,47,2
25693,59,4,55,2
25694,53,10,43,2
25695,54,5,49,2
25696,54,3,51,2
25697,50,7,43,2
25698,57,4,53,2
25699,43,3,40,2
25700,53,6,47,2
25701,64,10,54,2
25702,60,10,50,2
25703,49,9,40,2
25704,58,8,50,2
25705,63,12,51,2
25706,49,4,45,2
25707,54,3,51,2
25708,62,10,52,2
25709,49,6,43,2
25710,48,1,47,2
25711,53,9,44,2
25712,44,5,39,2
25713,48,9,39,2
25714,48,5,43,2
25715,62,12,50,2
25716,61,10,51,2
25717,57,8,49,2
25718,61,7,54,2
25719,52,7,45,2
25720,46,7,39,2
25721,55,11,44,2
25722,61,14,47,2
25723,58,13,45,2
25724,62,9,53,2
25725,39,4,35,2
25726,67,5,62,2
25727,41,4,37,2
25728,50,8,42,2
25729,69,7,62,2
25730,40,5,35,2
25731,50,4,46,2
25732,48,7,41,2
25733,53,3,50,2
25734,64,11,53,2
25735,52,7,45,2
25736,43,7,36,2
25737,59,8,51,2
25738,52,5,47,2
25739,58,6,52,2
25740,55,9,46,2
25741,59,4,55,2
25742,55,2,53,2
25743,56,7,49,2
25744,54,5,49,2
25745,61,7,54,2
25746,61,9,52,2
25747,44,8,36,2
25748,53,2,51,2
25749,65,5,60,2
25750,42,4,38,2
25751,51,7,44,2
25752,63,7,56,2
25753,48,7,41,2
25754,59,8,51,2
25755,48,8,40,2
25756,55,10,45,2
25757,50,4,46,2
25758,42,4,38,2
25759,52,4,48,2
25760,60,6,54,2
25761,52,6,46,2
25762,48,3,45,2
25763,66,6,60,2
25764,58,6,52,2
25765,69,6,63,2
25766,49,1,48,2
25767,53,5,48,2
25768,54,10,44,2
25769,51,8,43,2
25770,58,8,50,2
25771,69,5,64,2
25772,57,10,47,2
25773,54,6,48,2
25774,61,8,53,2
25775,50,7,43,2
25776,68,13,55,2
25777,48,3,45,2
25778,53,7,46,2
25779,55,7,48,2
25780,45,8,37,2
25781,56,5,51,2
25782,55,8,47,2
25783,56,3,53,2
25784,43,4,39,2
25785,54,7,47,2
25786,62,6,56,2
25787,66,8,58,2
25788,43,5,38,2
25789,54,13,41,2
25790,48,6,42,2
25791,48,6,42,2
25792,51,5,46,2
25793,39,5,34,2
25794,53,5,48,2
25795,61,8,53,2
25796,50,4,46,2
25797,43,6,37,2
25798,39,7,32,2
25799,56,2,54,2
25800,45,6,39,2
25801,59,3,56,2
25802,54,11,43,2
25803,55,5,50,2
25804,53,6,47,2
25805,64,9,55,2
25806,40,8,32,2
25807,50,5,45,2
25808,63,4,59,2
25809,55,5,50,2
25810,63,8,55,2
25811,47,5,42,2
25812,42,6,36,2
25813,49,7,42,2
25814,68,7,61,2
25815,55,3,52,2
25816,51,5,46,2
25817,52,12,40,2
25818,48,4,44,2
25819,45,6,39,2
25820,36,5,31,2
25821,45,7,38,2
25822,64,8,56,2
25823,46,7,39,2
25824,59,4,55,2
25825,51,8,43,2
25826,63,5,58,2
25827,60,7,53,2
25828,60,7,53,2
25829,39,6,33,2
25830,48,7,41,2
25831,63,6,57,2
25832,50,7,43,2
25833,62,11,51,2
25834,43,4,39,2
25835,36,2,34,2
25836,53,6,47,2
25837,60,8,52,2
25838,62,3,59,2
25839,55,8,47,2
25840,47,6,41,2
25841,53,11,42,2
25842,55,5,50,2
25843,62,8,54,2
25844,56,13,43,2
25845,42,8,34,2
25846,63,6,57,2
25847,34,11,23,2
25848,53,9,44,2
25849,54,3,51,2
25850,39,3,36,2
25851,53,7,46,2
25852,59,4,55,2
25853,56,6,50,2
25854,58,5,53,2
25855,57,4,53,2
25856,57,6,51,2
25857,42,6,36,2
25858,50,6,44,2
25859,66,9,57,2
25860,47,6,41,2
25861,55,6,49,2
25862,55,4,51,2
25863,61,11,50,2
25864,75,13,62,2
25865,67,11,56,2
25866,55,7,48,2
25867,53,4,49,2
25868,62,7,55,2
25869,63,12,51,2
25870,57,8,49,2
25871,52,6,46,2
25872,44,10,34,2
25873,64,7,57,2
25874,45,6,39,2
25875,56,6,50,2
25876,68,11,57,2
25877,54,4,50,2
25878,48,8,40,2
25879,54,5,49,2
25880,67,15,52,2
25881,53,9,44,2
25882,61,8,53,2
25883,52,11,41,2
25884,57,14,43,2
25885,41,9,32,2
25886,59,7,52,2
25887,44,4,40,2
25888,59,6,53,2
25889,51,4,47,2
25890,59,5,54,2
25891,50,3,47,2
25892,50,6,44,2
25893,49,4,45,2
25894,46,3,43,2
25895,57,9,48,2
25896,59,8,51,2
25897,48,8,40,2
25898,61,5,56,2
25899,63,12,51,2
25900,49,7,42,2
25901,56,10,46,2
25902,51,4,47,2
25903,49,9,40,2
25904,51,4,47,2
25905,50,6,44,2
25906,48,2,46,2
25907,54,6,48,2
25908,54,7,47,2
25909,57,4,53,2
25910,54,7,47,2
25911,45,7,38,2
25912,49,9,40,2
25913,52,2,50,2
25914,61,9,52,2
25915,62,7,55,2
25916,52,8,44,2
25917,54,7,47,2
25918,51,9,42,2
25919,49,5,44,2
25920,56,3,53,2
25921,71,5,66,2
25922,57,7,50,2
25923,52,7,45,2
25924,60,7,53,2
25925,55,7,48,2
25926,44,8,36,2
25927,50,3,47,2
25928,46,9,37,2
25929,60,9,51,2
25930,54,4,50,2
25931,37,7,30,2
25932,51,7,44,2
25933,45,7,38,2
25934,38,7,31,2
25935,51,3,48,2
25936,51,6,45,2
25937,49,7,42,2
25938,44,5,39,2
25939,50,3,47,2
25940,53,7,46,2
25941,62,6,56,2
25942,47,6,41,2
25943,58,8,50,2
25944,56,3,53,2
25945,56,4,52,2
25946,59,4,55,2
25947,63,13,50,2
25948,55,5,50,2
25949,42,7,35,2
25950,65,9,56,2
25951,57,9,48,2
25952,64,5,59,2
25953,42,6,36,2
25954,49,7,42,2
25955,62,5,57,2
25956,42,5,37,2
25957,48,7,41,2
25958,60,6,54,2
25959,57,7,50,2
25960,54,7,47,2
25961,58,7,51,2
25962,66,7,59,2
25963,60,8,52,2
25964,54,4,50,2
25965,68,12,56,2
25966,59,7,52,2
25967,52,7,45,2
25968,65,6,59,2
25969,69,11,58,2
25970,50,7,43,2
25971,62,13,49,2
25972,48,3,45,2
25973,51,6,45,2
25974,74,8,66,2
25975,63,3,60,2
25976,40,5,35,2
25977,51,3,48,2
25978,56,6,50,2
25979,52,8,44,2
25980,61,6,55,2
25981,54,8,46,2
25982,58,3,55,2
25983,49,8,41,2
25984,52,4,48,2
25985,61,9,52,2
25986,64,11,53,2
25987,33,2,31,2
25988,58,9,49,2
25989,46,6,40,2
25990,46,10,36,2
25991,52,6,46,2
25992,61,9,52,2
25993,62,5,57,2
25994,63,8,55,2
25995,58,3,55,2
25996,50,6,44,2
25997,52,7,45,2
25998,45,6,39,2
25999,44,7,37,2
26000,64,7,57,2
26001,55,5,50,2
26002,54,6,48,2
26003,45,1,44,2
26004,50,6,44,2
26005,39,4,35,2
26006,51,6,45,2
26007,65,6,59,2
26008,65,8,57,2
26009,57,4,53,2
26010,49,6,43,2
26011,51,2,49,2
26012,58,8,50,2
26013,56,13,43,2
26014,54,8,46,2
26015,56,8,48,2
26016,58,2,56,2
26017,52,6,46,2
26018,59,4,55,2
26019,61,8,53,2
26020,58,4,54,2
26021,58,6,52,2
26022,60,10,50,2
26023,60,8,52,2
26024,60,6,54,2
26025,58,9,49,2
26026,63,9,54,2
26027,57,6,51,2
26028,50,11,39,2
26029,52,8,44,2
26030,50,5,45,2
26031,60,9,51,2
26032,47,7,40,2
26033,54,3,51,2
26034,68,5,63,2
26035,45,7,38,2
26036,52,5,47,2
26037,61,7,54,2
26038,70,9,61,2
26039,54,6,48,2
26040,74,9,65,2
26041,58,6,52,2
26042,48,7,41,2
26043,53,11,42,2
26044,56,7,49,2
26045,55,8,47,2
26046,45,6,39,2
26047,46,5,41,2
26048,55,3,52,2
26049,67,4,63,2
26050,56,8,48,2
26051,54,7,47,2
26052,59,3,56,2
26053,57,7,50,2
26054,54,7,47,2
26055,55,5,50,2
26056,57,9,48,2
26057,61,12,49,2
26058,61,6,55,2
26059,51,5,46,2
26060,54,7,47,2
26061,53,6,47,2
26062,50,4,46,2
26063,52,6,46,2
26064,45,7,38,2
26065,53,7,46,2
26066,46,8,38,2
26067,58,10,48,2
26068,56,6,50,2
26069,64,9,55,2
26070,47,8,39,2
26071,51,7,44,2
26072,37,5,32,2
26073,54,8,46,2
26074,50,5,45,2
26075,33,2,31,2
26076,55,5,50,2
26077,53,6,47,2
26078,48,6,42,2
26079,53,7,46,2
26080,70,6,64,2
26081,42,6,36,2
26082,43,5,38,2
26083,57,5,52,2
26084,54,5,49,2
26085,64,6,58,2
26086,58,9,49,2
26087,56,12,44,2
26088,49,10,39,2
26089,49,4,45,2
26090,51,4,47,2
26091,62,3,59,2
26092,37,7,30,2
26093,62,12,50,2
26094,60,7,53,2
26095,61,6,55,2
26096,54,4,50,2
26097,46,8,38,2
26098,48,7,41,2
26099,43,3,40,2
26100,42,5,37,2
26101,45,4,41,2
26102,53,7,46,2
26103,62,10,52,2
26104,46,5,41,2
26105,50,5,45,2
26106,55,7,48,2
26107,59,7,52,2
26108,50,9,41,2
26109,60,10,50,2
26110,45,6,39,2
26111,54,5,49,2
26112,44,4,40,2
26113,58,8,50,2
26114,39,8,31,2
26115,47,5,42,2
26116,50,6,44,2
26117,58,7,51,2
26118,38,4,34,2
26119,48,4,44,2
26120,54,4,50,2
26121,46,3,43,2
26122,52,7,45,2
26123,58,10,48,2
26124,68,4,64,2
26125,49,8,41,2
26126,42,2,40,2
26127,53,5,48,2
26128,49,7,42,2
26129,48,6,42,2
26130,54,9,45,2
26131,47,4,43,2
26132,65,8,57,2
26133,43,3,40,2
26134,62,7,55,2
26135,62,8,54,2
26136,54,9,45,2
26137,41,4,37,2
26138,61,7,54,2
26139,66,6,60,2
26140,36,8,28,2
26141,61,3,58,2
26142,50,4,46,2
26143,48,7,41,2
26144,52,6,46,2
26145,63,8,55,2
26146,52,9,43,2
26147,66,4,62,2
26148,42,4,38,2
26149,45,3,42,2
26150,50,7,43,2
26151,60,7,53,2
26152,46,8,38,2
26153,56,6,50,2
26154,51,11,40,2
26155,54,8,46,2
26156,46,2,44,2
26157,77,12,65,2
26158,55,6,49,2
26159,62,12,50,2
26160,54,9,45,2
26161,51,5,46,2
26162,49,8,41,2
26163,60,9,51,2
26164,46,5,41,2
26165,53,9,44,2
26166,64,7,57,2
26167,55,5,50,2
26168,50,8,42,2
26169,49,3,46,2
26170,55,8,47,2
26171,55,5,50,2
26172,62,5,57,2
26173,63,6,57,2
26174,56,7,49,2
26175,46,2,44,2
26176,55,5,50,2
26177,59,3,56,2
26178,60,9,51,2
26179,71,8,63,2
26180,58,11,47,2
26181,36,6,30,2
26182,72,15,57,2
26183,62,8,54,2
26184,62,8,54,2
26185,56,9,47,2
26186,62,11,51,2
26187,60,5,55,2
26188,53,5,48,2
26189,44,2,42,2
26190,55,2,53,2
26191,56,8,48,2
26192,50,7,43,2
26193,65,10,55,2
26194,41,3,38,2
26195,53,8,45,2
26196,52,9,43,2
26197,49,8,41,2
26198,50,9,41,2
26199,53,5,48,2
26200,61,5,56,2
26201,59,3,56,2
26202,68,9,59,2
26203,63,2,61,2
26204,63,8,55,2
26205,55,12,43,2
26206,65,8,57,2
26207,55,8,47,2
26208,59,3,56,2
26209,59,8,51,2
26210,50,4,46,2
26211,49,8,41,2
26212,56,9,47,2
26213,37,6,31,2
26214,34,0,34,1
26215,52,4,48,2
26216,48,5,43,2
26217,59,9,50,2
26218,54,10,44,2
26219,34,6,28,2
26220,52,11,41,2
26221,59,9,50,2
26222,61,3,58,2
26223,62,3,59,2
26224,51,6,45,2
26225,54,5,49,2
26226,59,7,52,2
26227,65,8,57,2
26228,53,7,46,2
26229,53,7,46,2
26230,46,7,39,2
26231,66,3,63,2
26232,44,7,37,2
26233,46,1,45,2
26234,72,6,66,2
26235,73,6,67,2
26236,42,4,38,2
26237,65,7,58,2
26238,44,7,37,2
26239,55,7,48,2
26240,57,7,50,2
26241,60,4,56,2
26242,66,11,55,2
26243,45,4,41,2
26244,50,5,45,2
26245,49,3,46,2
26246,55,8,47,2
26247,66,9,57,2
26248,63,8,55,2
26249,50,6,44,2
26250,52,7,45,2
26251,57,4,53,2
26252,58,9,49,2
26253,64,8,56,2
26254,63,3,60,2
26255,52,6,46,2
26256,50,9,41,2
26257,40,4,36,2
26258,51,7,44,2
26259,45,11,34,2
26260,55,8,47,2
26261,53,9,44,2
26262,52,3,49,2
26263,40,1,39,2
26264,54,5,49,2
26265,54,8,46,2
26266,51,8,43,2
26267,56,7,49,2
26268,53,3,50,2
26269,61,8,53,2
26270,43,5,38,2
26271,50,2,48,2
26272,64,12,52,2
26273,51,10,41,2
26274,51,7,44,2
26275,62,7,55,2
26276,62,8,54,2
26277,42,6,36,2
26278,57,15,42,2
26279,43,2,41,2
26280,50,3,47,2
26281,67,9,58,2
26282,47,7,40,2
26283,57,4,53,2
26284,41,4,37,2
26285,56,7,49,2
26286,54,10,44,2
26287,51,6,45,2
26288,54,6,48,2
26289,62,7,55,2
26290,56,7,49,2
26291,60,8,52,2
26292,57,7,50,2
26293,54,5,49,2
26294,53,6,47,2
26295,57,4,53,2
26296,58,5,53,2
26297,52,5,47,2
26298,58,9,49,2
26299,49,9,40,2
26300,44,7,37,2
26301,61,9,52,2
26302,52,8,44,2
26303,58,5,53,2
26304,51,5,46,2
26305,48,12,36,2
26306,59,10,49,2
26307,52,3,49,2
26308,56,6,50,2
26309,49,5,44,2
26310,55,6,49,2
26311,59,9,50,2
26312,57,3,54,2
26313,45,3,42,2
26314,66,10,56,2
26315,64,5,59,2
26316,63,9,54,2
26317,59,10,49,2
26318,58,4,54,2
26319,61,6,55,2
26320,42,4,38,2
26321,44,5,39,2
26322,46,12,34,2
26323,54,6,48,2
26324,47,1,46,2
26325,54,8,46,2
26326,47,5,42,2
26327,63,3,60,2
26328,42,3,39,2
26329,47,6,41,2
26330,61,8,53,2
26331,52,8,44,2
26332,49,4,45,2
26333,61,11,50,2
26334,48,6,42,2
26335,48,12,36,2
26336,53,6,47,2
26337,69,11,58,2
26338,53,6,47,2
26339,62,7,55,2
26340,48,4,44,2
26341,44,6,38,2
26342,61,6,55,2
26343,44,7,37,2
26344,48,7,41,2
26345,40,4,36,2
26346,57,12,45,2
26347,54,6,48,2
26348,53,4,49,2
26349,51,4,47,2
26350,68,7,61,2
26351,62,5,57,2
26352,64,5,59,2
26353,58,5,53,2
26354,43,9,34,2
26355,58,9,49,2
26356,64,10,54,2
26357,40,7,33,2
26358,47,6,41,2
26359,54,9,45,2
26360,63,10,53,2
26361,45,1,44,2
26362,54,5,49,2
26363,54,11,43,2
26364,53,8,45,2
26365,60,9,51,2
26366,61,8,53,2
26367,52,8,44,2
26368,54,5,49,2
26369,59,3,56,2
26370,55,5,50,2
26371,52,6,46,2
26372,64,9,55,2
26373,46,6,40,2
26374,58,6,52,2
26375,56,12,44,2
26376,55,8,47,2
26377,58,6,52,2
26378,63,10,53,2
26379,69,7,62,2
26380,52,7,45,2
26381,48,3,45,2
26382,62,6,56,2
26383,52,7,45,2
26384,52,5,47,2
26385,54,6,48,2
26386,56,7,49,2
26387,43,2,41,2
26388,43,5,38,2
26389,63,4,59,2
26390,57,10,47,2
26391,58,8,50,2
26392,43,2,41,2
26393,56,5,51,2
26394,50,6,44,2
26395,50,4,46,2
26396,70,10,60,2
26397,75,7,68,2
26398,55,10,45,2
26399,51,3,48,2
26400,56,5,51,2
26401,69,11,58,2
26402,64,5,59,2
26403,47,6,41,2
26404,57,6,51,2
26405,68,7,61,2
26406,53,6,47,2
26407,58,9,49,2
26408,38,2,36,2
26409,51,3,48,2
26410,62,9,53,2
26411,51,5,46,2
26412,47,2,45,2
26413,54,4,50,2
26414,42,4,38,2
26415,57,5,52,2
26416,50,8,42,2
26417,68,5,63,2
26418,59,12,47,2
26419,45,3,42,2
26420,56,5,51,2
26421,58,4,54,2
26422,47,9,38,2
26423,38,6,32,2
26424,63,8,55,2
26425,45,8,37,2
26426,53,6,47,2
26427,48,4,44,2
26428,74,10,64,2
26429,52,4,48,2
26430,52,8,44,2
26431,59,12,47,2
26432,63,7,56,2
26433,49,7,42,2
26434,61,8,53,2
26435,77,8,69,2
26436,57,6,51,2
26437,53,6,47,2
26438,52,3,49,2
26439,60,3,57,2
26440,48,6,42,2
26441,47,4,43,2
26442,41,4,37,2
26443,46,4,42,2
26444,47,7,40,2
26445,61,6,55,2
26446,53,6,47,2
26447,66,8,58,2
26448,57,12,45,2
26449,66,5,61,2
26450,48,4,44,2
26451,58,4,54,2
26452,50,6,44,2
26453,60,12,48,2
26454,61,3,58,2
26455,60,7,53,2
26456,76,13,63,2
26457,54,8,46,2
26458,70,9,61,2
26459,60,7,53,2
26460,59,4,55,2
26461,56,15,41,2
26462,50,11,39,2
26463,42,6,36,2
26464,51,6,45,2
26465,49,8,41,2
26466,50,5,45,2
26467,45,5,40,2
26468,58,6,52,2
26469,54,9,45,2
26470,56,7,49,2
26471,55,1,54,2
26472,47,3,44,2
26473,50,5,45,2
26474,70,4,66,2
26475,55,7,48,2
26476,54,7,47,2
26477,48,5,43,2
26478,63,5,58,2
26479,54,6,48,2
26480,57,4,53,2
26481,51,6,45,2
26482,58,4,54,2
26483,66,10,56,2
26484,39,2,37,2
26485,52,5,47,2
26486,53,5,48,2
26487,56,6,50,2
26488,38,6,32,2
26489,55,8,47,2
26490,47,6,41,2
26491,53,7,46,2
26492,64,7,57,2
26493,47,5,42,2
26494,51,7,44,2
26495,60,12,48,2
26496,53,8,45,2
26497,57,5,52,2
26498,60,5,55,2
26499,57,3,54,2
26500,43,2,41,2
26501,62,5,57,2
26502,51,5,46,2
26503,58,5,53,2
26504,43,2,41,2
26505,50,5,45,2
26506,62,4,58,2
26507,62,7,55,2
26508,55,9,46,2
26509,65,5,60,2
26510,48,6,42,2
26511,54,3,51,2
26512,55,6,49,2
26513,45,2,43,2
26514,56,6,50,2
26515,37,4,33,2
26516,62,11,51,2
26517,53,5,48,2
26518,57,7,50,2
26519,62,12,50,2
26520,56,6,50,2
26521,48,4,44,2
26522,47,7,40,2
26523,63,10,53,2
26524,66,10,56,2
26525,61,11,50,2
26526,53,4,49,2
26527,55,3,52,2
26528,53,6,47,2
26529,52,8,44,2
26530,47,7,40,2
26531,47,5,42,2
26532,57,5,52,2
26533,55,4,51,2
26534,56,8,48,2
26535,57,7,50,2
26536,77,12,65,2
26537,47,8,39,2
26538,52,6,46,2
26539,41,1,40,2
26540,58,5,53,2
26541,54,4,50,2
26542,44,6,38,2
26543,44,2,42,2
26544,51,6,45,2
26545,55,2,53,2
26546,60,8,52,2
26547,52,2,50,2
26548,43,3,40,2
26549,62,9,53,2
26550,54,4,50,2
26551,47,4,43,2
26552,52,5,47,2
26553,45,5,40,2
26554,44,6,38,2
26555,52,6,46,2
26556,64,11,53,2
26557,50,8,42,2
26558,53,4,49,2
26559,53,8,45,2
26560,59,6,53,2
26561,54,6,48,2
26562,55,4,51,2
26563,42,3,39,2
26564,53,6,47,2
26565,60,4,56,2
26566,57,11,46,2
26567,57,8,49,2
26568,42,7,35,2
26569,54,7,47,2
26570,61,11,50,2
26571,60,5,55,2
26572,46,8,38,2
26573,47,6,41,2
26574,54,3,51,2
26575,61,4,57,2
26576,49,7,42,2
26577,57,7,50,2
26578,55,7,48,2
26579,44,5,39,2
26580,55,7,48,2
26581,52,5,47,2
26582,40,4,36,2
26583,45,3,42,2
26584,51,11,40,2
26585,57,5,52,2
26586,61,10,51,2
26587,45,1,44,2
26588,54,4,50,2
26589,31,3,28,2
26590,55,4,51,2
26591,54,7,47,2
26592,41,5,36,2
26593,51,5,46,2
26594,54,6,48,2
26595,47,3,44,2
26596,51,7,44,2
26597,51,5,46,2
26598,44,6,38,2
26599,62,9,53,2
26600,55,7,48,2
26601,33,3,30,2
26602,37,3,34,2
26603,58,7,51,2
26604,44,4,40,2
26605,40,5,35,2
26606,59,10,49,2
26607,44,5,39,2
26608,67,8,59,2
26609,64,8,56,2
26610,57,11,46,2
26611,60,4,56,2
26612,48,4,44,2
26613,52,2,50,2
26614,50,8,42,2
26615,74,4,70,2
26616,46,5,41,2
26617,51,4,47,2
26618,55,7,48,2
26619,53,13,40,2
26620,53,6,47,2
26621,46,4,42,2
26622,40,5,35,2
26623,47,8,39,2
26624,40,5,35,2
26625,38,3,35,2
26626,63,9,54,2
26627,55,4,51,2
26628,58,6,52,2
26629,52,2,50,2
26630,54,2,52,2
26631,54,14,40,2
26632,55,7,48,2
26633,57,9,48,2
26634,50,4,46,2
26635,53,7,46,2
26636,66,11,55,2
26637,56,8,48,2
26638,54,7,47,2
26639,60,4,56,2
26640,68,6,62,2
26641,53,2,51,2
26642,50,7,43,2
26643,45,5,40,2
26644,41,4,37,2
26645,63,3,60,2
26646,50,5,45,2
26647,53,11,42,2
26648,47,5,42,2
26649,46,8,38,2
26650,63,12,51,2
26651,51,5,46,2
26652,57,3,54,2
26653,43,4,39,2
26654,55,8,47,2
26655,38,3,35,2
26656,40,3,37,2
26657,60,8,52,2
26658,49,5,44,2
26659,45,7,38,2
26660,56,11,45,2
26661,62,9,53,2
26662,40,3,37,2
26663,51,6,45,2
26664,44,5,39,2
26665,47,11,36,2
26666,44,6,38,2
26667,55,5,50,2
26668,53,7,46,2
26669,35,6,29,2
26670,48,7,41,2
26671,49,10,39,2
26672,63,7,56,2
26673,50,5,45,2
26674,60,9,51,2
26675,41,3,38,2
26676,63,6,57,2
26677,50,12,38,2
26678,68,9,59,2
26679,43,2,41,2
26680,49,4,45,2
26681,40,8,32,2
26682,61,9,52,2
26683,52,6,46,2
26684,66,7,59,2
26685,48,6,42,2
26686,55,7,48,2
26687,49,9,40,2
26688,64,5,59,2
26689,54,9,45,2
26690,55,9,46,2
26691,47,4,43,2
26692,63,4,59,2
26693,45,7,38,2
26694,44,3,41,2
26695,62,4,58,2
26696,68,8,60,2
26697,54,6,48,2
26698,61,8,53,2
26699,62,8,54,2
26700,48,9,39,2
26701,48,5,43,2
26702,61,8,53,2
26703,53,5,48,2
26704,56,3,53,2
26705,60,8,52,2
26706,48,4,44,2
26707,57,10,47,2
26708,54,9,45,2
26709,56,10,46,2
26710,64,8,56,2
26711,46,10,36,2
26712,48,8,40,2
26713,60,6,54,2
26714,50,7,43,2
26715,56,9,47,2
26716,55,5,50,2
26717,57,5,52,2
26718,52,4,48,2
26719,51,8,43,2
26720,54,5,49,2
26721,49,6,43,2
26722,59,6,53,2
26723,71,12,59,2
26724,53,9,44,2
26725,56,4,52,2
26726,56,6,50,2
26727,46,8,38,2
26728,53,4,49,2
26729,61,7,54,2
26730,43,8,35,2
26731,48,5,43,2
26732,57,4,53,2
26733,49,6,43,2
26734,61,9,52,2
26735,57,1,56,2
26736,48,4,44,2
26737,43,5,38,2
26738,58,8,50,2
26739,69,6,63,2
26740,55,9,46,2
26741,59,3,56,2
26742,56,7,49,2
26743,51,6,45,2
26744,61,8,53,2
26745,58,9,49,2
26746,53,7,46,2
26747,64,3,61,2
26748,48,10,38,2
26749,62,9,53,2
26750,45,5,40,2
26751,44,8,36,2
26752,51,7,44,2
26753,47,6,41,2
26754,54,8,46,2
26755,54,5,49,2
26756,46,6,40,2
26757,53,5,48,2
26758,48,6,42,2
26759,45,5,40,2
26760,57,8,49,2
26761,41,4,37,2
26762,43,5,38,2
26763,56,7,49,2
26764,64,9,55,2
26765,46,7,39,2
26766,52,5,47,2
26767,59,6,53,2
26768,50,4,46,2
26769,58,7,51,2
26770,51,6,45,2
26771,43,6,37,2
26772,48,7,41,2
26773,49,9,40,2
26774,56,7,49,2
26775,52,7,45,2
26776,58,9,49,2
26777,57,10,47,2
26778,57,5,52,2
26779,53,5,48,2
26780,69,3,66,2
26781,54,1,53,2
26782,57,9,48,2
26783,46,11,35,2
26784,56,6,50,2
26785,46,5,41,2
26786,67,9,58,2
26787,42,7,35,2
26788,60,6,54,2
26789,45,4,41,2
26790,56,12,44,2
26791,56,6,50,2
26792,50,6,44,2
26793,64,7,57,2
26794,46,8,38,2
26795,55,5,50,2
26796,42,3,39,2
26797,58,7,51,2
26798,48,7,41,2
26799,58,4,54,2
26800,61,6,55,2
26801,55,10,45,2
26802,56,11,45,2
26803,47,4,43,2
26804,65,5,60,2
26805,53,3,50,2
26806,53,4,49,2
26807,68,10,58,2
26808,42,2,40,2
26809,54,6,48,2
26810,63,8,55,2
26811,55,6,49,2
26812,53,5,48,2
26813,62,7,55,2
26814,44,4,40,2
26815,55,5,50,2
26816,55,2,53,2
26817,47,3,44,2
26818,60,7,53,2
26819,52,3,49,2
26820,56,4,52,2
26821,47,5,42,2
26822,55,5,50,2
26823,73,5,68,2
26824,40,4,36,2
26825,55,6,49,2
26826,53,3,50,2
26827,48,5,43,2
26828,57,5,52,2
26829,50,3,47,2
26830,61,11,50,2
26831,46,4,42,2
26832,53,9,44,2
26833,52,9,43,2
26834,54,6,48,2
26835,59,8,51,2
26836,37,4,33,2
26837,58,6,52,2
26838,57,9,48,2
26839,58,5,53,2
26840,66,5,61,2
26841,55,8,47,2
26842,58,11,47,2
26843,49,3,46,2
26844,46,6,40,2
26845,64,6,58,2
26846,53,2,51,2
26847,58,9,49,2
26848,54,5,49,2
26849,53,5,48,2
26850,42,3,39,2
26851,43,6,37,2
26852,42,2,40,2
26853,56,6,50,2
26854,66,9,57,2
26855,65,8,57,2
26856,57,8,49,2
26857,53,4,49,2
26858,47,5,42,2
26859,56,8,48,2
26860,53,7,46,2
26861,68,9,59,2
26862,50,7,43,2
26863,48,9,39,2
26864,60,7,53,2
26865,47,4,43,2
26866,54,12,42,2
26867,59,6,53,2
26868,45,6,39,2
26869,45,7,38,2
26870,42,5,37,2
26871,64,6,58,2
26872,53,7,46,2
26873,48,5,43,2
26874,38,5,33,2
26875,57,8,49,2
26876,61,10,51,2
26877,70,10,60,2
26878,51,7,44,2
26879,61,8,53,2
26880,50,7,43,2
26881,54,10,44,2
26882,62,5,57,2
26883,49,3,46,2
26884,52,11,41,2
26885,57,10,47,2
26886,49,9,40,2
26887,50,4,46,2
26888,56,4,52,2
26889,48,5,43,2
26890,62,5,57,2
26891,51,1,50,2
26892,48,7,41,2
26893,56,8,48,2
26894,58,5,53,2
26895,55,6,49,2
26896,56,8,48,2
26897,58,5,53,2
26898,48,8,40,2
26899,54,5,49,2
26900,53,6,47,2
26901,66,9,57,2
26902,53,10,43,2
26903,49,5,44,2
26904,40,5,35,2
26905,51,3,48,2
26906,55,6,49,2
26907,52,9,43,2
26908,62,6,56,2
26909,58,12,46,2
26910,69,5,64,2
26911,60,4,56,2
26912,59,7,52,2
26913,45,2,43,2
26914,63,9,54,2
26915,76,4,72,2
26916,51,8,43,2
26917,53,5,48,2
26918,51,4,47,2
26919,62,12,50,2
26920,54,5,49,2
26921,64,7,57,2
26922,67,10,57,2
26923,56,6,50,2
26924,41,6,35,2
26925,69,7,62,2
26926,53,7,46,2
26927,43,5,38,2
26928,44,4,40,2
26929,65,8,57,2
26930,58,10,48,2
26931,49,5,44,2
26932,67,8,59,2
26933,61,9,52,2
26934,53,7,46,2
26935,55,5,50,2
26936,53,7,46,2
26937,44,3,41,2
26938,52,5,47,2
26939,53,5,48,2
26940,45,6,39,2
26941,49,5,44,2
26942,58,3,55,2
26943,52,6,46,2
26944,67,8,59,2
26945,55,7,48,2
26946,62,4,58,2
26947,52,4,48,2
26948,56,4,52,2
26949,51,3,48,2
26950,77,10,67,2
26951,43,5,38,2
26952,53,5,48,2
26953,45,3,42,2
26954,53,10,43,2
26955,52,6,46,2
26956,53,4,49,2
26957,44,8,36,2
26958,71,17,54,2
26959,56,10,46,2
26960,45,2,43,2
26961,48,6,42,2
26962,48,6,42,2
26963,54,4,50,2
26964,64,8,56,2
26965,40,4,36,2
26966,57,4,53,2
26967,43,5,38,2
26968,59,7,52,2
26969,48,10,38,2
26970,63,8,55,2
26971,71,9,62,2
26972,57,6,51,2
26973,54,4,50,2
26974,36,3,33,2
26975,70,8,62,2
26976,45,6,39,2
26977,50,4,46,2
26978,56,9,47,2
26979,62,6,56,2
26980,55,7,48,2
26981,58,9,49,2
26982,50,7,43,2
26983,55,6,49,2
26984,47,9,38,2
26985,49,5,44,2
26986,45,6,39,2
26987,54,3,51,2
26988,61,5,56,2
26989,57,6,51,2
26990,54,6,48,2
26991,51,8,43,2
26992,39,5,34,2
26993,61,10,51,2
26994,57,8,49,2
26995,55,12,43,2
26996,47,14,33,2
26997,42,5,37,2
26998,66,7,59,2
26999,59,8,51,2
27000,55,13,42,2
27001,57,9,48,2
27002,56,5,51,2
27003,68,12,56,2
27004,53,6,47,2
27005,47,3,44,2
27006,51,10,41,2
27007,62,10,52,2
27008,49,11,38,2
27009,50,4,46,2
27010,57,6,51,2
27011,59,5,54,2
27012,36,4,32,2
27013,51,11,40,2
27014,56,8,48,2
27015,64,7,57,2
27016,44,3,41,2
27017,49,8,41,2
27018,51,2,49,2
27019,55,8,47,2
27020,54,7,47,2
27021,46,7,39,2
27022,71,9,62,2
27023,50,5,45,2
27024,45,8,37,2
27025,64,8,56,2
27026,59,10,49,2
27027,69,8,61,2
27028,62,6,56,2
27029,67,4,63,2
27030,65,10,55,2
27031,62,6,56,2
27032,60,8,52,2
27033,52,4,48,2
27034,60,8,52,2
27035,46,6,40,2
27036,57,2,55,2
27037,45,6,39,2
27038,49,8,41,2
27039,51,7,44,2
27040,55,5,50,2
27041,62,9,53,2
27042,41,6,35,2
27043,58,11,47,2
27044,44,8,36,2
27045,57,4,53,2
27046,49,9,40,2
27047,51,3,48,2
27048,53,9,44,2
27049,55,4,51,2
27050,56,6,50,2
27051,67,13,54,2
27052,49,3,46,2
27053,60,8,52,2
27054,54,6,48,2
27055,63,4,59,2
27056,43,3,40,2
27057,53,4,49,2
27058,58,11,47,2
27059,39,9,30,2
27060,48,3,45,2
27061,52,7,45,2
27062,61,4,57,2
27063,50,4,46,2
27064,56,3,53,2
27065,58,7,51,2
27066,55,4,51,2
27067,59,6,53,2
27068,34,1,33,2
27069,34,4,30,2
27070,59,7,52,2
27071,70,8,62,2
27072,65,6,59,2
27073,64,4,60,2
27074,64,4,60,2
27075,47,6,41,2
27076,60,4,56,2
27077,58,7,51,2
27078,61,6,55,2
27079,45,11,34,2
27080,60,9,51,2
27081,52,3,49,2
27082,37,3,34,2
27083,46,5,41,2
27084,41,2,39,2
27085,56,6,50,2
27086,53,6,47,2
27087,50,10,40,2
27088,71,9,62,2
27089,54,12,42,2
27090,70,9,61,2
27091,53,7,46,2
27092,50,8,42,2
27093,38,3,35,2
27094,58,5,53,2
27095,59,12,47,2
27096,49,10,39,2
27097,59,9,50,2
27098,47,7,40,2
27099,44,4,40,2
27100,50,0,50,1
27101,50,3,47,2
27102,64,4,60,2
27103,47,4,43,2
27104,62,10,52,2
27105,48,7,41,2
27106,48,9,39,2
27107,61,8,53,2
27108,48,7,41,2
27109,35,6,29,2
27110,40,6,34,2
27111,43,5,38,2
27112,56,9,47,2
27113,52,10,42,2
27114,44,6,38,2
27115,42,5,37,2
27116,50,6,44,2
27117,61,5,56,2
27118,57,12,45,2
27119,57,3,54,2
27120,45,3,42,2
27121,75,6,69,2
27122,70,6,64,2
27123,56,5,51,2
27124,62,7,55,2
27125,68,13,55,2
27126,65,9,56,2
27127,50,4,46,2
27128,51,8,43,2
27129,72,12,60,2
27130,60,9,51,2
27131,64,8,56,2
27132,55,4,51,2
27133,51,6,45,2
27134,37,5,32,2
27135,59,7,52,2
27136,48,10,38,2
27137,48,5,43,2
27138,52,10,42,2
27139,55,3,52,2
27140,66,7,59,2
27141,70,8,62,2
27142,56,10,46,2
27143,44,4,40,2
27144,54,7,47,2
27145,71,10,61,2
27146,54,5,49,2
27147,45,1,44,2
27148,39,4,35,2
27149,45,3,42,2
27150,52,3,49,2
27151,54,7,47,2
27152,51,13,38,2
27153,58,3,55,2
27154,55,9,46,2
27155,62,5,57,2
27156,57,5,52,2
27157,72,11,61,2
27158,56,7,49,2
27159,53,7,46,2
27160,50,5,45,2
27161,54,3,51,2
27162,48,5,43,2
27163,51,3,48,2
27164,60,13,47,2
27165,53,8,45,2
27166,65,12,53,2
27167,68,7,61,2
27168,45,7,38,2
27169,51,4,47,2
27170,62,3,59,2
27171,56,9,47,2
27172,58,6,52,2
27173,51,8,43,2
27174,50,3,47,2
27175,70,5,65,2
27176,48,5,43,2
27177,62,3,59,2
27178,45,7,38,2
27179,62,8,54,2
27180,45,3,42,2
27181,66,8,58,2
27182,42,6,36,2
27183,52,0,52,1
27184,48,9,39,2
27185,42,8,34,2
27186,53,4,49,2
27187,63,5,58,2
27188,41,2,39,2
27189,59,9,50,2
27190,48,3,45,2
27191,56,7,49,2
27192,54,8,46,2
27193,59,8,51,2
27194,48,4,44,2
27195,46,2,44,2
27196,60,6,54,2
27197,44,6,38,2
27198,49,7,42,2
27199,56,5,51,2
27200,63,4,59,2
27201,56,6,50,2
27202,58,3,55,2
27203,57,6,51,2
27204,55,4,51,2
27205,60,9,51,2
27206,43,4,39,2
27207,45,3,42,2
27208,52,6,46,2
27209,50,10,40,2
27210,61,8,53,2
27211,50,6,44,2
27212,49,7,42,2
27213,52,3,49,2
27214,39,4,35,2
27215,48,5,43,2
27216,54,9,45,2
27217,48,5,43,2
27218,51,4,47,2
27219,43,5,38,2
27220,54,4,50,2
27221,57,10,47,2
27222,43,7,36,2
27223,54,7,47,2
27224,52,10,42,2
27225,61,3,58,2
27226,50,9,41,2
27227,56,5,51,2
27228,39,2,37,2
27229,66,6,60,2
27230,60,12,48,2
27231,46,6,40,2
27232,41,5,36,2
27233,43,5,38,2
27234,42,6,36,2
27235,56,6,50,2
27236,56,6,50,2
27237,47,3,44,2
27238,49,1,48,2
27239,59,8,51,2
27240,52,6,46,2
27241,68,12,56,2
27242,60,5,55,2
27243,51,4,47,2
27244,60,9,51,2
27245,54,5,49,2
27246,68,7,61,2
27247,46,7,39,2
27248,60,12,48,2
27249,50,7,43,2
27250,45,2,43,2
27251,55,6,49,2
27252,49,5,44,2
27253,65,8,57,2
27254,46,11,35,2
27255,59,5,54,2
27256,55,9,46,2
27257,53,4,49,2
27258,60,6,54,2
27259,51,6,45,2
27260,45,2,43,2
27261,59,7,52,2
27262,49,11,38,2
27263,60,7,53,2
27264,49,10,39,2
27265,62,2,60,2
27266,54,7,47,2
27267,62,9,53,2
27268,60,6,54,2
27269,70,8,62,2
27270,64,5,59,2
27271,59,6,53,2
27272,58,6,52,2
27273,63,8,55,2
27274,58,12,46,2
27275,54,10,44,2
27276,56,5,51,2
27277,59,10,49,2
27278,45,5,40,2
27279,47,5,42,2
27280,58,10,48,2
27281,43,2,41,2
27282,41,6,35,2
27283,48,5,43,2
27284,43,4,39,2
27285,50,3,47,2
27286,48,4,44,2
27287,47,7,40,2
27288,50,6,44,2
27289,49,4,45,2
27290,46,3,43,2
27291,62,8,54,2
27292,41,5,36,2
27293,39,7,32,2
27294,54,5,49,2
27295,59,5,54,2
27296,49,9,40,2
27297,49,3,46,2
27298,73,6,67,2
27299,66,6,60,2
27300,47,7,40,2
27301,64,7,57,2
27302,41,9,32,2
27303,51,6,45,2
27304,51,9,42,2
27305,56,6,50,2
27306,57,9,48,2
27307,55,8,47,2
27308,65,6,59,2
27309,59,11,48,2
27310,61,1,60,2
27311,48,8,40,2
27312,48,6,42,2
27313,55,12,43,2
27314,52,6,46,2
27315,69,6,63,2
27316,48,7,41,2
27317,56,4,52,2
27318,58,5,53,2
27319,62,12,50,2
27320,43,10,33,2
27321,49,8,41,2
27322,65,12,53,2
27323,56,10,46,2
27324,53,3,50,2
27325,50,7,43,2
27326,53,3,50,2
27327,53,4,49,2
27328,43,4,39,2
27329,41,7,34,2
27330,43,7,36,2
27331,38,5,33,2
27332,58,8,50,2
27333,52,4,48,2
27334,65,8,57,2
27335,56,10,46,2
27336,46,6,40,2
27337,78,8,70,2
27338,64,14,50,2
27339,59,9,50,2
27340,52,4,48,2
27341,42,8,34,2
27342,67,5,62,2
27343,48,8,40,2
27344,51,2,49,2
27345,45,4,41,2
27346,69,6,63,2
27347,53,7,46,2
27348,57,7,50,2
27349,50,7,43,2
27350,47,7,40,2
27351,62,6,56,2
27352,48,5,43,2
27353,46,6,40,2
27354,60,9,51,2
27355,61,7,54,2
27356,60,8,52,2
27357,53,6,47,2
27358,55,6,49,2
27359,54,7,47,2
27360,51,9,42,2
27361,63,12,51,2
27362,52,8,44,2
27363,39,2,37,2
27364,54,3,51,2
27365,52,4,48,2
27366,68,5,63,2
27367,51,4,47,2
27368,49,5,44,2
27369,61,8,53,2
27370,52,7,45,2
27371,42,2,40,2
27372,46,6,40,2
27373,60,9,51,2
27374,64,5,59,2
27375,53,4,49,2
27376,55,6,49,2
27377,51,9,42,2
27378,47,6,41,2
27379,49,5,44,2
27380,60,8,52,2
27381,53,8,45,2
27382,55,8,47,2
27383,58,7,51,2
27384,54,7,47,2
27385,46,2,44,2
27386,54,10,44,2
27387,53,5,48,2
27388,55,5,50,2
27389,48,4,44,2
27390,36,6,30,2
27391,58,7,51,2
27392,50,4,46,2
27393,51,6,45,2
27394,44,4,40,2
27395,53,5,48,2
27396,48,5,43,2
27397,52,8,44,2
27398,60,5,55,2
27399,55,11,44,2
27400,58,8,50,2
27401,60,6,54,2
27402,61,8,53,2
27403,58,10,48,2
27404,49,6,43,2
27405,60,7,53,2
27406,46,3,43,2
27407,50,7,43,2
27408,61,7,54,2
27409,59,5,54,2
27410,56,9,47,2
27411,53,12,41,2
27412,57,7,50,2
27413,41,3,38,2
27414,65,7,58,2
27415,56,8,48,2
27416,57,11,46,2
27417,51,4,47,2
27418,57,4,53,2
27419,56,7,49,2
27420,58,4,54,2
27421,66,8,58,2
27422,48,8,40,2
27423,60,6,54,2
27424,52,8,44,2
27425,41,5,36,2
27426,57,4,53,2
27427,53,7,46,2
27428,62,12,50,2
27429,67,9,58,2
27430,54,9,45,2
27431,46,6,40,2
27432,51,5,46,2
27433,60,5,55,2
27434,49,5,44,2
27435,54,5,49,2
27436,48,4,44,2
27437,71,5,66,2
27438,52,9,43,2
27439,53,4,49,2
27440,54,8,46,2
27441,45,4,41,2
27442,54,1,53,2
27443,51,6,45,2
27444,48,7,41,2
27445,55,8,47,2
27446,63,9,54,2
27447,57,7,50,2
27448,51,4,47,2
27449,50,8,42,2
27450,47,4,43,2
27451,55,7,48,2
27452,47,5,42,2
27453,57,8,49,2
27454,63,4,59,2
27455,49,6,43,2
27456,55,4,51,2
27457,49,6,43,2
27458,59,9,50,2
27459,54,8,46,2
27460,50,3,47,2
27461,53,7,46,2
27462,53,6,47,2
27463,60,5,55,2
27464,41,3,38,2
27465,65,6,59,2
27466,46,2,44,2
27467,41,6,35,2
27468,47,6,41,2
27469,53,7,46,2
27470,51,6,45,2
27471,51,4,47,2
27472,56,4,52,2
27473,58,6,52,2
27474,59,12,47,2
27475,45,8,37,2
27476,49,3,46,2
27477,50,6,44,2
27478,44,5,39,2
27479,58,9,49,2
27480,48,5,43,2
27481,59,9,50,2
27482,39,5,34,2
27483,48,2,46,2
27484,61,8,53,2
27485,54,11,43,2
27486,58,5,53,2
27487,57,5,52,2
27488,45,6,39,2
27489,38,3,35,2
27490,60,5,55,2
27491,54,6,48,2
27492,56,8,48,2
27493,55,5,50,2
27494,64,10,54,2
27495,64,4,60,2
27496,53,4,49,2
27497,48,2,46,2
27498,52,6,46,2
27499,54,7,47,2
27500,65,12,53,2
27501,58,10,48,2
27502,44,5,39,2
27503,41,4,37,2
27504,52,6,46,2
27505,65,9,56,2
27506,53,8,45,2
27507,63,5,58,2
27508,54,4,50,2
27509,55,2,53,2
27510,54,10,44,2
27511,49,1,48,2
27512,64,8,56,2
27513,68,9,59,2
27514,59,4,55,2
27515,58,7,51,2
27516,45,1,44,2
27517,46,7,39,2
27518,60,5,55,2
27519,54,6,48,2
27520,53,7,46,2
27521,37,5,32,2
27522,48,6,42,2
27523,43,6,37,2
27524,58,7,51,2
27525,59,2,57,2
27526,64,8,56,2
27527,57,4,53,2
27528,55,2,53,2
27529,51,7,44,2
27530,56,4,52,2
27531,54,4,50,2
27532,58,12,46,2
27533,53,5,48,2
27534,60,9,51,2
27535,54,3,51,2
27536,71,13,58,2
27537,48,9,39,2
27538,65,6,59,2
27539,52,6,46,2
27540,48,7,41,2
27541,51,9,42,2
27542,51,4,47,2
27543,56,5,51,2
27544,61,10,51,2
27545,48,7,41,2
27546,54,4,50,2
27547,49,2,47,2
27548,62,7,55,2
27549,53,7,46,2
27550,52,4,48,2
27551,55,6,49,2
27552,50,4,46,2
27553,43,5,38,2
27554,48,9,39,2
27555,65,10,55,2
27556,50,3,47,2
27557,70,7,63,2
27558,54,4,50,2
27559,66,11,55,2
27560,56,7,49,2
27561,49,11,38,2
27562,50,9,41,2
27563,53,6,47,2
27564,49,8,41,2
27565,57,4,53,2
27566,61,3,58,2
27567,45,7,38,2
27568,53,5,48,2
27569,53,5,48,2
27570,50,5,45,2
27571,53,2,51,2
27572,48,9,39,2
27573,49,7,42,2
27574,47,9,38,2
27575,62,5,57,2
27576,66,11,55,2
27577,45,6,39,2
27578,52,6,46,2
27579,54,9,45,2
27580,50,1,49,2
27581,51,3,48,2
27582,47,5,42,2
27583,47,5,42,2
27584,55,2,53,2
27585,57,6,51,2
27586,50,8,42,2
27587,64,6,58,2
27588,60,7,53,2
27589,40,6,34,2
27590,60,6,54,2
27591,45,5,40,2
27592,56,9,47,2
27593,53,3,50,2
27594,46,9,37,2
27595,55,6,49,2
27596,46,7,39,2
27597,47,6,41,2
27598,58,5,53,2
27599,47,5,42,2
27600,47,4,43,2
27601,61,5,56,2
27602,48,8,40,2
27603,50,6,44,2
27604,69,11,58,2
27605,51,6,45,2
27606,42,5,37,2
27607,56,7,49,2
27608,48,3,45,2
27609,60,16,44,2
27610,51,8,43,2
27611,59,8,51,2
27612,49,7,42,2
27613,53,4,49,2
27614,42,8,34,2
27615,59,6,53,2
27616,51,5,46,2
27617,58,7,51,2
27618,56,10,46,2
27619,61,5,56,2
27620,50,6,44,2
27621,61,7,54,2
27622,56,6,50,2
27623,56,6,50,2
27624,56,7,49,2
27625,49,7,42,2
27626,50,8,42,2
27627,68,6,62,2
27628,58,7,51,2
27629,42,4,38,2
27630,67,5,62,2
27631,64,6,58,2
27632,48,6,42,2
27633,63,7,56,2
27634,61,4,57,2
27635,61,10,51,2
27636,49,6,43,2
27637,50,6,44,2
27638,68,10,58,2
27639,58,7,51,2
27640,62,8,54,2
27641,57,6,51,2
27642,64,9,55,2
27643,61,8,53,2
27644,49,4,45,2
27645,43,2,41,2
27646,52,7,45,2
27647,59,9,50,2
27648,60,12,48,2
27649,54,11,43,2
27650,60,11,49,2
27651,47,7,40,2
27652,56,2,54,2
27653,42,4,38,2
27654,61,11,50,2
27655,55,6,49,2
27656,59,9,50,2
27657,65,11,54,2
27658,63,11,52,2
27659,66,5,61,2
27660,53,8,45,2
27661,44,3,41,2
27662,58,6,52,2
27663,64,7,57,2
27664,50,6,44,2
27665,55,6,49,2
27666,55,2,53,2
27667,48,6,42,2
27668,54,8,46,2
27669,43,7,36,2
27670,57,10,47,2
27671,54,8,46,2
27672,54,7,47,2
27673,51,8,43,2
27674,72,11,61,2
27675,45,11,34,2
27676,63,7,56,2
27677,55,9,46,2
27678,51,6,45,2
27679,60,6,54,2
27680,45,4,41,2
27681,60,2,58,2
27682,64,8,56,2
27683,67,8,59,2
27684,49,7,42,2
27685,61,9,52,2
27686,40,5,35,2
27687,59,8,51,2
27688,50,7,43,2
27689,63,3,60,2
27690,44,5,39,2
27691,53,6,47,2
27692,49,8,41,2
27693,55,7,48,2
27694,62,7,55,2
27695,55,5,50,2
27696,44,5,39,2
27697,52,7,45,2
27698,57,7,50,2
27699,50,9,41,2
27700,38,4,34,2
27701,52,5,47,2
27702,66,9,57,2
27703,57,6,51,2
27704,52,11,41,2
27705,44,2,42,2
27706,55,8,47,2
27707,45,7,38,2
27708,49,7,42,2
27709,62,5,57,2
27710,65,6,59,2
27711,52,8,44,2
27712,53,12,41,2
27713,55,7,48,2
27714,40,9,31,2
27715,55,11,44,2
27716,51,6,45,2
27717,53,8,45,2
27718,43,6,37,2
27719,52,5,47,2
27720,43,6,37,2
27721,65,8,57,2
27722,60,4,56,2
27723,45,5,40,2
27724,52,6,46,2
27725,42,3,39,2
27726,52,9,43,2
27727,57,8,49,2
27728,56,4,52,2
27729,63,10,53,2
27730,54,5,49,2
27731,50,3,47,2
27732,46,8,38,2
27733,58,11,47,2
27734,51,4,47,2
27735,50,6,44,2
27736,54,4,50,2
27737,57,3,54,2
27738,59,7,52,2
27739,50,6,44,2
27740,61,9,52,2
27741,43,3,40,2
27742,63,9,54,2
27743,46,5,41,2
27744,54,5,49,2
27745,55,5,50,2
27746,62,8,54,2
27747,54,7,47,2
27748,70,4,66,2
27749,61,8,53,2
27750,45,9,36,2
27751,54,5,49,2
27752,58,6,52,2
27753,55,5,50,2
27754,48,4,44,2
27755,55,7,48,2
27756,44,3,41,2
27757,64,9,55,2
27758,60,5,55,2
27759,58,13,45,2
27760,58,7,51,2
27761,51,12,39,2
27762,57,10,47,2
27763,45,3,42,2
27764,48,7,41,2
27765,53,6,47,2
27766,69,7,62,2
27767,59,8,51,2
27768,58,8,50,2
27769,75,7,68,2
27770,48,5,43,2
27771,51,9,42,2
27772,41,5,36,2
27773,51,5,46,2
27774,59,3,56,2
27775,54,5,49,2
27776,52,7,45,2
27778,61,9,52,2
27779,52,8,44,2
27780,53,8,45,2
27781,59,8,51,2
27782,52,3,49,2
27783,52,7,45,2
27784,52,13,39,2
27785,58,8,50,2
27786,48,7,41,2
27787,64,11,53,2
27788,54,7,47,2
27790,64,8,56,2
27791,56,8,48,2
27792,49,5,44,2
27793,21,20,1,2
27794,55,8,47,2
27795,56,4,52,2
27796,48,7,41,2
27797,62,14,48,2
27798,54,3,51,2
27799,63,4,59,2
27800,54,6,48,2
27802,60,5,55,2
27803,51,4,47,2
27804,1,0,1,1
27805,52,9,43,2
27806,59,8,51,2
27807,52,4,48,2
27808,40,7,33,2
27809,58,6,52,2
27810,54,8,46,2
27811,50,4,46,2
27813,62,5,57,2
27814,50,10,40,2
27816,48,3,45,2
27817,55,6,49,2
27818,52,8,44,2
27819,56,4,52,2
27820,64,6,58,2
27821,55,5,50,2
27822,64,9,55,2
27823,43,4,39,2
27824,55,7,48,2
27825,37,4,33,2
27826,55,5,50,2
27827,48,6,42,2
27828,49,3,46,2
27829,62,10,52,2
27830,51,6,45,2
27831,65,6,59,2
27832,41,7,34,2
27833,57,6,51,2
27834,52,8,44,2
27835,56,8,48,2
27836,57,11,46,2
27837,54,7,47,2
27838,50,7,43,2
27839,54,8,46,2
27840,56,8,48,2
27841,59,9,50,2
27842,46,5,41,2
27843,65,7,58,2
27844,42,5,37,2
27845,72,8,64,2
27846,60,8,52,2
27847,39,2,37,2
27848,45,8,37,2
27849,58,9,49,2
27850,70,8,62,2
27851,44,6,38,2
27852,64,12,52,2
27853,55,6,49,2
27854,64,11,53,2
27855,62,6,56,2
27856,53,5,48,2
27857,57,1,56,2
27858,57,8,49,2
27859,48,3,45,2
27860,50,7,43,2
27861,58,8,50,2
27862,52,5,47,2
27863,57,4,53,2
27864,50,6,44,2
27865,51,9,42,2
27866,41,6,35,2
27867,48,6,42,2
27868,51,4,47,2
27869,59,6,53,2
27870,52,2,50,2
27871,49,3,46,2
27872,65,2,63,2
27873,65,6,59,2
27874,45,5,40,2
27875,65,6,59,2
27876,57,4,53,2
27877,61,4,57,2
27879,47,7,40,2
27880,55,4,51,2
27881,61,6,55,2
27882,49,7,42,2
27883,49,6,43,2
27884,63,8,55,2
27885,62,11,51,2
27886,79,11,68,2
27887,55,6,49,2
27889,55,8,47,2
27890,56,8,48,2
27891,6491,6487,4,2
27893,51,5,46,2
27895,65,6,59,2
27896,56,6,50,2
27897,64,5,59,2
27898,54,8,46,2
27899,55,7,48,2
27900,58,10,48,2
27902,55,9,46,2
27903,56,4,52,2
27904,55,3,52,2
27905,65,9,56,2
27906,56,5,51,2
27907,56,7,49,2
27908,50,5,45,2
27910,56,3,53,2
27912,42,3,39,2
27913,50,5,45,2
27914,56,8,48,2
27915,1,1,0,1
27916,59,5,54,2
27917,64,9,55,2
27918,65,8,57,2
27920,67,9,58,2
27921,61,3,58,2
27922,39,5,34,2
27923,47,5,42,2
27924,57,8,49,2
27925,65,8,57,2
27926,52,5,47,2
27927,49,3,46,2
27929,57,8,49,2
27930,48,5,43,2
27931,64,6,58,2
27932,52,3,49,2
27933,51,6,45,2
27934,55,4,51,2
27935,21,0,21,1
27936,58,8,50,2
27937,55,2,53,2
27939,56,3,53,2
27941,67,8,59,2
27943,47,7,40,2
27944,58,9,49,2
27946,51,5,46,2
27947,54,6,48,2
27949,46,5,41,2
27950,53,12,41,2
27951,45,7,38,2
27952,45,4,41,2
27953,41,7,34,2
27954,61,7,54,2
27955,49,4,45,2
27956,60,5,55,2
27957,46,6,40,2
27958,33,3,30,2
27959,55,6,49,2
27960,59,7,52,2
27961,52,5,47,2
27962,51,6,45,2
27963,55,5,50,2
27964,38,3,35,2
27966,53,4,49,2
27967,57,10,47,2
27969,60,5,55,2
27970,59,11,48,2
27971,51,6,45,2
27972,54,4,50,2
27973,1,0,1,1
27974,58,2,56,2
27975,46,45,1,2
27976,60,5,55,2
27978,47,4,43,2
27979,11,10,1,2
27980,64,6,58,2
27981,53,2,51,2
27984,47,6,41,2
27985,56,3,53,2
27986,30,5,25,2
27987,49,3,46,2
27988,54,11,43,2
27989,52,9,43,2
27990,3,0,3,1
27991,52,5,47,2
27992,57,3,54,2
27993,65,5,60,2
27994,52,3,49,2
27995,53,6,47,2
27997,31,23,8,2
27998,61,8,53,2
27999,48,3,45,2
28000,13,3,10,2
28001,54,10,44,2
28002,47,5,42,2
28004,92,0,92,1
28005,45,3,42,2
28006,52,8,44,2
28007,41,4,37,2
28008,47,8,39,2
28009,65,8,57,2
28010,62,11,51,2
28012,58,10,48,2
28013,63,11,52,2
28014,48,5,43,2
28015,68,8,60,2
28016,1,1,0,1
28017,61,6,55,2
28018,59,8,51,2
28019,16,15,1,2
28021,66,7,59,2
28022,58,4,54,2
28024,73,8,65,2
28025,51,4,47,2
28026,1,0,1,1
28027,58,10,48,2
28028,63,7,56,2
28031,62,6,56,2
28032,58,7,51,2
28034,52,6,46,2
28035,51,10,41,2
28036,61,10,51,2
28037,53,5,48,2
28038,67,11,56,2
28039,52,9,43,2
28040,71,12,59,2
28041,1,1,0,1
28042,47,3,44,2
28043,72,6,66,2
28045,32,3,29,2
28046,50,5,45,2
28047,57,3,54,2
28048,1,0,1,1
28049,67,9,58,2
28050,67,14,53,2
28051,1,0,1,1
28052,63,7,56,2
28053,51,6,45,2
28054,59,2,57,2
28055,50,11,39,2
28056,56,8,48,2
28057,53,3,50,2
28058,55,3,52,2
28059,55,11,44,2
28060,60,7,53,2
28061,65,9,56,2
28062,68,6,62,2
28063,56,5,51,2
28064,57,10,47,2
28065,58,5,53,2
28067,51,2,49,2
28068,51,7,44,2
28069,58,2,56,2
28070,15,1,14,2
28071,61,14,47,2
28072,55,4,51,2
28073,59,7,52,2
28074,58,7,51,2
28075,6,0,6,1
28076,48,3,45,2
28077,47,5,42,2
28078,58,6,52,2
28079,55,6,49,2
28080,61,7,54,2
28081,56,8,48,2
28082,54,7,47,2
28084,3,0,3,1
28085,53,2,51,2
28087,55,12,43,2
28088,42,3,39,2
28089,57,7,50,2
28090,39,7,32,2
28091,47,5,42,2
28094,50,8,42,2
28096,58,7,51,2
28097,39,4,35,2
28098,56,4,52,2
28099,58,8,50,2
28100,48,2,46,2
28101,7,4,3,2
28102,60,5,55,2
28103,58,9,49,2
28104,67,11,56,2
28106,42,5,37,2
28107,55,0,55,1
28108,51,8,43,2
28109,58,13,45,2
28110,54,10,44,2
28111,50,6,44,2
28112,63,9,54,2
28113,52,5,47,2
28114,60,6,54,2
28115,66,7,59,2
28116,50,7,43,2
28117,66,11,55,2
28118,52,11,41,2
28119,48,7,41,2
28120,69,8,61,2
28121,61,7,54,2
28122,48,2,46,2
28123,57,4,53,2
28124,47,4,43,2
28125,55,7,48,2
28126,50,8,42,2
28127,45,7,38,2
28128,50,3,47,2
28129,46,2,44,2
28130,47,5,42,2
28133,52,7,45,2
28134,68,7,61,2
28135,62,6,56,2
28136,61,10,51,2
28137,57,5,52,2
28139,59,7,52,2
28140,52,12,40,2
28141,52,4,48,2
28142,59,9,50,2
28143,41,6,35,2
28144,39,8,31,2
28145,62,8,54,2
28146,3,2,1,2
28147,51,4,47,2
28148,50,8,42,2
28149,52,2,50,2
28150,11,11,0,1
28151,58,7,51,2
28152,47,4,43,2
28153,52,5,47,2
28154,22,22,0,1
28155,57,7,50,2
28156,67,11,56,2
28157,51,2,49,2
28158,48,5,43,2
28159,51,5,46,2
28161,24,13,11,2
28162,42,6,36,2
28164,49,3,46,2
28165,13,2,11,2
28166,48,5,43,2
28167,55,3,52,2
28168,57,4,53,2
28169,59,9,50,2
28172,58,10,48,2
28173,64,8,56,2
28174,65,12,53,2
28175,46,5,41,2
28176,46,2,44,2
28177,58,5,53,2
28178,67,6,61,2
28179,60,8,52,2
28180,46,5,41,2
28181,54,8,46,2
28182,59,2,57,2
28183,44,5,39,2
28184,59,10,49,2
28185,49,6,43,2
28186,41,3,38,2
28187,64,4,60,2
28188,4,0,4,1
28189,2,2,0,1
28190,39,3,36,2
28191,1,0,1,1
28192,58,6,52,2
28193,65,9,56,2
28194,65,10,55,2
28195,68,7,61,2
28196,53,5,48,2
28197,52,5,47,2
28198,48,6,42,2
28199,48,4,44,2
28200,42,3,39,2
28201,53,4,49,2
28202,68,9,59,2
28203,57,9,48,2
28205,55,8,47,2
28206,67,6,61,2
28207,51,6,45,2
28208,43,7,36,2
28209,8,1,7,2
28210,47,5,42,2
28211,66,6,60,2
28212,63,6,57,2
28213,67,5,62,2
28214,44,7,37,2
28215,52,4,48,2
28216,56,6,50,2
28218,46,8,38,2
28219,59,5,54,2
28220,41,6,35,2
28221,57,4,53,2
28222,53,8,45,2
28223,47,8,39,2
28224,56,6,50,2
28225,62,7,55,2
28226,63,4,59,2
28227,47,7,40,2
28228,53,7,46,2
28229,60,3,57,2
28230,69,10,59,2
28231,28,0,28,1
28232,48,4,44,2
28233,55,7,48,2
28234,47,8,39,2
28235,54,5,49,2
28236,49,7,42,2
28238,46,1,45,2
28239,62,9,53,2
28240,52,6,46,2
28241,57,6,51,2
28242,66,7,59,2
28243,62,8,54,2
28244,53,8,45,2
28245,67,7,60,2
28246,48,7,41,2
28247,48,6,42,2
28248,62,10,52,2
28249,46,8,38,2
28250,9,0,9,1
28251,43,5,38,2
28253,41,3,38,2
28254,64,5,59,2
28256,47,5,42,2
28257,46,5,41,2
28258,52,5,47,2
28259,48,3,45,2
28260,56,1,55,2
28262,65,7,58,2
28263,1,1,0,1
28264,63,5,58,2
28266,49,8,41,2
28267,63,4,59,2
28268,64,9,55,2
28269,43,8,35,2
28270,54,12,42,2
28271,44,3,41,2
28273,56,11,45,2
28274,59,9,50,2
28275,57,12,45,2
28276,57,9,48,2
28277,2,2,0,1
28278,50,4,46,2
28280,3,1,2,2
28281,18,0,18,1
28283,53,6,47,2
28284,5,5,0,1
28285,42,4,38,2
28287,52,6,46,2
28288,64,5,59,2
28289,57,46,11,2
28290,42,5,37,2
28291,60,10,50,2
28292,59,5,54,2
28293,58,8,50,2
28294,51,6,45,2
28295,55,5,50,2
28296,57,10,47,2
28297,71,2,69,2
28298,56,8,48,2
28299,38,0,38,1
28301,50,6,44,2
28302,50,7,43,2
28303,46,6,40,2
28304,1,1,0,1
28305,54,4,50,2
28306,59,5,54,2
28307,67,9,58,2
28308,21,0,21,1
28309,41,3,38,2
28311,8,0,8,1
28312,68,6,62,2
28314,56,9,47,2
28315,49,5,44,2
28316,46,8,38,2
28317,51,5,46,2
28318,62,7,55,2
28319,45,6,39,2
28320,62,7,55,2
28321,60,1,59,2
28322,7,0,7,1
28325,58,8,50,2
28326,49,10,39,2
28327,46,7,39,2
28328,50,11,39,2
28329,55,6,49,2
28330,63,8,55,2
28331,22,18,4,2
28332,49,3,46,2
28333,52,3,49,2
28334,2,1,1,2
28335,54,8,46,2
28336,41,5,36,2
28337,51,7,44,2
28338,53,9,44,2
28339,51,5,46,2
28340,42,4,38,2
28341,56,9,47,2
28342,54,4,50,2
28343,55,13,42,2
28344,50,5,45,2
28345,53,9,44,2
28346,57,7,50,2
28347,55,9,46,2
28348,52,5,47,2
28349,62,7,55,2
28350,38,5,33,2
28351,50,7,43,2
28352,42,8,34,2
28353,68,5,63,2
28354,93,0,93,1
28355,8,1,7,2
28356,2,1,1,2
28357,34,4,30,2
28358,47,4,43,2
28359,50,7,43,2
28360,50,12,38,2
28361,5,0,5,1
28362,52,7,45,2
28364,32,0,32,1
28365,45,3,42,2
28366,47,4,43,2
28367,56,6,50,2
28368,57,6,51,2
28369,73,5,68,2
28370,60,5,55,2
28371,68,6,62,2
28372,69,8,61,2
28373,53,6,47,2
28374,42,4,38,2
28375,52,4,48,2
28376,54,8,46,2
28377,64,8,56,2
28378,43,3,40,2
28379,65,5,60,2
28380,50,8,42,2
28382,46,3,43,2
28383,51,4,47,2
28384,46,4,42,2
28385,62,7,55,2
28386,10,5,5,2
28387,53,7,46,2
28388,49,7,42,2
28389,61,5,56,2
28390,44,7,37,2
28391,42,4,38,2
28392,52,4,48,2
28393,52,5,47,2
28394,53,11,42,2
28396,50,4,46,2
28397,64,5,59,2
28398,45,5,40,2
28399,63,8,55,2
28400,61,12,49,2
28401,56,12,44,2
28402,43,3,40,2
28403,53,9,44,2
28404,55,9,46,2
28405,61,6,55,2
28406,57,4,53,2
28407,53,3,50,2
28408,52,8,44,2
28409,40,2,38,2
28410,59,9,50,2
28411,58,7,51,2
28412,49,9,40,2
28413,48,6,42,2
28414,58,7,51,2
28415,47,3,44,2
28416,60,7,53,2
28417,56,8,48,2
28418,61,12,49,2
28419,54,2,52,2
28420,61,8,53,2
28421,27,25,2,2
28422,1,1,0,1
28423,4,0,4,1
28424,63,6,57,2
28425,43,6,37,2
28426,44,5,39,2
28427,51,6,45,2
28428,62,4,58,2
28429,29,29,0,1
28431,51,5,46,2
28432,54,10,44,2
28433,103,100,3,2
28434,58,9,49,2
28435,54,6,48,2
28436,42,6,36,2
28437,49,5,44,2
28438,3,0,3,1
28439,50,3,47,2
28440,1,1,0,1
28441,50,4,46,2
28442,29,11,18,2
28443,63,8,55,2
28444,54,6,48,2
28445,3,0,3,1
28446,51,1,50,2
28447,48,6,42,2
28448,47,8,39,2
28450,5,1,4,2
28451,48,5,43,2
28452,49,6,43,2
28453,50,5,45,2
28454,60,5,55,2
28455,53,12,41,2
28456,41,4,37,2
28457,26,12,14,2
28458,48,10,38,2
28459,60,8,52,2
28460,60,9,51,2
28461,49,4,45,2
28462,60,7,53,2
28464,47,6,41,2
28465,51,4,47,2
28466,54,5,49,2
28467,62,6,56,2
28469,49,7,42,2
28470,46,5,41,2
28471,47,11,36,2
28472,47,8,39,2
28474,2,0,2,1
28475,60,8,52,2
28477,62,5,57,2
28478,60,11,49,2
28479,56,8,48,2
28480,49,8,41,2
28481,49,5,44,2
28482,52,10,42,2
28484,59,10,49,2
28485,55,3,52,2
28486,56,7,49,2
28487,66,5,61,2
28488,51,5,46,2
28489,52,7,45,2
28491,50,13,37,2
28492,61,7,54,2
28493,51,6,45,2
28495,58,5,53,2
28496,52,8,44,2
28498,55,7,48,2
28499,64,12,52,2
28500,54,7,47,2
28501,61,8,53,2
28502,61,7,54,2
28503,43,3,40,2
28504,57,11,46,2
28505,4,3,1,2
28506,67,7,60,2
28508,57,8,49,2
28509,25,21,4,2
28510,57,9,48,2
28511,3,1,2,2
28513,55,6,49,2
28514,62,7,55,2
28516,60,9,51,2
28517,67,10,57,2
28518,60,8,52,2
28519,48,6,42,2
28520,59,10,49,2
28521,64,13,51,2
28522,47,8,39,2
28523,51,5,46,2
28524,51,7,44,2
28525,48,3,45,2
28526,54,6,48,2
28527,47,7,40,2
28528,58,4,54,2
28529,55,7,48,2
28530,55,8,47,2
28533,43,2,41,2
28534,59,4,55,2
28535,53,11,42,2
28536,52,3,49,2
28537,55,4,51,2
28538,45,4,41,2
28539,51,8,43,2
28540,109,30,79,2
28541,47,4,43,2
28542,18,18,0,1
28543,56,7,49,2
28544,64,8,56,2
28546,48,6,42,2
28547,59,5,54,2
28548,4,0,4,1
28550,46,5,41,2
28551,52,8,44,2
28553,53,8,45,2
28554,52,4,48,2
28555,56,10,46,2
28556,22,22,0,1
28557,54,7,47,2
28559,59,8,51,2
28560,46,3,43,2
28561,56,1,55,2
28562,57,9,48,2
28565,2,1,1,2
28566,55,8,47,2
28567,52,52,0,1
28568,67,10,57,2
28569,55,12,43,2
28570,63,9,54,2
28571,62,5,57,2
28572,67,9,58,2
28573,64,11,53,2
28574,51,10,41,2
28575,54,4,50,2
28576,54,8,46,2
28577,35,35,0,1
28578,50,3,47,2
28579,61,8,53,2
28580,42,3,39,2
28581,76,8,68,2
28582,44,3,41,2
28583,65,7,58,2
28584,70,12,58,2
28586,46,3,43,2
28587,66,7,59,2
28588,50,3,47,2
28589,51,3,48,2
28590,8,8,0,1
28591,46,4,42,2
28592,45,4,41,2
28593,65,6,59,2
28594,50,4,46,2
28595,52,7,45,2
28596,4,0,4,1
28597,57,5,52,2
28598,60,4,56,2
28599,46,9,37,2
28600,47,6,41,2
28601,55,1,54,2
28602,56,9,47,2
28603,45,4,41,2
28604,57,5,52,2
28605,52,8,44,2
28606,55,5,50,2
28607,4,0,4,1
28608,59,10,49,2
28609,56,5,51,2
28611,54,6,48,2
28612,53,13,40,2
28613,56,4,52,2
28616,45,9,36,2
28617,55,9,46,2
28618,66,5,61,2
28619,64,12,52,2
28620,11,9,2,2
28621,60,12,48,2
28622,68,9,59,2
28624,52,5,47,2
28625,47,4,43,2
28626,40,7,33,2
28627,65,6,59,2
28629,71,6,65,2
28630,54,7,47,2
28631,61,6,55,2
28632,50,4,46,2
28633,61,4,57,2
28634,54,3,51,2
28635,61,4,57,2
28636,49,4,45,2
28637,59,9,50,2
28638,49,8,41,2
28639,61,10,51,2
28640,59,10,49,2
28641,55,8,47,2
28642,61,7,54,2
28644,68,5,63,2
28645,62,9,53,2
28647,50,4,46,2
28648,53,4,49,2
28649,49,4,45,2
28650,47,4,43,2
28651,97,97,0,1
28652,51,4,47,2
28654,48,4,44,2
28656,64,6,58,2
28657,61,6,55,2
28658,50,12,38,2
28659,53,8,45,2
28660,45,5,40,2
28661,57,6,51,2
28662,2,0,2,1
28663,40,4,36,2
28664,59,5,54,2
28665,51,7,44,2
28666,47,7,40,2
28667,47,9,38,2
28668,56,5,51,2
28669,57,7,50,2
28670,9,9,0,1
28671,70,9,61,2
28672,57,9,48,2
28673,56,10,46,2
28674,56,2,54,2
28675,63,7,56,2
28677,64,9,55,2
28678,37,4,33,2
28679,54,4,50,2
28680,181,175,6,2
28681,58,4,54,2
28682,46,10,36,2
28683,63,5,58,2
28684,47,7,40,2
28685,53,7,46,2
28686,43,7,36,2
28687,41,6,35,2
28688,1,0,1,1
28689,57,8,49,2
28690,55,8,47,2
28692,52,7,45,2
28693,11,5,6,2
28694,59,5,54,2
28695,57,12,45,2
28696,57,10,47,2
28697,66,6,60,2
28698,43,2,41,2
28699,54,8,46,2
28700,53,6,47,2
28701,41,7,34,2
28702,48,4,44,2
28703,76,11,65,2
28704,5,5,0,1
28705,1,0,1,1
28706,67,7,60,2
28707,65,7,58,2
28708,53,4,49,2
28709,60,9,51,2
28710,53,3,50,2
28712,55,2,53,2
28713,60,5,55,2
28716,63,8,55,2
28717,49,6,43,2
28718,43,7,36,2
28719,55,8,47,2
28720,54,10,44,2
28721,56,8,48,2
28722,44,4,40,2
28723,55,7,48,2
28724,54,9,45,2
28725,23,0,23,1
28726,58,58,0,1
28727,47,5,42,2
28728,57,13,44,2
28729,68,8,60,2
28732,64,5,59,2
28733,49,7,42,2
28734,48,3,45,2
28735,56,4,52,2
28736,58,6,52,2
28737,37,3,34,2
28738,4,2,2,2
28739,50,3,47,2
28740,55,9,46,2
28741,53,3,50,2
28742,46,9,37,2
28744,58,8,50,2
28745,58,8,50,2
28746,12,12,0,1
28747,50,0,50,1
28748,48,6,42,2
28749,50,3,47,2
28750,62,7,55,2
28751,63,9,54,2
28752,52,8,44,2
28753,58,7,51,2
28754,11,10,1,2
28755,64,7,57,2
28756,55,6,49,2
28757,51,7,44,2
28758,52,4,48,2
28759,54,7,47,2
28760,71,30,41,2
28761,47,5,42,2
28762,3,3,0,1
28763,63,6,57,2
28764,57,4,53,2
28765,57,6,51,2
28766,73,5,68,2
28767,65,4,61,2
28768,47,7,40,2
28769,51,3,48,2
28770,47,3,44,2
28771,49,5,44,2
28773,46,10,36,2
28775,53,16,37,2
28776,56,10,46,2
28777,47,4,43,2
28779,52,14,38,2
28780,55,7,48,2
28781,41,3,38,2
28782,2,1,1,2
28783,47,2,45,2
28784,67,7,60,2
28785,65,6,59,2
28786,65,6,59,2
28788,49,3,46,2
28789,52,7,45,2
28790,56,5,51,2
28791,52,9,43,2
28792,53,7,46,2
28793,6,1,5,2
28794,40,3,37,2
28795,46,5,41,2
28796,1,0,1,1
28797,50,9,41,2
28798,50,7,43,2
28799,51,6,45,2
28800,63,10,53,2
28801,6,5,1,2
28803,63,3,60,2
28804,61,7,54,2
28805,5,1,4,2
28806,55,5,50,2
28807,67,6,61,2
28808,64,6,58,2
28809,1,0,1,1
28810,52,3,49,2
28811,48,7,41,2
28812,53,9,44,2
28813,49,3,46,2
28815,57,4,53,2
28816,53,1,52,2
28818,42,6,36,2
28819,66,7,59,2
28820,45,4,41,2
28821,56,4,52,2
28822,64,8,56,2
28823,58,9,49,2
28824,52,3,49,2
28825,61,9,52,2
28827,6,6,0,1
28829,62,6,56,2
28830,66,9,57,2
28832,55,6,49,2
28833,43,7,36,2
28834,4,0,4,1
28835,53,8,45,2
28836,59,6,53,2
28838,48,4,44,2
28840,1,1,0,1
28841,64,7,57,2
28844,56,3,53,2
28845,49,7,42,2
28846,69,5,64,2
28847,60,8,52,2
28848,54,7,47,2
28849,60,10,50,2
28850,56,5,51,2
28851,3,2,1,2
28852,1,0,1,1
28853,62,8,54,2
28854,53,4,49,2
28856,49,4,45,2
28857,47,6,41,2
28858,48,5,43,2
28859,53,6,47,2
28860,56,6,50,2
28861,53,7,46,2
28862,4,2,2,2
28864,48,6,42,2
28865,55,8,47,2
28866,57,5,52,2
28867,61,9,52,2
28868,46,2,44,2
28869,5,1,4,2
28870,16,12,4,2
28871,65,4,61,2
28874,56,8,48,2
28875,53,4,49,2
28876,57,9,48,2
28877,52,5,47,2
28878,50,4,46,2
28879,65,7,58,2
28880,51,10,41,2
28882,55,8,47,2
28883,54,5,49,2
28884,57,5,52,2
28885,54,5,49,2
28886,45,6,39,2
28887,58,4,54,2
28888,54,6,48,2
28889,52,2,50,2
28890,56,5,51,2
28891,53,7,46,2
28892,54,5,49,2
28893,61,10,51,2
28894,49,6,43,2
28896,54,4,50,2
28897,50,2,48,2
28898,55,6,49,2
28899,55,10,45,2
28900,45,8,37,2
28901,98,98,0,1
28902,53,8,45,2
28903,48,6,42,2
28904,1,0,1,1
28905,60,10,50,2
28906,52,4,48,2
28907,54,7,47,2
28908,45,4,41,2
28909,66,17,49,2
28911,47,10,37,2
28912,53,7,46,2
28913,63,11,52,2
28914,49,7,42,2
28915,55,7,48,2
28916,72,8,64,2
28918,71,5,66,2
28919,50,3,47,2
28921,51,4,47,2
28922,60,8,52,2
28923,51,5,46,2
28924,2,0,2,1
28925,74,9,65,2
28926,44,6,38,2
28927,67,11,56,2
28929,61,7,54,2
28931,48,1,47,2
28932,46,6,40,2
28933,55,8,47,2
28934,52,5,47,2
28935,54,7,47,2
28936,21,21,0,1
28937,51,5,46,2
28938,62,6,56,2
28939,43,5,38,2
28940,57,4,53,2
28941,54,5,49,2
28942,55,7,48,2
28943,51,2,49,2
28944,49,9,40,2
28945,45,5,40,2
28946,55,8,47,2
28947,45,7,38,2
28948,53,6,47,2
28949,67,5,62,2
28952,5,0,5,1
28953,65,9,56,2
28954,58,8,50,2
28955,43,3,40,2
28956,61,10,51,2
28957,55,7,48,2
28959,55,6,49,2
28960,3,0,3,1
28961,60,3,57,2
28962,2,2,0,1
28963,62,9,53,2
28964,57,4,53,2
28965,56,4,52,2
28966,61,7,54,2
28967,11,2,9,2
28968,51,1,50,2
28969,59,10,49,2
28970,21,4,17,2
28971,51,7,44,2
28972,57,5,52,2
28973,6,6,0,1
28974,59,7,52,2
28975,58,4,54,2
28976,14,13,1,2
28977,45,4,41,2
28978,53,2,51,2
28979,42,4,38,2
28980,45,4,41,2
28981,55,6,49,2
28982,69,4,65,2
28983,56,6,50,2
28984,52,10,42,2
28985,72,7,65,2
28986,63,8,55,2
28987,37,2,35,2
28988,46,4,42,2
28989,58,6,52,2
28990,61,5,56,2
28992,58,5,53,2
28993,53,4,49,2
28994,77,9,68,2
28995,32,3,29,2
28996,71,12,59,2
28997,59,9,50,2
28998,41,7,34,2
28999,58,2,56,2
29000,9,8,1,2
29001,53,4,49,2
29002,61,10,51,2
29003,89,88,1,2
29004,49,7,42,2
29005,232,232,0,1
29006,52,7,45,2
29007,57,3,54,2
29008,46,5,41,2
29009,49,2,47,2
29010,59,6,53,2
29011,53,4,49,2
29012,50,9,41,2
29013,37,2,35,2
29014,12,2,10,2
29015,53,9,44,2
29016,44,3,41,2
29018,52,5,47,2
29019,53,5,48,2
29020,44,4,40,2
29021,52,3,49,2
29022,52,12,40,2
29023,52,3,49,2
29024,61,9,52,2
29025,43,2,41,2
29026,70,8,62,2
29027,54,11,43,2
29028,5,1,4,2
29029,60,7,53,2
29031,55,9,46,2
29032,56,7,49,2
29033,56,6,50,2
29034,24,24,0,1
29035,53,3,50,2
29036,55,10,45,2
29037,53,9,44,2
29038,72,8,64,2
29039,46,2,44,2
29040,57,8,49,2
29041,58,12,46,2
29042,55,6,49,2
29043,50,4,46,2
29045,3,0,3,1
29047,53,5,48,2
29048,55,8,47,2
29049,65,7,58,2
29050,4,2,2,2
29051,61,9,52,2
29052,50,7,43,2
29053,62,9,53,2
29054,51,9,42,2
29055,49,4,45,2
29056,66,7,59,2
29057,46,5,41,2
29058,53,6,47,2
29059,59,8,51,2
29061,59,6,53,2
29062,53,5,48,2
29063,62,6,56,2
29064,65,6,59,2
29065,10,5,5,2
29066,58,5,53,2
29067,50,9,41,2
29068,58,5,53,2
29069,62,10,52,2
29070,50,4,46,2
29071,45,6,39,2
29072,41,4,37,2
29073,60,6,54,2
29074,43,10,33,2
29075,57,9,48,2
29076,60,6,54,2
29077,66,6,60,2
29078,1,1,0,1
29079,62,7,55,2
29080,55,9,46,2
29081,56,15,41,2
29083,41,7,34,2
29084,36,32,4,2
29085,53,4,49,2
29086,67,11,56,2
29087,63,12,51,2
29088,52,7,45,2
29089,1,1,0,1
29090,56,12,44,2
29091,41,5,36,2
29092,54,7,47,2
29093,55,7,48,2
29094,59,12,47,2
29095,58,8,50,2
29096,54,9,45,2
29097,68,12,56,2
29098,56,5,51,2
29099,60,9,51,2
29100,56,3,53,2
29101,43,5,38,2
29105,52,5,47,2
29106,78,10,68,2
29107,58,9,49,2
29108,51,11,40,2
29109,43,3,40,2
29110,47,8,39,2
29111,44,3,41,2
29112,52,5,47,2
29113,67,5,62,2
29114,55,11,44,2
29115,67,8,59,2
29116,60,4,56,2
29117,51,8,43,2
29119,53,5,48,2
29120,48,5,43,2
29121,51,3,48,2
29122,2,1,1,2
29123,60,7,53,2
29124,52,3,49,2
29125,49,8,41,2
29126,50,9,41,2
29127,43,2,41,2
29128,58,9,49,2
29129,60,11,49,2
29130,51,2,49,2
29131,59,8,51,2
29133,68,8,60,2
29134,45,5,40,2
29135,56,6,50,2
29136,52,8,44,2
29137,60,5,55,2
29138,59,5,54,2
29140,51,11,40,2
29141,49,6,43,2
29143,50,7,43,2
29144,66,3,63,2
29146,56,8,48,2
29147,62,5,57,2
29148,55,5,50,2
29149,1,1,0,1
29150,45,13,32,2
29151,50,8,42,2
29152,58,5,53,2
29153,51,7,44,2
29154,65,8,57,2
29155,59,5,54,2
29156,53,9,44,2
29157,71,10,61,2
29158,60,7,53,2
29159,60,9,51,2
29160,51,4,47,2
29161,49,8,41,2
29162,54,9,45,2
29163,40,5,35,2
29164,52,8,44,2
29165,59,9,50,2
29166,68,6,62,2
29167,55,13,42,2
29168,55,6,49,2
29169,66,5,61,2
29170,57,10,47,2
29171,58,3,55,2
29172,65,10,55,2
29173,56,2,54,2
29174,47,9,38,2
29175,49,6,43,2
29176,52,10,42,2
29177,65,65,0,1
29179,65,7,58,2
29180,50,6,44,2
29181,50,8,42,2
29183,48,8,40,2
29184,49,4,45,2
29187,52,9,43,2
29188,40,6,34,2
29189,68,11,57,2
29190,57,10,47,2
29191,48,4,44,2
29192,5,5,0,1
29193,51,3,48,2
29194,54,5,49,2
29195,42,3,39,2
29196,64,9,55,2
29197,56,7,49,2
29198,51,5,46,2
29200,55,8,47,2
29201,45,4,41,2
29202,43,1,42,2
29203,46,3,43,2
29204,51,3,48,2
29205,6,0,6,1
29206,59,2,57,2
29207,54,6,48,2
29208,73,11,62,2
29209,40,4,36,2
29210,52,5,47,2
29211,56,6,50,2
29212,50,4,46,2
29213,55,5,50,2
29214,57,4,53,2
29215,46,1,45,2
29216,64,11,53,2
29217,64,9,55,2
29218,60,4,56,2
29220,56,5,51,2
29221,58,6,52,2
29223,67,5,62,2
29224,52,9,43,2
29225,54,5,49,2
29226,49,4,45,2
29227,56,7,49,2
29228,57,11,46,2
29229,48,5,43,2
29230,61,11,50,2
29231,64,7,57,2
29233,75,2,73,2
29234,52,10,42,2
29236,46,4,42,2
29237,56,9,47,2
29238,56,6,50,2
29239,39,5,34,2
29240,2,2,0,1
29241,1,0,1,1
29242,3,2,1,2
29243,68,11,57,2
29244,53,7,46,2
29245,60,3,57,2
29246,52,6,46,2
29247,58,8,50,2
29248,63,7,56,2
29249,54,7,47,2
29250,49,7,42,2
29251,58,6,52,2
29252,64,5,59,2
29253,53,8,45,2
29254,51,1,50,2
29256,39,28,11,2
29257,44,4,40,2
29258,55,12,43,2
29259,50,6,44,2
29260,57,6,51,2
29261,62,10,52,2
29262,55,8,47,2
29263,53,5,48,2
29264,48,4,44,2
29265,62,5,57,2
29266,64,5,59,2
29267,54,3,51,2
29269,39,5,34,2
29270,50,6,44,2
29271,51,7,44,2
29272,56,5,51,2
29273,63,8,55,2
29275,51,6,45,2
29276,56,8,48,2
29277,65,6,59,2
29278,48,4,44,2
29279,66,7,59,2
29280,51,2,49,2
29281,51,8,43,2
29282,44,1,43,2
29283,58,7,51,2
29284,67,7,60,2
29285,36,7,29,2
29286,45,1,44,2
29288,51,10,41,2
29289,58,8,50,2
29290,58,7,51,2
29291,64,9,55,2
29292,70,7,63,2
29293,53,9,44,2
29294,57,7,50,2
29295,41,6,35,2
29296,48,7,41,2
29297,57,8,49,2
29298,52,6,46,2
29300,53,6,47,2
29301,13,13,0,1
29302,67,4,63,2
29303,51,6,45,2
29304,10,10,0,1
29305,58,5,53,2
29306,64,8,56,2
29307,57,8,49,2
29308,1,0,1,1
29309,121,56,65,2
29311,50,5,45,2
29313,48,4,44,2
29314,45,7,38,2
29315,47,3,44,2
29317,58,8,50,2
29319,52,9,43,2
29320,50,3,47,2
29321,55,6,49,2
29322,64,7,57,2
29323,33,2,31,2
29324,56,11,45,2
29325,40,5,35,2
29326,65,7,58,2
29327,48,5,43,2
29328,54,6,48,2
29329,44,6,38,2
29330,51,5,46,2
29331,41,7,34,2
29332,54,8,46,2
29333,53,7,46,2
29334,66,8,58,2
29336,60,6,54,2
29337,61,5,56,2
29338,59,5,54,2
29339,49,5,44,2
29340,51,9,42,2
29341,64,8,56,2
29342,54,8,46,2
29343,55,7,48,2
29344,53,5,48,2
29345,53,7,46,2
29346,48,4,44,2
29348,62,6,56,2
29349,59,10,49,2
29350,57,9,48,2
29351,40,4,36,2
29352,62,8,54,2
29353,64,4,60,2
29354,48,10,38,2
29355,47,6,41,2
29357,50,3,47,2
29358,45,5,40,2
29359,5,1,4,2
29360,48,6,42,2
29361,54,7,47,2
29362,63,7,56,2
29363,31,31,0,1
29364,53,7,46,2
29367,58,6,52,2
29368,66,11,55,2
29369,47,2,45,2
29370,67,8,59,2
29371,53,3,50,2
29372,47,4,43,2
29374,70,15,55,2
29375,59,3,56,2
29376,54,12,42,2
29377,46,10,36,2
29378,48,5,43,2
29379,57,4,53,2
29380,1,0,1,1
29381,10,7,3,2
29382,59,5,54,2
29383,53,4,49,2
29384,48,3,45,2
29385,63,8,55,2
29386,51,4,47,2
29387,61,10,51,2
29389,46,8,38,2
29391,49,4,45,2
29393,56,6,50,2
29394,47,8,39,2
29395,56,8,48,2
29396,59,8,51,2
29398,57,5,52,2
29399,62,12,50,2
29400,61,10,51,2
29401,50,4,46,2
29402,58,4,54,2
29403,52,7,45,2
29404,51,5,46,2
29406,56,5,51,2
29407,61,12,49,2
29408,56,6,50,2
29409,63,8,55,2
29410,61,9,52,2
29411,59,9,50,2
29412,66,12,54,2
29413,59,6,53,2
29414,46,4,42,2
29415,61,8,53,2
29416,2,0,2,1
29417,3,3,0,1
29418,53,5,48,2
29419,57,6,51,2
29420,65,19,46,2
29421,33,6,27,2
29422,24,23,1,2
29423,49,4,45,2
29424,39,2,37,2
29425,48,5,43,2
29426,61,4,57,2
29427,42,3,39,2
29428,60,4,56,2
29429,56,8,48,2
29430,62,6,56,2
29431,54,7,47,2
29433,61,12,49,2
29434,46,6,40,2
29435,61,11,50,2
29436,54,4,50,2
29437,48,5,43,2
29438,54,9,45,2
29439,42,1,41,2
29440,58,4,54,2
29441,46,4,42,2
29442,56,11,45,2
29443,2,2,0,1
29444,47,4,43,2
29445,49,4,45,2
29446,59,8,51,2
29447,52,9,43,2
29448,60,7,53,2
29449,44,6,38,2
29450,46,4,42,2
29451,51,7,44,2
29452,60,55,5,2
29453,51,4,47,2
29454,70,7,63,2
29457,78,13,65,2
29458,48,5,43,2
29459,61,4,57,2
29460,51,10,41,2
29461,63,5,58,2
29462,55,3,52,2
29463,56,11,45,2
29464,50,8,42,2
29465,62,10,52,2
29466,33,28,5,2
29467,48,6,42,2
29468,61,3,58,2
29469,31,6,25,2
29470,50,8,42,2
29471,50,4,46,2
29472,3,0,3,1
29474,65,8,57,2
29475,59,9,50,2
29476,50,9,41,2
29478,62,13,49,2
29479,54,3,51,2
29481,56,9,47,2
29482,55,5,50,2
29483,59,4,55,2
29484,64,7,57,2
29485,45,3,42,2
29486,56,6,50,2
29487,77,77,0,1
29488,50,4,46,2
29489,54,4,50,2
29490,48,7,41,2
29491,49,6,43,2
29492,49,3,46,2
29493,53,2,51,2
29494,69,5,64,2
29495,49,5,44,2
29496,39,7,32,2
29497,49,5,44,2
29498,54,8,46,2
29499,68,7,61,2
29501,56,6,50,2
29502,54,4,50,2
29503,61,6,55,2
29504,48,0,48,1
29505,60,5,55,2
29506,46,5,41,2
29507,64,7,57,2
29508,50,9,41,2
29511,58,5,53,2
29512,64,5,59,2
29513,63,7,56,2
29514,52,6,46,2
29515,43,8,35,2
29516,49,8,41,2
29517,41,6,35,2
29518,55,2,53,2
29520,48,4,44,2
29521,61,4,57,2
29522,55,7,48,2
29523,63,6,57,2
29524,51,7,44,2
29525,47,5,42,2
29526,61,6,55,2
29527,62,7,55,2
29528,42,9,33,2
29529,69,7,62,2
29530,58,8,50,2
29531,50,6,44,2
29533,48,6,42,2
29534,56,7,49,2
29536,44,3,41,2
29538,2,2,0,1
29539,41,3,38,2
29540,44,5,39,2
29541,69,6,63,2
29542,43,22,21,2
29543,51,8,43,2
29544,49,8,41,2
29545,62,10,52,2
29546,51,3,48,2
29547,58,4,54,2
29548,64,8,56,2
29549,45,7,38,2
29550,50,10,40,2
29551,38,2,36,2
29552,54,3,51,2
29553,46,7,39,2
29554,63,9,54,2
29555,56,3,53,2
29556,48,3,45,2
29557,52,5,47,2
29558,57,3,54,2
29559,44,2,42,2
29560,56,4,52,2
29561,52,3,49,2
29562,8,0,8,1
29563,58,9,49,2
29564,41,41,0,1
29565,51,4,47,2
29566,53,8,45,2
29567,57,5,52,2
29568,59,6,53,2
29569,58,4,54,2
29570,1,0,1,1
29571,64,3,61,2
29572,58,7,51,2
29573,49,3,46,2
29575,2,1,1,2
29576,55,8,47,2
29577,53,6,47,2
29579,57,7,50,2
29580,54,1,53,2
29581,44,8,36,2
29582,11,10,1,2
29583,14,12,2,2
29584,65,8,57,2
29585,8,8,0,1
29586,24,22,2,2
29588,66,6,60,2
29589,56,7,49,2
29590,61,8,53,2
29591,63,7,56,2
29592,66,10,56,2
29593,49,3,46,2
29594,46,46,0,1
29595,55,8,47,2
29596,53,5,48,2
29597,60,10,50,2
29598,57,7,50,2
29599,6,0,6,1
29600,8,8,0,1
29601,69,5,64,2
29602,23,1,22,2
29603,74,7,67,2
29604,47,6,41,2
29605,48,9,39,2
29606,55,8,47,2
29607,64,11,53,2
29608,54,6,48,2
29609,60,5,55,2
29610,65,9,56,2
29611,53,12,41,2
29612,45,7,38,2
29613,55,5,50,2
29614,48,12,36,2
29615,45,6,39,2
29616,3,0,3,1
29617,53,12,41,2
29618,51,3,48,2
29619,49,6,43,2
29620,53,5,48,2
29621,62,6,56,2
29622,53,5,48,2
29623,63,6,57,2
29624,62,13,49,2
29625,69,5,64,2
29626,62,10,52,2
29627,51,4,47,2
29628,45,3,42,2
29629,77,7,70,2
29630,42,1,41,2
29631,48,8,40,2
29632,45,7,38,2
29633,48,4,44,2
29634,58,3,55,2
29635,58,9,49,2
29636,49,6,43,2
29637,53,7,46,2
29638,51,9,42,2
29639,57,8,49,2
29640,52,5,47,2
29641,74,8,66,2
29642,52,10,42,2
29643,70,12,58,2
29644,56,8,48,2
29645,69,9,60,2
29646,47,6,41,2
29647,55,9,46,2
29648,60,6,54,2
29649,58,7,51,2
29650,56,12,44,2
29651,54,6,48,2
29652,40,5,35,2
29653,42,41,1,2
29654,63,5,58,2
29655,48,5,43,2
29656,63,6,57,2
29657,59,2,57,2
29658,2,0,2,1
29659,49,7,42,2
29660,57,6,51,2
29661,48,7,41,2
29662,57,8,49,2
29663,55,7,48,2
29664,55,9,46,2
29665,55,7,48,2
29666,44,4,40,2
29667,49,4,45,2
29668,63,4,59,2
29669,53,7,46,2
29670,51,8,43,2
29672,50,7,43,2
29673,51,3,48,2
29674,54,5,49,2
29675,60,7,53,2
29676,56,6,50,2
29680,64,5,59,2
29681,51,3,48,2
29682,55,5,50,2
29683,58,11,47,2
29684,45,45,0,1
29686,59,3,56,2
29687,55,6,49,2
29688,51,14,37,2
29689,42,5,37,2
29690,49,11,38,2
29691,40,4,36,2
29692,52,6,46,2
29693,54,5,49,2
29694,53,5,48,2
29695,64,7,57,2
29696,58,6,52,2
29697,52,8,44,2
29699,61,11,50,2
29700,53,5,48,2
29701,67,8,59,2
29702,48,2,46,2
29703,52,8,44,2
29704,65,9,56,2
29705,52,2,50,2
29706,57,7,50,2
29707,67,5,62,2
29708,60,7,53,2
29709,53,7,46,2
29710,53,9,44,2
29711,61,7,54,2
29712,61,10,51,2
29713,57,5,52,2
29714,63,3,60,2
29715,45,7,38,2
29717,49,5,44,2
29718,57,7,50,2
29719,56,9,47,2
29720,52,9,43,2
29721,24,0,24,1
29722,50,7,43,2
29723,68,8,60,2
29724,53,5,48,2
29725,53,9,44,2
29726,58,8,50,2
29727,39,4,35,2
29728,63,10,53,2
29730,52,10,42,2
29731,11,10,1,2
29732,59,6,53,2
29733,1,0,1,1
29734,51,8,43,2
29735,62,6,56,2
29736,59,7,52,2
29737,58,8,50,2
29738,71,8,63,2
29739,52,3,49,2
29740,62,7,55,2
29741,46,9,37,2
29742,65,12,53,2
29743,46,5,41,2
29744,50,6,44,2
29745,57,9,48,2
29746,47,7,40,2
29747,54,8,46,2
29748,57,3,54,2
29749,61,6,55,2
29750,58,7,51,2
29751,54,10,44,2
29752,1,0,1,1
29753,51,44,7,2
29754,40,4,36,2
29755,66,11,55,2
29756,56,3,53,2
29757,11,9,2,2
29758,52,5,47,2
29759,61,5,56,2
29760,43,7,36,2
29761,54,5,49,2
29762,60,4,56,2
29763,46,2,44,2
29764,63,7,56,2
29765,44,5,39,2
29766,67,8,59,2
29767,57,12,45,2
29768,60,7,53,2
29769,57,3,54,2
29770,64,4,60,2
29771,62,12,50,2
29772,48,4,44,2
29773,46,3,43,2
29774,58,4,54,2
29775,54,13,41,2
29776,52,5,47,2
29777,54,5,49,2
29778,55,11,44,2
29781,4,0,4,1
29782,55,6,49,2
29783,50,6,44,2
29784,43,6,37,2
29785,46,6,40,2
29786,69,9,60,2
29787,62,6,56,2
29788,59,3,56,2
29790,52,5,47,2
29791,53,5,48,2
29792,45,4,41,2
29793,45,3,42,2
29795,54,4,50,2
29796,53,9,44,2
29797,62,4,58,2
29798,71,11,60,2
29799,63,6,57,2
29801,58,7,51,2
29802,39,4,35,2
29804,61,5,56,2
29805,65,5,60,2
29806,57,7,50,2
29807,59,8,51,2
29808,50,4,46,2
29809,49,9,40,2
29810,40,4,36,2
29811,59,7,52,2
29812,70,11,59,2
29813,44,4,40,2
29814,54,4,50,2
29815,53,7,46,2
29816,52,8,44,2
29817,54,3,51,2
29818,22,22,0,1
29820,51,6,45,2
29821,51,9,42,2
29822,2,1,1,2
29823,44,6,38,2
29824,46,7,39,2
29825,51,3,48,2
29826,52,8,44,2
29827,54,11,43,2
29828,49,7,42,2
29829,52,4,48,2
29830,53,4,49,2
29831,54,3,51,2
29832,51,5,46,2
29833,53,4,49,2
29834,46,5,41,2
29835,62,7,55,2
29836,47,6,41,2
29837,59,5,54,2
29838,65,13,52,2
29839,47,6,41,2
29840,52,6,46,2
29841,46,5,41,2
29842,61,11,50,2
29844,47,6,41,2
29845,51,5,46,2
29846,59,6,53,2
29847,64,7,57,2
29848,1,0,1,1
29849,60,10,50,2
29850,1,1,0,1
29851,53,5,48,2
29852,55,5,50,2
29853,51,4,47,2
29854,60,8,52,2
29855,50,5,45,2
29856,54,8,46,2
29857,51,4,47,2
29858,65,8,57,2
29859,60,7,53,2
29860,66,7,59,2
29861,59,7,52,2
29862,48,6,42,2
29863,61,9,52,2
29864,71,6,65,2
29865,48,4,44,2
29866,47,6,41,2
29867,53,6,47,2
29868,66,7,59,2
29869,66,6,60,2
29870,63,6,57,2
29871,58,10,48,2
29872,51,6,45,2
29873,59,13,46,2
29874,48,2,46,2
29875,59,8,51,2
29876,46,6,40,2
29877,60,7,53,2
29879,37,2,35,2
29880,51,4,47,2
29881,74,13,61,2
29883,65,10,55,2
29884,56,5,51,2
29885,53,11,42,2
29886,51,51,0,1
29887,10,10,0,1
29888,67,9,58,2
29889,49,6,43,2
29890,59,10,49,2
29891,59,2,57,2
29893,50,5,45,2
29894,1,1,0,1
29895,38,3,35,2
29896,67,6,61,2
29897,70,11,59,2
29898,54,11,43,2
29899,36,10,26,2
29900,48,4,44,2
29901,60,3,57,2
29902,69,6,63,2
29903,2,0,2,1
29904,59,6,53,2
29906,48,8,40,2
29907,53,6,47,2
29908,69,10,59,2
29909,64,4,60,2
29910,50,5,45,2
29911,49,5,44,2
29912,75,5,70,2
29914,46,8,38,2
29915,53,13,40,2
29916,50,7,43,2
29917,55,4,51,2
29918,60,5,55,2
29919,45,9,36,2
29920,55,9,46,2
29921,1,1,0,1
29922,50,7,43,2
29924,55,4,51,2
29925,63,9,54,2
29926,65,6,59,2
29927,58,7,51,2
29928,42,3,39,2
29929,61,3,58,2
29930,56,8,48,2
29931,60,5,55,2
29932,47,4,43,2
29933,64,13,51,2
29934,59,6,53,2
29935,56,8,48,2
29936,53,8,45,2
29937,54,6,48,2
29938,64,6,58,2
29939,54,9,45,2
29940,55,7,48,2
29941,46,5,41,2
29942,60,10,50,2
29943,53,6,47,2
29944,53,8,45,2
29945,64,7,57,2
29946,70,10,60,2
29947,53,6,47,2
29948,65,11,54,2
29949,40,2,38,2
29950,38,5,33,2
29951,58,6,52,2
29952,44,8,36,2
29953,53,9,44,2
29954,58,5,53,2
29955,61,11,50,2
29956,49,5,44,2
29957,66,6,60,2
29958,71,8,63,2
29959,47,5,42,2
29960,54,6,48,2
29961,54,6,48,2
29962,54,7,47,2
29963,54,6,48,2
29964,59,10,49,2
29965,68,8,60,2
29966,53,4,49,2
29967,50,6,44,2
29968,44,10,34,2
29969,65,7,58,2
29970,66,8,58,2
29972,1,0,1,1
29973,57,9,48,2
29974,53,6,47,2
29975,54,3,51,2
29976,38,9,29,2
29977,61,6,55,2
29978,54,7,47,2
29979,48,7,41,2
29980,66,9,57,2
29982,33,0,33,1
29983,26,26,0,1
29984,57,10,47,2
29985,45,7,38,2
29986,54,8,46,2
29987,50,8,42,2
29988,47,3,44,2
29989,57,2,55,2
29990,55,6,49,2
29993,51,3,48,2
29994,53,5,48,2
29995,57,11,46,2
29996,50,4,46,2
29997,48,13,35,2
29998,50,6,44,2
29999,51,8,43,2
30000,51,8,43,2
30001,62,10,52,2
30002,55,6,49,2
30003,59,11,48,2
30004,62,7,55,2
30005,47,6,41,2
30006,49,3,46,2
30007,51,6,45,2
30008,50,11,39,2
30009,53,5,48,2
30010,51,7,44,2
30011,43,10,33,2
30012,56,5,51,2
30013,57,6,51,2
30014,57,5,52,2
30016,53,6,47,2
30017,63,8,55,2
30018,56,6,50,2
30019,58,3,55,2
30020,56,4,52,2
30021,47,7,40,2
30022,53,8,45,2
30023,40,4,36,2
30024,60,10,50,2
30026,61,2,59,2
30027,52,12,40,2
30028,59,5,54,2
30029,39,21,18,2
30030,51,6,45,2
30031,51,4,47,2
30032,57,7,50,2
30033,59,10,49,2
30034,2,0,2,1
30035,58,13,45,2
30038,71,13,58,2
30039,60,11,49,2
30040,61,6,55,2
30041,60,6,54,2
30042,46,5,41,2
30043,44,5,39,2
30044,37,2,35,2
30045,2,0,2,1
30046,57,3,54,2
30047,58,6,52,2
30048,54,8,46,2
30049,53,4,49,2
30050,53,5,48,2
30051,52,6,46,2
30052,62,8,54,2
30054,61,8,53,2
30055,48,4,44,2
30056,51,4,47,2
30057,55,4,51,2
30058,59,8,51,2
30059,39,1,38,2
30060,47,6,41,2
30061,48,4,44,2
30062,70,4,66,2
30063,43,3,40,2
30064,56,6,50,2
30065,42,7,35,2
30066,54,7,47,2
30067,57,5,52,2
30069,16,0,16,1
30070,1,0,1,1
30071,62,7,55,2
30072,56,4,52,2
30073,44,5,39,2
30074,38,6,32,2
30075,55,11,44,2
30076,46,8,38,2
30077,71,10,61,2
30078,49,9,40,2
30079,54,4,50,2
30080,2,0,2,1
30081,49,4,45,2
30083,61,10,51,2
30084,63,6,57,2
30085,48,4,44,2
30086,49,5,44,2
30087,42,2,40,2
30088,60,7,53,2
30089,52,4,48,2
30090,43,6,37,2
30091,56,4,52,2
30092,58,7,51,2
30093,48,6,42,2
30094,55,7,48,2
30095,56,8,48,2
30096,42,2,40,2
30097,48,5,43,2
30098,68,2,66,2
30099,62,11,51,2
30100,59,10,49,2
30101,43,7,36,2
30102,64,4,60,2
30104,53,7,46,2
30105,68,8,60,2
30106,59,7,52,2
30107,65,5,60,2
30108,56,7,49,2
30109,56,4,52,2
30110,58,8,50,2
30111,68,10,58,2
30112,52,5,47,2
30113,47,3,44,2
30114,55,9,46,2
30115,53,11,42,2
30116,48,5,43,2
30117,56,10,46,2
30118,52,5,47,2
30119,51,7,44,2
30120,54,7,47,2
30121,61,11,50,2
30122,51,5,46,2
30123,53,5,48,2
30124,57,11,46,2
30125,56,9,47,2
30126,61,6,55,2
30127,1,0,1,1
30128,59,8,51,2
30129,48,5,43,2
30130,47,3,44,2
30131,62,12,50,2
30134,59,3,56,2
30135,56,6,50,2
30136,1,1,0,1
30137,67,7,60,2
30138,65,9,56,2
30140,56,10,46,2
30141,50,10,40,2
30142,50,9,41,2
30143,54,3,51,2
30144,51,9,42,2
30145,59,8,51,2
30146,54,8,46,2
30147,54,8,46,2
30148,37,2,35,2
30149,68,11,57,2
30150,49,5,44,2
30153,65,6,59,2
30154,70,8,62,2
30155,54,12,42,2
30156,52,5,47,2
30157,50,5,45,2
30158,66,10,56,2
30161,44,6,38,2
30162,57,13,44,2
30164,58,4,54,2
30165,68,6,62,2
30166,54,4,50,2
30168,62,16,46,2
30170,60,10,50,2
30171,51,6,45,2
30172,46,5,41,2
30173,47,7,40,2
30174,61,8,53,2
30175,57,9,48,2
30176,61,6,55,2
30177,55,5,50,2
30178,60,9,51,2
30179,61,1,60,2
30180,53,9,44,2
30181,48,4,44,2
30182,50,8,42,2
30184,2,1,1,2
30185,61,7,54,2
30186,43,4,39,2
30187,54,6,48,2
30188,46,3,43,2
30189,68,67,1,2
30190,52,6,46,2
30191,57,7,50,2
30192,54,5,49,2
30193,56,9,47,2
30195,46,7,39,2
30196,4,4,0,1
30197,1,1,0,1
30198,44,8,36,2
30200,57,9,48,2
30201,44,7,37,2
30202,70,5,65,2
30204,41,5,36,2
30205,59,9,50,2
30206,51,8,43,2
30207,65,6,59,2
30208,39,2,37,2
30209,59,1,58,2
30210,51,6,45,2
30211,59,8,51,2
30212,62,8,54,2
30213,48,8,40,2
30214,56,4,52,2
30215,54,4,50,2
30216,1,0,1,1
30218,65,9,56,2
30220,62,7,55,2
30221,60,9,51,2
30222,56,10,46,2
30223,58,5,53,2
30224,58,8,50,2
30225,50,4,46,2
30226,52,9,43,2
30227,66,10,56,2
30228,46,8,38,2
30229,56,10,46,2
30230,63,9,54,2
30231,48,4,44,2
30232,54,10,44,2
30233,58,7,51,2
30234,62,7,55,2
30235,5,2,3,2
30236,1,1,0,1
30237,58,6,52,2
30238,54,11,43,2
30239,1,0,1,1
30240,54,5,49,2
30241,62,8,54,2
30242,59,5,54,2
30243,54,9,45,2
30244,60,7,53,2
30245,52,5,47,2
30246,62,9,53,2
30247,55,10,45,2
30248,49,5,44,2
30249,39,38,1,2
30250,52,7,45,2
30251,53,3,50,2
30252,50,4,46,2
30253,59,6,53,2
30254,63,9,54,2
30256,60,11,49,2
30257,57,6,51,2
30258,56,6,50,2
30259,65,13,52,2
30260,60,7,53,2
30261,51,5,46,2
30262,62,9,53,2
30263,46,7,39,2
30264,64,9,55,2
30265,58,6,52,2
30266,60,3,57,2
30268,51,2,49,2
30270,43,9,34,2
30271,65,5,60,2
30272,45,4,41,2
30273,61,8,53,2
30274,2,0,2,1
30275,51,9,42,2
30276,69,8,61,2
30277,55,7,48,2
30278,46,10,36,2
30279,1,0,1,1
30280,41,4,37,2
30281,54,7,47,2
30282,61,2,59,2
30283,57,7,50,2
30285,46,5,41,2
30287,53,1,52,2
30288,55,8,47,2
30289,2,2,0,1
30290,2,1,1,2
30291,46,2,44,2
30292,54,6,48,2
30294,56,6,50,2
30295,42,5,37,2
30297,55,6,49,2
30299,57,57,0,1
30300,47,1,46,2
30301,65,65,0,1
30304,50,5,45,2
30305,50,3,47,2
30306,59,6,53,2
30307,2,2,0,1
30308,5,1,4,2
30309,6,4,2,2
30310,5,0,5,1
30311,13,13,0,1
30313,66,7,59,2
30314,2,0,2,1
30315,58,5,53,2
30316,47,5,42,2
30317,62,9,53,2
30318,65,5,60,2
30319,52,8,44,2
30320,52,6,46,2
30322,55,6,49,2
30323,56,3,53,2
30324,54,6,48,2
30326,63,5,58,2
30327,59,4,55,2
30329,61,8,53,2
30330,51,7,44,2
30331,48,2,46,2
30332,38,5,33,2
30333,57,11,46,2
30334,4,1,3,2
30335,49,5,44,2
30336,39,3,36,2
30337,63,8,55,2
30338,62,7,55,2
30339,54,10,44,2
30340,54,5,49,2
30341,49,11,38,2
30342,7,6,1,2
30343,66,10,56,2
30345,41,5,36,2
30346,68,12,56,2
30347,63,8,55,2
30348,61,8,53,2
30349,75,10,65,2
30350,67,5,62,2
30351,52,4,48,2
30352,60,4,56,2
30353,47,2,45,2
30354,60,10,50,2
30356,60,7,53,2
30357,61,10,51,2
30358,47,4,43,2
30359,69,12,57,2
30360,50,4,46,2
30361,57,11,46,2
30362,60,11,49,2
30363,57,5,52,2
30364,54,5,49,2
30365,50,4,46,2
30366,60,9,51,2
30367,59,6,53,2
30368,7,6,1,2
30369,55,4,51,2
30371,52,5,47,2
30372,55,11,44,2
30373,58,9,49,2
30374,52,4,48,2
30376,51,9,42,2
30377,63,8,55,2
30378,62,11,51,2
30379,49,3,46,2
30380,51,3,48,2
30382,52,6,46,2
30383,35,4,31,2
30384,57,5,52,2
30385,1,0,1,1
30386,41,6,35,2
30387,60,6,54,2
30388,51,3,48,2
30389,46,4,42,2
30390,57,7,50,2
30391,57,7,50,2
30392,60,4,56,2
30393,50,6,44,2
30396,34,2,32,2
30397,2,2,0,1
30398,45,1,44,2
30399,58,10,48,2
30400,51,7,44,2
30401,62,6,56,2
30402,55,11,44,2
30403,63,7,56,2
30404,57,6,51,2
30406,52,7,45,2
30407,61,5,56,2
30408,71,7,64,2
30409,32,26,6,2
30410,57,8,49,2
30411,59,6,53,2
30412,39,4,35,2
30413,57,2,55,2
30414,52,7,45,2
30416,62,6,56,2
30417,59,4,55,2
30418,47,6,41,2
30420,65,5,60,2
30421,54,6,48,2
30422,51,6,45,2
30424,41,5,36,2
30426,47,4,43,2
30427,52,11,41,2
30428,63,8,55,2
30429,59,8,51,2
30431,62,3,59,2
30432,61,12,49,2
30433,43,6,37,2
30434,2,2,0,1
30435,42,7,35,2
30436,46,10,36,2
30438,54,4,50,2
30439,69,9,60,2
30440,48,4,44,2
30441,52,5,47,2
30442,45,3,42,2
30444,57,8,49,2
30445,63,9,54,2
30446,44,3,41,2
30447,61,5,56,2
30448,51,6,45,2
30450,59,11,48,2
30451,49,11,38,2
30452,61,13,48,2
30453,50,8,42,2
30454,67,9,58,2
30455,48,4,44,2
30456,55,7,48,2
30457,55,3,52,2
30458,56,11,45,2
30459,65,11,54,2
30461,53,7,46,2
30462,58,9,49,2
30464,70,8,62,2
30465,51,5,46,2
30466,44,7,37,2
30467,64,8,56,2
30469,47,5,42,2
30470,50,8,42,2
30471,52,7,45,2
30473,50,10,40,2
30475,40,4,36,2
30476,39,3,36,2
30477,56,9,47,2
30478,59,8,51,2
30479,62,10,52,2
30480,48,5,43,2
30481,71,8,63,2
30482,57,8,49,2
30483,40,4,36,2
30484,61,7,54,2
30486,46,6,40,2
30487,44,9,35,2
30488,60,7,53,2
30489,47,8,39,2
30490,51,3,48,2
30491,47,5,42,2
30492,59,9,50,2
30493,3,0,3,1
30494,58,9,49,2
30495,46,5,41,2
30496,48,4,44,2
30497,52,7,45,2
30499,53,6,47,2
30500,17,2,15,2
30501,65,9,56,2
30502,53,8,45,2
30503,38,2,36,2
30504,58,12,46,2
30505,50,7,43,2
30506,62,9,53,2
30507,64,59,5,2
30508,49,8,41,2
30509,46,9,37,2
30510,45,4,41,2
30511,53,7,46,2
30512,57,8,49,2
30513,60,11,49,2
30514,53,6,47,2
30515,60,8,52,2
30516,47,6,41,2
30517,62,13,49,2
30518,66,11,55,2
30519,62,5,57,2
30520,65,10,55,2
30521,58,3,55,2
30522,49,4,45,2
30523,68,7,61,2
30524,57,6,51,2
30525,62,9,53,2
30526,52,6,46,2
30527,45,7,38,2
30528,51,9,42,2
30529,47,2,45,2
30530,68,10,58,2
30533,49,10,39,2
30534,51,9,42,2
30536,54,9,45,2
30537,63,8,55,2
30538,47,8,39,2
30539,62,7,55,2
30540,64,7,57,2
30541,66,13,53,2
30542,53,10,43,2
30543,39,3,36,2
30544,7,6,1,2
30545,1,0,1,1
30546,41,2,39,2
30547,50,7,43,2
30548,47,2,45,2
30549,3,1,2,2
30550,60,5,55,2
30551,47,9,38,2
30552,53,4,49,2
30553,62,5,57,2
30555,1,0,1,1
30556,46,5,41,2
30557,25,0,25,1
30558,49,6,43,2
30559,45,6,39,2
30560,56,9,47,2
30561,42,5,37,2
30562,44,6,38,2
30563,45,4,41,2
30564,76,6,70,2
30565,61,10,51,2
30566,54,2,52,2
30567,53,2,51,2
30568,61,10,51,2
30569,58,3,55,2
30570,66,8,58,2
30571,56,6,50,2
30572,45,9,36,2
30573,59,7,52,2
30574,58,12,46,2
30575,49,9,40,2
30576,46,9,37,2
30577,61,8,53,2
30578,51,4,47,2
30579,50,8,42,2
30580,59,11,48,2
30581,58,9,49,2
30582,59,6,53,2
30583,50,8,42,2
30584,44,1,43,2
30585,47,4,43,2
30586,47,2,45,2
30587,58,11,47,2
30588,61,7,54,2
30589,56,7,49,2
30590,58,9,49,2
30592,61,6,55,2
30593,54,7,47,2
30595,68,10,58,2
30596,66,8,58,2
30597,47,4,43,2
30599,66,7,59,2
30600,43,3,40,2
30601,51,4,47,2
30602,40,4,36,2
30603,62,4,58,2
30604,60,7,53,2
30605,42,2,40,2
30606,54,8,46,2
30607,51,6,45,2
30608,53,8,45,2
30609,2,0,2,1
30610,68,9,59,2
30611,60,5,55,2
30612,70,8,62,2
30614,69,6,63,2
30615,67,7,60,2
30616,48,6,42,2
30617,51,7,44,2
30619,40,6,34,2
30620,52,5,47,2
30621,51,9,42,2
30622,69,6,63,2
30623,45,8,37,2
30624,54,7,47,2
30625,47,5,42,2
30626,55,5,50,2
30627,70,8,62,2
30628,47,2,45,2
30631,56,8,48,2
30632,59,6,53,2
30633,63,10,53,2
30634,72,11,61,2
30635,47,7,40,2
30636,57,6,51,2
30637,47,7,40,2
30638,62,5,57,2
30639,62,8,54,2
30640,63,4,59,2
30641,63,15,48,2
30642,44,6,38,2
30643,64,5,59,2
30644,55,4,51,2
30646,61,8,53,2
30647,61,7,54,2
30648,49,6,43,2
30649,61,9,52,2
30650,59,5,54,2
30651,44,9,35,2
30652,50,9,41,2
30653,54,6,48,2
30654,48,3,45,2
30655,49,5,44,2
30656,59,8,51,2
30658,66,8,58,2
30659,44,4,40,2
30660,47,6,41,2
30661,45,10,35,2
30662,54,3,51,2
30664,63,7,56,2
30665,47,3,44,2
30667,51,7,44,2
30668,67,11,56,2
30669,2,1,1,2
30670,61,5,56,2
30671,61,7,54,2
30673,52,5,47,2
30674,4,0,4,1
30675,39,7,32,2
30676,55,5,50,2
30677,44,6,38,2
30678,54,8,46,2
30679,56,8,48,2
30680,53,7,46,2
30681,52,6,46,2
30682,53,8,45,2
30683,53,9,44,2
30684,49,5,44,2
30685,44,8,36,2
30686,46,6,40,2
30687,69,8,61,2
30688,42,6,36,2
30689,50,5,45,2
30690,69,7,62,2
30691,58,10,48,2
30692,66,10,56,2
30693,57,6,51,2
30694,3,2,1,2
30695,50,4,46,2
30696,63,7,56,2
30697,5,0,5,1
30698,52,8,44,2
30699,2,2,0,1
30700,38,1,37,2
30701,49,7,42,2
30702,46,2,44,2
30703,67,7,60,2
30704,66,61,5,2
30706,61,7,54,2
30707,55,8,47,2
30708,58,6,52,2
30709,39,3,36,2
30710,58,8,50,2
30711,59,3,56,2
30713,48,6,42,2
30715,50,5,45,2
30717,61,8,53,2
30718,55,5,50,2
30719,53,6,47,2
30720,41,7,34,2
30721,60,3,57,2
30722,51,4,47,2
30723,71,8,63,2
30725,62,7,55,2
30726,55,6,49,2
30727,52,8,44,2
30728,57,10,47,2
30729,54,2,52,2
30730,60,10,50,2
30731,60,11,49,2
30732,57,8,49,2
30733,62,10,52,2
30734,62,8,54,2
30735,58,7,51,2
30736,60,6,54,2
30737,42,5,37,2
30738,56,9,47,2
30739,56,10,46,2
30740,47,5,42,2
30741,49,6,43,2
30742,70,6,64,2
30743,49,8,41,2
30744,64,4,60,2
30745,11,4,7,2
30746,46,4,42,2
30747,48,8,40,2
30748,53,3,50,2
30749,62,12,50,2
30750,57,6,51,2
30751,66,6,60,2
30752,45,8,37,2
30753,1,1,0,1
30754,60,8,52,2
30755,62,5,57,2
30756,44,7,37,2
30758,43,6,37,2
30759,68,9,59,2
30760,50,7,43,2
30761,53,3,50,2
30762,51,6,45,2
30763,59,9,50,2
30764,63,5,58,2
30765,65,12,53,2
30766,53,0,53,1
30767,60,10,50,2
30768,43,3,40,2
30770,45,8,37,2
30772,55,9,46,2
30773,2,0,2,1
30774,55,8,47,2
30775,60,10,50,2
30776,57,7,50,2
30777,62,6,56,2
30778,55,10,45,2
30779,55,8,47,2
30781,55,5,50,2
30782,59,8,51,2
30784,55,6,49,2
30785,56,6,50,2
30786,47,6,41,2
30787,50,3,47,2
30788,14,4,10,2
30789,44,5,39,2
30791,52,9,43,2
30792,5,0,5,1
30793,53,6,47,2
30794,50,8,42,2
30795,50,5,45,2
30796,56,9,47,2
30797,12,12,0,1
30799,53,6,47,2
30800,54,3,51,2
30801,50,2,48,2
30802,56,4,52,2
30804,48,9,39,2
30805,56,9,47,2
30806,59,6,53,2
30807,47,4,43,2
30808,59,3,56,2
30809,3,1,2,2
30810,58,2,56,2
30811,2,0,2,1
30812,64,4,60,2
30813,61,13,48,2
30814,2,0,2,1
30815,54,12,42,2
30816,60,57,3,2
30817,62,9,53,2
30818,49,6,43,2
30819,54,3,51,2
30820,53,4,49,2
30821,54,9,45,2
30822,57,6,51,2
30823,53,6,47,2
30824,63,5,58,2
30825,3,0,3,1
30826,65,9,56,2
30827,60,8,52,2
30828,63,4,59,2
30829,42,3,39,2
30830,49,7,42,2
30831,37,0,37,1
30832,37,3,34,2
30833,56,5,51,2
30834,58,13,45,2
30835,62,17,45,2
30836,56,7,49,2
30837,59,3,56,2
30838,50,4,46,2
30839,48,5,43,2
30840,44,5,39,2
30841,7,6,1,2
30842,3,3,0,1
30843,52,5,47,2
30844,52,6,46,2
30845,57,52,5,2
30846,61,8,53,2
30847,45,3,42,2
30848,55,8,47,2
30849,39,4,35,2
30851,61,6,55,2
30852,42,0,42,1
30853,63,15,48,2
30855,67,4,63,2
30856,44,4,40,2
30857,56,10,46,2
30860,46,6,40,2
30861,49,5,44,2
30862,51,4,47,2
30863,42,4,38,2
30864,51,5,46,2
30865,65,2,63,2
30866,67,7,60,2
30867,48,3,45,2
30869,56,9,47,2
30871,55,6,49,2
30873,60,9,51,2
30874,66,4,62,2
30875,52,11,41,2
30876,60,7,53,2
30877,45,7,38,2
30878,62,9,53,2
30879,56,4,52,2
30880,58,8,50,2
30881,55,3,52,2
30882,53,7,46,2
30883,38,3,35,2
30884,47,6,41,2
30885,53,8,45,2
30886,66,12,54,2
30888,48,8,40,2
30889,55,6,49,2
30890,45,8,37,2
30891,52,4,48,2
30892,57,7,50,2
30893,73,8,65,2
30894,54,9,45,2
30895,52,4,48,2
30896,42,8,34,2
30898,62,8,54,2
30899,67,7,60,2
30900,62,8,54,2
30903,42,2,40,2
30904,48,8,40,2
30905,42,5,37,2
30906,51,5,46,2
30907,1,1,0,1
30908,48,7,41,2
30911,53,1,52,2
30912,45,6,39,2
30913,66,7,59,2
30914,49,4,45,2
30915,65,10,55,2
30916,46,4,42,2
30917,49,5,44,2
30918,50,6,44,2
30919,40,4,36,2
30920,62,8,54,2
30921,61,55,6,2
30922,59,10,49,2
30925,53,7,46,2
30926,55,3,52,2
30927,51,11,40,2
30928,41,9,32,2
30929,65,5,60,2
30930,51,8,43,2
30931,56,7,49,2
30932,52,2,50,2
30933,49,7,42,2
30934,70,6,64,2
30936,60,4,56,2
30938,56,6,50,2
30939,67,8,59,2
30940,50,4,46,2
30941,55,13,42,2
30942,64,10,54,2
30943,45,8,37,2
30944,20,16,4,2
30945,55,4,51,2
30946,50,4,46,2
30947,52,6,46,2
30948,66,10,56,2
30949,59,7,52,2
30950,47,3,44,2
30951,62,8,54,2
30952,54,4,50,2
30953,45,6,39,2
30954,16,12,4,2
30955,2,2,0,1
30957,58,5,53,2
30958,51,4,47,2
30959,11,10,1,2
30960,5,2,3,2
30961,55,8,47,2
30962,60,6,54,2
30963,54,5,49,2
30964,167,167,0,1
30965,53,7,46,2
30966,54,1,53,2
30967,54,13,41,2
30969,47,5,42,2
30970,50,7,43,2
30971,53,6,47,2
30972,59,11,48,2
30973,56,9,47,2
30974,48,9,39,2
30975,52,6,46,2
30977,1,1,0,1
30979,50,5,45,2
30980,66,5,61,2
30981,51,1,50,2
30982,71,13,58,2
30983,4,2,2,2
30984,55,7,48,2
30985,57,7,50,2
30986,50,8,42,2
30987,2,1,1,2
30988,55,5,50,2
30989,66,11,55,2
30990,62,4,58,2
30991,53,3,50,2
30992,58,10,48,2
30993,22,3,19,2
30995,54,5,49,2
30996,65,7,58,2
30997,57,10,47,2
30998,51,5,46,2
30999,56,7,49,2
31000,47,4,43,2
31001,58,5,53,2
31002,42,3,39,2
31003,53,7,46,2
31004,56,5,51,2
31005,63,8,55,2
31006,55,5,50,2
31008,25,3,22,2
31009,51,7,44,2
31010,63,6,57,2
31011,59,3,56,2
31012,48,6,42,2
31013,1,0,1,1
31014,65,5,60,2
31015,51,9,42,2
31016,57,9,48,2
31017,1,0,1,1
31018,48,7,41,2
31021,59,7,52,2
31022,62,11,51,2
31023,55,7,48,2
31024,60,2,58,2
31025,56,5,51,2
31026,55,7,48,2
31027,53,5,48,2
31028,45,4,41,2
31029,56,4,52,2
31030,49,5,44,2
31031,48,5,43,2
31032,70,6,64,2
31033,67,9,58,2
31034,66,5,61,2
31036,51,12,39,2
31037,38,5,33,2
31038,50,9,41,2
31039,48,5,43,2
31041,56,7,49,2
31042,47,5,42,2
31043,47,8,39,2
31045,45,6,39,2
31047,68,6,62,2
31048,64,7,57,2
31049,26,18,8,2
31050,31,2,29,2
31051,53,1,52,2
31052,57,7,50,2
31054,59,4,55,2
31055,12,12,0,1
31056,58,8,50,2
31057,6,0,6,1
31058,34,1,33,2
31060,18,0,18,1
31062,53,2,51,2
31063,57,5,52,2
31064,66,6,60,2
31065,57,5,52,2
31066,52,6,46,2
31067,49,6,43,2
31069,27,0,27,1
31070,61,6,55,2
31072,4,4,0,1
31073,52,4,48,2
31074,66,10,56,2
31075,63,9,54,2
31076,46,7,39,2
31077,62,9,53,2
31078,64,7,57,2
31080,60,8,52,2
31081,72,9,63,2
31082,39,6,33,2
31083,55,5,50,2
31084,56,8,48,2
31086,56,8,48,2
31088,6,4,2,2
31089,55,7,48,2
31091,52,8,44,2
31092,54,10,44,2
31093,38,4,34,2
31094,35,2,33,2
31095,77,7,70,2
31097,51,7,44,2
31098,54,5,49,2
31099,66,4,62,2
31100,64,7,57,2
31101,2,2,0,1
31102,58,7,51,2
31103,62,8,54,2
31105,64,10,54,2
31107,63,6,57,2
31109,54,11,43,2
31110,58,9,49,2
31111,58,3,55,2
31112,56,8,48,2
31113,63,11,52,2
31114,52,9,43,2
31115,41,4,37,2
31116,64,7,57,2
31117,56,8,48,2
31118,43,5,38,2
31119,72,4,68,2
31120,42,5,37,2
31121,51,6,45,2
31122,60,5,55,2
31123,53,7,46,2
31124,50,4,46,2
31125,192,0,192,1
31126,64,6,58,2
31127,56,7,49,2
31128,50,3,47,2
31129,63,9,54,2
31130,47,5,42,2
31131,53,6,47,2
31132,70,4,66,2
31133,53,6,47,2
31134,58,10,48,2
31135,52,6,46,2
31136,55,6,49,2
31137,56,8,48,2
31138,59,6,53,2
31139,57,6,51,2
31140,58,12,46,2
31142,51,9,42,2
31143,61,10,51,2
31145,2,2,0,1
31148,48,5,43,2
31150,65,5,60,2
31151,50,4,46,2
31153,46,2,44,2
31154,47,12,35,2
31155,51,7,44,2
31156,52,10,42,2
31157,47,8,39,2
31158,46,2,44,2
31159,40,3,37,2
31160,1,0,1,1
31162,60,4,56,2
31163,42,5,37,2
31164,56,7,49,2
31165,3,1,2,2
31166,57,4,53,2
31167,8,8,0,1
31168,44,6,38,2
31169,97,95,2,2
31170,53,6,47,2
31172,51,6,45,2
31173,47,8,39,2
31174,44,6,38,2
31175,58,12,46,2
31176,5,5,0,1
31177,59,6,53,2
31178,47,3,44,2
31179,56,6,50,2
31180,49,4,45,2
31181,55,3,52,2
31182,50,3,47,2
31183,54,10,44,2
31184,7,0,7,1
31185,47,6,41,2
31186,55,7,48,2
31187,63,3,60,2
31188,49,4,45,2
31189,51,10,41,2
31190,48,5,43,2
31191,47,5,42,2
31192,56,6,50,2
31194,53,3,50,2
31195,51,3,48,2
31196,60,6,54,2
31197,47,3,44,2
31198,52,7,45,2
31199,1,1,0,1
31200,64,6,58,2
31201,63,10,53,2
31202,57,10,47,2
31204,51,6,45,2
31205,69,12,57,2
31207,58,6,52,2
31208,65,6,59,2
31209,43,5,38,2
31210,53,1,52,2
31211,5,5,0,1
31212,476,476,0,1
31213,55,3,52,2
31214,57,6,51,2
31215,6902,3,6899,2
31216,54,5,49,2
31217,59,7,52,2
31218,64,8,56,2
31219,64,7,57,2
31220,62,6,56,2
31221,55,11,44,2
31223,47,5,42,2
31225,49,3,46,2
31226,68,6,62,2
31227,52,5,47,2
31228,63,5,58,2
31229,55,8,47,2
31230,69,4,65,2
31231,58,5,53,2
31233,1,0,1,1
31234,61,4,57,2
31236,58,9,49,2
31237,59,8,51,2
31238,1,1,0,1
31239,57,11,46,2
31240,51,13,38,2
31242,44,4,40,2
31243,47,10,37,2
31245,60,5,55,2
31246,69,7,62,2
31247,50,12,38,2
31248,40,4,36,2
31250,55,8,47,2
31251,54,5,49,2
31252,54,6,48,2
31253,59,7,52,2
31254,14,0,14,1
31255,50,9,41,2
31256,59,10,49,2
31259,50,6,44,2
31260,54,7,47,2
31261,62,5,57,2
31262,47,4,43,2
31263,63,10,53,2
31264,53,4,49,2
31265,50,7,43,2
31266,59,10,49,2
31267,2,0,2,1
31268,54,12,42,2
31269,57,5,52,2
31271,76,13,63,2
31272,54,4,50,2
31273,1,0,1,1
31275,65,5,60,2
31276,63,4,59,2
31277,62,4,58,2
31279,65,6,59,2
31280,32,32,0,1
31281,56,7,49,2
31282,50,4,46,2
31283,67,10,57,2
31284,57,6,51,2
31285,53,7,46,2
31286,2,2,0,1
31287,49,4,45,2
31289,56,5,51,2
31290,50,7,43,2
31292,1,0,1,1
31293,51,7,44,2
31294,44,3,41,2
31296,45,6,39,2
31297,53,4,49,2
31298,39,11,28,2
31299,4,0,4,1
31301,45,7,38,2
31302,65,9,56,2
31304,59,6,53,2
31305,53,6,47,2
31306,52,5,47,2
31307,62,5,57,2
31308,45,2,43,2
31309,59,5,54,2
31310,49,4,45,2
31311,48,5,43,2
31312,42,8,34,2
31313,37,4,33,2
31314,47,6,41,2
31315,54,6,48,2
31316,35,4,31,2
31317,49,4,45,2
31318,54,8,46,2
31319,57,4,53,2
31322,54,5,49,2
31323,56,56,0,1
31324,43,4,39,2
31325,52,5,47,2
31326,42,5,37,2
31327,44,6,38,2
31328,69,8,61,2
31329,60,5,55,2
31330,49,5,44,2
31331,56,9,47,2
31332,51,2,49,2
31334,45,4,41,2
31336,53,11,42,2
31337,59,6,53,2
31338,58,5,53,2
31340,49,5,44,2
31341,48,9,39,2
31342,66,11,55,2
31343,47,8,39,2
31345,45,3,42,2
31346,46,7,39,2
31347,46,4,42,2
31348,53,6,47,2
31349,46,8,38,2
31350,54,12,42,2
31351,61,7,54,2
31352,57,10,47,2
31353,57,6,51,2
31354,48,11,37,2
31356,59,9,50,2
31357,48,4,44,2
31358,59,4,55,2
31359,49,5,44,2
31360,51,7,44,2
31361,51,5,46,2
31362,60,9,51,2
31363,60,3,57,2
31364,53,5,48,2
31365,57,6,51,2
31366,59,6,53,2
31367,42,1,41,2
31368,68,9,59,2
31369,57,13,44,2
31370,59,5,54,2
31371,43,8,35,2
31372,54,4,50,2
31373,56,10,46,2
31374,62,7,55,2
31375,52,5,47,2
31376,57,6,51,2
31377,46,11,35,2
31378,53,4,49,2
31379,54,2,52,2
31381,51,4,47,2
31382,58,11,47,2
31383,59,10,49,2
31384,18,9,9,2
31385,55,6,49,2
31386,55,9,46,2
31387,28,27,1,2
31388,52,8,44,2
31389,48,3,45,2
31390,56,9,47,2
31391,62,7,55,2
31392,57,8,49,2
31393,43,2,41,2
31394,60,4,56,2
31395,48,6,42,2
31398,58,6,52,2
31399,58,4,54,2
31400,49,4,45,2
31402,57,6,51,2
31403,59,4,55,2
31404,39,6,33,2
31405,43,5,38,2
31406,58,5,53,2
31407,49,6,43,2
31408,56,6,50,2
31409,1,1,0,1
31410,47,3,44,2
31411,40,7,33,2
31412,56,12,44,2
31413,51,10,41,2
31415,71,9,62,2
31416,55,6,49,2
31417,51,3,48,2
31418,56,11,45,2
31419,61,9,52,2
31420,54,3,51,2
31421,52,6,46,2
31422,6,6,0,1
31423,44,7,37,2
31424,50,9,41,2
31425,67,10,57,2
31426,3,0,3,1
31427,47,6,41,2
31428,58,6,52,2
31430,55,6,49,2
31431,62,9,53,2
31432,46,2,44,2
31433,54,3,51,2
31434,52,6,46,2
31435,1,0,1,1
31436,55,1,54,2
31437,66,4,62,2
31438,50,6,44,2
31439,61,7,54,2
31440,43,5,38,2
31442,2,1,1,2
31443,55,2,53,2
31444,64,10,54,2
31445,50,7,43,2
31446,59,6,53,2
31447,50,7,43,2
31448,53,2,51,2
31449,60,7,53,2
31450,125,0,125,1
31451,65,6,59,2
31452,53,11,42,2
31453,45,7,38,2
31454,53,5,48,2
31455,52,5,47,2
31457,60,7,53,2
31458,44,8,36,2
31459,47,6,41,2
31460,62,4,58,2
31461,60,9,51,2
31462,54,6,48,2
31463,57,5,52,2
31464,48,4,44,2
31465,50,6,44,2
31466,66,7,59,2
31467,48,10,38,2
31468,58,3,55,2
31469,59,6,53,2
31470,47,8,39,2
31471,53,3,50,2
31472,59,4,55,2
31473,52,8,44,2
31474,65,5,60,2
31475,57,4,53,2
31476,53,7,46,2
31477,43,7,36,2
31478,1,0,1,1
31479,61,7,54,2
31480,64,8,56,2
31481,8,1,7,2
31482,51,3,48,2
31483,53,7,46,2
31484,55,7,48,2
31486,42,7,35,2
31488,48,4,44,2
31489,58,3,55,2
31490,56,6,50,2
31491,51,10,41,2
31492,47,6,41,2
31493,56,6,50,2
31494,53,4,49,2
31495,2,1,1,2
31496,55,6,49,2
31497,2,0,2,1
31498,53,6,47,2
31499,37,3,34,2
31500,46,4,42,2
31501,56,11,45,2
31502,56,5,51,2
31503,59,10,49,2
31504,1,0,1,1
31505,68,7,61,2
31506,45,8,37,2
31507,52,4,48,2
31508,39,5,34,2
31510,1,1,0,1
31511,52,5,47,2
31512,43,6,37,2
31513,49,9,40,2
31514,58,6,52,2
31515,53,11,42,2
31516,43,5,38,2
31517,64,5,59,2
31518,47,5,42,2
31519,49,9,40,2
31520,44,7,37,2
31521,42,6,36,2
31522,51,7,44,2
31523,51,4,47,2
31524,56,8,48,2
31525,51,7,44,2
31526,65,3,62,2
31527,58,10,48,2
31528,53,8,45,2
31529,61,4,57,2
31530,50,2,48,2
31531,60,6,54,2
31532,53,7,46,2
31533,51,3,48,2
31534,58,6,52,2
31535,57,8,49,2
31536,55,3,52,2
31537,67,10,57,2
31539,58,5,53,2
31540,1,0,1,1
31541,59,5,54,2
31542,52,1,51,2
31543,57,7,50,2
31545,45,10,35,2
31546,42,8,34,2
31547,57,5,52,2
31548,40,5,35,2
31549,36,6,30,2
31550,63,7,56,2
31551,60,5,55,2
31553,59,8,51,2
31554,46,4,42,2
31555,56,11,45,2
31556,44,3,41,2
31557,48,4,44,2
31559,65,15,50,2
31560,39,3,36,2
31561,66,8,58,2
31563,51,6,45,2
31565,49,10,39,2
31567,70,12,58,2
31568,55,9,46,2
31569,51,5,46,2
31570,52,7,45,2
31571,48,9,39,2
31572,46,4,42,2
31573,53,9,44,2
31574,60,4,56,2
31576,55,6,49,2
31577,59,7,52,2
31578,59,11,48,2
31579,64,7,57,2
31580,52,9,43,2
31581,3,3,0,1
31583,49,7,42,2
31584,73,5,68,2
31585,63,6,57,2
31586,54,7,47,2
31587,53,5,48,2
31588,54,4,50,2
31589,56,13,43,2
31590,61,11,50,2
31591,62,10,52,2
31592,57,7,50,2
31594,55,5,50,2
31596,53,10,43,2
31597,53,9,44,2
31598,53,3,50,2
31599,50,4,46,2
31601,24,15,9,2
31602,56,8,48,2
31603,46,10,36,2
31604,52,2,50,2
31605,47,5,42,2
31606,1,0,1,1
31607,47,5,42,2
31608,58,8,50,2
31609,51,3,48,2
31610,57,6,51,2
31612,41,40,1,2
31613,42,7,35,2
31614,58,9,49,2
31615,56,8,48,2
31616,45,5,40,2
31617,44,6,38,2
31618,54,3,51,2
31619,52,5,47,2
31620,57,5,52,2
31621,51,9,42,2
31622,69,4,65,2
31623,48,3,45,2
31624,46,4,42,2
31625,58,7,51,2
31626,61,8,53,2
31628,57,3,54,2
31629,52,2,50,2
31630,54,5,49,2
31631,53,5,48,2
31632,55,5,50,2
31633,49,5,44,2
31634,65,12,53,2
31635,41,7,34,2
31636,50,7,43,2
31637,57,13,44,2
31639,46,6,40,2
31640,42,40,2,2
31641,72,11,61,2
31642,51,7,44,2
31643,2,0,2,1
31644,53,6,47,2
31645,46,4,42,2
31646,68,10,58,2
31647,43,5,38,2
31648,6,0,6,1
31649,57,4,53,2
31651,68,7,61,2
31652,66,8,58,2
31653,61,9,52,2
31654,58,5,53,2
31656,55,5,50,2
31658,51,7,44,2
31659,41,8,33,2
31660,54,7,47,2
31661,17,17,0,1
31662,61,3,58,2
31663,4,0,4,1
31664,50,6,44,2
31665,12,12,0,1
31666,46,8,38,2
31667,75,7,68,2
31669,50,5,45,2
31670,58,11,47,2
31671,54,3,51,2
31672,44,7,37,2
31673,58,5,53,2
31674,65,8,57,2
31675,63,9,54,2
31676,46,5,41,2
31677,52,7,45,2
31678,58,5,53,2
31679,60,6,54,2
31680,54,10,44,2
31681,46,2,44,2
31682,55,7,48,2
31683,62,8,54,2
31684,60,6,54,2
31686,57,13,44,2
31687,10,9,1,2
31688,69,8,61,2
31689,53,5,48,2
31690,53,12,41,2
31691,48,8,40,2
31692,55,5,50,2
31693,46,2,44,2
31694,45,3,42,2
31695,51,7,44,2
31696,46,6,40,2
31697,91,0,91,1
31698,60,10,50,2
31699,2,1,1,2
31700,48,5,43,2
31701,55,9,46,2
31702,51,6,45,2
31703,1,0,1,1
31704,59,6,53,2
31705,62,7,55,2
31706,41,2,39,2
31707,66,63,3,2
31708,40,7,33,2
31709,46,4,42,2
31711,44,6,38,2
31712,53,5,48,2
31713,55,8,47,2
31714,58,10,48,2
31715,56,6,50,2
31716,58,10,48,2
31717,59,3,56,2
31718,51,5,46,2
31719,66,14,52,2
31721,48,48,0,1
31722,59,5,54,2
31723,57,6,51,2
31724,54,7,47,2
31725,39,8,31,2
31726,58,7,51,2
31727,55,7,48,2
31728,58,5,53,2
31729,51,6,45,2
31730,48,6,42,2
31731,58,6,52,2
31732,42,6,36,2
31733,54,2,52,2
31734,69,11,58,2
31736,49,3,46,2
31737,51,8,43,2
31739,64,12,52,2
31740,55,10,45,2
31741,45,6,39,2
31742,47,7,40,2
31743,66,7,59,2
31744,1,0,1,1
31745,58,8,50,2
31746,61,2,59,2
31747,50,3,47,2
31748,46,6,40,2
31749,45,6,39,2
31750,58,9,49,2
31751,61,6,55,2
31752,45,2,43,2
31753,66,8,58,2
31755,22,22,0,1
31756,50,5,45,2
31757,14,13,1,2
31758,54,6,48,2
31759,50,3,47,2
31760,61,8,53,2
31761,46,4,42,2
31762,53,7,46,2
31763,1,1,0,1
31764,62,8,54,2
31765,52,6,46,2
31766,58,6,52,2
31767,56,3,53,2
31768,45,3,42,2
31769,58,11,47,2
31770,61,8,53,2
31771,51,7,44,2
31772,54,3,51,2
31773,65,6,59,2
31774,50,8,42,2
31775,2,1,1,2
31776,54,6,48,2
31778,56,9,47,2
31779,55,2,53,2
31780,56,4,52,2
31781,48,8,40,2
31782,48,8,40,2
31783,63,4,59,2
31784,56,8,48,2
31785,63,5,58,2
31786,71,6,65,2
31787,58,8,50,2
31788,51,13,38,2
31789,52,6,46,2
31790,51,9,42,2
31791,55,6,49,2
31792,64,7,57,2
31793,48,5,43,2
31794,56,8,48,2
31795,47,4,43,2
31796,45,3,42,2
31797,66,9,57,2
31798,54,7,47,2
31799,52,3,49,2
31800,10,5,5,2
31801,57,4,53,2
31803,61,9,52,2
31804,1,0,1,1
31805,48,4,44,2
31806,40,4,36,2
31807,49,6,43,2
31810,55,5,50,2
31811,57,4,53,2
31813,50,8,42,2
31814,62,7,55,2
31815,52,3,49,2
31816,52,6,46,2
31817,52,4,48,2
31818,49,4,45,2
31819,54,7,47,2
31820,46,8,38,2
31821,46,8,38,2
31822,75,9,66,2
31823,59,5,54,2
31824,56,11,45,2
31825,41,3,38,2
31826,50,6,44,2
31827,2,1,1,2
31828,59,9,50,2
31829,64,8,56,2
31831,52,7,45,2
31832,54,5,49,2
31833,58,7,51,2
31834,55,5,50,2
31835,51,4,47,2
31836,51,5,46,2
31837,52,3,49,2
31838,61,12,49,2
31839,41,7,34,2
31840,50,6,44,2
31841,54,8,46,2
31842,67,6,61,2
31843,53,6,47,2
31844,1,0,1,1
31845,60,8,52,2
31846,51,2,49,2
31847,51,5,46,2
31848,60,7,53,2
31849,55,6,49,2
31850,54,11,43,2
31852,50,0,50,1
31853,48,2,46,2
31854,48,9,39,2
31856,58,4,54,2
31857,64,9,55,2
31858,60,9,51,2
31859,53,6,47,2
31860,50,50,0,1
31861,50,9,41,2
31862,44,3,41,2
31863,45,3,42,2
31864,46,10,36,2
31865,47,3,44,2
31866,51,8,43,2
31867,56,5,51,2
31868,43,5,38,2
31869,57,9,48,2
31870,50,4,46,2
31871,54,6,48,2
31872,48,8,40,2
31873,57,7,50,2
31874,8,4,4,2
31875,45,4,41,2
31876,57,5,52,2
31877,53,7,46,2
31878,56,6,50,2
31879,49,4,45,2
31880,68,10,58,2
31881,56,7,49,2
31882,48,5,43,2
31883,49,7,42,2
31884,1,1,0,1
31885,57,8,49,2
31886,61,10,51,2
31887,54,5,49,2
31888,51,8,43,2
31889,57,9,48,2
31890,33,5,28,2
31891,54,5,49,2
31892,50,9,41,2
31893,73,9,64,2
31894,57,7,50,2
31895,49,7,42,2
31896,48,12,36,2
31897,51,10,41,2
31898,60,5,55,2
31899,46,4,42,2
31900,59,10,49,2
31901,66,4,62,2
31902,59,5,54,2
31903,44,7,37,2
31904,51,8,43,2
31905,58,7,51,2
31906,55,6,49,2
31907,45,6,39,2
31908,55,4,51,2
31909,53,11,42,2
31910,47,7,40,2
31911,47,3,44,2
31913,55,8,47,2
31914,11,10,1,2
31915,50,5,45,2
31916,54,8,46,2
31918,51,7,44,2
31919,52,7,45,2
31920,37,3,34,2
31921,60,7,53,2
31922,64,12,52,2
31923,2,1,1,2
31924,48,7,41,2
31925,49,4,45,2
31926,57,10,47,2
31927,50,4,46,2
31929,40,1,39,2
31930,59,10,49,2
31931,51,5,46,2
31932,51,10,41,2
31933,46,2,44,2
31935,50,8,42,2
31936,64,4,60,2
31937,55,6,49,2
31939,55,7,48,2
31942,55,6,49,2
31943,49,4,45,2
31944,47,7,40,2
31945,58,6,52,2
31946,58,8,50,2
31947,54,3,51,2
31948,51,3,48,2
31949,59,9,50,2
31950,53,5,48,2
31953,57,6,51,2
31954,52,7,45,2
31955,49,6,43,2
31956,49,4,45,2
31957,53,11,42,2
31958,49,6,43,2
31959,56,8,48,2
31961,57,6,51,2
31962,59,6,53,2
31963,55,4,51,2
31964,66,7,59,2
31965,63,6,57,2
31966,52,2,50,2
31967,51,8,43,2
31970,53,9,44,2
31971,56,7,49,2
31972,54,6,48,2
31973,47,9,38,2
31974,53,9,44,2
31975,1767,1694,73,2
31976,50,2,48,2
31977,68,8,60,2
31978,48,1,47,2
31979,56,5,51,2
31980,57,6,51,2
31981,58,9,49,2
31982,49,5,44,2
31983,61,4,57,2
31984,54,5,49,2
31985,66,6,60,2
31986,59,9,50,2
31987,51,7,44,2
31988,56,8,48,2
31989,57,10,47,2
31990,51,11,40,2
31991,54,7,47,2
31992,67,5,62,2
31993,65,9,56,2
31994,54,8,46,2
31995,66,10,56,2
31996,44,5,39,2
31997,47,6,41,2
31998,63,5,58,2
31999,56,6,50,2
32000,43,5,38,2
32001,53,5,48,2
32002,74,8,66,2
32003,60,10,50,2
32004,59,3,56,2
32005,55,7,48,2
32006,49,6,43,2
32007,42,3,39,2
32008,1,0,1,1
32010,61,8,53,2
32012,55,6,49,2
32013,69,13,56,2
32014,54,4,50,2
32015,29,27,2,2
32016,64,13,51,2
32017,57,6,51,2
32018,55,4,51,2
32019,52,3,49,2
32021,51,7,44,2
32022,48,7,41,2
32023,2,1,1,2
32024,57,8,49,2
32025,6,2,4,2
32026,61,4,57,2
32027,63,9,54,2
32028,7,1,6,2
32029,53,7,46,2
32030,51,7,44,2
32032,62,10,52,2
32033,60,6,54,2
32034,63,7,56,2
32035,47,10,37,2
32036,44,5,39,2
32037,71,15,56,2
32038,65,7,58,2
32039,66,7,59,2
32040,62,9,53,2
32041,53,5,48,2
32042,48,6,42,2
32044,16,0,16,1
32045,58,5,53,2
32046,55,7,48,2
32047,62,10,52,2
32049,63,10,53,2
32050,52,7,45,2
32051,58,5,53,2
32053,60,8,52,2
32054,56,11,45,2
32055,60,7,53,2
32056,50,7,43,2
32057,51,8,43,2
32058,62,13,49,2
32059,48,5,43,2
32060,46,10,36,2
32061,54,4,50,2
32062,51,6,45,2
32063,64,6,58,2
32064,64,12,52,2
32065,61,7,54,2
32066,54,5,49,2
32067,57,5,52,2
32068,55,6,49,2
32069,56,5,51,2
32070,58,4,54,2
32071,71,9,62,2
32072,59,7,52,2
32073,3,0,3,1
32074,48,5,43,2
32075,53,6,47,2
32076,58,3,55,2
32078,3,1,2,2
32079,47,3,44,2
32080,57,4,53,2
32081,56,6,50,2
32082,56,10,46,2
32083,51,2,49,2
32084,69,6,63,2
32085,50,9,41,2
32086,54,5,49,2
32087,61,7,54,2
32088,52,7,45,2
32089,55,10,45,2
32090,51,10,41,2
32091,64,9,55,2
32092,56,9,47,2
32093,118,118,0,1
32094,61,8,53,2
32095,42,6,36,2
32097,42,2,40,2
32098,49,11,38,2
32099,61,9,52,2
32100,63,5,58,2
32101,51,6,45,2
32102,1,1,0,1
32103,67,4,63,2
32104,59,1,58,2
32105,50,6,44,2
32106,38,3,35,2
32108,4,3,1,2
32109,47,5,42,2
32110,56,6,50,2
32111,51,4,47,2
32112,68,10,58,2
32113,45,1,44,2
32114,51,7,44,2
32115,46,6,40,2
32116,74,9,65,2
32117,54,9,45,2
32118,73,11,62,2
32119,2,0,2,1
32120,44,4,40,2
32121,39,10,29,2
32123,61,8,53,2
32124,62,5,57,2
32125,40,39,1,2
32127,54,8,46,2
32128,64,11,53,2
32129,55,9,46,2
32130,48,9,39,2
32131,56,5,51,2
32132,2,2,0,1
32133,50,12,38,2
32134,69,4,65,2
32135,60,6,54,2
32136,46,4,42,2
32137,49,3,46,2
32139,58,6,52,2
32140,58,3,55,2
32141,46,3,43,2
32142,52,6,46,2
32143,60,4,56,2
32144,59,9,50,2
32145,46,6,40,2
32146,50,10,40,2
32147,55,7,48,2
32148,50,7,43,2
32150,57,4,53,2
32151,58,3,55,2
32152,48,5,43,2
32153,62,6,56,2
32154,51,8,43,2
32155,46,11,35,2
32157,54,9,45,2
32158,53,7,46,2
32159,48,7,41,2
32160,48,7,41,2
32161,58,7,51,2
32162,64,9,55,2
32163,63,4,59,2
32164,62,9,53,2
32165,44,5,39,2
32166,55,10,45,2
32167,63,3,60,2
32168,59,2,57,2
32169,61,8,53,2
32170,57,11,46,2
32172,51,7,44,2
32173,49,5,44,2
32174,59,5,54,2
32175,52,7,45,2
32176,49,5,44,2
32177,56,7,49,2
32178,62,5,57,2
32179,72,9,63,2
32180,45,4,41,2
32181,56,7,49,2
32182,51,8,43,2
32184,55,5,50,2
32185,41,3,38,2
32186,68,10,58,2
32187,51,10,41,2
32189,54,4,50,2
32190,58,5,53,2
32191,51,7,44,2
32192,53,5,48,2
32193,54,10,44,2
32194,60,4,56,2
32195,41,10,31,2
32196,48,6,42,2
32197,41,4,37,2
32198,42,8,34,2
32200,61,13,48,2
32201,52,8,44,2
32202,63,8,55,2
32203,62,8,54,2
32204,58,9,49,2
32205,55,6,49,2
32206,64,10,54,2
32207,64,14,50,2
32208,50,5,45,2
32209,45,2,43,2
32210,53,2,51,2
32211,44,3,41,2
32212,49,10,39,2
32213,57,7,50,2
32214,60,6,54,2
32215,61,1,60,2
32216,68,8,60,2
32217,60,7,53,2
32218,52,9,43,2
32219,65,6,59,2
32220,66,4,62,2
32221,62,9,53,2
32222,55,7,48,2
32223,49,4,45,2
32225,57,6,51,2
32226,49,4,45,2
32227,50,3,47,2
32228,44,4,40,2
32229,63,5,58,2
32230,44,7,37,2
32231,44,5,39,2
32232,49,6,43,2
32233,53,7,46,2
32234,56,8,48,2
32235,46,5,41,2
32236,59,7,52,2
32237,51,4,47,2
32238,56,5,51,2
32239,60,1,59,2
32240,57,6,51,2
32241,57,8,49,2
32242,3,2,1,2
32243,59,8,51,2
32244,55,7,48,2
32245,56,5,51,2
32246,62,7,55,2
32247,51,5,46,2
32248,68,6,62,2
32249,49,4,45,2
32250,55,5,50,2
32251,62,6,56,2
32252,63,3,60,2
32253,47,2,45,2
32255,53,6,47,2
32256,52,11,41,2
32257,57,7,50,2
32258,56,7,49,2
32259,46,5,41,2
32260,52,4,48,2
32261,54,8,46,2
32262,47,5,42,2
32263,53,1,52,2
32264,54,5,49,2
32265,55,3,52,2
32266,45,9,36,2
32267,59,8,51,2
32268,44,6,38,2
32269,64,13,51,2
32270,63,10,53,2
32271,67,8,59,2
32272,58,7,51,2
32273,40,7,33,2
32274,52,6,46,2
32275,53,8,45,2
32276,64,8,56,2
32277,47,5,42,2
32278,55,9,46,2
32279,47,5,42,2
32280,57,8,49,2
32281,46,7,39,2
32282,55,4,51,2
32283,53,6,47,2
32284,66,12,54,2
32285,58,7,51,2
32286,58,4,54,2
32288,78,10,68,2
32289,55,7,48,2
32290,42,6,36,2
32291,48,4,44,2
32292,68,7,61,2
32293,44,3,41,2
32295,57,3,54,2
32296,59,7,52,2
32297,45,3,42,2
32298,52,7,45,2
32299,71,13,58,2
32300,60,7,53,2
32301,51,2,49,2
32302,50,4,46,2
32303,55,6,49,2
32304,48,4,44,2
32305,51,7,44,2
32306,73,9,64,2
32307,51,9,42,2
32308,45,5,40,2
32310,61,11,50,2
32311,43,2,41,2
32312,50,7,43,2
32313,1,0,1,1
32314,67,10,57,2
32315,59,13,46,2
32316,52,5,47,2
32317,54,8,46,2
32318,52,6,46,2
32320,56,6,50,2
32321,2,2,0,1
32322,45,6,39,2
32323,51,5,46,2
32324,51,9,42,2
32325,38,3,35,2
32326,70,16,54,2
32327,58,8,50,2
32328,56,9,47,2
32329,45,9,36,2
32330,55,6,49,2
32331,62,8,54,2
32332,48,4,44,2
32333,53,8,45,2
32334,55,9,46,2
32336,50,8,42,2
32337,53,7,46,2
32338,41,5,36,2
32339,1,0,1,1
32340,26,0,26,1
32341,53,3,50,2
32342,62,7,55,2
32343,63,4,59,2
32344,53,7,46,2
32345,54,6,48,2
32346,56,10,46,2
32347,59,7,52,2
32348,58,6,52,2
32349,64,8,56,2
32350,69,3,66,2
32351,50,5,45,2
32352,42,8,34,2
32353,55,6,49,2
32354,58,5,53,2
32355,52,5,47,2
32356,67,6,61,2
32357,54,7,47,2
32358,52,7,45,2
32359,63,7,56,2
32360,48,9,39,2
32362,37,10,27,2
32364,44,5,39,2
32365,57,13,44,2
32366,54,10,44,2
32367,57,6,51,2
32368,41,0,41,1
32370,50,6,44,2
32371,57,3,54,2
32372,60,2,58,2
32373,58,6,52,2
32374,51,4,47,2
32375,59,1,58,2
32376,65,4,61,2
32377,45,3,42,2
32378,50,9,41,2
32379,48,9,39,2
32380,54,5,49,2
32381,55,6,49,2
32382,60,12,48,2
32383,62,7,55,2
32384,45,4,41,2
32385,59,6,53,2
32386,57,12,45,2
32387,56,7,49,2
32388,52,7,45,2
32389,69,6,63,2
32390,60,5,55,2
32391,61,8,53,2
32392,59,9,50,2
32393,6,5,1,2
32394,46,5,41,2
32395,47,6,41,2
32396,60,6,54,2
32397,71,8,63,2
32398,67,6,61,2
32399,45,6,39,2
32400,44,7,37,2
32401,58,8,50,2
32402,46,3,43,2
32403,72,4,68,2
32404,51,10,41,2
32405,50,11,39,2
32406,67,12,55,2
32407,67,8,59,2
32408,55,8,47,2
32409,53,3,50,2
32410,49,5,44,2
32411,60,9,51,2
32412,51,6,45,2
32413,71,7,64,2
32414,57,6,51,2
32415,66,9,57,2
32416,52,3,49,2
32417,72,7,65,2
32418,41,5,36,2
32419,58,10,48,2
32420,53,6,47,2
32421,68,9,59,2
32422,54,5,49,2
32423,57,10,47,2
32424,63,6,57,2
32425,59,4,55,2
32426,47,5,42,2
32427,45,3,42,2
32428,55,6,49,2
32429,64,5,59,2
32430,58,7,51,2
32431,54,7,47,2
32432,67,7,60,2
32433,44,6,38,2
32434,53,4,49,2
32435,47,7,40,2
32436,46,4,42,2
32437,46,5,41,2
32438,53,4,49,2
32439,46,4,42,2
32440,55,13,42,2
32441,58,7,51,2
32442,63,10,53,2
32443,53,5,48,2
32444,47,3,44,2
32445,60,7,53,2
32446,50,2,48,2
32447,66,6,60,2
32448,51,5,46,2
32449,50,5,45,2
32450,48,8,40,2
32451,42,3,39,2
32452,53,12,41,2
32453,60,9,51,2
32454,51,4,47,2
32455,59,6,53,2
32456,46,5,41,2
32457,3,2,1,2
32458,49,3,46,2
32459,62,7,55,2
32460,40,5,35,2
32461,62,11,51,2
32462,48,5,43,2
32463,60,8,52,2
32464,50,9,41,2
32465,50,6,44,2
32466,66,6,60,2
32467,57,7,50,2
32469,57,4,53,2
32470,65,7,58,2
32471,56,8,48,2
32472,59,7,52,2
32473,55,5,50,2
32474,50,7,43,2
32475,41,2,39,2
32477,55,6,49,2
32478,56,7,49,2
32479,72,9,63,2
32480,51,3,48,2
32481,67,10,57,2
32482,62,6,56,2
32483,69,8,61,2
32484,54,7,47,2
32485,51,8,43,2
32486,44,10,34,2
32487,57,4,53,2
32488,61,4,57,2
32489,50,7,43,2
32490,59,6,53,2
32491,34,1,33,2
32492,64,10,54,2
32493,49,5,44,2
32494,50,5,45,2
32495,1,1,0,1
32496,45,4,41,2
32497,53,4,49,2
32498,55,6,49,2
32499,65,11,54,2
32500,1,0,1,1
32501,53,6,47,2
32502,44,6,38,2
32503,53,8,45,2
32504,51,10,41,2
32505,47,4,43,2
32506,55,7,48,2
32507,44,5,39,2
32508,62,9,53,2
32509,47,5,42,2
32510,49,4,45,2
32511,63,5,58,2
32512,57,6,51,2
32513,65,3,62,2
32514,67,5,62,2
32515,51,3,48,2
32516,46,5,41,2
32517,53,7,46,2
32518,48,4,44,2
32519,59,2,57,2
32521,45,2,43,2
32522,48,6,42,2
32523,57,5,52,2
32524,57,6,51,2
32525,62,6,56,2
32526,45,3,42,2
32527,44,4,40,2
32528,48,9,39,2
32529,53,4,49,2
32530,49,5,44,2
32531,49,11,38,2
32532,57,7,50,2
32533,56,8,48,2
32534,53,0,53,1
32535,51,6,45,2
32536,59,3,56,2
32537,59,11,48,2
32538,55,8,47,2
32539,57,8,49,2
32540,48,4,44,2
32541,66,8,58,2
32542,70,14,56,2
32543,63,8,55,2
32544,49,4,45,2
32545,52,7,45,2
32546,52,8,44,2
32547,56,7,49,2
32548,56,8,48,2
32549,49,5,44,2
32550,60,7,53,2
32551,45,7,38,2
32552,59,6,53,2
32553,61,6,55,2
32554,47,5,42,2
32555,50,4,46,2
32556,48,7,41,2
32557,63,12,51,2
32558,54,3,51,2
32559,48,7,41,2
32560,47,11,36,2
32561,49,6,43,2
32562,97,97,0,1
32563,46,10,36,2
32564,56,6,50,2
32565,60,4,56,2
32566,56,6,50,2
32567,48,6,42,2
32568,54,6,48,2
32569,42,5,37,2
32570,58,6,52,2
32571,51,5,46,2
32572,70,10,60,2
32573,64,8,56,2
32574,65,10,55,2
32576,46,1,45,2
32577,59,9,50,2
32578,58,9,49,2
32579,42,7,35,2
32580,41,3,38,2
32581,8,8,0,1
32582,52,8,44,2
32583,51,5,46,2
32584,62,6,56,2
32585,55,2,53,2
32586,66,10,56,2
32587,64,6,58,2
32588,61,6,55,2
32589,58,7,51,2
32590,47,4,43,2
32591,65,6,59,2
32592,57,2,55,2
32593,54,7,47,2
32594,48,5,43,2
32595,40,4,36,2
32596,58,7,51,2
32597,59,7,52,2
32598,62,4,58,2
32599,67,14,53,2
32600,52,10,42,2
32601,62,10,52,2
32602,51,5,46,2
32603,65,8,57,2
32604,49,5,44,2
32605,1,0,1,1
32606,48,3,45,2
32607,41,8,33,2
32608,53,6,47,2
32609,51,3,48,2
32610,53,6,47,2
32611,53,5,48,2
32612,65,10,55,2
32613,57,7,50,2
32614,56,9,47,2
32615,57,8,49,2
32617,47,6,41,2
32618,39,4,35,2
32619,53,4,49,2
32620,59,10,49,2
32621,58,3,55,2
32622,54,6,48,2
32623,57,7,50,2
32624,56,10,46,2
32625,69,4,65,2
32626,56,5,51,2
32627,54,5,49,2
32628,44,6,38,2
32629,46,6,40,2
32630,66,9,57,2
32632,60,7,53,2
32633,59,4,55,2
32634,58,3,55,2
32635,47,5,42,2
32636,46,6,40,2
32637,65,8,57,2
32638,54,4,50,2
32639,48,6,42,2
32640,54,4,50,2
32641,58,5,53,2
32642,63,10,53,2
32643,68,7,61,2
32644,50,5,45,2
32645,43,5,38,2
32646,45,4,41,2
32647,65,2,63,2
32648,51,7,44,2
32649,60,7,53,2
32650,50,4,46,2
32651,55,9,46,2
32652,50,6,44,2
32653,43,7,36,2
32654,57,8,49,2
32655,44,4,40,2
32656,61,10,51,2
32657,53,3,50,2
32658,41,1,40,2
32659,40,6,34,2
32660,52,4,48,2
32661,56,5,51,2
32662,1,0,1,1
32663,66,4,62,2
32664,62,8,54,2
32665,57,8,49,2
32666,46,6,40,2
32667,53,5,48,2
32668,56,5,51,2
32669,54,4,50,2
32670,60,6,54,2
32671,68,10,58,2
32672,63,12,51,2
32673,69,5,64,2
32674,58,5,53,2
32675,67,7,60,2
32676,51,9,42,2
32677,58,3,55,2
32678,46,4,42,2
32679,53,4,49,2
32680,54,7,47,2
32681,60,6,54,2
32682,75,8,67,2
32683,51,5,46,2
32684,46,8,38,2
32685,52,9,43,2
32686,2,0,2,1
32687,60,3,57,2
32688,72,11,61,2
32689,42,9,33,2
32690,56,6,50,2
32691,58,5,53,2
32692,64,3,61,2
32693,61,8,53,2
32694,51,8,43,2
32695,54,2,52,2
32696,46,4,42,2
32698,50,5,45,2
32699,61,7,54,2
32700,57,8,49,2
32701,48,5,43,2
32702,60,12,48,2
32703,66,3,63,2
32704,60,6,54,2
32705,51,5,46,2
32706,2,0,2,1
32707,64,5,59,2
32708,56,8,48,2
32709,55,11,44,2
32710,58,9,49,2
32711,50,9,41,2
32712,59,12,47,2
32713,59,7,52,2
32714,60,6,54,2
32715,69,9,60,2
32716,61,2,59,2
32718,53,9,44,2
32719,68,9,59,2
32720,1,1,0,1
32721,54,4,50,2
32722,49,7,42,2
32723,46,6,40,2
32724,57,5,52,2
32725,58,4,54,2
32726,56,5,51,2
32727,65,8,57,2
32728,57,6,51,2
32729,55,7,48,2
32730,52,7,45,2
32731,63,5,58,2
32732,41,5,36,2
32733,53,4,49,2
32734,42,4,38,2
32735,53,6,47,2
32736,56,9,47,2
32737,53,8,45,2
32738,64,6,58,2
32739,57,8,49,2
32740,49,8,41,2
32741,57,8,49,2
32742,46,7,39,2
32743,69,5,64,2
32744,62,11,51,2
32745,57,5,52,2
32746,60,11,49,2
32747,52,6,46,2
32748,60,6,54,2
32749,52,5,47,2
32750,50,5,45,2
32751,55,12,43,2
32752,70,7,63,2
32753,57,6,51,2
32754,45,4,41,2
32755,51,1,50,2
32756,43,1,42,2
32757,55,9,46,2
32758,63,8,55,2
32759,52,6,46,2
32760,49,4,45,2
32761,45,3,42,2
32762,62,11,51,2
32763,55,11,44,2
32764,57,11,46,2
32765,61,4,57,2
32766,52,5,47,2
32767,39,4,35,2
32768,59,7,52,2
32769,56,3,53,2
32770,54,4,50,2
32771,62,10,52,2
32772,61,6,55,2
32773,58,6,52,2
32774,67,8,59,2
32775,50,4,46,2
32776,58,10,48,2
32777,67,10,57,2
32778,57,5,52,2
32779,55,4,51,2
32780,57,6,51,2
32781,58,8,50,2
32782,53,4,49,2
32783,58,4,54,2
32784,55,8,47,2
32785,51,3,48,2
32786,58,4,54,2
32787,51,9,42,2
32788,41,3,38,2
32789,56,4,52,2
32790,54,6,48,2
32791,52,7,45,2
32792,60,4,56,2
32793,50,9,41,2
32794,69,12,57,2
32795,56,4,52,2
32796,55,6,49,2
32797,53,5,48,2
32798,53,9,44,2
32799,49,5,44,2
32800,49,4,45,2
32801,51,5,46,2
32802,46,6,40,2
32803,58,6,52,2
32804,48,4,44,2
32805,67,12,55,2
32806,50,4,46,2
32807,55,5,50,2
32808,59,5,54,2
32809,79,9,70,2
32810,49,5,44,2
32811,52,4,48,2
32812,57,5,52,2
32813,57,5,52,2
32814,51,4,47,2
32815,53,7,46,2
32816,57,8,49,2
32817,55,8,47,2
32818,63,7,56,2
32819,66,8,58,2
32820,58,6,52,2
32821,50,7,43,2
32822,50,3,47,2
32823,50,4,46,2
32824,49,6,43,2
32825,44,3,41,2
32826,53,10,43,2
32827,59,13,46,2
32828,44,7,37,2
32829,51,9,42,2
32830,51,8,43,2
32831,59,6,53,2
32832,53,4,49,2
32833,63,10,53,2
32834,53,5,48,2
32835,57,9,48,2
32836,54,10,44,2
32837,55,7,48,2
32838,55,7,48,2
32839,64,8,56,2
32840,52,8,44,2
32841,59,6,53,2
32842,59,9,50,2
32843,72,6,66,2
32844,53,7,46,2
32845,60,10,50,2
32846,68,9,59,2
32847,47,4,43,2
32849,53,4,49,2
32850,69,4,65,2
32851,71,10,61,2
32852,52,6,46,2
32853,59,8,51,2
32854,55,3,52,2
32855,58,13,45,2
32856,48,6,42,2
32857,53,7,46,2
32858,62,4,58,2
32860,59,7,52,2
32861,53,6,47,2
32862,66,5,61,2
32863,59,8,51,2
32864,64,9,55,2
32865,52,3,49,2
32866,59,5,54,2
32867,60,6,54,2
32868,64,16,48,2
32869,64,6,58,2
32870,48,7,41,2
32871,36,4,32,2
32872,53,8,45,2
32873,56,4,52,2
32874,46,11,35,2
32875,59,9,50,2
32876,42,5,37,2
32877,54,8,46,2
32878,45,3,42,2
32879,61,10,51,2
32880,65,8,57,2
32881,50,4,46,2
32882,51,4,47,2
32883,60,6,54,2
32884,56,9,47,2
32885,64,6,58,2
32886,48,7,41,2
32887,54,6,48,2
32888,73,6,67,2
32889,51,7,44,2
32890,54,11,43,2
32891,55,6,49,2
32892,55,10,45,2
32893,53,6,47,2
32894,44,10,34,2
32895,53,8,45,2
32896,53,6,47,2
32897,56,5,51,2
32898,49,13,36,2
32899,40,2,38,2
32900,48,3,45,2
32901,46,5,41,2
32902,3,3,0,1
32903,63,3,60,2
32904,49,6,43,2
32905,62,7,55,2
32906,57,11,46,2
32907,63,11,52,2
32908,51,5,46,2
32909,55,6,49,2
32910,57,6,51,2
32911,52,4,48,2
32912,66,11,55,2
32913,48,3,45,2
32914,53,7,46,2
32915,54,6,48,2
32916,58,11,47,2
32917,35,4,31,2
32918,49,2,47,2
32919,61,12,49,2
32920,48,1,47,2
32921,57,4,53,2
32922,56,7,49,2
32923,59,7,52,2
32924,39,1,38,2
32925,53,6,47,2
32926,43,6,37,2
32927,57,8,49,2
32928,57,10,47,2
32929,50,6,44,2
32930,46,9,37,2
32931,52,6,46,2
32933,51,2,49,2
32934,49,2,47,2
32935,52,4,48,2
32937,65,11,54,2
32938,47,9,38,2
32939,60,5,55,2
32940,45,3,42,2
32941,51,9,42,2
32942,50,9,41,2
32943,49,8,41,2
32944,63,8,55,2
32945,61,4,57,2
32946,60,7,53,2
32947,54,10,44,2
32948,57,8,49,2
32950,45,3,42,2
32951,67,7,60,2
32952,45,2,43,2
32953,56,5,51,2
32955,46,12,34,2
32956,54,8,46,2
32957,53,8,45,2
32958,52,2,50,2
32959,56,8,48,2
32960,59,13,46,2
32961,64,7,57,2
32962,64,8,56,2
32963,38,3,35,2
32964,53,2,51,2
32965,53,9,44,2
32966,55,5,50,2
32967,71,8,63,2
32968,62,6,56,2
32969,61,7,54,2
32970,46,3,43,2
32971,56,8,48,2
32972,56,2,54,2
32973,58,5,53,2
32974,70,9,61,2
32975,57,7,50,2
32976,70,10,60,2
32978,48,5,43,2
32979,55,5,50,2
32980,73,7,66,2
32981,52,4,48,2
32982,52,4,48,2
32983,47,4,43,2
32984,45,4,41,2
32985,58,7,51,2
32986,57,5,52,2
32987,49,3,46,2
32988,58,6,52,2
32990,55,11,44,2
32991,52,10,42,2
32992,45,4,41,2
32993,52,6,46,2
32994,64,6,58,2
32995,52,5,47,2
32996,51,6,45,2
32997,54,4,50,2
32998,52,7,45,2
32999,56,11,45,2
33000,51,6,45,2
33001,63,12,51,2
33002,40,3,37,2
33003,60,6,54,2
33004,48,5,43,2
33005,49,4,45,2
33006,54,6,48,2
33007,49,11,38,2
33008,47,4,43,2
33010,61,6,55,2
33011,54,3,51,2
33012,67,11,56,2
33013,51,5,46,2
33014,58,6,52,2
33015,61,11,50,2
33016,52,9,43,2
33017,56,6,50,2
33018,64,5,59,2
33019,63,7,56,2
33020,53,12,41,2
33021,61,6,55,2
33022,52,7,45,2
33023,52,5,47,2
33024,46,6,40,2
33025,58,4,54,2
33026,56,7,49,2
33027,66,5,61,2
33028,57,5,52,2
33029,58,7,51,2
33030,56,7,49,2
33031,58,8,50,2
33032,55,3,52,2
33033,57,10,47,2
33034,55,6,49,2
33035,72,11,61,2
33036,53,13,40,2
33037,51,6,45,2
33038,69,11,58,2
33039,63,10,53,2
33040,59,5,54,2
33041,49,9,40,2
33042,40,7,33,2
33043,54,7,47,2
33044,43,4,39,2
33045,45,4,41,2
33046,55,9,46,2
33047,62,9,53,2
33048,50,11,39,2
33049,48,5,43,2
33050,66,9,57,2
33051,55,2,53,2
33052,54,6,48,2
33053,59,5,54,2
33054,50,9,41,2
33055,50,2,48,2
33056,62,7,55,2
33057,49,6,43,2
33058,53,6,47,2
33059,65,10,55,2
33060,58,4,54,2
33061,60,9,51,2
33062,45,5,40,2
33063,66,6,60,2
33064,52,6,46,2
33065,68,3,65,2
33066,45,8,37,2
33067,45,6,39,2
33068,46,7,39,2
33069,62,6,56,2
33071,61,12,49,2
33072,49,8,41,2
33073,51,13,38,2
33074,47,5,42,2
33075,62,7,55,2
33076,49,4,45,2
33077,59,12,47,2
33078,67,5,62,2
33079,55,6,49,2
33080,56,12,44,2
33081,60,6,54,2
33082,54,10,44,2
33083,55,2,53,2
33084,60,4,56,2
33085,45,12,33,2
33086,50,6,44,2
33087,53,8,45,2
33088,59,7,52,2
33089,46,9,37,2
33090,52,10,42,2
33091,67,13,54,2
33092,44,7,37,2
33093,54,10,44,2
33094,55,8,47,2
33095,48,4,44,2
33096,52,6,46,2
33097,51,5,46,2
33098,47,9,38,2
33099,60,4,56,2
33100,47,3,44,2
33101,58,10,48,2
33102,46,5,41,2
33103,65,14,51,2
33104,45,2,43,2
33105,67,13,54,2
33106,53,4,49,2
33107,41,4,37,2
33108,56,9,47,2
33109,69,9,60,2
33110,59,10,49,2
33111,51,4,47,2
33112,60,9,51,2
33113,55,9,46,2
33114,66,9,57,2
33115,56,4,52,2
33116,59,4,55,2
33117,52,3,49,2
33119,56,6,50,2
33120,54,7,47,2
33121,61,5,56,2
33122,59,6,53,2
33123,51,6,45,2
33124,47,3,44,2
33125,53,6,47,2
33126,46,7,39,2
33127,40,6,34,2
33128,57,7,50,2
33129,65,8,57,2
33130,55,12,43,2
33131,60,10,50,2
33132,58,10,48,2
33133,58,5,53,2
33134,51,6,45,2
33135,48,3,45,2
33136,38,7,31,2
33138,43,8,35,2
33139,48,6,42,2
33140,59,6,53,2
33141,58,5,53,2
33142,56,4,52,2
33143,70,12,58,2
33144,53,7,46,2
33145,61,7,54,2
33146,50,7,43,2
33147,59,3,56,2
33148,64,9,55,2
33149,49,3,46,2
33150,56,6,50,2
33151,53,2,51,2
33152,60,6,54,2
33153,52,6,46,2
33154,51,10,41,2
33155,52,3,49,2
33156,52,2,50,2
33157,48,5,43,2
33158,55,8,47,2
33159,50,4,46,2
33160,50,10,40,2
33161,61,7,54,2
33163,61,6,55,2
33164,59,2,57,2
33165,60,12,48,2
33166,53,7,46,2
33167,47,2,45,2
33168,56,7,49,2
33169,60,6,54,2
33170,56,10,46,2
33171,69,9,60,2
33172,48,5,43,2
33173,49,8,41,2
33174,58,7,51,2
33175,54,8,46,2
33176,58,5,53,2
33177,48,1,47,2
33178,72,11,61,2
33179,64,8,56,2
33180,59,9,50,2
33181,49,9,40,2
33182,68,11,57,2
33183,57,3,54,2
33184,57,6,51,2
33185,57,9,48,2
33186,55,4,51,2
33187,55,6,49,2
33188,55,7,48,2
33189,64,8,56,2
33190,51,4,47,2
33191,61,5,56,2
33192,51,5,46,2
33193,65,8,57,2
33194,55,7,48,2
33195,53,10,43,2
33196,63,5,58,2
33197,56,10,46,2
33198,44,7,37,2
33199,54,5,49,2
33200,53,7,46,2
33201,58,8,50,2
33202,43,3,40,2
33203,59,11,48,2
33204,41,3,38,2
33205,61,5,56,2
33206,48,4,44,2
33207,54,7,47,2
33208,41,9,32,2
33209,56,7,49,2
33210,56,6,50,2
33211,49,4,45,2
33212,45,5,40,2
33213,47,6,41,2
33214,48,2,46,2
33215,46,3,43,2
33216,67,11,56,2
33217,47,5,42,2
33218,41,5,36,2
33219,36,6,30,2
33220,56,4,52,2
33221,47,4,43,2
33222,46,5,41,2
33223,5,0,5,1
33224,49,2,47,2
33225,62,7,55,2
33226,58,8,50,2
33227,47,7,40,2
33228,65,9,56,2
33229,53,6,47,2
33230,63,11,52,2
33231,42,8,34,2
33232,53,11,42,2
33233,46,5,41,2
33234,59,7,52,2
33235,44,5,39,2
33236,55,3,52,2
33237,63,10,53,2
33238,46,6,40,2
33239,54,4,50,2
33240,58,10,48,2
33241,45,3,42,2
33242,54,4,50,2
33243,62,8,54,2
33244,49,3,46,2
33245,56,2,54,2
33246,63,7,56,2
33247,49,7,42,2
33248,49,4,45,2
33249,54,6,48,2
33250,59,9,50,2
33251,54,5,49,2
33252,68,6,62,2
33253,58,8,50,2
33254,52,6,46,2
33255,63,10,53,2
33256,61,10,51,2
33257,53,3,50,2
33258,63,7,56,2
33259,56,6,50,2
33260,52,4,48,2
33261,52,7,45,2
33262,54,8,46,2
33263,78,9,69,2
33264,44,8,36,2
33265,49,5,44,2
33266,59,6,53,2
33267,55,9,46,2
33268,52,3,49,2
33269,51,10,41,2
33270,48,4,44,2
33271,41,3,38,2
33272,4,3,1,2
33273,50,6,44,2
33274,55,7,48,2
33275,58,3,55,2
33276,51,5,46,2
33277,65,7,58,2
33278,68,10,58,2
33279,61,12,49,2
33280,50,7,43,2
33281,54,7,47,2
33282,50,7,43,2
33283,59,5,54,2
33284,55,11,44,2
33285,48,4,44,2
33286,55,5,50,2
33287,61,6,55,2
33288,64,9,55,2
33289,49,5,44,2
33290,51,5,46,2
33291,59,10,49,2
33292,54,5,49,2
33293,47,4,43,2
33294,53,11,42,2
33295,51,13,38,2
33296,52,8,44,2
33297,66,5,61,2
33298,66,7,59,2
33299,51,2,49,2
33300,49,8,41,2
33301,55,5,50,2
33302,52,7,45,2
33304,52,4,48,2
33305,52,6,46,2
33306,43,6,37,2
33307,43,7,36,2
33309,55,6,49,2
33310,47,6,41,2
33311,56,13,43,2
33312,64,8,56,2
33313,46,5,41,2
33314,94,10,84,2
33315,64,7,57,2
33317,66,12,54,2
33318,49,3,46,2
33319,59,9,50,2
33320,55,5,50,2
33321,57,14,43,2
33322,56,3,53,2
33323,58,6,52,2
33324,49,5,44,2
33325,49,7,42,2
33326,56,10,46,2
33327,52,8,44,2
33328,71,5,66,2
33329,50,3,47,2
33330,50,4,46,2
33331,49,5,44,2
33332,65,8,57,2
33333,51,5,46,2
33335,56,4,52,2
33336,50,5,45,2
33337,46,2,44,2
33338,50,5,45,2
33339,49,2,47,2
33340,46,7,39,2
33341,56,6,50,2
33342,44,7,37,2
33343,59,8,51,2
33344,66,10,56,2
33345,12,6,6,2
33346,47,5,42,2
33347,49,9,40,2
33348,52,5,47,2
33349,60,4,56,2
33351,45,3,42,2
33352,64,5,59,2
33353,32,2,30,2
33354,63,7,56,2
33355,74,11,63,2
33356,63,6,57,2
33357,50,4,46,2
33358,65,9,56,2
33359,57,4,53,2
33360,63,10,53,2
33361,59,9,50,2
33362,43,6,37,2
33363,54,6,48,2
33364,45,3,42,2
33365,66,10,56,2
33366,50,6,44,2
33367,53,4,49,2
33368,53,4,49,2
33369,65,4,61,2
33370,58,11,47,2
33371,48,6,42,2
33372,61,9,52,2
33373,47,3,44,2
33374,48,3,45,2
33375,37,6,31,2
33376,65,6,59,2
33377,61,3,58,2
33378,47,3,44,2
33379,57,6,51,2
33380,54,7,47,2
33381,60,6,54,2
33382,50,5,45,2
33383,45,4,41,2
33384,57,5,52,2
33385,57,7,50,2
33386,67,11,56,2
33387,44,4,40,2
33388,51,4,47,2
33389,59,7,52,2
33390,45,7,38,2
33391,48,7,41,2
33392,54,5,49,2
33393,67,9,58,2
33394,51,8,43,2
33395,55,6,49,2
33396,44,5,39,2
33397,39,5,34,2
33398,65,10,55,2
33399,65,5,60,2
33400,50,3,47,2
33401,50,3,47,2
33402,60,9,51,2
33403,51,6,45,2
33404,64,9,55,2
33405,47,5,42,2
33406,54,4,50,2
33407,60,6,54,2
33408,51,4,47,2
33409,34,6,28,2
33410,53,5,48,2
33411,56,11,45,2
33412,12,12,0,1
33413,58,6,52,2
33414,59,7,52,2
33415,51,4,47,2
33416,55,6,49,2
33417,40,4,36,2
33418,52,4,48,2
33419,74,5,69,2
33420,48,6,42,2
33421,47,7,40,2
33422,63,7,56,2
33423,52,6,46,2
33424,46,4,42,2
33425,60,7,53,2
33426,59,9,50,2
33427,57,6,51,2
33428,69,11,58,2
33429,66,8,58,2
33430,49,4,45,2
33431,47,2,45,2
33432,59,6,53,2
33433,52,6,46,2
33434,44,5,39,2
33435,64,8,56,2
33436,49,3,46,2
33437,63,6,57,2
33438,67,6,61,2
33439,66,8,58,2
33440,53,5,48,2
33441,36,3,33,2
33442,51,9,42,2
33443,57,3,54,2
33444,48,4,44,2
33445,53,6,47,2
33446,50,6,44,2
33447,63,11,52,2
33448,47,7,40,2
33449,57,7,50,2
33450,54,9,45,2
33451,51,10,41,2
33452,76,12,64,2
33453,60,9,51,2
33454,63,9,54,2
33455,58,10,48,2
33457,53,6,47,2
33458,2,0,2,1
33459,45,5,40,2
33460,56,7,49,2
33461,47,7,40,2
33462,55,7,48,2
33463,46,4,42,2
33464,60,6,54,2
33465,59,5,54,2
33466,51,7,44,2
33467,66,4,62,2
33468,60,7,53,2
33469,55,4,51,2
33470,56,10,46,2
33471,55,7,48,2
33472,42,5,37,2
33473,50,3,47,2
33474,49,6,43,2
33475,52,3,49,2
33476,54,6,48,2
33477,47,7,40,2
33478,43,5,38,2
33479,50,3,47,2
33480,48,7,41,2
33481,46,4,42,2
33482,43,5,38,2
33483,61,7,54,2
33484,59,2,57,2
33485,39,4,35,2
33486,53,4,49,2
33487,52,7,45,2
33488,56,6,50,2
33489,53,8,45,2
33490,54,6,48,2
33491,54,9,45,2
33492,57,6,51,2
33493,55,7,48,2
33494,54,7,47,2
33495,59,4,55,2
33496,53,6,47,2
33497,58,6,52,2
33498,54,9,45,2
33499,8,8,0,1
33500,44,5,39,2
33501,51,5,46,2
33502,43,2,41,2
33503,57,9,48,2
33504,39,4,35,2
33505,36,2,34,2
33506,50,5,45,2
33507,59,8,51,2
33508,59,9,50,2
33509,61,8,53,2
33510,45,5,40,2
33511,55,8,47,2
33512,55,5,50,2
33513,48,7,41,2
33514,61,5,56,2
33515,44,6,38,2
33516,35,3,32,2
33517,51,6,45,2
33518,59,8,51,2
33519,67,5,62,2
33520,63,6,57,2
33521,64,5,59,2
33522,44,6,38,2
33525,79,10,69,2
33526,47,9,38,2
33527,59,7,52,2
33528,52,7,45,2
33529,67,7,60,2
33530,49,7,42,2
33531,53,7,46,2
33532,51,7,44,2
33533,43,6,37,2
33534,56,6,50,2
33535,54,14,40,2
33536,43,3,40,2
33537,67,9,58,2
33538,53,10,43,2
33539,55,4,51,2
33540,53,4,49,2
33541,41,6,35,2
33542,46,6,40,2
33543,76,11,65,2
33544,61,7,54,2
33545,51,6,45,2
33546,53,6,47,2
33547,45,2,43,2
33548,59,8,51,2
33549,67,6,61,2
33550,59,6,53,2
33551,5,5,0,1
33552,58,6,52,2
33553,67,5,62,2
33554,55,6,49,2
33555,58,7,51,2
33556,41,8,33,2
33557,52,7,45,2
33558,59,6,53,2
33559,45,6,39,2
33560,52,8,44,2
33561,52,6,46,2
33562,47,9,38,2
33563,50,1,49,2
33564,63,7,56,2
33565,46,4,42,2
33567,56,5,51,2
33568,56,6,50,2
33569,59,6,53,2
33570,72,10,62,2
33571,55,6,49,2
33572,46,5,41,2
33573,49,6,43,2
33574,61,11,50,2
33576,8,5,3,2
33577,52,7,45,2
33578,53,3,50,2
33579,51,11,40,2
33580,64,8,56,2
33581,61,3,58,2
33582,47,4,43,2
33583,51,6,45,2
33585,54,10,44,2
33586,41,4,37,2
33587,46,4,42,2
33588,44,12,32,2
33589,55,8,47,2
33590,54,6,48,2
33591,49,6,43,2
33592,56,8,48,2
33593,52,10,42,2
33594,56,6,50,2
33595,57,8,49,2
33596,49,4,45,2
33597,50,2,48,2
33598,43,7,36,2
33599,40,2,38,2
33600,53,5,48,2
33601,52,2,50,2
33602,60,6,54,2
33603,61,7,54,2
33604,47,4,43,2
33605,48,5,43,2
33606,53,4,49,2
33607,49,8,41,2
33608,50,8,42,2
33609,70,7,63,2
33610,61,11,50,2
33611,50,10,40,2
33612,50,6,44,2
33613,54,6,48,2
33614,62,6,56,2
33615,48,4,44,2
33616,59,10,49,2
33617,66,7,59,2
33618,54,6,48,2
33619,57,2,55,2
33620,53,11,42,2
33621,53,2,51,2
33622,50,10,40,2
33623,63,8,55,2
33624,49,4,45,2
33625,18,6,12,2
33626,64,5,59,2
33627,56,7,49,2
33628,54,6,48,2
33629,61,12,49,2
33630,57,5,52,2
33631,43,3,40,2
33632,62,6,56,2
33633,59,9,50,2
33634,51,7,44,2
33635,2,0,2,1
33636,49,3,46,2
33638,64,6,58,2
33639,54,4,50,2
33640,63,9,54,2
33641,58,6,52,2
33642,50,7,43,2
33643,54,4,50,2
33644,51,3,48,2
33645,53,6,47,2
33646,1,0,1,1
33647,56,7,49,2
33648,59,10,49,2
33650,69,8,61,2
33651,53,10,43,2
33652,62,6,56,2
33653,70,9,61,2
33654,51,5,46,2
33655,63,9,54,2
33656,57,7,50,2
33657,3,3,0,1
33658,50,6,44,2
33659,49,5,44,2
33660,59,6,53,2
33661,47,6,41,2
33662,68,7,61,2
33663,61,6,55,2
33664,49,5,44,2
33665,53,9,44,2
33666,47,5,42,2
33667,59,8,51,2
33668,46,1,45,2
33669,56,4,52,2
33671,6,0,6,1
33672,55,4,51,2
33674,52,8,44,2
33675,3,1,2,2
33676,57,5,52,2
33677,55,11,44,2
33678,55,5,50,2
33679,57,8,49,2
33680,58,5,53,2
33681,62,9,53,2
33682,62,11,51,2
33683,60,8,52,2
33685,62,5,57,2
33686,47,9,38,2
33687,66,9,57,2
33688,60,7,53,2
33690,44,6,38,2
33691,67,11,56,2
33692,25,23,2,2
33693,56,8,48,2
33695,54,7,47,2
33696,41,4,37,2
33697,61,6,55,2
33699,47,8,39,2
33700,1,0,1,1
33701,64,11,53,2
33702,58,5,53,2
33704,56,4,52,2
33705,41,6,35,2
33706,66,12,54,2
33707,56,7,49,2
33708,64,10,54,2
33709,58,6,52,2
33710,51,6,45,2
33711,51,9,42,2
33712,48,5,43,2
33713,54,7,47,2
33715,49,4,45,2
33716,44,6,38,2
33717,72,8,64,2
33718,59,7,52,2
33720,57,5,52,2
33721,59,59,0,1
33722,58,6,52,2
33723,56,7,49,2
33724,63,11,52,2
33725,42,10,32,2
33726,60,7,53,2
33727,48,5,43,2
33728,55,7,48,2
33729,46,7,39,2
33730,52,5,47,2
33731,47,1,46,2
33732,53,9,44,2
33733,70,11,59,2
33734,47,7,40,2
33735,51,4,47,2
33736,58,7,51,2
33737,53,6,47,2
33738,6,6,0,1
33739,50,3,47,2
33740,53,6,47,2
33741,60,8,52,2
33742,57,6,51,2
33743,1,0,1,1
33744,43,7,36,2
33745,3,2,1,2
33746,54,2,52,2
33747,43,4,39,2
33748,46,7,39,2
33749,56,6,50,2
33750,44,10,34,2
33751,47,4,43,2
33752,68,13,55,2
33755,57,8,49,2
33756,70,9,61,2
33757,53,6,47,2
33758,50,5,45,2
33759,64,5,59,2
33760,59,9,50,2
33761,47,7,40,2
33762,55,8,47,2
33763,57,1,56,2
33764,64,9,55,2
33765,56,16,40,2
33766,50,4,46,2
33767,48,8,40,2
33768,57,5,52,2
33769,60,10,50,2
33770,69,9,60,2
33771,48,5,43,2
33773,58,3,55,2
33774,54,6,48,2
33775,49,6,43,2
33776,54,7,47,2
33778,57,6,51,2
33780,63,7,56,2
33781,53,10,43,2
33782,47,10,37,2
33783,51,7,44,2
33784,55,7,48,2
33785,53,7,46,2
33786,55,4,51,2
33787,58,6,52,2
33789,53,5,48,2
33790,64,7,57,2
33791,41,6,35,2
33792,61,8,53,2
33793,49,5,44,2
33794,49,8,41,2
33795,57,10,47,2
33796,53,3,50,2
33797,42,5,37,2
33798,61,8,53,2
33799,5,0,5,1
33800,51,5,46,2
33801,60,7,53,2
33803,56,5,51,2
33804,49,2,47,2
33806,47,5,42,2
33807,55,5,50,2
33808,53,3,50,2
33809,44,5,39,2
33810,49,9,40,2
33811,42,6,36,2
33812,61,9,52,2
33813,54,7,47,2
33814,60,4,56,2
33815,65,10,55,2
33816,71,9,62,2
33817,41,4,37,2
33818,55,7,48,2
33819,46,5,41,2
33820,44,3,41,2
33821,57,8,49,2
33822,47,4,43,2
33823,47,11,36,2
33824,64,5,59,2
33825,46,3,43,2
33826,42,5,37,2
33827,49,7,42,2
33828,51,13,38,2
33829,65,7,58,2
33830,44,9,35,2
33831,57,9,48,2
33832,53,11,42,2
33833,58,4,54,2
33834,51,5,46,2
33835,47,8,39,2
33836,55,7,48,2
33838,55,5,50,2
33839,42,6,36,2
33840,50,8,42,2
33841,70,7,63,2
33843,48,4,44,2
33844,2,0,2,1
33845,6,5,1,2
33846,46,5,41,2
33848,64,8,56,2
33849,45,7,38,2
33850,57,13,44,2
33851,43,3,40,2
33852,62,10,52,2
33853,48,4,44,2
33854,43,2,41,2
33855,51,3,48,2
33856,4,2,2,2
33857,45,2,43,2
33858,50,6,44,2
33859,51,7,44,2
33860,1,1,0,1
33861,50,46,4,2
33862,53,8,45,2
33863,56,4,52,2
33864,8,8,0,1
33865,59,13,46,2
33866,54,3,51,2
33867,49,5,44,2
33868,63,7,56,2
33869,61,7,54,2
33871,48,9,39,2
33872,58,10,48,2
33873,51,5,46,2
33874,40,2,38,2
33875,51,9,42,2
33876,50,6,44,2
33877,59,4,55,2
33878,57,12,45,2
33879,16,12,4,2
33880,43,6,37,2
33881,52,6,46,2
33882,43,4,39,2
33883,48,8,40,2
33884,62,12,50,2
33885,33,6,27,2
33886,58,3,55,2
33887,52,7,45,2
33888,54,6,48,2
33889,49,8,41,2
33890,61,4,57,2
33891,54,5,49,2
33892,55,6,49,2
33893,57,5,52,2
33894,43,3,40,2
33895,56,9,47,2
33896,55,6,49,2
33897,4,0,4,1
33898,49,8,41,2
33899,52,8,44,2
33900,56,11,45,2
33901,67,8,59,2
33902,47,7,40,2
33903,66,4,62,2
33904,46,12,34,2
33905,45,7,38,2
33906,50,5,45,2
33907,57,10,47,2
33908,63,6,57,2
33909,39,3,36,2
33910,52,5,47,2
33911,52,10,42,2
33912,46,4,42,2
33913,55,4,51,2
33914,55,14,41,2
33915,50,6,44,2
33916,48,6,42,2
33917,51,8,43,2
33918,57,9,48,2
33919,48,5,43,2
33920,62,4,58,2
33921,47,9,38,2
33922,58,7,51,2
33923,61,7,54,2
33924,49,9,40,2
33926,49,7,42,2
33928,3,0,3,1
33929,57,6,51,2
33931,59,6,53,2
33932,48,6,42,2
33933,50,2,48,2
33934,42,5,37,2
33935,49,6,43,2
33936,40,7,33,2
33937,51,8,43,2
33938,19,15,4,2
33940,56,9,47,2
33941,49,12,37,2
33942,49,4,45,2
33943,62,16,46,2
33944,47,7,40,2
33945,61,9,52,2
33946,53,3,50,2
33947,61,6,55,2
33948,53,5,48,2
33949,36,8,28,2
33950,61,1,60,2
33951,62,2,60,2
33952,57,10,47,2
33953,55,9,46,2
33954,58,9,49,2
33955,49,4,45,2
33958,50,10,40,2
33959,65,8,57,2
33960,56,9,47,2
33961,65,6,59,2
33962,72,7,65,2
33963,57,9,48,2
33964,57,9,48,2
33965,57,10,47,2
33966,50,6,44,2
33967,35,3,32,2
33969,57,6,51,2
33970,61,11,50,2
33971,55,9,46,2
33972,56,6,50,2
33973,4,0,4,1
33974,41,3,38,2
33975,52,8,44,2
33976,49,7,42,2
33977,10,0,10,1
33978,67,5,62,2
33979,53,8,45,2
33980,47,8,39,2
33981,56,10,46,2
33982,57,8,49,2
33983,72,12,60,2
33984,46,4,42,2
33986,57,5,52,2
33987,15,13,2,2
33989,51,7,44,2
33990,62,17,45,2
33991,47,6,41,2
33992,62,7,55,2
33993,39,8,31,2
33994,59,6,53,2
33995,54,5,49,2
33996,63,10,53,2
33997,55,7,48,2
33998,59,10,49,2
33999,51,11,40,2
34000,59,3,56,2
34001,50,6,44,2
34002,66,5,61,2
34003,46,7,39,2
34004,44,5,39,2
34005,63,5,58,2
34007,60,11,49,2
34009,45,8,37,2
34010,55,7,48,2
34011,65,5,60,2
34012,59,5,54,2
34013,56,6,50,2
34014,59,4,55,2
34016,44,1,43,2
34017,47,4,43,2
34018,55,7,48,2
34019,46,6,40,2
34020,52,8,44,2
34021,55,7,48,2
34022,52,10,42,2
34023,51,7,44,2
34024,55,4,51,2
34025,50,6,44,2
34026,51,5,46,2
34027,51,11,40,2
34028,41,2,39,2
34030,52,9,43,2
34031,51,5,46,2
34032,46,6,40,2
34033,53,4,49,2
34034,3,1,2,2
34035,60,1,59,2
34037,56,13,43,2
34038,57,7,50,2
34039,48,2,46,2
34040,54,5,49,2
34041,44,6,38,2
34042,60,5,55,2
34043,55,9,46,2
34044,49,3,46,2
34045,54,4,50,2
34046,46,3,43,2
34047,67,9,58,2
34048,73,10,63,2
34049,55,6,49,2
34050,47,0,47,1
34052,45,5,40,2
34053,47,4,43,2
34054,61,4,57,2
34055,57,4,53,2
34057,47,6,41,2
34058,47,4,43,2
34059,3,1,2,2
34060,52,6,46,2
34061,56,2,54,2
34062,43,3,40,2
34063,42,3,39,2
34064,58,6,52,2
34065,51,7,44,2
34066,59,10,49,2
34067,64,10,54,2
34068,66,9,57,2
34069,52,6,46,2
34070,64,4,60,2
34071,56,8,48,2
34072,38,5,33,2
34073,64,6,58,2
34074,47,6,41,2
34075,58,10,48,2
34077,54,8,46,2
34079,49,6,43,2
34080,53,4,49,2
34081,47,6,41,2
34082,53,2,51,2
34083,52,4,48,2
34084,52,12,40,2
34085,57,12,45,2
34086,60,10,50,2
34087,49,7,42,2
34088,58,8,50,2
34089,51,7,44,2
34090,50,9,41,2
34091,58,9,49,2
34092,47,9,38,2
34094,45,7,38,2
34095,55,7,48,2
34096,50,9,41,2
34097,45,3,42,2
34098,52,10,42,2
34099,62,3,59,2
34100,60,7,53,2
34101,51,7,44,2
34102,52,4,48,2
34103,50,2,48,2
34104,1,1,0,1
34105,58,7,51,2
34106,48,7,41,2
34107,49,8,41,2
34108,52,6,46,2
34109,52,6,46,2
34110,55,5,50,2
34111,53,4,49,2
34113,50,3,47,2
34114,50,7,43,2
34115,65,4,61,2
34116,40,5,35,2
34117,46,10,36,2
34118,60,5,55,2
34119,59,6,53,2
34120,53,4,49,2
34121,55,9,46,2
34122,56,3,53,2
34123,63,2,61,2
34124,65,7,58,2
34125,41,4,37,2
34126,9,9,0,1
34127,57,6,51,2
34128,47,2,45,2
34129,57,13,44,2
34130,59,11,48,2
34131,53,3,50,2
34132,49,4,45,2
34133,56,8,48,2
34134,66,11,55,2
34135,58,7,51,2
34136,65,7,58,2
34137,56,8,48,2
34138,47,5,42,2
34139,45,6,39,2
34140,56,8,48,2
34141,62,7,55,2
34142,54,12,42,2
34143,51,3,48,2
34144,50,7,43,2
34145,50,9,41,2
34146,59,2,57,2
34147,55,4,51,2
34148,57,4,53,2
34149,45,4,41,2
34153,48,10,38,2
34154,66,9,57,2
34155,62,9,53,2
34156,40,3,37,2
34157,65,5,60,2
34158,62,7,55,2
34159,52,8,44,2
34160,51,5,46,2
34161,45,7,38,2
34162,49,7,42,2
34163,55,3,52,2
34165,67,12,55,2
34166,52,7,45,2
34167,53,12,41,2
34168,57,6,51,2
34169,61,4,57,2
34170,78,8,70,2
34172,48,3,45,2
34173,62,5,57,2
34174,61,6,55,2
34175,54,9,45,2
34176,62,6,56,2
34177,47,6,41,2
34179,67,13,54,2
34180,66,9,57,2
34181,1,0,1,1
34182,3,0,3,1
34184,50,12,38,2
34185,70,10,60,2
34186,55,7,48,2
34187,61,8,53,2
34188,57,6,51,2
34189,64,7,57,2
34190,46,7,39,2
34191,50,5,45,2
34192,81,80,1,2
34193,57,5,52,2
34194,66,4,62,2
34195,49,4,45,2
34196,56,4,52,2
34197,70,12,58,2
34198,3,2,1,2
34199,56,7,49,2
34200,52,8,44,2
34201,65,4,61,2
34202,4,1,3,2
34203,46,5,41,2
34204,68,6,62,2
34205,59,9,50,2
34206,56,4,52,2
34207,54,8,46,2
34208,57,13,44,2
34209,50,4,46,2
34210,55,6,49,2
34211,57,5,52,2
34212,1,0,1,1
34213,2,0,2,1
34214,54,5,49,2
34215,53,8,45,2
34216,48,4,44,2
34217,69,10,59,2
34218,51,2,49,2
34219,40,4,36,2
34220,46,6,40,2
34221,3,0,3,1
34222,62,10,52,2
34223,56,7,49,2
34224,43,4,39,2
34225,41,10,31,2
34226,58,3,55,2
34227,58,11,47,2
34228,46,6,40,2
34230,64,8,56,2
34231,61,8,53,2
34232,51,7,44,2
34233,51,6,45,2
34234,54,5,49,2
34235,57,9,48,2
34236,51,3,48,2
34237,62,6,56,2
34238,45,5,40,2
34239,55,3,52,2
34241,58,7,51,2
34242,55,7,48,2
34243,48,4,44,2
34244,49,2,47,2
34245,54,6,48,2
34246,76,5,71,2
34248,45,12,33,2
34249,54,9,45,2
34250,47,10,37,2
34251,4,2,2,2
34252,45,4,41,2
34253,60,4,56,2
34254,68,14,54,2
34255,58,10,48,2
34256,50,6,44,2
34257,47,6,41,2
34258,59,5,54,2
34259,71,8,63,2
34261,60,6,54,2
34262,52,6,46,2
34263,58,6,52,2
34264,42,9,33,2
34265,40,3,37,2
34266,56,9,47,2
34267,46,3,43,2
34268,66,12,54,2
34269,1,0,1,1
34270,53,4,49,2
34271,46,9,37,2
34272,53,8,45,2
34273,61,6,55,2
34274,50,9,41,2
34276,48,6,42,2
34277,56,10,46,2
34278,6,0,6,1
34279,51,6,45,2
34280,64,8,56,2
34282,52,10,42,2
34283,55,6,49,2
34284,57,8,49,2
34285,56,8,48,2
34286,2,1,1,2
34287,42,4,38,2
34288,51,5,46,2
34290,71,10,61,2
34291,1,1,0,1
34292,57,4,53,2
34293,50,7,43,2
34294,48,5,43,2
34295,61,9,52,2
34296,68,6,62,2
34297,51,8,43,2
34298,71,5,66,2
34300,63,4,59,2
34301,11,10,1,2
34302,57,6,51,2
34303,43,6,37,2
34304,60,7,53,2
34305,52,8,44,2
34306,43,6,37,2
34307,54,7,47,2
34308,67,7,60,2
34309,57,8,49,2
34310,61,9,52,2
34311,58,3,55,2
34312,64,9,55,2
34313,49,9,40,2
34314,57,8,49,2
34315,56,6,50,2
34316,52,8,44,2
34317,71,15,56,2
34318,55,5,50,2
34319,48,6,42,2
34320,67,10,57,2
34321,53,5,48,2
34322,51,5,46,2
34323,69,3,66,2
34325,62,5,57,2
34326,50,4,46,2
34327,44,7,37,2
34328,57,6,51,2
34329,61,9,52,2
34330,54,9,45,2
34331,55,3,52,2
34332,47,6,41,2
34333,46,6,40,2
34334,53,11,42,2
34335,59,9,50,2
34336,55,7,48,2
34337,59,9,50,2
34338,69,8,61,2
34339,61,4,57,2
34340,44,6,38,2
34341,50,11,39,2
34342,64,11,53,2
34343,51,8,43,2
34344,57,2,55,2
34345,77,9,68,2
34346,38,5,33,2
34347,51,8,43,2
34348,60,4,56,2
34349,50,8,42,2
34350,44,4,40,2
34351,53,6,47,2
34352,53,10,43,2
34353,49,9,40,2
34354,66,8,58,2
34355,65,8,57,2
34356,52,3,49,2
34357,68,6,62,2
34358,39,6,33,2
34359,61,8,53,2
34360,46,9,37,2
34361,47,3,44,2
34362,61,3,58,2
34363,59,7,52,2
34364,70,6,64,2
34365,54,5,49,2
34366,52,5,47,2
34367,52,3,49,2
34368,51,9,42,2
34369,74,10,64,2
34370,60,8,52,2
34371,60,9,51,2
34372,51,9,42,2
34373,63,5,58,2
34374,54,8,46,2
34375,68,5,63,2
34376,15,15,0,1
34377,50,7,43,2
34378,50,9,41,2
34379,52,3,49,2
34380,49,4,45,2
34381,61,10,51,2
34382,32,6,26,2
34383,60,10,50,2
34384,49,5,44,2
34385,48,10,38,2
34387,51,7,44,2
34388,46,6,40,2
34389,41,5,36,2
34390,46,31,15,2
34391,54,6,48,2
34392,61,13,48,2
34393,52,1,51,2
34394,53,6,47,2
34395,55,6,49,2
34396,56,9,47,2
34397,52,5,47,2
34398,45,2,43,2
34399,58,6,52,2
34400,64,10,54,2
34401,66,6,60,2
34402,57,8,49,2
34403,47,7,40,2
34405,54,8,46,2
34406,2,0,2,1
34407,3,3,0,1
34408,56,4,52,2
34409,50,5,45,2
34410,57,13,44,2
34411,56,5,51,2
34412,41,1,40,2
34413,51,2,49,2
34415,62,12,50,2
34416,48,6,42,2
34417,51,4,47,2
34418,55,5,50,2
34419,57,5,52,2
34420,61,4,57,2
34421,47,6,41,2
34422,55,5,50,2
34423,64,9,55,2
34424,57,3,54,2
34425,47,5,42,2
34426,52,6,46,2
34427,52,7,45,2
34428,56,9,47,2
34429,49,4,45,2
34431,54,6,48,2
34432,48,5,43,2
34433,66,9,57,2
34434,58,8,50,2
34435,43,4,39,2
34436,54,12,42,2
34437,51,4,47,2
34439,52,7,45,2
34440,65,12,53,2
34441,54,8,46,2
34442,61,9,52,2
34443,44,4,40,2
34444,49,10,39,2
34445,57,4,53,2
34446,49,7,42,2
34447,61,5,56,2
34448,53,8,45,2
34449,62,6,56,2
34450,62,6,56,2
34451,55,5,50,2
34452,54,8,46,2
34453,52,8,44,2
34455,48,6,42,2
34456,48,5,43,2
34458,63,7,56,2
34459,57,6,51,2
34460,61,8,53,2
34461,58,13,45,2
34462,55,9,46,2
34463,55,7,48,2
34464,60,6,54,2
34465,62,7,55,2
34466,56,8,48,2
34467,55,6,49,2
34469,59,10,49,2
34470,56,5,51,2
34471,49,7,42,2
34472,51,5,46,2
34473,58,5,53,2
34474,53,7,46,2
34475,41,7,34,2
34476,50,6,44,2
34477,55,5,50,2
34478,54,4,50,2
34480,62,6,56,2
34481,51,7,44,2
34482,64,6,58,2
34483,55,5,50,2
34484,62,9,53,2
34485,46,6,40,2
34486,51,6,45,2
34487,53,6,47,2
34488,49,2,47,2
34489,60,11,49,2
34490,51,4,47,2
34491,64,3,61,2
34492,49,6,43,2
34493,61,8,53,2
34494,57,2,55,2
34495,49,9,40,2
34497,60,6,54,2
34498,45,11,34,2
34500,53,2,51,2
34501,52,8,44,2
34502,52,7,45,2
34503,44,4,40,2
34504,65,10,55,2
34505,60,4,56,2
34506,56,4,52,2
34507,59,8,51,2
34508,59,5,54,2
34509,51,3,48,2
34510,59,6,53,2
34511,50,8,42,2
34512,61,7,54,2
34513,58,6,52,2
34514,66,10,56,2
34515,56,5,51,2
34516,45,1,44,2
34517,46,5,41,2
34518,46,6,40,2
34519,51,6,45,2
34520,50,4,46,2
34521,57,7,50,2
34522,47,5,42,2
34523,53,6,47,2
34524,44,6,38,2
34525,62,9,53,2
34526,67,5,62,2
34527,58,8,50,2
34528,44,8,36,2
34529,51,5,46,2
34530,48,10,38,2
34531,55,7,48,2
34532,32,32,0,1
34533,67,6,61,2
34534,70,4,66,2
34535,56,8,48,2
34536,58,11,47,2
34537,59,8,51,2
34538,55,6,49,2
34540,58,1,57,2
34541,46,6,40,2
34542,52,2,50,2
34543,52,2,50,2
34544,59,4,55,2
34545,52,2,50,2
34546,57,7,50,2
34547,44,11,33,2
34549,53,5,48,2
34550,45,3,42,2
34551,46,6,40,2
34552,45,2,43,2
34553,48,7,41,2
34555,47,4,43,2
34556,53,6,47,2
34558,71,8,63,2
34559,51,9,42,2
34560,43,6,37,2
34561,58,8,50,2
34562,61,8,53,2
34563,64,3,61,2
34564,54,7,47,2
34565,42,5,37,2
34567,49,6,43,2
34568,53,3,50,2
34569,26,26,0,1
34570,54,5,49,2
34571,50,6,44,2
34572,44,8,36,2
34573,63,9,54,2
34574,50,3,47,2
34575,3,3,0,1
34576,52,8,44,2
34577,55,8,47,2
34578,59,3,56,2
34579,54,6,48,2
34580,59,6,53,2
34582,61,8,53,2
34583,52,5,47,2
34584,56,8,48,2
34585,43,5,38,2
34586,53,8,45,2
34587,1,0,1,1
34588,41,11,30,2
34589,61,6,55,2
34590,46,7,39,2
34591,52,6,46,2
34592,48,5,43,2
34593,48,7,41,2
34594,61,5,56,2
34596,53,7,46,2
34597,59,8,51,2
34598,64,7,57,2
34599,50,6,44,2
34600,53,6,47,2
34601,49,6,43,2
34602,47,5,42,2
34603,50,7,43,2
34604,62,6,56,2
34605,45,7,38,2
34606,47,5,42,2
34607,51,6,45,2
34608,60,5,55,2
34609,58,2,56,2
34610,45,4,41,2
34611,61,5,56,2
34612,49,1,48,2
34613,42,3,39,2
34614,65,10,55,2
34615,61,6,55,2
34616,3,2,1,2
34617,56,7,49,2
34618,59,9,50,2
34619,47,8,39,2
34620,70,6,64,2
34621,59,5,54,2
34622,58,4,54,2
34623,43,3,40,2
34624,52,4,48,2
34625,49,6,43,2
34626,3,3,0,1
34627,60,6,54,2
34628,75,9,66,2
34630,61,11,50,2
34631,53,5,48,2
34632,53,2,51,2
34633,47,6,41,2
34634,46,8,38,2
34635,57,7,50,2
34637,48,6,42,2
34638,52,8,44,2
34639,50,5,45,2
34640,51,4,47,2
34641,51,8,43,2
34642,60,13,47,2
34643,55,9,46,2
34644,56,4,52,2
34645,57,7,50,2
34646,62,8,54,2
34647,49,7,42,2
34648,59,10,49,2
34649,56,8,48,2
34650,48,8,40,2
34651,63,10,53,2
34652,65,6,59,2
34653,54,14,40,2
34654,45,2,43,2
34655,43,5,38,2
34656,65,8,57,2
34657,51,8,43,2
34658,48,5,43,2
34659,56,5,51,2
34660,48,8,40,2
34661,51,5,46,2
34662,58,4,54,2
34663,52,2,50,2
34664,48,5,43,2
34665,65,12,53,2
34666,55,4,51,2
34667,50,4,46,2
34668,44,3,41,2
34669,45,6,39,2
34670,57,10,47,2
34671,54,8,46,2
34672,52,5,47,2
34673,49,7,42,2
34675,49,5,44,2
34676,51,6,45,2
34677,59,8,51,2
34678,60,9,51,2
34679,47,5,42,2
34680,66,7,59,2
34681,57,5,52,2
34682,56,6,50,2
34683,48,6,42,2
34684,61,8,53,2
34686,62,9,53,2
34687,47,6,41,2
34688,1,0,1,1
34689,65,9,56,2
34690,58,7,51,2
34691,58,7,51,2
34692,60,5,55,2
34693,76,10,66,2
34694,49,9,40,2
34695,55,1,54,2
34696,47,2,45,2
34697,52,2,50,2
34698,68,9,59,2
34699,47,4,43,2
34700,64,8,56,2
34701,41,4,37,2
34702,55,6,49,2
34703,57,6,51,2
34704,54,5,49,2
34705,53,7,46,2
34706,53,9,44,2
34707,46,11,35,2
34708,40,2,38,2
34709,45,7,38,2
34710,54,7,47,2
34711,72,10,62,2
34712,63,5,58,2
34713,46,4,42,2
34714,62,8,54,2
34715,43,6,37,2
34716,46,4,42,2
34717,55,3,52,2
34718,53,8,45,2
34719,44,5,39,2
34720,49,8,41,2
34721,49,2,47,2
34722,63,9,54,2
34723,52,5,47,2
34724,56,6,50,2
34725,57,4,53,2
34726,54,8,46,2
34727,61,5,56,2
34728,53,8,45,2
34729,56,6,50,2
34730,68,6,62,2
34731,65,6,59,2
34732,53,7,46,2
34733,47,8,39,2
34734,53,2,51,2
34735,60,13,47,2
34736,46,4,42,2
34737,56,5,51,2
34738,59,5,54,2
34740,40,0,40,1
34741,51,3,48,2
34742,41,6,35,2
34743,55,9,46,2
34744,53,3,50,2
34745,59,8,51,2
34746,45,6,39,2
34747,58,10,48,2
34748,53,9,44,2
34749,59,6,53,2
34750,48,5,43,2
34751,46,4,42,2
34752,69,9,60,2
34753,66,7,59,2
34754,53,9,44,2
34755,41,7,34,2
34756,41,3,38,2
34757,49,11,38,2
34758,57,6,51,2
34760,46,3,43,2
34761,54,0,54,1
34762,41,7,34,2
34763,52,7,45,2
34764,51,6,45,2
34765,32,6,26,2
34766,37,5,32,2
34767,49,8,41,2
34768,62,4,58,2
34769,41,4,37,2
34770,49,9,40,2
34771,53,8,45,2
34772,57,7,50,2
34773,45,7,38,2
34774,48,4,44,2
34775,61,9,52,2
34776,55,10,45,2
34777,54,10,44,2
34778,49,5,44,2
34779,61,5,56,2
34780,53,12,41,2
34781,53,7,46,2
34782,63,8,55,2
34783,49,8,41,2
34784,56,7,49,2
34785,56,4,52,2
34786,54,7,47,2
34787,43,5,38,2
34788,63,9,54,2
34789,57,4,53,2
34790,63,6,57,2
34791,2,0,2,1
34792,65,8,57,2
34794,43,8,35,2
34795,49,7,42,2
34796,56,9,47,2
34798,53,8,45,2
34799,52,12,40,2
34800,44,6,38,2
34801,45,8,37,2
34802,63,9,54,2
34803,51,6,45,2
34804,57,6,51,2
34805,53,4,49,2
34806,59,8,51,2
34807,62,8,54,2
34808,43,6,37,2
34809,45,4,41,2
34810,67,10,57,2
34811,55,3,52,2
34812,47,7,40,2
34813,48,7,41,2
34814,62,6,56,2
34815,46,3,43,2
34816,66,7,59,2
34817,50,5,45,2
34818,43,3,40,2
34819,51,3,48,2
34820,53,12,41,2
34821,41,3,38,2
34822,51,8,43,2
34823,52,6,46,2
34824,47,5,42,2
34825,44,7,37,2
34826,68,8,60,2
34827,44,4,40,2
34828,52,9,43,2
34829,47,6,41,2
34830,55,12,43,2
34831,78,10,68,2
34832,60,4,56,2
34833,64,3,61,2
34834,63,8,55,2
34835,40,5,35,2
34836,54,5,49,2
34837,51,3,48,2
34838,3,0,3,1
34839,61,5,56,2
34840,60,6,54,2
34841,45,7,38,2
34842,40,6,34,2
34843,50,7,43,2
34844,1,1,0,1
34845,60,5,55,2
34846,46,7,39,2
34847,47,5,42,2
34848,48,8,40,2
34849,59,6,53,2
34850,6,6,0,1
34851,67,13,54,2
34852,65,6,59,2
34853,71,11,60,2
34854,58,5,53,2
34855,55,3,52,2
34856,54,8,46,2
34857,48,7,41,2
34858,43,6,37,2
34859,54,3,51,2
34860,61,5,56,2
34862,57,13,44,2
34863,45,7,38,2
34864,48,8,40,2
34865,47,6,41,2
34866,53,7,46,2
34867,51,4,47,2
34868,63,6,57,2
34869,59,2,57,2
34870,53,6,47,2
34871,48,6,42,2
34872,65,8,57,2
34873,43,1,42,2
34874,46,4,42,2
34875,45,5,40,2
34876,50,7,43,2
34877,50,9,41,2
34878,63,9,54,2
34879,56,9,47,2
34881,59,7,52,2
34882,62,8,54,2
34883,61,7,54,2
34884,43,4,39,2
34885,124,122,2,2
34886,49,5,44,2
34887,57,7,50,2
34888,10,10,0,1
34889,48,4,44,2
34890,65,10,55,2
34891,55,5,50,2
34892,55,7,48,2
34893,62,12,50,2
34894,54,12,42,2
34895,51,6,45,2
34896,58,9,49,2
34897,59,9,50,2
34898,56,8,48,2
34899,50,3,47,2
34900,56,8,48,2
34901,65,10,55,2
34902,58,9,49,2
34903,56,6,50,2
34904,1,1,0,1
34905,59,8,51,2
34906,50,3,47,2
34907,60,8,52,2
34908,43,7,36,2
34909,56,3,53,2
34910,62,5,57,2
34911,62,11,51,2
34912,60,5,55,2
34913,60,9,51,2
34914,53,3,50,2
34915,65,8,57,2
34916,68,11,57,2
34917,53,6,47,2
34918,43,5,38,2
34919,56,5,51,2
34920,60,7,53,2
34921,54,6,48,2
34922,62,11,51,2
34923,46,7,39,2
34925,59,6,53,2
34926,47,5,42,2
34927,61,7,54,2
34928,65,9,56,2
34929,50,9,41,2
34930,50,9,41,2
34931,52,7,45,2
34932,42,7,35,2
34933,46,10,36,2
34934,57,4,53,2
34935,48,4,44,2
34936,47,4,43,2
34937,51,8,43,2
34938,62,8,54,2
34939,52,8,44,2
34940,58,10,48,2
34941,61,9,52,2
34942,76,7,69,2
34943,51,7,44,2
34944,70,7,63,2
34945,55,7,48,2
34946,63,9,54,2
34947,61,5,56,2
34948,50,5,45,2
34949,59,12,47,2
34950,38,6,32,2
34951,58,13,45,2
34952,45,9,36,2
34953,49,5,44,2
34954,46,5,41,2
34955,52,3,49,2
34956,65,13,52,2
34957,56,7,49,2
34958,49,3,46,2
34959,41,6,35,2
34960,5,0,5,1
34961,55,7,48,2
34962,67,8,59,2
34963,48,5,43,2
34964,67,3,64,2
34965,76,3,73,2
34966,51,4,47,2
34967,50,9,41,2
34969,58,4,54,2
34970,64,9,55,2
34972,38,2,36,2
34974,49,7,42,2
34975,58,5,53,2
34976,49,8,41,2
34977,51,2,49,2
34978,60,7,53,2
34979,48,6,42,2
34980,55,6,49,2
34981,54,7,47,2
34982,54,7,47,2
34984,60,6,54,2
34985,62,6,56,2
34986,55,9,46,2
34987,67,4,63,2
34988,63,7,56,2
34989,61,5,56,2
34990,44,7,37,2
34991,52,3,49,2
34992,61,8,53,2
34993,47,5,42,2
34994,48,10,38,2
34995,50,5,45,2
34996,47,4,43,2
34997,55,4,51,2
34998,5,5,0,1
34999,47,3,44,2
35000,63,7,56,2
35001,55,6,49,2
35002,55,6,49,2
35003,57,8,49,2
35005,55,4,51,2
35006,55,5,50,2
35007,49,3,46,2
35008,43,5,38,2
35009,8,3,5,2
35010,51,2,49,2
35011,57,5,52,2
35012,52,10,42,2
35013,54,3,51,2
35014,63,11,52,2
35015,49,4,45,2
35016,55,9,46,2
35017,52,5,47,2
35018,47,7,40,2
35019,48,7,41,2
35020,41,6,35,2
35021,67,13,54,2
35022,50,6,44,2
35023,46,3,43,2
35024,49,3,46,2
35025,52,8,44,2
35026,74,11,63,2
35027,50,9,41,2
35028,65,9,56,2
35029,53,7,46,2
35030,63,7,56,2
35031,48,8,40,2
35032,56,9,47,2
35034,50,3,47,2
35036,60,4,56,2
35037,55,6,49,2
35039,55,4,51,2
35040,59,6,53,2
35041,44,0,44,1
35042,41,6,35,2
35043,59,5,54,2
35044,63,5,58,2
35045,61,5,56,2
35046,58,8,50,2
35047,52,5,47,2
35048,60,5,55,2
35049,56,4,52,2
35050,52,7,45,2
35051,64,8,56,2
35052,50,8,42,2
35053,52,3,49,2
35054,60,5,55,2
35055,51,4,47,2
35056,59,5,54,2
35057,51,6,45,2
35058,57,5,52,2
35059,46,9,37,2
35060,59,5,54,2
35061,57,9,48,2
35062,147,145,2,2
35063,57,10,47,2
35064,55,10,45,2
35066,62,8,54,2
35068,49,5,44,2
35069,59,5,54,2
35070,43,9,34,2
35071,40,1,39,2
35072,45,6,39,2
35073,52,4,48,2
35074,56,7,49,2
35075,47,4,43,2
35076,65,6,59,2
35077,62,7,55,2
35078,63,7,56,2
35079,62,4,58,2
35080,53,8,45,2
35081,55,6,49,2
35082,59,8,51,2
35084,58,4,54,2
35085,58,8,50,2
35086,74,9,65,2
35087,53,12,41,2
35088,54,9,45,2
35089,50,3,47,2
35090,59,8,51,2
35091,74,6,68,2
35092,53,6,47,2
35093,54,6,48,2
35094,60,5,55,2
35095,40,5,35,2
35096,50,6,44,2
35097,67,7,60,2
35098,47,6,41,2
35099,54,8,46,2
35100,48,8,40,2
35101,49,7,42,2
35102,56,8,48,2
35103,41,5,36,2
35104,39,4,35,2
35105,55,9,46,2
35106,69,6,63,2
35107,45,6,39,2
35108,60,5,55,2
35109,62,6,56,2
35110,51,7,44,2
35112,63,7,56,2
35113,55,11,44,2
35114,51,4,47,2
35115,67,5,62,2
35116,49,5,44,2
35117,50,6,44,2
35118,56,4,52,2
35119,49,8,41,2
35120,62,3,59,2
35121,57,8,49,2
35122,49,7,42,2
35123,62,8,54,2
35125,46,6,40,2
35126,53,3,50,2
35127,50,10,40,2
35128,60,8,52,2
35129,54,12,42,2
35130,59,11,48,2
35132,58,7,51,2
35133,32,4,28,2
35134,52,3,49,2
35137,42,2,40,2
35138,55,5,50,2
35139,47,9,38,2
35140,57,3,54,2
35141,65,5,60,2
35142,62,10,52,2
35143,57,6,51,2
35144,62,5,57,2
35145,56,9,47,2
35146,61,5,56,2
35147,3,1,2,2
35148,47,5,42,2
35149,63,9,54,2
35150,66,5,61,2
35151,52,9,43,2
35152,60,10,50,2
35153,53,5,48,2
35154,57,6,51,2
35155,53,8,45,2
35156,50,5,45,2
35157,68,9,59,2
35158,54,4,50,2
35159,61,6,55,2
35160,2,0,2,1
35161,50,5,45,2
35162,48,5,43,2
35163,53,6,47,2
35164,61,6,55,2
35166,49,3,46,2
35167,56,4,52,2
35168,52,4,48,2
35169,50,8,42,2
35170,46,4,42,2
35171,47,7,40,2
35172,54,12,42,2
35175,60,4,56,2
35176,50,7,43,2
35177,52,7,45,2
35178,62,4,58,2
35179,52,2,50,2
35180,51,3,48,2
35181,66,10,56,2
35182,55,10,45,2
35183,38,5,33,2
35184,34,5,29,2
35185,58,7,51,2
35186,49,8,41,2
35187,57,9,48,2
35188,55,8,47,2
35189,43,5,38,2
35190,54,6,48,2
35191,64,6,58,2
35192,56,6,50,2
35193,66,4,62,2
35194,59,9,50,2
35195,56,6,50,2
35196,50,6,44,2
35197,60,6,54,2
35198,48,6,42,2
35199,61,2,59,2
35200,48,3,45,2
35201,56,5,51,2
35202,52,3,49,2
35203,64,9,55,2
35205,48,8,40,2
35206,53,5,48,2
35207,55,5,50,2
35208,45,2,43,2
35209,56,12,44,2
35210,54,6,48,2
35211,51,4,47,2
35213,41,7,34,2
35214,57,12,45,2
35215,50,6,44,2
35216,45,6,39,2
35217,46,2,44,2
35218,1,0,1,1
35220,49,5,44,2
35221,52,5,47,2
35222,51,5,46,2
35223,43,6,37,2
35225,62,12,50,2
35226,52,8,44,2
35228,54,3,51,2
35229,59,6,53,2
35230,46,3,43,2
35231,54,4,50,2
35232,57,5,52,2
35233,53,5,48,2
35234,72,10,62,2
35235,61,8,53,2
35236,65,7,58,2
35237,65,8,57,2
35238,62,5,57,2
35239,54,10,44,2
35240,50,3,47,2
35241,59,5,54,2
35242,57,6,51,2
35243,47,5,42,2
35244,56,7,49,2
35245,48,3,45,2
35246,25,4,21,2
35247,63,12,51,2
35248,48,7,41,2
35249,51,4,47,2
35250,62,4,58,2
35251,49,10,39,2
35252,43,4,39,2
35253,49,3,46,2
35254,53,4,49,2
35255,69,6,63,2
35256,45,6,39,2
35257,49,4,45,2
35258,2,0,2,1
35259,55,8,47,2
35260,47,5,42,2
35261,52,6,46,2
35262,58,9,49,2
35263,57,12,45,2
35264,45,4,41,2
35265,49,7,42,2
35266,62,6,56,2
35267,67,10,57,2
35269,56,4,52,2
35270,57,8,49,2
35271,51,8,43,2
35272,47,6,41,2
35273,48,4,44,2
35274,45,5,40,2
35275,60,6,54,2
35276,55,3,52,2
35277,50,5,45,2
35278,51,8,43,2
35279,51,6,45,2
35280,68,10,58,2
35281,53,6,47,2
35282,46,9,37,2
35283,53,2,51,2
35284,44,5,39,2
35286,57,2,55,2
35287,47,5,42,2
35288,65,12,53,2
35289,57,5,52,2
35290,3,2,1,2
35291,63,5,58,2
35292,59,8,51,2
35293,47,7,40,2
35294,67,9,58,2
35295,57,11,46,2
35296,62,7,55,2
35297,59,7,52,2
35298,65,11,54,2
35299,55,8,47,2
35300,69,11,58,2
35301,47,7,40,2
35302,58,7,51,2
35303,61,9,52,2
35304,55,7,48,2
35305,51,8,43,2
35306,53,5,48,2
35307,46,5,41,2
35308,63,8,55,2
35309,47,6,41,2
35310,44,7,37,2
35311,45,3,42,2
35312,49,9,40,2
35313,58,7,51,2
35315,62,7,55,2
35316,48,5,43,2
35317,59,8,51,2
35318,39,5,34,2
35319,65,7,58,2
35320,52,6,46,2
35321,40,4,36,2
35322,50,9,41,2
35323,52,7,45,2
35324,57,9,48,2
35325,67,5,62,2
35327,42,3,39,2
35328,62,6,56,2
35329,52,6,46,2
35330,46,6,40,2
35331,56,11,45,2
35332,53,9,44,2
35333,48,9,39,2
35334,57,8,49,2
35335,60,6,54,2
35336,61,8,53,2
35337,57,3,54,2
35338,61,9,52,2
35339,64,9,55,2
35340,55,6,49,2
35341,49,5,44,2
35342,54,3,51,2
35343,65,6,59,2
35344,57,6,51,2
35345,45,2,43,2
35346,52,6,46,2
35347,53,7,46,2
35349,54,5,49,2
35350,49,8,41,2
35351,47,8,39,2
35352,58,8,50,2
35353,56,5,51,2
35354,47,8,39,2
35355,58,6,52,2
35356,60,10,50,2
35357,53,9,44,2
35358,68,7,61,2
35359,68,10,58,2
35360,58,2,56,2
35361,43,5,38,2
35362,75,7,68,2
35363,58,6,52,2
35365,60,6,54,2
35366,64,4,60,2
35367,56,4,52,2
35368,51,9,42,2
35369,59,12,47,2
35370,54,3,51,2
35371,46,11,35,2
35372,57,4,53,2
35373,51,2,49,2
35374,59,4,55,2
35375,41,4,37,2
35376,2,2,0,1
35377,44,6,38,2
35378,51,4,47,2
35380,55,7,48,2
35381,52,7,45,2
35382,59,12,47,2
35383,50,3,47,2
35384,58,5,53,2
35385,47,9,38,2
35386,63,1,62,2
35387,52,7,45,2
35388,59,10,49,2
35389,44,4,40,2
35390,64,10,54,2
35391,47,7,40,2
35392,47,11,36,2
35393,51,8,43,2
35394,64,7,57,2
35395,54,6,48,2
35396,54,8,46,2
35397,53,2,51,2
35398,52,7,45,2
35399,58,5,53,2
35400,47,5,42,2
35401,45,9,36,2
35402,54,8,46,2
35403,59,8,51,2
35404,50,3,47,2
35405,66,7,59,2
35406,45,1,44,2
35407,58,12,46,2
35408,51,1,50,2
35410,47,4,43,2
35411,51,5,46,2
35412,46,1,45,2
35413,62,9,53,2
35414,67,1,66,2
35415,54,4,50,2
35416,1,0,1,1
35417,65,11,54,2
35418,59,5,54,2
35419,68,8,60,2
35420,70,7,63,2
35421,63,5,58,2
35422,55,8,47,2
35423,53,4,49,2
35424,73,8,65,2
35425,2,0,2,1
35426,64,10,54,2
35427,69,9,60,2
35429,54,9,45,2
35430,69,5,64,2
35431,58,7,51,2
35432,64,7,57,2
35433,65,6,59,2
35434,51,9,42,2
35435,68,4,64,2
35436,65,5,60,2
35437,64,7,57,2
35438,68,3,65,2
35439,53,5,48,2
35440,52,8,44,2
35441,58,6,52,2
35442,68,6,62,2
35443,59,9,50,2
35444,43,4,39,2
35445,47,4,43,2
35447,56,2,54,2
35448,52,5,47,2
35449,54,6,48,2
35450,64,6,58,2
35451,61,5,56,2
35452,57,9,48,2
35453,6,4,2,2
35454,57,6,51,2
35455,52,6,46,2
35457,58,9,49,2
35458,54,4,50,2
35459,54,8,46,2
35460,47,7,40,2
35461,56,8,48,2
35463,52,5,47,2
35464,58,3,55,2
35465,55,8,47,2
35466,55,11,44,2
35467,49,3,46,2
35468,52,5,47,2
35469,61,7,54,2
35470,50,5,45,2
35471,48,5,43,2
35473,54,6,48,2
35474,60,6,54,2
35475,51,8,43,2
35476,51,8,43,2
35477,50,4,46,2
35478,44,8,36,2
35479,46,6,40,2
35480,48,7,41,2
35481,52,5,47,2
35482,67,6,61,2
35483,74,6,68,2
35484,58,6,52,2
35485,44,8,36,2
35486,72,7,65,2
35487,51,4,47,2
35488,57,7,50,2
35489,56,8,48,2
35490,60,6,54,2
35491,1,1,0,1
35492,60,7,53,2
35493,63,13,50,2
35494,74,8,66,2
35495,6,6,0,1
35496,45,6,39,2
35497,61,7,54,2
35498,59,5,54,2
35499,46,5,41,2
35500,62,4,58,2
35501,49,6,43,2
35502,55,8,47,2
35504,57,6,51,2
35505,3,0,3,1
35506,63,9,54,2
35507,64,9,55,2
35508,48,11,37,2
35509,63,10,53,2
35510,43,5,38,2
35511,49,5,44,2
35512,60,4,56,2
35513,43,6,37,2
35514,58,16,42,2
35515,58,7,51,2
35516,40,4,36,2
35517,65,6,59,2
35518,43,8,35,2
35519,56,8,48,2
35520,48,6,42,2
35521,44,5,39,2
35522,48,7,41,2
35523,56,10,46,2
35524,37,3,34,2
35525,53,8,45,2
35526,57,4,53,2
35527,43,4,39,2
35528,67,7,60,2
35529,51,5,46,2
35530,56,4,52,2
35531,59,4,55,2
35532,60,3,57,2
35533,57,5,52,2
35534,59,9,50,2
35535,49,5,44,2
35536,60,7,53,2
35537,61,5,56,2
35540,41,7,34,2
35541,61,10,51,2
35542,62,8,54,2
35543,58,11,47,2
35544,56,7,49,2
35545,48,7,41,2
35546,51,7,44,2
35547,60,9,51,2
35548,50,6,44,2
35549,44,6,38,2
35550,48,8,40,2
35551,51,10,41,2
35552,17,12,5,2
35553,63,6,57,2
35554,45,4,41,2
35555,44,5,39,2
35556,45,5,40,2
35557,45,3,42,2
35558,48,11,37,2
35559,43,6,37,2
35560,57,8,49,2
35561,60,5,55,2
35562,58,3,55,2
35563,54,5,49,2
35565,49,10,39,2
35566,50,6,44,2
35567,58,8,50,2
35568,2,0,2,1
35569,56,11,45,2
35570,54,5,49,2
35571,66,4,62,2
35573,62,7,55,2
35574,48,4,44,2
35575,12,8,4,2
35576,55,11,44,2
35577,60,9,51,2
35578,56,6,50,2
35579,66,12,54,2
35580,59,6,53,2
35581,58,8,50,2
35582,57,11,46,2
35583,44,3,41,2
35584,45,5,40,2
35585,59,6,53,2
35586,57,8,49,2
35587,73,5,68,2
35588,63,6,57,2
35589,52,7,45,2
35590,55,9,46,2
35591,52,6,46,2
35592,50,6,44,2
35593,47,5,42,2
35595,39,4,35,2
35596,61,6,55,2
35597,4,1,3,2
35598,52,8,44,2
35599,59,4,55,2
35600,58,3,55,2
35601,46,5,41,2
35602,60,8,52,2
35603,66,9,57,2
35604,63,8,55,2
35605,55,10,45,2
35606,49,4,45,2
35607,46,7,39,2
35608,61,4,57,2
35609,55,4,51,2
35610,56,3,53,2
35611,52,5,47,2
35612,57,8,49,2
35613,54,9,45,2
35614,63,9,54,2
35615,61,7,54,2
35616,60,6,54,2
35617,47,2,45,2
35618,56,11,45,2
35619,74,2,72,2
35620,61,6,55,2
35621,61,11,50,2
35622,47,6,41,2
35623,60,5,55,2
35624,40,4,36,2
35625,64,8,56,2
35626,54,8,46,2
35627,49,4,45,2
35628,56,6,50,2
35629,50,6,44,2
35630,47,4,43,2
35632,67,8,59,2
35633,57,6,51,2
35634,60,5,55,2
35635,66,7,59,2
35636,56,6,50,2
35637,53,6,47,2
35638,41,3,38,2
35639,59,8,51,2
35640,61,8,53,2
35641,57,5,52,2
35642,57,2,55,2
35643,48,5,43,2
35644,2,2,0,1
35645,45,11,34,2
35646,51,3,48,2
35648,51,3,48,2
35649,45,4,41,2
35650,68,7,61,2
35651,56,10,46,2
35652,68,6,62,2
35653,59,10,49,2
35654,56,5,51,2
35655,62,9,53,2
35656,47,4,43,2
35657,53,6,47,2
35658,51,12,39,2
35659,10,10,0,1
35660,62,6,56,2
35661,50,3,47,2
35662,58,11,47,2
35663,54,4,50,2
35664,49,7,42,2
35665,67,5,62,2
35666,1,0,1,1
35667,54,4,50,2
35668,58,4,54,2
35669,48,8,40,2
35670,72,10,62,2
35671,37,9,28,2
35672,61,9,52,2
35673,54,10,44,2
35674,56,6,50,2
35675,49,9,40,2
35676,59,12,47,2
35677,54,5,49,2
35679,69,8,61,2
35680,72,9,63,2
35681,58,4,54,2
35683,55,8,47,2
35684,60,11,49,2
35685,50,6,44,2
35686,54,7,47,2
35687,52,9,43,2
35689,48,5,43,2
35690,51,9,42,2
35691,53,7,46,2
35692,49,4,45,2
35693,60,11,49,2
35694,46,6,40,2
35695,59,14,45,2
35696,80,8,72,2
35697,47,4,43,2
35698,49,7,42,2
35699,43,4,39,2
35700,61,7,54,2
35701,59,7,52,2
35702,58,10,48,2
35703,48,7,41,2
35704,52,7,45,2
35705,62,7,55,2
35706,68,7,61,2
35707,66,8,58,2
35708,49,5,44,2
35709,55,3,52,2
35710,48,5,43,2
35712,45,4,41,2
35713,62,7,55,2
35714,44,7,37,2
35715,67,6,61,2
35716,59,6,53,2
35717,58,4,54,2
35718,52,6,46,2
35719,58,10,48,2
35720,69,3,66,2
35721,49,7,42,2
35722,52,8,44,2
35723,41,5,36,2
35724,59,6,53,2
35725,53,7,46,2
35726,63,1,62,2
35727,48,6,42,2
35728,61,9,52,2
35729,55,12,43,2
35730,64,9,55,2
35731,45,11,34,2
35732,51,7,44,2
35733,50,8,42,2
35734,59,12,47,2
35735,38,5,33,2
35736,71,4,67,2
35737,56,7,49,2
35738,59,3,56,2
35739,53,7,46,2
35740,51,7,44,2
35741,58,4,54,2
35742,52,6,46,2
35743,44,6,38,2
35744,58,8,50,2
35745,55,9,46,2
35746,51,9,42,2
35747,53,10,43,2
35748,60,7,53,2
35749,53,7,46,2
35750,49,6,43,2
35751,58,5,53,2
35752,58,7,51,2
35753,51,7,44,2
35754,58,9,49,2
35755,46,5,41,2
35756,52,4,48,2
35757,59,8,51,2
35758,50,5,45,2
35759,59,8,51,2
35760,58,9,49,2
35761,49,7,42,2
35762,51,7,44,2
35763,47,2,45,2
35764,48,3,45,2
35765,58,5,53,2
35766,3,0,3,1
35767,58,7,51,2
35768,47,5,42,2
35769,42,3,39,2
35771,63,5,58,2
35772,59,10,49,2
35773,41,4,37,2
35774,52,10,42,2
35775,55,8,47,2
35776,56,5,51,2
35777,59,13,46,2
35778,67,8,59,2
35779,45,8,37,2
35780,57,6,51,2
35781,65,7,58,2
35782,56,3,53,2
35783,70,8,62,2
35784,57,6,51,2
35785,60,6,54,2
35786,53,10,43,2
35787,52,6,46,2
35788,48,9,39,2
35789,39,6,33,2
35790,52,9,43,2
35791,60,5,55,2
35792,48,12,36,2
35793,61,6,55,2
35794,40,7,33,2
35795,61,12,49,2
35796,57,6,51,2
35797,60,7,53,2
35798,53,4,49,2
35800,56,6,50,2
35801,53,10,43,2
35802,51,6,45,2
35803,51,6,45,2
35804,48,6,42,2
35805,41,2,39,2
35806,59,4,55,2
35807,40,4,36,2
35808,54,5,49,2
35809,44,9,35,2
35810,60,7,53,2
35811,60,7,53,2
35812,56,7,49,2
35813,4,4,0,1
35814,60,8,52,2
35815,55,7,48,2
35816,42,6,36,2
35817,57,6,51,2
35818,49,4,45,2
35819,50,7,43,2
35820,6,6,0,1
35821,51,6,45,2
35822,55,6,49,2
35824,63,8,55,2
35825,48,8,40,2
35826,59,8,51,2
35827,69,6,63,2
35828,62,11,51,2
35829,53,6,47,2
35830,51,7,44,2
35831,55,6,49,2
35832,59,7,52,2
35833,73,11,62,2
35834,63,8,55,2
35835,50,7,43,2
35836,10,10,0,1
35837,61,4,57,2
35838,50,8,42,2
35839,69,6,63,2
35840,59,9,50,2
35841,48,5,43,2
35842,6,5,1,2
35843,54,6,48,2
35844,49,4,45,2
35845,52,9,43,2
35847,54,3,51,2
35848,1,0,1,1
35849,60,4,56,2
35850,62,13,49,2
35851,54,9,45,2
35852,65,12,53,2
35853,54,6,48,2
35854,52,4,48,2
35855,51,7,44,2
35856,42,4,38,2
35858,66,8,58,2
35859,2,2,0,1
35860,48,4,44,2
35861,67,13,54,2
35862,56,3,53,2
35863,57,7,50,2
35864,49,4,45,2
35865,51,6,45,2
35866,43,4,39,2
35867,56,8,48,2
35868,51,4,47,2
35869,63,4,59,2
35871,52,5,47,2
35872,54,7,47,2
35873,54,3,51,2
35874,56,1,55,2
35875,53,3,50,2
35876,4,3,1,2
35877,58,5,53,2
35878,9,9,0,1
35879,66,6,60,2
35880,56,3,53,2
35881,68,8,60,2
35882,61,2,59,2
35883,52,3,49,2
35884,51,3,48,2
35885,51,6,45,2
35886,61,7,54,2
35887,65,4,61,2
35888,59,6,53,2
35889,58,8,50,2
35890,51,8,43,2
35891,49,6,43,2
35892,54,6,48,2
35893,54,4,50,2
35894,53,4,49,2
35895,57,9,48,2
35896,41,7,34,2
35897,44,4,40,2
35898,63,8,55,2
35899,58,4,54,2
35900,1,0,1,1
35901,63,8,55,2
35902,54,8,46,2
35903,56,5,51,2
35904,46,7,39,2
35905,65,9,56,2
35906,65,9,56,2
35907,59,3,56,2
35908,61,9,52,2
35910,45,8,37,2
35911,60,8,52,2
35912,61,4,57,2
35914,58,6,52,2
35915,42,5,37,2
35916,68,5,63,2
35917,53,10,43,2
35920,53,10,43,2
35921,52,7,45,2
35922,54,5,49,2
35923,42,7,35,2
35924,41,3,38,2
35925,48,5,43,2
35926,61,2,59,2
35927,51,7,44,2
35928,53,9,44,2
35929,47,2,45,2
35930,43,7,36,2
35931,51,10,41,2
35932,63,9,54,2
35933,39,4,35,2
35934,63,9,54,2
35935,52,6,46,2
35936,63,3,60,2
35937,52,5,47,2
35938,49,2,47,2
35939,60,8,52,2
35940,43,5,38,2
35941,60,5,55,2
35942,62,5,57,2
35943,45,5,40,2
35944,54,5,49,2
35945,71,11,60,2
35946,48,2,46,2
35947,62,12,50,2
35948,60,4,56,2
35949,54,9,45,2
35950,62,7,55,2
35951,54,7,47,2
35952,68,6,62,2
35953,54,3,51,2
35954,63,12,51,2
35955,59,9,50,2
35956,60,9,51,2
35957,58,6,52,2
35958,66,10,56,2
35959,44,6,38,2
35960,62,10,52,2
35961,51,8,43,2
35962,58,9,49,2
35963,57,7,50,2
35964,54,8,46,2
35965,50,9,41,2
35966,59,9,50,2
35967,55,6,49,2
35968,56,9,47,2
35970,54,7,47,2
35971,57,10,47,2
35972,63,8,55,2
35973,56,4,52,2
35974,55,9,46,2
35975,57,8,49,2
35976,53,5,48,2
35977,49,4,45,2
35978,48,6,42,2
35979,58,6,52,2
35980,52,9,43,2
35981,48,5,43,2
35982,46,6,40,2
35983,57,7,50,2
35984,60,9,51,2
35985,55,4,51,2
35986,52,8,44,2
35987,50,3,47,2
35988,39,3,36,2
35989,54,3,51,2
35990,45,5,40,2
35992,55,7,48,2
35993,53,8,45,2
35995,62,10,52,2
35996,53,8,45,2
35997,66,3,63,2
35998,44,5,39,2
35999,53,10,43,2
36000,52,2,50,2
36001,63,7,56,2
36002,58,2,56,2
36003,59,7,52,2
36004,58,6,52,2
36005,41,6,35,2
36006,56,7,49,2
36007,54,5,49,2
36008,52,9,43,2
36009,50,8,42,2
36010,61,10,51,2
36011,43,6,37,2
36012,59,6,53,2
36013,50,9,41,2
36014,50,3,47,2
36015,54,4,50,2
36016,53,6,47,2
36017,58,6,52,2
36019,65,5,60,2
36020,46,6,40,2
36021,49,8,41,2
36022,54,6,48,2
36023,48,4,44,2
36024,40,10,30,2
36025,68,8,60,2
36026,56,3,53,2
36027,56,7,49,2
36028,62,4,58,2
36029,53,8,45,2
36030,42,4,38,2
36031,1,1,0,1
36032,62,7,55,2
36033,58,9,49,2
36034,49,2,47,2
36035,51,4,47,2
36036,51,5,46,2
36037,55,6,49,2
36038,53,6,47,2
36039,58,8,50,2
36040,69,6,63,2
36041,39,5,34,2
36042,77,7,70,2
36043,66,11,55,2
36044,53,5,48,2
36045,58,5,53,2
36046,64,6,58,2
36047,55,8,47,2
36048,69,8,61,2
36049,61,6,55,2
36050,62,4,58,2
36051,58,6,52,2
36053,47,3,44,2
36055,51,7,44,2
36056,60,7,53,2
36057,74,12,62,2
36058,50,9,41,2
36059,55,4,51,2
36060,61,6,55,2
36061,56,5,51,2
36062,56,11,45,2
36063,51,6,45,2
36064,65,11,54,2
36065,65,7,58,2
36066,62,7,55,2
36067,57,8,49,2
36068,60,7,53,2
36069,59,7,52,2
36070,60,9,51,2
36071,55,4,51,2
36072,17,12,5,2
36073,47,2,45,2
36074,38,4,34,2
36075,61,8,53,2
36076,67,10,57,2
36077,42,10,32,2
36078,51,7,44,2
36079,57,8,49,2
36080,61,6,55,2
36081,54,10,44,2
36082,48,7,41,2
36083,5,4,1,2
36084,62,4,58,2
36085,67,7,60,2
36086,52,8,44,2
36087,58,9,49,2
36088,56,8,48,2
36089,58,9,49,2
36090,62,12,50,2
36091,62,9,53,2
36093,56,4,52,2
36094,51,3,48,2
36095,67,6,61,2
36097,57,7,50,2
36098,54,6,48,2
36099,72,9,63,2
36100,59,6,53,2
36101,2,0,2,1
36102,47,6,41,2
36103,48,7,41,2
36104,60,11,49,2
36106,51,7,44,2
36107,50,5,45,2
36108,48,3,45,2
36109,57,6,51,2
36110,53,5,48,2
36111,44,6,38,2
36112,48,11,37,2
36113,55,8,47,2
36114,43,6,37,2
36115,62,6,56,2
36116,53,7,46,2
36117,43,5,38,2
36118,62,8,54,2
36119,56,7,49,2
36120,56,4,52,2
36121,55,7,48,2
36122,54,10,44,2
36123,51,3,48,2
36124,60,4,56,2
36125,48,4,44,2
36126,53,6,47,2
36127,57,6,51,2
36128,50,5,45,2
36129,67,11,56,2
36130,53,10,43,2
36131,58,8,50,2
36132,55,5,50,2
36133,63,8,55,2
36134,65,5,60,2
36135,47,2,45,2
36136,46,9,37,2
36137,52,5,47,2
36138,59,6,53,2
36139,51,6,45,2
36141,59,8,51,2
36142,54,8,46,2
36143,54,13,41,2
36144,34,5,29,2
36145,55,7,48,2
36146,51,8,43,2
36147,49,3,46,2
36148,54,6,48,2
36149,57,7,50,2
36151,47,8,39,2
36152,56,13,43,2
36153,51,2,49,2
36154,60,5,55,2
36155,57,7,50,2
36156,56,9,47,2
36157,54,7,47,2
36158,38,6,32,2
36159,67,4,63,2
36160,1,0,1,1
36161,54,6,48,2
36162,59,6,53,2
36163,57,7,50,2
36164,50,6,44,2
36165,45,7,38,2
36166,50,8,42,2
36167,41,4,37,2
36168,49,4,45,2
36169,56,12,44,2
36170,58,5,53,2
36171,69,6,63,2
36172,52,7,45,2
36173,6,6,0,1
36174,66,9,57,2
36175,51,5,46,2
36176,67,7,60,2
36177,52,11,41,2
36178,60,7,53,2
36179,2,0,2,1
36180,49,3,46,2
36181,57,3,54,2
36182,57,7,50,2
36183,65,8,57,2
36184,59,8,51,2
36185,38,3,35,2
36186,54,6,48,2
36187,64,7,57,2
36188,61,5,56,2
36189,54,8,46,2
36190,44,2,42,2
36191,50,1,49,2
36193,58,8,50,2
36194,66,10,56,2
36195,62,6,56,2
36196,53,4,49,2
36197,60,11,49,2
36198,55,7,48,2
36199,51,8,43,2
36200,59,7,52,2
36201,58,11,47,2
36202,58,8,50,2
36203,47,5,42,2
36204,51,8,43,2
36206,46,4,42,2
36207,46,5,41,2
36208,64,6,58,2
36210,54,8,46,2
36211,44,6,38,2
36212,62,9,53,2
36213,61,7,54,2
36214,58,6,52,2
36215,52,6,46,2
36216,52,3,49,2
36217,66,8,58,2
36218,54,8,46,2
36219,62,7,55,2
36220,47,6,41,2
36222,45,2,43,2
36223,60,4,56,2
36224,58,6,52,2
36225,59,10,49,2
36226,54,8,46,2
36227,57,2,55,2
36228,46,2,44,2
36229,50,5,45,2
36231,62,11,51,2
36232,49,10,39,2
36233,58,12,46,2
36234,45,6,39,2
36235,61,3,58,2
36236,53,10,43,2
36237,23,23,0,1
36238,53,9,44,2
36239,59,6,53,2
36240,57,5,52,2
36241,55,11,44,2
36242,54,8,46,2
36243,55,3,52,2
36244,44,8,36,2
36245,63,10,53,2
36246,48,4,44,2
36247,66,6,60,2
36248,53,7,46,2
36249,58,9,49,2
36250,49,7,42,2
36251,51,5,46,2
36252,57,7,50,2
36253,60,5,55,2
36254,55,9,46,2
36255,46,5,41,2
36256,44,8,36,2
36257,54,7,47,2
36258,58,6,52,2
36259,69,11,58,2
36260,59,6,53,2
36261,51,3,48,2
36262,50,4,46,2
36263,63,9,54,2
36264,58,9,49,2
36265,61,5,56,2
36266,58,5,53,2
36267,35,8,27,2
36268,61,8,53,2
36269,55,3,52,2
36270,1,1,0,1
36271,56,3,53,2
36272,60,18,42,2
36273,58,7,51,2
36274,48,8,40,2
36275,50,8,42,2
36276,65,9,56,2
36277,58,9,49,2
36278,39,4,35,2
36279,49,5,44,2
36280,61,10,51,2
36281,77,12,65,2
36282,65,7,58,2
36283,62,9,53,2
36284,57,6,51,2
36285,50,6,44,2
36286,62,4,58,2
36287,61,7,54,2
36289,45,3,42,2
36290,44,2,42,2
36291,63,8,55,2
36292,47,3,44,2
36293,60,5,55,2
36295,58,10,48,2
36296,59,5,54,2
36297,2,0,2,1
36298,54,5,49,2
36299,59,8,51,2
36300,48,5,43,2
36301,61,8,53,2
36302,55,5,50,2
36303,60,5,55,2
36304,49,6,43,2
36305,48,7,41,2
36306,64,7,57,2
36307,549,76,473,2
36308,45,3,42,2
36309,58,7,51,2
36310,51,8,43,2
36311,62,4,58,2
36312,50,5,45,2
36313,57,8,49,2
36314,18,13,5,2
36315,43,4,39,2
36316,49,5,44,2
36318,67,10,57,2
36319,44,8,36,2
36320,49,7,42,2
36321,59,3,56,2
36322,55,7,48,2
36323,48,6,42,2
36324,52,11,41,2
36325,49,8,41,2
36326,64,11,53,2
36327,42,4,38,2
36328,58,12,46,2
36329,64,10,54,2
36330,57,8,49,2
36331,47,3,44,2
36332,70,3,67,2
36333,57,4,53,2
36334,52,1,51,2
36335,49,7,42,2
36336,55,5,50,2
36337,51,4,47,2
36338,74,8,66,2
36339,55,2,53,2
36340,58,9,49,2
36341,51,9,42,2
36342,49,7,42,2
36343,55,6,49,2
36344,47,8,39,2
36345,53,10,43,2
36346,59,11,48,2
36347,50,3,47,2
36348,53,7,46,2
36349,49,6,43,2
36350,62,6,56,2
36351,47,5,42,2
36352,42,5,37,2
36353,62,6,56,2
36354,56,5,51,2
36355,43,4,39,2
36356,62,11,51,2
36357,52,4,48,2
36358,44,5,39,2
36359,12,2,10,2
36360,64,11,53,2
36361,56,5,51,2
36362,49,4,45,2
36363,56,8,48,2
36364,49,7,42,2
36365,51,4,47,2
36366,49,2,47,2
36367,55,9,46,2
36369,54,9,45,2
36370,44,6,38,2
36371,66,8,58,2
36372,54,5,49,2
36373,58,6,52,2
36374,53,9,44,2
36376,69,10,59,2
36377,54,3,51,2
36378,66,6,60,2
36379,55,6,49,2
36380,62,16,46,2
36381,61,11,50,2
36382,59,2,57,2
36383,48,5,43,2
36384,50,2,48,2
36385,51,6,45,2
36386,41,7,34,2
36387,50,4,46,2
36388,56,7,49,2
36389,44,3,41,2
36390,54,5,49,2
36391,44,4,40,2
36392,51,8,43,2
36393,43,4,39,2
36394,43,7,36,2
36395,62,8,54,2
36396,64,6,58,2
36397,52,8,44,2
36399,55,6,49,2
36400,62,8,54,2
36401,49,9,40,2
36402,56,6,50,2
36404,47,6,41,2
36405,58,3,55,2
36406,54,7,47,2
36407,57,9,48,2
36408,53,9,44,2
36409,55,6,49,2
36410,54,10,44,2
36411,58,4,54,2
36412,59,14,45,2
36413,56,5,51,2
36414,50,7,43,2
36415,3,2,1,2
36416,53,8,45,2
36417,49,3,46,2
36418,46,6,40,2
36419,56,9,47,2
36420,59,6,53,2
36421,49,3,46,2
36423,50,7,43,2
36424,32,0,32,1
36425,60,7,53,2
36426,61,3,58,2
36427,58,6,52,2
36428,51,2,49,2
36429,45,5,40,2
36430,50,7,43,2
36431,57,4,53,2
36432,58,8,50,2
36433,37,2,35,2
36434,56,3,53,2
36435,67,9,58,2
36436,48,3,45,2
36437,63,4,59,2
36438,51,11,40,2
36439,56,8,48,2
36440,66,8,58,2
36441,64,6,58,2
36442,58,9,49,2
36443,53,6,47,2
36444,64,9,55,2
36445,52,6,46,2
36446,56,10,46,2
36447,54,9,45,2
36448,47,8,39,2
36449,40,4,36,2
36450,52,1,51,2
36451,56,3,53,2
36452,48,5,43,2
36453,70,7,63,2
36454,61,4,57,2
36455,70,12,58,2
36456,51,1,50,2
36458,48,9,39,2
36459,53,6,47,2
36460,62,9,53,2
36461,62,4,58,2
36462,50,6,44,2
36464,46,4,42,2
36465,64,8,56,2
36466,55,3,52,2
36467,53,9,44,2
36468,54,6,48,2
36469,55,0,55,1
36470,10,5,5,2
36471,55,3,52,2
36472,46,6,40,2
36473,2,0,2,1
36474,55,6,49,2
36475,45,4,41,2
36476,49,6,43,2
36477,56,9,47,2
36478,7,4,3,2
36479,49,7,42,2
36480,58,9,49,2
36481,53,6,47,2
36482,57,10,47,2
36483,49,6,43,2
36484,71,4,67,2
36485,61,6,55,2
36486,46,6,40,2
36487,45,4,41,2
36488,55,5,50,2
36489,55,6,49,2
36490,51,3,48,2
36491,39,4,35,2
36492,57,7,50,2
36493,61,6,55,2
36494,62,12,50,2
36495,43,3,40,2
36496,53,5,48,2
36497,55,10,45,2
36498,57,5,52,2
36499,56,4,52,2
36500,56,5,51,2
36501,55,9,46,2
36502,55,9,46,2
36503,50,8,42,2
36504,4,2,2,2
36505,53,5,48,2
36506,47,6,41,2
36507,59,11,48,2
36508,46,3,43,2
36509,40,6,34,2
36510,66,10,56,2
36511,58,9,49,2
36512,51,9,42,2
36513,55,6,49,2
36514,53,7,46,2
36515,59,11,48,2
36516,44,1,43,2
36517,62,10,52,2
36518,46,4,42,2
36519,63,10,53,2
36520,57,6,51,2
36521,54,7,47,2
36522,53,4,49,2
36523,58,4,54,2
36524,3,3,0,1
36525,54,4,50,2
36527,54,3,51,2
36528,57,6,51,2
36529,42,4,38,2
36530,62,9,53,2
36531,47,6,41,2
36532,53,6,47,2
36533,53,10,43,2
36534,63,3,60,2
36535,50,6,44,2
36536,55,4,51,2
36537,64,7,57,2
36538,52,8,44,2
36539,63,11,52,2
36540,59,7,52,2
36541,15,15,0,1
36542,67,7,60,2
36543,61,9,52,2
36544,52,7,45,2
36545,56,7,49,2
36546,62,3,59,2
36547,52,3,49,2
36548,56,9,47,2
36549,60,6,54,2
36550,45,4,41,2
36551,51,8,43,2
36552,43,2,41,2
36553,56,4,52,2
36554,55,10,45,2
36555,49,9,40,2
36556,51,4,47,2
36557,60,8,52,2
36558,52,4,48,2
36559,53,6,47,2
36560,66,7,59,2
36561,50,10,40,2
36562,52,8,44,2
36563,1,1,0,1
36564,60,8,52,2
36565,54,8,46,2
36566,63,10,53,2
36567,58,7,51,2
36568,56,8,48,2
36569,53,6,47,2
36570,39,4,35,2
36571,68,8,60,2
36573,50,7,43,2
36574,53,6,47,2
36575,50,7,43,2
36576,59,5,54,2
36578,60,9,51,2
36579,34,1,33,2
36580,52,6,46,2
36581,52,3,49,2
36582,55,5,50,2
36583,52,5,47,2
36584,57,8,49,2
36585,46,5,41,2
36587,43,5,38,2
36588,52,9,43,2
36590,52,11,41,2
36591,55,5,50,2
36592,64,10,54,2
36593,59,5,54,2
36594,71,6,65,2
36595,55,8,47,2
36596,51,5,46,2
36597,47,7,40,2
36598,42,4,38,2
36599,52,4,48,2
36600,46,5,41,2
36601,59,4,55,2
36602,61,7,54,2
36604,57,5,52,2
36605,50,4,46,2
36606,44,7,37,2
36607,61,5,56,2
36608,59,9,50,2
36609,50,7,43,2
36610,48,7,41,2
36611,53,7,46,2
36612,61,7,54,2
36613,38,4,34,2
36614,53,8,45,2
36615,50,7,43,2
36616,58,6,52,2
36617,62,6,56,2
36618,53,8,45,2
36619,58,5,53,2
36620,59,8,51,2
36621,58,6,52,2
36622,56,5,51,2
36623,39,8,31,2
36624,52,13,39,2
36625,45,4,41,2
36627,54,9,45,2
36628,68,9,59,2
36630,57,7,50,2
36631,63,4,59,2
36633,58,8,50,2
36634,56,6,50,2
36635,57,7,50,2
36636,49,1,48,2
36638,59,7,52,2
36639,60,8,52,2
36641,60,12,48,2
36642,47,8,39,2
36643,61,7,54,2
36644,57,8,49,2
36647,63,15,48,2
36648,57,6,51,2
36650,52,12,40,2
36651,51,7,44,2
36653,6,0,6,1
36654,49,7,42,2
36655,60,6,54,2
36656,3,0,3,1
36657,60,6,54,2
36658,49,6,43,2
36659,39,5,34,2
36660,57,10,47,2
36661,50,6,44,2
36663,47,4,43,2
36664,47,2,45,2
36665,53,6,47,2
36666,62,7,55,2
36667,52,6,46,2
36668,52,5,47,2
36669,7,3,4,2
36670,54,6,48,2
36671,52,8,44,2
36672,49,4,45,2
36673,61,8,53,2
36674,50,8,42,2
36675,46,6,40,2
36676,52,7,45,2
36677,49,7,42,2
36678,59,7,52,2
36679,52,5,47,2
36680,53,8,45,2
36681,45,4,41,2
36682,67,12,55,2
36683,71,7,64,2
36684,64,5,59,2
36686,60,6,54,2
36687,48,4,44,2
36688,55,7,48,2
36689,55,4,51,2
36690,59,9,50,2
36691,53,3,50,2
36692,58,3,55,2
36693,59,13,46,2
36694,1,1,0,1
36695,64,9,55,2
36696,57,10,47,2
36697,62,11,51,2
36698,70,6,64,2
36699,48,8,40,2
36700,62,5,57,2
36701,47,2,45,2
36702,62,8,54,2
36703,52,2,50,2
36704,49,10,39,2
36705,61,6,55,2
36707,41,5,36,2
36708,53,3,50,2
36709,50,7,43,2
36710,60,6,54,2
36711,47,7,40,2
36712,53,9,44,2
36713,48,2,46,2
36714,37,3,34,2
36715,60,7,53,2
36716,47,4,43,2
36717,60,7,53,2
36718,71,8,63,2
36720,49,9,40,2
36721,52,4,48,2
36722,1,0,1,1
36723,63,10,53,2
36724,55,3,52,2
36725,64,9,55,2
36726,6,4,2,2
36727,56,6,50,2
36728,52,5,47,2
36729,57,4,53,2
36730,56,12,44,2
36731,56,7,49,2
36732,44,2,42,2
36733,57,6,51,2
36734,65,14,51,2
36735,55,2,53,2
36737,66,8,58,2
36738,48,4,44,2
36739,68,10,58,2
36740,64,6,58,2
36741,55,4,51,2
36742,62,4,58,2
36743,50,6,44,2
36744,53,5,48,2
36745,53,10,43,2
36747,63,8,55,2
36748,63,8,55,2
36749,50,4,46,2
36750,55,7,48,2
36751,53,7,46,2
36752,2,0,2,1
36753,55,11,44,2
36754,52,6,46,2
36755,61,6,55,2
36756,56,9,47,2
36757,43,5,38,2
36759,49,4,45,2
36760,63,3,60,2
36761,45,4,41,2
36762,63,9,54,2
36763,61,7,54,2
36764,54,9,45,2
36765,64,9,55,2
36766,42,4,38,2
36767,44,7,37,2
36768,48,8,40,2
36769,51,7,44,2
36770,61,5,56,2
36771,47,4,43,2
36772,46,5,41,2
36773,52,9,43,2
36774,65,9,56,2
36775,52,2,50,2
36776,51,7,44,2
36777,57,8,49,2
36778,63,7,56,2
36779,56,5,51,2
36780,42,5,37,2
36781,48,8,40,2
36782,46,5,41,2
36783,45,5,40,2
36784,63,7,56,2
36785,68,10,58,2
36786,52,5,47,2
36787,51,10,41,2
36788,46,6,40,2
36789,57,11,46,2
36790,55,9,46,2
36791,47,2,45,2
36792,52,5,47,2
36793,55,10,45,2
36794,57,5,52,2
36795,50,11,39,2
36796,50,9,41,2
36797,53,3,50,2
36798,57,9,48,2
36799,62,8,54,2
36800,63,6,57,2
36801,66,11,55,2
36802,32,6,26,2
36803,53,5,48,2
36804,56,6,50,2
36805,48,5,43,2
36806,51,8,43,2
36807,66,8,58,2
36808,59,6,53,2
36810,64,5,59,2
36811,52,8,44,2
36814,56,3,53,2
36815,51,4,47,2
36816,50,7,43,2
36817,51,4,47,2
36818,55,6,49,2
36819,66,9,57,2
36820,49,8,41,2
36821,52,9,43,2
36822,60,4,56,2
36823,48,1,47,2
36824,55,6,49,2
36825,47,8,39,2
36826,61,9,52,2
36827,50,4,46,2
36828,52,6,46,2
36829,51,6,45,2
36830,47,5,42,2
36831,58,8,50,2
36832,49,14,35,2
36833,61,8,53,2
36834,58,10,48,2
36835,54,11,43,2
36836,48,7,41,2
36837,53,6,47,2
36838,60,6,54,2
36839,57,5,52,2
36840,59,12,47,2
36841,57,8,49,2
36842,44,5,39,2
36843,51,4,47,2
36844,45,9,36,2
36846,47,7,40,2
36847,58,6,52,2
36848,41,3,38,2
36849,64,10,54,2
36850,42,5,37,2
36851,52,7,45,2
36852,55,6,49,2
36853,49,3,46,2
36854,43,7,36,2
36855,66,8,58,2
36856,60,8,52,2
36857,50,6,44,2
36858,20,18,2,2
36859,50,5,45,2
36860,61,5,56,2
36861,67,12,55,2
36862,54,7,47,2
36863,62,8,54,2
36864,60,7,53,2
36865,59,5,54,2
36867,52,4,48,2
36868,64,9,55,2
36869,64,11,53,2
36870,55,7,48,2
36871,54,3,51,2
36872,42,5,37,2
36873,60,6,54,2
36874,52,7,45,2
36875,57,10,47,2
36876,64,10,54,2
36877,52,6,46,2
36878,59,5,54,2
36879,48,6,42,2
36880,47,9,38,2
36881,51,4,47,2
36882,58,5,53,2
36883,57,11,46,2
36884,50,9,41,2
36885,53,8,45,2
36886,46,5,41,2
36887,48,7,41,2
36888,42,4,38,2
36889,60,7,53,2
36890,51,1,50,2
36891,56,4,52,2
36892,54,9,45,2
36893,46,4,42,2
36894,60,7,53,2
36895,51,6,45,2
36896,60,4,56,2
36897,42,6,36,2
36898,49,7,42,2
36899,57,8,49,2
36900,47,3,44,2
36901,62,7,55,2
36902,54,6,48,2
36903,54,4,50,2
36904,60,8,52,2
36905,40,2,38,2
36906,9,0,9,1
36907,56,9,47,2
36908,52,6,46,2
36909,60,5,55,2
36910,73,17,56,2
36911,49,8,41,2
36912,71,12,59,2
36913,52,2,50,2
36914,50,7,43,2
36915,48,3,45,2
36916,36,3,33,2
36917,68,12,56,2
36919,42,10,32,2
36920,60,3,57,2
36921,59,8,51,2
36922,56,8,48,2
36923,59,3,56,2
36924,55,3,52,2
36925,46,7,39,2
36926,4,0,4,1
36927,43,7,36,2
36928,9,0,9,1
36929,54,7,47,2
36930,70,14,56,2
36931,49,3,46,2
36932,58,3,55,2
36933,59,9,50,2
36934,59,3,56,2
36935,54,6,48,2
36936,58,5,53,2
36937,42,5,37,2
36938,21,21,0,1
36939,59,9,50,2
36940,63,12,51,2
36941,63,9,54,2
36942,55,6,49,2
36943,44,6,38,2
36944,52,4,48,2
36945,62,7,55,2
36946,59,7,52,2
36947,44,6,38,2
36948,57,6,51,2
36949,41,7,34,2
36950,55,13,42,2
36951,52,7,45,2
36952,48,5,43,2
36953,61,5,56,2
36954,4,1,3,2
36955,55,6,49,2
36956,54,8,46,2
36957,59,4,55,2
36958,53,3,50,2
36960,53,7,46,2
36961,62,8,54,2
36962,35,5,30,2
36963,53,9,44,2
36964,54,9,45,2
36965,59,6,53,2
36966,61,9,52,2
36967,70,7,63,2
36968,65,7,58,2
36969,44,2,42,2
36970,50,6,44,2
36971,50,5,45,2
36972,51,3,48,2
36973,62,8,54,2
36974,66,10,56,2
36975,45,2,43,2
36976,50,8,42,2
36977,58,4,54,2
36978,56,6,50,2
36979,50,4,46,2
36980,51,6,45,2
36981,61,9,52,2
36982,64,12,52,2
36983,53,5,48,2
36984,57,7,50,2
36985,57,7,50,2
36986,58,9,49,2
36987,42,8,34,2
36988,47,3,44,2
36989,53,8,45,2
36990,67,8,59,2
36991,58,6,52,2
36992,56,6,50,2
36993,64,4,60,2
36994,67,5,62,2
36995,57,11,46,2
36996,42,8,34,2
36997,65,6,59,2
36998,56,6,50,2
36999,43,5,38,2
37000,62,8,54,2
37001,52,7,45,2
37002,52,9,43,2
37003,70,10,60,2
37004,48,6,42,2
37005,57,7,50,2
37006,64,10,54,2
37007,52,8,44,2
37008,67,10,57,2
37009,45,3,42,2
37010,54,8,46,2
37011,61,6,55,2
37012,56,6,50,2
37013,57,6,51,2
37014,42,6,36,2
37015,60,10,50,2
37016,54,4,50,2
37017,60,6,54,2
37019,50,8,42,2
37020,58,3,55,2
37021,56,5,51,2
37022,53,7,46,2
37024,52,8,44,2
37025,55,6,49,2
37026,52,6,46,2
37027,60,9,51,2
37028,64,7,57,2
37029,40,7,33,2
37030,58,3,55,2
37032,9,1,8,2
37033,47,8,39,2
37034,44,6,38,2
37035,60,8,52,2
37036,57,12,45,2
37037,48,7,41,2
37038,49,9,40,2
37040,55,2,53,2
37041,60,8,52,2
37042,66,6,60,2
37043,51,6,45,2
37044,61,3,58,2
37045,51,6,45,2
37046,60,12,48,2
37047,68,9,59,2
37048,41,3,38,2
37049,39,4,35,2
37050,49,8,41,2
37051,61,8,53,2
37052,49,4,45,2
37053,54,8,46,2
37054,53,6,47,2
37055,50,7,43,2
37056,58,8,50,2
37057,50,5,45,2
37058,57,9,48,2
37059,50,6,44,2
37061,68,10,58,2
37062,59,6,53,2
37063,64,6,58,2
37064,62,9,53,2
37065,47,5,42,2
37066,54,3,51,2
37067,52,12,40,2
37068,47,3,44,2
37069,56,7,49,2
37070,71,8,63,2
37072,48,5,43,2
37073,42,12,30,2
37074,60,2,58,2
37075,67,10,57,2
37076,74,3,71,2
37077,56,7,49,2
37078,60,6,54,2
37079,59,3,56,2
37080,60,8,52,2
37081,50,9,41,2
37082,53,3,50,2
37083,50,5,45,2
37084,48,8,40,2
37085,55,4,51,2
37086,24,17,7,2
37087,51,3,48,2
37088,61,6,55,2
37089,67,7,60,2
37090,55,9,46,2
37091,58,8,50,2
37092,66,6,60,2
37093,60,8,52,2
37094,62,5,57,2
37095,51,7,44,2
37096,60,8,52,2
37097,3,0,3,1
37098,46,7,39,2
37099,1,0,1,1
37100,48,5,43,2
37101,51,6,45,2
37102,55,10,45,2
37103,63,9,54,2
37104,51,10,41,2
37105,48,3,45,2
37106,57,7,50,2
37107,56,8,48,2
37108,55,4,51,2
37109,61,9,52,2
37110,50,3,47,2
37111,61,8,53,2
37112,55,6,49,2
37113,41,2,39,2
37114,51,2,49,2
37116,53,6,47,2
37117,48,5,43,2
37118,66,3,63,2
37119,59,9,50,2
37120,53,6,47,2
37121,54,4,50,2
37122,65,7,58,2
37123,55,11,44,2
37124,55,12,43,2
37125,72,6,66,2
37126,47,5,42,2
37127,55,7,48,2
37128,68,7,61,2
37129,53,7,46,2
37131,52,6,46,2
37132,47,4,43,2
37133,48,4,44,2
37134,59,8,51,2
37135,41,7,34,2
37136,60,4,56,2
37137,47,5,42,2
37138,2,0,2,1
37139,43,8,35,2
37140,49,5,44,2
37141,54,4,50,2
37142,44,3,41,2
37143,54,2,52,2
37144,52,7,45,2
37145,59,9,50,2
37146,70,5,65,2
37147,60,11,49,2
37148,64,5,59,2
37149,56,7,49,2
37150,54,8,46,2
37151,74,9,65,2
37152,43,6,37,2
37153,48,6,42,2
37154,57,12,45,2
37155,51,1,50,2
37156,52,10,42,2
37157,46,8,38,2
37158,59,5,54,2
37159,52,11,41,2
37161,50,4,46,2
37162,58,10,48,2
37163,61,10,51,2
37164,41,9,32,2
37165,58,9,49,2
37166,49,7,42,2
37167,67,8,59,2
37168,44,6,38,2
37169,62,10,52,2
37170,56,6,50,2
37171,60,4,56,2
37172,42,0,42,1
37173,55,6,49,2
37174,41,6,35,2
37175,68,9,59,2
37176,62,4,58,2
37177,61,4,57,2
37179,44,6,38,2
37180,57,4,53,2
37181,53,8,45,2
37182,47,9,38,2
37183,44,6,38,2
37184,68,7,61,2
37185,59,6,53,2
37186,68,6,62,2
37187,51,6,45,2
37188,57,6,51,2
37189,47,2,45,2
37190,68,9,59,2
37192,43,6,37,2
37194,68,9,59,2
37195,61,7,54,2
37196,58,7,51,2
37197,58,7,51,2
37198,45,4,41,2
37199,62,10,52,2
37201,57,8,49,2
37202,55,6,49,2
37203,1,1,0,1
37204,56,5,51,2
37205,50,5,45,2
37206,40,6,34,2
37207,76,11,65,2
37208,52,8,44,2
37209,57,8,49,2
37210,60,6,54,2
37211,43,4,39,2
37212,63,5,58,2
37213,54,4,50,2
37214,52,10,42,2
37215,56,4,52,2
37216,55,4,51,2
37217,65,12,53,2
37218,66,8,58,2
37220,48,14,34,2
37221,55,6,49,2
37222,54,10,44,2
37223,64,5,59,2
37224,54,5,49,2
37225,57,5,52,2
37226,54,8,46,2
37227,52,5,47,2
37228,47,5,42,2
37229,60,4,56,2
37230,51,6,45,2
37231,16,16,0,1
37232,39,4,35,2
37233,61,7,54,2
37234,41,9,32,2
37235,51,2,49,2
37236,55,4,51,2
37237,40,5,35,2
37238,59,6,53,2
37239,57,3,54,2
37240,55,2,53,2
37241,48,6,42,2
37242,60,5,55,2
37243,49,6,43,2
37244,47,6,41,2
37245,41,5,36,2
37246,59,6,53,2
37247,54,2,52,2
37248,66,11,55,2
37249,51,11,40,2
37250,60,5,55,2
37251,56,8,48,2
37252,62,11,51,2
37253,58,5,53,2
37254,48,5,43,2
37255,46,2,44,2
37257,59,9,50,2
37258,50,3,47,2
37260,57,5,52,2
37261,48,9,39,2
37262,60,11,49,2
37263,55,9,46,2
37264,53,2,51,2
37265,51,5,46,2
37266,46,6,40,2
37267,65,9,56,2
37268,47,7,40,2
37269,52,8,44,2
37270,60,9,51,2
37271,52,5,47,2
37272,48,5,43,2
37273,51,6,45,2
37274,66,6,60,2
37275,55,3,52,2
37276,56,5,51,2
37277,48,2,46,2
37278,51,6,45,2
37279,66,8,58,2
37280,50,2,48,2
37281,53,5,48,2
37282,69,8,61,2
37283,67,6,61,2
37284,52,7,45,2
37285,60,5,55,2
37286,49,6,43,2
37287,6,5,1,2
37288,65,8,57,2
37289,50,4,46,2
37290,59,6,53,2
37291,56,8,48,2
37292,50,6,44,2
37293,54,15,39,2
37294,58,11,47,2
37295,58,8,50,2
37296,61,6,55,2
37297,55,3,52,2
37299,50,10,40,2
37300,50,8,42,2
37301,47,7,40,2
37302,53,4,49,2
37303,42,9,33,2
37304,3,3,0,1
37305,62,5,57,2
37306,63,3,60,2
37307,51,6,45,2
37308,39,3,36,2
37309,56,11,45,2
37310,54,8,46,2
37311,76,7,69,2
37312,64,11,53,2
37313,57,12,45,2
37314,57,8,49,2
37315,61,6,55,2
37316,58,10,48,2
37317,51,10,41,2
37318,59,5,54,2
37319,71,6,65,2
37320,43,9,34,2
37321,67,6,61,2
37322,65,7,58,2
37323,45,3,42,2
37324,57,12,45,2
37325,49,6,43,2
37326,60,9,51,2
37327,57,13,44,2
37329,43,6,37,2
37330,69,4,65,2
37332,63,7,56,2
37333,60,9,51,2
37334,55,7,48,2
37335,61,8,53,2
37336,55,7,48,2
37337,62,9,53,2
37338,49,4,45,2
37339,56,9,47,2
37340,55,7,48,2
37341,45,6,39,2
37342,60,7,53,2
37343,50,10,40,2
37344,54,5,49,2
37345,38,5,33,2
37346,53,8,45,2
37348,48,7,41,2
37349,63,9,54,2
37350,62,13,49,2
37352,49,4,45,2
37353,47,7,40,2
37354,57,8,49,2
37355,60,13,47,2
37356,57,8,49,2
37357,55,9,46,2
37358,60,9,51,2
37359,56,8,48,2
37360,55,7,48,2
37361,66,14,52,2
37364,50,3,47,2
37365,51,7,44,2
37367,59,11,48,2
37368,50,11,39,2
37369,38,8,30,2
37370,50,6,44,2
37371,62,6,56,2
37372,50,11,39,2
37373,60,7,53,2
37374,53,4,49,2
37375,45,7,38,2
37376,49,6,43,2
37377,56,10,46,2
37378,52,7,45,2
37379,53,6,47,2
37380,48,5,43,2
37381,68,13,55,2
37382,46,7,39,2
37383,53,7,46,2
37384,76,6,70,2
37385,57,6,51,2
37386,46,5,41,2
37387,56,5,51,2
37388,63,10,53,2
37389,59,8,51,2
37390,58,5,53,2
37391,38,4,34,2
37392,51,4,47,2
37393,51,6,45,2
37394,58,11,47,2
37395,61,6,55,2
37397,52,10,42,2
37399,64,9,55,2
37400,60,6,54,2
37401,49,7,42,2
37402,61,8,53,2
37403,810,810,0,1
37404,47,7,40,2
37405,58,8,50,2
37406,55,11,44,2
37407,59,6,53,2
37408,48,6,42,2
37409,39,4,35,2
37410,60,11,49,2
37411,54,6,48,2
37412,59,8,51,2
37413,55,9,46,2
37414,63,4,59,2
37415,59,7,52,2
37416,67,4,63,2
37417,56,8,48,2
37418,55,10,45,2
37419,56,8,48,2
37420,35,2,33,2
37421,63,7,56,2
37423,59,2,57,2
37424,46,8,38,2
37425,64,6,58,2
37426,46,5,41,2
37427,45,2,43,2
37428,47,4,43,2
37429,54,5,49,2
37430,54,5,49,2
37431,60,7,53,2
37432,58,10,48,2
37433,53,8,45,2
37434,28,28,0,1
37435,48,5,43,2
37436,54,8,46,2
37437,54,2,52,2
37438,40,5,35,2
37439,63,7,56,2
37440,68,14,54,2
37441,53,6,47,2
37442,53,9,44,2
37443,46,6,40,2
37444,51,4,47,2
37445,59,4,55,2
37446,52,3,49,2
37447,45,4,41,2
37448,51,7,44,2
37449,65,9,56,2
37450,70,8,62,2
37451,50,6,44,2
37452,60,4,56,2
37453,57,8,49,2
37454,46,6,40,2
37455,60,10,50,2
37456,70,4,66,2
37457,63,7,56,2
37458,51,8,43,2
37459,45,9,36,2
37460,50,4,46,2
37461,46,6,40,2
37462,54,5,49,2
37463,54,5,49,2
37464,51,7,44,2
37465,50,5,45,2
37466,59,4,55,2
37467,61,6,55,2
37468,54,5,49,2
37469,54,6,48,2
37470,60,12,48,2
37471,50,5,45,2
37472,47,3,44,2
37473,36,36,0,1
37474,45,8,37,2
37475,70,7,63,2
37477,41,6,35,2
37478,46,5,41,2
37479,13,1,12,2
37480,53,2,51,2
37481,64,10,54,2
37482,61,4,57,2
37483,51,9,42,2
37484,61,11,50,2
37485,64,8,56,2
37486,62,7,55,2
37487,51,9,42,2
37488,46,12,34,2
37489,50,5,45,2
37490,60,10,50,2
37491,49,5,44,2
37492,52,5,47,2
37493,53,8,45,2
37494,53,7,46,2
37495,56,8,48,2
37496,52,3,49,2
37497,40,5,35,2
37498,56,4,52,2
37499,49,4,45,2
37500,53,3,50,2
37501,61,7,54,2
37502,56,3,53,2
37503,55,4,51,2
37504,42,4,38,2
37505,49,5,44,2
37506,51,8,43,2
37507,55,9,46,2
37508,51,7,44,2
37509,1,0,1,1
37510,58,8,50,2
37511,45,6,39,2
37512,55,6,49,2
37513,51,6,45,2
37514,63,6,57,2
37515,48,6,42,2
37516,58,6,52,2
37517,56,3,53,2
37518,61,8,53,2
37519,56,9,47,2
37520,34,3,31,2
37521,58,7,51,2
37522,61,8,53,2
37523,62,8,54,2
37524,50,4,46,2
37525,49,6,43,2
37526,56,6,50,2
37527,55,4,51,2
37528,66,9,57,2
37529,57,8,49,2
37530,55,8,47,2
37531,53,10,43,2
37532,52,4,48,2
37533,46,5,41,2
37534,62,3,59,2
37535,50,7,43,2
37536,50,5,45,2
37537,73,13,60,2
37538,60,6,54,2
37539,52,4,48,2
37540,59,8,51,2
37541,69,11,58,2
37542,53,6,47,2
37543,58,9,49,2
37544,69,9,60,2
37545,41,4,37,2
37547,53,5,48,2
37548,72,10,62,2
37549,58,8,50,2
37550,54,8,46,2
37551,55,6,49,2
37552,46,4,42,2
37553,44,8,36,2
37554,54,5,49,2
37555,50,4,46,2
37556,54,7,47,2
37557,57,7,50,2
37558,55,9,46,2
37559,48,10,38,2
37560,54,10,44,2
37561,62,10,52,2
37562,67,10,57,2
37563,50,6,44,2
37564,68,3,65,2
37565,44,3,41,2
37566,63,6,57,2
37567,53,7,46,2
37568,69,7,62,2
37569,54,6,48,2
37570,51,6,45,2
37571,54,4,50,2
37572,57,2,55,2
37573,58,6,52,2
37574,53,10,43,2
37575,46,5,41,2
37576,53,10,43,2
37577,78,9,69,2
37578,49,7,42,2
37579,55,7,48,2
37580,49,4,45,2
37581,52,7,45,2
37582,57,8,49,2
37583,58,8,50,2
37584,60,5,55,2
37585,60,4,56,2
37586,52,8,44,2
37587,1,0,1,1
37588,57,5,52,2
37589,48,4,44,2
37590,45,1,44,2
37591,55,8,47,2
37592,57,7,50,2
37593,57,6,51,2
37594,59,2,57,2
37595,60,10,50,2
37596,57,6,51,2
37597,56,7,49,2
37598,43,8,35,2
37599,53,4,49,2
37600,54,7,47,2
37601,45,10,35,2
37602,52,5,47,2
37603,54,6,48,2
37604,56,5,51,2
37605,39,5,34,2
37606,54,11,43,2
37607,54,7,47,2
37608,67,4,63,2
37609,51,4,47,2
37610,58,4,54,2
37611,61,9,52,2
37612,54,8,46,2
37613,53,4,49,2
37614,55,12,43,2
37615,71,11,60,2
37616,45,3,42,2
37617,67,10,57,2
37618,49,7,42,2
37619,60,10,50,2
37620,71,8,63,2
37621,64,4,60,2
37622,54,8,46,2
37623,54,3,51,2
37624,54,5,49,2
37625,47,6,41,2
37627,65,9,56,2
37628,54,5,49,2
37630,52,3,49,2
37631,43,9,34,2
37632,42,8,34,2
37633,52,9,43,2
37634,50,10,40,2
37635,52,8,44,2
37636,50,4,46,2
37637,56,11,45,2
37638,66,3,63,2
37639,56,3,53,2
37640,53,1,52,2
37641,64,9,55,2
37642,56,7,49,2
37643,51,8,43,2
37644,63,12,51,2
37645,55,1,54,2
37646,59,2,57,2
37647,2,1,1,2
37648,62,6,56,2
37649,46,5,41,2
37650,45,8,37,2
37651,61,9,52,2
37652,57,7,50,2
37653,57,4,53,2
37654,58,12,46,2
37655,60,6,54,2
37656,56,2,54,2
37657,62,3,59,2
37658,55,5,50,2
37659,62,6,56,2
37660,55,7,48,2
37662,73,7,66,2
37663,58,7,51,2
37664,48,10,38,2
37665,66,6,60,2
37666,53,3,50,2
37667,63,6,57,2
37668,43,5,38,2
37669,48,7,41,2
37670,54,8,46,2
37671,58,6,52,2
37672,51,11,40,2
37673,41,5,36,2
37674,54,5,49,2
37675,47,5,42,2
37676,67,9,58,2
37678,56,6,50,2
37679,54,5,49,2
37680,53,8,45,2
37681,67,7,60,2
37682,46,6,40,2
37683,55,8,47,2
37684,60,6,54,2
37685,59,6,53,2
37687,50,3,47,2
37688,53,10,43,2
37689,58,12,46,2
37690,60,7,53,2
37691,49,5,44,2
37692,54,7,47,2
37693,44,4,40,2
37694,49,8,41,2
37695,41,8,33,2
37696,55,11,44,2
37697,58,6,52,2
37698,66,12,54,2
37699,66,9,57,2
37700,51,4,47,2
37701,49,7,42,2
37702,55,5,50,2
37703,68,6,62,2
37704,53,8,45,2
37705,48,7,41,2
37706,56,6,50,2
37707,55,6,49,2
37708,54,5,49,2
37709,56,4,52,2
37710,51,7,44,2
37711,54,8,46,2
37712,60,3,57,2
37713,55,6,49,2
37714,56,8,48,2
37715,39,2,37,2
37716,39,8,31,2
37717,57,6,51,2
37718,59,6,53,2
37719,53,5,48,2
37720,47,0,47,1
37721,42,4,38,2
37722,52,6,46,2
37724,60,7,53,2
37725,57,7,50,2
37726,59,5,54,2
37728,54,3,51,2
37729,45,6,39,2
37730,43,4,39,2
37731,54,6,48,2
37732,4,0,4,1
37733,55,6,49,2
37734,61,4,57,2
37735,58,8,50,2
37736,66,10,56,2
37737,3,0,3,1
37738,50,5,45,2
37739,51,2,49,2
37740,66,10,56,2
37741,41,3,38,2
37742,64,10,54,2
37743,54,5,49,2
37744,54,8,46,2
37746,68,6,62,2
37747,50,5,45,2
37748,48,5,43,2
37749,51,3,48,2
37750,54,6,48,2
37751,66,9,57,2
37752,64,5,59,2
37753,52,4,48,2
37754,51,4,47,2
37755,54,4,50,2
37756,50,5,45,2
37757,62,5,57,2
37758,65,7,58,2
37759,59,4,55,2
37760,44,2,42,2
37761,46,3,43,2
37762,50,9,41,2
37763,48,9,39,2
37764,47,5,42,2
37765,64,10,54,2
37766,56,5,51,2
37767,59,7,52,2
37768,50,5,45,2
37770,63,9,54,2
37771,72,9,63,2
37772,46,5,41,2
37773,51,6,45,2
37774,46,6,40,2
37775,37,6,31,2
37776,56,11,45,2
37777,51,3,48,2
37778,47,3,44,2
37779,60,9,51,2
37780,50,7,43,2
37781,48,7,41,2
37782,66,12,54,2
37783,60,7,53,2
37784,56,6,50,2
37785,47,9,38,2
37786,43,5,38,2
37787,55,7,48,2
37788,54,8,46,2
37789,66,8,58,2
37790,46,2,44,2
37791,65,8,57,2
37793,50,3,47,2
37794,66,11,55,2
37795,53,8,45,2
37796,71,10,61,2
37797,64,8,56,2
37798,56,9,47,2
37799,55,5,50,2
37800,54,5,49,2
37801,52,4,48,2
37802,54,4,50,2
37803,62,8,54,2
37804,57,5,52,2
37805,51,5,46,2
37806,40,4,36,2
37807,57,6,51,2
37808,58,10,48,2
37809,52,11,41,2
37810,50,4,46,2
37811,61,8,53,2
37812,44,4,40,2
37813,50,2,48,2
37814,50,4,46,2
37815,50,6,44,2
37816,57,6,51,2
37817,58,7,51,2
37818,55,5,50,2
37819,55,4,51,2
37820,62,7,55,2
37821,64,11,53,2
37822,57,12,45,2
37824,68,5,63,2
37825,48,6,42,2
37826,50,4,46,2
37827,60,7,53,2
37828,55,4,51,2
37829,52,7,45,2
37830,65,9,56,2
37831,51,8,43,2
37832,58,6,52,2
37833,57,8,49,2
37834,48,2,46,2
37835,40,4,36,2
37836,57,11,46,2
37837,48,3,45,2
37838,47,6,41,2
37839,57,5,52,2
37840,68,5,63,2
37841,51,10,41,2
37842,60,6,54,2
37843,51,6,45,2
37844,49,3,46,2
37845,43,7,36,2
37846,53,3,50,2
37847,54,12,42,2
37848,47,5,42,2
37849,47,4,43,2
37850,61,9,52,2
37851,56,4,52,2
37852,68,3,65,2
37854,40,6,34,2
37855,58,6,52,2
37856,47,4,43,2
37857,53,5,48,2
37858,54,6,48,2
37859,62,6,56,2
37860,50,7,43,2
37861,53,8,45,2
37862,55,3,52,2
37864,63,4,59,2
37865,60,6,54,2
37866,67,5,62,2
37867,55,9,46,2
37868,62,10,52,2
37869,66,6,60,2
37870,48,5,43,2
37871,49,11,38,2
37872,59,7,52,2
37873,63,7,56,2
37874,45,7,38,2
37875,68,8,60,2
37876,52,4,48,2
37877,64,11,53,2
37878,54,6,48,2
37879,50,4,46,2
37880,66,10,56,2
37881,58,9,49,2
37882,47,5,42,2
37883,71,9,62,2
37884,53,5,48,2
37885,52,10,42,2
37886,45,9,36,2
37887,43,5,38,2
37888,46,5,41,2
37889,56,7,49,2
37890,1,0,1,1
37891,74,15,59,2
37892,48,3,45,2
37893,55,6,49,2
37894,48,3,45,2
37895,50,7,43,2
37896,2,1,1,2
37897,59,4,55,2
37898,43,4,39,2
37899,53,6,47,2
37900,63,7,56,2
37901,46,6,40,2
37902,58,12,46,2
37903,57,12,45,2
37904,52,4,48,2
37905,42,8,34,2
37906,58,7,51,2
37907,47,5,42,2
37908,54,6,48,2
37909,48,6,42,2
37910,62,13,49,2
37911,47,4,43,2
37912,56,5,51,2
37913,37,4,33,2
37914,62,10,52,2
37915,63,9,54,2
37916,58,5,53,2
37917,62,5,57,2
37918,6,0,6,1
37919,65,6,59,2
37920,63,3,60,2
37921,52,4,48,2
37922,52,5,47,2
37923,49,7,42,2
37924,52,4,48,2
37925,50,8,42,2
37926,42,8,34,2
37927,56,10,46,2
37928,46,3,43,2
37929,42,3,39,2
37930,62,11,51,2
37931,61,5,56,2
37933,43,6,37,2
37934,50,8,42,2
37935,54,6,48,2
37936,52,9,43,2
37937,53,9,44,2
37938,44,8,36,2
37939,54,3,51,2
37940,54,4,50,2
37941,60,9,51,2
37943,54,4,50,2
37945,48,6,42,2
37946,50,4,46,2
37947,44,3,41,2
37948,62,5,57,2
37949,56,6,50,2
37950,57,7,50,2
37951,53,8,45,2
37952,53,10,43,2
37953,51,5,46,2
37954,55,12,43,2
37955,68,6,62,2
37956,35,4,31,2
37957,62,10,52,2
37958,54,3,51,2
37959,70,9,61,2
37960,48,5,43,2
37961,59,9,50,2
37962,57,7,50,2
37963,58,8,50,2
37964,51,3,48,2
37965,57,9,48,2
37966,52,4,48,2
37967,1,0,1,1
37968,57,6,51,2
37969,65,6,59,2
37970,63,8,55,2
37971,49,6,43,2
37972,50,3,47,2
37973,55,6,49,2
37974,63,11,52,2
37975,62,5,57,2
37976,51,6,45,2
37978,35,4,31,2
37979,71,9,62,2
37981,50,10,40,2
37982,48,7,41,2
37983,45,3,42,2
37984,49,8,41,2
37985,55,11,44,2
37986,67,4,63,2
37987,63,11,52,2
37988,1,1,0,1
37989,50,10,40,2
37990,59,7,52,2
37991,55,10,45,2
37992,51,5,46,2
37993,47,8,39,2
37994,60,12,48,2
37995,15,12,3,2
37996,47,8,39,2
37997,54,4,50,2
37998,58,8,50,2
37999,76,9,67,2
38000,63,6,57,2
38002,59,6,53,2
38003,63,7,56,2
38004,45,6,39,2
38005,90,7,83,2
38006,55,8,47,2
38007,62,8,54,2
38008,58,5,53,2
38009,58,8,50,2
38010,57,7,50,2
38011,50,3,47,2
38012,57,5,52,2
38013,46,7,39,2
38014,63,8,55,2
38015,49,8,41,2
38016,54,4,50,2
38017,46,3,43,2
38018,52,6,46,2
38019,52,6,46,2
38020,66,11,55,2
38021,56,9,47,2
38022,57,8,49,2
38023,41,5,36,2
38024,51,4,47,2
38025,57,7,50,2
38026,65,4,61,2
38027,46,4,42,2
38028,77,6,71,2
38029,61,6,55,2
38030,60,8,52,2
38031,55,6,49,2
38032,55,8,47,2
38033,55,6,49,2
38034,56,8,48,2
38035,58,9,49,2
38036,56,6,50,2
38037,48,6,42,2
38038,68,7,61,2
38039,55,3,52,2
38040,47,9,38,2
38041,47,5,42,2
38042,59,13,46,2
38043,58,6,52,2
38044,56,2,54,2
38045,44,8,36,2
38046,64,5,59,2
38047,53,6,47,2
38048,51,5,46,2
38049,53,2,51,2
38050,52,9,43,2
38051,57,6,51,2
38052,42,6,36,2
38053,61,12,49,2
38054,69,8,61,2
38055,56,9,47,2
38056,44,12,32,2
38057,47,6,41,2
38059,54,5,49,2
38060,52,7,45,2
38061,69,9,60,2
38062,46,1,45,2
38063,55,13,42,2
38064,57,4,53,2
38066,70,5,65,2
38067,67,7,60,2
38068,52,4,48,2
38069,51,3,48,2
38070,50,8,42,2
38071,52,11,41,2
38072,59,6,53,2
38073,46,4,42,2
38074,46,5,41,2
38075,57,9,48,2
38076,56,3,53,2
38077,49,6,43,2
38078,56,8,48,2
38079,54,6,48,2
38080,42,5,37,2
38081,59,3,56,2
38082,48,6,42,2
38083,56,4,52,2
38084,48,3,45,2
38085,50,4,46,2
38086,56,8,48,2
38087,52,6,46,2
38088,61,14,47,2
38090,56,4,52,2
38091,49,3,46,2
38092,53,3,50,2
38093,56,8,48,2
38094,50,4,46,2
38095,61,6,55,2
38096,65,6,59,2
38097,49,7,42,2
38098,50,6,44,2
38099,38,4,34,2
38100,78,13,65,2
38101,65,9,56,2
38102,69,7,62,2
38103,57,12,45,2
38104,65,6,59,2
38105,48,5,43,2
38106,54,4,50,2
38107,60,13,47,2
38108,50,5,45,2
38109,56,6,50,2
38110,54,7,47,2
38111,54,2,52,2
38112,55,10,45,2
38113,63,9,54,2
38114,54,4,50,2
38115,61,6,55,2
38117,47,4,43,2
38118,59,5,54,2
38119,58,5,53,2
38120,62,5,57,2
38121,52,6,46,2
38122,34,4,30,2
38123,63,7,56,2
38124,47,6,41,2
38125,52,5,47,2
38126,60,8,52,2
38127,55,8,47,2
38128,53,3,50,2
38129,53,8,45,2
38130,57,5,52,2
38131,47,7,40,2
38132,57,6,51,2
38133,52,9,43,2
38134,55,5,50,2
38135,56,9,47,2
38136,55,5,50,2
38137,54,6,48,2
38138,52,5,47,2
38139,48,6,42,2
38140,50,7,43,2
38141,57,5,52,2
38142,55,6,49,2
38143,58,9,49,2
38144,45,4,41,2
38145,65,8,57,2
38146,60,10,50,2
38147,65,3,62,2
38148,58,6,52,2
38149,43,4,39,2
38150,62,10,52,2
38151,51,9,42,2
38152,53,10,43,2
38153,45,8,37,2
38154,50,7,43,2
38155,55,11,44,2
38156,52,8,44,2
38157,69,6,63,2
38158,52,6,46,2
38159,54,5,49,2
38160,70,5,65,2
38161,37,3,34,2
38162,41,6,35,2
38163,54,5,49,2
38164,62,9,53,2
38165,61,7,54,2
38166,64,10,54,2
38168,50,4,46,2
38169,66,7,59,2
38170,43,7,36,2
38171,56,8,48,2
38172,52,7,45,2
38173,51,10,41,2
38174,387,15,372,2
38175,48,6,42,2
38176,49,4,45,2
38177,62,3,59,2
38178,50,4,46,2
38179,42,3,39,2
38180,63,10,53,2
38181,50,3,47,2
38182,44,4,40,2
38183,55,7,48,2
38184,48,8,40,2
38185,62,3,59,2
38186,56,9,47,2
38187,53,6,47,2
38188,63,8,55,2
38189,51,4,47,2
38190,60,10,50,2
38191,38,4,34,2
38192,63,6,57,2
38193,44,5,39,2
38195,55,4,51,2
38196,56,8,48,2
38197,58,6,52,2
38198,62,11,51,2
38199,53,8,45,2
38200,42,8,34,2
38201,63,5,58,2
38202,52,3,49,2
38203,53,8,45,2
38204,46,4,42,2
38205,50,6,44,2
38206,60,5,55,2
38207,54,6,48,2
38208,70,6,64,2
38209,49,2,47,2
38210,56,5,51,2
38211,65,10,55,2
38212,52,7,45,2
38214,58,10,48,2
38215,55,7,48,2
38216,58,6,52,2
38217,51,5,46,2
38218,53,6,47,2
38219,61,15,46,2
38220,52,5,47,2
38221,48,7,41,2
38222,48,8,40,2
38223,51,5,46,2
38224,63,7,56,2
38225,65,9,56,2
38226,78,8,70,2
38227,55,3,52,2
38228,45,5,40,2
38229,46,4,42,2
38230,43,3,40,2
38231,44,3,41,2
38232,63,7,56,2
38234,46,5,41,2
38235,45,3,42,2
38236,63,6,57,2
38237,56,7,49,2
38238,61,4,57,2
38239,56,8,48,2
38240,62,10,52,2
38241,48,8,40,2
38243,5,1,4,2
38244,65,5,60,2
38245,69,8,61,2
38246,51,8,43,2
38247,46,8,38,2
38248,59,8,51,2
38249,54,5,49,2
38250,55,3,52,2
38251,58,9,49,2
38252,61,3,58,2
38253,51,7,44,2
38255,47,4,43,2
38256,51,5,46,2
38257,55,1,54,2
38258,47,4,43,2
38259,42,2,40,2
38260,60,5,55,2
38261,57,3,54,2
38262,55,8,47,2
38263,54,10,44,2
38264,65,7,58,2
38266,52,9,43,2
38267,55,9,46,2
38268,52,6,46,2
38269,57,7,50,2
38270,54,9,45,2
38271,68,10,58,2
38272,60,6,54,2
38273,49,6,43,2
38274,60,6,54,2
38275,67,11,56,2
38276,58,5,53,2
38277,55,8,47,2
38278,43,5,38,2
38279,52,9,43,2
38280,54,8,46,2
38281,56,11,45,2
38282,48,7,41,2
38283,62,7,55,2
38284,58,6,52,2
38285,56,7,49,2
38286,55,7,48,2
38287,52,8,44,2
38288,50,9,41,2
38289,61,9,52,2
38290,62,8,54,2
38291,45,6,39,2
38292,61,8,53,2
38293,54,8,46,2
38294,51,5,46,2
38295,56,9,47,2
38296,48,6,42,2
38297,45,6,39,2
38298,55,1,54,2
38299,63,7,56,2
38300,53,3,50,2
38301,53,3,50,2
38302,47,4,43,2
38303,65,13,52,2
38304,46,9,37,2
38305,62,6,56,2
38306,55,9,46,2
38307,59,9,50,2
38308,55,11,44,2
38309,60,5,55,2
38310,62,12,50,2
38311,72,7,65,2
38312,59,10,49,2
38313,58,7,51,2
38314,56,5,51,2
38315,60,10,50,2
38316,60,5,55,2
38317,70,8,62,2
38318,44,6,38,2
38319,55,5,50,2
38320,58,4,54,2
38321,54,5,49,2
38322,56,8,48,2
38323,65,11,54,2
38324,43,5,38,2
38325,54,3,51,2
38326,64,14,50,2
38327,53,7,46,2
38328,49,10,39,2
38329,50,7,43,2
38330,51,4,47,2
38331,54,9,45,2
38332,59,8,51,2
38333,53,7,46,2
38334,50,11,39,2
38335,50,8,42,2
38336,52,7,45,2
38337,58,11,47,2
38339,54,7,47,2
38340,57,9,48,2
38341,57,3,54,2
38342,52,8,44,2
38343,67,5,62,2
38344,58,6,52,2
38345,54,6,48,2
38346,51,11,40,2
38347,66,9,57,2
38348,67,10,57,2
38349,69,9,60,2
38350,48,7,41,2
38351,56,3,53,2
38352,57,10,47,2
38353,52,10,42,2
38354,59,5,54,2
38355,66,4,62,2
38356,60,5,55,2
38357,49,8,41,2
38358,46,8,38,2
38359,50,5,45,2
38360,50,5,45,2
38361,59,8,51,2
38362,62,6,56,2
38364,51,3,48,2
38365,48,6,42,2
38366,52,4,48,2
38367,53,10,43,2
38368,53,5,48,2
38369,48,5,43,2
38370,58,9,49,2
38371,52,6,46,2
38372,63,4,59,2
38373,62,7,55,2
38374,48,8,40,2
38375,64,5,59,2
38376,53,6,47,2
38377,50,5,45,2
38378,53,6,47,2
38380,57,5,52,2
38381,53,6,47,2
38382,44,4,40,2
38383,53,10,43,2
38384,57,9,48,2
38385,54,7,47,2
38386,64,8,56,2
38387,4,2,2,2
38388,60,57,3,2
38389,40,3,37,2
38390,48,6,42,2
38391,45,4,41,2
38392,55,7,48,2
38393,53,6,47,2
38394,50,7,43,2
38395,65,11,54,2
38396,55,3,52,2
38397,49,4,45,2
38398,48,6,42,2
38399,57,5,52,2
38400,60,3,57,2
38401,50,9,41,2
38403,40,5,35,2
38404,67,9,58,2
38405,61,7,54,2
38406,54,10,44,2
38407,59,6,53,2
38408,60,7,53,2
38409,62,11,51,2
38410,65,9,56,2
38411,59,4,55,2
38412,56,9,47,2
38413,58,9,49,2
38414,71,6,65,2
38415,44,5,39,2
38416,53,9,44,2
38417,63,7,56,2
38418,58,6,52,2
38419,64,4,60,2
38420,52,4,48,2
38421,48,3,45,2
38422,49,3,46,2
38423,58,6,52,2
38424,54,8,46,2
38425,42,5,37,2
38426,51,3,48,2
38427,58,9,49,2
38428,68,2,66,2
38429,47,8,39,2
38430,57,3,54,2
38431,56,7,49,2
38432,43,7,36,2
38433,59,9,50,2
38434,57,10,47,2
38435,53,6,47,2
38437,58,4,54,2
38438,57,6,51,2
38439,66,7,59,2
38440,63,6,57,2
38441,52,8,44,2
38442,45,10,35,2
38443,53,6,47,2
38444,55,11,44,2
38445,53,4,49,2
38446,54,8,46,2
38447,41,6,35,2
38448,51,9,42,2
38449,57,12,45,2
38450,68,6,62,2
38451,50,7,43,2
38452,37,5,32,2
38453,45,3,42,2
38454,62,7,55,2
38455,52,3,49,2
38456,62,4,58,2
38457,67,5,62,2
38458,60,6,54,2
38459,57,6,51,2
38460,51,6,45,2
38461,60,9,51,2
38462,50,7,43,2
38463,50,4,46,2
38464,53,9,44,2
38465,50,5,45,2
38466,51,7,44,2
38467,52,8,44,2
38470,46,3,43,2
38472,61,6,55,2
38473,55,3,52,2
38474,48,3,45,2
38475,36,0,36,1
38476,10,6,4,2
38477,60,3,57,2
38478,55,4,51,2
38479,47,2,45,2
38480,59,16,43,2
38481,59,8,51,2
38482,64,8,56,2
38483,53,9,44,2
38484,72,11,61,2
38485,55,4,51,2
38486,53,5,48,2
38487,58,5,53,2
38488,55,6,49,2
38489,54,7,47,2
38491,51,5,46,2
38492,68,5,63,2
38493,66,12,54,2
38494,50,7,43,2
38495,58,4,54,2
38496,50,3,47,2
38497,50,6,44,2
38498,38,5,33,2
38499,4,0,4,1
38500,47,5,42,2
38501,50,7,43,2
38502,48,4,44,2
38503,64,12,52,2
38504,52,6,46,2
38505,61,8,53,2
38506,44,8,36,2
38507,51,5,46,2
38508,53,8,45,2
38509,59,11,48,2
38511,52,2,50,2
38512,42,2,40,2
38513,53,5,48,2
38514,54,12,42,2
38515,50,7,43,2
38516,58,4,54,2
38517,45,7,38,2
38518,52,5,47,2
38519,52,7,45,2
38520,57,5,52,2
38521,45,3,42,2
38523,47,1,46,2
38524,63,10,53,2
38525,53,8,45,2
38526,62,9,53,2
38527,63,6,57,2
38528,70,6,64,2
38529,60,10,50,2
38530,48,6,42,2
38531,59,9,50,2
38533,62,6,56,2
38534,59,7,52,2
38535,51,8,43,2
38536,59,4,55,2
38537,57,6,51,2
38538,51,4,47,2
38539,40,1,39,2
38540,45,7,38,2
38541,65,9,56,2
38542,53,9,44,2
38543,44,6,38,2
38544,46,5,41,2
38545,46,2,44,2
38546,52,8,44,2
38547,55,7,48,2
38549,64,5,59,2
38550,54,9,45,2
38551,62,5,57,2
38552,50,12,38,2
38553,45,6,39,2
38554,53,5,48,2
38555,38,0,38,1
38556,59,4,55,2
38557,35,2,33,2
38558,65,13,52,2
38559,49,6,43,2
38560,42,2,40,2
38561,53,10,43,2
38562,56,5,51,2
38563,44,2,42,2
38564,58,3,55,2
38565,54,6,48,2
38566,64,7,57,2
38567,59,9,50,2
38568,58,5,53,2
38569,47,4,43,2
38570,45,3,42,2
38571,51,5,46,2
38572,49,9,40,2
38573,44,2,42,2
38574,53,7,46,2
38575,59,7,52,2
38576,54,12,42,2
38577,58,8,50,2
38578,69,15,54,2
38579,66,8,58,2
38580,40,5,35,2
38581,55,6,49,2
38582,47,6,41,2
38583,37,2,35,2
38584,61,8,53,2
38586,71,5,66,2
38587,55,4,51,2
38588,61,10,51,2
38590,57,9,48,2
38591,59,6,53,2
38592,61,3,58,2
38593,53,5,48,2
38594,58,8,50,2
38595,41,5,36,2
38596,50,5,45,2
38597,49,4,45,2
38598,56,10,46,2
38599,54,11,43,2
38600,59,7,52,2
38601,53,5,48,2
38602,56,5,51,2
38603,54,7,47,2
38604,59,5,54,2
38605,50,5,45,2
38606,53,8,45,2
38607,45,5,40,2
38608,53,4,49,2
38609,50,5,45,2
38611,61,8,53,2
38612,58,3,55,2
38613,51,6,45,2
38614,51,6,45,2
38615,59,4,55,2
38616,57,6,51,2
38617,51,3,48,2
38618,10,0,10,1
38619,51,6,45,2
38620,59,11,48,2
38621,59,6,53,2
38623,62,7,55,2
38625,64,10,54,2
38626,67,7,60,2
38627,44,5,39,2
38628,49,4,45,2
38629,52,5,47,2
38630,59,5,54,2
38631,51,6,45,2
38632,60,6,54,2
38633,55,7,48,2
38634,53,9,44,2
38635,61,4,57,2
38636,44,4,40,2
38637,57,6,51,2
38638,40,6,34,2
38639,51,7,44,2
38640,52,5,47,2
38641,50,10,40,2
38642,41,2,39,2
38643,65,7,58,2
38644,46,7,39,2
38645,44,0,44,1
38646,50,6,44,2
38647,49,1,48,2
38648,43,5,38,2
38649,57,7,50,2
38650,63,9,54,2
38651,65,5,60,2
38653,47,5,42,2
38654,71,10,61,2
38655,66,8,58,2
38656,54,8,46,2
38657,65,7,58,2
38658,49,4,45,2
38659,55,6,49,2
38660,54,9,45,2
38661,58,10,48,2
38663,42,6,36,2
38664,45,3,42,2
38665,54,3,51,2
38666,63,9,54,2
38667,54,9,45,2
38668,56,4,52,2
38669,49,4,45,2
38670,48,5,43,2
38671,57,4,53,2
38672,48,4,44,2
38673,59,9,50,2
38674,46,3,43,2
38675,57,7,50,2
38676,54,10,44,2
38677,60,4,56,2
38678,46,7,39,2
38679,57,7,50,2
38680,46,4,42,2
38681,53,10,43,2
38682,59,11,48,2
38683,52,8,44,2
38684,68,7,61,2
38685,48,5,43,2
38686,46,4,42,2
38687,43,7,36,2
38688,66,7,59,2
38689,56,7,49,2
38690,57,3,54,2
38691,57,7,50,2
38692,54,10,44,2
38693,47,5,42,2
38694,47,3,44,2
38695,50,8,42,2
38696,70,8,62,2
38697,62,4,58,2
38698,58,10,48,2
38699,43,6,37,2
38700,55,10,45,2
38701,58,9,49,2
38702,47,7,40,2
38703,38,6,32,2
38704,71,4,67,2
38705,41,2,39,2
38706,45,5,40,2
38707,66,9,57,2
38708,83,9,74,2
38709,62,14,48,2
38710,51,6,45,2
38711,46,3,43,2
38712,40,4,36,2
38713,57,6,51,2
38714,55,8,47,2
38715,53,7,46,2
38716,55,8,47,2
38717,43,7,36,2
38718,69,4,65,2
38719,50,5,45,2
38720,59,4,55,2
38721,49,7,42,2
38722,51,2,49,2
38723,57,8,49,2
38724,64,8,56,2
38725,51,7,44,2
38726,55,6,49,2
38727,46,3,43,2
38728,52,6,46,2
38729,59,4,55,2
38730,5,2,3,2
38731,2,2,0,1
38732,58,11,47,2
38734,53,6,47,2
38735,55,7,48,2
38736,64,7,57,2
38737,57,5,52,2
38738,50,6,44,2
38739,56,5,51,2
38740,54,8,46,2
38741,64,10,54,2
38742,54,5,49,2
38743,59,7,52,2
38744,52,8,44,2
38745,62,10,52,2
38746,64,7,57,2
38747,51,8,43,2
38748,52,9,43,2
38749,55,8,47,2
38751,63,10,53,2
38752,56,8,48,2
38753,66,3,63,2
38754,40,4,36,2
38756,54,7,47,2
38758,47,6,41,2
38759,61,8,53,2
38760,49,4,45,2
38761,62,6,56,2
38762,54,3,51,2
38763,56,6,50,2
38764,63,8,55,2
38765,68,8,60,2
38766,65,8,57,2
38767,43,4,39,2
38769,52,9,43,2
38770,61,10,51,2
38771,61,7,54,2
38772,60,8,52,2
38773,51,7,44,2
38776,45,3,42,2
38777,58,8,50,2
38778,59,9,50,2
38779,52,5,47,2
38780,57,9,48,2
38781,64,10,54,2
38782,50,9,41,2
38783,55,4,51,2
38784,56,3,53,2
38785,62,6,56,2
38786,53,1,52,2
38787,42,3,39,2
38788,57,5,52,2
38789,52,6,46,2
38790,47,6,41,2
38791,57,13,44,2
38792,57,8,49,2
38793,59,6,53,2
38794,53,3,50,2
38795,56,5,51,2
38796,50,6,44,2
38797,53,5,48,2
38799,50,3,47,2
38800,7,3,4,2
38801,63,8,55,2
38802,59,7,52,2
38803,52,9,43,2
38804,51,4,47,2
38805,52,8,44,2
38806,47,5,42,2
38807,39,5,34,2
38808,51,9,42,2
38809,46,4,42,2
38810,47,7,40,2
38811,61,6,55,2
38812,53,4,49,2
38813,59,7,52,2
38814,45,4,41,2
38815,45,5,40,2
38816,64,5,59,2
38817,44,4,40,2
38818,62,5,57,2
38819,42,6,36,2
38820,58,6,52,2
38821,53,7,46,2
38822,57,6,51,2
38824,50,10,40,2
38825,52,4,48,2
38826,58,2,56,2
38827,40,1,39,2
38828,49,6,43,2
38829,51,4,47,2
38830,57,6,51,2
38831,60,10,50,2
38832,47,8,39,2
38833,55,5,50,2
38834,66,12,54,2
38835,44,8,36,2
38837,52,11,41,2
38838,48,3,45,2
38839,39,4,35,2
38840,45,4,41,2
38841,45,5,40,2
38842,52,4,48,2
38843,59,4,55,2
38844,59,7,52,2
38845,70,8,62,2
38846,1,1,0,1
38847,53,6,47,2
38848,58,12,46,2
38849,51,4,47,2
38850,60,7,53,2
38851,59,5,54,2
38852,57,9,48,2
38853,46,5,41,2
38854,63,9,54,2
38855,64,5,59,2
38856,64,5,59,2
38857,54,7,47,2
38858,53,5,48,2
38859,49,2,47,2
38860,52,6,46,2
38861,52,4,48,2
38862,72,8,64,2
38863,40,6,34,2
38864,50,5,45,2
38865,55,7,48,2
38866,65,5,60,2
38867,66,6,60,2
38868,46,8,38,2
38869,59,10,49,2
38870,64,7,57,2
38871,56,6,50,2
38872,8,8,0,1
38873,52,3,49,2
38874,51,7,44,2
38875,64,6,58,2
38877,58,5,53,2
38878,49,6,43,2
38879,53,7,46,2
38880,57,7,50,2
38881,56,10,46,2
38882,51,6,45,2
38883,59,2,57,2
38884,51,9,42,2
38885,49,9,40,2
38886,56,10,46,2
38887,57,4,53,2
38888,65,8,57,2
38889,43,5,38,2
38890,66,9,57,2
38891,54,7,47,2
38892,71,5,66,2
38893,49,9,40,2
38894,48,7,41,2
38895,56,7,49,2
38896,45,3,42,2
38897,58,6,52,2
38898,64,5,59,2
38899,124,124,0,1
38900,7,1,6,2
38901,71,9,62,2
38902,58,7,51,2
38903,61,6,55,2
38904,46,6,40,2
38905,62,29,33,2
38906,47,8,39,2
38907,44,6,38,2
38908,37,2,35,2
38909,58,7,51,2
38910,51,6,45,2
38911,49,1,48,2
38912,53,5,48,2
38913,53,3,50,2
38914,50,6,44,2
38915,56,6,50,2
38916,63,9,54,2
38917,50,5,45,2
38919,71,8,63,2
38920,49,8,41,2
38921,50,6,44,2
38922,60,12,48,2
38923,51,4,47,2
38924,53,4,49,2
38925,46,3,43,2
38926,59,6,53,2
38927,53,10,43,2
38928,54,11,43,2
38929,59,7,52,2
38930,60,5,55,2
38931,47,4,43,2
38932,64,4,60,2
38933,60,6,54,2
38934,47,6,41,2
38935,48,2,46,2
38936,44,3,41,2
38937,39,5,34,2
38938,56,9,47,2
38939,53,6,47,2
38940,50,6,44,2
38941,58,4,54,2
38942,56,5,51,2
38944,68,5,63,2
38945,61,12,49,2
38946,63,6,57,2
38947,40,4,36,2
38948,58,9,49,2
38949,43,6,37,2
38950,65,3,62,2
38951,54,10,44,2
38952,54,7,47,2
38953,55,8,47,2
38954,55,6,49,2
38955,48,4,44,2
38957,58,9,49,2
38958,69,11,58,2
38959,61,3,58,2
38960,66,6,60,2
38961,54,3,51,2
38962,51,3,48,2
38963,56,12,44,2
38964,52,4,48,2
38965,53,5,48,2
38966,43,3,40,2
38967,46,2,44,2
38968,45,8,37,2
38969,57,5,52,2
38970,60,4,56,2
38972,48,8,40,2
38973,63,7,56,2
38974,50,4,46,2
38975,42,6,36,2
38976,69,11,58,2
38977,52,6,46,2
38978,63,5,58,2
38979,44,3,41,2
38980,70,5,65,2
38981,41,3,38,2
38982,45,5,40,2
38983,61,7,54,2
38984,49,3,46,2
38985,71,8,63,2
38986,58,7,51,2
38987,53,5,48,2
38988,38,7,31,2
38989,61,11,50,2
38990,59,8,51,2
38991,56,8,48,2
38992,56,9,47,2
38993,48,5,43,2
38994,59,11,48,2
38995,55,7,48,2
38996,65,10,55,2
38997,55,6,49,2
38998,51,4,47,2
38999,61,6,55,2
39000,55,11,44,2
39001,57,7,50,2
39002,44,9,35,2
39003,52,4,48,2
39004,59,6,53,2
39005,45,5,40,2
39006,57,8,49,2
39007,74,9,65,2
39008,48,4,44,2
39009,58,9,49,2
39010,47,9,38,2
39011,55,6,49,2
39012,47,6,41,2
39013,61,7,54,2
39014,56,2,54,2
39015,48,5,43,2
39016,65,8,57,2
39017,43,10,33,2
39018,78,13,65,2
39019,52,4,48,2
39020,3,0,3,1
39021,58,8,50,2
39022,54,10,44,2
39024,57,7,50,2
39025,45,2,43,2
39026,57,4,53,2
39027,44,2,42,2
39028,50,6,44,2
39029,46,8,38,2
39030,55,4,51,2
39031,51,6,45,2
39032,8,8,0,1
39033,54,8,46,2
39034,51,7,44,2
39035,64,10,54,2
39036,54,7,47,2
39037,54,8,46,2
39038,50,9,41,2
39039,43,7,36,2
39040,51,7,44,2
39041,64,6,58,2
39042,46,6,40,2
39043,55,4,51,2
39044,56,8,48,2
39045,63,2,61,2
39046,50,6,44,2
39047,43,6,37,2
39048,59,8,51,2
39049,65,9,56,2
39050,60,7,53,2
39051,58,11,47,2
39052,71,11,60,2
39053,36,8,28,2
39054,43,10,33,2
39055,63,5,58,2
39056,50,5,45,2
39057,59,8,51,2
39058,54,8,46,2
39059,61,3,58,2
39060,67,7,60,2
39061,55,8,47,2
39062,61,5,56,2
39063,52,2,50,2
39064,58,7,51,2
39065,48,5,43,2
39066,57,7,50,2
39067,61,8,53,2
39068,64,9,55,2
39069,54,6,48,2
39070,67,8,59,2
39071,53,9,44,2
39072,59,8,51,2
39073,64,6,58,2
39074,68,13,55,2
39075,56,4,52,2
39076,54,5,49,2
39077,67,8,59,2
39078,50,5,45,2
39079,51,7,44,2
39080,58,1,57,2
39081,62,9,53,2
39082,49,5,44,2
39083,52,6,46,2
39084,58,6,52,2
39085,49,3,46,2
39086,67,8,59,2
39087,52,9,43,2
39088,49,7,42,2
39089,52,8,44,2
39090,55,4,51,2
39091,7,7,0,1
39092,40,3,37,2
39093,52,6,46,2
39094,44,8,36,2
39095,40,3,37,2
39096,42,9,33,2
39097,56,5,51,2
39098,51,7,44,2
39100,46,5,41,2
39101,55,8,47,2
39102,116,116,0,1
39103,52,7,45,2
39104,54,9,45,2
39105,53,4,49,2
39106,64,7,57,2
39107,56,5,51,2
39108,46,4,42,2
39109,53,7,46,2
39110,57,9,48,2
39111,47,6,41,2
39112,53,5,48,2
39113,53,5,48,2
39114,56,5,51,2
39115,38,33,5,2
39116,1,1,0,1
39117,60,9,51,2
39118,72,9,63,2
39120,46,4,42,2
39121,47,7,40,2
39122,50,5,45,2
39123,61,7,54,2
39124,58,6,52,2
39125,60,7,53,2
39126,66,7,59,2
39127,58,8,50,2
39128,59,6,53,2
39129,57,5,52,2
39130,52,7,45,2
39131,48,4,44,2
39132,48,5,43,2
39133,57,6,51,2
39134,52,8,44,2
39135,43,4,39,2
39137,53,7,46,2
39138,52,1,51,2
39139,66,3,63,2
39140,57,5,52,2
39141,68,5,63,2
39142,54,7,47,2
39143,47,8,39,2
39144,62,8,54,2
39145,52,3,49,2
39146,51,7,44,2
39147,61,8,53,2
39148,50,4,46,2
39149,51,6,45,2
39150,49,8,41,2
39151,55,10,45,2
39152,45,7,38,2
39153,50,9,41,2
39154,52,7,45,2
39155,55,7,48,2
39156,49,3,46,2
39157,52,7,45,2
39158,60,4,56,2
39159,53,5,48,2
39160,54,7,47,2
39162,45,6,39,2
39164,47,5,42,2
39165,58,9,49,2
39166,1,1,0,1
39167,58,3,55,2
39168,52,7,45,2
39169,60,6,54,2
39170,2,2,0,1
39171,48,12,36,2
39172,52,5,47,2
39173,56,6,50,2
39174,48,1,47,2
39175,53,2,51,2
39176,70,10,60,2
39177,58,8,50,2
39178,61,10,51,2
39179,48,7,41,2
39180,55,10,45,2
39181,55,5,50,2
39182,48,7,41,2
39183,59,10,49,2
39184,49,4,45,2
39185,51,6,45,2
39186,50,9,41,2
39187,66,4,62,2
39188,63,7,56,2
39189,61,5,56,2
39190,56,8,48,2
39191,52,8,44,2
39192,64,9,55,2
39193,58,10,48,2
39194,63,8,55,2
39195,55,6,49,2
39196,54,5,49,2
39197,67,6,61,2
39198,49,4,45,2
39199,63,7,56,2
39200,58,4,54,2
39201,60,9,51,2
39202,51,3,48,2
39203,54,9,45,2
39204,60,8,52,2
39205,48,5,43,2
39206,50,6,44,2
39208,58,9,49,2
39209,45,6,39,2
39210,57,11,46,2
39211,45,6,39,2
39212,62,8,54,2
39213,52,6,46,2
39214,59,12,47,2
39215,57,14,43,2
39216,60,8,52,2
39217,40,5,35,2
39218,55,4,51,2
39219,56,2,54,2
39220,52,4,48,2
39221,45,7,38,2
39222,66,5,61,2
39223,50,9,41,2
39224,55,10,45,2
39225,61,9,52,2
39226,58,6,52,2
39228,26,26,0,1
39229,48,5,43,2
39230,51,5,46,2
39231,47,2,45,2
39232,56,9,47,2
39233,63,8,55,2
39234,43,6,37,2
39235,56,5,51,2
39236,52,8,44,2
39237,62,10,52,2
39239,37,5,32,2
39240,63,6,57,2
39241,58,6,52,2
39242,48,5,43,2
39243,53,5,48,2
39244,63,7,56,2
39245,49,6,43,2
39246,61,11,50,2
39247,57,10,47,2
39248,48,8,40,2
39250,59,7,52,2
39251,58,10,48,2
39253,49,6,43,2
39254,58,5,53,2
39255,51,9,42,2
39256,40,6,34,2
39257,59,9,50,2
39258,55,4,51,2
39259,67,12,55,2
39260,56,4,52,2
39261,69,6,63,2
39262,61,4,57,2
39263,61,6,55,2
39264,5,2,3,2
39266,56,9,47,2
39267,63,7,56,2
39268,52,13,39,2
39269,63,6,57,2
39270,36,4,32,2
39271,60,9,51,2
39272,55,2,53,2
39273,56,10,46,2
39274,49,5,44,2
39275,63,10,53,2
39276,51,6,45,2
39277,57,2,55,2
39278,43,7,36,2
39279,63,8,55,2
39280,55,8,47,2
39281,44,8,36,2
39282,51,7,44,2
39283,50,4,46,2
39284,49,13,36,2
39285,42,7,35,2
39286,50,8,42,2
39287,60,10,50,2
39288,53,8,45,2
39289,47,2,45,2
39290,66,5,61,2
39291,67,10,57,2
39292,43,6,37,2
39293,110,31,79,2
39294,61,10,51,2
39295,50,5,45,2
39296,67,13,54,2
39297,62,9,53,2
39298,50,3,47,2
39299,58,9,49,2
39301,54,6,48,2
39302,50,5,45,2
39304,70,7,63,2
39305,53,5,48,2
39306,1,0,1,1
39307,63,4,59,2
39308,45,6,39,2
39309,51,3,48,2
39310,52,6,46,2
39311,43,7,36,2
39312,57,5,52,2
39313,56,6,50,2
39314,49,9,40,2
39315,57,10,47,2
39316,47,5,42,2
39317,48,9,39,2
39318,64,5,59,2
39319,41,5,36,2
39320,48,5,43,2
39321,44,9,35,2
39322,51,8,43,2
39323,59,8,51,2
39324,55,9,46,2
39325,55,4,51,2
39326,54,7,47,2
39327,48,5,43,2
39328,51,6,45,2
39329,52,7,45,2
39330,53,7,46,2
39331,58,2,56,2
39332,45,6,39,2
39334,56,6,50,2
39335,56,7,49,2
39336,45,7,38,2
39337,59,9,50,2
39338,52,7,45,2
39339,53,5,48,2
39340,53,7,46,2
39341,55,8,47,2
39342,51,6,45,2
39343,45,5,40,2
39344,50,7,43,2
39345,42,5,37,2
39346,52,7,45,2
39347,55,4,51,2
39348,57,4,53,2
39349,66,62,4,2
39350,56,4,52,2
39351,46,4,42,2
39352,45,10,35,2
39353,58,6,52,2
39354,47,8,39,2
39355,53,4,49,2
39356,49,8,41,2
39357,51,5,46,2
39358,60,6,54,2
39359,60,8,52,2
39360,67,8,59,2
39361,52,6,46,2
39362,55,6,49,2
39363,65,8,57,2
39364,74,12,62,2
39365,50,6,44,2
39366,62,9,53,2
39367,75,10,65,2
39368,62,11,51,2
39369,63,5,58,2
39370,55,10,45,2
39372,60,6,54,2
39373,7,1,6,2
39374,46,4,42,2
39375,53,6,47,2
39376,64,3,61,2
39377,59,9,50,2
39378,61,5,56,2
39379,64,9,55,2
39380,67,4,63,2
39381,42,3,39,2
39382,53,6,47,2
39383,60,7,53,2
39384,39,6,33,2
39385,39,5,34,2
39386,50,4,46,2
39387,48,8,40,2
39388,49,4,45,2
39390,62,8,54,2
39391,61,4,57,2
39392,21,9,12,2
39393,48,7,41,2
39394,59,7,52,2
39395,51,9,42,2
39396,52,5,47,2
39397,45,6,39,2
39399,54,6,48,2
39400,61,6,55,2
39401,59,8,51,2
39402,64,4,60,2
39403,56,9,47,2
39404,54,5,49,2
39405,1,0,1,1
39406,53,5,48,2
39407,62,9,53,2
39408,46,1,45,2
39409,45,5,40,2
39410,53,10,43,2
39411,61,9,52,2
39412,64,9,55,2
39413,55,9,46,2
39414,57,7,50,2
39415,50,7,43,2
39416,64,4,60,2
39417,56,11,45,2
39418,69,15,54,2
39419,55,8,47,2
39420,67,7,60,2
39421,69,2,67,2
39422,40,3,37,2
39423,46,5,41,2
39424,64,7,57,2
39425,60,9,51,2
39426,50,4,46,2
39427,52,3,49,2
39428,49,11,38,2
39429,50,2,48,2
39430,56,8,48,2
39431,44,7,37,2
39432,51,5,46,2
39433,43,6,37,2
39434,62,10,52,2
39435,67,7,60,2
39436,74,74,0,1
39437,51,6,45,2
39438,52,6,46,2
39439,53,7,46,2
39440,54,8,46,2
39441,44,4,40,2
39442,48,4,44,2
39443,3,2,1,2
39444,42,6,36,2
39447,44,10,34,2
39448,60,4,56,2
39449,53,7,46,2
39450,54,7,47,2
39451,48,5,43,2
39452,44,10,34,2
39453,61,11,50,2
39454,53,12,41,2
39455,56,6,50,2
39456,45,4,41,2
39457,65,6,59,2
39458,42,5,37,2
39459,58,10,48,2
39460,43,6,37,2
39461,61,13,48,2
39462,61,9,52,2
39463,52,4,48,2
39464,66,3,63,2
39465,54,6,48,2
39466,44,6,38,2
39467,54,8,46,2
39468,57,11,46,2
39469,63,4,59,2
39471,46,6,40,2
39472,61,3,58,2
39473,44,8,36,2
39474,60,9,51,2
39475,46,4,42,2
39477,48,3,45,2
39478,48,5,43,2
39479,54,10,44,2
39480,54,6,48,2
39481,45,5,40,2
39482,45,2,43,2
39483,48,3,45,2
39484,48,4,44,2
39485,53,5,48,2
39486,62,6,56,2
39487,40,6,34,2
39488,42,3,39,2
39489,43,4,39,2
39491,48,7,41,2
39492,54,7,47,2
39493,58,2,56,2
39494,43,1,42,2
39495,61,4,57,2
39496,53,2,51,2
39497,50,6,44,2
39498,42,2,40,2
39499,52,8,44,2
39500,58,8,50,2
39501,51,4,47,2
39502,52,10,42,2
39503,63,5,58,2
39504,42,3,39,2
39505,54,4,50,2
39506,48,4,44,2
39507,60,9,51,2
39508,63,10,53,2
39509,48,3,45,2
39510,48,4,44,2
39511,53,6,47,2
39512,56,11,45,2
39513,49,4,45,2
39514,54,8,46,2
39515,36,36,0,1
39516,69,13,56,2
39517,50,3,47,2
39518,36,2,34,2
39519,38,2,36,2
39520,52,3,49,2
39521,49,2,47,2
39522,64,9,55,2
39524,61,4,57,2
39525,59,3,56,2
39527,52,9,43,2
39528,41,5,36,2
39529,51,8,43,2
39531,58,9,49,2
39532,74,9,65,2
39533,66,7,59,2
39534,68,7,61,2
39535,52,8,44,2
39536,51,4,47,2
39537,73,9,64,2
39538,67,10,57,2
39539,48,8,40,2
39540,55,14,41,2
39541,67,3,64,2
39542,56,2,54,2
39543,61,10,51,2
39544,70,6,64,2
39545,67,10,57,2
39546,54,6,48,2
39548,42,5,37,2
39549,53,11,42,2
39550,54,7,47,2
39551,73,11,62,2
39552,50,6,44,2
39553,71,9,62,2
39554,59,11,48,2
39555,49,4,45,2
39556,66,7,59,2
39557,48,10,38,2
39558,48,7,41,2
39559,58,6,52,2
39560,46,7,39,2
39561,49,4,45,2
39562,44,9,35,2
39563,7,0,7,1
39564,55,5,50,2
39565,50,4,46,2
39566,47,7,40,2
39567,60,7,53,2
39568,50,6,44,2
39569,51,5,46,2
39570,53,8,45,2
39571,56,12,44,2
39572,43,6,37,2
39573,59,7,52,2
39574,53,5,48,2
39575,67,7,60,2
39576,53,5,48,2
39577,45,3,42,2
39578,54,6,48,2
39579,1,0,1,1
39580,53,4,49,2
39581,61,6,55,2
39582,48,8,40,2
39583,64,9,55,2
39584,55,6,49,2
39585,48,5,43,2
39586,51,5,46,2
39587,58,7,51,2
39588,42,4,38,2
39589,40,4,36,2
39590,61,7,54,2
39591,48,6,42,2
39592,57,11,46,2
39593,51,8,43,2
39594,52,4,48,2
39595,58,4,54,2
39596,53,3,50,2
39597,62,4,58,2
39598,38,4,34,2
39599,56,4,52,2
39600,21,20,1,2
39601,2,2,0,1
39602,49,3,46,2
39603,61,10,51,2
39604,56,2,54,2
39605,68,5,63,2
39606,55,10,45,2
39607,60,8,52,2
39608,45,3,42,2
39609,51,7,44,2
39610,50,5,45,2
39611,49,3,46,2
39612,60,8,52,2
39613,58,7,51,2
39614,53,6,47,2
39615,60,8,52,2
39616,52,7,45,2
39617,49,2,47,2
39618,59,6,53,2
39620,69,9,60,2
39621,43,6,37,2
39622,49,8,41,2
39623,44,44,0,1
39624,51,10,41,2
39625,1,0,1,1
39626,51,8,43,2
39627,52,6,46,2
39628,54,12,42,2
39629,58,7,51,2
39630,47,8,39,2
39631,48,1,47,2
39632,53,7,46,2
39633,56,6,50,2
39634,55,7,48,2
39635,61,4,57,2
39636,66,6,60,2
39637,46,1,45,2
39638,63,7,56,2
39639,57,7,50,2
39640,62,8,54,2
39641,64,7,57,2
39642,45,2,43,2
39643,45,7,38,2
39644,66,7,59,2
39645,62,1,61,2
39646,57,8,49,2
39647,68,10,58,2
39648,65,6,59,2
39649,56,6,50,2
39650,68,7,61,2
39651,63,5,58,2
39652,43,3,40,2
39654,63,7,56,2
39655,55,7,48,2
39656,55,9,46,2
39657,66,12,54,2
39658,66,6,60,2
39660,58,4,54,2
39661,60,5,55,2
39662,60,7,53,2
39663,56,6,50,2
39664,57,4,53,2
39665,48,5,43,2
39666,61,3,58,2
39667,54,9,45,2
39668,59,5,54,2
39669,53,10,43,2
39670,44,7,37,2
39671,51,8,43,2
39672,56,5,51,2
39673,56,7,49,2
39674,57,8,49,2
39675,47,3,44,2
39676,42,5,37,2
39677,50,5,45,2
39678,46,3,43,2
39679,55,5,50,2
39680,50,7,43,2
39681,58,8,50,2
39682,49,6,43,2
39683,50,5,45,2
39684,63,4,59,2
39685,56,6,50,2
39686,49,6,43,2
39687,55,8,47,2
39688,71,8,63,2
39689,48,5,43,2
39690,42,3,39,2
39691,55,3,52,2
39692,68,5,63,2
39693,53,8,45,2
39694,2,1,1,2
39695,64,9,55,2
39696,45,4,41,2
39697,58,7,51,2
39698,51,5,46,2
39699,62,6,56,2
39700,53,6,47,2
39701,57,7,50,2
39702,40,4,36,2
39703,48,5,43,2
39704,43,4,39,2
39705,51,6,45,2
39706,54,6,48,2
39707,59,2,57,2
39708,55,10,45,2
39709,54,7,47,2
39710,64,9,55,2
39711,55,8,47,2
39712,59,8,51,2
39713,60,7,53,2
39714,58,6,52,2
39715,12,11,1,2
39716,45,6,39,2
39717,64,6,58,2
39718,56,4,52,2
39719,50,5,45,2
39720,49,6,43,2
39721,49,8,41,2
39722,57,6,51,2
39723,54,4,50,2
39724,43,4,39,2
39725,68,7,61,2
39726,51,5,46,2
39727,60,5,55,2
39728,51,4,47,2
39729,57,5,52,2
39730,40,2,38,2
39731,60,4,56,2
39732,49,8,41,2
39733,50,3,47,2
39734,56,10,46,2
39735,52,8,44,2
39736,64,10,54,2
39737,43,4,39,2
39738,46,2,44,2
39739,55,9,46,2
39740,68,6,62,2
39741,1,0,1,1
39742,53,7,46,2
39743,41,4,37,2
39744,48,4,44,2
39745,54,5,49,2
39746,74,5,69,2
39747,52,8,44,2
39748,51,5,46,2
39749,57,4,53,2
39750,46,9,37,2
39751,53,4,49,2
39752,50,8,42,2
39753,38,6,32,2
39754,64,8,56,2
39755,63,6,57,2
39756,43,5,38,2
39757,60,10,50,2
39758,58,4,54,2
39759,48,4,44,2
39760,59,8,51,2
39761,57,7,50,2
39762,53,5,48,2
39763,57,3,54,2
39764,51,8,43,2
39765,62,11,51,2
39766,49,4,45,2
39767,56,3,53,2
39768,65,7,58,2
39769,55,7,48,2
39770,43,9,34,2
39771,51,6,45,2
39772,56,5,51,2
39774,65,9,56,2
39775,57,9,48,2
39776,51,8,43,2
39777,62,8,54,2
39778,54,5,49,2
39779,66,9,57,2
39780,64,11,53,2
39781,50,6,44,2
39782,70,8,62,2
39783,5,3,2,2
39784,53,4,49,2
39786,64,6,58,2
39787,56,5,51,2
39788,46,8,38,2
39789,47,6,41,2
39790,51,8,43,2
39791,63,11,52,2
39792,53,9,44,2
39793,62,13,49,2
39794,51,10,41,2
39795,45,4,41,2
39796,67,9,58,2
39797,53,7,46,2
39799,46,9,37,2
39800,62,10,52,2
39801,44,4,40,2
39802,39,1,38,2
39803,50,4,46,2
39804,58,4,54,2
39805,2,0,2,1
39806,51,4,47,2
39807,69,10,59,2
39808,49,6,43,2
39809,55,5,50,2
39810,63,11,52,2
39811,46,2,44,2
39812,60,5,55,2
39813,45,4,41,2
39814,57,9,48,2
39815,60,5,55,2
39816,56,5,51,2
39817,45,4,41,2
39818,56,12,44,2
39819,61,11,50,2
39820,61,7,54,2
39821,44,8,36,2
39822,67,10,57,2
39823,53,6,47,2
39824,49,5,44,2
39825,51,5,46,2
39826,54,4,50,2
39827,61,8,53,2
39828,52,9,43,2
39829,53,3,50,2
39830,53,8,45,2
39832,54,6,48,2
39833,58,4,54,2
39834,3,1,2,2
39835,52,3,49,2
39836,49,5,44,2
39837,54,10,44,2
39838,50,8,42,2
39839,67,9,58,2
39840,51,6,45,2
39841,54,6,48,2
39842,59,8,51,2
39843,44,5,39,2
39844,60,3,57,2
39845,56,4,52,2
39846,60,6,54,2
39847,52,8,44,2
39848,62,5,57,2
39849,55,6,49,2
39850,57,6,51,2
39851,54,5,49,2
39852,46,4,42,2
39853,61,6,55,2
39854,50,50,0,1
39855,50,10,40,2
39856,59,5,54,2
39857,57,9,48,2
39858,52,12,40,2
39859,53,6,47,2
39861,48,6,42,2
39862,51,6,45,2
39863,49,3,46,2
39864,64,9,55,2
39865,63,7,56,2
39866,43,1,42,2
39867,67,9,58,2
39868,57,6,51,2
39869,53,11,42,2
39870,52,7,45,2
39871,51,2,49,2
39872,57,7,50,2
39873,57,6,51,2
39874,63,6,57,2
39875,40,6,34,2
39876,54,6,48,2
39877,54,7,47,2
39878,45,4,41,2
39879,52,5,47,2
39880,58,5,53,2
39881,51,5,46,2
39882,50,4,46,2
39883,51,6,45,2
39884,73,6,67,2
39885,48,3,45,2
39886,48,5,43,2
39887,58,9,49,2
39888,56,3,53,2
39889,47,9,38,2
39890,48,6,42,2
39891,54,8,46,2
39892,49,3,46,2
39893,54,5,49,2
39894,51,4,47,2
39895,58,7,51,2
39896,53,7,46,2
39897,54,4,50,2
39898,66,11,55,2
39899,47,12,35,2
39900,60,12,48,2
39901,51,9,42,2
39902,48,5,43,2
39903,54,13,41,2
39904,53,5,48,2
39905,52,6,46,2
39906,55,3,52,2
39907,44,5,39,2
39908,59,7,52,2
39909,64,10,54,2
39910,49,6,43,2
39911,61,8,53,2
39912,62,8,54,2
39913,55,7,48,2
39914,61,6,55,2
39915,63,10,53,2
39916,51,5,46,2
39917,51,5,46,2
39918,52,5,47,2
39919,49,7,42,2
39920,37,7,30,2
39921,53,4,49,2
39922,50,7,43,2
39923,67,7,60,2
39924,62,8,54,2
39925,48,6,42,2
39926,55,9,46,2
39927,44,7,37,2
39928,53,6,47,2
39930,52,12,40,2
39931,58,4,54,2
39932,60,5,55,2
39933,2,2,0,1
39934,65,8,57,2
39935,16,5,11,2
39936,16,16,0,1
39937,58,2,56,2
39938,64,5,59,2
39939,56,11,45,2
39940,44,4,40,2
39941,60,8,52,2
39942,52,3,49,2
39943,57,8,49,2
39944,53,5,48,2
39945,41,8,33,2
39946,51,5,46,2
39947,37,6,31,2
39948,60,6,54,2
39949,45,8,37,2
39951,55,10,45,2
39952,63,12,51,2
39953,47,9,38,2
39954,64,9,55,2
39955,61,4,57,2
39956,48,9,39,2
39957,51,6,45,2
39958,65,6,59,2
39959,54,6,48,2
39960,64,8,56,2
39961,47,6,41,2
39962,48,8,40,2
39963,61,9,52,2
39964,48,5,43,2
39965,52,10,42,2
39966,56,4,52,2
39967,64,6,58,2
39968,1,0,1,1
39969,51,4,47,2
39970,55,8,47,2
39971,64,7,57,2
39972,51,4,47,2
39973,45,6,39,2
39974,48,4,44,2
39975,60,4,56,2
39976,42,5,37,2
39977,57,12,45,2
39978,68,4,64,2
39979,54,7,47,2
39980,59,4,55,2
39981,51,7,44,2
39982,44,5,39,2
39983,62,9,53,2
39984,53,9,44,2
39985,55,5,50,2
39986,49,8,41,2
39987,60,7,53,2
39988,50,6,44,2
39990,68,5,63,2
39991,51,7,44,2
39992,36,6,30,2
39993,47,9,38,2
39994,78,11,67,2
39995,1,1,0,1
39996,50,6,44,2
39997,59,6,53,2
39998,57,2,55,2
40000,40,7,33,2
40001,63,7,56,2
40002,61,7,54,2
40003,61,3,58,2
40004,69,8,61,2
40005,51,10,41,2
40006,52,8,44,2
40008,47,2,45,2
40009,60,4,56,2
40010,64,4,60,2
40011,43,4,39,2
40012,57,4,53,2
40013,60,8,52,2
40015,55,7,48,2
40016,45,5,40,2
40017,57,3,54,2
40018,50,7,43,2
40019,65,7,58,2
40020,50,7,43,2
40021,67,10,57,2
40022,59,8,51,2
40023,50,8,42,2
40024,61,8,53,2
40025,52,6,46,2
40026,60,8,52,2
40027,39,4,35,2
40028,52,7,45,2
40029,38,11,27,2
40030,61,9,52,2
40031,69,8,61,2
40032,42,8,34,2
40033,54,4,50,2
40034,50,6,44,2
40035,59,7,52,2
40037,55,10,45,2
40038,45,5,40,2
40039,55,6,49,2
40040,69,14,55,2
40041,62,7,55,2
40042,59,9,50,2
40043,59,9,50,2
40044,52,7,45,2
40045,63,10,53,2
40046,46,5,41,2
40047,57,3,54,2
40048,52,9,43,2
40049,63,7,56,2
40050,58,10,48,2
40051,61,8,53,2
40052,51,7,44,2
40053,52,5,47,2
40054,52,5,47,2
40055,50,6,44,2
40056,61,5,56,2
40057,55,5,50,2
40058,41,3,38,2
40059,61,8,53,2
40060,50,6,44,2
40061,60,8,52,2
40062,62,10,52,2
40063,58,8,50,2
40064,46,7,39,2
40065,61,8,53,2
40066,64,9,55,2
40067,51,6,45,2
40068,57,10,47,2
40069,61,7,54,2
40070,66,5,61,2
40071,66,4,62,2
40072,51,3,48,2
40073,41,11,30,2
40074,53,5,48,2
40075,58,5,53,2
40076,53,13,40,2
40077,65,8,57,2
40078,49,7,42,2
40079,39,1,38,2
40081,46,7,39,2
40082,55,11,44,2
40084,64,10,54,2
40085,49,8,41,2
40087,57,6,51,2
40088,45,8,37,2
40090,61,9,52,2
40091,52,6,46,2
40092,76,5,71,2
40094,72,7,65,2
40095,47,3,44,2
40096,60,5,55,2
40097,53,3,50,2
40099,48,10,38,2
40100,60,7,53,2
40101,57,5,52,2
40102,62,5,57,2
40103,54,8,46,2
40104,57,7,50,2
40105,59,5,54,2
40106,58,6,52,2
40107,55,4,51,2
40108,62,8,54,2
40109,50,4,46,2
40110,56,7,49,2
40111,39,7,32,2
40112,59,10,49,2
40113,63,7,56,2
40116,60,8,52,2
40117,58,13,45,2
40118,53,6,47,2
40119,53,10,43,2
40120,59,9,50,2
40121,59,8,51,2
40122,50,10,40,2
40123,34,5,29,2
40124,63,10,53,2
40125,77,6,71,2
40126,64,8,56,2
40127,68,8,60,2
40128,50,8,42,2
40129,46,4,42,2
40130,9,9,0,1
40132,60,5,55,2
40133,60,6,54,2
40134,58,7,51,2
40135,56,5,51,2
40136,61,7,54,2
40138,56,7,49,2
40139,60,6,54,2
40140,41,2,39,2
40141,55,8,47,2
40142,53,7,46,2
40143,52,3,49,2
40144,54,5,49,2
40145,36,5,31,2
40146,46,6,40,2
40147,50,7,43,2
40148,49,7,42,2
40149,48,5,43,2
40150,55,12,43,2
40151,54,3,51,2
40152,68,11,57,2
40153,48,6,42,2
40154,63,10,53,2
40155,48,3,45,2
40156,57,9,48,2
40157,56,5,51,2
40158,58,6,52,2
40159,52,7,45,2
40160,73,13,60,2
40161,46,7,39,2
40162,54,6,48,2
40163,44,4,40,2
40164,64,9,55,2
40165,54,6,48,2
40166,53,6,47,2
40167,47,7,40,2
40168,55,4,51,2
40169,52,10,42,2
40170,54,8,46,2
40171,57,7,50,2
40172,66,8,58,2
40173,57,4,53,2
40174,53,4,49,2
40175,50,11,39,2
40176,51,5,46,2
40177,54,5,49,2
40178,54,5,49,2
40179,39,3,36,2
40180,62,5,57,2
40181,49,4,45,2
40182,51,3,48,2
40183,63,8,55,2
40184,52,6,46,2
40185,54,9,45,2
40186,53,8,45,2
40188,50,6,44,2
40189,69,11,58,2
40190,55,7,48,2
40192,63,6,57,2
40193,66,13,53,2
40194,52,8,44,2
40196,69,6,63,2
40197,51,7,44,2
40199,42,4,38,2
40200,56,5,51,2
40201,54,5,49,2
40202,61,9,52,2
40203,49,5,44,2
40204,56,4,52,2
40205,47,3,44,2
40206,54,12,42,2
40207,58,8,50,2
40208,50,4,46,2
40209,61,5,56,2
40210,55,8,47,2
40211,43,4,39,2
40212,54,5,49,2
40213,48,7,41,2
40214,51,4,47,2
40216,59,4,55,2
40217,57,9,48,2
40218,56,6,50,2
40219,45,9,36,2
40220,55,6,49,2
40221,299,213,86,2
40222,48,7,41,2
40223,50,3,47,2
40224,48,6,42,2
40225,14,11,3,2
40226,50,7,43,2
40227,65,9,56,2
40229,43,7,36,2
40230,2,0,2,1
40231,51,7,44,2
40232,60,3,57,2
40233,60,8,52,2
40234,46,7,39,2
40235,48,7,41,2
40236,56,8,48,2
40237,57,7,50,2
40238,44,6,38,2
40239,56,4,52,2
40240,55,6,49,2
40241,69,13,56,2
40242,61,7,54,2
40243,36,5,31,2
40244,65,7,58,2
40245,65,6,59,2
40246,59,6,53,2
40247,61,8,53,2
40248,50,4,46,2
40249,66,7,59,2
40250,54,10,44,2
40251,60,10,50,2
40252,2,0,2,1
40253,68,5,63,2
40255,57,8,49,2
40256,75,5,70,2
40257,50,7,43,2
40258,55,6,49,2
40259,66,11,55,2
40260,50,7,43,2
40262,64,4,60,2
40263,46,5,41,2
40264,54,4,50,2
40265,59,8,51,2
40266,73,9,64,2
40267,53,6,47,2
40268,59,8,51,2
40269,46,3,43,2
40271,49,4,45,2
40272,49,7,42,2
40273,54,5,49,2
40274,54,9,45,2
40275,68,8,60,2
40277,59,10,49,2
40278,53,6,47,2
40279,57,8,49,2
40280,50,7,43,2
40281,64,5,59,2
40282,51,3,48,2
40283,57,3,54,2
40284,61,9,52,2
40285,66,6,60,2
40286,55,5,50,2
40287,55,5,50,2
40288,58,7,51,2
40289,51,3,48,2
40290,52,6,46,2
40291,47,4,43,2
40292,57,5,52,2
40293,52,7,45,2
40294,56,9,47,2
40295,49,11,38,2
40296,8,0,8,1
40297,63,5,58,2
40298,61,9,52,2
40299,1,1,0,1
40300,52,6,46,2
40301,57,6,51,2
40302,47,7,40,2
40303,61,8,53,2
40304,44,8,36,2
40305,51,5,46,2
40306,56,4,52,2
40307,52,7,45,2
40308,54,3,51,2
40309,79,10,69,2
40310,62,4,58,2
40311,52,6,46,2
40312,35,3,32,2
40313,54,9,45,2
40314,51,7,44,2
40315,52,9,43,2
40316,49,5,44,2
40317,52,6,46,2
40318,57,6,51,2
40319,52,5,47,2
40320,45,6,39,2
40321,58,8,50,2
40322,52,3,49,2
40323,46,7,39,2
40324,58,4,54,2
40325,49,8,41,2
40326,55,5,50,2
40327,50,5,45,2
40328,49,7,42,2
40329,48,5,43,2
40330,65,8,57,2
40331,45,4,41,2
40332,30,29,1,2
40333,59,6,53,2
40334,64,8,56,2
40335,58,4,54,2
40336,42,6,36,2
40337,79,8,71,2
40339,58,6,52,2
40340,58,6,52,2
40341,2,0,2,1
40342,49,6,43,2
40343,50,10,40,2
40344,43,5,38,2
40345,44,6,38,2
40346,55,10,45,2
40347,63,4,59,2
40348,42,1,41,2
40349,40,9,31,2
40350,46,3,43,2
40351,53,5,48,2
40352,56,7,49,2
40353,61,5,56,2
40354,54,3,51,2
40355,51,3,48,2
40356,49,4,45,2
40357,63,10,53,2
40358,2,1,1,2
40359,59,12,47,2
40360,49,6,43,2
40361,48,3,45,2
40362,63,9,54,2
40363,41,4,37,2
40364,53,6,47,2
40365,49,9,40,2
40366,59,5,54,2
40367,45,7,38,2
40368,50,5,45,2
40369,52,6,46,2
40370,69,5,64,2
40371,50,6,44,2
40372,49,5,44,2
40373,55,12,43,2
40374,56,3,53,2
40375,59,13,46,2
40376,45,4,41,2
40377,54,4,50,2
40378,57,12,45,2
40379,52,8,44,2
40380,58,4,54,2
40381,54,6,48,2
40382,64,7,57,2
40383,54,4,50,2
40384,51,9,42,2
40385,53,6,47,2
40386,51,7,44,2
40387,51,9,42,2
40388,51,8,43,2
40389,49,3,46,2
40391,49,7,42,2
40392,61,9,52,2
40393,51,3,48,2
40394,53,5,48,2
40395,51,5,46,2
40396,49,3,46,2
40397,53,7,46,2
40398,61,9,52,2
40399,52,3,49,2
40400,56,4,52,2
40401,57,10,47,2
40402,56,11,45,2
40403,57,5,52,2
40404,50,8,42,2
40405,55,6,49,2
40406,54,8,46,2
40407,46,6,40,2
40408,55,4,51,2
40409,60,10,50,2
40410,51,7,44,2
40411,67,5,62,2
40412,62,8,54,2
40413,43,6,37,2
40414,55,9,46,2
40415,60,8,52,2
40416,57,11,46,2
40417,47,5,42,2
40418,50,4,46,2
40420,45,5,40,2
40421,46,3,43,2
40422,47,2,45,2
40423,41,4,37,2
40424,38,3,35,2
40425,58,7,51,2
40426,62,5,57,2
40427,59,11,48,2
40428,56,10,46,2
40429,63,3,60,2
40430,52,5,47,2
40431,62,9,53,2
40432,3,1,2,2
40433,60,3,57,2
40434,49,6,43,2
40435,74,7,67,2
40436,47,7,40,2
40437,56,4,52,2
40438,50,5,45,2
40440,54,6,48,2
40441,53,8,45,2
40442,48,4,44,2
40443,44,4,40,2
40444,60,6,54,2
40445,68,7,61,2
40446,54,7,47,2
40447,58,7,51,2
40448,45,8,37,2
40449,54,12,42,2
40450,56,4,52,2
40451,48,6,42,2
40452,52,10,42,2
40453,42,5,37,2
40454,60,11,49,2
40455,51,4,47,2
40456,59,11,48,2
40457,60,4,56,2
40458,44,4,40,2
40459,47,6,41,2
40460,53,8,45,2
40461,55,8,47,2
40462,44,6,38,2
40463,50,6,44,2
40464,58,9,49,2
40465,59,3,56,2
40466,57,5,52,2
40467,69,7,62,2
40468,47,6,41,2
40469,51,7,44,2
40470,55,9,46,2
40471,60,9,51,2
40472,65,6,59,2
40473,59,9,50,2
40474,61,5,56,2
40475,55,5,50,2
40476,65,12,53,2
40477,61,3,58,2
40478,57,5,52,2
40479,61,9,52,2
40481,71,4,67,2
40482,58,8,50,2
40483,55,6,49,2
40484,61,2,59,2
40485,48,6,42,2
40486,50,5,45,2
40487,61,5,56,2
40488,61,8,53,2
40489,51,6,45,2
40490,59,10,49,2
40491,68,9,59,2
40493,55,10,45,2
40494,44,7,37,2
40495,51,5,46,2
40496,68,9,59,2
40497,65,5,60,2
40498,52,6,46,2
40499,48,4,44,2
40500,43,4,39,2
40501,60,7,53,2
40502,40,5,35,2
40503,51,6,45,2
40504,60,7,53,2
40505,54,3,51,2
40506,45,6,39,2
40507,59,4,55,2
40508,59,8,51,2
40509,58,6,52,2
40510,57,6,51,2
40512,49,3,46,2
40513,53,6,47,2
40514,60,10,50,2
40515,64,14,50,2
40516,66,5,61,2
40517,51,7,44,2
40518,58,14,44,2
40519,61,7,54,2
40520,53,8,45,2
40521,66,6,60,2
40522,55,5,50,2
40523,57,10,47,2
40524,47,6,41,2
40525,55,6,49,2
40526,58,6,52,2
40527,52,8,44,2
40528,57,5,52,2
40530,66,8,58,2
40531,52,7,45,2
40532,49,4,45,2
40533,55,6,49,2
40534,59,8,51,2
40535,37,3,34,2
40536,51,5,46,2
40537,47,4,43,2
40538,54,7,47,2
40539,59,7,52,2
40540,69,12,57,2
40541,4,0,4,1
40542,57,9,48,2
40543,62,6,56,2
40544,58,11,47,2
40545,63,9,54,2
40546,62,7,55,2
40547,46,2,44,2
40548,67,10,57,2
40549,48,6,42,2
40550,61,5,56,2
40551,47,10,37,2
40552,56,8,48,2
40553,69,6,63,2
40554,55,9,46,2
40555,52,3,49,2
40556,61,6,55,2
40557,46,9,37,2
40558,54,3,51,2
40559,59,7,52,2
40560,63,9,54,2
40561,41,3,38,2
40562,39,4,35,2
40563,62,3,59,2
40564,53,7,46,2
40565,50,7,43,2
40566,45,8,37,2
40567,33,21,12,2
40569,63,11,52,2
40570,45,3,42,2
40571,87,0,87,1
40572,63,9,54,2
40574,52,6,46,2
40575,59,4,55,2
40576,63,9,54,2
40577,64,9,55,2
40578,57,11,46,2
40579,54,7,47,2
40580,60,6,54,2
40582,59,7,52,2
40583,43,6,37,2
40584,49,7,42,2
40585,68,5,63,2
40586,64,7,57,2
40587,50,7,43,2
40588,56,5,51,2
40589,47,5,42,2
40590,57,4,53,2
40591,48,4,44,2
40592,59,6,53,2
40593,57,8,49,2
40594,43,4,39,2
40595,57,7,50,2
40596,57,9,48,2
40597,47,4,43,2
40598,51,7,44,2
40599,130,130,0,1
40600,60,9,51,2
40601,44,2,42,2
40602,52,6,46,2
40603,41,4,37,2
40604,55,5,50,2
40605,46,4,42,2
40606,53,4,49,2
40607,42,2,40,2
40608,46,8,38,2
40609,53,6,47,2
40610,64,9,55,2
40611,49,8,41,2
40612,55,9,46,2
40613,69,11,58,2
40614,40,3,37,2
40615,62,7,55,2
40616,47,6,41,2
40617,58,5,53,2
40618,61,8,53,2
40619,52,2,50,2
40620,52,9,43,2
40621,61,9,52,2
40622,54,10,44,2
40623,57,9,48,2
40625,46,5,41,2
40626,62,11,51,2
40627,64,5,59,2
40628,63,9,54,2
40629,59,9,50,2
40630,55,6,49,2
40631,54,4,50,2
40632,43,4,39,2
40633,52,7,45,2
40634,19,0,19,1
40635,56,2,54,2
40636,53,4,49,2
40637,56,11,45,2
40638,55,8,47,2
40640,53,1,52,2
40641,61,10,51,2
40642,54,6,48,2
40643,47,7,40,2
40644,60,8,52,2
40645,58,16,42,2
40646,61,2,59,2
40647,51,5,46,2
40648,66,10,56,2
40650,64,13,51,2
40651,57,7,50,2
40652,9,4,5,2
40653,52,5,47,2
40654,53,8,45,2
40655,52,6,46,2
40656,50,8,42,2
40657,62,7,55,2
40658,60,6,54,2
40659,54,6,48,2
40660,66,10,56,2
40661,57,7,50,2
40662,55,5,50,2
40663,64,8,56,2
40665,57,7,50,2
40666,57,3,54,2
40668,52,1,51,2
40669,42,5,37,2
40670,54,7,47,2
40671,63,5,58,2
40672,59,12,47,2
40673,51,5,46,2
40674,50,7,43,2
40675,53,3,50,2
40676,50,5,45,2
40677,55,7,48,2
40678,49,7,42,2
40679,50,4,46,2
40680,61,4,57,2
40681,40,3,37,2
40682,65,10,55,2
40683,57,7,50,2
40684,49,4,45,2
40685,51,4,47,2
40686,59,7,52,2
40687,40,5,35,2
40688,44,4,40,2
40689,53,6,47,2
40690,65,4,61,2
40691,57,6,51,2
40692,60,11,49,2
40693,50,4,46,2
40694,49,5,44,2
40695,55,5,50,2
40696,44,5,39,2
40698,54,6,48,2
40699,57,10,47,2
40700,57,8,49,2
40701,48,4,44,2
40702,61,7,54,2
40703,48,7,41,2
40705,56,3,53,2
40706,56,4,52,2
40707,50,7,43,2
40708,62,6,56,2
40709,59,4,55,2
40711,48,5,43,2
40712,48,6,42,2
40713,49,8,41,2
40714,54,7,47,2
40715,69,4,65,2
40716,54,7,47,2
40717,43,10,33,2
40718,46,7,39,2
40719,57,7,50,2
40720,54,6,48,2
40721,56,8,48,2
40722,49,6,43,2
40723,53,8,45,2
40724,57,8,49,2
40725,57,9,48,2
40726,47,5,42,2
40727,59,3,56,2
40728,64,12,52,2
40729,53,6,47,2
40730,55,6,49,2
40732,42,5,37,2
40733,45,4,41,2
40734,63,5,58,2
40735,59,7,52,2
40736,50,7,43,2
40737,45,4,41,2
40738,50,4,46,2
40739,76,11,65,2
40740,53,5,48,2
40741,69,10,59,2
40742,59,10,49,2
40744,56,3,53,2
40745,49,11,38,2
40746,53,3,50,2
40747,59,5,54,2
40748,53,8,45,2
40749,52,8,44,2
40750,54,7,47,2
40751,53,9,44,2
40752,60,9,51,2
40753,52,11,41,2
40754,51,9,42,2
40755,57,10,47,2
40756,51,11,40,2
40757,62,6,56,2
40758,61,7,54,2
40759,43,4,39,2
40760,57,8,49,2
40761,51,8,43,2
40762,54,7,47,2
40763,60,7,53,2
40764,41,3,38,2
40765,56,3,53,2
40766,48,7,41,2
40768,56,7,49,2
40769,61,7,54,2
40770,52,5,47,2
40771,57,3,54,2
40772,60,11,49,2
40773,39,4,35,2
40774,58,3,55,2
40775,49,7,42,2
40776,48,1,47,2
40777,41,4,37,2
40778,56,5,51,2
40779,41,3,38,2
40780,61,7,54,2
40781,56,6,50,2
40782,60,8,52,2
40783,50,6,44,2
40784,53,7,46,2
40785,59,6,53,2
40786,51,8,43,2
40787,34,7,27,2
40788,44,3,41,2
40789,61,12,49,2
40790,59,6,53,2
40791,1,0,1,1
40792,55,7,48,2
40793,57,1,56,2
40794,59,4,55,2
40795,55,8,47,2
40796,54,3,51,2
40797,60,13,47,2
40798,66,6,60,2
40799,56,5,51,2
40800,55,10,45,2
40801,47,8,39,2
40802,48,6,42,2
40803,55,8,47,2
40804,56,6,50,2
40806,56,5,51,2
40807,26,26,0,1
40808,42,3,39,2
40809,51,10,41,2
40810,64,10,54,2
40811,58,7,51,2
40812,52,9,43,2
40813,59,7,52,2
40814,55,4,51,2
40815,48,4,44,2
40816,46,6,40,2
40817,55,10,45,2
40818,46,7,39,2
40819,44,3,41,2
40820,48,4,44,2
40821,47,2,45,2
40822,53,10,43,2
40823,57,9,48,2
40824,61,3,58,2
40825,57,7,50,2
40826,52,11,41,2
40827,52,10,42,2
40828,55,5,50,2
40829,46,5,41,2
40830,50,3,47,2
40831,57,7,50,2
40832,47,9,38,2
40833,57,4,53,2
40834,45,6,39,2
40835,54,4,50,2
40837,58,7,51,2
40840,38,2,36,2
40841,43,6,37,2
40842,51,8,43,2
40843,60,6,54,2
40844,47,5,42,2
40845,36,7,29,2
40846,66,3,63,2
40847,58,4,54,2
40848,62,8,54,2
40850,58,9,49,2
40851,56,2,54,2
40852,63,2,61,2
40853,56,10,46,2
40854,68,5,63,2
40855,41,6,35,2
40856,81,9,72,2
40857,46,7,39,2
40858,8,5,3,2
40859,63,6,57,2
40860,36,1,35,2
40861,64,13,51,2
40862,59,5,54,2
40864,49,3,46,2
40865,61,4,57,2
40866,51,2,49,2
40867,58,4,54,2
40868,53,5,48,2
40869,62,10,52,2
40870,63,5,58,2
40871,51,7,44,2
40872,57,11,46,2
40873,50,4,46,2
40874,61,5,56,2
40875,59,6,53,2
40876,60,11,49,2
40877,71,11,60,2
40878,56,8,48,2
40879,55,5,50,2
40880,50,8,42,2
40881,51,3,48,2
40882,44,6,38,2
40883,54,9,45,2
40884,57,5,52,2
40885,53,4,49,2
40886,55,5,50,2
40887,47,6,41,2
40889,52,10,42,2
40890,57,11,46,2
40891,51,5,46,2
40892,69,5,64,2
40893,51,10,41,2
40894,51,5,46,2
40896,63,4,59,2
40897,57,3,54,2
40898,44,9,35,2
40899,60,8,52,2
40900,41,4,37,2
40901,47,8,39,2
40902,56,9,47,2
40903,58,8,50,2
40904,57,7,50,2
40905,59,8,51,2
40906,62,6,56,2
40907,59,5,54,2
40908,43,5,38,2
40909,56,6,50,2
40910,61,6,55,2
40911,53,4,49,2
40912,55,8,47,2
40915,47,8,39,2
40916,47,10,37,2
40917,55,5,50,2
40918,56,7,49,2
40919,52,6,46,2
40920,59,7,52,2
40921,44,4,40,2
40922,63,10,53,2
40923,59,10,49,2
40924,63,18,45,2
40925,46,5,41,2
40926,58,4,54,2
40927,49,4,45,2
40928,65,6,59,2
40929,64,5,59,2
40930,63,7,56,2
40931,51,5,46,2
40932,60,9,51,2
40933,52,6,46,2
40934,49,7,42,2
40935,40,10,30,2
40936,52,8,44,2
40937,65,5,60,2
40938,55,11,44,2
40939,61,8,53,2
40940,65,8,57,2
40941,58,8,50,2
40942,60,5,55,2
40944,51,3,48,2
40946,59,11,48,2
40947,50,5,45,2
40948,51,4,47,2
40949,63,7,56,2
40950,63,6,57,2
40951,47,8,39,2
40952,44,6,38,2
40953,46,10,36,2
40954,47,4,43,2
40955,56,10,46,2
40956,62,6,56,2
40957,48,4,44,2
40958,48,4,44,2
40959,58,6,52,2
40960,61,5,56,2
40961,55,5,50,2
40962,50,9,41,2
40964,53,4,49,2
40965,42,10,32,2
40966,56,4,52,2
40967,46,3,43,2
40968,59,7,52,2
40969,53,7,46,2
40970,59,7,52,2
40971,51,6,45,2
40973,55,7,48,2
40974,54,7,47,2
40975,55,7,48,2
40976,47,1,46,2
40977,50,5,45,2
40978,64,8,56,2
40980,46,2,44,2
40981,45,8,37,2
40982,60,7,53,2
40983,49,5,44,2
40984,50,7,43,2
40985,46,4,42,2
40986,59,6,53,2
40987,47,9,38,2
40988,67,7,60,2
40989,54,13,41,2
40990,58,11,47,2
40991,47,4,43,2
40993,50,7,43,2
40994,76,11,65,2
40996,52,12,40,2
40997,53,4,49,2
40998,63,8,55,2
40999,45,6,39,2
41000,112,91,21,2
41001,49,6,43,2
41002,54,11,43,2
41003,51,9,42,2
41004,65,8,57,2
41005,51,5,46,2
41006,47,0,47,1
41007,46,6,40,2
41008,55,9,46,2
41009,48,5,43,2
41010,66,5,61,2
41011,55,8,47,2
41012,50,10,40,2
41013,49,6,43,2
41014,67,7,60,2
41015,63,13,50,2
41016,57,5,52,2
41017,60,7,53,2
41018,57,9,48,2
41019,69,7,62,2
41020,55,8,47,2
41021,49,5,44,2
41022,47,6,41,2
41023,56,8,48,2
41024,57,6,51,2
41025,60,5,55,2
41026,48,5,43,2
41027,42,3,39,2
41028,56,9,47,2
41029,63,9,54,2
41030,55,9,46,2
41031,57,13,44,2
41032,57,6,51,2
41033,55,6,49,2
41034,56,7,49,2
41035,51,6,45,2
41036,41,7,34,2
41037,45,2,43,2
41038,61,10,51,2
41039,48,4,44,2
41040,52,9,43,2
41041,58,6,52,2
41042,52,9,43,2
41043,62,5,57,2
41044,52,6,46,2
41045,62,6,56,2
41046,48,4,44,2
41047,52,9,43,2
41048,67,6,61,2
41049,34,4,30,2
41050,64,12,52,2
41051,58,9,49,2
41052,52,6,46,2
41053,51,6,45,2
41054,62,5,57,2
41055,62,6,56,2
41056,36,3,33,2
41057,50,5,45,2
41058,53,7,46,2
41059,45,3,42,2
41060,48,4,44,2
41061,53,8,45,2
41063,34,5,29,2
41064,57,10,47,2
41065,54,6,48,2
41066,59,6,53,2
41067,47,8,39,2
41068,57,6,51,2
41069,46,5,41,2
41070,48,9,39,2
41071,49,4,45,2
41072,42,3,39,2
41073,53,7,46,2
41074,46,9,37,2
41076,72,9,63,2
41077,58,6,52,2
41079,54,9,45,2
41080,51,8,43,2
41081,48,7,41,2
41082,49,3,46,2
41083,67,8,59,2
41084,46,6,40,2
41085,50,3,47,2
41086,44,7,37,2
41087,51,8,43,2
41088,61,7,54,2
41089,46,10,36,2
41090,41,2,39,2
41091,53,8,45,2
41092,45,2,43,2
41093,56,8,48,2
41094,63,6,57,2
41095,54,3,51,2
41096,53,7,46,2
41097,52,7,45,2
41098,67,6,61,2
41099,54,6,48,2
41100,48,6,42,2
41101,43,1,42,2
41102,50,7,43,2
41103,44,4,40,2
41104,4,2,2,2
41105,54,8,46,2
41106,51,6,45,2
41107,62,6,56,2
41108,72,6,66,2
41109,48,0,48,1
41110,4,0,4,1
41111,56,7,49,2
41112,54,6,48,2
41114,38,4,34,2
41115,58,7,51,2
41116,61,11,50,2
41117,44,7,37,2
41118,54,4,50,2
41119,59,9,50,2
41120,59,7,52,2
41121,47,7,40,2
41122,48,12,36,2
41123,45,5,40,2
41124,55,4,51,2
41127,46,6,40,2
41128,64,3,61,2
41129,68,7,61,2
41130,62,12,50,2
41131,61,6,55,2
41132,51,6,45,2
41133,51,8,43,2
41134,55,5,50,2
41135,65,11,54,2
41136,54,1,53,2
41137,49,5,44,2
41138,64,15,49,2
41139,52,5,47,2
41140,59,7,52,2
41141,38,6,32,2
41142,56,8,48,2
41143,53,2,51,2
41144,46,5,41,2
41145,65,4,61,2
41146,61,13,48,2
41147,47,4,43,2
41148,66,7,59,2
41149,51,3,48,2
41151,54,11,43,2
41152,53,7,46,2
41153,132,0,132,1
41154,65,8,57,2
41155,39,8,31,2
41156,57,4,53,2
41157,58,6,52,2
41158,71,9,62,2
41159,48,6,42,2
41160,54,8,46,2
41161,54,5,49,2
41162,57,5,52,2
41163,42,1,41,2
41164,53,5,48,2
41165,53,4,49,2
41166,53,8,45,2
41167,49,7,42,2
41168,60,6,54,2
41169,43,4,39,2
41170,47,6,41,2
41171,63,7,56,2
41172,55,4,51,2
41173,54,6,48,2
41174,52,7,45,2
41175,50,7,43,2
41176,58,7,51,2
41177,52,5,47,2
41178,48,6,42,2
41179,42,4,38,2
41180,57,13,44,2
41181,48,4,44,2
41182,65,10,55,2
41183,52,9,43,2
41184,59,6,53,2
41185,1,1,0,1
41186,61,8,53,2
41187,58,5,53,2
41188,60,6,54,2
41189,59,5,54,2
41191,46,7,39,2
41192,40,7,33,2
41193,56,10,46,2
41194,45,6,39,2
41195,51,7,44,2
41196,39,3,36,2
41197,49,10,39,2
41198,48,7,41,2
41199,63,9,54,2
41200,62,7,55,2
41201,52,7,45,2
41202,43,4,39,2
41203,47,2,45,2
41204,60,6,54,2
41205,55,3,52,2
41206,60,14,46,2
41207,57,3,54,2
41208,50,4,46,2
41209,60,9,51,2
41210,76,4,72,2
41211,48,3,45,2
41212,52,7,45,2
41213,4,0,4,1
41214,59,2,57,2
41215,44,7,37,2
41216,53,6,47,2
41217,66,9,57,2
41218,53,6,47,2
41219,52,9,43,2
41220,45,4,41,2
41221,51,7,44,2
41222,61,5,56,2
41223,58,8,50,2
41224,52,2,50,2
41225,56,4,52,2
41226,55,5,50,2
41227,45,2,43,2
41228,56,9,47,2
41229,46,3,43,2
41230,56,3,53,2
41231,59,8,51,2
41232,68,11,57,2
41233,60,6,54,2
41234,54,4,50,2
41235,72,7,65,2
41236,55,8,47,2
41237,52,6,46,2
41238,63,5,58,2
41239,56,4,52,2
41240,44,5,39,2
41241,53,8,45,2
41242,51,10,41,2
41243,36,3,33,2
41244,69,6,63,2
41245,48,6,42,2
41246,62,9,53,2
41248,54,5,49,2
41249,58,5,53,2
41250,45,7,38,2
41251,47,4,43,2
41252,70,9,61,2
41253,62,7,55,2
41254,59,5,54,2
41255,59,3,56,2
41256,56,8,48,2
41257,49,5,44,2
41258,59,8,51,2
41259,60,11,49,2
41260,61,8,53,2
41261,42,4,38,2
41262,44,9,35,2
41264,58,9,49,2
41265,53,4,49,2
41266,54,9,45,2
41267,59,8,51,2
41268,58,8,50,2
41269,43,10,33,2
41270,53,3,50,2
41271,65,8,57,2
41272,55,6,49,2
41273,56,6,50,2
41274,51,6,45,2
41275,62,5,57,2
41276,54,7,47,2
41277,49,4,45,2
41278,52,10,42,2
41279,53,4,49,2
41280,57,6,51,2
41281,55,7,48,2
41282,50,8,42,2
41283,45,5,40,2
41284,48,3,45,2
41285,46,4,42,2
41286,38,4,34,2
41287,45,6,39,2
41288,69,9,60,2
41289,8,1,7,2
41290,45,8,37,2
41291,55,4,51,2
41292,42,5,37,2
41293,42,3,39,2
41294,56,9,47,2
41295,42,5,37,2
41296,59,6,53,2
41297,53,10,43,2
41298,56,8,48,2
41299,65,7,58,2
41300,42,4,38,2
41301,53,5,48,2
41302,58,5,53,2
41303,55,6,49,2
41304,57,5,52,2
41305,54,12,42,2
41306,55,6,49,2
41307,26,0,26,1
41308,45,5,40,2
41309,62,7,55,2
41310,50,4,46,2
41311,62,7,55,2
41312,54,7,47,2
41313,61,5,56,2
41314,42,7,35,2
41315,52,5,47,2
41316,51,5,46,2
41317,52,7,45,2
41318,51,5,46,2
41319,69,7,62,2
41320,41,5,36,2
41321,42,5,37,2
41322,43,8,35,2
41323,63,8,55,2
41324,38,5,33,2
41325,65,11,54,2
41326,51,5,46,2
41327,49,6,43,2
41328,60,8,52,2
41329,48,6,42,2
41330,42,11,31,2
41331,52,11,41,2
41332,48,9,39,2
41333,50,7,43,2
41334,45,5,40,2
41335,37,36,1,2
41336,59,11,48,2
41337,56,3,53,2
41338,69,9,60,2
41339,50,6,44,2
41340,50,5,45,2
41341,57,7,50,2
41342,46,7,39,2
41343,58,7,51,2
41344,43,5,38,2
41345,55,8,47,2
41346,56,5,51,2
41347,60,3,57,2
41348,52,4,48,2
41349,47,3,44,2
41350,45,3,42,2
41351,55,7,48,2
41352,51,2,49,2
41353,63,6,57,2
41354,45,4,41,2
41355,59,8,51,2
41356,66,8,58,2
41357,52,5,47,2
41358,61,1,60,2
41359,2,0,2,1
41360,54,7,47,2
41361,55,7,48,2
41362,61,7,54,2
41363,54,5,49,2
41364,69,8,61,2
41365,5,3,2,2
41366,58,3,55,2
41367,54,4,50,2
41369,47,6,41,2
41370,50,7,43,2
41371,55,5,50,2
41374,63,8,55,2
41375,48,5,43,2
41376,49,6,43,2
41377,54,7,47,2
41378,53,3,50,2
41379,63,7,56,2
41380,57,7,50,2
41381,53,2,51,2
41382,55,9,46,2
41383,52,8,44,2
41384,55,6,49,2
41385,61,7,54,2
41386,65,3,62,2
41387,50,8,42,2
41388,43,39,4,2
41389,11,4,7,2
41390,51,6,45,2
41391,47,6,41,2
41392,50,5,45,2
41393,2,0,2,1
41394,61,6,55,2
41395,56,9,47,2
41396,48,1,47,2
41397,56,5,51,2
41398,52,6,46,2
41399,69,11,58,2
41400,61,9,52,2
41401,49,4,45,2
41402,56,7,49,2
41403,65,9,56,2
41404,53,13,40,2
41405,54,7,47,2
41406,39,5,34,2
41407,59,5,54,2
41408,49,8,41,2
41409,55,6,49,2
41410,47,7,40,2
41411,59,7,52,2
41412,45,2,43,2
41413,59,8,51,2
41414,51,7,44,2
41415,61,6,55,2
41416,58,7,51,2
41417,49,6,43,2
41418,54,2,52,2
41419,68,6,62,2
41420,52,9,43,2
41421,57,5,52,2
41422,59,6,53,2
41423,64,9,55,2
41424,62,7,55,2
41425,55,8,47,2
41426,42,5,37,2
41427,46,6,40,2
41428,50,11,39,2
41429,59,4,55,2
41430,66,9,57,2
41431,48,6,42,2
41432,46,5,41,2
41433,66,2,64,2
41434,44,3,41,2
41435,37,4,33,2
41436,54,5,49,2
41437,45,6,39,2
41438,47,3,44,2
41439,57,6,51,2
41440,51,7,44,2
41441,57,8,49,2
41442,44,7,37,2
41443,56,9,47,2
41444,70,13,57,2
41445,128,117,11,2
41446,52,11,41,2
41447,46,9,37,2
41450,4,4,0,1
41451,54,4,50,2
41452,52,7,45,2
41453,62,10,52,2
41454,70,10,60,2
41455,71,9,62,2
41456,52,5,47,2
41457,50,2,48,2
41458,56,9,47,2
41459,52,4,48,2
41460,47,6,41,2
41461,51,4,47,2
41462,47,6,41,2
41463,55,9,46,2
41464,52,2,50,2
41465,53,5,48,2
41466,48,10,38,2
41467,53,5,48,2
41468,59,5,54,2
41469,55,13,42,2
41470,49,6,43,2
41471,49,3,46,2
41472,70,9,61,2
41473,55,7,48,2
41474,54,6,48,2
41475,59,6,53,2
41476,13,7,6,2
41477,50,7,43,2
41478,68,6,62,2
41479,61,8,53,2
41480,54,8,46,2
41481,52,6,46,2
41482,59,10,49,2
41483,49,3,46,2
41484,62,13,49,2
41485,43,4,39,2
41486,65,10,55,2
41487,50,3,47,2
41488,61,9,52,2
41489,53,5,48,2
41490,62,4,58,2
41491,64,7,57,2
41492,63,5,58,2
41493,59,8,51,2
41494,59,11,48,2
41495,60,8,52,2
41496,59,7,52,2
41498,73,6,67,2
41499,43,6,37,2
41500,54,8,46,2
41501,56,7,49,2
41502,66,4,62,2
41503,49,10,39,2
41504,59,7,52,2
41505,50,8,42,2
41506,44,8,36,2
41507,63,10,53,2
41508,58,7,51,2
41509,59,9,50,2
41510,48,5,43,2
41511,44,4,40,2
41512,45,2,43,2
41513,53,11,42,2
41514,51,6,45,2
41515,43,4,39,2
41516,47,7,40,2
41517,41,5,36,2
41518,66,8,58,2
41519,57,4,53,2
41520,43,8,35,2
41521,57,7,50,2
41522,53,6,47,2
41523,52,5,47,2
41524,61,6,55,2
41525,273,270,3,2
41526,42,4,38,2
41527,55,2,53,2
41528,63,8,55,2
41529,50,4,46,2
41530,57,5,52,2
41531,48,9,39,2
41532,52,7,45,2
41533,55,4,51,2
41534,57,14,43,2
41535,57,4,53,2
41536,54,6,48,2
41537,46,6,40,2
41539,54,8,46,2
41540,48,5,43,2
41541,51,7,44,2
41542,45,4,41,2
41543,65,11,54,2
41544,39,38,1,2
41545,68,10,58,2
41546,42,4,38,2
41547,64,7,57,2
41548,59,5,54,2
41549,39,3,36,2
41550,64,8,56,2
41551,58,9,49,2
41552,51,9,42,2
41553,41,5,36,2
41554,63,6,57,2
41555,60,8,52,2
41556,68,7,61,2
41557,65,7,58,2
41558,53,7,46,2
41559,57,10,47,2
41560,46,5,41,2
41561,57,9,48,2
41562,54,10,44,2
41564,55,6,49,2
41565,55,5,50,2
41566,59,10,49,2
41567,42,6,36,2
41568,63,8,55,2
41569,55,6,49,2
41570,46,4,42,2
41571,49,5,44,2
41573,47,7,40,2
41574,48,3,45,2
41575,51,8,43,2
41576,60,5,55,2
41577,56,8,48,2
41578,41,4,37,2
41579,3,3,0,1
41580,54,5,49,2
41581,59,6,53,2
41582,55,3,52,2
41583,54,9,45,2
41584,14,10,4,2
41585,53,13,40,2
41586,49,5,44,2
41587,59,9,50,2
41588,56,5,51,2
41589,54,6,48,2
41590,56,10,46,2
41591,64,8,56,2
41592,52,4,48,2
41593,54,5,49,2
41594,53,8,45,2
41595,51,5,46,2
41596,46,4,42,2
41597,56,4,52,2
41598,53,5,48,2
41599,61,8,53,2
41600,61,11,50,2
41601,58,11,47,2
41602,51,9,42,2
41603,46,4,42,2
41604,54,9,45,2
41605,51,8,43,2
41606,60,4,56,2
41607,69,10,59,2
41608,58,4,54,2
41609,54,8,46,2
41610,50,5,45,2
41611,53,4,49,2
41612,50,6,44,2
41613,67,9,58,2
41614,71,14,57,2
41615,59,6,53,2
41616,49,3,46,2
41617,57,6,51,2
41618,48,9,39,2
41619,67,12,55,2
41620,48,4,44,2
41621,55,10,45,2
41622,59,8,51,2
41623,54,5,49,2
41624,78,7,71,2
41625,59,10,49,2
41626,70,8,62,2
41627,48,5,43,2
41628,57,7,50,2
41629,57,5,52,2
41630,49,7,42,2
41631,67,6,61,2
41632,63,10,53,2
41633,52,7,45,2
41634,1,0,1,1
41635,47,7,40,2
41636,50,5,45,2
41638,48,5,43,2
41639,47,9,38,2
41640,52,6,46,2
41641,53,6,47,2
41642,51,3,48,2
41643,7,3,4,2
41644,43,7,36,2
41645,56,5,51,2
41646,46,6,40,2
41647,56,6,50,2
41648,51,7,44,2
41649,59,7,52,2
41650,50,8,42,2
41651,60,5,55,2
41652,49,4,45,2
41653,43,6,37,2
41654,57,10,47,2
41655,63,6,57,2
41656,71,6,65,2
41657,52,4,48,2
41658,56,7,49,2
41659,45,4,41,2
41660,53,4,49,2
41662,35,3,32,2
41663,51,5,46,2
41664,55,3,52,2
41665,39,4,35,2
41666,56,3,53,2
41667,48,11,37,2
41668,44,6,38,2
41669,53,6,47,2
41670,56,5,51,2
41671,58,9,49,2
41672,56,5,51,2
41673,49,6,43,2
41674,65,8,57,2
41675,53,9,44,2
41676,52,8,44,2
41677,53,9,44,2
41678,48,1,47,2
41679,64,6,58,2
41680,45,6,39,2
41681,60,6,54,2
41683,53,8,45,2
41684,58,10,48,2
41685,47,0,47,1
41686,45,1,44,2
41687,64,8,56,2
41688,53,6,47,2
41689,69,6,63,2
41690,53,7,46,2
41691,2,2,0,1
41692,59,6,53,2
41693,56,2,54,2
41694,60,4,56,2
41695,64,9,55,2
41696,45,6,39,2
41697,57,8,49,2
41698,56,5,51,2
41699,68,11,57,2
41700,47,6,41,2
41701,54,6,48,2
41702,38,4,34,2
41703,52,2,50,2
41704,49,3,46,2
41705,49,6,43,2
41706,50,10,40,2
41707,54,9,45,2
41708,39,4,35,2
41709,52,9,43,2
41710,61,9,52,2
41711,52,8,44,2
41712,58,7,51,2
41714,57,7,50,2
41715,57,2,55,2
41716,48,6,42,2
41717,46,3,43,2
41718,55,8,47,2
41719,61,9,52,2
41720,59,7,52,2
41721,57,9,48,2
41722,57,11,46,2
41723,53,6,47,2
41724,62,6,56,2
41725,62,9,53,2
41726,69,11,58,2
41727,53,7,46,2
41728,52,5,47,2
41729,67,11,56,2
41730,59,7,52,2
41731,46,4,42,2
41732,56,5,51,2
41733,68,5,63,2
41734,46,3,43,2
41735,57,4,53,2
41736,52,5,47,2
41737,60,5,55,2
41738,55,6,49,2
41739,58,10,48,2
41740,62,8,54,2
41741,44,4,40,2
41742,57,10,47,2
41743,49,6,43,2
41744,47,5,42,2
41745,46,3,43,2
41746,57,12,45,2
41747,47,6,41,2
41748,53,10,43,2
41749,74,9,65,2
41750,57,4,53,2
41751,45,4,41,2
41752,49,4,45,2
41753,75,6,69,2
41754,53,8,45,2
41755,53,3,50,2
41756,55,5,50,2
41757,45,9,36,2
41758,63,9,54,2
41759,39,5,34,2
41760,51,6,45,2
41761,45,4,41,2
41763,59,8,51,2
41764,57,7,50,2
41765,39,6,33,2
41766,47,5,42,2
41767,58,9,49,2
41768,56,6,50,2
41769,44,10,34,2
41770,52,6,46,2
41771,59,5,54,2
41772,61,5,56,2
41773,46,5,41,2
41774,45,8,37,2
41775,51,4,47,2
41776,62,13,49,2
41777,39,5,34,2
41778,69,9,60,2
41779,43,6,37,2
41780,49,5,44,2
41781,58,5,53,2
41782,54,7,47,2
41783,42,7,35,2
41784,61,7,54,2
41785,48,5,43,2
41786,50,4,46,2
41787,51,9,42,2
41788,61,4,57,2
41789,58,9,49,2
41790,51,8,43,2
41791,55,9,46,2
41792,45,5,40,2
41793,50,9,41,2
41794,68,9,59,2
41795,56,3,53,2
41796,51,11,40,2
41797,61,11,50,2
41798,53,5,48,2
41799,53,5,48,2
41800,56,11,45,2
41801,50,7,43,2
41802,60,8,52,2
41803,40,2,38,2
41804,48,10,38,2
41805,45,5,40,2
41806,53,6,47,2
41807,45,1,44,2
41808,48,5,43,2
41810,47,7,40,2
41811,46,6,40,2
41812,62,7,55,2
41813,66,2,64,2
41814,56,9,47,2
41815,60,3,57,2
41817,51,4,47,2
41818,59,5,54,2
41819,59,4,55,2
41820,50,9,41,2
41822,47,4,43,2
41823,60,4,56,2
41824,60,11,49,2
41825,50,5,45,2
41826,71,6,65,2
41827,45,4,41,2
41828,53,10,43,2
41829,40,6,34,2
41830,58,4,54,2
41831,54,4,50,2
41832,69,12,57,2
41833,55,4,51,2
41834,54,9,45,2
41835,43,5,38,2
41836,3,2,1,2
41837,52,5,47,2
41838,56,4,52,2
41839,54,5,49,2
41840,68,11,57,2
41841,54,2,52,2
41842,60,8,52,2
41843,54,7,47,2
41844,45,6,39,2
41845,59,6,53,2
41846,68,8,60,2
41847,62,6,56,2
41848,52,7,45,2
41849,52,8,44,2
41850,59,10,49,2
41851,61,4,57,2
41852,54,9,45,2
41853,54,3,51,2
41854,65,6,59,2
41855,60,10,50,2
41856,61,7,54,2
41857,60,12,48,2
41858,56,5,51,2
41860,60,5,55,2
41861,56,8,48,2
41862,63,7,56,2
41863,55,4,51,2
41864,65,7,58,2
41865,45,7,38,2
41866,54,8,46,2
41867,48,5,43,2
41868,62,6,56,2
41870,53,9,44,2
41871,40,3,37,2
41872,59,6,53,2
41873,44,5,39,2
41874,54,9,45,2
41875,43,8,35,2
41876,51,4,47,2
41877,54,8,46,2
41878,58,4,54,2
41879,54,6,48,2
41880,51,8,43,2
41881,60,7,53,2
41882,14,0,14,1
41883,49,8,41,2
41884,63,8,55,2
41885,66,6,60,2
41886,50,6,44,2
41887,58,6,52,2
41889,52,6,46,2
41890,43,6,37,2
41891,58,6,52,2
41892,51,9,42,2
41893,64,11,53,2
41894,51,7,44,2
41895,55,4,51,2
41896,56,4,52,2
41897,48,4,44,2
41898,74,8,66,2
41899,70,6,64,2
41900,66,6,60,2
41901,44,6,38,2
41902,11,4,7,2
41903,52,4,48,2
41904,56,7,49,2
41905,4,0,4,1
41906,57,3,54,2
41907,57,6,51,2
41908,61,6,55,2
41909,46,7,39,2
41910,57,6,51,2
41911,53,7,46,2
41912,59,8,51,2
41913,38,5,33,2
41914,55,4,51,2
41915,57,7,50,2
41916,55,4,51,2
41917,56,5,51,2
41918,54,5,49,2
41919,71,9,62,2
41920,47,6,41,2
41921,53,5,48,2
41922,54,5,49,2
41923,63,5,58,2
41924,62,6,56,2
41925,54,5,49,2
41926,63,7,56,2
41927,56,4,52,2
41928,46,6,40,2
41929,71,10,61,2
41930,45,4,41,2
41931,58,5,53,2
41932,63,5,58,2
41933,47,8,39,2
41934,49,6,43,2
41935,67,10,57,2
41936,42,3,39,2
41937,54,6,48,2
41938,57,9,48,2
41939,53,7,46,2
41940,46,8,38,2
41941,42,6,36,2
41942,51,3,48,2
41943,40,8,32,2
41944,55,7,48,2
41946,64,8,56,2
41947,58,8,50,2
41948,56,7,49,2
41949,66,5,61,2
41950,44,3,41,2
41951,70,5,65,2
41952,67,12,55,2
41953,52,6,46,2
41954,53,7,46,2
41955,71,8,63,2
41956,57,5,52,2
41957,47,6,41,2
41958,50,7,43,2
41959,63,6,57,2
41960,54,5,49,2
41961,64,12,52,2
41962,59,5,54,2
41963,59,6,53,2
41964,64,8,56,2
41965,44,2,42,2
41966,46,8,38,2
41967,49,5,44,2
41968,52,9,43,2
41969,63,6,57,2
41970,46,5,41,2
41971,43,6,37,2
41972,40,3,37,2
41973,67,12,55,2
41974,52,6,46,2
41975,49,3,46,2
41976,45,5,40,2
41978,63,10,53,2
41979,49,11,38,2
41980,56,8,48,2
41981,3,3,0,1
41982,53,7,46,2
41983,49,5,44,2
41984,59,9,50,2
41985,55,5,50,2
41987,70,11,59,2
41988,61,5,56,2
41989,54,6,48,2
41990,44,3,41,2
41991,58,7,51,2
41992,52,2,50,2
41993,44,7,37,2
41994,55,5,50,2
41995,48,7,41,2
41996,53,8,45,2
41997,67,11,56,2
41998,71,9,62,2
41999,44,7,37,2
42001,47,4,43,2
42002,55,7,48,2
42003,64,10,54,2
42004,54,6,48,2
42005,73,14,59,2
42006,43,1,42,2
42007,50,8,42,2
42008,63,6,57,2
42009,50,5,45,2
42010,58,3,55,2
42011,53,4,49,2
42012,51,5,46,2
42013,43,3,40,2
42014,58,5,53,2
42015,50,7,43,2
42016,51,8,43,2
42017,52,5,47,2
42018,47,5,42,2
42019,58,8,50,2
42020,54,6,48,2
42021,62,8,54,2
42022,44,7,37,2
42023,66,5,61,2
42024,59,6,53,2
42025,49,5,44,2
42026,47,6,41,2
42027,66,5,61,2
42028,46,3,43,2
42029,59,11,48,2
42030,67,13,54,2
42031,44,8,36,2
42032,68,12,56,2
42033,56,5,51,2
42034,49,5,44,2
42035,47,9,38,2
42036,65,12,53,2
42037,55,9,46,2
42039,47,10,37,2
42041,48,3,45,2
42042,53,7,46,2
42043,53,2,51,2
42044,50,4,46,2
42045,53,6,47,2
42046,64,6,58,2
42047,53,5,48,2
42048,56,4,52,2
42049,43,8,35,2
42050,48,5,43,2
42051,50,8,42,2
42053,12,4,8,2
42054,4,2,2,2
42055,53,4,49,2
42056,52,6,46,2
42057,46,2,44,2
42058,53,5,48,2
42059,172,171,1,2
42060,39,6,33,2
42061,54,4,50,2
42062,54,6,48,2
42063,44,8,36,2
42064,54,9,45,2
42065,50,5,45,2
42066,48,8,40,2
42067,52,7,45,2
42068,55,7,48,2
42069,43,3,40,2
42070,53,5,48,2
42071,62,5,57,2
42072,62,12,50,2
42073,71,13,58,2
42074,54,10,44,2
42075,66,7,59,2
42076,60,7,53,2
42078,56,1,55,2
42079,48,3,45,2
42080,50,6,44,2
42081,62,7,55,2
42082,51,4,47,2
42083,40,2,38,2
42084,52,7,45,2
42085,59,7,52,2
42086,52,7,45,2
42088,51,7,44,2
42089,50,3,47,2
42090,54,8,46,2
42091,60,6,54,2
42092,59,10,49,2
42093,55,4,51,2
42094,60,13,47,2
42095,59,8,51,2
42096,61,5,56,2
42097,61,8,53,2
42098,54,4,50,2
42099,60,9,51,2
42100,52,9,43,2
42101,51,5,46,2
42103,52,6,46,2
42104,58,6,52,2
42105,42,7,35,2
42106,56,6,50,2
42107,51,11,40,2
42108,43,10,33,2
42109,62,3,59,2
42110,51,13,38,2
42111,59,7,52,2
42112,58,7,51,2
42113,49,5,44,2
42114,58,3,55,2
42115,56,6,50,2
42116,58,5,53,2
42117,57,8,49,2
42118,53,4,49,2
42119,53,12,41,2
42120,44,6,38,2
42121,50,4,46,2
42122,57,10,47,2
42123,54,6,48,2
42124,88,81,7,2
42125,47,9,38,2
42126,68,6,62,2
42127,65,7,58,2
42128,64,11,53,2
42129,59,6,53,2
42130,56,11,45,2
42132,62,8,54,2
42133,56,4,52,2
42134,54,7,47,2
42135,51,3,48,2
42137,69,7,62,2
42140,61,9,52,2
42141,69,4,65,2
42142,61,8,53,2
42143,53,3,50,2
42145,64,7,57,2
42146,58,7,51,2
42147,45,10,35,2
42148,72,9,63,2
42149,50,3,47,2
42151,44,5,39,2
42152,52,5,47,2
42153,58,10,48,2
42154,57,5,52,2
42155,55,7,48,2
42156,55,10,45,2
42157,43,8,35,2
42158,54,3,51,2
42159,54,5,49,2
42160,53,5,48,2
42161,67,6,61,2
42162,64,12,52,2
42163,49,6,43,2
42164,73,6,67,2
42165,56,9,47,2
42166,71,11,60,2
42167,50,4,46,2
42168,59,10,49,2
42169,47,4,43,2
42170,45,4,41,2
42171,51,4,47,2
42172,53,9,44,2
42173,76,9,67,2
42174,59,6,53,2
42175,58,10,48,2
42176,49,5,44,2
42177,51,3,48,2
42178,51,3,48,2
42179,2,2,0,1
42180,61,5,56,2
42182,69,12,57,2
42183,58,6,52,2
42184,67,11,56,2
42185,69,9,60,2
42186,55,11,44,2
42187,75,7,68,2
42188,55,5,50,2
42189,44,2,42,2
42190,61,9,52,2
42191,46,4,42,2
42192,47,5,42,2
42193,53,5,48,2
42194,62,10,52,2
42195,52,9,43,2
42197,54,5,49,2
42198,44,4,40,2
42199,55,5,50,2
42200,55,3,52,2
42201,54,6,48,2
42202,45,6,39,2
42203,61,7,54,2
42204,49,6,43,2
42205,48,7,41,2
42206,57,5,52,2
42208,57,6,51,2
42209,62,9,53,2
42210,50,6,44,2
42211,40,3,37,2
42212,59,5,54,2
42213,60,8,52,2
42214,43,5,38,2
42215,60,4,56,2
42216,22,22,0,1
42217,62,7,55,2
42218,52,5,47,2
42219,54,11,43,2
42220,57,10,47,2
42221,46,10,36,2
42222,42,2,40,2
42223,47,4,43,2
42224,52,6,46,2
42225,43,3,40,2
42226,48,3,45,2
42227,58,10,48,2
42228,47,3,44,2
42229,1,1,0,1
42230,38,5,33,2
42231,57,9,48,2
42232,50,5,45,2
42233,60,7,53,2
42234,61,9,52,2
42235,49,7,42,2
42236,45,4,41,2
42238,64,10,54,2
42239,57,9,48,2
42240,48,4,44,2
42241,49,6,43,2
42242,52,5,47,2
42243,67,10,57,2
42244,67,10,57,2
42245,53,9,44,2
42246,45,2,43,2
42247,51,6,45,2
42248,58,6,52,2
42249,50,4,46,2
42250,55,7,48,2
42251,46,7,39,2
42252,55,7,48,2
42253,50,7,43,2
42254,56,10,46,2
42255,55,9,46,2
42256,55,6,49,2
42257,52,4,48,2
42258,65,7,58,2
42259,67,6,61,2
42260,44,0,44,1
42261,53,7,46,2
42262,59,7,52,2
42263,67,6,61,2
42264,55,5,50,2
42265,57,4,53,2
42266,54,8,46,2
42267,58,13,45,2
42268,70,12,58,2
42269,44,5,39,2
42270,46,5,41,2
42271,62,11,51,2
42272,57,4,53,2
42273,58,5,53,2
42274,62,6,56,2
42275,45,5,40,2
42276,56,8,48,2
42277,71,7,64,2
42278,55,5,50,2
42280,49,6,43,2
42281,44,4,40,2
42283,42,4,38,2
42284,52,5,47,2
42285,51,7,44,2
42286,48,7,41,2
42288,54,3,51,2
42289,55,9,46,2
42290,65,8,57,2
42291,53,6,47,2
42292,50,7,43,2
42293,46,6,40,2
42294,53,8,45,2
42295,50,8,42,2
42296,48,5,43,2
42297,43,6,37,2
42298,61,4,57,2
42299,46,6,40,2
42300,61,7,54,2
42301,51,10,41,2
42302,47,8,39,2
42303,56,8,48,2
42304,48,5,43,2
42305,47,5,42,2
42306,53,4,49,2
42307,39,5,34,2
42308,67,10,57,2
42309,52,5,47,2
42310,53,8,45,2
42311,52,9,43,2
42312,51,6,45,2
42313,54,7,47,2
42314,57,5,52,2
42315,60,9,51,2
42316,39,3,36,2
42317,45,6,39,2
42318,44,6,38,2
42319,57,6,51,2
42320,56,8,48,2
42321,48,3,45,2
42322,59,10,49,2
42323,41,7,34,2
42324,46,6,40,2
42325,61,8,53,2
42326,62,3,59,2
42327,59,6,53,2
42328,57,6,51,2
42329,71,5,66,2
42330,49,7,42,2
42331,57,4,53,2
42332,57,10,47,2
42333,57,8,49,2
42334,54,9,45,2
42335,48,5,43,2
42336,59,7,52,2
42337,45,5,40,2
42338,52,6,46,2
42339,45,4,41,2
42340,53,1,52,2
42341,55,9,46,2
42342,59,9,50,2
42343,52,7,45,2
42344,59,11,48,2
42345,57,6,51,2
42346,50,5,45,2
42347,53,9,44,2
42348,55,3,52,2
42349,45,7,38,2
42350,47,3,44,2
42351,48,8,40,2
42352,61,10,51,2
42353,49,5,44,2
42354,52,3,49,2
42355,57,6,51,2
42356,52,9,43,2
42357,66,6,60,2
42358,45,3,42,2
42359,50,10,40,2
42361,56,9,47,2
42362,60,6,54,2
42363,54,3,51,2
42364,44,8,36,2
42365,62,5,57,2
42366,47,6,41,2
42367,55,5,50,2
42368,52,2,50,2
42369,56,12,44,2
42370,59,6,53,2
42371,47,5,42,2
42372,41,6,35,2
42373,48,7,41,2
42374,61,5,56,2
42375,53,6,47,2
42376,48,6,42,2
42377,55,6,49,2
42378,42,7,35,2
42379,61,4,57,2
42380,48,8,40,2
42381,60,7,53,2
42382,61,8,53,2
42383,51,3,48,2
42384,1,1,0,1
42385,63,6,57,2
42386,63,4,59,2
42388,56,11,45,2
42389,60,9,51,2
42390,50,5,45,2
42391,56,10,46,2
42392,71,9,62,2
42393,53,8,45,2
42394,60,4,56,2
42395,64,7,57,2
42396,56,7,49,2
42397,50,5,45,2
42398,39,3,36,2
42399,55,6,49,2
42400,65,5,60,2
42401,54,8,46,2
42402,51,5,46,2
42403,57,10,47,2
42404,67,8,59,2
42405,66,9,57,2
42406,53,1,52,2
42407,51,4,47,2
42408,53,9,44,2
42409,59,7,52,2
42410,62,6,56,2
42411,47,6,41,2
42412,43,10,33,2
42413,54,6,48,2
42414,50,5,45,2
42415,55,2,53,2
42416,49,6,43,2
42417,50,6,44,2
42418,58,5,53,2
42419,47,10,37,2
42420,54,5,49,2
42421,45,5,40,2
42422,47,5,42,2
42423,55,8,47,2
42424,71,8,63,2
42425,52,7,45,2
42426,71,7,64,2
42427,52,4,48,2
42429,59,8,51,2
42430,50,8,42,2
42431,59,11,48,2
42432,49,6,43,2
42433,64,6,58,2
42434,47,2,45,2
42435,58,11,47,2
42436,51,7,44,2
42437,66,7,59,2
42438,4,2,2,2
42439,55,10,45,2
42440,56,9,47,2
42441,61,6,55,2
42442,50,8,42,2
42443,54,4,50,2
42444,59,5,54,2
42445,72,9,63,2
42446,38,4,34,2
42448,53,8,45,2
42449,52,6,46,2
42450,61,6,55,2
42451,57,6,51,2
42452,66,6,60,2
42453,60,8,52,2
42454,59,11,48,2
42455,52,12,40,2
42456,44,4,40,2
42457,51,4,47,2
42458,50,7,43,2
42459,58,4,54,2
42460,42,1,41,2
42461,53,10,43,2
42462,58,3,55,2
42463,54,7,47,2
42464,62,9,53,2
42465,57,4,53,2
42466,39,26,13,2
42467,49,5,44,2
42468,58,9,49,2
42469,46,5,41,2
42470,54,7,47,2
42471,59,12,47,2
42473,47,9,38,2
42474,51,3,48,2
42475,41,9,32,2
42476,55,5,50,2
42477,49,9,40,2
42478,51,7,44,2
42479,52,7,45,2
42480,55,5,50,2
42481,34,3,31,2
42483,76,11,65,2
42484,58,4,54,2
42485,55,6,49,2
42486,49,9,40,2
42487,52,5,47,2
42488,58,5,53,2
42489,51,4,47,2
42491,43,5,38,2
42492,56,6,50,2
42493,67,5,62,2
42494,50,7,43,2
42495,55,7,48,2
42496,62,4,58,2
42497,58,3,55,2
42498,59,10,49,2
42499,79,3,76,2
42500,53,6,47,2
42501,70,11,59,2
42502,62,10,52,2
42503,62,8,54,2
42504,51,6,45,2
42505,50,10,40,2
42506,53,8,45,2
42507,59,5,54,2
42508,49,5,44,2
42509,62,8,54,2
42510,52,2,50,2
42511,45,5,40,2
42512,56,4,52,2
42513,61,6,55,2
42514,45,10,35,2
42515,72,8,64,2
42516,64,7,57,2
42517,39,4,35,2
42518,68,5,63,2
42519,51,4,47,2
42520,41,6,35,2
42521,45,4,41,2
42522,57,5,52,2
42523,56,11,45,2
42524,57,5,52,2
42525,51,12,39,2
42526,48,7,41,2
42527,53,6,47,2
42528,63,3,60,2
42529,52,4,48,2
42530,54,12,42,2
42531,58,10,48,2
42532,46,8,38,2
42533,50,5,45,2
42534,51,7,44,2
42535,52,6,46,2
42536,48,3,45,2
42537,59,4,55,2
42538,58,6,52,2
42539,62,12,50,2
42540,55,3,52,2
42541,54,7,47,2
42542,63,8,55,2
42544,47,6,41,2
42545,46,5,41,2
42546,49,6,43,2
42548,52,4,48,2
42549,66,8,58,2
42550,56,8,48,2
42551,59,10,49,2
42552,62,5,57,2
42553,59,3,56,2
42554,49,7,42,2
42555,60,6,54,2
42557,60,9,51,2
42558,50,6,44,2
42559,50,5,45,2
42560,58,8,50,2
42561,50,8,42,2
42562,60,9,51,2
42563,50,8,42,2
42564,55,6,49,2
42565,60,10,50,2
42566,53,4,49,2
42567,51,6,45,2
42568,52,0,52,1
42570,55,6,49,2
42571,55,9,46,2
42572,51,2,49,2
42573,58,14,44,2
42574,67,9,58,2
42575,50,8,42,2
42576,58,6,52,2
42577,50,8,42,2
42578,56,7,49,2
42579,50,5,45,2
42580,45,5,40,2
42581,47,8,39,2
42582,61,8,53,2
42584,51,5,46,2
42585,53,12,41,2
42586,47,2,45,2
42587,43,5,38,2
42588,63,16,47,2
42589,41,2,39,2
42590,56,3,53,2
42591,63,6,57,2
42592,56,6,50,2
42593,53,3,50,2
42594,58,14,44,2
42595,43,3,40,2
42596,53,7,46,2
42597,53,8,45,2
42598,52,6,46,2
42599,56,5,51,2
42600,54,2,52,2
42601,4,0,4,1
42602,47,7,40,2
42603,57,7,50,2
42604,50,6,44,2
42605,51,3,48,2
42606,58,9,49,2
42607,52,9,43,2
42608,62,4,58,2
42609,39,1,38,2
42610,55,10,45,2
42611,56,7,49,2
42612,36,4,32,2
42613,52,8,44,2
42614,53,9,44,2
42615,60,7,53,2
42616,66,11,55,2
42617,65,7,58,2
42618,52,6,46,2
42619,58,7,51,2
42620,58,10,48,2
42621,64,11,53,2
42622,49,5,44,2
42624,47,5,42,2
42625,58,6,52,2
42626,57,8,49,2
42627,47,2,45,2
42628,53,7,46,2
42630,58,6,52,2
42631,50,13,37,2
42632,58,7,51,2
42633,59,7,52,2
42634,57,5,52,2
42635,54,6,48,2
42636,3,1,2,2
42637,55,11,44,2
42638,65,11,54,2
42639,64,11,53,2
42640,55,5,50,2
42641,46,6,40,2
42643,68,7,61,2
42644,61,11,50,2
42645,46,5,41,2
42646,63,10,53,2
42647,49,3,46,2
42648,41,8,33,2
42649,60,6,54,2
42650,51,5,46,2
42651,47,2,45,2
42653,59,6,53,2
42654,70,6,64,2
42655,45,8,37,2
42656,55,7,48,2
42657,57,6,51,2
42658,55,9,46,2
42659,84,10,74,2
42660,53,5,48,2
42661,49,4,45,2
42662,67,7,60,2
42663,60,8,52,2
42664,53,4,49,2
42665,58,4,54,2
42666,45,4,41,2
42667,53,9,44,2
42668,52,3,49,2
42669,46,7,39,2
42670,56,8,48,2
42671,42,6,36,2
42672,48,4,44,2
42673,62,5,57,2
42675,52,8,44,2
42676,56,7,49,2
42677,64,9,55,2
42678,55,5,50,2
42680,65,5,60,2
42681,61,6,55,2
42682,51,6,45,2
42683,52,8,44,2
42684,56,5,51,2
42685,47,4,43,2
42686,70,6,64,2
42688,48,3,45,2
42689,59,9,50,2
42690,58,7,51,2
42691,50,3,47,2
42692,68,11,57,2
42693,66,4,62,2
42694,51,5,46,2
42696,63,6,57,2
42698,55,6,49,2
42700,71,7,64,2
42701,50,4,46,2
42702,59,9,50,2
42704,58,6,52,2
42706,57,7,50,2
42707,62,8,54,2
42708,49,8,41,2
42709,65,4,61,2
42711,70,11,59,2
42712,45,5,40,2
42713,67,2,65,2
42714,43,2,41,2
42715,62,6,56,2
42716,66,6,60,2
42717,67,12,55,2
42718,55,6,49,2
42719,66,10,56,2
42720,55,3,52,2
42721,57,8,49,2
42722,52,5,47,2
42724,42,4,38,2
42725,52,10,42,2
42726,45,5,40,2
42727,29,3,26,2
42728,49,8,41,2
42729,53,6,47,2
42730,44,6,38,2
42731,39,4,35,2
42732,51,4,47,2
42733,69,15,54,2
42734,65,4,61,2
42735,62,14,48,2
42736,68,8,60,2
42737,63,5,58,2
42739,52,8,44,2
42741,58,15,43,2
42742,62,10,52,2
42743,46,5,41,2
42744,48,9,39,2
42745,4,2,2,2
42746,77,8,69,2
42747,60,8,52,2
42749,56,6,50,2
42750,55,6,49,2
42751,55,4,51,2
42752,43,5,38,2
42753,59,5,54,2
42754,47,12,35,2
42755,51,6,45,2
42756,61,7,54,2
42757,42,6,36,2
42758,46,3,43,2
42759,55,7,48,2
42761,46,10,36,2
42762,47,2,45,2
42763,60,10,50,2
42764,56,4,52,2
42765,57,8,49,2
42766,43,11,32,2
42767,53,4,49,2
42768,53,8,45,2
42769,47,7,40,2
42770,53,11,42,2
42771,51,9,42,2
42772,60,4,56,2
42773,44,4,40,2
42774,57,3,54,2
42775,65,11,54,2
42776,64,8,56,2
42778,55,7,48,2
42779,47,4,43,2
42780,55,8,47,2
42781,62,7,55,2
42782,60,7,53,2
42783,62,9,53,2
42785,49,8,41,2
42786,52,5,47,2
42788,48,5,43,2
42789,57,11,46,2
42790,60,14,46,2
42791,61,4,57,2
42792,56,5,51,2
42793,64,7,57,2
42794,57,4,53,2
42795,57,10,47,2
42796,64,6,58,2
42798,62,4,58,2
42799,52,5,47,2
42800,55,7,48,2
42801,47,5,42,2
42802,49,5,44,2
42803,61,7,54,2
42804,51,3,48,2
42805,40,8,32,2
42806,73,7,66,2
42807,59,6,53,2
42808,51,8,43,2
42809,61,8,53,2
42811,40,7,33,2
42812,50,7,43,2
42813,56,7,49,2
42814,54,8,46,2
42815,70,11,59,2
42817,43,6,37,2
42818,50,3,47,2
42819,53,6,47,2
42820,65,10,55,2
42821,50,5,45,2
42822,46,5,41,2
42823,49,9,40,2
42824,67,1,66,2
42825,52,5,47,2
42826,59,6,53,2
42827,45,7,38,2
42828,50,3,47,2
42829,53,2,51,2
42830,60,7,53,2
42831,51,6,45,2
42832,54,6,48,2
42833,53,8,45,2
42834,46,8,38,2
42835,49,4,45,2
42836,42,5,37,2
42837,54,7,47,2
42838,46,2,44,2
42839,47,9,38,2
42840,43,7,36,2
42841,50,2,48,2
42842,47,9,38,2
42843,62,8,54,2
42844,48,2,46,2
42845,43,4,39,2
42846,45,2,43,2
42847,73,11,62,2
42848,61,6,55,2
42849,43,5,38,2
42850,48,9,39,2
42851,56,8,48,2
42852,59,7,52,2
42853,56,5,51,2
42854,64,8,56,2
42855,54,6,48,2
42856,56,5,51,2
42857,71,11,60,2
42858,51,2,49,2
42859,40,5,35,2
42860,64,8,56,2
42861,50,5,45,2
42862,1,0,1,1
42863,16,0,16,1
42864,51,5,46,2
42865,57,13,44,2
42866,56,5,51,2
42867,55,5,50,2
42868,62,5,57,2
42869,53,8,45,2
42870,53,7,46,2
42871,48,6,42,2
42872,54,11,43,2
42873,55,6,49,2
42874,55,3,52,2
42875,71,7,64,2
42876,64,2,62,2
42877,55,6,49,2
42878,42,6,36,2
42879,49,14,35,2
42880,47,5,42,2
42881,51,6,45,2
42882,58,7,51,2
42883,46,4,42,2
42884,52,6,46,2
42886,59,5,54,2
42887,62,13,49,2
42888,55,5,50,2
42889,56,4,52,2
42891,64,6,58,2
42892,58,8,50,2
42893,51,8,43,2
42894,50,3,47,2
42895,58,4,54,2
42896,2,1,1,2
42897,59,7,52,2
42898,55,7,48,2
42899,69,9,60,2
42900,65,6,59,2
42901,63,7,56,2
42902,61,6,55,2
42903,48,5,43,2
42904,69,6,63,2
42905,48,5,43,2
42906,57,5,52,2
42907,55,8,47,2
42908,57,4,53,2
42909,61,7,54,2
42910,56,4,52,2
42912,49,4,45,2
42914,47,4,43,2
42915,43,17,26,2
42916,48,6,42,2
42917,59,5,54,2
42918,48,7,41,2
42919,1,0,1,1
42920,1,1,0,1
42921,46,6,40,2
42922,50,5,45,2
42923,45,5,40,2
42924,55,5,50,2
42925,55,3,52,2
42926,10,10,0,1
42928,50,6,44,2
42929,53,7,46,2
42930,55,7,48,2
42931,53,6,47,2
42932,66,9,57,2
42933,43,6,37,2
42934,47,3,44,2
42935,59,7,52,2
42936,52,7,45,2
42937,58,4,54,2
42938,42,7,35,2
42939,55,7,48,2
42940,41,5,36,2
42941,40,1,39,2
42942,51,3,48,2
42943,54,5,49,2
42944,1,0,1,1
42945,52,6,46,2
42946,52,7,45,2
42947,56,10,46,2
42948,59,6,53,2
42949,53,9,44,2
42950,46,4,42,2
42951,64,9,55,2
42952,1,0,1,1
42953,49,7,42,2
42954,120,0,120,1
42955,43,4,39,2
42956,56,5,51,2
42957,5,5,0,1
42958,56,5,51,2
42959,50,4,46,2
42960,56,4,52,2
42961,45,5,40,2
42962,62,12,50,2
42963,72,62,10,2
42964,54,6,48,2
42965,50,5,45,2
42966,64,5,59,2
42967,7,6,1,2
42968,47,5,42,2
42970,34,0,34,1
42971,66,8,58,2
42972,41,9,32,2
42973,53,6,47,2
42974,56,11,45,2
42975,50,11,39,2
42976,1,0,1,1
42977,63,7,56,2
42978,53,4,49,2
42979,59,6,53,2
42980,66,8,58,2
42981,54,6,48,2
42982,61,7,54,2
42983,72,13,59,2
42984,49,7,42,2
42985,47,11,36,2
42986,62,4,58,2
42987,65,13,52,2
42988,47,6,41,2
42989,63,8,55,2
42990,48,8,40,2
42992,62,13,49,2
42993,43,9,34,2
42994,45,7,38,2
42995,49,7,42,2
42996,66,10,56,2
42997,55,7,48,2
42998,39,3,36,2
42999,54,8,46,2
43001,52,4,48,2
43002,55,9,46,2
43003,63,11,52,2
43004,58,5,53,2
43005,14,13,1,2
43006,62,11,51,2
43007,50,8,42,2
43008,60,5,55,2
43009,54,10,44,2
43010,56,5,51,2
43011,3,3,0,1
43012,53,4,49,2
43013,50,6,44,2
43014,50,6,44,2
43015,53,8,45,2
43016,47,4,43,2
43017,54,7,47,2
43018,61,8,53,2
43019,45,6,39,2
43020,50,5,45,2
43022,51,5,46,2
43023,54,9,45,2
43024,56,7,49,2
43025,64,9,55,2
43026,47,3,44,2
43027,47,6,41,2
43028,49,5,44,2
43030,38,4,34,2
43031,64,12,52,2
43033,1,0,1,1
43034,65,11,54,2
43035,47,6,41,2
43036,52,7,45,2
43037,55,5,50,2
43039,49,7,42,2
43040,55,10,45,2
43041,60,8,52,2
43042,69,13,56,2
43043,60,4,56,2
43044,60,6,54,2
43045,58,6,52,2
43046,56,7,49,2
43047,69,10,59,2
43048,51,6,45,2
43049,42,8,34,2
43050,65,7,58,2
43051,49,7,42,2
43052,65,8,57,2
43053,54,7,47,2
43054,64,6,58,2
43055,68,8,60,2
43056,63,5,58,2
43057,71,12,59,2
43058,52,9,43,2
43059,56,5,51,2
43060,56,5,51,2
43061,2,2,0,1
43062,60,4,56,2
43063,56,7,49,2
43064,60,7,53,2
43065,59,7,52,2
43066,45,11,34,2
43067,53,6,47,2
43068,56,7,49,2
43069,57,2,55,2
43070,1,0,1,1
43071,56,9,47,2
43072,68,9,59,2
43073,59,9,50,2
43074,52,9,43,2
43075,57,4,53,2
43076,65,5,60,2
43077,49,5,44,2
43078,55,7,48,2
43079,52,9,43,2
43080,59,11,48,2
43081,60,6,54,2
43082,52,8,44,2
43083,5,1,4,2
43084,60,7,53,2
43085,54,7,47,2
43086,22,12,10,2
43087,53,4,49,2
43088,1,0,1,1
43089,65,7,58,2
43090,67,6,61,2
43091,54,3,51,2
43092,40,4,36,2
43093,60,6,54,2
43094,39,5,34,2
43095,59,4,55,2
43096,66,8,58,2
43097,58,7,51,2
43099,53,5,48,2
43100,51,6,45,2
43101,674,673,1,2
43102,60,12,48,2
43103,69,7,62,2
43104,57,6,51,2
43105,7,7,0,1
43106,44,5,39,2
43107,55,2,53,2
43108,70,9,61,2
43109,50,4,46,2
43110,54,7,47,2
43111,43,9,34,2
43112,56,6,50,2
43113,47,6,41,2
43114,41,5,36,2
43115,43,5,38,2
43116,48,7,41,2
43120,54,5,49,2
43122,2,2,0,1
43123,62,62,0,1
43124,48,4,44,2
43125,50,10,40,2
43128,45,6,39,2
43129,77,75,2,2
43130,54,7,47,2
43131,37,6,31,2
43132,53,3,50,2
43133,49,8,41,2
43134,52,6,46,2
43135,60,5,55,2
43136,50,6,44,2
43137,44,3,41,2
43138,47,7,40,2
43140,57,5,52,2
43141,54,3,51,2
43142,49,10,39,2
43143,53,5,48,2
43145,48,5,43,2
43146,44,5,39,2
43147,50,7,43,2
43148,66,8,58,2
43149,58,8,50,2
43150,62,7,55,2
43151,52,4,48,2
43152,48,7,41,2
43153,64,7,57,2
43155,50,7,43,2
43156,1,0,1,1
43157,51,6,45,2
43158,55,2,53,2
43159,6,6,0,1
43160,48,3,45,2
43161,57,8,49,2
43162,53,7,46,2
43163,54,5,49,2
43164,52,8,44,2
43165,64,21,43,2
43166,52,7,45,2
43167,43,6,37,2
43168,44,2,42,2
43169,54,9,45,2
43170,1,1,0,1
43172,69,10,59,2
43173,51,5,46,2
43174,33,12,21,2
43175,44,5,39,2
43176,1,0,1,1
43177,59,7,52,2
43178,47,9,38,2
43179,36,6,30,2
43181,50,3,47,2
43183,54,8,46,2
43184,57,8,49,2
43185,49,3,46,2
43186,1,0,1,1
43187,50,3,47,2
43188,48,4,44,2
43189,65,11,54,2
43190,71,8,63,2
43191,50,8,42,2
43192,62,6,56,2
43193,27,27,0,1
43194,50,5,45,2
43195,55,3,52,2
43197,66,7,59,2
43198,57,10,47,2
43199,66,6,60,2
43200,64,9,55,2
43201,63,10,53,2
43202,67,11,56,2
43203,43,7,36,2
43204,44,3,41,2
43205,47,3,44,2
43206,64,9,55,2
43207,50,9,41,2
43208,55,7,48,2
43209,59,8,51,2
43210,57,5,52,2
43211,2,0,2,1
43212,56,7,49,2
43213,1,0,1,1
43214,60,5,55,2
43215,59,59,0,1
43216,28,25,3,2
43217,55,7,48,2
43218,5,5,0,1
43220,58,5,53,2
43221,2,1,1,2
43223,64,3,61,2
43224,54,4,50,2
43225,52,2,50,2
43226,63,7,56,2
43227,56,10,46,2
43229,47,6,41,2
43230,57,14,43,2
43231,66,11,55,2
43232,53,9,44,2
43233,68,7,61,2
43234,53,8,45,2
43236,67,13,54,2
43237,56,6,50,2
43238,48,4,44,2
43239,43,3,40,2
43240,52,10,42,2
43241,59,7,52,2
43242,58,8,50,2
43243,53,10,43,2
43244,44,9,35,2
43245,8,0,8,1
43246,50,7,43,2
43247,3,1,2,2
43248,49,3,46,2
43249,58,2,56,2
43250,63,7,56,2
43251,52,11,41,2
43252,51,6,45,2
43253,49,3,46,2
43254,53,9,44,2
43255,52,7,45,2
43256,61,9,52,2
43257,58,7,51,2
43258,45,2,43,2
43260,55,3,52,2
43261,49,6,43,2
43262,63,7,56,2
43264,4,2,2,2
43265,57,5,52,2
43266,65,12,53,2
43267,66,6,60,2
43268,67,4,63,2
43269,60,9,51,2
43270,55,6,49,2
43271,54,11,43,2
43272,2,1,1,2
43273,44,2,42,2
43274,48,10,38,2
43275,53,5,48,2
43276,59,10,49,2
43277,46,7,39,2
43278,48,6,42,2
43279,60,8,52,2
43280,61,12,49,2
43281,4,0,4,1
43282,51,50,1,2
43283,53,9,44,2
43284,54,5,49,2
43285,65,6,59,2
43286,56,5,51,2
43287,52,4,48,2
43288,43,8,35,2
43289,48,7,41,2
43290,1,1,0,1
43292,73,5,68,2
43294,41,6,35,2
43295,60,10,50,2
43296,56,4,52,2
43297,57,4,53,2
43298,62,8,54,2
43300,72,9,63,2
43301,53,8,45,2
43302,63,9,54,2
43303,58,6,52,2
43304,1,1,0,1
43305,73,8,65,2
43306,58,6,52,2
43307,50,2,48,2
43308,61,5,56,2
43309,77,8,69,2
43310,70,10,60,2
43311,49,4,45,2
43312,58,4,54,2
43313,52,6,46,2
43314,3,1,2,2
43315,54,8,46,2
43319,57,10,47,2
43320,66,9,57,2
43322,52,10,42,2
43323,50,4,46,2
43324,64,10,54,2
43325,61,9,52,2
43326,50,4,46,2
43327,45,8,37,2
43328,63,5,58,2
43329,2,1,1,2
43330,51,8,43,2
43331,55,6,49,2
43332,63,8,55,2
43333,68,4,64,2
43334,50,6,44,2
43335,61,9,52,2
43336,54,7,47,2
43337,64,11,53,2
43338,52,4,48,2
43339,58,4,54,2
43340,52,3,49,2
43341,55,4,51,2
43342,76,9,67,2
43343,41,3,38,2
43344,50,4,46,2
43345,49,8,41,2
43346,46,5,41,2
43348,60,9,51,2
43349,54,3,51,2
43350,53,4,49,2
43351,53,12,41,2
43352,52,7,45,2
43353,65,13,52,2
43354,61,4,57,2
43355,49,6,43,2
43356,51,8,43,2
43357,72,3,69,2
43358,1,1,0,1
43359,4,2,2,2
43361,6,0,6,1
43362,52,1,51,2
43363,53,4,49,2
43365,55,6,49,2
43366,43,6,37,2
43367,41,3,38,2
43368,61,9,52,2
43369,43,8,35,2
43370,49,9,40,2
43371,49,5,44,2
43372,59,5,54,2
43373,64,4,60,2
43374,52,10,42,2
43375,53,9,44,2
43376,12,12,0,1
43377,50,8,42,2
43378,49,12,37,2
43379,64,6,58,2
43380,66,7,59,2
43381,48,4,44,2
43382,60,7,53,2
43383,52,10,42,2
43384,47,5,42,2
43385,57,8,49,2
43386,46,8,38,2
43387,45,1,44,2
43388,45,9,36,2
43389,13,10,3,2
43390,67,5,62,2
43391,60,8,52,2
43392,61,8,53,2
43393,49,4,45,2
43394,50,5,45,2
43395,63,11,52,2
43396,39,4,35,2
43397,61,5,56,2
43398,51,4,47,2
43399,50,3,47,2
43400,57,8,49,2
43401,47,2,45,2
43402,46,7,39,2
43403,10,3,7,2
43404,411,411,0,1
43405,52,5,47,2
43406,53,10,43,2
43407,61,8,53,2
43408,52,3,49,2
43409,59,8,51,2
43410,54,9,45,2
43411,56,4,52,2
43412,59,8,51,2
43413,41,6,35,2
43414,46,5,41,2
43415,49,3,46,2
43416,1,0,1,1
43417,54,7,47,2
43418,21,21,0,1
43419,54,9,45,2
43420,56,5,51,2
43421,7,0,7,1
43422,34,4,30,2
43423,59,10,49,2
43426,51,9,42,2
43427,58,8,50,2
43428,59,6,53,2
43429,51,5,46,2
43430,58,10,48,2
43431,62,11,51,2
43432,58,6,52,2
43433,5,2,3,2
43434,59,9,50,2
43435,58,7,51,2
43436,60,9,51,2
43437,50,12,38,2
43438,67,8,59,2
43439,67,6,61,2
43440,1,0,1,1
43441,42,4,38,2
43442,56,3,53,2
43443,4,2,2,2
43444,59,9,50,2
43445,54,6,48,2
43446,48,12,36,2
43447,49,12,37,2
43448,54,11,43,2
43449,55,7,48,2
43450,61,7,54,2
43451,63,11,52,2
43452,63,3,60,2
43453,45,3,42,2
43454,49,32,17,2
43455,46,5,41,2
43456,51,9,42,2
43457,55,8,47,2
43458,52,4,48,2
43459,52,13,39,2
43460,46,5,41,2
43461,44,7,37,2
43462,51,1,50,2
43463,60,10,50,2
43464,57,8,49,2
43465,53,10,43,2
43466,49,4,45,2
43467,47,4,43,2
43468,1,0,1,1
43469,53,7,46,2
43470,52,8,44,2
43471,60,11,49,2
43472,57,9,48,2
43473,53,8,45,2
43474,48,4,44,2
43475,55,6,49,2
43476,49,4,45,2
43477,54,4,50,2
43478,47,7,40,2
43479,41,6,35,2
43480,51,5,46,2
43481,49,2,47,2
43482,64,10,54,2
43483,54,8,46,2
43484,63,7,56,2
43485,55,6,49,2
43486,58,10,48,2
43487,55,9,46,2
43488,59,5,54,2
43489,54,4,50,2
43490,59,10,49,2
43491,19,19,0,1
43494,51,4,47,2
43495,57,6,51,2
43496,63,9,54,2
43497,53,9,44,2
43498,60,7,53,2
43499,5,5,0,1
43501,56,3,53,2
43502,8,8,0,1
43503,1,0,1,1
43504,46,6,40,2
43505,51,6,45,2
43506,46,9,37,2
43507,57,4,53,2
43508,55,6,49,2
43509,63,11,52,2
43510,34,5,29,2
43512,50,7,43,2
43513,60,6,54,2
43514,61,10,51,2
43515,51,7,44,2
43516,13,13,0,1
43517,58,8,50,2
43518,52,10,42,2
43519,63,7,56,2
43520,6,3,3,2
43521,54,8,46,2
43522,56,5,51,2
43523,56,7,49,2
43524,52,10,42,2
43525,66,9,57,2
43526,50,7,43,2
43527,58,11,47,2
43528,59,10,49,2
43529,45,6,39,2
43530,47,8,39,2
43531,55,4,51,2
43533,43,2,41,2
43534,52,6,46,2
43535,98,98,0,1
43536,48,7,41,2
43537,63,5,58,2
43538,141,136,5,2
43539,49,7,42,2
43540,56,5,51,2
43541,51,8,43,2
43542,52,6,46,2
43543,55,8,47,2
43544,44,7,37,2
43545,43,6,37,2
43546,53,10,43,2
43547,4,4,0,1
43548,59,5,54,2
43549,58,9,49,2
43550,1,0,1,1
43551,58,11,47,2
43552,1,0,1,1
43553,61,10,51,2
43555,50,8,42,2
43556,68,12,56,2
43557,60,5,55,2
43558,55,9,46,2
43559,55,7,48,2
43560,66,7,59,2
43562,61,6,55,2
43563,45,5,40,2
43564,66,7,59,2
43565,52,7,45,2
43566,63,10,53,2
43567,58,7,51,2
43568,55,3,52,2
43569,52,9,43,2
43570,3,0,3,1
43571,61,5,56,2
43572,53,4,49,2
43573,51,7,44,2
43574,52,5,47,2
43575,51,8,43,2
43576,42,5,37,2
43577,58,7,51,2
43578,59,6,53,2
43579,53,7,46,2
43580,59,10,49,2
43582,57,6,51,2
43583,49,8,41,2
43584,43,0,43,1
43585,52,9,43,2
43586,70,7,63,2
43587,75,8,67,2
43588,6,4,2,2
43589,50,7,43,2
43590,53,3,50,2
43591,50,2,48,2
43592,5,5,0,1
43593,62,6,56,2
43594,44,6,38,2
43595,54,9,45,2
43597,51,7,44,2
43598,50,4,46,2
43599,45,6,39,2
43600,59,8,51,2
43601,62,7,55,2
43602,1,0,1,1
43603,56,6,50,2
43604,54,7,47,2
43605,65,10,55,2
43606,69,10,59,2
43607,49,7,42,2
43608,60,7,53,2
43609,73,11,62,2
43610,61,10,51,2
43611,1,0,1,1
43612,72,9,63,2
43613,42,6,36,2
43614,48,3,45,2
43615,64,5,59,2
43616,55,5,50,2
43617,53,5,48,2
43618,52,4,48,2
43620,55,5,50,2
43621,62,62,0,1
43622,67,4,63,2
43623,51,8,43,2
43625,62,11,51,2
43626,69,6,63,2
43627,38,5,33,2
43628,58,5,53,2
43629,62,7,55,2
43630,57,4,53,2
43631,2,2,0,1
43632,58,3,55,2
43633,61,1,60,2
43634,56,10,46,2
43635,56,6,50,2
43636,45,3,42,2
43637,50,6,44,2
43638,2,0,2,1
43639,49,9,40,2
43640,47,5,42,2
43641,45,4,41,2
43642,61,6,55,2
43643,43,6,37,2
43644,56,9,47,2
43645,48,4,44,2
43646,61,8,53,2
43647,49,6,43,2
43648,61,3,58,2
43649,61,11,50,2
43650,52,7,45,2
43651,64,5,59,2
43652,57,4,53,2
43653,48,10,38,2
43654,58,7,51,2
43655,55,1,54,2
43656,57,6,51,2
43657,64,9,55,2
43658,54,8,46,2
43659,61,3,58,2
43660,51,9,42,2
43661,60,8,52,2
43662,48,9,39,2
43663,54,3,51,2
43664,51,3,48,2
43665,48,7,41,2
43666,39,6,33,2
43667,45,4,41,2
43669,55,5,50,2
43670,38,35,3,2
43671,3,1,2,2
43672,60,4,56,2
43673,55,6,49,2
43674,43,5,38,2
43675,1,0,1,1
43676,59,4,55,2
43677,70,10,60,2
43678,38,6,32,2
43679,57,5,52,2
43680,52,5,47,2
43681,58,8,50,2
43682,65,6,59,2
43683,69,9,60,2
43684,58,7,51,2
43685,67,7,60,2
43686,51,7,44,2
43687,64,10,54,2
43688,54,5,49,2
43689,61,5,56,2
43691,64,8,56,2
43692,58,7,51,2
43693,58,8,50,2
43694,55,9,46,2
43695,45,7,38,2
43696,42,6,36,2
43697,61,2,59,2
43698,64,64,0,1
43699,60,2,58,2
43700,41,5,36,2
43701,49,7,42,2
43702,49,11,38,2
43703,39,4,35,2
43704,57,8,49,2
43705,52,7,45,2
43706,42,4,38,2
43707,55,10,45,2
43708,54,8,46,2
43709,55,6,49,2
43710,52,7,45,2
43712,60,5,55,2
43713,1,1,0,1
43714,49,6,43,2
43715,65,12,53,2
43716,52,8,44,2
43717,55,6,49,2
43718,54,8,46,2
43719,64,6,58,2
43720,58,3,55,2
43721,57,9,48,2
43722,5,0,5,1
43723,46,7,39,2
43724,51,2,49,2
43725,55,6,49,2
43726,65,10,55,2
43727,59,5,54,2
43729,58,12,46,2
43730,61,12,49,2
43731,40,11,29,2
43732,6,0,6,1
43733,67,11,56,2
43734,56,12,44,2
43735,52,5,47,2
43736,62,7,55,2
43737,64,7,57,2
43738,73,6,67,2
43739,69,11,58,2
43740,42,3,39,2
43741,59,7,52,2
43742,70,4,66,2
43743,52,6,46,2
43744,50,6,44,2
43745,55,6,49,2
43746,52,7,45,2
43747,63,9,54,2
43748,52,6,46,2
43749,2,0,2,1
43750,69,5,64,2
43751,51,5,46,2
43752,49,4,45,2
43753,52,6,46,2
43754,59,7,52,2
43755,50,4,46,2
43756,53,3,50,2
43758,53,4,49,2
43759,49,6,43,2
43760,44,7,37,2
43761,54,10,44,2
43762,57,8,49,2
43763,39,4,35,2
43764,11,9,2,2
43765,66,7,59,2
43766,64,3,61,2
43767,55,7,48,2
43768,55,8,47,2
43769,55,6,49,2
43770,49,10,39,2
43771,42,7,35,2
43772,52,6,46,2
43773,62,9,53,2
43774,48,1,47,2
43775,56,5,51,2
43776,59,11,48,2
43777,41,4,37,2
43778,57,7,50,2
43779,55,6,49,2
43780,51,5,46,2
43781,50,5,45,2
43782,51,10,41,2
43783,5,0,5,1
43784,58,7,51,2
43785,55,4,51,2
43786,48,2,46,2
43787,56,8,48,2
43788,55,6,49,2
43789,72,7,65,2
43790,56,10,46,2
43791,56,4,52,2
43792,48,8,40,2
43793,57,5,52,2
43794,56,0,56,1
43795,49,7,42,2
43796,71,5,66,2
43797,62,8,54,2
43798,53,6,47,2
43799,50,3,47,2
43800,3,3,0,1
43801,58,5,53,2
43803,50,8,42,2
43804,51,3,48,2
43805,58,6,52,2
43806,50,5,45,2
43807,48,7,41,2
43808,56,5,51,2
43809,55,3,52,2
43810,7,0,7,1
43811,53,6,47,2
43812,67,8,59,2
43813,54,6,48,2
43814,40,2,38,2
43815,60,7,53,2
43816,48,5,43,2
43817,68,6,62,2
43818,46,6,40,2
43819,59,6,53,2
43820,56,3,53,2
43821,61,7,54,2
43822,52,5,47,2
43823,53,1,52,2
43825,61,10,51,2
43826,63,8,55,2
43827,43,7,36,2
43828,56,8,48,2
43829,61,2,59,2
43830,65,9,56,2
43831,55,8,47,2
43832,52,7,45,2
43833,62,10,52,2
43834,48,4,44,2
43835,41,6,35,2
43836,59,9,50,2
43837,50,6,44,2
43838,63,11,52,2
43839,61,4,57,2
43840,54,3,51,2
43841,50,6,44,2
43842,46,3,43,2
43843,50,7,43,2
43844,60,6,54,2
43845,52,7,45,2
43846,68,7,61,2
43847,46,5,41,2
43848,4,1,3,2
43849,15,12,3,2
43850,51,8,43,2
43851,71,6,65,2
43852,49,4,45,2
43853,61,12,49,2
43854,3,0,3,1
43855,56,6,50,2
43856,58,6,52,2
43857,46,45,1,2
43858,62,3,59,2
43859,46,7,39,2
43860,47,8,39,2
43861,62,9,53,2
43862,52,4,48,2
43863,9,0,9,1
43864,43,3,40,2
43865,57,9,48,2
43866,57,9,48,2
43867,54,8,46,2
43868,4,3,1,2
43869,64,4,60,2
43870,44,5,39,2
43871,51,5,46,2
43872,52,4,48,2
43873,51,6,45,2
43874,53,5,48,2
43875,51,12,39,2
43876,49,1,48,2
43878,106,102,4,2
43879,44,1,43,2
43880,46,3,43,2
43881,59,3,56,2
43882,56,11,45,2
43883,48,5,43,2
43884,55,7,48,2
43885,33,26,7,2
43886,51,9,42,2
43887,42,3,39,2
43888,57,7,50,2
43889,45,4,41,2
43890,58,5,53,2
43891,50,10,40,2
43892,55,4,51,2
43893,49,5,44,2
43894,50,9,41,2
43895,55,4,51,2
43896,53,7,46,2
43897,2,1,1,2
43898,47,1,46,2
43899,64,8,56,2
43900,37,5,32,2
43901,57,11,46,2
43902,61,6,55,2
43903,61,7,54,2
43904,51,5,46,2
43905,45,2,43,2
43906,57,9,48,2
43907,61,5,56,2
43908,60,8,52,2
43909,59,4,55,2
43910,62,7,55,2
43911,51,7,44,2
43912,1,1,0,1
43913,48,6,42,2
43914,48,7,41,2
43915,58,9,49,2
43916,10,10,0,1
43917,50,3,47,2
43918,59,5,54,2
43919,47,3,44,2
43920,55,4,51,2
43921,36,3,33,2
43922,55,5,50,2
43923,52,5,47,2
43924,54,5,49,2
43925,13,13,0,1
43926,51,8,43,2
43927,60,6,54,2
43929,55,5,50,2
43930,38,2,36,2
43931,56,8,48,2
43932,52,4,48,2
43933,51,7,44,2
43934,44,7,37,2
43935,4,1,3,2
43936,55,6,49,2
43937,54,9,45,2
43938,6,0,6,1
43939,46,5,41,2
43940,52,7,45,2
43941,13,11,2,2
43942,26,25,1,2
43943,61,8,53,2
43944,60,4,56,2
43945,50,5,45,2
43946,62,6,56,2
43947,51,6,45,2
43948,56,5,51,2
43949,63,8,55,2
43950,38,5,33,2
43951,47,6,41,2
43952,47,6,41,2
43953,49,6,43,2
43954,44,6,38,2
43955,60,4,56,2
43956,51,3,48,2
43959,43,3,40,2
43960,9,4,5,2
43962,56,9,47,2
43963,58,6,52,2
43965,53,5,48,2
43966,42,7,35,2
43967,51,5,46,2
43968,51,7,44,2
43970,64,6,58,2
43971,23,23,0,1
43972,52,3,49,2
43973,1,0,1,1
43974,58,5,53,2
43975,68,9,59,2
43976,43,8,35,2
43977,65,11,54,2
43978,49,6,43,2
43980,54,8,46,2
43981,43,8,35,2
43982,54,5,49,2
43983,58,4,54,2
43984,67,6,61,2
43985,47,6,41,2
43986,73,11,62,2
43987,56,7,49,2
43989,42,6,36,2
43990,65,7,58,2
43991,71,9,62,2
43992,71,9,62,2
43993,52,3,49,2
43994,46,8,38,2
43995,59,5,54,2
43996,21,20,1,2
43997,54,7,47,2
43998,60,9,51,2
43999,49,8,41,2
44000,54,8,46,2
44001,49,6,43,2
44002,39,3,36,2
44003,57,4,53,2
44004,49,11,38,2
44005,47,4,43,2
44006,52,7,45,2
44007,31,31,0,1
44008,56,3,53,2
44009,58,9,49,2
44010,57,4,53,2
44012,56,5,51,2
44013,53,5,48,2
44014,44,5,39,2
44015,52,8,44,2
44016,53,5,48,2
44017,53,9,44,2
44018,69,8,61,2
44019,57,10,47,2
44020,54,6,48,2
44021,58,8,50,2
44022,53,6,47,2
44023,52,8,44,2
44024,51,7,44,2
44025,56,5,51,2
44026,52,8,44,2
44027,47,1,46,2
44028,74,11,63,2
44029,60,6,54,2
44030,1,0,1,1
44031,58,7,51,2
44032,43,5,38,2
44033,48,5,43,2
44035,49,3,46,2
44036,42,4,38,2
44037,2,1,1,2
44038,62,9,53,2
44039,50,9,41,2
44040,16,11,5,2
44041,57,5,52,2
44042,45,5,40,2
44043,45,2,43,2
44044,46,3,43,2
44045,63,4,59,2
44046,53,4,49,2
44047,6,0,6,1
44048,56,11,45,2
44049,58,6,52,2
44050,50,5,45,2
44051,55,10,45,2
44052,59,11,48,2
44053,47,7,40,2
44054,52,5,47,2
44055,49,5,44,2
44056,64,9,55,2
44057,58,6,52,2
44058,59,13,46,2
44059,3,3,0,1
44060,64,9,55,2
44061,64,11,53,2
44062,60,9,51,2
44063,48,4,44,2
44064,45,3,42,2
44065,60,5,55,2
44066,52,7,45,2
44067,52,9,43,2
44069,57,8,49,2
44070,64,11,53,2
44071,60,4,56,2
44072,60,8,52,2
44073,48,5,43,2
44074,55,4,51,2
44075,55,7,48,2
44076,51,7,44,2
44077,55,7,48,2
44078,28,25,3,2
44079,58,8,50,2
44080,57,11,46,2
44081,30,30,0,1
44082,52,5,47,2
44083,3,3,0,1
44084,50,6,44,2
44086,46,5,41,2
44087,49,5,44,2
44088,39,2,37,2
44089,66,11,55,2
44090,45,7,38,2
44091,69,4,65,2
44092,59,13,46,2
44093,55,8,47,2
44094,62,5,57,2
44095,48,3,45,2
44096,62,8,54,2
44098,53,7,46,2
44099,59,8,51,2
44100,51,7,44,2
44101,57,8,49,2
44102,61,5,56,2
44103,52,4,48,2
44104,41,4,37,2
44105,51,5,46,2
44106,52,6,46,2
44108,57,8,49,2
44109,58,7,51,2
44110,53,3,50,2
44111,64,8,56,2
44112,50,7,43,2
44113,61,7,54,2
44114,57,5,52,2
44115,65,8,57,2
44116,53,7,46,2
44117,61,5,56,2
44118,42,6,36,2
44119,43,5,38,2
44120,58,9,49,2
44121,47,7,40,2
44125,60,12,48,2
44126,1,0,1,1
44127,69,10,59,2
44128,53,6,47,2
44129,63,8,55,2
44130,15,0,15,1
44131,53,3,50,2
44132,63,7,56,2
44134,48,9,39,2
44135,58,8,50,2
44136,1,0,1,1
44137,46,9,37,2
44138,52,5,47,2
44139,63,3,60,2
44140,47,7,40,2
44141,56,6,50,2
44142,1,0,1,1
44143,47,9,38,2
44144,56,7,49,2
44145,13,0,13,1
44146,53,2,51,2
44147,2,2,0,1
44148,59,8,51,2
44150,55,7,48,2
44151,60,8,52,2
44152,63,9,54,2
44154,43,2,41,2
44155,49,5,44,2
44156,68,5,63,2
44157,50,3,47,2
44158,74,5,69,2
44159,49,6,43,2
44160,53,8,45,2
44161,49,5,44,2
44162,54,7,47,2
44163,60,5,55,2
44164,62,8,54,2
44165,51,3,48,2
44167,58,11,47,2
44168,64,12,52,2
44169,73,10,63,2
44171,40,4,36,2
44172,53,3,50,2
44173,56,7,49,2
44175,47,0,47,1
44176,1,1,0,1
44177,48,8,40,2
44178,59,5,54,2
44179,62,7,55,2
44180,115,115,0,1
44181,70,6,64,2
44182,48,1,47,2
44183,46,4,42,2
44184,60,9,51,2
44185,53,5,48,2
44186,50,5,45,2
44187,47,6,41,2
44188,44,2,42,2
44189,61,9,52,2
44190,74,8,66,2
44191,52,3,49,2
44192,48,9,39,2
44194,58,8,50,2
44195,61,6,55,2
44196,52,5,47,2
44197,44,1,43,2
44198,52,12,40,2
44199,2,0,2,1
44200,51,2,49,2
44201,45,3,42,2
44202,63,8,55,2
44203,46,1,45,2
44204,54,10,44,2
44205,50,8,42,2
44206,48,5,43,2
44207,59,7,52,2
44208,53,4,49,2
44209,44,7,37,2
44210,45,10,35,2
44211,54,10,44,2
44212,61,8,53,2
44214,38,3,35,2
44215,55,8,47,2
44216,59,10,49,2
44217,48,5,43,2
44219,8,4,4,2
44220,53,7,46,2
44221,54,10,44,2
44222,67,9,58,2
44223,45,6,39,2
44224,66,9,57,2
44225,48,6,42,2
44226,56,7,49,2
44227,50,9,41,2
44228,47,4,43,2
44229,55,7,48,2
44230,55,3,52,2
44231,35,3,32,2
44232,51,8,43,2
44233,62,7,55,2
44234,51,2,49,2
44235,61,5,56,2
44236,59,7,52,2
44237,62,5,57,2
44239,53,10,43,2
44240,59,5,54,2
44241,23,22,1,2
44242,68,6,62,2
44243,67,7,60,2
44244,53,9,44,2
44245,54,12,42,2
44246,33,32,1,2
44247,56,9,47,2
44248,43,6,37,2
44249,62,5,57,2
44250,41,5,36,2
44251,38,2,36,2
44252,43,3,40,2
44253,52,8,44,2
44255,46,5,41,2
44256,63,7,56,2
44257,53,5,48,2
44258,50,6,44,2
44259,56,8,48,2
44260,63,11,52,2
44261,56,10,46,2
44262,58,4,54,2
44263,45,5,40,2
44264,54,5,49,2
44265,66,9,57,2
44266,48,3,45,2
44267,56,7,49,2
44268,53,2,51,2
44269,50,8,42,2
44270,73,10,63,2
44271,17,1,16,2
44273,54,6,48,2
44274,51,4,47,2
44275,49,6,43,2
44276,9,9,0,1
44277,6,2,4,2
44278,17,0,17,1
44279,48,4,44,2
44280,56,8,48,2
44281,43,4,39,2
44282,36,5,31,2
44284,43,5,38,2
44285,64,7,57,2
44286,46,4,42,2
44287,48,6,42,2
44288,71,6,65,2
44289,53,7,46,2
44290,66,10,56,2
44291,47,6,41,2
44292,57,11,46,2
44293,57,10,47,2
44294,1,0,1,1
44295,61,6,55,2
44296,26,0,26,1
44297,54,12,42,2
44298,53,7,46,2
44299,49,7,42,2
44300,66,10,56,2
44301,52,6,46,2
44302,44,6,38,2
44303,26,24,2,2
44304,50,6,44,2
44305,56,7,49,2
44306,41,3,38,2
44307,42,6,36,2
44309,47,3,44,2
44310,41,5,36,2
44311,50,3,47,2
44312,50,10,40,2
44313,51,6,45,2
44314,68,9,59,2
44315,59,8,51,2
44316,46,4,42,2
44317,48,3,45,2
44318,67,4,63,2
44319,49,4,45,2
44320,52,9,43,2
44322,64,9,55,2
44323,54,8,46,2
44324,59,10,49,2
44326,52,2,50,2
44327,59,4,55,2
44328,51,4,47,2
44329,55,6,49,2
44330,54,5,49,2
44331,49,2,47,2
44332,60,7,53,2
44333,5,1,4,2
44334,64,8,56,2
44335,49,5,44,2
44336,58,3,55,2
44337,51,5,46,2
44338,61,11,50,2
44339,55,7,48,2
44340,43,5,38,2
44341,55,7,48,2
44342,64,5,59,2
44343,43,3,40,2
44345,64,5,59,2
44346,58,8,50,2
44347,56,11,45,2
44348,52,11,41,2
44349,41,9,32,2
44352,51,6,45,2
44353,55,6,49,2
44354,58,11,47,2
44355,67,12,55,2
44356,66,9,57,2
44359,51,3,48,2
44360,51,4,47,2
44361,62,11,51,2
44362,43,7,36,2
44363,54,7,47,2
44364,58,7,51,2
44366,62,11,51,2
44367,49,4,45,2
44368,48,6,42,2
44369,50,3,47,2
44370,50,5,45,2
44371,48,3,45,2
44372,58,10,48,2
44373,68,7,61,2
44374,53,4,49,2
44375,2,2,0,1
44376,42,7,35,2
44377,1,0,1,1
44378,46,9,37,2
44381,50,5,45,2
44382,50,1,49,2
44383,42,5,37,2
44385,53,9,44,2
44386,44,5,39,2
44387,53,4,49,2
44388,49,10,39,2
44389,54,8,46,2
44391,52,12,40,2
44393,43,4,39,2
44395,69,11,58,2
44396,51,7,44,2
44397,2,0,2,1
44398,15,0,15,1
44399,68,7,61,2
44400,56,6,50,2
44401,58,8,50,2
44402,45,8,37,2
44403,6,1,5,2
44404,48,7,41,2
44405,35,3,32,2
44406,53,5,48,2
44407,45,7,38,2
44408,57,1,56,2
44409,51,9,42,2
44411,63,7,56,2
44412,53,4,49,2
44413,45,6,39,2
44414,56,4,52,2
44415,56,9,47,2
44416,48,6,42,2
44417,51,7,44,2
44418,58,5,53,2
44419,56,4,52,2
44420,60,5,55,2
44421,56,10,46,2
44422,55,5,50,2
44423,19,6,13,2
44424,50,3,47,2
44425,39,3,36,2
44426,56,6,50,2
44428,56,8,48,2
44429,4,0,4,1
44430,61,9,52,2
44431,57,7,50,2
44432,51,5,46,2
44433,47,6,41,2
44434,57,4,53,2
44435,52,4,48,2
44436,55,6,49,2
44437,3,2,1,2
44438,50,10,40,2
44439,50,5,45,2
44440,47,7,40,2
44441,54,8,46,2
44442,59,9,50,2
44443,55,7,48,2
44444,58,5,53,2
44445,49,2,47,2
44446,43,2,41,2
44447,47,4,43,2
44448,57,13,44,2
44449,59,7,52,2
44450,43,8,35,2
44451,52,8,44,2
44452,61,8,53,2
44453,58,5,53,2
44454,64,8,56,2
44455,58,11,47,2
44456,49,5,44,2
44457,1,1,0,1
44458,58,8,50,2
44459,62,8,54,2
44460,51,5,46,2
44462,50,4,46,2
44463,61,6,55,2
44464,56,4,52,2
44465,64,11,53,2
44466,53,8,45,2
44468,14,0,14,1
44469,47,2,45,2
44470,51,5,46,2
44471,7,3,4,2
44472,48,2,46,2
44473,52,4,48,2
44474,47,4,43,2
44475,48,6,42,2
44476,49,36,13,2
44477,52,7,45,2
44478,64,6,58,2
44479,57,11,46,2
44480,47,6,41,2
44481,52,3,49,2
44482,62,10,52,2
44483,49,3,46,2
44484,43,5,38,2
44485,62,0,62,1
44486,31,31,0,1
44489,54,7,47,2
44490,60,4,56,2
44491,58,2,56,2
44493,56,8,48,2
44495,51,11,40,2
44496,47,7,40,2
44497,53,7,46,2
44499,55,5,50,2
44500,60,8,52,2
44501,61,7,54,2
44502,47,0,47,1
44503,49,11,38,2
44505,50,4,46,2
44507,41,4,37,2
44508,43,5,38,2
44509,46,3,43,2
44511,9,6,3,2
44512,61,12,49,2
44513,12,0,12,1
44514,49,5,44,2
44515,53,4,49,2
44516,15,15,0,1
44517,50,7,43,2
44518,10,5,5,2
44519,54,3,51,2
44520,62,8,54,2
44521,58,6,52,2
44522,44,8,36,2
44523,64,6,58,2
44524,50,8,42,2
44525,44,5,39,2
44526,61,4,57,2
44527,47,9,38,2
44529,50,3,47,2
44530,46,4,42,2
44531,51,8,43,2
44532,62,5,57,2
44533,3,1,2,2
44534,58,5,53,2
44535,53,6,47,2
44536,53,3,50,2
44537,53,6,47,2
44538,339,339,0,1
44539,67,16,51,2
44540,51,4,47,2
44541,55,6,49,2
44542,45,4,41,2
44543,56,7,49,2
44544,67,8,59,2
44545,47,6,41,2
44546,57,5,52,2
44547,45,6,39,2
44548,54,8,46,2
44549,54,8,46,2
44550,57,5,52,2
44551,53,6,47,2
44553,52,9,43,2
44555,54,8,46,2
44556,61,3,58,2
44557,55,10,45,2
44558,54,8,46,2
44560,67,14,53,2
44561,45,6,39,2
44562,55,5,50,2
44563,55,7,48,2
44564,55,7,48,2
44565,53,7,46,2
44566,63,7,56,2
44567,45,5,40,2
44568,68,13,55,2
44569,4,3,1,2
44570,64,5,59,2
44571,65,8,57,2
44572,48,4,44,2
44573,54,7,47,2
44574,67,9,58,2
44575,62,6,56,2
44576,61,9,52,2
44577,53,5,48,2
44578,44,10,34,2
44579,34,23,11,2
44580,68,7,61,2
44581,63,3,60,2
44582,57,11,46,2
44583,56,7,49,2
44584,55,12,43,2
44585,49,7,42,2
44587,1,1,0,1
44588,48,8,40,2
44589,53,8,45,2
44590,43,3,40,2
44591,63,11,52,2
44592,54,10,44,2
44593,59,8,51,2
44594,57,10,47,2
44595,51,2,49,2
44596,61,9,52,2
44597,48,0,48,1
44598,62,6,56,2
44599,51,11,40,2
44600,66,4,62,2
44601,44,6,38,2
44602,62,9,53,2
44603,54,5,49,2
44605,46,10,36,2
44606,50,5,45,2
44607,62,8,54,2
44609,49,5,44,2
44610,47,5,42,2
44611,43,5,38,2
44612,41,5,36,2
44613,2,1,1,2
44614,55,3,52,2
44615,57,11,46,2
44616,47,10,37,2
44617,63,5,58,2
44618,61,6,55,2
44619,48,6,42,2
44620,54,6,48,2
44621,58,7,51,2
44622,58,3,55,2
44623,1,0,1,1
44624,51,6,45,2
44626,57,5,52,2
44627,66,8,58,2
44628,50,7,43,2
44629,61,5,56,2
44630,63,7,56,2
44631,59,11,48,2
44632,46,7,39,2
44633,46,6,40,2
44634,66,12,54,2
44635,60,3,57,2
44636,63,11,52,2
44637,6,1,5,2
44639,53,6,47,2
44640,61,7,54,2
44641,51,7,44,2
44642,53,9,44,2
44643,52,5,47,2
44644,14,1,13,2
44645,57,8,49,2
44646,43,7,36,2
44648,1,0,1,1
44649,68,10,58,2
44651,56,2,54,2
44652,52,3,49,2
44653,56,6,50,2
44654,8,8,0,1
44655,57,6,51,2
44657,47,3,44,2
44658,46,9,37,2
44659,61,5,56,2
44660,40,11,29,2
44661,56,5,51,2
44662,50,5,45,2
44663,55,11,44,2
44664,53,4,49,2
44665,52,5,47,2
44666,61,8,53,2
44667,49,1,48,2
44668,57,7,50,2
44669,62,6,56,2
44670,67,9,58,2
44671,53,12,41,2
44672,64,8,56,2
44673,2,0,2,1
44674,64,8,56,2
44675,50,7,43,2
44676,47,6,41,2
44677,54,3,51,2
44678,48,3,45,2
44679,59,9,50,2
44680,51,11,40,2
44681,57,6,51,2
44682,52,4,48,2
44683,41,4,37,2
44684,56,6,50,2
44685,45,6,39,2
44686,54,7,47,2
44687,57,4,53,2
44688,4,2,2,2
44689,43,6,37,2
44690,46,4,42,2
44691,63,7,56,2
44692,51,6,45,2
44693,52,4,48,2
44694,64,8,56,2
44695,46,8,38,2
44696,52,4,48,2
44697,2,0,2,1
44698,41,2,39,2
44699,1,0,1,1
44700,1,0,1,1
44701,58,9,49,2
44702,45,8,37,2
44703,50,9,41,2
44704,48,1,47,2
44705,42,3,39,2
44706,8,8,0,1
44707,70,7,63,2
44708,66,7,59,2
44709,60,5,55,2
44710,59,9,50,2
44711,54,5,49,2
44712,1,1,0,1
44713,65,8,57,2
44714,48,4,44,2
44715,58,5,53,2
44716,64,7,57,2
44717,45,8,37,2
44718,1,0,1,1
44719,51,3,48,2
44721,51,5,46,2
44722,46,2,44,2
44723,49,7,42,2
44724,61,9,52,2
44725,52,5,47,2
44726,61,4,57,2
44727,39,9,30,2
44728,56,3,53,2
44729,48,5,43,2
44730,45,4,41,2
44731,6,4,2,2
44732,56,7,49,2
44733,57,6,51,2
44734,43,4,39,2
44735,58,7,51,2
44736,51,9,42,2
44737,58,8,50,2
44738,51,7,44,2
44739,47,4,43,2
44740,47,5,42,2
44741,47,4,43,2
44742,53,12,41,2
44743,59,9,50,2
44744,59,8,51,2
44745,65,9,56,2
44746,55,8,47,2
44747,49,8,41,2
44748,9,8,1,2
44749,43,4,39,2
44750,37,4,33,2
44751,46,9,37,2
44752,52,4,48,2
44753,20,20,0,1
44755,39,4,35,2
44756,43,3,40,2
44757,46,7,39,2
44758,47,5,42,2
44759,61,7,54,2
44760,53,8,45,2
44761,53,4,49,2
44763,52,4,48,2
44764,2,1,1,2
44766,43,8,35,2
44767,59,4,55,2
44768,48,4,44,2
44769,51,3,48,2
44770,47,5,42,2
44771,53,5,48,2
44772,58,4,54,2
44773,58,8,50,2
44774,44,10,34,2
44776,4,1,3,2
44777,53,6,47,2
44779,63,9,54,2
44780,57,8,49,2
44781,3,3,0,1
44782,52,3,49,2
44783,54,6,48,2
44784,52,5,47,2
44785,54,10,44,2
44787,62,12,50,2
44788,55,10,45,2
44789,65,6,59,2
44790,52,4,48,2
44791,54,8,46,2
44792,65,7,58,2
44793,64,6,58,2
44794,58,9,49,2
44797,50,4,46,2
44799,1,0,1,1
44800,66,8,58,2
44801,50,5,45,2
44803,60,6,54,2
44804,68,12,56,2
44805,4,4,0,1
44806,61,7,54,2
44807,53,5,48,2
44808,103,0,103,1
44809,57,7,50,2
44810,41,8,33,2
44811,48,3,45,2
44812,59,3,56,2
44813,49,6,43,2
44814,53,7,46,2
44815,50,6,44,2
44816,58,7,51,2
44817,48,9,39,2
44818,61,12,49,2
44819,64,7,57,2
44820,56,3,53,2
44821,55,8,47,2
44822,46,6,40,2
44823,52,5,47,2
44824,54,7,47,2
44825,54,11,43,2
44826,21,21,0,1
44827,49,7,42,2
44828,56,7,49,2
44829,52,6,46,2
44830,64,10,54,2
44831,55,5,50,2
44832,49,6,43,2
44833,53,6,47,2
44834,59,4,55,2
44835,57,5,52,2
44836,59,11,48,2
44837,52,7,45,2
44838,59,8,51,2
44839,51,4,47,2
44840,68,10,58,2
44841,54,7,47,2
44842,58,8,50,2
44843,1,1,0,1
44844,11,3,8,2
44845,49,7,42,2
44846,56,10,46,2
44847,52,5,47,2
44848,60,3,57,2
44849,15,10,5,2
44850,53,9,44,2
44851,9,9,0,1
44852,52,6,46,2
44853,57,7,50,2
44854,8,0,8,1
44855,48,5,43,2
44857,49,4,45,2
44858,66,11,55,2
44859,66,10,56,2
44860,52,6,46,2
44861,57,6,51,2
44863,49,4,45,2
44864,43,6,37,2
44865,55,6,49,2
44866,62,8,54,2
44867,51,6,45,2
44868,52,9,43,2
44869,56,9,47,2
44870,58,11,47,2
44871,53,8,45,2
44873,58,6,52,2
44876,58,13,45,2
44877,41,7,34,2
44878,50,8,42,2
44879,68,10,58,2
44880,62,4,58,2
44881,44,8,36,2
44882,52,10,42,2
44883,67,7,60,2
44885,53,4,49,2
44886,59,5,54,2
44887,2,0,2,1
44888,46,8,38,2
44890,55,7,48,2
44891,180,180,0,1
44892,49,5,44,2
44893,44,1,43,2
44894,43,4,39,2
44895,35,7,28,2
44896,66,10,56,2
44897,60,4,56,2
44898,50,9,41,2
44899,74,6,68,2
44900,57,8,49,2
44901,48,11,37,2
44902,49,4,45,2
44904,66,11,55,2
44905,51,4,47,2
44906,49,3,46,2
44907,65,4,61,2
44908,69,9,60,2
44909,61,5,56,2
44910,66,6,60,2
44911,46,7,39,2
44912,51,4,47,2
44913,50,6,44,2
44914,50,6,44,2
44916,46,8,38,2
44917,60,6,54,2
44918,55,9,46,2
44919,45,8,37,2
44921,47,5,42,2
44922,55,5,50,2
44923,49,4,45,2
44924,49,3,46,2
44925,12,12,0,1
44926,66,8,58,2
44927,55,7,48,2
44928,60,6,54,2
44929,67,6,61,2
44930,66,8,58,2
44931,59,9,50,2
44932,73,14,59,2
44933,67,8,59,2
44934,61,6,55,2
44936,55,2,53,2
44937,61,5,56,2
44938,1,1,0,1
44939,42,3,39,2
44940,53,2,51,2
44941,51,9,42,2
44942,41,4,37,2
44943,63,10,53,2
44945,61,3,58,2
44946,57,5,52,2
44947,61,3,58,2
44948,58,7,51,2
44949,51,6,45,2
44950,57,11,46,2
44951,63,4,59,2
44952,57,6,51,2
44953,60,8,52,2
44954,54,8,46,2
44955,59,8,51,2
44956,50,2,48,2
44957,54,6,48,2
44958,55,5,50,2
44959,47,4,43,2
44960,52,6,46,2
44962,49,10,39,2
44963,49,2,47,2
44964,41,6,35,2
44965,51,2,49,2
44966,2,1,1,2
44967,58,5,53,2
44968,66,5,61,2
44969,48,7,41,2
44970,45,4,41,2
44972,68,15,53,2
44973,4,0,4,1
44974,52,4,48,2
44978,45,6,39,2
44980,50,8,42,2
44981,10,10,0,1
44982,49,4,45,2
44983,1,0,1,1
44984,44,3,41,2
44985,50,4,46,2
44986,42,7,35,2
44987,58,4,54,2
44988,57,6,51,2
44989,2,1,1,2
44990,45,4,41,2
44991,51,10,41,2
44992,59,4,55,2
44993,56,5,51,2
44994,64,11,53,2
44995,57,7,50,2
44996,60,9,51,2
44997,50,0,50,1
44998,53,3,50,2
44999,52,7,45,2
45000,50,10,40,2
45001,72,8,64,2
45002,55,8,47,2
45003,58,4,54,2
45004,63,10,53,2
45005,6,2,4,2
45006,48,4,44,2
45007,58,4,54,2
45008,53,6,47,2
45009,51,5,46,2
45010,68,9,59,2
45011,51,6,45,2
45012,50,8,42,2
45013,42,3,39,2
45014,47,4,43,2
45015,64,9,55,2
45016,52,5,47,2
45017,35,35,0,1
45018,56,4,52,2
45019,63,3,60,2
45020,39,4,35,2
45021,48,9,39,2
45022,56,12,44,2
45023,1,0,1,1
45024,39,6,33,2
45026,53,7,46,2
45027,60,10,50,2
45028,60,7,53,2
45029,2,2,0,1
45030,54,10,44,2
45031,56,6,50,2
45032,54,4,50,2
45033,54,7,47,2
45034,1,0,1,1
45035,66,9,57,2
45036,58,8,50,2
45037,1,1,0,1
45038,45,4,41,2
45039,61,9,52,2
45040,3,3,0,1
45041,50,7,43,2
45042,61,6,55,2
45043,65,8,57,2
45044,66,7,59,2
45045,55,9,46,2
45046,43,5,38,2
45047,51,8,43,2
45048,3,0,3,1
45050,8,2,6,2
45051,54,3,51,2
45052,51,5,46,2
45053,46,6,40,2
45054,51,3,48,2
45055,48,5,43,2
45056,52,6,46,2
45057,44,44,0,1
45058,1,0,1,1
45060,66,10,56,2
45061,64,9,55,2
45062,50,5,45,2
45063,48,8,40,2
45064,63,6,57,2
45065,44,5,39,2
45066,62,4,58,2
45067,43,5,38,2
45068,53,5,48,2
45069,51,3,48,2
45070,49,2,47,2
45071,43,5,38,2
45072,54,1,53,2
45073,53,6,47,2
45074,50,5,45,2
45075,51,7,44,2
45076,44,5,39,2
45078,1,0,1,1
45079,51,0,51,1
45080,57,6,51,2
45081,49,5,44,2
45082,58,54,4,2
45083,39,5,34,2
45084,54,6,48,2
45085,59,9,50,2
45086,67,8,59,2
45087,50,6,44,2
45088,50,7,43,2
45089,52,4,48,2
45090,49,5,44,2
45091,57,3,54,2
45092,50,4,46,2
45093,51,7,44,2
45094,55,5,50,2
45095,54,13,41,2
45096,43,7,36,2
45097,53,2,51,2
45098,39,1,38,2
45099,56,6,50,2
45100,66,9,57,2
45101,55,8,47,2
45102,53,10,43,2
45103,48,7,41,2
45104,48,6,42,2
45105,61,8,53,2
45107,59,3,56,2
45109,53,8,45,2
45110,64,11,53,2
45111,55,5,50,2
45112,60,4,56,2
45113,67,8,59,2
45115,51,5,46,2
45116,58,9,49,2
45117,63,7,56,2
45118,8,4,4,2
45119,54,10,44,2
45120,49,5,44,2
45122,58,7,51,2
45123,67,2,65,2
45124,56,9,47,2
45125,56,2,54,2
45126,52,6,46,2
45127,54,3,51,2
45128,47,4,43,2
45130,45,5,40,2
45131,50,4,46,2
45132,46,6,40,2
45133,54,6,48,2
45134,52,7,45,2
45135,49,7,42,2
45136,42,10,32,2
45137,62,3,59,2
45138,53,10,43,2
45139,44,2,42,2
45140,6,3,3,2
45141,38,0,38,1
45142,52,5,47,2
45143,56,6,50,2
45144,62,8,54,2
45146,56,9,47,2
45147,49,7,42,2
45148,66,6,60,2
45149,40,9,31,2
45150,78,21,57,2
45151,52,5,47,2
45152,64,10,54,2
45153,45,3,42,2
45154,50,7,43,2
45155,55,6,49,2
45156,48,5,43,2
45157,58,5,53,2
45158,44,7,37,2
45159,46,5,41,2
45160,50,9,41,2
45161,62,3,59,2
45162,55,3,52,2
45163,61,6,55,2
45164,54,8,46,2
45165,32,1,31,2
45166,64,4,60,2
45167,70,13,57,2
45168,47,5,42,2
45171,59,6,53,2
45172,52,4,48,2
45173,69,5,64,2
45174,49,8,41,2
45175,49,10,39,2
45176,46,6,40,2
45177,52,8,44,2
45178,55,9,46,2
45179,51,50,1,2
45180,59,6,53,2
45181,54,2,52,2
45182,62,3,59,2
45183,53,6,47,2
45184,4,4,0,1
45185,64,7,57,2
45187,50,6,44,2
45188,1,1,0,1
45189,57,8,49,2
45191,47,5,42,2
45192,21,21,0,1
45193,65,9,56,2
45194,52,7,45,2
45195,64,10,54,2
45196,67,7,60,2
45197,48,8,40,2
45198,54,9,45,2
45199,61,8,53,2
45200,55,2,53,2
45201,50,6,44,2
45202,50,8,42,2
45203,10,10,0,1
45204,39,4,35,2
45205,53,6,47,2
45206,59,7,52,2
45207,52,8,44,2
45208,66,6,60,2
45209,44,6,38,2
45210,54,7,47,2
45211,47,47,0,1
45214,51,5,46,2
45216,59,5,54,2
45217,58,1,57,2
45219,14,12,2,2
45220,58,8,50,2
45221,53,11,42,2
45222,3,2,1,2
45223,50,3,47,2
45224,9,2,7,2
45225,56,8,48,2
45226,51,6,45,2
45227,56,7,49,2
45228,57,12,45,2
45229,61,4,57,2
45230,58,6,52,2
45231,45,4,41,2
45232,57,4,53,2
45233,40,3,37,2
45234,53,9,44,2
45236,47,5,42,2
45237,68,8,60,2
45238,57,9,48,2
45239,52,6,46,2
45240,60,7,53,2
45242,43,2,41,2
45243,56,4,52,2
45244,42,7,35,2
45245,59,5,54,2
45246,62,2,60,2
45247,66,9,57,2
45248,13,1,12,2
45250,60,11,49,2
45251,52,5,47,2
45252,37,8,29,2
45253,69,9,60,2
45254,50,6,44,2
45255,50,1,49,2
45256,66,8,58,2
45257,57,10,47,2
45258,64,7,57,2
45259,63,10,53,2
45260,44,6,38,2
45261,2,0,2,1
45262,50,3,47,2
45263,6,0,6,1
45264,50,5,45,2
45266,45,4,41,2
45267,57,8,49,2
45268,48,8,40,2
45269,53,5,48,2
45270,58,4,54,2
45271,40,6,34,2
45272,55,5,50,2
45273,68,5,63,2
45274,61,3,58,2
45275,55,7,48,2
45276,44,6,38,2
45277,44,8,36,2
45278,3,3,0,1
45279,59,7,52,2
45280,53,4,49,2
45281,4,1,3,2
45282,66,6,60,2
45283,55,9,46,2
45284,58,8,50,2
45285,56,3,53,2
45286,60,5,55,2
45288,5,4,1,2
45289,52,9,43,2
45290,56,3,53,2
45291,15,0,15,1
45292,53,4,49,2
45293,62,8,54,2
45294,48,4,44,2
45296,71,5,66,2
45297,58,7,51,2
45298,12,0,12,1
45299,63,5,58,2
45300,52,6,46,2
45301,63,9,54,2
45303,47,6,41,2
45304,2,2,0,1
45305,44,4,40,2
45306,56,5,51,2
45307,59,3,56,2
45308,54,7,47,2
45309,52,9,43,2
45310,46,11,35,2
45311,56,11,45,2
45312,51,8,43,2
45313,63,8,55,2
45314,52,4,48,2
45315,58,5,53,2
45316,56,9,47,2
45317,4,4,0,1
45318,53,5,48,2
45320,54,4,50,2
45321,49,5,44,2
45322,45,2,43,2
45323,63,5,58,2
45324,54,7,47,2
45326,47,12,35,2
45327,58,6,52,2
45328,60,8,52,2
45329,55,9,46,2
45331,58,12,46,2
45332,61,5,56,2
45333,61,4,57,2
45334,57,9,48,2
45335,48,6,42,2
45336,49,4,45,2
45337,3,1,2,2
45338,57,10,47,2
45339,50,4,46,2
45340,49,10,39,2
45341,53,4,49,2
45342,55,4,51,2
45343,59,10,49,2
45344,50,13,37,2
45345,53,7,46,2
45346,52,5,47,2
45347,35,4,31,2
45348,11,8,3,2
45349,6,0,6,1
45350,56,10,46,2
45351,59,9,50,2
45352,65,8,57,2
45353,65,9,56,2
45354,53,8,45,2
45355,51,6,45,2
45356,57,10,47,2
45357,57,6,51,2
45358,62,7,55,2
45359,11,11,0,1
45360,56,7,49,2
45361,58,7,51,2
45362,57,7,50,2
45363,56,8,48,2
45364,48,9,39,2
45365,51,3,48,2
45366,58,9,49,2
45367,64,6,58,2
45368,47,1,46,2
45369,49,4,45,2
45370,42,3,39,2
45373,55,4,51,2
45374,62,14,48,2
45375,54,6,48,2
45376,43,7,36,2
45377,62,5,57,2
45378,43,5,38,2
45379,58,7,51,2
45380,50,6,44,2
45381,37,2,35,2
45383,57,4,53,2
45384,60,7,53,2
45386,55,6,49,2
45387,57,3,54,2
45388,62,6,56,2
45389,55,6,49,2
45390,41,4,37,2
45391,57,9,48,2
45392,19,0,19,1
45393,51,7,44,2
45394,61,5,56,2
45396,48,7,41,2
45397,59,8,51,2
45398,40,7,33,2
45399,64,14,50,2
45400,60,10,50,2
45401,46,9,37,2
45402,50,6,44,2
45404,60,11,49,2
45405,45,6,39,2
45406,57,8,49,2
45407,53,6,47,2
45408,53,6,47,2
45409,52,8,44,2
45410,65,5,60,2
45411,58,6,52,2
45412,45,5,40,2
45413,54,7,47,2
45414,55,10,45,2
45416,37,0,37,1
45417,61,8,53,2
45418,60,7,53,2
45419,2,2,0,1
45420,60,5,55,2
45421,12,12,0,1
45422,64,7,57,2
45423,55,4,51,2
45424,58,9,49,2
45425,58,6,52,2
45426,56,4,52,2
45427,58,8,50,2
45428,54,6,48,2
45430,55,7,48,2
45431,56,4,52,2
45432,50,7,43,2
45433,51,4,47,2
45434,51,8,43,2
45435,57,7,50,2
45436,48,7,41,2
45437,52,4,48,2
45438,49,6,43,2
45439,62,9,53,2
45440,56,11,45,2
45441,50,6,44,2
45442,68,10,58,2
45443,43,4,39,2
45444,53,1,52,2
45445,55,4,51,2
45446,3,3,0,1
45447,62,6,56,2
45448,57,8,49,2
45449,53,3,50,2
45450,67,7,60,2
45451,60,5,55,2
45452,39,4,35,2
45455,42,4,38,2
45456,50,11,39,2
45457,48,4,44,2
45458,56,6,50,2
45459,67,5,62,2
45460,57,8,49,2
45461,63,6,57,2
45462,59,4,55,2
45463,53,5,48,2
45464,46,9,37,2
45465,72,8,64,2
45466,52,5,47,2
45467,65,7,58,2
45468,44,9,35,2
45469,58,4,54,2
45471,3,2,1,2
45472,55,9,46,2
45473,44,4,40,2
45474,61,9,52,2
45475,50,4,46,2
45476,53,2,51,2
45478,63,4,59,2
45479,71,11,60,2
45480,56,2,54,2
45481,65,5,60,2
45482,47,7,40,2
45483,62,9,53,2
45484,35,0,35,1
45485,55,4,51,2
45486,59,7,52,2
45487,41,4,37,2
45488,46,5,41,2
45489,72,8,64,2
45490,59,5,54,2
45492,57,7,50,2
45493,53,9,44,2
45494,55,10,45,2
45495,6,0,6,1
45496,1,0,1,1
45497,43,6,37,2
45499,51,5,46,2
45501,55,4,51,2
45502,44,4,40,2
45503,53,4,49,2
45505,54,3,51,2
45506,38,2,36,2
45507,49,1,48,2
45508,59,7,52,2
45509,47,5,42,2
45510,57,4,53,2
45511,50,6,44,2
45512,68,11,57,2
45513,55,8,47,2
45514,55,8,47,2
45515,67,6,61,2
45516,66,10,56,2
45517,52,6,46,2
45518,52,7,45,2
45519,49,5,44,2
45520,53,4,49,2
45521,60,6,54,2
45522,55,8,47,2
45523,33,1,32,2
45524,50,5,45,2
45525,62,8,54,2
45526,47,10,37,2
45527,50,7,43,2
45528,50,6,44,2
45530,60,7,53,2
45531,46,9,37,2
45532,44,4,40,2
45533,50,4,46,2
45534,44,4,40,2
45535,74,72,2,2
45536,60,8,52,2
45537,53,8,45,2
45539,52,2,50,2
45540,6,1,5,2
45541,56,9,47,2
45542,57,2,55,2
45544,60,3,57,2
45545,44,2,42,2
45547,51,9,42,2
45548,58,10,48,2
45549,46,6,40,2
45550,43,5,38,2
45551,70,9,61,2
45552,44,4,40,2
45553,61,9,52,2
45554,35,4,31,2
45555,61,7,54,2
45556,46,9,37,2
45557,4,1,3,2
45558,57,6,51,2
45559,59,4,55,2
45560,51,7,44,2
45561,53,5,48,2
45562,53,7,46,2
45563,53,6,47,2
45564,51,9,42,2
45565,55,7,48,2
45566,53,7,46,2
45567,52,5,47,2
45568,60,7,53,2
45571,1,1,0,1
45572,58,6,52,2
45573,59,7,52,2
45574,57,0,57,1
45575,60,8,52,2
45577,2,1,1,2
45578,53,7,46,2
45579,47,5,42,2
45580,54,7,47,2
45582,57,7,50,2
45583,62,6,56,2
45584,63,7,56,2
45585,56,10,46,2
45586,50,6,44,2
45587,60,6,54,2
45588,51,6,45,2
45589,62,8,54,2
45590,66,5,61,2
45591,65,11,54,2
45592,53,9,44,2
45593,74,9,65,2
45594,55,7,48,2
45596,57,5,52,2
45597,54,8,46,2
45598,62,2,60,2
45599,65,5,60,2
45601,62,13,49,2
45602,57,7,50,2
45603,49,6,43,2
45604,56,6,50,2
45605,52,6,46,2
45606,44,5,39,2
45607,54,7,47,2
45608,49,7,42,2
45609,58,8,50,2
45610,54,5,49,2
45611,69,3,66,2
45612,34,3,31,2
45613,58,11,47,2
45614,22,21,1,2
45615,49,0,49,1
45616,49,10,39,2
45617,58,5,53,2
45618,61,6,55,2
45619,49,6,43,2
45620,60,7,53,2
45621,51,7,44,2
45622,52,8,44,2
45623,64,8,56,2
45624,52,3,49,2
45625,53,7,46,2
45626,63,12,51,2
45629,54,8,46,2
45631,48,4,44,2
45632,233,3,230,2
45633,39,4,35,2
45634,59,9,50,2
45635,48,5,43,2
45637,58,6,52,2
45638,48,5,43,2
45639,50,5,45,2
45640,59,7,52,2
45641,55,4,51,2
45643,50,9,41,2
45644,46,9,37,2
45645,57,10,47,2
45647,44,6,38,2
45648,56,6,50,2
45650,59,3,56,2
45651,55,2,53,2
45652,59,7,52,2
45653,67,8,59,2
45654,51,9,42,2
45655,47,8,39,2
45657,54,3,51,2
45658,73,7,66,2
45659,64,6,58,2
45660,62,5,57,2
45662,57,6,51,2
45664,4,2,2,2
45665,1,1,0,1
45666,56,5,51,2
45667,11,0,11,1
45668,55,6,49,2
45669,58,5,53,2
45670,68,5,63,2
45671,45,3,42,2
45672,61,7,54,2
45673,66,8,58,2
45674,60,6,54,2
45675,51,5,46,2
45676,59,8,51,2
45677,2,1,1,2
45678,55,12,43,2
45680,57,9,48,2
45681,56,11,45,2
45682,58,7,51,2
45683,44,5,39,2
45684,55,9,46,2
45685,49,8,41,2
45686,53,3,50,2
45687,49,6,43,2
45688,46,3,43,2
45689,59,7,52,2
45690,45,3,42,2
45692,61,8,53,2
45694,53,6,47,2
45695,59,8,51,2
45696,62,9,53,2
45697,54,5,49,2
45698,43,7,36,2
45699,39,3,36,2
45700,606,594,12,2
45701,64,9,55,2
45702,52,5,47,2
45703,53,4,49,2
45704,53,9,44,2
45705,56,7,49,2
45706,56,10,46,2
45707,66,6,60,2
45708,53,6,47,2
45709,55,5,50,2
45711,51,5,46,2
45712,52,3,49,2
45713,50,7,43,2
45714,45,3,42,2
45715,12,12,0,1
45716,53,9,44,2
45717,52,2,50,2
45718,45,4,41,2
45719,58,3,55,2
45720,58,6,52,2
45722,1,1,0,1
45724,54,5,49,2
45725,63,13,50,2
45726,62,4,58,2
45727,48,6,42,2
45728,24,15,9,2
45729,73,9,64,2
45731,60,8,52,2
45732,57,7,50,2
45733,51,4,47,2
45735,53,4,49,2
45737,56,5,51,2
45738,52,6,46,2
45739,41,4,37,2
45740,53,5,48,2
45741,63,6,57,2
45743,57,9,48,2
45744,65,8,57,2
45745,59,10,49,2
45746,60,6,54,2
45747,47,3,44,2
45748,72,7,65,2
45750,44,4,40,2
45751,2,1,1,2
45752,49,8,41,2
45753,66,7,59,2
45754,50,7,43,2
45755,54,4,50,2
45756,48,8,40,2
45758,51,9,42,2
45759,62,8,54,2
45760,67,67,0,1
45761,53,7,46,2
45762,51,9,42,2
45763,37,5,32,2
45764,63,6,57,2
45765,67,7,60,2
45766,53,5,48,2
45768,70,9,61,2
45769,55,10,45,2
45770,42,8,34,2
45771,46,11,35,2
45772,58,9,49,2
45773,55,8,47,2
45774,59,10,49,2
45775,52,6,46,2
45776,56,10,46,2
45777,61,4,57,2
45778,56,4,52,2
45779,68,4,64,2
45780,40,5,35,2
45781,45,8,37,2
45782,60,6,54,2
45783,57,9,48,2
45784,2,0,2,1
45785,70,8,62,2
45786,52,4,48,2
45787,63,8,55,2
45788,50,7,43,2
45789,50,5,45,2
45790,56,5,51,2
45791,51,10,41,2
45792,47,9,38,2
45793,44,6,38,2
45794,6,5,1,2
45795,47,7,40,2
45796,49,4,45,2
45797,42,8,34,2
45798,66,10,56,2
45799,52,9,43,2
45800,57,0,57,1
45801,54,6,48,2
45802,68,6,62,2
45803,62,10,52,2
45804,68,9,59,2
45805,4,1,3,2
45806,58,4,54,2
45807,45,6,39,2
45808,48,9,39,2
45809,60,10,50,2
45810,46,9,37,2
45811,61,9,52,2
45812,60,11,49,2
45814,53,4,49,2
45815,71,9,62,2
45816,72,6,66,2
45817,59,7,52,2
45818,52,6,46,2
45819,51,5,46,2
45820,50,7,43,2
45821,54,4,50,2
45822,48,3,45,2
45823,61,6,55,2
45824,68,9,59,2
45825,53,8,45,2
45826,49,3,46,2
45827,65,9,56,2
45828,61,7,54,2
45829,44,3,41,2
45830,60,8,52,2
45831,42,8,34,2
45832,70,8,62,2
45833,50,6,44,2
45834,53,9,44,2
45835,58,5,53,2
45836,62,7,55,2
45837,50,6,44,2
45838,53,8,45,2
45839,54,12,42,2
45840,50,6,44,2
45841,51,10,41,2
45842,53,3,50,2
45843,66,7,59,2
45844,64,4,60,2
45845,58,8,50,2
45846,68,12,56,2
45847,51,8,43,2
45848,47,6,41,2
45849,50,6,44,2
45850,50,6,44,2
45851,55,1,54,2
45852,58,4,54,2
45853,53,10,43,2
45854,1,0,1,1
45855,51,6,45,2
45856,66,7,59,2
45857,56,10,46,2
45858,59,7,52,2
45859,53,8,45,2
45860,51,6,45,2
45861,64,4,60,2
45862,48,11,37,2
45863,5,4,1,2
45864,64,5,59,2
45865,62,8,54,2
45866,53,8,45,2
45867,2,2,0,1
45868,53,6,47,2
45869,58,8,50,2
45870,57,6,51,2
45871,52,8,44,2
45872,2,0,2,1
45873,46,4,42,2
45874,61,7,54,2
45875,52,7,45,2
45876,46,10,36,2
45878,4,4,0,1
45879,59,7,52,2
45880,47,7,40,2
45881,64,1,63,2
45882,55,5,50,2
45883,54,5,49,2
45884,54,8,46,2
45885,68,66,2,2
45886,45,10,35,2
45887,66,9,57,2
45888,49,4,45,2
45889,51,1,50,2
45890,52,4,48,2
45891,68,8,60,2
45892,59,5,54,2
45893,56,4,52,2
45894,59,9,50,2
45895,64,7,57,2
45896,40,4,36,2
45897,63,7,56,2
45898,40,6,34,2
45899,43,1,42,2
45900,66,12,54,2
45901,233,20,213,2
45903,56,11,45,2
45904,52,6,46,2
45905,49,3,46,2
45906,55,5,50,2
45907,67,4,63,2
45908,63,11,52,2
45909,44,3,41,2
45910,53,6,47,2
45911,44,5,39,2
45912,59,15,44,2
45915,60,9,51,2
45916,38,4,34,2
45918,51,1,50,2
45919,55,8,47,2
45920,59,5,54,2
45922,6,5,1,2
45923,52,8,44,2
45924,60,10,50,2
45925,59,5,54,2
45926,53,10,43,2
45927,50,8,42,2
45928,49,4,45,2
45929,58,3,55,2
45930,118,0,118,1
45931,48,4,44,2
45932,53,3,50,2
45933,64,10,54,2
45934,44,6,38,2
45936,50,7,43,2
45937,54,7,47,2
45938,53,4,49,2
45939,51,5,46,2
45940,62,10,52,2
45941,51,7,44,2
45943,56,6,50,2
45944,55,11,44,2
45945,47,5,42,2
45946,49,7,42,2
45947,45,6,39,2
45948,50,5,45,2
45949,48,5,43,2
45950,53,8,45,2
45951,60,4,56,2
45952,56,11,45,2
45953,49,22,27,2
45954,45,2,43,2
45955,2,0,2,1
45956,59,7,52,2
45957,58,6,52,2
45958,63,9,54,2
45959,1,1,0,1
45960,51,11,40,2
45961,57,6,51,2
45962,55,4,51,2
45963,67,6,61,2
45964,58,11,47,2
45965,51,4,47,2
45966,56,10,46,2
45967,62,5,57,2
45969,54,5,49,2
45970,52,4,48,2
45971,46,4,42,2
45973,48,4,44,2
45974,52,4,48,2
45975,50,3,47,2
45976,49,4,45,2
45978,54,6,48,2
45979,39,9,30,2
45980,3,1,2,2
45981,50,3,47,2
45983,2,0,2,1
45984,57,7,50,2
45985,46,5,41,2
45986,61,12,49,2
45989,56,5,51,2
45990,61,6,55,2
45991,64,7,57,2
45992,22,22,0,1
45993,42,7,35,2
45994,59,8,51,2
45996,48,5,43,2
45997,55,8,47,2
45998,50,9,41,2
45999,50,7,43,2
46000,59,5,54,2
46001,51,10,41,2
46003,61,8,53,2
46004,40,6,34,2
46005,24,24,0,1
46006,58,14,44,2
46007,59,5,54,2
46008,52,10,42,2
46009,63,14,49,2
46010,51,7,44,2
46011,62,8,54,2
46012,51,7,44,2
46013,58,8,50,2
46014,53,6,47,2
46015,64,6,58,2
46016,63,8,55,2
46017,58,10,48,2
46018,54,5,49,2
46019,74,5,69,2
46020,44,7,37,2
46021,46,4,42,2
46022,64,4,60,2
46023,53,6,47,2
46024,54,7,47,2
46025,39,4,35,2
46026,57,8,49,2
46027,54,5,49,2
46028,42,0,42,1
46030,58,10,48,2
46031,58,6,52,2
46032,61,7,54,2
46033,58,7,51,2
46034,48,7,41,2
46035,2,1,1,2
46037,40,7,33,2
46038,54,9,45,2
46039,38,5,33,2
46040,48,7,41,2
46041,40,3,37,2
46042,2,1,1,2
46043,57,4,53,2
46044,44,3,41,2
46045,52,11,41,2
46046,65,10,55,2
46047,51,7,44,2
46048,51,8,43,2
46049,56,9,47,2
46050,64,8,56,2
46051,57,7,50,2
46052,46,5,41,2
46053,59,6,53,2
46054,51,5,46,2
46055,49,6,43,2
46056,51,7,44,2
46057,51,9,42,2
46058,51,5,46,2
46060,59,3,56,2
46061,57,8,49,2
46062,44,7,37,2
46063,3,0,3,1
46064,50,4,46,2
46065,68,7,61,2
46066,44,8,36,2
46067,53,10,43,2
46068,51,4,47,2
46069,54,5,49,2
46070,60,5,55,2
46071,49,8,41,2
46072,52,5,47,2
46073,65,8,57,2
46074,43,4,39,2
46075,56,7,49,2
46076,68,8,60,2
46077,49,8,41,2
46078,54,6,48,2
46079,45,4,41,2
46080,57,7,50,2
46081,61,10,51,2
46082,51,10,41,2
46083,56,7,49,2
46084,45,7,38,2
46085,66,8,58,2
46086,63,4,59,2
46087,55,5,50,2
46088,45,7,38,2
46089,18,9,9,2
46090,57,4,53,2
46091,60,11,49,2
46092,61,7,54,2
46093,55,7,48,2
46094,63,13,50,2
46095,53,2,51,2
46096,61,5,56,2
46097,51,2,49,2
46098,56,5,51,2
46099,50,5,45,2
46100,59,11,48,2
46101,52,7,45,2
46102,54,9,45,2
46103,40,3,37,2
46104,49,11,38,2
46105,59,4,55,2
46106,48,4,44,2
46107,55,9,46,2
46108,57,9,48,2
46109,46,3,43,2
46110,1,0,1,1
46111,64,8,56,2
46112,59,10,49,2
46113,4,1,3,2
46114,63,6,57,2
46115,60,9,51,2
46116,66,7,59,2
46117,60,11,49,2
46118,50,6,44,2
46119,59,5,54,2
46121,65,6,59,2
46122,51,11,40,2
46123,69,7,62,2
46124,58,7,51,2
46125,60,7,53,2
46126,49,9,40,2
46127,54,5,49,2
46128,56,8,48,2
46129,60,5,55,2
46130,56,11,45,2
46132,50,10,40,2
46133,61,8,53,2
46134,46,5,41,2
46135,52,8,44,2
46136,55,7,48,2
46137,49,6,43,2
46138,53,8,45,2
46139,54,3,51,2
46140,54,8,46,2
46141,51,8,43,2
46143,59,4,55,2
46144,67,7,60,2
46145,49,8,41,2
46146,56,5,51,2
46147,45,3,42,2
46148,81,10,71,2
46149,57,9,48,2
46150,56,6,50,2
46152,54,7,47,2
46153,60,13,47,2
46154,39,6,33,2
46155,56,7,49,2
46157,51,4,47,2
46158,57,3,54,2
46159,61,4,57,2
46160,40,8,32,2
46161,60,7,53,2
46162,57,9,48,2
46163,56,3,53,2
46164,40,6,34,2
46165,47,1,46,2
46166,2,0,2,1
46167,60,6,54,2
46168,57,4,53,2
46169,41,7,34,2
46170,54,10,44,2
46171,64,6,58,2
46172,40,5,35,2
46173,59,7,52,2
46174,62,8,54,2
46175,59,9,50,2
46176,47,4,43,2
46177,53,5,48,2
46179,58,4,54,2
46180,47,6,41,2
46181,59,7,52,2
46182,50,6,44,2
46183,56,8,48,2
46184,58,5,53,2
46185,44,3,41,2
46186,38,37,1,2
46187,53,9,44,2
46188,48,8,40,2
46189,48,6,42,2
46190,59,7,52,2
46191,57,7,50,2
46192,45,1,44,2
46193,50,6,44,2
46194,51,4,47,2
46195,52,4,48,2
46196,43,1,42,2
46197,45,6,39,2
46198,64,8,56,2
46199,52,5,47,2
46200,58,10,48,2
46201,42,6,36,2
46202,58,3,55,2
46203,63,8,55,2
46204,53,4,49,2
46205,57,6,51,2
46206,1109,3,1106,2
46207,57,7,50,2
46209,44,5,39,2
46210,56,9,47,2
46211,57,6,51,2
46212,47,9,38,2
46214,59,7,52,2
46215,37,5,32,2
46216,58,4,54,2
46217,41,6,35,2
46218,61,12,49,2
46219,50,8,42,2
46220,56,12,44,2
46221,56,2,54,2
46222,51,7,44,2
46224,41,7,34,2
46227,51,4,47,2
46228,65,7,58,2
46229,57,7,50,2
46230,55,6,49,2
46231,1,1,0,1
46232,51,6,45,2
46233,47,3,44,2
46234,56,8,48,2
46235,60,5,55,2
46236,57,9,48,2
46237,44,5,39,2
46238,66,9,57,2
46239,53,4,49,2
46240,1,0,1,1
46241,51,5,46,2
46242,66,14,52,2
46243,47,7,40,2
46245,52,7,45,2
46246,66,5,61,2
46248,48,6,42,2
46249,14,12,2,2
46250,50,5,45,2
46251,52,9,43,2
46252,60,9,51,2
46253,51,5,46,2
46254,46,4,42,2
46255,55,9,46,2
46256,45,4,41,2
46257,52,4,48,2
46258,50,7,43,2
46259,1,0,1,1
46260,64,9,55,2
46261,64,8,56,2
46262,45,6,39,2
46263,51,8,43,2
46264,48,4,44,2
46265,53,5,48,2
46266,61,4,57,2
46267,52,6,46,2
46268,60,5,55,2
46269,63,7,56,2
46271,46,4,42,2
46272,47,4,43,2
46273,58,9,49,2
46275,60,7,53,2
46276,62,7,55,2
46277,55,6,49,2
46279,57,11,46,2
46280,57,4,53,2
46281,52,3,49,2
46282,56,4,52,2
46283,60,9,51,2
46284,63,8,55,2
46285,61,8,53,2
46286,57,5,52,2
46287,60,5,55,2
46288,50,9,41,2
46289,51,2,49,2
46290,51,7,44,2
46291,51,6,45,2
46292,53,11,42,2
46293,63,5,58,2
46294,60,5,55,2
46295,55,4,51,2
46296,45,6,39,2
46297,46,3,43,2
46298,47,6,41,2
46299,52,7,45,2
46300,44,5,39,2
46301,50,5,45,2
46302,57,7,50,2
46303,49,8,41,2
46304,70,9,61,2
46305,62,11,51,2
46306,52,4,48,2
46307,62,5,57,2
46308,46,8,38,2
46309,4,1,3,2
46310,55,7,48,2
46311,53,6,47,2
46312,51,6,45,2
46313,56,9,47,2
46314,42,5,37,2
46315,41,4,37,2
46316,57,5,52,2
46317,52,4,48,2
46318,39,6,33,2
46319,57,10,47,2
46320,63,8,55,2
46323,48,4,44,2
46324,44,4,40,2
46325,63,8,55,2
46326,52,6,46,2
46328,5,0,5,1
46329,56,4,52,2
46330,4,0,4,1
46331,65,7,58,2
46332,59,10,49,2
46333,6,0,6,1
46335,50,7,43,2
46336,53,6,47,2
46338,48,5,43,2
46339,16,0,16,1
46340,57,5,52,2
46341,58,3,55,2
46342,58,6,52,2
46343,57,5,52,2
46344,47,5,42,2
46345,57,4,53,2
46346,60,6,54,2
46347,53,1,52,2
46348,55,5,50,2
46349,60,6,54,2
46350,43,2,41,2
46351,53,10,43,2
46352,48,4,44,2
46354,8,0,8,1
46355,49,7,42,2
46356,2,0,2,1
46357,61,9,52,2
46358,63,4,59,2
46359,1,1,0,1
46360,20,20,0,1
46361,66,9,57,2
46362,52,3,49,2
46363,55,5,50,2
46365,7,0,7,1
46366,85,0,85,1
46367,51,6,45,2
46368,67,10,57,2
46369,66,10,56,2
46370,47,5,42,2
46371,52,6,46,2
46372,63,10,53,2
46373,49,7,42,2
46374,52,9,43,2
46375,49,5,44,2
46376,58,4,54,2
46377,48,5,43,2
46378,45,5,40,2
46379,59,5,54,2
46380,2,1,1,2
46383,58,11,47,2
46384,52,2,50,2
46385,48,6,42,2
46386,52,8,44,2
46387,50,7,43,2
46388,51,5,46,2
46389,56,3,53,2
46390,4,0,4,1
46391,48,8,40,2
46392,51,4,47,2
46393,53,9,44,2
46395,59,9,50,2
46396,54,5,49,2
46397,55,6,49,2
46398,1,1,0,1
46399,53,5,48,2
46400,55,8,47,2
46401,61,7,54,2
46402,65,10,55,2
46403,54,7,47,2
46404,52,4,48,2
46405,47,8,39,2
46406,50,7,43,2
46407,51,4,47,2
46408,48,7,41,2
46410,55,2,53,2
46411,52,4,48,2
46412,50,8,42,2
46413,54,3,51,2
46414,66,3,63,2
46415,67,8,59,2
46416,58,7,51,2
46417,74,10,64,2
46418,1,0,1,1
46420,56,7,49,2
46421,45,3,42,2
46422,2,0,2,1
46423,56,6,50,2
46424,60,14,46,2
46425,62,9,53,2
46426,53,6,47,2
46427,53,3,50,2
46430,63,9,54,2
46431,49,4,45,2
46432,48,8,40,2
46433,66,6,60,2
46434,49,3,46,2
46435,54,5,49,2
46436,1,1,0,1
46437,62,7,55,2
46438,58,10,48,2
46439,58,8,50,2
46440,45,2,43,2
46441,51,5,46,2
46442,66,6,60,2
46443,50,5,45,2
46444,61,5,56,2
46445,60,5,55,2
46448,53,5,48,2
46449,41,5,36,2
46450,73,10,63,2
46451,56,9,47,2
46452,54,6,48,2
46453,47,11,36,2
46454,1,0,1,1
46455,55,5,50,2
46456,53,4,49,2
46457,49,10,39,2
46458,47,6,41,2
46459,11,8,3,2
46461,45,8,37,2
46462,1,1,0,1
46463,61,6,55,2
46466,49,5,44,2
46467,56,4,52,2
46468,45,2,43,2
46469,46,5,41,2
46470,59,9,50,2
46471,2,0,2,1
46472,43,4,39,2
46473,46,5,41,2
46474,55,4,51,2
46475,46,3,43,2
46476,51,8,43,2
46477,49,8,41,2
46478,54,10,44,2
46479,3,0,3,1
46480,42,8,34,2
46482,4,1,3,2
46483,54,3,51,2
46484,63,12,51,2
46485,38,3,35,2
46486,58,13,45,2
46487,39,5,34,2
46488,50,7,43,2
46489,44,7,37,2
46490,60,11,49,2
46491,53,5,48,2
46492,55,3,52,2
46493,59,6,53,2
46494,61,7,54,2
46495,70,10,60,2
46496,47,6,41,2
46497,61,8,53,2
46498,64,7,57,2
46499,51,5,46,2
46500,58,8,50,2
46501,57,5,52,2
46502,63,8,55,2
46503,53,5,48,2
46504,43,5,38,2
46505,55,11,44,2
46506,65,3,62,2
46507,53,5,48,2
46508,54,9,45,2
46509,45,5,40,2
46512,51,6,45,2
46514,57,7,50,2
46517,55,6,49,2
46518,58,7,51,2
46519,45,4,41,2
46520,52,7,45,2
46521,54,6,48,2
46522,52,10,42,2
46523,43,5,38,2
46524,55,7,48,2
46525,68,12,56,2
46526,55,7,48,2
46527,50,5,45,2
46528,46,2,44,2
46529,54,7,47,2
46531,56,9,47,2
46532,52,3,49,2
46533,62,7,55,2
46535,50,6,44,2
46536,57,6,51,2
46537,58,9,49,2
46538,54,8,46,2
46539,64,13,51,2
46540,51,7,44,2
46542,52,7,45,2
46543,1,1,0,1
46544,57,8,49,2
46545,3,1,2,2
46546,55,4,51,2
46547,56,5,51,2
46548,50,2,48,2
46549,54,8,46,2
46550,49,3,46,2
46552,68,11,57,2
46554,50,5,45,2
46556,67,9,58,2
46557,55,7,48,2
46558,44,11,33,2
46559,55,9,46,2
46561,56,5,51,2
46562,8,0,8,1
46563,49,7,42,2
46564,49,5,44,2
46565,50,9,41,2
46566,51,11,40,2
46567,60,3,57,2
46568,58,9,49,2
46569,48,7,41,2
46570,50,6,44,2
46571,52,5,47,2
46572,53,9,44,2
46573,58,5,53,2
46574,49,7,42,2
46575,49,9,40,2
46576,49,9,40,2
46577,55,6,49,2
46578,49,5,44,2
46579,61,12,49,2
46580,18,2,16,2
46581,54,8,46,2
46582,57,11,46,2
46584,49,5,44,2
46585,56,4,52,2
46586,56,7,49,2
46587,51,5,46,2
46589,63,7,56,2
46590,55,7,48,2
46591,49,7,42,2
46592,56,8,48,2
46594,56,9,47,2
46595,57,8,49,2
46596,50,8,42,2
46597,64,0,64,1
46598,62,10,52,2
46599,53,8,45,2
46600,62,9,53,2
46601,64,8,56,2
46602,54,7,47,2
46603,59,4,55,2
46604,42,41,1,2
46605,59,4,55,2
46606,67,12,55,2
46607,69,3,66,2
46608,66,8,58,2
46609,51,5,46,2
46610,55,6,49,2
46611,50,6,44,2
46612,50,7,43,2
46613,58,7,51,2
46614,47,7,40,2
46615,57,6,51,2
46616,39,3,36,2
46618,51,7,44,2
46619,52,5,47,2
46620,64,6,58,2
46623,65,10,55,2
46624,56,5,51,2
46625,47,9,38,2
46626,2,1,1,2
46627,44,2,42,2
46628,56,6,50,2
46629,52,6,46,2
46630,49,4,45,2
46631,50,3,47,2
46634,4,0,4,1
46635,52,12,40,2
46636,55,7,48,2
46637,65,6,59,2
46638,50,6,44,2
46639,50,4,46,2
46640,45,5,40,2
46641,57,6,51,2
46642,59,10,49,2
46643,46,4,42,2
46644,56,8,48,2
46645,51,6,45,2
46646,49,5,44,2
46647,56,6,50,2
46648,58,8,50,2
46649,55,5,50,2
46650,60,5,55,2
46652,56,8,48,2
46653,56,6,50,2
46654,62,7,55,2
46655,49,5,44,2
46656,56,4,52,2
46657,74,9,65,2
46658,55,8,47,2
46659,44,6,38,2
46660,58,8,50,2
46661,67,6,61,2
46662,46,4,42,2
46663,56,4,52,2
46664,48,3,45,2
46665,51,7,44,2
46667,2,1,1,2
46669,4,0,4,1
46670,44,1,43,2
46671,58,8,50,2
46672,47,5,42,2
46673,50,8,42,2
46674,61,6,55,2
46675,51,5,46,2
46676,46,3,43,2
46677,55,8,47,2
46678,57,4,53,2
46679,53,5,48,2
46680,50,4,46,2
46681,66,9,57,2
46682,61,4,57,2
46683,55,5,50,2
46684,48,7,41,2
46685,57,4,53,2
46686,64,14,50,2
46687,46,9,37,2
46688,56,5,51,2
46689,48,8,40,2
46690,48,9,39,2
46691,66,13,53,2
46692,50,7,43,2
46693,3,0,3,1
46694,48,3,45,2
46695,59,11,48,2
46696,61,8,53,2
46697,52,8,44,2
46698,27,0,27,1
46699,51,3,48,2
46700,47,3,44,2
46701,53,14,39,2
46703,57,9,48,2
46704,61,5,56,2
46705,50,7,43,2
46706,46,2,44,2
46707,44,43,1,2
46708,52,10,42,2
46709,55,6,49,2
46710,43,6,37,2
46711,53,6,47,2
46712,50,5,45,2
46713,58,6,52,2
46714,58,3,55,2
46715,53,6,47,2
46716,7,1,6,2
46717,38,3,35,2
46718,57,10,47,2
46719,61,8,53,2
46720,46,4,42,2
46721,50,5,45,2
46722,59,12,47,2
46723,61,8,53,2
46724,9,1,8,2
46726,47,8,39,2
46727,60,8,52,2
46728,51,5,46,2
46729,47,7,40,2
46730,52,7,45,2
46731,45,1,44,2
46732,53,12,41,2
46733,62,8,54,2
46734,57,8,49,2
46735,64,5,59,2
46736,52,8,44,2
46737,49,5,44,2
46738,62,8,54,2
46739,54,5,49,2
46740,47,8,39,2
46741,62,5,57,2
46742,55,7,48,2
46743,57,3,54,2
46744,54,5,49,2
46745,61,10,51,2
46746,8,7,1,2
46747,59,8,51,2
46748,74,12,62,2
46749,62,4,58,2
46750,44,3,41,2
46751,56,7,49,2
46752,4,0,4,1
46753,58,9,49,2
46754,59,7,52,2
46755,8,2,6,2
46756,50,5,45,2
46757,52,8,44,2
46758,44,8,36,2
46759,58,4,54,2
46760,61,5,56,2
46761,45,4,41,2
46762,69,5,64,2
46763,57,9,48,2
46764,60,7,53,2
46765,55,4,51,2
46766,62,2,60,2
46767,1,0,1,1
46769,53,6,47,2
46770,64,11,53,2
46771,65,16,49,2
46772,53,5,48,2
46773,58,7,51,2
46774,53,9,44,2
46776,55,6,49,2
46777,44,3,41,2
46779,53,8,45,2
46781,53,10,43,2
46782,59,4,55,2
46783,45,7,38,2
46784,53,12,41,2
46785,45,3,42,2
46786,56,7,49,2
46787,55,5,50,2
46788,53,4,49,2
46789,62,8,54,2
46790,67,10,57,2
46791,46,5,41,2
46792,56,2,54,2
46794,60,11,49,2
46795,45,2,43,2
46796,64,8,56,2
46797,44,4,40,2
46798,58,5,53,2
46799,55,7,48,2
46800,60,3,57,2
46801,61,8,53,2
46802,5,3,2,2
46803,53,9,44,2
46804,49,6,43,2
46805,4,0,4,1
46806,63,12,51,2
46807,61,6,55,2
46808,44,5,39,2
46809,49,9,40,2
46810,61,9,52,2
46811,52,8,44,2
46812,64,9,55,2
46813,44,2,42,2
46814,50,7,43,2
46815,59,9,50,2
46816,57,5,52,2
46817,53,11,42,2
46818,61,11,50,2
46819,50,8,42,2
46820,61,7,54,2
46821,46,4,42,2
46822,54,6,48,2
46823,60,5,55,2
46824,65,6,59,2
46825,54,4,50,2
46826,52,4,48,2
46827,45,6,39,2
46828,36,2,34,2
46829,45,8,37,2
46830,52,5,47,2
46831,51,11,40,2
46832,49,3,46,2
46833,56,4,52,2
46834,59,8,51,2
46835,55,10,45,2
46836,68,6,62,2
46838,4,0,4,1
46839,52,9,43,2
46840,48,2,46,2
46841,58,10,48,2
46842,50,3,47,2
46843,53,7,46,2
46844,51,5,46,2
46845,53,4,49,2
46846,49,6,43,2
46847,58,5,53,2
46848,48,7,41,2
46849,70,9,61,2
46850,49,6,43,2
46851,55,9,46,2
46852,53,5,48,2
46853,68,8,60,2
46854,55,9,46,2
46855,58,4,54,2
46856,50,4,46,2
46858,58,6,52,2
46859,54,7,47,2
46860,57,8,49,2
46861,62,7,55,2
46862,62,10,52,2
46863,57,12,45,2
46864,61,5,56,2
46865,54,4,50,2
46866,55,5,50,2
46867,36,4,32,2
46868,56,5,51,2
46869,42,3,39,2
46870,64,7,57,2
46871,41,5,36,2
46872,43,5,38,2
46873,52,3,49,2
46874,50,4,46,2
46875,54,2,52,2
46877,56,7,49,2
46878,63,12,51,2
46879,21,21,0,1
46881,64,7,57,2
46882,13,13,0,1
46883,43,5,38,2
46884,53,4,49,2
46885,53,3,50,2
46886,49,6,43,2
46887,40,6,34,2
46888,61,7,54,2
46889,45,3,42,2
46890,48,3,45,2
46891,45,6,39,2
46892,55,8,47,2
46893,3,1,2,2
46894,41,3,38,2
46895,43,3,40,2
46896,50,5,45,2
46897,58,8,50,2
46898,62,11,51,2
46899,65,2,63,2
46900,52,5,47,2
46901,51,10,41,2
46902,60,7,53,2
46903,60,8,52,2
46904,52,2,50,2
46905,51,6,45,2
46906,1,0,1,1
46907,5,2,3,2
46908,48,8,40,2
46909,59,6,53,2
46910,54,6,48,2
46911,51,3,48,2
46912,56,4,52,2
46913,59,12,47,2
46914,3,3,0,1
46915,53,7,46,2
46916,55,5,50,2
46917,44,7,37,2
46918,53,5,48,2
46919,2086,719,1367,2
46920,63,12,51,2
46921,55,0,55,1
46922,47,5,42,2
46923,60,2,58,2
46924,48,6,42,2
46925,55,9,46,2
46926,48,5,43,2
46927,46,4,42,2
46928,53,3,50,2
46929,60,7,53,2
46930,48,6,42,2
46931,64,5,59,2
46932,54,5,49,2
46933,51,11,40,2
46934,57,7,50,2
46935,43,4,39,2
46936,48,8,40,2
46937,49,3,46,2
46938,66,10,56,2
46939,63,8,55,2
46940,53,8,45,2
46941,53,10,43,2
46942,69,11,58,2
46943,21,21,0,1
46944,50,6,44,2
46945,54,7,47,2
46946,59,3,56,2
46947,54,11,43,2
46949,45,6,39,2
46950,54,4,50,2
46951,59,6,53,2
46952,55,11,44,2
46953,42,3,39,2
46954,39,5,34,2
46955,46,7,39,2
46956,42,10,32,2
46957,62,6,56,2
46958,62,2,60,2
46959,44,7,37,2
46960,44,5,39,2
46961,48,6,42,2
46962,61,5,56,2
46963,55,4,51,2
46965,56,9,47,2
46968,62,8,54,2
46969,51,7,44,2
46970,46,8,38,2
46971,62,5,57,2
46972,60,7,53,2
46973,73,10,63,2
46974,54,7,47,2
46975,60,8,52,2
46976,55,8,47,2
46977,65,7,58,2
46978,60,5,55,2
46979,59,8,51,2
46981,46,6,40,2
46982,53,4,49,2
46983,47,7,40,2
46984,47,3,44,2
46985,7,3,4,2
46986,58,6,52,2
46987,55,5,50,2
46988,60,6,54,2
46989,58,5,53,2
46990,61,7,54,2
46991,52,10,42,2
46992,57,8,49,2
46993,58,7,51,2
46994,58,10,48,2
46995,44,4,40,2
46996,65,8,57,2
46997,56,9,47,2
46998,56,9,47,2
46999,55,5,50,2
47000,51,7,44,2
47001,59,7,52,2
47002,54,8,46,2
47003,59,9,50,2
47004,48,11,37,2
47005,65,9,56,2
47006,76,14,62,2
47007,11,11,0,1
47008,74,5,69,2
47009,53,9,44,2
47010,50,6,44,2
47011,46,4,42,2
47012,57,10,47,2
47013,44,2,42,2
47014,56,11,45,2
47015,57,5,52,2
47016,1,0,1,1
47017,59,4,55,2
47018,52,6,46,2
47020,55,9,46,2
47022,63,6,57,2
47023,52,11,41,2
47024,64,11,53,2
47025,2,0,2,1
47026,49,6,43,2
47027,60,9,51,2
47028,56,0,56,1
47031,2,1,1,2
47033,58,5,53,2
47034,54,6,48,2
47035,61,7,54,2
47036,62,10,52,2
47037,53,4,49,2
47038,63,10,53,2
47039,42,6,36,2
47040,54,5,49,2
47041,70,13,57,2
47042,65,7,58,2
47043,48,6,42,2
47045,62,13,49,2
47046,54,3,51,2
47047,53,5,48,2
47048,43,6,37,2
47049,54,6,48,2
47050,55,5,50,2
47051,51,13,38,2
47052,54,6,48,2
47053,48,2,46,2
47054,55,4,51,2
47055,57,8,49,2
47056,51,3,48,2
47057,59,4,55,2
47059,51,3,48,2
47061,52,7,45,2
47062,55,5,50,2
47063,55,7,48,2
47064,58,8,50,2
47066,68,5,63,2
47068,46,5,41,2
47069,62,10,52,2
47070,52,6,46,2
47071,11,3,8,2
47072,47,5,42,2
47073,50,3,47,2
47074,71,11,60,2
47075,63,5,58,2
47076,59,8,51,2
47077,59,5,54,2
47078,61,6,55,2
47079,47,7,40,2
47080,2,0,2,1
47081,21,21,0,1
47082,58,6,52,2
47083,61,6,55,2
47085,63,11,52,2
47086,42,4,38,2
47087,51,8,43,2
47088,55,5,50,2
47089,65,9,56,2
47090,55,5,50,2
47091,38,6,32,2
47092,55,6,49,2
47093,5,4,1,2
47094,59,8,51,2
47095,60,8,52,2
47096,62,9,53,2
47097,24,10,14,2
47098,39,5,34,2
47099,54,4,50,2
47100,69,10,59,2
47101,59,12,47,2
47102,1,1,0,1
47103,62,5,57,2
47104,61,5,56,2
47106,48,9,39,2
47107,50,3,47,2
47108,53,7,46,2
47109,47,4,43,2
47110,12,7,5,2
47112,1,0,1,1
47113,45,4,41,2
47114,51,5,46,2
47115,49,7,42,2
47116,59,9,50,2
47117,43,7,36,2
47118,72,5,67,2
47119,60,10,50,2
47120,59,10,49,2
47121,67,10,57,2
47123,1,0,1,1
47124,56,8,48,2
47125,42,6,36,2
47126,56,7,49,2
47127,56,11,45,2
47128,1,0,1,1
47129,45,5,40,2
47130,59,9,50,2
47131,1,0,1,1
47132,61,16,45,2
47133,65,11,54,2
47134,55,4,51,2
47135,59,7,52,2
47136,45,5,40,2
47137,43,5,38,2
47138,42,5,37,2
47139,66,4,62,2
47140,68,1,67,2
47141,70,6,64,2
47142,54,6,48,2
47143,61,8,53,2
47145,60,6,54,2
47146,52,3,49,2
47147,65,9,56,2
47148,55,2,53,2
47149,61,5,56,2
47150,74,11,63,2
47151,64,11,53,2
47152,69,8,61,2
47153,43,8,35,2
47154,46,7,39,2
47155,52,4,48,2
47156,50,10,40,2
47157,47,6,41,2
47158,57,5,52,2
47159,51,8,43,2
47160,60,8,52,2
47161,49,5,44,2
47162,46,2,44,2
47163,55,5,50,2
47164,63,9,54,2
47165,55,6,49,2
47166,63,12,51,2
47167,38,8,30,2
47168,55,11,44,2
47169,3,0,3,1
47170,63,9,54,2
47171,73,9,64,2
47172,45,4,41,2
47173,67,10,57,2
47174,58,7,51,2
47175,61,11,50,2
47176,65,7,58,2
47177,10,9,1,2
47178,53,9,44,2
47179,68,9,59,2
47180,50,5,45,2
47182,61,7,54,2
47183,54,6,48,2
47184,50,4,46,2
47185,62,5,57,2
47186,44,3,41,2
47188,48,3,45,2
47189,60,5,55,2
47190,4,0,4,1
47191,51,5,46,2
47192,44,8,36,2
47193,45,9,36,2
47194,2,1,1,2
47195,48,0,48,1
47196,57,6,51,2
47197,2,2,0,1
47198,50,6,44,2
47199,58,9,49,2
47200,62,7,55,2
47201,53,7,46,2
47202,50,5,45,2
47203,50,4,46,2
47204,42,5,37,2
47205,56,8,48,2
47206,55,3,52,2
47207,38,5,33,2
47208,60,9,51,2
47209,58,6,52,2
47210,61,9,52,2
47212,59,11,48,2
47213,61,6,55,2
47215,47,4,43,2
47216,33,4,29,2
47217,43,4,39,2
47218,60,7,53,2
47219,62,6,56,2
47221,61,6,55,2
47222,72,12,60,2
47223,50,5,45,2
47224,13,0,13,1
47225,63,5,58,2
47227,60,9,51,2
47228,58,5,53,2
47229,62,7,55,2
47231,56,11,45,2
47232,56,9,47,2
47234,64,11,53,2
47235,50,9,41,2
47236,57,7,50,2
47237,39,5,34,2
47239,57,5,52,2
47240,23,20,3,2
47242,68,7,61,2
47243,56,4,52,2
47244,56,4,52,2
47245,59,5,54,2
47246,53,5,48,2
47247,60,9,51,2
47248,83,8,75,2
47249,54,12,42,2
47250,48,7,41,2
47251,8,0,8,1
47252,67,6,61,2
47253,51,5,46,2
47254,55,4,51,2
47255,52,10,42,2
47256,51,2,49,2
47257,55,8,47,2
47258,62,7,55,2
47259,56,4,52,2
47260,60,6,54,2
47261,55,4,51,2
47262,54,8,46,2
47263,62,6,56,2
47264,45,4,41,2
47265,51,9,42,2
47266,57,3,54,2
47267,62,11,51,2
47268,8,4,4,2
47269,59,3,56,2
47270,48,8,40,2
47271,49,3,46,2
47272,49,3,46,2
47273,8,0,8,1
47274,48,4,44,2
47275,54,2,52,2
47276,58,6,52,2
47278,58,7,51,2
47279,56,13,43,2
47280,48,2,46,2
47281,45,7,38,2
47282,54,5,49,2
47283,50,4,46,2
47284,59,8,51,2
47285,2,0,2,1
47286,51,5,46,2
47287,54,6,48,2
47288,52,48,4,2
47289,6,6,0,1
47290,63,6,57,2
47291,63,7,56,2
47293,52,3,49,2
47295,60,5,55,2
47296,50,12,38,2
47297,58,8,50,2
47298,51,4,47,2
47299,60,6,54,2
47300,40,1,39,2
47301,57,4,53,2
47302,51,3,48,2
47303,62,10,52,2
47304,47,5,42,2
47305,53,5,48,2
47306,64,6,58,2
47307,54,3,51,2
47309,46,8,38,2
47310,42,6,36,2
47311,48,9,39,2
47312,46,4,42,2
47313,60,8,52,2
47314,55,6,49,2
47315,44,4,40,2
47316,53,7,46,2
47317,50,7,43,2
47318,54,7,47,2
47319,60,12,48,2
47321,52,7,45,2
47322,56,9,47,2
47323,40,5,35,2
47324,57,6,51,2
47325,52,4,48,2
47326,53,3,50,2
47327,38,4,34,2
47328,50,10,40,2
47329,58,6,52,2
47331,54,8,46,2
47332,54,7,47,2
47333,37,5,32,2
47334,67,10,57,2
47336,57,7,50,2
47337,50,5,45,2
47339,54,9,45,2
47340,54,7,47,2
47342,57,9,48,2
47343,61,7,54,2
47344,57,8,49,2
47345,42,4,38,2
47346,65,5,60,2
47348,22,11,11,2
47349,53,8,45,2
47350,57,8,49,2
47351,10,0,10,1
47352,65,5,60,2
47353,48,5,43,2
47355,39,2,37,2
47356,57,5,52,2
47357,57,7,50,2
47359,55,6,49,2
47361,54,7,47,2
47362,52,8,44,2
47363,55,9,46,2
47364,60,7,53,2
47365,5,0,5,1
47366,55,4,51,2
47367,58,10,48,2
47368,58,8,50,2
47369,65,7,58,2
47370,63,4,59,2
47372,58,11,47,2
47373,54,10,44,2
47374,9,9,0,1
47375,1,0,1,1
47376,54,12,42,2
47377,48,8,40,2
47378,59,9,50,2
47379,72,12,60,2
47380,62,5,57,2
47381,51,5,46,2
47382,55,5,50,2
47383,65,6,59,2
47384,51,4,47,2
47385,39,4,35,2
47386,61,8,53,2
47387,45,5,40,2
47388,59,10,49,2
47389,2,0,2,1
47390,62,8,54,2
47391,55,6,49,2
47392,59,7,52,2
47393,56,7,49,2
47394,52,8,44,2
47395,59,2,57,2
47396,55,8,47,2
47398,62,9,53,2
47399,61,8,53,2
47400,66,7,59,2
47401,68,4,64,2
47402,38,6,32,2
47403,67,4,63,2
47404,56,7,49,2
47405,62,6,56,2
47406,44,7,37,2
47407,58,58,0,1
47408,66,7,59,2
47409,69,10,59,2
47410,65,5,60,2
47411,59,6,53,2
47412,47,3,44,2
47413,58,8,50,2
47414,6,2,4,2
47415,71,6,65,2
47418,62,7,55,2
47419,51,8,43,2
47420,54,5,49,2
47421,66,10,56,2
47422,2,2,0,1
47423,46,5,41,2
47424,66,5,61,2
47425,65,10,55,2
47426,67,9,58,2
47428,58,6,52,2
47429,60,10,50,2
47430,54,10,44,2
47431,41,6,35,2
47432,45,6,39,2
47433,63,5,58,2
47434,47,6,41,2
47435,52,5,47,2
47436,50,5,45,2
47437,41,5,36,2
47438,52,3,49,2
47439,2,0,2,1
47440,57,9,48,2
47441,48,10,38,2
47442,69,9,60,2
47443,72,10,62,2
47444,59,5,54,2
47445,60,9,51,2
47446,62,9,53,2
47447,53,9,44,2
47448,56,7,49,2
47449,47,8,39,2
47450,49,2,47,2
47451,59,7,52,2
47452,67,9,58,2
47453,53,9,44,2
47454,52,8,44,2
47455,59,8,51,2
47456,56,7,49,2
47457,67,6,61,2
47458,61,11,50,2
47459,58,5,53,2
47460,45,3,42,2
47461,53,6,47,2
47462,2,0,2,1
47464,46,6,40,2
47465,51,11,40,2
47466,47,4,43,2
47467,59,4,55,2
47468,45,8,37,2
47469,52,10,42,2
47470,53,8,45,2
47471,62,8,54,2
47472,48,8,40,2
47473,57,7,50,2
47474,43,2,41,2
47475,56,2,54,2
47476,54,9,45,2
47477,57,6,51,2
47478,52,7,45,2
47479,48,4,44,2
47480,59,9,50,2
47481,45,4,41,2
47483,62,11,51,2
47484,54,5,49,2
47485,2,1,1,2
47486,53,8,45,2
47487,38,5,33,2
47488,44,3,41,2
47489,47,5,42,2
47490,95,2,93,2
47491,55,9,46,2
47492,57,6,51,2
47493,55,3,52,2
47494,2,2,0,1
47497,49,7,42,2
47498,5,2,3,2
47499,45,7,38,2
47500,51,7,44,2
47501,54,6,48,2
47502,59,4,55,2
47503,59,11,48,2
47504,58,13,45,2
47505,64,10,54,2
47507,50,6,44,2
47508,5,0,5,1
47509,49,4,45,2
47510,54,7,47,2
47511,41,7,34,2
47512,44,4,40,2
47513,59,3,56,2
47514,58,11,47,2
47515,7,2,5,2
47516,53,10,43,2
47517,51,7,44,2
47518,57,9,48,2
47519,1,1,0,1
47520,53,4,49,2
47521,55,9,46,2
47522,49,17,32,2
47523,53,3,50,2
47524,51,7,44,2
47525,57,5,52,2
47526,41,4,37,2
47527,56,9,47,2
47528,56,7,49,2
47529,66,6,60,2
47530,51,6,45,2
47531,55,13,42,2
47532,52,8,44,2
47533,57,1,56,2
47534,45,6,39,2
47535,56,6,50,2
47536,57,10,47,2
47537,52,6,46,2
47538,2,0,2,1
47539,58,6,52,2
47540,54,3,51,2
47541,56,8,48,2
47542,46,6,40,2
47543,43,5,38,2
47544,38,5,33,2
47545,56,9,47,2
47547,59,7,52,2
47548,49,7,42,2
47549,61,10,51,2
47550,1,0,1,1
47552,70,17,53,2
47553,49,9,40,2
47554,45,5,40,2
47555,3,3,0,1
47556,52,7,45,2
47557,47,6,41,2
47558,49,6,43,2
47559,68,8,60,2
47560,53,4,49,2
47561,56,5,51,2
47562,67,9,58,2
47563,1,0,1,1
47564,1,0,1,1
47565,64,6,58,2
47566,48,5,43,2
47567,67,7,60,2
47568,46,7,39,2
47569,57,5,52,2
47570,58,9,49,2
47571,65,8,57,2
47572,71,12,59,2
47573,48,7,41,2
47575,64,9,55,2
47576,53,9,44,2
47577,2,1,1,2
47578,44,8,36,2
47579,1,1,0,1
47580,51,10,41,2
47581,45,4,41,2
47583,61,5,56,2
47584,55,4,51,2
47585,51,8,43,2
47586,54,3,51,2
47587,61,5,56,2
47588,46,1,45,2
47589,47,7,40,2
47590,62,11,51,2
47591,42,3,39,2
47592,33,32,1,2
47593,53,8,45,2
47594,48,6,42,2
47595,50,4,46,2
47596,57,7,50,2
47597,46,5,41,2
47598,61,6,55,2
47599,52,6,46,2
47602,67,7,60,2
47603,53,4,49,2
47604,54,7,47,2
47605,52,5,47,2
47606,2,0,2,1
47607,58,6,52,2
47608,51,6,45,2
47610,59,5,54,2
47611,2,0,2,1
47612,62,5,57,2
47615,57,6,51,2
47616,56,5,51,2
47617,61,10,51,2
47618,4,3,1,2
47620,73,11,62,2
47621,59,11,48,2
47622,1,1,0,1
47623,43,6,37,2
47624,61,11,50,2
47625,61,10,51,2
47626,57,6,51,2
47627,60,15,45,2
47628,56,7,49,2
47629,45,5,40,2
47630,53,6,47,2
47631,45,7,38,2
47632,40,6,34,2
47633,56,5,51,2
47634,50,2,48,2
47635,42,6,36,2
47637,8,2,6,2
47638,56,5,51,2
47639,45,7,38,2
47640,1,0,1,1
47641,2,0,2,1
47642,62,11,51,2
47643,65,6,59,2
47644,48,4,44,2
47645,2,1,1,2
47646,50,9,41,2
47647,43,5,38,2
47648,54,4,50,2
47650,66,12,54,2
47651,2,1,1,2
47652,56,6,50,2
47653,10,3,7,2
47654,51,1,50,2
47655,44,6,38,2
47656,61,2,59,2
47657,57,3,54,2
47659,45,4,41,2
47661,47,5,42,2
47662,13,10,3,2
47663,29,26,3,2
47664,65,4,61,2
47665,75,72,3,2
47666,62,12,50,2
47667,47,7,40,2
47668,47,3,44,2
47669,55,5,50,2
47670,59,4,55,2
47671,4,2,2,2
47673,10,0,10,1
47674,47,5,42,2
47675,7,1,6,2
47676,53,4,49,2
47677,45,5,40,2
47679,59,6,53,2
47680,48,5,43,2
47681,44,6,38,2
47682,44,6,38,2
47683,64,6,58,2
47684,59,10,49,2
47685,54,4,50,2
47686,55,12,43,2
47687,55,9,46,2
47688,54,6,48,2
47689,47,7,40,2
47690,51,6,45,2
47691,52,8,44,2
47692,49,3,46,2
47693,42,4,38,2
47694,4,3,1,2
47695,42,8,34,2
47697,65,12,53,2
47698,59,4,55,2
47699,52,10,42,2
47701,58,7,51,2
47702,47,10,37,2
47703,25,11,14,2
47704,49,7,42,2
47705,55,10,45,2
47706,64,10,54,2
47707,56,5,51,2
47708,59,6,53,2
47709,64,7,57,2
47711,4,2,2,2
47712,56,7,49,2
47713,53,1,52,2
47714,6,0,6,1
47715,58,7,51,2
47716,63,7,56,2
47717,57,7,50,2
47718,48,0,48,1
47719,45,1,44,2
47720,61,8,53,2
47721,58,4,54,2
47722,70,9,61,2
47723,6,0,6,1
47724,45,9,36,2
47725,44,4,40,2
47726,52,5,47,2
47727,52,4,48,2
47728,48,4,44,2
47729,62,9,53,2
47730,67,9,58,2
47731,59,8,51,2
47732,51,7,44,2
47734,61,8,53,2
47735,55,9,46,2
47736,53,4,49,2
47737,53,6,47,2
47738,59,10,49,2
47739,62,5,57,2
47740,52,11,41,2
47741,44,3,41,2
47742,53,11,42,2
47743,58,6,52,2
47744,56,8,48,2
47745,57,5,52,2
47746,69,10,59,2
47747,54,4,50,2
47748,44,3,41,2
47749,49,4,45,2
47750,60,8,52,2
47751,50,6,44,2
47752,56,5,51,2
47753,51,10,41,2
47755,50,10,40,2
47757,48,5,43,2
47758,51,8,43,2
47759,8,8,0,1
47760,60,8,52,2
47761,59,9,50,2
47762,1,0,1,1
47763,50,6,44,2
47764,18,18,0,1
47765,59,9,50,2
47766,60,3,57,2
47767,37,4,33,2
47768,57,8,49,2
47769,45,3,42,2
47770,53,6,47,2
47771,56,7,49,2
47773,46,6,40,2
47774,59,7,52,2
47775,44,6,38,2
47776,46,3,43,2
47777,56,3,53,2
47778,53,7,46,2
47779,46,7,39,2
47781,49,3,46,2
47782,5,0,5,1
47783,49,9,40,2
47784,42,5,37,2
47785,4,4,0,1
47786,66,5,61,2
47787,57,6,51,2
47788,63,11,52,2
47789,64,7,57,2
47790,47,5,42,2
47791,3,0,3,1
47792,1,0,1,1
47793,52,5,47,2
47794,22,21,1,2
47795,10,9,1,2
47796,42,5,37,2
47797,32,3,29,2
47798,47,2,45,2
47799,66,8,58,2
47800,49,4,45,2
47801,56,8,48,2
47802,30,2,28,2
47803,46,3,43,2
47804,47,4,43,2
47805,48,6,42,2
47806,59,7,52,2
47807,48,5,43,2
47808,65,5,60,2
47809,53,5,48,2
47810,48,4,44,2
47811,63,10,53,2
47812,54,4,50,2
47813,60,7,53,2
47814,67,4,63,2
47815,46,5,41,2
47816,71,16,55,2
47817,48,6,42,2
47818,56,3,53,2
47819,53,4,49,2
47820,48,4,44,2
47821,61,6,55,2
47822,46,8,38,2
47823,58,5,53,2
47824,1,0,1,1
47825,52,4,48,2
47826,58,9,49,2
47827,56,4,52,2
47829,66,4,62,2
47830,51,5,46,2
47831,65,10,55,2
47832,53,5,48,2
47833,48,7,41,2
47834,46,8,38,2
47835,43,7,36,2
47836,55,8,47,2
47839,39,2,37,2
47840,44,6,38,2
47841,52,6,46,2
47843,59,9,50,2
47844,60,10,50,2
47845,44,1,43,2
47846,54,7,47,2
47847,44,8,36,2
47848,48,6,42,2
47849,50,7,43,2
47850,50,6,44,2
47851,61,7,54,2
47853,1,0,1,1
47854,52,6,46,2
47855,52,5,47,2
47856,52,3,49,2
47857,58,7,51,2
47858,56,11,45,2
47859,12,3,9,2
47860,58,7,51,2
47861,51,7,44,2
47862,56,8,48,2
47863,49,5,44,2
47864,54,11,43,2
47865,56,6,50,2
47867,50,8,42,2
47868,62,6,56,2
47870,54,2,52,2
47871,45,7,38,2
47872,45,5,40,2
47873,61,7,54,2
47874,68,8,60,2
47875,57,11,46,2
47876,62,10,52,2
47877,50,4,46,2
47878,44,7,37,2
47879,58,7,51,2
47880,63,11,52,2
47881,44,4,40,2
47882,44,3,41,2
47883,43,6,37,2
47884,53,6,47,2
47885,53,6,47,2
47886,56,2,54,2
47887,50,2,48,2
47888,39,3,36,2
47889,65,4,61,2
47890,58,10,48,2
47891,43,6,37,2
47893,66,11,55,2
47894,56,8,48,2
47896,75,10,65,2
47897,49,7,42,2
47898,43,2,41,2
47899,42,3,39,2
47900,48,2,46,2
47901,51,6,45,2
47902,67,6,61,2
47903,53,8,45,2
47904,60,11,49,2
47907,1,0,1,1
47910,59,4,55,2
47911,56,8,48,2
47912,67,8,59,2
47913,43,5,38,2
47914,57,11,46,2
47915,48,12,36,2
47916,40,6,34,2
47917,59,4,55,2
47918,40,8,32,2
47919,49,4,45,2
47920,67,11,56,2
47921,65,10,55,2
47922,50,8,42,2
47923,52,6,46,2
47924,58,6,52,2
47925,34,34,0,1
47926,54,5,49,2
47927,51,2,49,2
47928,50,9,41,2
47929,73,6,67,2
47930,70,10,60,2
47931,60,8,52,2
47932,55,6,49,2
47933,36,5,31,2
47934,55,6,49,2
47935,50,6,44,2
47936,47,4,43,2
47937,51,6,45,2
47938,52,4,48,2
47939,61,9,52,2
47940,49,6,43,2
47941,61,6,55,2
47942,52,4,48,2
47943,66,9,57,2
47944,57,7,50,2
47945,50,4,46,2
47946,52,7,45,2
47947,52,7,45,2
47948,64,8,56,2
47950,10,10,0,1
47951,60,10,50,2
47952,59,4,55,2
47954,52,4,48,2
47955,7,5,2,2
47956,51,5,46,2
47957,56,9,47,2
47958,46,6,40,2
47959,50,11,39,2
47960,57,7,50,2
47961,55,8,47,2
47962,62,9,53,2
47963,60,6,54,2
47964,54,4,50,2
47965,59,9,50,2
47966,62,6,56,2
47967,51,9,42,2
47968,49,4,45,2
47969,49,6,43,2
47970,39,3,36,2
47971,65,10,55,2
47972,45,4,41,2
47973,45,4,41,2
47974,53,8,45,2
47975,49,10,39,2
47976,49,8,41,2
47977,58,7,51,2
47978,48,5,43,2
47980,54,8,46,2
47981,55,2,53,2
47982,49,6,43,2
47984,51,8,43,2
47986,39,2,37,2
47987,62,6,56,2
47988,55,8,47,2
47989,51,8,43,2
47990,52,8,44,2
47991,49,5,44,2
47992,56,5,51,2
47993,60,10,50,2
47994,56,8,48,2
47995,70,7,63,2
47996,58,8,50,2
47997,69,68,1,2
47998,58,8,50,2
47999,59,8,51,2
48000,44,7,37,2
48001,1,0,1,1
48002,57,8,49,2
48003,59,3,56,2
48004,58,10,48,2
48005,49,4,45,2
48006,53,10,43,2
48007,59,8,51,2
48008,48,5,43,2
48009,45,6,39,2
48010,58,6,52,2
48011,57,7,50,2
48012,61,8,53,2
48013,47,3,44,2
48014,56,5,51,2
48015,44,1,43,2
48016,49,8,41,2
48017,39,3,36,2
48018,59,9,50,2
48019,59,6,53,2
48020,66,6,60,2
48021,60,9,51,2
48022,106,90,16,2
48023,63,9,54,2
48024,59,10,49,2
48025,46,3,43,2
48026,62,62,0,1
48027,62,11,51,2
48028,54,9,45,2
48029,44,4,40,2
48030,58,6,52,2
48031,5,5,0,1
48032,50,6,44,2
48033,55,7,48,2
48034,37,1,36,2
48035,65,7,58,2
48036,59,4,55,2
48037,54,6,48,2
48038,46,4,42,2
48039,61,9,52,2
48040,22,21,1,2
48041,1,0,1,1
48042,60,9,51,2
48043,48,8,40,2
48044,55,4,51,2
48046,45,4,41,2
48047,42,3,39,2
48048,65,6,59,2
48049,60,3,57,2
48050,53,9,44,2
48051,59,4,55,2
48052,10,10,0,1
48054,55,4,51,2
48055,53,6,47,2
48056,63,6,57,2
48057,56,4,52,2
48058,47,7,40,2
48059,53,4,49,2
48060,9,9,0,1
48061,2,1,1,2
48062,49,6,43,2
48063,62,6,56,2
48064,60,5,55,2
48065,54,6,48,2
48066,46,1,45,2
48067,61,7,54,2
48068,52,3,49,2
48069,62,8,54,2
48070,46,3,43,2
48072,61,7,54,2
48073,58,7,51,2
48074,59,8,51,2
48075,51,8,43,2
48076,58,10,48,2
48077,59,5,54,2
48078,56,7,49,2
48079,53,3,50,2
48080,49,9,40,2
48081,59,7,52,2
48082,40,8,32,2
48083,15,15,0,1
48084,55,6,49,2
48085,38,5,33,2
48086,55,6,49,2
48087,53,11,42,2
48088,64,7,57,2
48089,51,4,47,2
48090,60,8,52,2
48091,55,8,47,2
48092,10,10,0,1
48093,50,5,45,2
48094,67,7,60,2
48095,43,6,37,2
48096,3,1,2,2
48097,50,5,45,2
48098,53,8,45,2
48099,48,7,41,2
48100,1,0,1,1
48101,68,6,62,2
48102,59,9,50,2
48103,58,4,54,2
48104,51,4,47,2
48105,58,10,48,2
48106,64,8,56,2
48107,66,7,59,2
48110,58,0,58,1
48111,60,9,51,2
48112,48,8,40,2
48113,57,4,53,2
48114,53,6,47,2
48116,65,8,57,2
48117,2,1,1,2
48118,56,8,48,2
48119,44,9,35,2
48120,58,6,52,2
48121,57,7,50,2
48122,55,6,49,2
48123,50,11,39,2
48124,14,7,7,2
48125,44,5,39,2
48126,59,8,51,2
48127,48,7,41,2
48128,53,8,45,2
48129,50,5,45,2
48130,45,6,39,2
48131,51,5,46,2
48132,49,4,45,2
48133,61,8,53,2
48136,50,4,46,2
48137,61,8,53,2
48138,62,5,57,2
48139,2,1,1,2
48140,51,5,46,2
48141,46,7,39,2
48142,52,2,50,2
48143,59,4,55,2
48144,66,12,54,2
48145,61,7,54,2
48146,52,7,45,2
48147,65,0,65,1
48148,58,10,48,2
48149,57,5,52,2
48150,53,8,45,2
48151,53,3,50,2
48152,62,9,53,2
48153,56,2,54,2
48154,60,4,56,2
48155,61,5,56,2
48157,73,9,64,2
48158,53,7,46,2
48159,11,5,6,2
48160,64,7,57,2
48161,46,9,37,2
48162,56,7,49,2
48163,43,5,38,2
48164,52,7,45,2
48165,52,4,48,2
48166,54,11,43,2
48167,45,4,41,2
48168,63,10,53,2
48169,62,10,52,2
48171,54,10,44,2
48172,53,7,46,2
48173,63,7,56,2
48174,63,5,58,2
48175,45,7,38,2
48176,63,5,58,2
48177,65,7,58,2
48178,55,4,51,2
48179,49,5,44,2
48180,60,4,56,2
48181,50,9,41,2
48182,57,7,50,2
48184,52,5,47,2
48185,52,3,49,2
48186,5,4,1,2
48187,40,6,34,2
48188,55,8,47,2
48189,53,9,44,2
48190,60,3,57,2
48191,51,4,47,2
48192,52,7,45,2
48193,60,5,55,2
48194,52,9,43,2
48195,56,10,46,2
48196,58,8,50,2
48197,59,8,51,2
48198,58,6,52,2
48199,53,4,49,2
48200,43,10,33,2
48201,41,4,37,2
48202,54,4,50,2
48203,44,5,39,2
48204,53,8,45,2
48205,62,9,53,2
48206,62,6,56,2
48207,44,3,41,2
48208,68,4,64,2
48209,60,8,52,2
48210,52,7,45,2
48211,64,8,56,2
48212,53,2,51,2
48213,57,1,56,2
48214,68,6,62,2
48215,54,8,46,2
48216,47,9,38,2
48217,67,5,62,2
48218,61,3,58,2
48219,54,5,49,2
48220,57,5,52,2
48221,3,1,2,2
48222,5,2,3,2
48223,1,0,1,1
48224,49,5,44,2
48225,36,31,5,2
48226,50,4,46,2
48227,58,11,47,2
48228,56,8,48,2
48229,62,6,56,2
48230,1,1,0,1
48231,61,6,55,2
48232,53,4,49,2
48233,76,9,67,2
48234,46,1,45,2
48235,52,7,45,2
48236,56,8,48,2
48237,59,11,48,2
48238,54,6,48,2
48239,41,3,38,2
48240,62,10,52,2
48241,57,7,50,2
48242,57,6,51,2
48243,55,7,48,2
48244,50,5,45,2
48245,45,4,41,2
48246,51,10,41,2
48247,54,8,46,2
48248,64,3,61,2
48249,57,10,47,2
48250,54,2,52,2
48251,62,5,57,2
48253,49,6,43,2
48254,63,9,54,2
48255,59,3,56,2
48256,73,7,66,2
48257,53,5,48,2
48258,52,7,45,2
48259,59,5,54,2
48260,62,9,53,2
48261,55,7,48,2
48262,48,7,41,2
48263,58,9,49,2
48264,52,5,47,2
48266,63,8,55,2
48267,58,6,52,2
48268,47,6,41,2
48269,58,3,55,2
48270,42,3,39,2
48271,47,9,38,2
48272,61,8,53,2
48273,64,5,59,2
48274,63,3,60,2
48275,62,7,55,2
48276,8,1,7,2
48277,56,7,49,2
48278,67,8,59,2
48279,54,5,49,2
48280,49,8,41,2
48281,45,6,39,2
48282,66,6,60,2
48283,68,11,57,2
48284,58,9,49,2
48285,59,6,53,2
48286,63,2,61,2
48287,53,4,49,2
48288,54,2,52,2
48289,13,13,0,1
48290,55,5,50,2
48291,4,4,0,1
48293,49,6,43,2
48294,13,12,1,2
48295,59,11,48,2
48296,47,6,41,2
48297,66,7,59,2
48298,53,4,49,2
48299,43,5,38,2
48300,53,7,46,2
48301,3,3,0,1
48302,44,4,40,2
48303,58,10,48,2
48304,64,9,55,2
48305,68,3,65,2
48307,54,5,49,2
48308,58,5,53,2
48309,56,12,44,2
48310,9,0,9,1
48311,49,10,39,2
48312,48,3,45,2
48313,55,9,46,2
48314,63,8,55,2
48315,53,6,47,2
48316,61,8,53,2
48317,72,10,62,2
48318,54,5,49,2
48319,69,6,63,2
48320,63,5,58,2
48321,46,7,39,2
48322,45,6,39,2
48323,69,8,61,2
48324,43,1,42,2
48325,44,4,40,2
48326,50,4,46,2
48328,57,9,48,2
48329,61,11,50,2
48330,61,6,55,2
48331,54,9,45,2
48332,51,4,47,2
48333,56,2,54,2
48334,55,5,50,2
48335,61,9,52,2
48336,52,5,47,2
48337,64,9,55,2
48338,62,10,52,2
48339,54,6,48,2
48340,66,7,59,2
48341,53,10,43,2
48342,50,5,45,2
48343,46,9,37,2
48344,54,5,49,2
48345,46,4,42,2
48346,61,3,58,2
48347,50,6,44,2
48348,36,6,30,2
48349,48,7,41,2
48350,16,16,0,1
48351,46,7,39,2
48352,51,8,43,2
48353,59,7,52,2
48354,67,10,57,2
48355,54,6,48,2
48356,50,9,41,2
48357,49,5,44,2
48359,77,7,70,2
48361,49,13,36,2
48364,40,3,37,2
48366,45,4,41,2
48367,1,0,1,1
48368,43,7,36,2
48369,61,4,57,2
48370,48,5,43,2
48371,59,6,53,2
48372,51,5,46,2
48373,59,5,54,2
48374,63,4,59,2
48375,58,4,54,2
48376,50,4,46,2
48377,51,5,46,2
48378,55,8,47,2
48379,1,1,0,1
48380,60,10,50,2
48381,45,8,37,2
48382,52,8,44,2
48383,9,0,9,1
48384,45,7,38,2
48385,48,2,46,2
48386,58,10,48,2
48387,60,5,55,2
48388,57,7,50,2
48389,65,7,58,2
48390,44,9,35,2
48391,49,9,40,2
48392,55,4,51,2
48393,54,6,48,2
48394,43,4,39,2
48395,51,9,42,2
48396,63,5,58,2
48397,53,5,48,2
48398,68,4,64,2
48399,48,5,43,2
48401,55,7,48,2
48402,60,3,57,2
48403,56,11,45,2
48404,47,6,41,2
48405,45,5,40,2
48406,49,4,45,2
48407,60,9,51,2
48408,59,7,52,2
48409,53,28,25,2
48410,59,9,50,2
48411,59,5,54,2
48412,63,8,55,2
48413,47,3,44,2
48414,58,2,56,2
48415,48,5,43,2
48416,63,8,55,2
48417,67,6,61,2
48418,43,4,39,2
48419,1,0,1,1
48420,62,8,54,2
48421,64,7,57,2
48422,45,6,39,2
48423,53,6,47,2
48424,53,7,46,2
48425,58,8,50,2
48426,56,7,49,2
48427,66,13,53,2
48428,51,10,41,2
48429,48,7,41,2
48430,54,10,44,2
48431,46,2,44,2
48432,51,2,49,2
48433,59,7,52,2
48434,51,9,42,2
48435,55,4,51,2
48436,51,4,47,2
48437,55,9,46,2
48438,58,6,52,2
48439,53,8,45,2
48440,56,8,48,2
48441,57,9,48,2
48442,53,8,45,2
48443,48,2,46,2
48444,55,4,51,2
48445,54,7,47,2
48446,2,0,2,1
48447,55,7,48,2
48448,2,1,1,2
48449,55,5,50,2
48451,52,5,47,2
48452,54,8,46,2
48453,65,5,60,2
48454,57,9,48,2
48455,51,3,48,2
48456,50,6,44,2
48457,55,10,45,2
48458,58,6,52,2
48459,48,7,41,2
48460,51,6,45,2
48461,60,10,50,2
48462,53,7,46,2
48463,55,12,43,2
48464,48,6,42,2
48465,78,7,71,2
48466,59,5,54,2
48467,48,6,42,2
48468,61,7,54,2
48470,56,5,51,2
48471,53,8,45,2
48472,51,5,46,2
48473,65,7,58,2
48474,61,4,57,2
48475,49,4,45,2
48476,53,5,48,2
48477,46,7,39,2
48478,64,5,59,2
48479,50,6,44,2
48480,46,5,41,2
48481,47,6,41,2
48482,4,0,4,1
48483,63,5,58,2
48484,61,5,56,2
48485,58,5,53,2
48486,56,6,50,2
48487,73,8,65,2
48488,66,5,61,2
48489,44,6,38,2
48490,61,10,51,2
48491,49,5,44,2
48492,51,5,46,2
48493,47,10,37,2
48494,48,6,42,2
48495,66,8,58,2
48496,65,7,58,2
48497,46,5,41,2
48498,49,8,41,2
48499,5,1,4,2
48500,48,5,43,2
48501,47,1,46,2
48502,43,6,37,2
48503,3,0,3,1
48505,53,3,50,2
48506,4,0,4,1
48507,50,9,41,2
48508,53,5,48,2
48509,61,61,0,1
48510,55,9,46,2
48511,54,6,48,2
48512,55,3,52,2
48514,57,7,50,2
48516,51,5,46,2
48517,56,10,46,2
48518,56,9,47,2
48519,60,8,52,2
48520,55,4,51,2
48521,67,11,56,2
48522,2,2,0,1
48523,51,3,48,2
48524,65,4,61,2
48525,44,7,37,2
48526,63,11,52,2
48528,47,8,39,2
48529,51,6,45,2
48531,56,7,49,2
48532,75,5,70,2
48533,57,11,46,2
48534,50,5,45,2
48535,51,5,46,2
48536,46,3,43,2
48537,5,0,5,1
48538,40,2,38,2
48539,60,5,55,2
48540,44,6,38,2
48541,55,1,54,2
48543,4,1,3,2
48544,56,7,49,2
48545,48,8,40,2
48546,4,4,0,1
48547,1,0,1,1
48548,43,6,37,2
48549,49,6,43,2
48550,44,5,39,2
48551,71,12,59,2
48552,63,8,55,2
48553,48,7,41,2
48554,53,7,46,2
48555,48,4,44,2
48556,65,12,53,2
48557,48,7,41,2
48558,53,6,47,2
48559,50,6,44,2
48560,41,3,38,2
48561,44,7,37,2
48562,47,5,42,2
48564,2,1,1,2
48565,44,4,40,2
48566,66,6,60,2
48567,50,5,45,2
48568,56,9,47,2
48569,52,9,43,2
48570,62,5,57,2
48571,52,6,46,2
48572,51,7,44,2
48573,49,6,43,2
48574,55,7,48,2
48575,45,7,38,2
48576,42,4,38,2
48577,57,5,52,2
48578,51,4,47,2
48579,53,9,44,2
48580,44,6,38,2
48581,59,5,54,2
48582,54,9,45,2
48583,60,7,53,2
48584,50,6,44,2
48585,59,7,52,2
48586,51,6,45,2
48587,59,4,55,2
48588,47,7,40,2
48589,66,6,60,2
48590,62,9,53,2
48591,4,2,2,2
48592,60,7,53,2
48593,60,6,54,2
48594,57,10,47,2
48596,62,8,54,2
48597,57,5,52,2
48598,61,7,54,2
48599,60,9,51,2
48600,59,6,53,2
48602,67,10,57,2
48603,68,10,58,2
48604,53,6,47,2
48605,74,8,66,2
48606,16,0,16,1
48607,59,10,49,2
48608,51,5,46,2
48610,59,8,51,2
48611,61,8,53,2
48612,53,7,46,2
48614,46,6,40,2
48615,65,10,55,2
48616,56,5,51,2
48617,58,7,51,2
48618,15,10,5,2
48619,61,4,57,2
48620,42,2,40,2
48622,50,5,45,2
48623,55,9,46,2
48624,51,6,45,2
48625,63,8,55,2
48626,51,8,43,2
48627,59,7,52,2
48629,65,12,53,2
48630,36,4,32,2
48631,57,9,48,2
48632,60,4,56,2
48633,44,7,37,2
48634,49,3,46,2
48637,38,5,33,2
48639,53,9,44,2
48640,67,6,61,2
48641,48,4,44,2
48642,42,4,38,2
48643,48,4,44,2
48644,45,5,40,2
48645,40,8,32,2
48646,39,3,36,2
48647,54,6,48,2
48648,48,9,39,2
48649,54,11,43,2
48650,30,27,3,2
48651,65,8,57,2
48652,46,5,41,2
48654,59,8,51,2
48655,54,5,49,2
48656,46,3,43,2
48657,40,4,36,2
48658,47,7,40,2
48659,53,6,47,2
48660,48,5,43,2
48661,36,2,34,2
48662,63,11,52,2
48663,55,8,47,2
48664,57,13,44,2
48665,53,11,42,2
48666,54,4,50,2
48668,56,13,43,2
48669,7,3,4,2
48670,43,5,38,2
48671,61,7,54,2
48672,2,1,1,2
48673,52,4,48,2
48674,1,1,0,1
48675,54,7,47,2
48676,52,4,48,2
48677,71,4,67,2
48678,54,5,49,2
48679,1,0,1,1
48680,61,4,57,2
48681,63,8,55,2
48682,51,9,42,2
48683,48,3,45,2
48684,5,3,2,2
48685,57,4,53,2
48686,54,4,50,2
48687,50,6,44,2
48688,52,8,44,2
48689,3,0,3,1
48690,48,3,45,2
48691,3084,6,3078,2
48692,55,4,51,2
48693,6,5,1,2
48694,3,0,3,1
48695,55,8,47,2
48696,1,0,1,1
48697,64,7,57,2
48698,46,6,40,2
48699,54,4,50,2
48700,57,7,50,2
48701,55,5,50,2
48702,64,5,59,2
48704,54,6,48,2
48705,37,4,33,2
48706,61,9,52,2
48707,50,5,45,2
48708,43,5,38,2
48709,46,6,40,2
48710,57,6,51,2
48711,58,8,50,2
48712,47,8,39,2
48713,53,9,44,2
48714,11,11,0,1
48715,54,6,48,2
48716,48,10,38,2
48717,59,12,47,2
48718,52,7,45,2
48719,6,6,0,1
48721,69,5,64,2
48722,6,5,1,2
48723,62,9,53,2
48725,1,1,0,1
48726,59,6,53,2
48729,54,7,47,2
48730,51,1,50,2
48731,45,8,37,2
48733,278,273,5,2
48734,46,4,42,2
48735,241,241,0,1
48736,47,5,42,2
48737,61,7,54,2
48738,2,1,1,2
48739,49,5,44,2
48740,3,2,1,2
48741,44,3,41,2
48742,53,6,47,2
48743,68,8,60,2
48744,65,8,57,2
48745,57,1,56,2
48746,63,8,55,2
48747,62,8,54,2
48748,39,5,34,2
48749,62,3,59,2
48750,41,4,37,2
48751,53,3,50,2
48752,65,9,56,2
48754,3,0,3,1
48755,70,10,60,2
48756,65,8,57,2
48757,58,7,51,2
48758,48,9,39,2
48759,73,9,64,2
48762,38,1,37,2
48763,41,3,38,2
48764,58,8,50,2
48765,4,1,3,2
48766,12,6,6,2
48767,60,7,53,2
48768,46,4,42,2
48769,46,9,37,2
48770,48,5,43,2
48771,1,0,1,1
48772,59,8,51,2
48773,52,5,47,2
48774,51,13,38,2
48775,46,4,42,2
48776,60,5,55,2
48777,82,3,79,2
48778,62,6,56,2
48779,49,5,44,2
48780,71,3,68,2
48782,45,5,40,2
48783,50,5,45,2
48784,64,7,57,2
48785,52,4,48,2
48786,48,1,47,2
48787,46,4,42,2
48788,10,10,0,1
48789,58,5,53,2
48790,54,6,48,2
48791,42,7,35,2
48792,64,3,61,2
48793,53,7,46,2
48794,64,7,57,2
48795,62,5,57,2
48796,59,12,47,2
48797,55,7,48,2
48798,49,6,43,2
48799,57,3,54,2
48800,49,4,45,2
48801,50,6,44,2
48803,50,4,46,2
48804,51,5,46,2
48806,47,8,39,2
48807,53,6,47,2
48809,54,8,46,2
48810,46,6,40,2
48811,62,6,56,2
48812,60,4,56,2
48813,44,5,39,2
48814,51,9,42,2
48816,56,6,50,2
48817,71,7,64,2
48818,48,7,41,2
48819,4,0,4,1
48820,4,1,3,2
48821,69,15,54,2
48822,65,12,53,2
48823,57,6,51,2
48824,62,3,59,2
48825,59,6,53,2
48826,51,7,44,2
48827,62,9,53,2
48828,55,5,50,2
48829,60,5,55,2
48830,54,5,49,2
48831,53,5,48,2
48832,42,2,40,2
48833,49,10,39,2
48834,53,8,45,2
48835,16,9,7,2
48836,63,11,52,2
48837,55,6,49,2
48838,56,9,47,2
48839,44,6,38,2
48840,57,11,46,2
48841,48,6,42,2
48842,2,0,2,1
48843,2,1,1,2
48844,50,5,45,2
48845,52,7,45,2
48846,50,4,46,2
48847,2,2,0,1
48848,53,7,46,2
48849,54,6,48,2
48850,56,9,47,2
48851,57,6,51,2
48852,58,5,53,2
48853,40,6,34,2
48854,48,4,44,2
48855,56,5,51,2
48856,50,6,44,2
48857,7,1,6,2
48858,44,8,36,2
48859,56,6,50,2
48860,61,7,54,2
48861,58,9,49,2
48862,48,2,46,2
48863,48,7,41,2
48864,62,12,50,2
48865,8,3,5,2
48866,50,5,45,2
48867,69,0,69,1
48868,49,4,45,2
48869,56,7,49,2
48871,63,7,56,2
48872,53,10,43,2
48873,77,6,71,2
48874,52,5,47,2
48876,59,9,50,2
48877,68,5,63,2
48878,58,6,52,2
48879,50,5,45,2
48880,53,5,48,2
48881,45,1,44,2
48882,59,4,55,2
48884,67,12,55,2
48886,49,11,38,2
48887,20,8,12,2
48888,59,7,52,2
48890,45,4,41,2
48891,63,4,59,2
48892,47,3,44,2
48893,72,11,61,2
48894,60,5,55,2
48895,77,9,68,2
48897,52,10,42,2
48898,50,6,44,2
48899,73,9,64,2
48900,59,6,53,2
48901,71,9,62,2
48902,7,0,7,1
48903,49,10,39,2
48904,46,7,39,2
48906,11,5,6,2
48907,45,4,41,2
48909,49,3,46,2
48910,52,2,50,2
48911,30,30,0,1
48912,60,9,51,2
48913,2,2,0,1
48914,54,7,47,2
48915,46,10,36,2
48916,57,11,46,2
48918,16,10,6,2
48919,43,7,36,2
48920,60,6,54,2
48921,53,9,44,2
48922,73,9,64,2
48923,45,5,40,2
48924,46,8,38,2
48925,66,8,58,2
48926,44,7,37,2
48927,54,6,48,2
48928,63,9,54,2
48929,48,5,43,2
48931,51,6,45,2
48933,60,5,55,2
48936,48,4,44,2
48937,63,9,54,2
48938,47,4,43,2
48939,48,7,41,2
48940,61,3,58,2
48941,69,8,61,2
48942,60,6,54,2
48943,47,9,38,2
48944,61,11,50,2
48945,54,8,46,2
48946,45,5,40,2
48947,73,10,63,2
48948,56,11,45,2
48950,62,7,55,2
48951,47,6,41,2
48952,59,4,55,2
48953,53,5,48,2
48954,8,4,4,2
48955,49,9,40,2
48956,264,263,1,2
48957,47,5,42,2
48959,63,5,58,2
48961,53,6,47,2
48962,54,9,45,2
48964,1,0,1,1
48965,56,10,46,2
48966,58,7,51,2
48967,71,12,59,2
48968,42,5,37,2
48969,49,6,43,2
48970,56,6,50,2
48971,64,7,57,2
48972,57,10,47,2
48973,50,8,42,2
48974,56,0,56,1
48975,5,2,3,2
48976,58,4,54,2
48977,51,6,45,2
48978,45,4,41,2
48979,59,10,49,2
48980,55,9,46,2
48981,57,7,50,2
48982,4,1,3,2
48983,74,7,67,2
48984,64,2,62,2
48985,60,6,54,2
48986,178,1,177,2
48987,48,2,46,2
48988,46,10,36,2
48989,61,6,55,2
48990,50,6,44,2
48992,1,1,0,1
48993,57,5,52,2
48994,59,7,52,2
48995,45,2,43,2
48996,54,5,49,2
48997,62,5,57,2
48998,59,7,52,2
48999,52,8,44,2
49000,50,5,45,2
49001,41,8,33,2
49002,48,5,43,2
49003,55,6,49,2
49005,49,3,46,2
49006,6,6,0,1
49008,45,6,39,2
49009,56,5,51,2
49010,61,8,53,2
49011,46,4,42,2
49012,58,57,1,2
49013,58,7,51,2
49014,49,5,44,2
49015,62,8,54,2
49016,2,0,2,1
49017,56,10,46,2
49019,64,11,53,2
49021,53,5,48,2
49022,58,5,53,2
49024,59,5,54,2
49025,1,0,1,1
49026,50,4,46,2
49028,47,6,41,2
49029,13,13,0,1
49030,58,4,54,2
49031,57,9,48,2
49032,42,1,41,2
49033,46,6,40,2
49034,69,13,56,2
49035,54,0,54,1
49036,52,6,46,2
49037,57,6,51,2
49038,55,3,52,2
49040,59,8,51,2
49041,56,9,47,2
49042,56,3,53,2
49043,3,3,0,1
49044,53,7,46,2
49046,42,7,35,2
49047,3,2,1,2
49048,74,8,66,2
49049,74,11,63,2
49051,51,7,44,2
49052,64,11,53,2
49053,48,5,43,2
49056,47,6,41,2
49057,55,6,49,2
49059,52,12,40,2
49060,60,7,53,2
49062,54,5,49,2
49063,69,6,63,2
49064,53,9,44,2
49065,64,8,56,2
49066,4,0,4,1
49067,5,1,4,2
49068,48,8,40,2
49069,53,1,52,2
49070,58,7,51,2
49072,52,8,44,2
49073,55,9,46,2
49074,53,11,42,2
49075,52,9,43,2
49076,58,8,50,2
49077,8,7,1,2
49078,59,7,52,2
49079,51,7,44,2
49080,52,4,48,2
49081,57,4,53,2
49082,67,5,62,2
49083,46,5,41,2
49084,54,5,49,2
49085,60,8,52,2
49087,61,10,51,2
49088,61,9,52,2
49089,48,4,44,2
49090,52,8,44,2
49091,52,2,50,2
49092,55,4,51,2
49093,56,7,49,2
49094,55,6,49,2
49095,64,7,57,2
49096,1,0,1,1
49097,52,5,47,2
49099,52,7,45,2
49101,48,8,40,2
49103,69,13,56,2
49104,51,8,43,2
49106,49,5,44,2
49109,48,7,41,2
49110,55,5,50,2
49111,1,1,0,1
49112,3,1,2,2
49113,2,2,0,1
49114,49,4,45,2
49115,58,10,48,2
49116,46,4,42,2
49117,63,10,53,2
49118,63,10,53,2
49119,52,6,46,2
49120,52,7,45,2
49121,72,5,67,2
49122,182,182,0,1
49123,65,8,57,2
49124,50,2,48,2
49125,56,8,48,2
49126,52,9,43,2
49127,49,5,44,2
49128,45,5,40,2
49129,1,0,1,1
49130,56,6,50,2
49131,49,8,41,2
49132,50,6,44,2
49133,64,8,56,2
49134,55,5,50,2
49135,62,7,55,2
49136,60,7,53,2
49137,38,5,33,2
49138,37,8,29,2
49139,50,6,44,2
49140,2,0,2,1
49141,51,7,44,2
49142,55,8,47,2
49143,51,8,43,2
49144,51,14,37,2
49145,58,9,49,2
49146,61,6,55,2
49147,50,1,49,2
49149,58,8,50,2
49150,71,9,62,2
49151,58,5,53,2
49153,34,17,17,2
49155,42,3,39,2
49156,1,1,0,1
49157,63,5,58,2
49159,11,11,0,1
49160,56,3,53,2
49161,72,6,66,2
49162,1,1,0,1
49163,51,3,48,2
49164,54,3,51,2
49165,56,7,49,2
49166,59,3,56,2
49167,47,6,41,2
49168,56,5,51,2
49169,52,4,48,2
49170,49,7,42,2
49171,59,7,52,2
49172,53,8,45,2
49173,58,7,51,2
49174,53,6,47,2
49175,57,8,49,2
49176,54,1,53,2
49177,51,7,44,2
49178,49,8,41,2
49180,55,7,48,2
49181,62,8,54,2
49182,64,8,56,2
49183,52,7,45,2
49184,64,9,55,2
49185,49,4,45,2
49186,61,8,53,2
49187,2,1,1,2
49188,47,6,41,2
49189,52,2,50,2
49190,6,5,1,2
49191,59,7,52,2
49193,52,6,46,2
49194,55,6,49,2
49195,49,7,42,2
49197,58,5,53,2
49198,50,11,39,2
49199,59,7,52,2
49200,44,6,38,2
49201,48,4,44,2
49202,63,8,55,2
49203,50,6,44,2
49204,60,13,47,2
49205,47,8,39,2
49206,64,8,56,2
49207,59,6,53,2
49208,13,7,6,2
49209,60,10,50,2
49211,36,3,33,2
49212,50,5,45,2
49213,49,8,41,2
49214,54,9,45,2
49215,55,6,49,2
49216,63,6,57,2
49217,58,11,47,2
49218,66,10,56,2
49219,16,16,0,1
49220,50,7,43,2
49221,55,10,45,2
49222,183,115,68,2
49223,48,7,41,2
49224,59,5,54,2
49225,42,2,40,2
49226,62,8,54,2
49227,64,5,59,2
49228,69,9,60,2
49229,60,11,49,2
49230,48,8,40,2
49231,51,7,44,2
49232,55,12,43,2
49234,65,5,60,2
49235,50,6,44,2
49236,58,6,52,2
49237,48,2,46,2
49238,49,9,40,2
49239,44,2,42,2
49240,1,1,0,1
49241,46,1,45,2
49242,57,7,50,2
49243,55,10,45,2
49244,54,7,47,2
49245,41,4,37,2
49246,61,4,57,2
49247,46,7,39,2
49248,4,0,4,1
49249,33,3,30,2
49250,51,5,46,2
49251,18,18,0,1
49252,53,3,50,2
49253,11,6,5,2
49254,56,8,48,2
49255,47,9,38,2
49256,51,8,43,2
49257,52,7,45,2
49258,43,8,35,2
49259,1,0,1,1
49260,55,8,47,2
49261,44,8,36,2
49262,26,2,24,2
49263,58,10,48,2
49264,65,7,58,2
49266,60,9,51,2
49267,58,2,56,2
49268,40,6,34,2
49269,11,11,0,1
49270,50,7,43,2
49271,7,0,7,1
49273,57,4,53,2
49274,71,16,55,2
49275,63,12,51,2
49277,54,6,48,2
49278,47,5,42,2
49280,74,5,69,2
49281,52,6,46,2
49282,41,8,33,2
49283,39,3,36,2
49284,47,5,42,2
49286,63,5,58,2
49287,53,3,50,2
49288,52,6,46,2
49289,50,7,43,2
49290,51,12,39,2
49291,57,8,49,2
49292,8,5,3,2
49293,48,6,42,2
49294,47,3,44,2
49295,46,6,40,2
49296,14,6,8,2
49297,52,6,46,2
49298,58,8,50,2
49299,54,7,47,2
49301,59,6,53,2
49302,61,8,53,2
49303,60,6,54,2
49304,47,9,38,2
49305,62,10,52,2
49306,47,4,43,2
49307,53,9,44,2
49308,63,9,54,2
49309,58,5,53,2
49310,52,7,45,2
49311,149,0,149,1
49312,52,4,48,2
49314,52,7,45,2
49315,48,3,45,2
49316,48,5,43,2
49318,42,6,36,2
49319,66,9,57,2
49320,6,2,4,2
49321,49,7,42,2
49322,56,4,52,2
49323,51,2,49,2
49324,55,7,48,2
49325,50,13,37,2
49327,62,5,57,2
49328,53,5,48,2
49329,57,6,51,2
49330,57,8,49,2
49331,62,7,55,2
49332,59,9,50,2
49333,59,9,50,2
49334,58,8,50,2
49335,56,5,51,2
49336,41,3,38,2
49337,59,11,48,2
49338,56,14,42,2
49340,62,8,54,2
49341,273,273,0,1
49342,56,4,52,2
49343,63,4,59,2
49344,1,1,0,1
49345,50,8,42,2
49346,65,5,60,2
49347,64,8,56,2
49348,149,149,0,1
49349,54,5,49,2
49350,63,10,53,2
49351,39,8,31,2
49352,55,9,46,2
49353,60,9,51,2
49354,51,4,47,2
49355,67,7,60,2
49356,60,6,54,2
49357,55,10,45,2
49358,52,7,45,2
49359,57,8,49,2
49360,45,6,39,2
49361,52,5,47,2
49362,56,7,49,2
49363,54,4,50,2
49364,53,5,48,2
49365,55,11,44,2
49367,66,8,58,2
49369,56,3,53,2
49370,64,11,53,2
49371,68,5,63,2
49373,1,1,0,1
49374,57,7,50,2
49375,65,7,58,2
49376,50,3,47,2
49379,64,4,60,2
49380,55,7,48,2
49381,6,6,0,1
49382,49,7,42,2
49383,57,8,49,2
49384,64,6,58,2
49386,1,0,1,1
49387,53,10,43,2
49388,67,11,56,2
49390,61,2,59,2
49391,53,7,46,2
49392,45,7,38,2
49393,56,8,48,2
49394,55,5,50,2
49395,58,11,47,2
49396,54,10,44,2
49397,58,10,48,2
49398,61,3,58,2
49399,52,5,47,2
49400,56,7,49,2
49402,62,11,51,2
49403,57,8,49,2
49404,53,11,42,2
49405,43,7,36,2
49407,3,0,3,1
49408,65,7,58,2
49409,50,6,44,2
49410,65,8,57,2
49411,64,8,56,2
49413,74,9,65,2
49414,63,4,59,2
49415,48,7,41,2
49416,52,9,43,2
49417,58,9,49,2
49419,49,4,45,2
49420,47,10,37,2
49421,48,5,43,2
49422,43,4,39,2
49424,62,4,58,2
49425,55,6,49,2
49426,65,9,56,2
49427,48,3,45,2
49428,49,9,40,2
49429,58,5,53,2
49430,54,7,47,2
49431,66,5,61,2
49432,3,1,2,2
49433,52,7,45,2
49434,64,7,57,2
49435,48,2,46,2
49436,56,50,6,2
49437,50,5,45,2
49438,1,0,1,1
49439,53,4,49,2
49441,1,1,0,1
49442,42,6,36,2
49443,51,6,45,2
49445,59,5,54,2
49446,7,2,5,2
49447,52,6,46,2
49448,66,5,61,2
49449,71,12,59,2
49450,53,7,46,2
49451,64,8,56,2
49452,65,7,58,2
49453,57,2,55,2
49454,58,5,53,2
49455,61,3,58,2
49456,42,4,38,2
49457,46,8,38,2
49458,54,7,47,2
49459,49,6,43,2
49460,60,8,52,2
49461,11,11,0,1
49462,50,0,50,1
49463,48,7,41,2
49464,7,1,6,2
49465,51,4,47,2
49466,55,3,52,2
49467,51,4,47,2
49468,57,7,50,2
49469,12,12,0,1
49471,2,0,2,1
49472,55,4,51,2
49473,63,10,53,2
49474,57,6,51,2
49475,59,6,53,2
49476,4,4,0,1
49477,42,10,32,2
49478,44,6,38,2
49479,5,2,3,2
49480,56,9,47,2
49481,72,7,65,2
49482,63,8,55,2
49483,57,7,50,2
49484,62,9,53,2
49485,50,6,44,2
49487,55,7,48,2
49488,43,8,35,2
49489,47,8,39,2
49490,58,8,50,2
49491,59,9,50,2
49492,41,4,37,2
49493,63,9,54,2
49494,46,4,42,2
49495,1040,1040,0,1
49497,44,6,38,2
49499,56,8,48,2
49500,50,7,43,2
49502,52,6,46,2
49503,48,3,45,2
49504,3,2,1,2
49506,48,2,46,2
49507,51,4,47,2
49508,54,5,49,2
49510,55,8,47,2
49511,55,6,49,2
49512,52,5,47,2
49513,49,7,42,2
49514,45,7,38,2
49515,60,11,49,2
49516,44,4,40,2
49517,58,9,49,2
49518,50,5,45,2
49519,2,2,0,1
49520,55,7,48,2
49521,58,9,49,2
49522,64,7,57,2
49523,3,2,1,2
49524,54,10,44,2
49525,45,8,37,2
49526,2,2,0,1
49527,58,9,49,2
49528,61,9,52,2
49529,11,4,7,2
49530,46,5,41,2
49531,64,7,57,2
49533,44,5,39,2
49535,63,12,51,2
49537,42,4,38,2
49538,57,3,54,2
49539,75,7,68,2
49540,16,16,0,1
49541,54,3,51,2
49542,55,5,50,2
49543,57,9,48,2
49544,55,6,49,2
49545,40,4,36,2
49546,40,2,38,2
49548,3,2,1,2
49550,2,2,0,1
49551,1,1,0,1
49552,43,6,37,2
49553,67,15,52,2
49554,41,4,37,2
49555,52,7,45,2
49556,13,3,10,2
49557,46,7,39,2
49558,64,10,54,2
49559,47,6,41,2
49560,2,0,2,1
49561,49,5,44,2
49562,45,7,38,2
49563,45,3,42,2
49564,19,3,16,2
49565,52,4,48,2
49566,51,1,50,2
49567,63,9,54,2
49568,4,3,1,2
49569,56,12,44,2
49570,53,9,44,2
49571,51,4,47,2
49572,80,80,0,1
49574,47,4,43,2
49575,60,10,50,2
49577,45,6,39,2
49578,57,9,48,2
49579,49,8,41,2
49580,41,3,38,2
49582,51,4,47,2
49583,2,1,1,2
49585,60,10,50,2
49586,53,3,50,2
49587,11,10,1,2
49588,58,6,52,2
49589,2,0,2,1
49590,48,7,41,2
49591,50,4,46,2
49593,596,589,7,2
49594,57,6,51,2
49595,54,4,50,2
49596,918,917,1,2
49597,61,4,57,2
49598,49,7,42,2
49599,68,9,59,2
49600,25,24,1,2
49604,50,2,48,2
49605,3,1,2,2
49607,12,9,3,2
49608,7,0,7,1
49610,3,3,0,1
49611,61,15,46,2
49612,35,33,2,2
49613,46,3,43,2
49614,17,17,0,1
49615,58,2,56,2
49616,49,6,43,2
49617,9,3,6,2
49619,57,8,49,2
49620,67,14,53,2
49621,58,7,51,2
49623,67,11,56,2
49625,61,9,52,2
49626,54,4,50,2
49627,1,0,1,1
49628,2,1,1,2
49629,57,5,52,2
49630,58,6,52,2
49631,55,8,47,2
49632,62,8,54,2
49633,237,237,0,1
49634,11,9,2,2
49636,44,2,42,2
49637,41,3,38,2
49638,56,9,47,2
49639,50,7,43,2
49640,51,8,43,2
49641,49,7,42,2
49642,40,4,36,2
49643,52,10,42,2
49644,61,8,53,2
49645,51,3,48,2
49646,50,6,44,2
49647,56,16,40,2
49648,50,5,45,2
49649,46,6,40,2
49650,54,6,48,2
49651,63,7,56,2
49652,23,0,23,1
49654,58,1,57,2
49656,53,5,48,2
49657,52,7,45,2
49659,60,6,54,2
49660,62,11,51,2
49661,46,6,40,2
49662,52,5,47,2
49663,61,2,59,2
49664,58,3,55,2
49665,40,4,36,2
49666,1,1,0,1
49667,50,4,46,2
49668,54,4,50,2
49669,48,3,45,2
49672,46,3,43,2
49673,62,8,54,2
49674,4,1,3,2
49675,51,8,43,2
49676,57,7,50,2
49677,51,7,44,2
49678,55,8,47,2
49679,55,5,50,2
49680,8,0,8,1
49681,49,5,44,2
49682,63,8,55,2
49683,57,13,44,2
49684,24,19,5,2
49685,48,6,42,2
49686,1,1,0,1
49687,54,5,49,2
49688,44,4,40,2
49690,32,5,27,2
49691,61,8,53,2
49692,2,1,1,2
49694,53,5,48,2
49695,53,5,48,2
49697,53,7,46,2
49698,68,8,60,2
49699,56,5,51,2
49701,49,8,41,2
49703,23,22,1,2
49705,2,0,2,1
49706,57,6,51,2
49707,50,3,47,2
49708,62,6,56,2
49709,61,5,56,2
49711,57,7,50,2
49712,57,12,45,2
49713,56,8,48,2
49714,56,4,52,2
49715,53,8,45,2
49716,2,0,2,1
49717,51,9,42,2
49718,60,5,55,2
49719,49,3,46,2
49720,60,9,51,2
49721,24,12,12,2
49722,55,7,48,2
49723,51,9,42,2
49724,60,7,53,2
49725,58,5,53,2
49726,26,0,26,1
49727,2,1,1,2
49729,2,0,2,1
49730,6,1,5,2
49731,69,5,64,2
49732,50,4,46,2
49733,42,4,38,2
49734,13,0,13,1
49735,5,2,3,2
49736,113,0,113,1
49737,49,3,46,2
49738,64,11,53,2
49741,1,0,1,1
49742,51,5,46,2
49744,46,6,40,2
49745,58,10,48,2
49746,1,0,1,1
49749,48,13,35,2
49750,54,7,47,2
49751,53,5,48,2
49752,52,9,43,2
49753,53,7,46,2
49754,3,0,3,1
49755,24,20,4,2
49756,52,8,44,2
49757,56,9,47,2
49758,47,4,43,2
49759,51,7,44,2
49760,60,11,49,2
49761,51,7,44,2
49762,59,8,51,2
49764,57,7,50,2
49765,56,6,50,2
49766,55,9,46,2
49767,56,5,51,2
49768,54,3,51,2
49769,1,0,1,1
49771,54,4,50,2
49772,66,10,56,2
49773,60,7,53,2
49774,52,3,49,2
49775,58,6,52,2
49776,54,10,44,2
49777,58,4,54,2
49779,61,9,52,2
49780,60,4,56,2
49782,6,2,4,2
49783,58,9,49,2
49785,61,5,56,2
49786,61,6,55,2
49787,56,9,47,2
49788,52,9,43,2
49790,45,3,42,2
49791,49,9,40,2
49792,52,7,45,2
49793,3,3,0,1
49794,47,5,42,2
49795,49,9,40,2
49796,60,9,51,2
49797,60,9,51,2
49798,50,4,46,2
49799,51,5,46,2
49800,63,7,56,2
49801,233,232,1,2
49803,56,2,54,2
49804,50,7,43,2
49805,56,7,49,2
49807,44,5,39,2
49808,13,0,13,1
49809,41,7,34,2
49810,49,3,46,2
49811,61,2,59,2
49813,50,6,44,2
49814,2,0,2,1
49815,44,11,33,2
49816,60,7,53,2
49817,52,3,49,2
49819,31,0,31,1
49820,61,3,58,2
49822,58,10,48,2
49824,7,7,0,1
49825,50,4,46,2
49826,56,12,44,2
49827,61,8,53,2
49828,10,2,8,2
49829,59,10,49,2
49830,55,7,48,2
49831,53,7,46,2
49832,2,0,2,1
49833,59,9,50,2
49834,50,8,42,2
49835,16,7,9,2
49836,52,3,49,2
49837,4,4,0,1
49838,17,17,0,1
49839,58,11,47,2
49840,42,5,37,2
49841,58,6,52,2
49842,64,10,54,2
49843,17,1,16,2
49844,55,11,44,2
49846,4,4,0,1
49847,58,4,54,2
49848,60,12,48,2
49849,66,8,58,2
49851,3,1,2,2
49852,50,6,44,2
49853,52,4,48,2
49855,43,8,35,2
49856,53,10,43,2
49858,54,6,48,2
49859,8,2,6,2
49860,46,4,42,2
49862,53,5,48,2
49863,42,3,39,2
49865,70,12,58,2
49866,54,5,49,2
49867,2,2,0,1
49868,54,7,47,2
49869,46,6,40,2
49870,55,7,48,2
49871,57,5,52,2
49872,51,5,46,2
49873,62,7,55,2
49874,78,78,0,1
49875,45,10,35,2
49876,5,1,4,2
49877,61,9,52,2
49878,46,6,40,2
49879,15,13,2,2
49880,3,3,0,1
49882,64,6,58,2
49883,60,7,53,2
49884,62,10,52,2
49886,58,7,51,2
49887,43,4,39,2
49888,49,0,49,1
49889,66,8,58,2
49891,52,1,51,2
49892,48,7,41,2
49895,54,3,51,2
49896,56,8,48,2
49897,56,7,49,2
49898,59,8,51,2
49899,62,7,55,2
49900,52,2,50,2
49901,58,6,52,2
49902,2,2,0,1
49903,44,7,37,2
49904,10,9,1,2
49906,49,1,48,2
49907,60,4,56,2
49909,68,13,55,2
49910,61,8,53,2
49911,48,7,41,2
49912,55,4,51,2
49913,60,4,56,2
49914,50,3,47,2
49915,60,9,51,2
49916,1,0,1,1
49917,52,6,46,2
49918,63,7,56,2
49919,4,1,3,2
49921,54,6,48,2
49922,43,4,39,2
49926,57,7,50,2
49929,51,6,45,2
49930,55,8,47,2
49931,46,4,42,2
49933,56,8,48,2
49934,67,8,59,2
49935,71,12,59,2
49936,54,3,51,2
49937,43,8,35,2
49938,50,4,46,2
49939,64,8,56,2
49940,58,4,54,2
49941,63,2,61,2
49944,43,2,41,2
49945,39,4,35,2
49946,62,8,54,2
49947,55,11,44,2
49948,4,4,0,1
49949,1,0,1,1
49950,60,11,49,2
49951,65,8,57,2
49952,64,5,59,2
49953,13,6,7,2
49954,53,6,47,2
49955,55,8,47,2
49956,53,7,46,2
49957,35,1,34,2
49958,58,5,53,2
49959,44,7,37,2
49960,54,10,44,2
49961,51,6,45,2
49962,1,1,0,1
49963,41,3,38,2
49964,57,5,52,2
49965,61,10,51,2
49966,59,9,50,2
49967,60,8,52,2
49968,3,2,1,2
49969,54,5,49,2
49971,50,12,38,2
49972,52,3,49,2
49973,42,4,38,2
49974,56,9,47,2
49975,50,6,44,2
49977,3,2,1,2
49978,58,6,52,2
49979,57,8,49,2
49980,45,2,43,2
49981,58,7,51,2
49982,58,6,52,2
49983,56,5,51,2
49984,50,7,43,2
49985,52,7,45,2
49986,65,6,59,2
49988,56,10,46,2
49989,57,6,51,2
49990,57,6,51,2
49991,48,2,46,2
49992,119,117,2,2
49993,50,7,43,2
49994,60,6,54,2
49995,55,6,49,2
49996,63,8,55,2
49997,54,0,54,1
50000,5,1,4,2
50001,51,3,48,2
50002,58,5,53,2
50003,4,3,1,2
50004,56,10,46,2
50005,49,9,40,2
50006,58,4,54,2
50007,53,9,44,2
50008,3,0,3,1
50009,20,0,20,1
50010,58,5,53,2
50012,50,6,44,2
50013,58,3,55,2
50014,53,53,0,1
50015,64,14,50,2
50016,47,4,43,2
50017,1,0,1,1
50018,1842,1842,0,1
50019,60,9,51,2
50020,54,6,48,2
50021,59,5,54,2
50022,57,8,49,2
50023,53,6,47,2
50024,73,9,64,2
50025,62,6,56,2
50026,40,3,37,2
50027,58,7,51,2
50028,49,5,44,2
50029,52,7,45,2
50030,63,8,55,2
50031,186,183,3,2
50033,13,6,7,2
50034,48,8,40,2
50035,53,5,48,2
50036,90,84,6,2
50037,53,7,46,2
50038,70,9,61,2
50039,43,10,33,2
50040,54,9,45,2
50044,44,4,40,2
50045,53,7,46,2
50046,53,11,42,2
50047,52,6,46,2
50048,62,5,57,2
50049,50,9,41,2
50050,2,1,1,2
50051,48,4,44,2
50052,62,6,56,2
50053,62,11,51,2
50054,48,6,42,2
50055,50,5,45,2
50056,51,5,46,2
50057,17,3,14,2
50058,47,47,0,1
50059,58,6,52,2
50061,55,7,48,2
50062,61,7,54,2
50065,55,6,49,2
50066,43,2,41,2
50067,54,8,46,2
50069,1,1,0,1
50070,42,8,34,2
50072,51,13,38,2
50073,37,37,0,1
50074,45,6,39,2
50075,1,0,1,1
50076,49,6,43,2
50077,2,0,2,1
50078,42,6,36,2
50079,63,9,54,2
50080,1,0,1,1
50081,44,4,40,2
50082,59,7,52,2
50083,54,6,48,2
50084,56,4,52,2
50085,37,3,34,2
50086,63,9,54,2
50088,58,5,53,2
50089,54,9,45,2
50090,47,2,45,2
50091,56,7,49,2
50092,51,10,41,2
50093,51,3,48,2
50095,54,7,47,2
50096,65,6,59,2
50097,3,0,3,1
50098,67,8,59,2
50100,58,4,54,2
50101,55,11,44,2
50102,50,6,44,2
50103,64,8,56,2
50104,54,4,50,2
50106,62,9,53,2
50107,43,5,38,2
50108,55,8,47,2
50109,15,0,15,1
50110,50,5,45,2
50111,6,6,0,1
50112,51,4,47,2
50113,65,6,59,2
50114,3,0,3,1
50115,50,10,40,2
50116,55,9,46,2
50117,38,6,32,2
50118,57,12,45,2
50121,56,6,50,2
50122,60,5,55,2
50123,37,32,5,2
50124,56,4,52,2
50125,65,7,58,2
50126,2,0,2,1
50128,45,5,40,2
50129,28,0,28,1
50131,63,4,59,2
50132,41,7,34,2
50134,56,7,49,2
50135,57,2,55,2
50136,13,0,13,1
50137,56,11,45,2
50138,48,4,44,2
50139,58,7,51,2
50140,52,12,40,2
50141,106,106,0,1
50143,60,13,47,2
50144,46,7,39,2
50145,58,8,50,2
50146,55,4,51,2
50147,46,5,41,2
50148,53,5,48,2
50149,60,5,55,2
50150,47,6,41,2
50151,44,2,42,2
50152,54,5,49,2
50154,51,5,46,2
50155,54,8,46,2
50156,49,10,39,2
50157,41,4,37,2
50158,51,10,41,2
50159,61,7,54,2
50160,54,6,48,2
50161,61,10,51,2
50162,51,4,47,2
50163,57,5,52,2
50164,55,14,41,2
50165,62,4,58,2
50166,59,9,50,2
50167,53,9,44,2
50168,57,7,50,2
50169,51,6,45,2
50170,2,1,1,2
50171,58,11,47,2
50172,1,1,0,1
50173,52,2,50,2
50174,63,6,57,2
50175,45,5,40,2
50176,55,3,52,2
50177,44,5,39,2
50178,63,6,57,2
50179,40,31,9,2
50181,41,7,34,2
50182,69,9,60,2
50183,2,0,2,1
50185,45,8,37,2
50186,62,9,53,2
50187,62,6,56,2
50188,58,8,50,2
50189,50,3,47,2
50191,55,5,50,2
50192,48,2,46,2
50194,52,12,40,2
50196,52,8,44,2
50197,62,7,55,2
50198,47,3,44,2
50199,58,7,51,2
50200,64,10,54,2
50201,52,4,48,2
50202,53,3,50,2
50204,53,7,46,2
50205,52,8,44,2
50206,48,4,44,2
50207,48,7,41,2
50208,60,11,49,2
50209,65,5,60,2
50211,64,7,57,2
50212,52,7,45,2
50213,45,5,40,2
50214,54,5,49,2
50216,64,10,54,2
50217,60,5,55,2
50218,53,7,46,2
50220,59,5,54,2
50221,41,4,37,2
50222,58,2,56,2
50224,46,10,36,2
50225,5,2,3,2
50226,49,4,45,2
50227,15,0,15,1
50228,3,2,1,2
50229,57,3,54,2
50231,49,6,43,2
50232,59,2,57,2
50233,52,10,42,2
50234,58,8,50,2
50235,59,11,48,2
50236,47,6,41,2
50239,58,11,47,2
50240,57,8,49,2
50241,53,6,47,2
50242,58,8,50,2
50244,57,4,53,2
50245,53,9,44,2
50246,47,8,39,2
50247,174,36,138,2
50248,1,1,0,1
50249,565,561,4,2
50251,64,13,51,2
50252,1,1,0,1
50253,58,8,50,2
50254,55,1,54,2
50255,53,4,49,2
50256,42,7,35,2
50258,53,4,49,2
50259,56,3,53,2
50260,43,2,41,2
50261,35,3,32,2
50262,48,4,44,2
50263,47,4,43,2
50264,31,31,0,1
50265,62,7,55,2
50266,1,0,1,1
50267,53,3,50,2
50268,57,10,47,2
50269,40,2,38,2
50270,3,3,0,1
50271,55,5,50,2
50272,49,8,41,2
50273,220,55,165,2
50274,61,6,55,2
50275,53,9,44,2
50276,56,9,47,2
50277,71,10,61,2
50278,1,1,0,1
50279,47,7,40,2
50280,58,5,53,2
50281,1,0,1,1
50282,59,5,54,2
50283,51,5,46,2
50284,42,11,31,2
50285,3,3,0,1
50286,63,4,59,2
50287,58,6,52,2
50288,47,7,40,2
50289,64,9,55,2
50290,46,5,41,2
50291,5,3,2,2
50293,55,0,55,1
50295,60,7,53,2
50297,59,7,52,2
50298,1,1,0,1
50300,79,9,70,2
50301,62,10,52,2
50302,58,7,51,2
50303,52,52,0,1
50304,55,6,49,2
50305,55,4,51,2
50306,1,0,1,1
50307,53,7,46,2
50309,47,6,41,2
50310,58,8,50,2
50312,55,7,48,2
50313,59,6,53,2
50314,55,7,48,2
50315,64,4,60,2
50316,47,3,44,2
50317,44,43,1,2
50318,45,7,38,2
50319,49,4,45,2
50320,66,65,1,2
50321,39,3,36,2
50322,56,3,53,2
50323,54,8,46,2
50325,57,9,48,2
50326,60,8,52,2
50327,56,12,44,2
50328,47,6,41,2
50329,58,7,51,2
50330,53,4,49,2
50331,64,4,60,2
50332,47,5,42,2
50333,22,13,9,2
50334,52,5,47,2
50335,58,11,47,2
50336,68,15,53,2
50338,61,11,50,2
50339,62,12,50,2
50340,55,5,50,2
50341,52,4,48,2
50342,4,0,4,1
50343,48,8,40,2
50344,61,11,50,2
50345,61,4,57,2
50346,54,9,45,2
50347,46,6,40,2
50348,54,9,45,2
50349,54,7,47,2
50350,60,5,55,2
50351,1,0,1,1
50352,60,11,49,2
50353,41,3,38,2
50354,60,9,51,2
50355,52,7,45,2
50356,42,3,39,2
50357,54,6,48,2
50359,55,6,49,2
50360,52,5,47,2
50361,53,8,45,2
50362,61,5,56,2
50363,63,4,59,2
50364,57,9,48,2
50365,42,6,36,2
50366,54,4,50,2
50367,55,6,49,2
50368,51,4,47,2
50369,51,6,45,2
50370,53,6,47,2
50372,62,6,56,2
50373,59,7,52,2
50374,58,6,52,2
50377,42,6,36,2
50378,60,11,49,2
50379,2,2,0,1
50380,51,3,48,2
50382,6,6,0,1
50383,30,29,1,2
50384,60,13,47,2
50385,54,5,49,2
50386,45,44,1,2
50388,46,6,40,2
50389,54,15,39,2
50390,44,5,39,2
50391,55,7,48,2
50392,58,7,51,2
50393,60,14,46,2
50394,46,9,37,2
50395,53,4,49,2
50396,38,4,34,2
50397,65,6,59,2
50398,57,12,45,2
50399,54,10,44,2
50400,61,10,51,2
50401,55,4,51,2
50402,58,7,51,2
50403,3,0,3,1
50404,53,7,46,2
50405,45,6,39,2
50407,54,7,47,2
50408,1,1,0,1
50409,62,10,52,2
50410,58,4,54,2
50411,54,8,46,2
50412,9,4,5,2
50413,69,5,64,2
50414,49,8,41,2
50415,12,7,5,2
50417,48,6,42,2
50418,54,5,49,2
50419,55,7,48,2
50420,48,7,41,2
50421,48,7,41,2
50422,55,8,47,2
50424,57,9,48,2
50426,52,7,45,2
50427,31,31,0,1
50428,39,6,33,2
50429,54,8,46,2
50430,65,9,56,2
50431,54,6,48,2
50432,52,8,44,2
50434,57,7,50,2
50435,40,10,30,2
50436,56,10,46,2
50437,61,5,56,2
50438,47,3,44,2
50439,63,5,58,2
50440,58,9,49,2
50441,55,6,49,2
50442,427,426,1,2
50443,54,5,49,2
50444,48,5,43,2
50445,104,42,62,2
50446,66,10,56,2
50447,61,7,54,2
50448,53,11,42,2
50449,42,5,37,2
50450,58,7,51,2
50451,44,5,39,2
50452,54,9,45,2
50453,62,8,54,2
50455,71,5,66,2
50456,49,3,46,2
50458,1,0,1,1
50459,57,11,46,2
50460,49,7,42,2
50461,55,8,47,2
50462,43,3,40,2
50463,49,6,43,2
50465,47,41,6,2
50466,45,5,40,2
50467,44,6,38,2
50468,53,10,43,2
50470,43,43,0,1
50471,47,5,42,2
50472,45,6,39,2
50473,52,5,47,2
50474,62,3,59,2
50475,40,40,0,1
50476,5,2,3,2
50477,46,5,41,2
50478,1,1,0,1
50479,60,12,48,2
50480,45,3,42,2
50481,1,0,1,1
50483,46,12,34,2
50484,45,7,38,2
50485,53,8,45,2
50486,60,6,54,2
50487,48,7,41,2
50488,60,7,53,2
50489,66,7,59,2
50490,37,6,31,2
50491,57,7,50,2
50492,50,7,43,2
50493,46,8,38,2
50494,46,8,38,2
50495,1,1,0,1
50496,48,8,40,2
50497,42,9,33,2
50498,15,15,0,1
50499,61,10,51,2
50500,2,0,2,1
50501,48,7,41,2
50502,52,5,47,2
50506,57,6,51,2
50507,38,38,0,1
50509,1,1,0,1
50510,59,6,53,2
50511,46,6,40,2
50512,54,8,46,2
50513,52,6,46,2
50515,54,12,42,2
50516,51,6,45,2
50517,52,6,46,2
50518,57,10,47,2
50519,61,4,57,2
50520,52,5,47,2
50521,46,7,39,2
50522,99,21,78,2
50523,56,7,49,2
50524,57,11,46,2
50525,59,12,47,2
50526,49,7,42,2
50527,47,6,41,2
50528,61,9,52,2
50529,52,6,46,2
50530,54,8,46,2
50531,49,6,43,2
50532,54,2,52,2
50533,53,7,46,2
50534,51,4,47,2
50535,52,10,42,2
50536,57,4,53,2
50537,46,5,41,2
50538,50,4,46,2
50539,4,2,2,2
50540,51,4,47,2
50542,54,11,43,2
50544,59,5,54,2
50545,55,7,48,2
50547,67,3,64,2
50548,57,7,50,2
50549,44,8,36,2
50551,44,6,38,2
50552,51,3,48,2
50553,50,2,48,2
50554,57,9,48,2
50556,46,4,42,2
50557,50,4,46,2
50559,59,12,47,2
50560,55,10,45,2
50561,46,5,41,2
50562,57,6,51,2
50564,62,5,57,2
50565,42,4,38,2
50566,63,7,56,2
50567,65,7,58,2
50568,48,7,41,2
50569,18,18,0,1
50570,57,4,53,2
50571,50,7,43,2
50574,59,10,49,2
50575,59,7,52,2
50576,43,6,37,2
50577,8,5,3,2
50578,50,7,43,2
50579,53,6,47,2
50581,47,7,40,2
50582,2,1,1,2
50583,49,3,46,2
50584,61,9,52,2
50585,54,7,47,2
50586,60,10,50,2
50587,39,4,35,2
50588,62,3,59,2
50589,55,7,48,2
50590,38,4,34,2
50591,2,1,1,2
50592,58,6,52,2
50593,46,7,39,2
50594,54,4,50,2
50595,66,5,61,2
50596,56,5,51,2
50597,58,3,55,2
50598,45,3,42,2
50599,65,6,59,2
50600,55,6,49,2
50601,71,9,62,2
50602,4,2,2,2
50603,146,146,0,1
50604,47,5,42,2
50606,58,6,52,2
50607,58,10,48,2
50609,62,4,58,2
50610,60,14,46,2
50611,2,1,1,2
50612,42,8,34,2
50613,50,11,39,2
50616,53,5,48,2
50617,207,55,152,2
50618,69,34,35,2
50619,49,46,3,2
50620,49,8,41,2
50621,40,2,38,2
50622,53,5,48,2
50623,1,1,0,1
50624,59,4,55,2
50625,42,4,38,2
50626,54,9,45,2
50629,64,7,57,2
50632,46,5,41,2
50633,46,7,39,2
50634,61,10,51,2
50635,40,5,35,2
50636,44,5,39,2
50639,58,8,50,2
50640,56,5,51,2
50641,61,8,53,2
50642,59,10,49,2
50643,61,12,49,2
50644,1,1,0,1
50645,53,10,43,2
50646,55,9,46,2
50647,45,5,40,2
50648,63,4,59,2
50649,47,9,38,2
50650,55,4,51,2
50652,54,3,51,2
50653,56,7,49,2
50654,56,3,53,2
50655,55,7,48,2
50656,54,9,45,2
50657,59,10,49,2
50659,49,9,40,2
50660,67,6,61,2
50661,52,10,42,2
50662,11,9,2,2
50663,53,9,44,2
50664,42,8,34,2
50665,59,9,50,2
50666,57,10,47,2
50667,53,7,46,2
50669,42,5,37,2
50670,16,14,2,2
50671,55,8,47,2
50672,65,11,54,2
50673,441,440,1,2
50674,55,6,49,2
50675,60,6,54,2
50676,41,10,31,2
50677,51,10,41,2
50678,69,8,61,2
50679,20,18,2,2
50680,2,2,0,1
50681,1,0,1,1
50682,56,7,49,2
50683,19,19,0,1
50684,68,4,64,2
50685,47,0,47,1
50686,9,9,0,1
50689,44,8,36,2
50690,48,1,47,2
50691,2,1,1,2
50692,60,6,54,2
50693,60,3,57,2
50694,52,7,45,2
50695,59,5,54,2
50696,56,8,48,2
50698,62,7,55,2
50699,71,12,59,2
50700,62,6,56,2
50701,69,7,62,2
50702,57,6,51,2
50703,49,7,42,2
50704,53,8,45,2
50705,53,2,51,2
50706,18,18,0,1
50707,67,6,61,2
50709,51,3,48,2
50710,49,5,44,2
50711,51,9,42,2
50712,50,4,46,2
50713,55,7,48,2
50714,56,2,54,2
50715,5,0,5,1
50716,26,0,26,1
50717,69,11,58,2
50718,46,5,41,2
50719,60,11,49,2
50720,57,4,53,2
50721,11,9,2,2
50722,47,4,43,2
50723,61,10,51,2
50724,50,5,45,2
50725,71,6,65,2
50726,61,12,49,2
50728,723,722,1,2
50729,69,10,59,2
50730,48,7,41,2
50731,57,8,49,2
50732,60,9,51,2
50733,64,8,56,2
50734,47,2,45,2
50735,69,7,62,2
50736,58,9,49,2
50737,47,7,40,2
50738,65,5,60,2
50739,60,7,53,2
50740,44,7,37,2
50741,55,4,51,2
50743,61,7,54,2
50744,24,21,3,2
50747,59,8,51,2
50748,51,8,43,2
50749,18,18,0,1
50750,53,6,47,2
50751,6,0,6,1
50752,55,6,49,2
50753,49,11,38,2
50754,2,0,2,1
50755,45,5,40,2
50756,48,6,42,2
50757,45,6,39,2
50758,51,5,46,2
50759,26,10,16,2
50760,27,21,6,2
50762,1,0,1,1
50763,50,8,42,2
50764,57,4,53,2
50765,66,5,61,2
50767,64,7,57,2
50768,47,1,46,2
50769,46,5,41,2
50770,72,6,66,2
50771,37,3,34,2
50772,45,4,41,2
50774,53,8,45,2
50775,44,8,36,2
50776,57,7,50,2
50777,48,5,43,2
50778,41,9,32,2
50779,48,6,42,2
50780,54,8,46,2
50781,65,9,56,2
50782,45,4,41,2
50783,62,5,57,2
50784,62,6,56,2
50785,53,8,45,2
50786,58,4,54,2
50787,12,10,2,2
50790,2,2,0,1
50791,59,13,46,2
50792,56,4,52,2
50793,50,3,47,2
50794,60,9,51,2
50795,47,3,44,2
50796,62,3,59,2
50797,40,4,36,2
50799,57,7,50,2
50801,51,5,46,2
50802,52,8,44,2
50803,55,5,50,2
50804,50,6,44,2
50805,53,8,45,2
50806,42,5,37,2
50807,45,5,40,2
50808,66,9,57,2
50809,44,8,36,2
50810,62,6,56,2
50811,59,3,56,2
50812,55,11,44,2
50813,60,12,48,2
50814,54,7,47,2
50815,41,8,33,2
50816,49,8,41,2
50817,42,2,40,2
50818,43,6,37,2
50819,54,8,46,2
50820,2,0,2,1
50821,51,7,44,2
50822,55,3,52,2
50824,44,4,40,2
50825,63,8,55,2
50826,50,4,46,2
50827,51,7,44,2
50828,48,2,46,2
50829,52,4,48,2
50830,68,7,61,2
50831,59,8,51,2
50832,65,9,56,2
50834,47,1,46,2
50835,60,14,46,2
50836,48,8,40,2
50837,58,4,54,2
50838,41,5,36,2
50839,63,2,61,2
50840,4,4,0,1
50841,52,5,47,2
50842,53,9,44,2
50843,54,10,44,2
50844,41,4,37,2
50845,56,6,50,2
50846,52,4,48,2
50847,58,4,54,2
50848,70,15,55,2
50849,56,10,46,2
50851,57,6,51,2
50852,62,7,55,2
50853,50,5,45,2
50854,2,0,2,1
50855,55,4,51,2
50856,50,3,47,2
50858,57,4,53,2
50859,49,5,44,2
50860,45,8,37,2
50861,53,6,47,2
50862,52,10,42,2
50864,1,0,1,1
50865,62,4,58,2
50866,75,7,68,2
50867,3,3,0,1
50868,50,8,42,2
50869,1,1,0,1
50870,56,4,52,2
50871,53,9,44,2
50872,82,17,65,2
50873,77,8,69,2
50874,53,7,46,2
50875,47,3,44,2
50876,60,9,51,2
50877,54,7,47,2
50879,42,7,35,2
50883,62,6,56,2
50884,54,7,47,2
50885,50,4,46,2
50886,1,0,1,1
50887,53,6,47,2
50888,10,9,1,2
50889,5,2,3,2
50890,67,9,58,2
50891,60,8,52,2
50892,55,8,47,2
50893,51,6,45,2
50894,50,8,42,2
50895,45,7,38,2
50896,52,4,48,2
50897,50,5,45,2
50898,45,9,36,2
50899,50,7,43,2
50900,59,9,50,2
50901,48,4,44,2
50902,1,0,1,1
50903,47,2,45,2
50904,51,9,42,2
50905,61,6,55,2
50906,53,7,46,2
50907,23,7,16,2
50908,8,0,8,1
50909,52,7,45,2
50910,47,6,41,2
50911,51,6,45,2
50912,62,7,55,2
50913,54,5,49,2
50914,53,9,44,2
50915,64,8,56,2
50916,59,9,50,2
50917,51,5,46,2
50918,62,6,56,2
50919,42,4,38,2
50920,62,7,55,2
50921,1138,5,1133,2
50922,61,7,54,2
50923,44,5,39,2
50924,51,2,49,2
50925,9,0,9,1
50926,58,3,55,2
50927,56,7,49,2
50929,50,2,48,2
50930,60,7,53,2
50931,47,7,40,2
50932,58,9,49,2
50933,1,0,1,1
50934,32,32,0,1
50936,1,0,1,1
50937,56,4,52,2
50938,50,6,44,2
50940,54,42,12,2
50941,60,8,52,2
50942,41,6,35,2
50943,62,10,52,2
50946,52,10,42,2
50947,41,6,35,2
50948,69,9,60,2
50949,7,0,7,1
50950,1,1,0,1
50951,6,6,0,1
50952,4,1,3,2
50953,9,2,7,2
50954,206,201,5,2
50955,70,5,65,2
50956,53,6,47,2
50957,1,0,1,1
50958,64,10,54,2
50959,1,0,1,1
50961,41,4,37,2
50965,52,3,49,2
50966,50,7,43,2
50967,56,9,47,2
50968,48,9,39,2
50969,56,10,46,2
50970,53,3,50,2
50971,6,0,6,1
50972,56,7,49,2
50973,12,12,0,1
50975,7,1,6,2
50976,55,5,50,2
50977,57,5,52,2
50978,54,5,49,2
50979,53,11,42,2
50980,50,7,43,2
50981,56,7,49,2
50982,59,2,57,2
50983,60,5,55,2
50984,51,11,40,2
50985,53,4,49,2
50986,69,7,62,2
50987,64,9,55,2
50988,78,11,67,2
50991,49,6,43,2
50992,1,1,0,1
50993,48,2,46,2
50994,67,7,60,2
50995,63,6,57,2
50996,55,8,47,2
50997,54,8,46,2
50998,1,0,1,1
50999,1,0,1,1
51000,58,5,53,2
51001,57,5,52,2
51002,55,6,49,2
51003,47,4,43,2
51004,56,7,49,2
51005,50,3,47,2
51006,55,5,50,2
51007,44,6,38,2
51008,47,10,37,2
51009,2,2,0,1
51010,64,6,58,2
51011,10,1,9,2
51012,51,5,46,2
51014,57,7,50,2
51015,67,8,59,2
51016,48,8,40,2
51019,57,3,54,2
51020,59,10,49,2
51021,38,26,12,2
51022,45,4,41,2
51023,50,3,47,2
51024,38,3,35,2
51025,57,7,50,2
51026,38,3,35,2
51027,8,6,2,2
51029,59,7,52,2
51031,2,2,0,1
51032,49,4,45,2
51033,58,2,56,2
51036,39,4,35,2
51037,7,3,4,2
51038,34,34,0,1
51039,10,9,1,2
51040,46,5,41,2
51041,41,5,36,2
51042,51,9,42,2
51043,52,6,46,2
51045,10,0,10,1
51046,48,6,42,2
51047,56,8,48,2
51048,57,7,50,2
51049,51,7,44,2
51051,60,8,52,2
51052,48,10,38,2
51053,10,9,1,2
51054,70,5,65,2
51055,65,4,61,2
51056,63,3,60,2
51057,47,3,44,2
51058,64,8,56,2
51059,55,5,50,2
51060,46,3,43,2
51061,55,5,50,2
51062,48,5,43,2
51063,50,10,40,2
51064,60,4,56,2
51065,58,4,54,2
51066,64,3,61,2
51067,54,4,50,2
51068,52,8,44,2
51069,54,7,47,2
51070,49,10,39,2
51071,61,6,55,2
51072,50,7,43,2
51073,46,8,38,2
51075,63,5,58,2
51076,57,6,51,2
51078,52,6,46,2
51079,48,5,43,2
51080,57,6,51,2
51082,53,5,48,2
51083,53,6,47,2
51085,1,0,1,1
51086,52,7,45,2
51087,52,5,47,2
51088,42,4,38,2
51091,1,1,0,1
51092,60,4,56,2
51093,58,5,53,2
51094,32,1,31,2
51095,56,8,48,2
51097,57,6,51,2
51098,2,0,2,1
51099,2,0,2,1
51100,59,8,51,2
51102,5,3,2,2
51103,72,8,64,2
51104,5,3,2,2
51105,45,2,43,2
51106,6,6,0,1
51107,51,9,42,2
51108,4,0,4,1
51109,61,5,56,2
51110,1,1,0,1
51112,56,9,47,2
51113,1,1,0,1
51114,126,112,14,2
51115,58,3,55,2
51116,67,8,59,2
51117,47,3,44,2
51119,3,3,0,1
51120,57,7,50,2
51121,41,3,38,2
51122,47,5,42,2
51123,1,0,1,1
51124,69,11,58,2
51125,49,7,42,2
51126,52,11,41,2
51127,82,12,70,2
51129,48,8,40,2
51131,51,4,47,2
51132,71,7,64,2
51133,43,6,37,2
51136,55,10,45,2
51138,19,18,1,2
51139,48,4,44,2
51140,51,12,39,2
51141,1,0,1,1
51143,60,5,55,2
51144,49,9,40,2
51145,47,4,43,2
51146,54,5,49,2
51147,60,6,54,2
51148,25,25,0,1
51150,43,5,38,2
51151,72,66,6,2
51152,68,4,64,2
51153,47,5,42,2
51155,52,3,49,2
51156,53,9,44,2
51157,56,8,48,2
51158,54,8,46,2
51159,58,11,47,2
51161,64,9,55,2
51162,3,0,3,1
51163,56,9,47,2
51164,49,9,40,2
51165,1,1,0,1
51166,53,5,48,2
51167,2,1,1,2
51168,69,11,58,2
51169,54,8,46,2
51170,62,6,56,2
51172,1,0,1,1
51173,59,9,50,2
51174,8,4,4,2
51175,3,1,2,2
51176,60,6,54,2
51177,60,11,49,2
51178,2,2,0,1
51179,53,6,47,2
51180,53,8,45,2
51181,59,8,51,2
51182,55,2,53,2
51183,52,3,49,2
51184,41,2,39,2
51185,54,2,52,2
51186,12,10,2,2
51187,51,8,43,2
51188,62,3,59,2
51190,48,6,42,2
51191,51,8,43,2
51192,56,2,54,2
51193,42,5,37,2
51194,4,0,4,1
51195,53,8,45,2
51196,57,6,51,2
51197,66,6,60,2
51198,43,43,0,1
51199,58,3,55,2
51200,51,9,42,2
51201,53,9,44,2
51202,184,184,0,1
51203,58,9,49,2
51204,45,7,38,2
51206,61,10,51,2
51207,46,4,42,2
51208,189,189,0,1
51209,49,2,47,2
51210,46,3,43,2
51211,70,11,59,2
51212,57,5,52,2
51213,41,7,34,2
51214,62,12,50,2
51215,42,5,37,2
51216,1,1,0,1
51217,51,4,47,2
51218,7,3,4,2
51219,51,5,46,2
51220,44,5,39,2
51221,61,61,0,1
51222,53,8,45,2
51223,58,10,48,2
51224,73,9,64,2
51226,63,4,59,2
51227,49,7,42,2
51228,59,4,55,2
51229,58,7,51,2
51230,60,5,55,2
51231,6,0,6,1
51232,56,8,48,2
51233,54,7,47,2
51234,53,11,42,2
51235,49,8,41,2
51236,113,106,7,2
51237,3,1,2,2
51238,49,6,43,2
51239,46,6,40,2
51241,51,4,47,2
51242,53,6,47,2
51243,67,6,61,2
51244,49,4,45,2
51245,38,31,7,2
51246,51,10,41,2
51247,66,7,59,2
51248,60,6,54,2
51249,65,5,60,2
51250,67,7,60,2
51251,54,4,50,2
51252,48,5,43,2
51253,45,0,45,1
51254,62,8,54,2
51255,57,9,48,2
51257,50,6,44,2
51258,64,8,56,2
51259,58,8,50,2
51260,652,652,0,1
51261,45,5,40,2
51262,60,8,52,2
51263,49,4,45,2
51265,58,9,49,2
51267,2,2,0,1
51268,46,0,46,1
51269,49,7,42,2
51270,20,20,0,1
51271,60,2,58,2
51272,2,0,2,1
51273,45,2,43,2
51274,56,5,51,2
51275,45,5,40,2
51276,55,7,48,2
51277,69,11,58,2
51278,57,4,53,2
51279,46,6,40,2
51280,61,5,56,2
51281,46,7,39,2
51282,59,7,52,2
51283,47,8,39,2
51284,12,0,12,1
51285,3,2,1,2
51286,60,7,53,2
51289,8,0,8,1
51290,49,3,46,2
51291,60,10,50,2
51292,55,9,46,2
51293,47,5,42,2
51294,55,5,50,2
51295,52,4,48,2
51296,44,4,40,2
51297,52,8,44,2
51298,64,10,54,2
51299,45,1,44,2
51300,57,7,50,2
51301,52,9,43,2
51302,54,2,52,2
51303,56,5,51,2
51304,54,6,48,2
51305,58,5,53,2
51306,49,5,44,2
51307,62,8,54,2
51308,59,5,54,2
51309,48,7,41,2
51310,58,9,49,2
51311,42,4,38,2
51312,58,1,57,2
51313,52,7,45,2
51314,52,8,44,2
51315,45,2,43,2
51316,63,13,50,2
51317,53,5,48,2
51319,49,4,45,2
51320,38,6,32,2
51322,16,16,0,1
51323,48,4,44,2
51324,61,6,55,2
51326,56,7,49,2
51328,55,10,45,2
51329,49,8,41,2
51330,49,8,41,2
51331,3,0,3,1
51332,51,5,46,2
51333,50,4,46,2
51334,55,12,43,2
51335,45,6,39,2
51337,13,13,0,1
51338,67,8,59,2
51339,1,0,1,1
51340,55,5,50,2
51341,44,7,37,2
51342,64,6,58,2
51343,49,9,40,2
51344,66,9,57,2
51345,43,9,34,2
51346,69,15,54,2
51347,59,4,55,2
51348,64,7,57,2
51349,59,6,53,2
51350,8,7,1,2
51351,54,8,46,2
51352,52,11,41,2
51353,51,8,43,2
51354,53,8,45,2
51356,60,6,54,2
51357,37,6,31,2
51358,54,5,49,2
51359,40,4,36,2
51360,66,8,58,2
51361,42,7,35,2
51363,41,6,35,2
51365,45,4,41,2
51367,50,10,40,2
51368,1,0,1,1
51369,60,11,49,2
51370,42,6,36,2
51371,62,9,53,2
51372,58,56,2,2
51373,52,6,46,2
51375,63,9,54,2
51376,53,10,43,2
51377,1,1,0,1
51379,50,6,44,2
51380,47,5,42,2
51382,53,7,46,2
51383,55,2,53,2
51384,2,1,1,2
51386,46,5,41,2
51387,46,10,36,2
51388,62,4,58,2
51389,43,7,36,2
51390,64,5,59,2
51391,45,8,37,2
51392,16,15,1,2
51393,53,9,44,2
51394,76,9,67,2
51395,21,11,10,2
51397,53,4,49,2
51398,5,2,3,2
51399,61,7,54,2
51401,67,8,59,2
51402,63,6,57,2
51404,48,6,42,2
51405,1,1,0,1
51406,48,2,46,2
51409,7,3,4,2
51410,41,3,38,2
51411,49,4,45,2
51412,63,4,59,2
51413,59,9,50,2
51414,50,5,45,2
51415,1,0,1,1
51416,1,0,1,1
51419,52,9,43,2
51420,63,11,52,2
51422,57,6,51,2
51423,46,5,41,2
51424,62,9,53,2
51425,64,9,55,2
51426,52,3,49,2
51427,54,4,50,2
51428,49,3,46,2
51429,50,8,42,2
51430,48,7,41,2
51431,48,4,44,2
51432,118,118,0,1
51433,2,0,2,1
51434,42,6,36,2
51436,63,11,52,2
51437,58,5,53,2
51439,59,10,49,2
51440,66,8,58,2
51441,52,1,51,2
51442,51,5,46,2
51443,55,6,49,2
51444,59,7,52,2
51445,53,8,45,2
51446,45,5,40,2
51449,65,12,53,2
51450,65,5,60,2
51451,3,2,1,2
51452,54,7,47,2
51453,51,9,42,2
51454,55,9,46,2
51455,65,10,55,2
51456,49,4,45,2
51457,48,8,40,2
51458,56,1,55,2
51459,56,5,51,2
51461,59,11,48,2
51462,51,8,43,2
51463,48,7,41,2
51464,1,0,1,1
51468,51,13,38,2
51469,12,0,12,1
51470,59,6,53,2
51471,61,9,52,2
51472,52,5,47,2
51474,46,5,41,2
51475,73,10,63,2
51476,3,1,2,2
51477,64,7,57,2
51478,60,5,55,2
51479,60,2,58,2
51480,59,5,54,2
51482,55,9,46,2
51483,51,6,45,2
51484,52,5,47,2
51485,1,1,0,1
51488,4,1,3,2
51489,61,6,55,2
51490,46,7,39,2
51491,63,3,60,2
51494,1,0,1,1
51496,53,7,46,2
51497,46,3,43,2
51498,54,7,47,2
51499,69,10,59,2
51500,49,8,41,2
51501,53,4,49,2
51502,50,5,45,2
51503,56,6,50,2
51504,58,8,50,2
51505,62,7,55,2
51506,44,8,36,2
51507,4,4,0,1
51509,66,9,57,2
51510,57,6,51,2
51511,64,6,58,2
51512,53,6,47,2
51513,54,9,45,2
51514,70,5,65,2
51515,58,6,52,2
51516,58,8,50,2
51517,50,10,40,2
51518,76,43,33,2
51519,61,8,53,2
51520,68,5,63,2
51521,66,5,61,2
51522,54,9,45,2
51523,56,7,49,2
51524,56,11,45,2
51525,51,5,46,2
51526,48,8,40,2
51527,4,4,0,1
51528,49,5,44,2
51529,50,11,39,2
51530,56,6,50,2
51531,62,5,57,2
51532,45,8,37,2
51533,69,11,58,2
51536,51,3,48,2
51537,55,6,49,2
51538,58,5,53,2
51540,34,24,10,2
51542,44,1,43,2
51544,67,5,62,2
51545,51,4,47,2
51546,37,3,34,2
51547,18,1,17,2
51548,67,8,59,2
51549,4,2,2,2
51550,48,9,39,2
51553,1,0,1,1
51554,64,7,57,2
51555,53,10,43,2
51556,48,7,41,2
51557,48,10,38,2
51558,65,6,59,2
51559,2,2,0,1
51560,52,9,43,2
51561,10,1,9,2
51562,45,6,39,2
51563,61,11,50,2
51564,39,4,35,2
51565,50,7,43,2
51566,59,3,56,2
51567,50,6,44,2
51568,55,7,48,2
51569,63,18,45,2
51570,63,5,58,2
51571,60,5,55,2
51572,59,12,47,2
51573,57,8,49,2
51574,64,7,57,2
51575,54,7,47,2
51576,60,8,52,2
51577,3,0,3,1
51579,57,6,51,2
51580,49,7,42,2
51581,48,5,43,2
51583,56,10,46,2
51584,58,4,54,2
51586,48,4,44,2
51587,3,2,1,2
51588,58,5,53,2
51589,62,11,51,2
51590,57,10,47,2
51592,63,11,52,2
51593,50,3,47,2
51594,58,7,51,2
51595,48,0,48,1
51596,45,4,41,2
51597,56,3,53,2
51598,68,11,57,2
51599,61,11,50,2
51601,51,9,42,2
51603,39,4,35,2
51604,46,4,42,2
51605,47,4,43,2
51606,66,9,57,2
51607,51,8,43,2
51609,49,7,42,2
51610,1,1,0,1
51611,61,7,54,2
51613,2,1,1,2
51615,3,2,1,2
51617,50,7,43,2
51618,65,7,58,2
51619,57,5,52,2
51620,51,4,47,2
51621,3,1,2,2
51622,49,11,38,2
51623,43,9,34,2
51624,54,11,43,2
51625,49,5,44,2
51626,62,11,51,2
51627,55,8,47,2
51628,59,6,53,2
51629,51,4,47,2
51630,67,9,58,2
51631,60,10,50,2
51632,57,9,48,2
51633,51,7,44,2
51634,58,7,51,2
51635,48,10,38,2
51636,13,13,0,1
51637,69,9,60,2
51639,50,4,46,2
51640,53,4,49,2
51641,44,4,40,2
51642,4,1,3,2
51643,14,7,7,2
51644,51,4,47,2
51645,8,0,8,1
51648,10,10,0,1
51649,66,5,61,2
51651,56,2,54,2
51652,56,7,49,2
51653,47,5,42,2
51655,1,0,1,1
51656,55,6,49,2
51658,50,2,48,2
51659,51,7,44,2
51660,63,11,52,2
51661,48,9,39,2
51662,63,10,53,2
51663,62,7,55,2
51664,44,2,42,2
51665,65,4,61,2
51666,59,6,53,2
51667,49,6,43,2
51668,48,7,41,2
51669,30,30,0,1
51670,39,6,33,2
51671,46,6,40,2
51672,52,6,46,2
51673,56,6,50,2
51674,51,7,44,2
51675,66,8,58,2
51676,71,9,62,2
51677,61,5,56,2
51678,54,6,48,2
51679,75,8,67,2
51680,57,8,49,2
51681,53,5,48,2
51682,52,3,49,2
51683,11,6,5,2
51684,56,8,48,2
51685,62,12,50,2
51686,51,2,49,2
51688,57,8,49,2
51689,49,9,40,2
51690,67,9,58,2
51691,46,1,45,2
51693,50,5,45,2
51694,64,8,56,2
51695,59,7,52,2
51696,48,9,39,2
51697,54,3,51,2
51698,48,6,42,2
51699,51,6,45,2
51700,62,10,52,2
51701,68,10,58,2
51702,49,7,42,2
51703,52,7,45,2
51704,51,5,46,2
51705,59,6,53,2
51706,62,5,57,2
51707,56,7,49,2
51708,51,3,48,2
51709,55,3,52,2
51710,67,4,63,2
51711,49,13,36,2
51712,61,13,48,2
51713,2,2,0,1
51714,61,10,51,2
51715,62,9,53,2
51717,56,8,48,2
51718,65,10,55,2
51719,55,5,50,2
51720,54,7,47,2
51721,44,8,36,2
51722,57,9,48,2
51723,1,0,1,1
51724,61,4,57,2
51725,142,142,0,1
51726,66,15,51,2
51727,8,1,7,2
51729,44,8,36,2
51730,52,4,48,2
51731,58,8,50,2
51732,46,8,38,2
51733,54,4,50,2
51735,2,0,2,1
51736,56,7,49,2
51737,62,10,52,2
51738,57,5,52,2
51739,67,2,65,2
51740,59,10,49,2
51741,48,6,42,2
51742,4,0,4,1
51743,43,8,35,2
51744,60,9,51,2
51745,61,8,53,2
51746,48,4,44,2
51747,55,6,49,2
51748,62,8,54,2
51749,48,10,38,2
51750,55,12,43,2
51751,2,0,2,1
51752,50,2,48,2
51753,1,0,1,1
51754,59,7,52,2
51756,65,9,56,2
51757,52,6,46,2
51759,54,4,50,2
51760,45,3,42,2
51761,60,7,53,2
51762,46,5,41,2
51763,51,6,45,2
51764,45,5,40,2
51766,47,10,37,2
51767,61,9,52,2
51768,57,8,49,2
51769,42,10,32,2
51770,48,10,38,2
51772,4,4,0,1
51773,59,10,49,2
51774,49,7,42,2
51775,5,0,5,1
51776,56,5,51,2
51777,47,7,40,2
51778,51,5,46,2
51779,69,7,62,2
51780,49,2,47,2
51781,2,2,0,1
51782,47,8,39,2
51783,48,5,43,2
51785,41,7,34,2
51786,51,7,44,2
51787,67,10,57,2
51788,1,0,1,1
51789,48,6,42,2
51790,62,11,51,2
51791,55,3,52,2
51792,98,98,0,1
51793,19,9,10,2
51795,51,2,49,2
51797,16,16,0,1
51798,55,7,48,2
51800,60,10,50,2
51801,1,1,0,1
51802,45,6,39,2
51803,58,13,45,2
51804,67,7,60,2
51805,66,6,60,2
51806,65,9,56,2
51808,3,0,3,1
51809,65,13,52,2
51810,58,9,49,2
51811,50,5,45,2
51813,49,4,45,2
51814,77,72,5,2
51815,52,8,44,2
51816,48,2,46,2
51817,485,485,0,1
51818,53,4,49,2
51820,46,6,40,2
51821,8,0,8,1
51822,65,4,61,2
51823,61,8,53,2
51825,53,9,44,2
51826,44,3,41,2
51828,52,10,42,2
51829,11,11,0,1
51830,46,9,37,2
51831,57,9,48,2
51832,57,7,50,2
51833,51,5,46,2
51834,64,7,57,2
51835,60,10,50,2
51836,64,6,58,2
51837,46,5,41,2
51838,50,6,44,2
51839,55,8,47,2
51841,51,6,45,2
51842,42,5,37,2
51843,34,5,29,2
51844,89,87,2,2
51845,68,10,58,2
51846,56,6,50,2
51847,58,7,51,2
51848,62,11,51,2
51849,3,3,0,1
51850,46,6,40,2
51851,46,3,43,2
51852,42,1,41,2
51854,53,3,50,2
51855,48,3,45,2
51858,58,13,45,2
51859,60,10,50,2
51860,17,17,0,1
51861,9,9,0,1
51862,19,18,1,2
51864,63,8,55,2
51865,53,4,49,2
51867,5,3,2,2
51868,64,8,56,2
51871,56,8,48,2
51872,58,6,52,2
51873,43,1,42,2
51874,41,8,33,2
51875,64,13,51,2
51876,1,0,1,1
51877,7,0,7,1
51878,61,8,53,2
51879,57,8,49,2
51880,61,5,56,2
51881,48,5,43,2
51883,50,5,45,2
51884,59,9,50,2
51885,56,2,54,2
51887,54,3,51,2
51888,61,4,57,2
51889,65,7,58,2
51890,44,8,36,2
51891,2,1,1,2
51892,48,4,44,2
51893,2,1,1,2
51894,47,5,42,2
51895,67,13,54,2
51896,61,5,56,2
51897,53,3,50,2
51898,58,8,50,2
51900,55,6,49,2
51901,47,11,36,2
51902,49,4,45,2
51904,62,9,53,2
51905,47,6,41,2
51907,54,5,49,2
51908,1,0,1,1
51909,62,7,55,2
51910,64,6,58,2
51911,60,60,0,1
51913,66,6,60,2
51914,51,8,43,2
51915,52,6,46,2
51916,60,3,57,2
51917,55,5,50,2
51918,1,0,1,1
51919,8,8,0,1
51920,49,5,44,2
51921,1,1,0,1
51922,8,0,8,1
51923,42,5,37,2
51924,1,0,1,1
51925,5,4,1,2
51926,54,9,45,2
51927,42,5,37,2
51928,2,2,0,1
51930,45,9,36,2
51932,58,8,50,2
51933,53,5,48,2
51934,54,6,48,2
51935,62,7,55,2
51936,63,3,60,2
51937,56,5,51,2
51938,53,6,47,2
51940,58,8,50,2
51941,58,5,53,2
51942,42,4,38,2
51943,55,5,50,2
51945,57,8,49,2
51946,61,7,54,2
51947,48,3,45,2
51948,4,4,0,1
51949,59,10,49,2
51950,49,10,39,2
51951,62,5,57,2
51952,44,6,38,2
51953,57,5,52,2
51954,55,3,52,2
51955,55,8,47,2
51956,59,5,54,2
51957,63,5,58,2
51958,53,5,48,2
51959,39,3,36,2
51960,67,5,62,2
51961,54,3,51,2
51962,51,8,43,2
51963,39,36,3,2
51964,38,4,34,2
51965,47,4,43,2
51966,44,8,36,2
51967,44,1,43,2
51968,47,9,38,2
51969,56,4,52,2
51972,45,8,37,2
51973,49,5,44,2
51974,49,7,42,2
51976,48,6,42,2
51977,62,3,59,2
51978,62,7,55,2
51979,58,4,54,2
51981,48,6,42,2
51983,36,2,34,2
51984,55,7,48,2
51985,71,6,65,2
51986,47,3,44,2
51987,54,8,46,2
51988,44,4,40,2
51989,22,22,0,1
51991,48,4,44,2
51992,46,5,41,2
51993,58,11,47,2
51994,62,9,53,2
51996,39,4,35,2
51997,66,10,56,2
51999,97,72,25,2
52000,62,4,58,2
52001,57,2,55,2
52002,45,45,0,1
52003,48,5,43,2
52005,3,1,2,2
52006,66,7,59,2
52007,52,7,45,2
52008,56,3,53,2
52009,41,5,36,2
52010,43,2,41,2
52011,53,6,47,2
52012,45,9,36,2
52014,55,7,48,2
52015,64,6,58,2
52016,53,7,46,2
52017,60,7,53,2
52018,45,3,42,2
52019,57,5,52,2
52020,2,0,2,1
52021,63,10,53,2
52022,65,9,56,2
52023,57,4,53,2
52024,52,5,47,2
52025,7,1,6,2
52026,53,9,44,2
52027,40,7,33,2
52028,77,5,72,2
52029,48,7,41,2
52030,63,7,56,2
52031,55,5,50,2
52032,55,6,49,2
52033,53,6,47,2
52034,50,13,37,2
52035,21,1,20,2
52036,53,9,44,2
52037,37,7,30,2
52038,64,4,60,2
52039,6,5,1,2
52040,52,4,48,2
52041,48,5,43,2
52042,54,4,50,2
52043,38,3,35,2
52044,45,5,40,2
52046,58,7,51,2
52047,48,6,42,2
52048,1,1,0,1
52049,47,7,40,2
52050,73,8,65,2
52051,50,7,43,2
52052,9,9,0,1
52053,61,7,54,2
52054,54,5,49,2
52055,53,6,47,2
52056,48,5,43,2
52057,35,35,0,1
52058,48,10,38,2
52059,57,8,49,2
52060,51,50,1,2
52061,48,6,42,2
52062,26,26,0,1
52063,4,4,0,1
52064,62,12,50,2
52067,63,12,51,2
52068,59,10,49,2
52069,70,10,60,2
52070,7,2,5,2
52071,19,19,0,1
52072,60,7,53,2
52073,75,73,2,2
52074,64,10,54,2
52075,49,4,45,2
52076,58,7,51,2
52077,59,9,50,2
52078,18,0,18,1
52079,67,8,59,2
52080,46,10,36,2
52081,52,6,46,2
52082,63,6,57,2
52083,50,4,46,2
52084,2,0,2,1
52085,63,8,55,2
52086,194,194,0,1
52087,70,11,59,2
52088,314,311,3,2
52090,60,4,56,2
52091,51,4,47,2
52092,2,1,1,2
52094,56,6,50,2
52095,41,4,37,2
52096,3,1,2,2
52097,49,5,44,2
52098,49,8,41,2
52099,56,5,51,2
52100,51,5,46,2
52101,56,6,50,2
52102,57,11,46,2
52103,53,7,46,2
52104,53,4,49,2
52105,64,9,55,2
52106,4,3,1,2
52107,41,4,37,2
52109,45,4,41,2
52110,54,4,50,2
52111,55,4,51,2
52112,47,9,38,2
52113,50,50,0,1
52114,49,6,43,2
52115,54,7,47,2
52116,62,7,55,2
52117,49,5,44,2
52118,9,8,1,2
52119,53,3,50,2
52120,48,3,45,2
52121,62,9,53,2
52122,48,4,44,2
52123,52,2,50,2
52124,45,6,39,2
52125,2,0,2,1
52126,57,5,52,2
52128,54,9,45,2
52129,47,7,40,2
52130,50,8,42,2
52131,68,3,65,2
52134,56,52,4,2
52135,54,10,44,2
52136,45,8,37,2
52137,68,7,61,2
52138,52,7,45,2
52139,50,2,48,2
52140,55,9,46,2
52141,10,10,0,1
52142,54,7,47,2
52143,32,31,1,2
52144,68,8,60,2
52145,53,4,49,2
52146,42,5,37,2
52147,59,5,54,2
52148,67,8,59,2
52149,65,13,52,2
52150,51,4,47,2
52151,52,5,47,2
52152,54,10,44,2
52153,45,6,39,2
52154,57,6,51,2
52155,55,5,50,2
52156,59,4,55,2
52157,50,10,40,2
52158,58,6,52,2
52159,65,7,58,2
52160,56,11,45,2
52161,60,12,48,2
52162,61,5,56,2
52163,3,3,0,1
52164,52,8,44,2
52165,43,2,41,2
52168,55,5,50,2
52169,49,6,43,2
52170,51,3,48,2
52171,61,12,49,2
52172,46,7,39,2
52173,64,13,51,2
52174,56,7,49,2
52175,41,2,39,2
52176,47,8,39,2
52177,44,3,41,2
52178,62,8,54,2
52179,55,5,50,2
52180,52,4,48,2
52181,60,6,54,2
52183,63,3,60,2
52184,255,255,0,1
52185,44,3,41,2
52186,40,6,34,2
52187,51,9,42,2
52188,39,2,37,2
52189,53,7,46,2
52190,53,4,49,2
52191,55,7,48,2
52192,66,6,60,2
52194,60,7,53,2
52195,53,2,51,2
52196,12,0,12,1
52197,57,5,52,2
52198,55,9,46,2
52199,37,4,33,2
52200,51,6,45,2
52201,59,8,51,2
52202,3,0,3,1
52203,60,10,50,2
52205,47,5,42,2
52206,52,5,47,2
52207,55,7,48,2
52208,53,7,46,2
52209,50,4,46,2
52210,54,4,50,2
52211,50,4,46,2
52213,2,0,2,1
52214,59,6,53,2
52215,4,4,0,1
52216,51,4,47,2
52217,54,11,43,2
52218,47,8,39,2
52219,49,6,43,2
52220,62,5,57,2
52221,42,3,39,2
52222,3,3,0,1
52225,37,5,32,2
52226,48,7,41,2
52227,51,6,45,2
52228,52,4,48,2
52229,43,9,34,2
52230,47,5,42,2
52231,5,5,0,1
52232,54,10,44,2
52233,61,8,53,2
52234,62,9,53,2
52235,52,5,47,2
52236,51,5,46,2
52237,56,8,48,2
52239,36,4,32,2
52240,62,5,57,2
52241,64,7,57,2
52242,63,12,51,2
52243,47,4,43,2
52244,74,12,62,2
52245,9,3,6,2
52246,3,2,1,2
52247,58,5,53,2
52249,57,6,51,2
52250,59,8,51,2
52252,54,4,50,2
52253,60,13,47,2
52254,48,7,41,2
52255,56,6,50,2
52257,41,9,32,2
52258,56,6,50,2
52259,48,6,42,2
52260,8,5,3,2
52261,69,7,62,2
52262,65,7,58,2
52263,62,4,58,2
52264,2,1,1,2
52265,59,5,54,2
52266,52,5,47,2
52267,47,3,44,2
52268,55,6,49,2
52269,46,5,41,2
52270,51,6,45,2
52271,67,11,56,2
52272,49,4,45,2
52273,42,7,35,2
52274,56,7,49,2
52275,55,7,48,2
52276,57,8,49,2
52277,55,4,51,2
52278,57,5,52,2
52279,45,5,40,2
52280,50,6,44,2
52281,63,5,58,2
52282,53,5,48,2
52284,51,5,46,2
52285,54,0,54,1
52286,54,5,49,2
52287,69,5,64,2
52288,64,3,61,2
52290,46,5,41,2
52291,56,5,51,2
52292,59,6,53,2
52293,1,0,1,1
52294,47,6,41,2
52295,51,9,42,2
52296,63,9,54,2
52297,51,5,46,2
52298,52,6,46,2
52300,49,4,45,2
52301,59,7,52,2
52302,60,9,51,2
52303,54,2,52,2
52304,51,7,44,2
52305,52,10,42,2
52306,42,5,37,2
52307,262,262,0,1
52308,50,6,44,2
52309,60,6,54,2
52310,37,5,32,2
52311,55,10,45,2
52312,63,15,48,2
52313,46,5,41,2
52314,59,11,48,2
52315,58,7,51,2
52316,68,8,60,2
52317,36,2,34,2
52318,55,6,49,2
52319,48,5,43,2
52320,56,6,50,2
52321,50,12,38,2
52322,270,0,270,1
52323,48,4,44,2
52324,51,7,44,2
52325,51,5,46,2
52326,48,4,44,2
52327,53,3,50,2
52329,58,7,51,2
52330,1,1,0,1
52331,47,3,44,2
52332,53,6,47,2
52333,52,1,51,2
52334,51,6,45,2
52335,6,6,0,1
52336,48,8,40,2
52337,41,3,38,2
52338,13,6,7,2
52339,42,8,34,2
52340,54,8,46,2
52341,47,4,43,2
52342,49,5,44,2
52343,55,6,49,2
52344,64,9,55,2
52345,58,6,52,2
52346,31,31,0,1
52347,42,7,35,2
52348,4,0,4,1
52349,58,4,54,2
52350,11,11,0,1
52351,7,7,0,1
52352,10,9,1,2
52353,62,12,50,2
52355,43,7,36,2
52356,54,5,49,2
52357,21,21,0,1
52358,54,10,44,2
52359,1,1,0,1
52360,49,4,45,2
52361,52,1,51,2
52363,54,7,47,2
52364,43,5,38,2
52365,68,5,63,2
52366,64,11,53,2
52367,41,4,37,2
52368,1,1,0,1
52369,55,7,48,2
52371,40,4,36,2
52372,56,10,46,2
52373,1,1,0,1
52374,18,0,18,1
52375,50,4,46,2
52377,58,6,52,2
52378,55,10,45,2
52379,50,10,40,2
52380,50,4,46,2
52381,61,5,56,2
52382,2,1,1,2
52383,5,0,5,1
52385,55,7,48,2
52386,54,12,42,2
52387,48,4,44,2
52389,61,12,49,2
52390,54,5,49,2
52391,48,8,40,2
52392,2,0,2,1
52393,47,5,42,2
52394,60,10,50,2
52395,52,5,47,2
52396,59,9,50,2
52397,58,11,47,2
52398,52,13,39,2
52400,56,7,49,2
52402,53,5,48,2
52403,56,4,52,2
52404,52,10,42,2
52405,59,3,56,2
52406,46,6,40,2
52407,57,8,49,2
52408,10,1,9,2
52409,39,2,37,2
52410,46,5,41,2
52411,47,8,39,2
52413,56,6,50,2
52414,54,6,48,2
52415,70,12,58,2
52416,55,3,52,2
52417,40,37,3,2
52418,49,9,40,2
52419,53,4,49,2
52420,54,4,50,2
52421,52,5,47,2
52422,59,4,55,2
52423,41,4,37,2
52424,57,3,54,2
52425,54,11,43,2
52426,58,10,48,2
52428,77,10,67,2
52429,61,5,56,2
52430,41,6,35,2
52431,53,2,51,2
52432,45,2,43,2
52434,57,5,52,2
52435,57,5,52,2
52436,1,0,1,1
52438,73,7,66,2
52440,56,6,50,2
52441,55,7,48,2
52442,52,6,46,2
52444,51,9,42,2
52445,54,10,44,2
52446,57,3,54,2
52447,55,6,49,2
52448,56,6,50,2
52449,49,8,41,2
52450,48,3,45,2
52451,50,10,40,2
52452,50,8,42,2
52453,43,4,39,2
52454,65,5,60,2
52455,51,9,42,2
52456,63,8,55,2
52457,46,5,41,2
52459,42,2,40,2
52460,1,0,1,1
52461,63,8,55,2
52462,54,6,48,2
52464,1,1,0,1
52465,46,5,41,2
52466,58,6,52,2
52467,60,7,53,2
52468,48,5,43,2
52469,58,11,47,2
52470,63,9,54,2
52471,52,6,46,2
52472,56,3,53,2
52473,40,30,10,2
52474,46,1,45,2
52475,47,4,43,2
52477,49,6,43,2
52478,48,44,4,2
52480,58,4,54,2
52482,48,8,40,2
52483,60,5,55,2
52484,46,9,37,2
52485,56,7,49,2
52487,74,11,63,2
52488,59,4,55,2
52489,51,4,47,2
52490,50,8,42,2
52491,43,4,39,2
52492,37,5,32,2
52493,49,5,44,2
52494,60,8,52,2
52495,64,12,52,2
52496,6,6,0,1
52497,52,3,49,2
52498,46,7,39,2
52499,47,3,44,2
52500,51,6,45,2
52502,10,0,10,1
52503,1,0,1,1
52504,51,8,43,2
52506,56,8,48,2
52507,60,5,55,2
52508,50,10,40,2
52509,60,5,55,2
52510,33,33,0,1
52511,55,6,49,2
52513,6,0,6,1
52514,51,8,43,2
52515,41,5,36,2
52516,55,7,48,2
52517,51,9,42,2
52518,57,7,50,2
52519,57,5,52,2
52520,1,0,1,1
52521,55,7,48,2
52522,46,12,34,2
52523,47,7,40,2
52524,54,6,48,2
52525,46,9,37,2
52526,67,14,53,2
52527,54,7,47,2
52528,106,106,0,1
52529,53,5,48,2
52530,51,2,49,2
52531,44,4,40,2
52532,7,2,5,2
52533,46,3,43,2
52535,64,64,0,1
52536,47,3,44,2
52538,58,11,47,2
52539,55,3,52,2
52540,65,10,55,2
52541,51,4,47,2
52542,42,7,35,2
52543,1,0,1,1
52545,58,5,53,2
52546,47,4,43,2
52547,62,5,57,2
52549,46,5,41,2
52550,2,0,2,1
52551,51,8,43,2
52552,64,8,56,2
52554,2,1,1,2
52556,52,4,48,2
52557,54,5,49,2
52559,55,7,48,2
52561,57,6,51,2
52562,13,1,12,2
52563,52,7,45,2
52564,61,7,54,2
52565,64,5,59,2
52566,53,8,45,2
52567,61,7,54,2
52568,52,7,45,2
52569,44,3,41,2
52570,40,5,35,2
52571,71,71,0,1
52572,54,6,48,2
52573,2,1,1,2
52574,46,4,42,2
52575,47,2,45,2
52576,58,5,53,2
52577,60,3,57,2
52578,49,8,41,2
52579,42,8,34,2
52580,61,13,48,2
52581,57,6,51,2
52583,59,8,51,2
52584,47,6,41,2
52585,60,11,49,2
52586,10,1,9,2
52587,65,10,55,2
52588,1914,1914,0,1
52589,49,3,46,2
52590,67,4,63,2
52591,61,7,54,2
52592,41,2,39,2
52593,52,6,46,2
52594,58,3,55,2
52595,46,7,39,2
52597,65,10,55,2
52598,67,12,55,2
52599,54,4,50,2
52600,53,9,44,2
52601,58,8,50,2
52602,70,14,56,2
52604,62,9,53,2
52606,46,4,42,2
52607,43,4,39,2
52608,53,7,46,2
52609,3,0,3,1
52610,62,12,50,2
52611,53,8,45,2
52612,44,1,43,2
52613,2084,2084,0,1
52615,1,0,1,1
52616,58,8,50,2
52617,56,7,49,2
52618,54,3,51,2
52619,57,8,49,2
52620,63,8,55,2
52621,48,5,43,2
52622,53,8,45,2
52623,46,4,42,2
52624,57,8,49,2
52625,55,8,47,2
52626,61,5,56,2
52627,62,7,55,2
52628,62,3,59,2
52629,64,6,58,2
52630,51,7,44,2
52631,56,3,53,2
52632,57,11,46,2
52633,48,8,40,2
52634,9,0,9,1
52636,55,4,51,2
52637,61,3,58,2
52639,52,6,46,2
52640,56,5,51,2
52641,47,6,41,2
52642,39,5,34,2
52643,45,4,41,2
52644,55,9,46,2
52645,51,6,45,2
52646,45,13,32,2
52647,56,1,55,2
52648,565,342,223,2
52649,45,6,39,2
52650,57,3,54,2
52651,55,9,46,2
52652,55,13,42,2
52653,38,6,32,2
52654,56,7,49,2
52655,62,11,51,2
52656,49,5,44,2
52657,53,8,45,2
52658,53,6,47,2
52661,60,58,2,2
52662,56,5,51,2
52664,64,10,54,2
52666,60,4,56,2
52667,53,10,43,2
52668,54,7,47,2
52669,59,11,48,2
52670,60,8,52,2
52671,57,5,52,2
52672,3,2,1,2
52673,43,5,38,2
52674,57,2,55,2
52675,50,3,47,2
52676,44,3,41,2
52677,48,3,45,2
52678,61,6,55,2
52679,49,4,45,2
52681,51,5,46,2
52682,9,1,8,2
52685,47,2,45,2
52686,35,6,29,2
52687,61,6,55,2
52688,57,6,51,2
52689,54,2,52,2
52690,61,5,56,2
52691,56,3,53,2
52692,58,10,48,2
52693,42,5,37,2
52696,68,11,57,2
52697,48,5,43,2
52698,49,4,45,2
52699,63,6,57,2
52700,46,9,37,2
52701,73,8,65,2
52702,49,8,41,2
52703,49,5,44,2
52705,53,10,43,2
52706,58,11,47,2
52707,45,5,40,2
52708,56,11,45,2
52709,1,0,1,1
52711,53,6,47,2
52712,56,5,51,2
52713,52,6,46,2
52714,4,2,2,2
52715,49,4,45,2
52716,40,1,39,2
52718,39,7,32,2
52719,69,5,64,2
52720,58,10,48,2
52722,54,5,49,2
52723,54,4,50,2
52724,50,12,38,2
52725,53,8,45,2
52728,46,8,38,2
52729,38,7,31,2
52730,48,8,40,2
52731,47,47,0,1
52734,47,6,41,2
52735,52,9,43,2
52736,54,7,47,2
52737,52,5,47,2
52740,8,2,6,2
52741,50,6,44,2
52742,38,4,34,2
52743,60,7,53,2
52744,49,8,41,2
52745,49,3,46,2
52746,40,4,36,2
52747,62,6,56,2
52748,4,0,4,1
52749,46,5,41,2
52750,61,12,49,2
52752,1,1,0,1
52753,42,6,36,2
52754,56,6,50,2
52755,55,6,49,2
52756,70,12,58,2
52757,51,8,43,2
52758,10,10,0,1
52759,1,1,0,1
52760,53,9,44,2
52761,65,3,62,2
52763,71,6,65,2
52764,46,5,41,2
52766,54,6,48,2
52767,60,4,56,2
52768,51,7,44,2
52769,60,4,56,2
52770,56,12,44,2
52772,55,7,48,2
52773,17,8,9,2
52774,60,7,53,2
52775,64,8,56,2
52776,42,41,1,2
52777,61,6,55,2
52779,63,4,59,2
52780,54,8,46,2
52781,150,0,150,1
52782,58,9,49,2
52783,61,7,54,2
52784,14,7,7,2
52785,67,13,54,2
52786,68,5,63,2
52787,60,10,50,2
52788,120,2,118,2
52789,1,0,1,1
52790,57,8,49,2
52791,50,10,40,2
52792,58,6,52,2
52793,66,6,60,2
52794,58,7,51,2
52795,4,0,4,1
52796,61,12,49,2
52798,47,7,40,2
52800,32,32,0,1
52801,57,6,51,2
52803,46,2,44,2
52804,58,6,52,2
52805,40,7,33,2
52806,58,10,48,2
52807,56,5,51,2
52809,52,4,48,2
52810,60,3,57,2
52812,50,7,43,2
52813,47,4,43,2
52815,50,5,45,2
52816,55,6,49,2
52818,53,3,50,2
52819,54,7,47,2
52820,59,9,50,2
52821,56,4,52,2
52822,59,7,52,2
52824,52,6,46,2
52825,58,6,52,2
52826,52,7,45,2
52827,65,6,59,2
52828,52,7,45,2
52829,61,6,55,2
52830,59,6,53,2
52831,53,9,44,2
52832,2,0,2,1
52833,52,7,45,2
52834,45,3,42,2
52835,54,4,50,2
52836,52,3,49,2
52837,46,4,42,2
52838,45,9,36,2
52840,4,0,4,1
52841,57,5,52,2
52842,39,9,30,2
52843,65,7,58,2
52844,54,8,46,2
52846,41,3,38,2
52847,12,9,3,2
52848,58,7,51,2
52850,50,8,42,2
52851,41,5,36,2
52852,58,5,53,2
52854,61,7,54,2
52855,1,1,0,1
52856,50,5,45,2
52857,53,6,47,2
52858,64,9,55,2
52859,58,6,52,2
52860,54,10,44,2
52862,68,9,59,2
52864,223,0,223,1
52865,41,4,37,2
52866,56,10,46,2
52867,2,0,2,1
52868,47,8,39,2
52869,50,5,45,2
52870,74,8,66,2
52871,45,2,43,2
52872,55,9,46,2
52874,3,1,2,2
52875,59,8,51,2
52877,62,10,52,2
52878,49,2,47,2
52879,69,8,61,2
52880,56,7,49,2
52881,53,9,44,2
52883,14,14,0,1
52884,45,6,39,2
52885,59,5,54,2
52886,60,3,57,2
52888,47,8,39,2
52889,6,0,6,1
52891,55,6,49,2
52892,60,12,48,2
52893,55,12,43,2
52894,38,2,36,2
52895,50,5,45,2
52896,56,6,50,2
52897,53,53,0,1
52898,51,5,46,2
52899,67,9,58,2
52900,2,1,1,2
52901,62,7,55,2
52902,58,8,50,2
52903,1,0,1,1
52904,46,7,39,2
52905,54,9,45,2
52906,49,5,44,2
52907,3,3,0,1
52908,53,9,44,2
52909,42,6,36,2
52910,49,5,44,2
52912,59,5,54,2
52913,52,7,45,2
52915,58,7,51,2
52916,44,3,41,2
52917,58,6,52,2
52918,64,7,57,2
52919,58,6,52,2
52920,64,7,57,2
52921,45,5,40,2
52922,53,6,47,2
52923,56,6,50,2
52924,62,9,53,2
52925,58,10,48,2
52926,48,2,46,2
52928,53,7,46,2
52930,62,6,56,2
52931,52,10,42,2
52932,46,2,44,2
52933,57,6,51,2
52934,64,11,53,2
52935,44,2,42,2
52936,1,1,0,1
52937,48,4,44,2
52938,48,4,44,2
52939,43,2,41,2
52940,7,0,7,1
52941,1,1,0,1
52942,53,8,45,2
52943,45,3,42,2
52944,55,7,48,2
52945,46,6,40,2
52946,55,55,0,1
52947,56,11,45,2
52950,56,12,44,2
52951,51,7,44,2
52954,49,7,42,2
52955,1,0,1,1
52956,41,8,33,2
52957,52,5,47,2
52958,65,7,58,2
52959,48,9,39,2
52960,60,7,53,2
52961,47,4,43,2
52963,53,7,46,2
52964,8,8,0,1
52965,63,6,57,2
52966,50,3,47,2
52967,42,1,41,2
52968,60,2,58,2
52969,59,8,51,2
52970,51,2,49,2
52971,58,2,56,2
52972,57,6,51,2
52973,45,4,41,2
52975,65,5,60,2
52976,52,7,45,2
52977,55,9,46,2
52978,59,56,3,2
52979,65,10,55,2
52980,56,7,49,2
52981,50,8,42,2
52982,66,31,35,2
52983,61,11,50,2
52984,2,2,0,1
52985,47,5,42,2
52986,8,8,0,1
52987,24,22,2,2
52988,56,9,47,2
52989,1,1,0,1
52990,65,8,57,2
52991,1,1,0,1
52992,56,15,41,2
52993,56,7,49,2
52994,3,2,1,2
52995,65,6,59,2
52996,60,6,54,2
52998,48,6,42,2
52999,45,4,41,2
53001,56,8,48,2
53002,55,9,46,2
53003,65,11,54,2
53004,61,6,55,2
53006,61,10,51,2
53007,62,9,53,2
53008,3,3,0,1
53010,65,7,58,2
53012,8,8,0,1
53014,53,9,44,2
53015,60,8,52,2
53017,58,6,52,2
53019,53,3,50,2
53020,3,1,2,2
53021,54,6,48,2
53022,60,7,53,2
53023,55,12,43,2
53024,42,4,38,2
53025,38,7,31,2
53027,66,7,59,2
53028,61,2,59,2
53030,60,7,53,2
53032,56,8,48,2
53033,1,1,0,1
53034,5,0,5,1
53035,58,7,51,2
53036,60,4,56,2
53038,3,1,2,2
53039,60,5,55,2
53040,75,10,65,2
53041,44,5,39,2
53042,55,5,50,2
53043,50,6,44,2
53045,63,8,55,2
53046,52,3,49,2
53047,59,9,50,2
53048,53,6,47,2
53050,56,8,48,2
53051,47,3,44,2
53052,56,8,48,2
53053,1,1,0,1
53054,53,8,45,2
53056,52,9,43,2
53057,60,5,55,2
53058,43,6,37,2
53059,70,5,65,2
53060,60,9,51,2
53061,62,7,55,2
53062,54,4,50,2
53063,52,7,45,2
53064,61,4,57,2
53065,49,3,46,2
53066,52,3,49,2
53067,58,3,55,2
53068,4,0,4,1
53069,51,3,48,2
53070,62,7,55,2
53071,47,9,38,2
53073,53,6,47,2
53074,59,9,50,2
53075,63,8,55,2
53076,57,6,51,2
53077,6,1,5,2
53080,54,6,48,2
53082,54,5,49,2
53083,55,8,47,2
53084,16,7,9,2
53087,63,6,57,2
53088,5,1,4,2
53089,56,11,45,2
53090,58,3,55,2
53091,52,9,43,2
53092,61,6,55,2
53093,69,11,58,2
53094,20,20,0,1
53095,55,9,46,2
53096,22,22,0,1
53097,65,8,57,2
53098,53,6,47,2
53100,59,8,51,2
53101,862,859,3,2
53102,2,2,0,1
53104,58,8,50,2
53105,69,10,59,2
53107,53,6,47,2
53108,63,12,51,2
53109,45,7,38,2
53110,50,4,46,2
53111,1,1,0,1
53112,66,3,63,2
53113,64,9,55,2
53114,8,4,4,2
53115,40,5,35,2
53116,57,9,48,2
53117,38,2,36,2
53118,24,0,24,1
53119,49,4,45,2
53120,57,4,53,2
53121,48,5,43,2
53122,48,10,38,2
53123,56,47,9,2
53124,55,3,52,2
53125,51,8,43,2
53126,31,0,31,1
53127,53,7,46,2
53128,66,12,54,2
53130,56,6,50,2
53131,43,7,36,2
53132,52,5,47,2
53133,61,6,55,2
53134,9,5,4,2
53135,59,8,51,2
53136,68,10,58,2
53137,63,6,57,2
53138,69,8,61,2
53139,53,8,45,2
53140,57,5,52,2
53141,50,7,43,2
53142,59,9,50,2
53143,58,5,53,2
53144,53,5,48,2
53146,44,9,35,2
53147,46,6,40,2
53148,55,4,51,2
53149,50,4,46,2
53150,53,5,48,2
53151,55,5,50,2
53152,55,7,48,2
53153,1,0,1,1
53154,46,6,40,2
53156,53,4,49,2
53157,1,1,0,1
53158,47,4,43,2
53159,4,1,3,2
53160,2,1,1,2
53161,57,7,50,2
53162,53,5,48,2
53163,58,9,49,2
53164,58,7,51,2
53165,66,10,56,2
53166,58,11,47,2
53167,15,10,5,2
53168,53,6,47,2
53169,3,1,2,2
53170,62,7,55,2
53171,41,5,36,2
53172,47,7,40,2
53173,54,5,49,2
53174,57,6,51,2
53175,48,4,44,2
53176,52,10,42,2
53177,45,4,41,2
53178,35,31,4,2
53180,55,6,49,2
53181,53,9,44,2
53182,63,6,57,2
53184,65,13,52,2
53185,54,3,51,2
53186,55,4,51,2
53187,53,8,45,2
53189,64,7,57,2
53190,45,6,39,2
53191,53,1,52,2
53192,63,8,55,2
53193,57,8,49,2
53194,52,11,41,2
53195,48,2,46,2
53196,49,5,44,2
53197,2,2,0,1
53198,51,7,44,2
53199,55,6,49,2
53200,54,5,49,2
53201,53,5,48,2
53203,63,8,55,2
53204,54,7,47,2
53205,57,5,52,2
53206,51,7,44,2
53208,48,8,40,2
53209,49,6,43,2
53211,59,3,56,2
53212,61,7,54,2
53213,53,5,48,2
53214,53,6,47,2
53215,57,7,50,2
53216,55,3,52,2
53217,4,0,4,1
53218,52,5,47,2
53219,46,8,38,2
53220,62,7,55,2
53221,49,5,44,2
53222,47,2,45,2
53223,51,9,42,2
53224,48,9,39,2
53225,68,12,56,2
53226,22,0,22,1
53227,55,6,49,2
53228,43,7,36,2
53229,42,6,36,2
53230,49,6,43,2
53231,61,9,52,2
53232,63,4,59,2
53233,66,10,56,2
53234,12,12,0,1
53235,54,6,48,2
53236,1,0,1,1
53237,50,7,43,2
53238,2,2,0,1
53239,56,3,53,2
53240,1,0,1,1
53241,56,5,51,2
53242,57,7,50,2
53244,51,9,42,2
53246,43,6,37,2
53247,57,8,49,2
53249,59,8,51,2
53250,51,7,44,2
53251,52,6,46,2
53252,53,7,46,2
53253,53,4,49,2
53254,43,1,42,2
53255,72,5,67,2
53256,58,7,51,2
53258,6,0,6,1
53259,55,9,46,2
53260,66,8,58,2
53262,65,6,59,2
53263,53,6,47,2
53264,1,1,0,1
53265,43,3,40,2
53266,49,4,45,2
53268,56,9,47,2
53270,54,5,49,2
53271,51,7,44,2
53272,45,6,39,2
53273,48,6,42,2
53274,62,11,51,2
53275,51,9,42,2
53276,58,6,52,2
53277,35,4,31,2
53278,3,0,3,1
53279,53,8,45,2
53280,57,7,50,2
53281,56,5,51,2
53282,69,9,60,2
53284,3,2,1,2
53285,46,8,38,2
53287,52,4,48,2
53288,57,10,47,2
53289,67,10,57,2
53290,4,1,3,2
53291,46,6,40,2
53292,50,6,44,2
53293,54,6,48,2
53294,62,7,55,2
53295,4,4,0,1
53296,60,9,51,2
53297,49,3,46,2
53298,61,14,47,2
53300,61,11,50,2
53301,52,3,49,2
53302,48,5,43,2
53303,52,3,49,2
53304,54,6,48,2
53305,70,11,59,2
53306,58,5,53,2
53307,48,6,42,2
53308,55,6,49,2
53309,13,13,0,1
53310,49,6,43,2
53312,2,2,0,1
53313,69,7,62,2
53314,67,11,56,2
53315,43,4,39,2
53317,56,4,52,2
53319,50,6,44,2
53321,166,166,0,1
53322,46,11,35,2
53323,51,6,45,2
53324,2,0,2,1
53325,59,13,46,2
53326,46,46,0,1
53327,41,41,0,1
53328,51,9,42,2
53329,51,6,45,2
53330,46,6,40,2
53331,2,1,1,2
53332,63,7,56,2
53333,52,7,45,2
53334,52,5,47,2
53335,7,5,2,2
53336,50,8,42,2
53338,54,7,47,2
53339,61,11,50,2
53340,55,5,50,2
53341,56,6,50,2
53342,11,0,11,1
53343,1,0,1,1
53346,52,2,50,2
53347,64,11,53,2
53348,52,6,46,2
53350,72,9,63,2
53352,47,7,40,2
53353,51,4,47,2
53354,9,9,0,1
53355,52,3,49,2
53357,60,7,53,2
53358,49,7,42,2
53359,51,9,42,2
53360,54,4,50,2
53361,58,5,53,2
53362,43,6,37,2
53363,54,6,48,2
53364,51,5,46,2
53365,57,5,52,2
53366,62,9,53,2
53367,11,9,2,2
53368,59,6,53,2
53369,10,9,1,2
53370,60,7,53,2
53371,44,2,42,2
53372,97,93,4,2
53373,53,6,47,2
53374,42,7,35,2
53375,50,7,43,2
53376,60,9,51,2
53377,3,1,2,2
53378,54,9,45,2
53379,60,10,50,2
53382,58,7,51,2
53383,52,6,46,2
53384,58,8,50,2
53385,47,10,37,2
53386,50,8,42,2
53387,58,54,4,2
53388,48,7,41,2
53389,46,4,42,2
53390,61,9,52,2
53391,49,5,44,2
53393,53,3,50,2
53395,38,3,35,2
53396,48,6,42,2
53398,58,3,55,2
53399,46,4,42,2
53400,58,6,52,2
53402,56,10,46,2
53403,51,7,44,2
53404,2,1,1,2
53405,60,10,50,2
53406,54,10,44,2
53408,65,7,58,2
53410,62,6,56,2
53411,11,10,1,2
53412,60,8,52,2
53413,61,7,54,2
53414,49,5,44,2
53415,46,10,36,2
53416,28,11,17,2
53417,54,5,49,2
53420,48,7,41,2
53421,60,8,52,2
53422,56,3,53,2
53423,42,5,37,2
53424,50,5,45,2
53425,61,6,55,2
53426,62,8,54,2
53427,37,37,0,1
53428,49,9,40,2
53429,42,2,40,2
53431,56,8,48,2
53435,64,11,53,2
53436,57,5,52,2
53438,1,0,1,1
53439,49,3,46,2
53440,62,5,57,2
53441,57,3,54,2
53442,58,5,53,2
53443,55,5,50,2
53445,1,0,1,1
53446,16,13,3,2
53447,53,7,46,2
53449,57,14,43,2
53450,60,12,48,2
53451,56,5,51,2
53452,3,0,3,1
53453,57,5,52,2
53454,64,4,60,2
53455,57,8,49,2
53456,64,7,57,2
53457,56,6,50,2
53459,16,15,1,2
53460,57,9,48,2
53461,4,1,3,2
53462,47,2,45,2
53463,46,2,44,2
53464,51,7,44,2
53465,58,8,50,2
53467,55,9,46,2
53468,62,7,55,2
53469,2,0,2,1
53470,49,4,45,2
53471,45,7,38,2
53472,60,11,49,2
53473,60,6,54,2
53474,45,6,39,2
53475,64,8,56,2
53477,77,6,71,2
53479,164,131,33,2
53480,75,9,66,2
53481,66,5,61,2
53482,52,4,48,2
53483,49,5,44,2
53484,53,5,48,2
53485,54,6,48,2
53487,58,7,51,2
53488,2,1,1,2
53489,54,4,50,2
53490,56,8,48,2
53491,1,1,0,1
53492,68,11,57,2
53493,49,4,45,2
53494,58,8,50,2
53495,56,3,53,2
53496,47,3,44,2
53497,21,11,10,2
53498,57,6,51,2
53499,53,6,47,2
53500,1,0,1,1
53501,56,4,52,2
53502,65,12,53,2
53503,54,7,47,2
53504,73,10,63,2
53505,1,1,0,1
53506,55,6,49,2
53508,57,4,53,2
53509,57,4,53,2
53510,57,7,50,2
53511,15,15,0,1
53512,60,11,49,2
53513,57,8,49,2
53514,4,0,4,1
53515,47,5,42,2
53516,67,11,56,2
53517,29,23,6,2
53518,52,4,48,2
53520,2,0,2,1
53521,61,8,53,2
53522,51,6,45,2
53523,17,0,17,1
53524,67,8,59,2
53525,46,4,42,2
53526,46,6,40,2
53528,49,1,48,2
53529,50,5,45,2
53530,81,13,68,2
53531,49,4,45,2
53532,52,8,44,2
53533,56,6,50,2
53534,44,4,40,2
53535,48,8,40,2
53536,61,8,53,2
53537,67,8,59,2
53538,59,5,54,2
53539,48,5,43,2
53540,42,5,37,2
53541,48,4,44,2
53542,67,7,60,2
53543,66,9,57,2
53544,29,29,0,1
53545,59,7,52,2
53546,1,0,1,1
53548,54,9,45,2
53549,60,6,54,2
53550,48,6,42,2
53551,7,1,6,2
53553,52,3,49,2
53554,50,6,44,2
53555,53,5,48,2
53556,1,1,0,1
53558,65,16,49,2
53559,43,4,39,2
53560,1312,1312,0,1
53562,64,3,61,2
53563,55,4,51,2
53564,46,3,43,2
53565,45,7,38,2
53566,48,4,44,2
53567,53,8,45,2
53570,55,5,50,2
53571,8,8,0,1
53572,51,9,42,2
53573,56,6,50,2
53574,59,6,53,2
53576,60,6,54,2
53577,43,3,40,2
53578,20,20,0,1
53579,51,6,45,2
53581,57,8,49,2
53582,46,5,41,2
53584,50,7,43,2
53585,62,6,56,2
53586,61,7,54,2
53587,61,7,54,2
53588,57,7,50,2
53589,62,6,56,2
53590,52,5,47,2
53591,49,6,43,2
53592,57,4,53,2
53593,67,7,60,2
53594,61,6,55,2
53595,63,12,51,2
53597,64,6,58,2
53598,60,5,55,2
53599,1,0,1,1
53600,53,9,44,2
53601,56,9,47,2
53602,61,5,56,2
53603,54,7,47,2
53604,65,10,55,2
53605,58,4,54,2
53606,59,7,52,2
53607,63,6,57,2
53609,59,7,52,2
53610,65,6,59,2
53611,61,3,58,2
53612,47,7,40,2
53613,61,4,57,2
53615,55,55,0,1
53616,52,7,45,2
53617,57,7,50,2
53618,67,8,59,2
53619,49,8,41,2
53620,129,125,4,2
53621,58,5,53,2
53622,56,5,51,2
53623,44,6,38,2
53625,53,3,50,2
53626,66,6,60,2
53627,69,10,59,2
53629,1,0,1,1
53630,57,5,52,2
53631,41,5,36,2
53632,58,8,50,2
53633,52,6,46,2
53635,58,5,53,2
53636,66,12,54,2
53637,57,7,50,2
53639,73,9,64,2
53640,45,2,43,2
53641,4,1,3,2
53642,56,7,49,2
53644,47,8,39,2
53646,44,6,38,2
53647,48,4,44,2
53649,49,6,43,2
53650,53,5,48,2
53651,48,8,40,2
53652,58,13,45,2
53653,67,12,55,2
53654,51,6,45,2
53655,72,13,59,2
53656,47,11,36,2
53658,43,10,33,2
53659,46,6,40,2
53660,13,0,13,1
53661,64,7,57,2
53662,46,8,38,2
53663,47,8,39,2
53664,57,4,53,2
53665,60,8,52,2
53666,49,5,44,2
53667,67,5,62,2
53668,56,10,46,2
53669,55,5,50,2
53670,46,8,38,2
53671,60,9,51,2
53672,53,10,43,2
53674,46,5,41,2
53675,48,2,46,2
53677,61,4,57,2
53678,44,6,38,2
53679,56,4,52,2
53680,42,3,39,2
53681,47,5,42,2
53682,60,8,52,2
53683,62,9,53,2
53685,56,6,50,2
53686,52,8,44,2
53687,10,10,0,1
53688,2,1,1,2
53689,58,9,49,2
53690,55,10,45,2
53691,50,5,45,2
53692,57,7,50,2
53694,46,3,43,2
53695,61,7,54,2
53696,5,0,5,1
53697,55,12,43,2
53700,43,3,40,2
53701,64,7,57,2
53703,64,7,57,2
53704,9,4,5,2
53705,13,1,12,2
53707,59,9,50,2
53708,60,6,54,2
53709,60,4,56,2
53711,56,10,46,2
53712,51,4,47,2
53713,53,9,44,2
53714,52,5,47,2
53715,61,10,51,2
53716,64,5,59,2
53717,67,7,60,2
53719,47,4,43,2
53720,46,5,41,2
53721,5,0,5,1
53722,56,9,47,2
53723,55,5,50,2
53724,63,6,57,2
53725,48,8,40,2
53726,3,1,2,2
53727,83,14,69,2
53728,45,5,40,2
53729,51,3,48,2
53730,59,7,52,2
53731,58,4,54,2
53732,60,0,60,1
53733,1,0,1,1
53734,52,6,46,2
53735,60,11,49,2
53737,64,10,54,2
53738,23,23,0,1
53739,57,50,7,2
53740,49,2,47,2
53743,50,1,49,2
53744,63,13,50,2
53745,60,7,53,2
53746,1,0,1,1
53747,56,5,51,2
53748,59,10,49,2
53749,71,7,64,2
53751,15,14,1,2
53752,49,9,40,2
53753,21,21,0,1
53754,51,12,39,2
53755,59,4,55,2
53757,60,5,55,2
53758,10,10,0,1
53759,1,1,0,1
53760,61,6,55,2
53761,49,2,47,2
53763,56,10,46,2
53764,52,7,45,2
53765,113,111,2,2
53766,2,0,2,1
53767,2,2,0,1
53768,2,0,2,1
53769,53,5,48,2
53771,41,1,40,2
53772,2,1,1,2
53773,51,5,46,2
53774,48,4,44,2
53775,34,34,0,1
53776,51,5,46,2
53777,6,0,6,1
53778,56,9,47,2
53779,69,10,59,2
53780,23,23,0,1
53781,49,8,41,2
53782,48,6,42,2
53783,52,6,46,2
53784,43,8,35,2
53785,61,5,56,2
53786,62,5,57,2
53787,77,12,65,2
53788,37,4,33,2
53789,56,7,49,2
53790,61,6,55,2
53791,49,9,40,2
53792,6,5,1,2
53793,59,6,53,2
53794,6,3,3,2
53795,4,4,0,1
53796,52,7,45,2
53797,37,3,34,2
53798,41,4,37,2
53799,58,7,51,2
53800,44,5,39,2
53801,66,10,56,2
53802,66,11,55,2
53803,1,1,0,1
53804,47,7,40,2
53805,55,8,47,2
53806,10,6,4,2
53807,60,8,52,2
53809,2,2,0,1
53811,53,5,48,2
53813,46,4,42,2
53814,62,57,5,2
53815,92,0,92,1
53816,65,8,57,2
53817,54,7,47,2
53818,67,10,57,2
53819,55,4,51,2
53820,50,3,47,2
53821,41,5,36,2
53822,71,11,60,2
53823,55,7,48,2
53824,62,9,53,2
53825,50,4,46,2
53826,55,8,47,2
53827,58,9,49,2
53828,54,8,46,2
53829,50,8,42,2
53830,54,5,49,2
53831,64,7,57,2
53832,54,8,46,2
53833,70,7,63,2
53834,52,11,41,2
53836,49,8,41,2
53837,66,9,57,2
53838,58,6,52,2
53839,68,7,61,2
53840,64,5,59,2
53841,56,8,48,2
53842,50,10,40,2
53843,54,3,51,2
53844,90,12,78,2
53846,53,7,46,2
53847,1,0,1,1
53848,54,5,49,2
53849,43,8,35,2
53850,58,10,48,2
53851,65,8,57,2
53853,59,7,52,2
53854,53,3,50,2
53855,142,132,10,2
53856,11,0,11,1
53858,55,3,52,2
53859,56,4,52,2
53860,48,9,39,2
53861,44,28,16,2
53862,16,16,0,1
53863,64,7,57,2
53864,46,9,37,2
53865,59,8,51,2
53866,1,1,0,1
53867,2,2,0,1
53868,2,1,1,2
53869,59,6,53,2
53870,46,9,37,2
53871,65,8,57,2
53872,57,8,49,2
53873,53,4,49,2
53874,54,5,49,2
53875,47,5,42,2
53876,57,5,52,2
53877,5,3,2,2
53878,53,5,48,2
53879,49,5,44,2
53880,59,6,53,2
53881,45,3,42,2
53882,67,8,59,2
53883,67,6,61,2
53884,55,9,46,2
53885,48,5,43,2
53886,2,0,2,1
53887,61,5,56,2
53888,56,8,48,2
53889,57,9,48,2
53890,53,8,45,2
53891,53,7,46,2
53893,60,9,51,2
53894,66,4,62,2
53895,67,6,61,2
53896,46,4,42,2
53897,1,0,1,1
53898,53,8,45,2
53900,59,6,53,2
53901,53,5,48,2
53902,54,7,47,2
53903,54,7,47,2
53904,2,0,2,1
53905,47,8,39,2
53906,44,3,41,2
53907,60,10,50,2
53908,36,6,30,2
53910,60,3,57,2
53911,45,4,41,2
53912,69,9,60,2
53913,7,2,5,2
53914,4,0,4,1
53915,49,4,45,2
53916,61,9,52,2
53917,58,11,47,2
53918,1,0,1,1
53919,55,6,49,2
53920,1,0,1,1
53921,47,3,44,2
53922,55,8,47,2
53923,55,8,47,2
53924,53,3,50,2
53925,57,5,52,2
53926,51,5,46,2
53927,53,4,49,2
53929,39,3,36,2
53930,47,3,44,2
53932,53,7,46,2
53933,56,7,49,2
53934,49,8,41,2
53935,55,3,52,2
53936,58,6,52,2
53937,44,9,35,2
53938,75,9,66,2
53939,64,7,57,2
53940,67,6,61,2
53941,52,5,47,2
53942,163,162,1,2
53943,40,4,36,2
53944,53,5,48,2
53945,53,7,46,2
53946,67,12,55,2
53947,57,8,49,2
53948,55,3,52,2
53949,51,7,44,2
53950,51,5,46,2
53951,52,5,47,2
53952,47,7,40,2
53953,46,5,41,2
53954,39,4,35,2
53955,66,7,59,2
53956,43,7,36,2
53957,55,9,46,2
53959,49,2,47,2
53960,44,43,1,2
53962,51,6,45,2
53963,59,5,54,2
53965,56,3,53,2
53966,51,5,46,2
53967,55,3,52,2
53968,66,10,56,2
53969,49,6,43,2
53970,44,5,39,2
53973,51,9,42,2
53974,66,7,59,2
53975,58,10,48,2
53976,48,5,43,2
53977,57,13,44,2
53978,13,3,10,2
53979,61,9,52,2
53980,58,5,53,2
53981,63,6,57,2
53983,45,7,38,2
53984,1,1,0,1
53985,6,3,3,2
53986,56,6,50,2
53988,61,8,53,2
53989,40,8,32,2
53990,49,6,43,2
53991,59,8,51,2
53992,2,0,2,1
53993,61,8,53,2
53994,66,6,60,2
53995,49,6,43,2
53996,61,8,53,2
53997,58,9,49,2
53998,50,7,43,2
54001,59,4,55,2
54002,2,0,2,1
54003,51,5,46,2
54005,59,9,50,2
54006,42,7,35,2
54007,56,7,49,2
54008,46,6,40,2
54009,47,6,41,2
54010,46,8,38,2
54011,64,9,55,2
54013,62,2,60,2
54014,1,0,1,1
54015,57,6,51,2
54016,55,4,51,2
54017,36,22,14,2
54018,49,2,47,2
54019,52,7,45,2
54020,63,7,56,2
54021,56,4,52,2
54022,48,7,41,2
54023,46,7,39,2
54024,50,8,42,2
54025,63,8,55,2
54026,47,4,43,2
54027,59,3,56,2
54028,45,6,39,2
54031,58,9,49,2
54032,59,3,56,2
54033,64,11,53,2
54034,46,5,41,2
54035,51,4,47,2
54037,66,13,53,2
54038,48,2,46,2
54039,57,6,51,2
54040,52,7,45,2
54041,64,11,53,2
54042,64,7,57,2
54043,61,7,54,2
54044,43,2,41,2
54045,48,7,41,2
54047,54,5,49,2
54048,58,5,53,2
54049,44,4,40,2
54050,54,8,46,2
54051,56,5,51,2
54052,21,11,10,2
54053,57,6,51,2
54054,60,5,55,2
54056,37,6,31,2
54057,43,3,40,2
54059,52,5,47,2
54060,55,2,53,2
54061,59,6,53,2
54062,63,5,58,2
54063,47,6,41,2
54064,33,2,31,2
54065,56,9,47,2
54066,70,7,63,2
54068,62,8,54,2
54069,58,6,52,2
54070,1,0,1,1
54071,51,5,46,2
54072,54,4,50,2
54073,46,4,42,2
54074,22,0,22,1
54075,67,10,57,2
54076,46,5,41,2
54078,51,2,49,2
54079,50,3,47,2
54080,57,11,46,2
54082,58,7,51,2
54084,60,13,47,2
54085,1,0,1,1
54086,53,5,48,2
54087,63,9,54,2
54089,54,9,45,2
54090,60,1,59,2
54092,59,11,48,2
54093,47,6,41,2
54094,55,7,48,2
54095,58,9,49,2
54098,43,7,36,2
54099,62,9,53,2
54100,53,8,45,2
54102,63,5,58,2
54103,56,7,49,2
54104,51,4,47,2
54106,60,10,50,2
54108,66,8,58,2
54109,53,12,41,2
54110,2,2,0,1
54111,46,6,40,2
54112,53,7,46,2
54113,37,4,33,2
54114,56,4,52,2
54115,53,7,46,2
54116,17,1,16,2
54117,58,5,53,2
54121,67,7,60,2
54122,55,3,52,2
54125,1,0,1,1
54126,59,8,51,2
54127,49,6,43,2
54128,57,5,52,2
54129,54,7,47,2
54130,56,7,49,2
54131,65,6,59,2
54132,73,6,67,2
54133,59,4,55,2
54134,44,5,39,2
54135,64,12,52,2
54136,55,10,45,2
54137,56,5,51,2
54138,42,3,39,2
54139,10,6,4,2
54140,3675,0,3675,1
54141,54,6,48,2
54142,7,5,2,2
54143,64,10,54,2
54144,55,7,48,2
54145,65,5,60,2
54146,49,3,46,2
54147,56,8,48,2
54148,42,10,32,2
54149,44,7,37,2
54150,64,6,58,2
54152,44,8,36,2
54154,57,5,52,2
54155,48,10,38,2
54156,59,9,50,2
54157,57,5,52,2
54158,53,8,45,2
54159,53,6,47,2
54160,8,8,0,1
54161,57,7,50,2
54162,57,7,50,2
54163,2,2,0,1
54165,44,5,39,2
54166,46,6,40,2
54167,54,30,24,2
54168,50,5,45,2
54170,62,5,57,2
54171,47,10,37,2
54173,50,4,46,2
54177,79,6,73,2
54178,61,9,52,2
54179,64,5,59,2
54180,6,6,0,1
54181,64,5,59,2
54182,53,2,51,2
54183,112,112,0,1
54185,46,6,40,2
54186,46,46,0,1
54187,52,5,47,2
54188,54,8,46,2
54189,61,7,54,2
54190,54,10,44,2
54191,62,8,54,2
54192,52,5,47,2
54193,62,4,58,2
54194,33,5,28,2
54195,54,10,44,2
54196,56,3,53,2
54197,63,9,54,2
54199,3,2,1,2
54200,45,1,44,2
54201,60,3,57,2
54202,50,5,45,2
54203,54,7,47,2
54204,56,4,52,2
54205,66,4,62,2
54206,49,9,40,2
54207,60,7,53,2
54209,54,4,50,2
54210,69,8,61,2
54211,11,0,11,1
54212,61,6,55,2
54213,49,7,42,2
54214,57,8,49,2
54215,67,14,53,2
54216,54,5,49,2
54217,72,5,67,2
54219,61,4,57,2
54220,47,9,38,2
54221,68,7,61,2
54222,1,0,1,1
54223,57,4,53,2
54224,58,5,53,2
54225,54,6,48,2
54226,60,5,55,2
54227,60,9,51,2
54228,38,4,34,2
54229,49,6,43,2
54230,53,8,45,2
54231,63,7,56,2
54232,47,44,3,2
54233,11,9,2,2
54234,59,5,54,2
54235,59,5,54,2
54236,59,7,52,2
54237,44,5,39,2
54238,62,7,55,2
54239,47,8,39,2
54240,37,5,32,2
54242,52,8,44,2
54243,62,8,54,2
54244,48,5,43,2
54246,46,3,43,2
54249,47,7,40,2
54250,50,7,43,2
54251,57,6,51,2
54253,2,1,1,2
54254,52,6,46,2
54255,9,6,3,2
54256,62,5,57,2
54257,55,6,49,2
54258,2,2,0,1
54259,54,5,49,2
54260,56,8,48,2
54261,47,4,43,2
54263,56,9,47,2
54264,55,4,51,2
54265,47,5,42,2
54266,42,10,32,2
54267,28,18,10,2
54268,66,8,58,2
54269,52,6,46,2
54270,642,638,4,2
54271,60,5,55,2
54272,60,6,54,2
54273,58,4,54,2
54274,54,5,49,2
54275,46,1,45,2
54276,50,5,45,2
54277,60,8,52,2
54279,50,3,47,2
54280,6,1,5,2
54281,55,4,51,2
54283,21,21,0,1
54284,48,9,39,2
54285,38,4,34,2
54286,61,14,47,2
54287,59,4,55,2
54288,50,4,46,2
54289,48,4,44,2
54290,44,4,40,2
54291,61,8,53,2
54292,56,6,50,2
54293,65,10,55,2
54294,53,5,48,2
54295,53,8,45,2
54296,3,3,0,1
54297,59,7,52,2
54298,53,10,43,2
54299,70,7,63,2
54300,63,7,56,2
54301,51,12,39,2
54302,48,5,43,2
54305,54,8,46,2
54306,64,5,59,2
54307,55,8,47,2
54308,56,4,52,2
54310,43,8,35,2
54311,49,5,44,2
54312,64,7,57,2
54313,52,8,44,2
54314,14,0,14,1
54315,57,5,52,2
54316,64,12,52,2
54317,52,6,46,2
54319,51,10,41,2
54320,46,2,44,2
54321,3,3,0,1
54322,55,10,45,2
54323,63,9,54,2
54324,57,4,53,2
54325,48,6,42,2
54326,46,5,41,2
54328,59,5,54,2
54329,55,10,45,2
54330,68,4,64,2
54331,63,4,59,2
54333,7,7,0,1
54334,58,3,55,2
54336,57,12,45,2
54339,52,4,48,2
54340,2,2,0,1
54342,63,5,58,2
54343,3,2,1,2
54344,51,6,45,2
54345,53,3,50,2
54346,51,6,45,2
54347,67,7,60,2
54348,50,8,42,2
54349,7,1,6,2
54350,47,8,39,2
54351,49,4,45,2
54352,57,5,52,2
54353,33,33,0,1
54354,46,3,43,2
54355,3,1,2,2
54356,65,13,52,2
54357,45,3,42,2
54358,47,4,43,2
54359,51,3,48,2
54360,1,1,0,1
54361,46,8,38,2
54363,22,22,0,1
54364,49,11,38,2
54365,49,7,42,2
54366,44,3,41,2
54368,68,12,56,2
54369,63,8,55,2
54371,46,8,38,2
54372,53,5,48,2
54373,57,9,48,2
54374,44,7,37,2
54375,53,9,44,2
54376,7,0,7,1
54377,5,0,5,1
54378,65,7,58,2
54379,59,5,54,2
54380,80,10,70,2
54381,43,5,38,2
54382,61,4,57,2
54383,50,2,48,2
54384,46,6,40,2
54385,42,3,39,2
54386,1,1,0,1
54387,52,6,46,2
54389,51,7,44,2
54392,61,9,52,2
54393,54,2,52,2
54394,53,4,49,2
54395,43,5,38,2
54396,54,7,47,2
54397,43,10,33,2
54398,50,5,45,2
54399,49,4,45,2
54400,53,7,46,2
54401,59,5,54,2
54402,63,13,50,2
54403,54,7,47,2
54404,61,11,50,2
54406,56,8,48,2
54407,64,7,57,2
54408,62,7,55,2
54409,56,7,49,2
54410,47,6,41,2
54411,68,6,62,2
54412,47,5,42,2
54413,60,4,56,2
54414,52,6,46,2
54415,46,5,41,2
54416,50,7,43,2
54417,48,5,43,2
54418,58,5,53,2
54419,52,6,46,2
54420,55,9,46,2
54421,53,6,47,2
54422,48,7,41,2
54423,49,8,41,2
54424,71,6,65,2
54425,64,10,54,2
54426,68,10,58,2
54427,51,5,46,2
54428,48,1,47,2
54429,56,11,45,2
54430,55,7,48,2
54431,51,4,47,2
54432,47,11,36,2
54433,51,8,43,2
54434,63,6,57,2
54435,49,8,41,2
54436,70,9,61,2
54437,60,11,49,2
54438,56,7,49,2
54439,50,2,48,2
54440,62,8,54,2
54441,44,5,39,2
54442,52,6,46,2
54443,60,9,51,2
54444,48,5,43,2
54445,46,7,39,2
54446,44,5,39,2
54447,68,14,54,2
54448,57,6,51,2
54449,55,8,47,2
54450,52,8,44,2
54451,48,8,40,2
54452,47,6,41,2
54453,61,13,48,2
54454,50,7,43,2
54455,61,11,50,2
54456,54,7,47,2
54457,49,6,43,2
54458,51,5,46,2
54459,52,8,44,2
54460,60,9,51,2
54461,60,7,53,2
54462,64,10,54,2
54463,56,4,52,2
54464,50,9,41,2
54465,53,6,47,2
54466,70,10,60,2
54467,61,5,56,2
54468,54,6,48,2
54469,51,6,45,2
54470,57,10,47,2
54471,56,5,51,2
54472,56,8,48,2
54473,44,14,30,2
54474,47,3,44,2
54475,43,7,36,2
54476,67,7,60,2
54477,47,0,47,1
54478,70,8,62,2
54479,48,4,44,2
54480,65,7,58,2
54481,59,4,55,2
54482,52,5,47,2
54483,64,10,54,2
54484,62,7,55,2
54485,59,7,52,2
54486,59,5,54,2
54487,55,10,45,2
54488,51,5,46,2
54489,47,13,34,2
54490,55,4,51,2
54491,57,10,47,2
54492,47,4,43,2
54493,42,3,39,2
54494,50,4,46,2
54495,57,4,53,2
54496,56,4,52,2
54497,57,9,48,2
54498,58,8,50,2
54499,54,5,49,2
54500,54,6,48,2
54501,43,2,41,2
54502,47,9,38,2
54503,51,6,45,2
54504,49,5,44,2
54505,59,4,55,2
54506,60,5,55,2
54507,51,6,45,2
54508,52,6,46,2
54509,62,11,51,2
54510,57,8,49,2
54511,70,6,64,2
54512,57,6,51,2
54513,65,5,60,2
54514,60,3,57,2
54515,68,8,60,2
54516,55,9,46,2
54517,62,13,49,2
54518,64,11,53,2
54519,60,10,50,2
54520,58,10,48,2
54521,62,2,60,2
54522,64,11,53,2
54523,67,6,61,2
54524,60,6,54,2
54525,45,5,40,2
54526,54,11,43,2
54527,40,6,34,2
54528,45,8,37,2
54529,58,5,53,2
54530,69,8,61,2
54531,51,11,40,2
54532,65,9,56,2
54533,60,7,53,2
54534,61,8,53,2
54535,62,7,55,2
54536,54,6,48,2
54537,50,7,43,2
54538,50,5,45,2
54539,46,6,40,2
54540,53,3,50,2
54541,58,9,49,2
54542,54,9,45,2
54543,53,6,47,2
54544,54,8,46,2
54545,57,9,48,2
54546,49,5,44,2
54547,40,8,32,2
54548,47,2,45,2
54549,56,7,49,2
54550,56,7,49,2
54551,51,6,45,2
54552,60,4,56,2
54553,47,4,43,2
54554,65,9,56,2
54555,60,10,50,2
54557,68,8,60,2
54558,64,8,56,2
54559,57,8,49,2
54560,62,6,56,2
54561,62,10,52,2
54562,49,5,44,2
54563,63,6,57,2
54564,69,8,61,2
54565,48,7,41,2
54566,47,5,42,2
54567,74,9,65,2
54568,62,7,55,2
54569,55,8,47,2
54570,53,6,47,2
54571,61,8,53,2
54572,58,12,46,2
54573,51,4,47,2
54574,57,11,46,2
54575,53,3,50,2
54576,51,2,49,2
54577,68,4,64,2
54578,48,3,45,2
54579,52,6,46,2
54580,62,9,53,2
54581,52,7,45,2
54582,60,10,50,2
54583,61,6,55,2
54584,53,9,44,2
54585,53,5,48,2
54586,60,6,54,2
54587,57,6,51,2
54588,59,4,55,2
54589,62,8,54,2
54590,51,6,45,2
54591,58,9,49,2
54592,58,7,51,2
54593,47,5,42,2
54594,43,6,37,2
54595,38,0,38,1
54596,48,7,41,2
54597,55,7,48,2
54598,47,7,40,2
54599,56,11,45,2
54600,46,6,40,2
54601,44,3,41,2
54602,61,5,56,2
54603,57,12,45,2
54604,67,11,56,2
54605,48,5,43,2
54606,55,5,50,2
54607,48,8,40,2
54608,52,4,48,2
54609,54,6,48,2
54610,51,8,43,2
54611,62,9,53,2
54612,54,11,43,2
54613,57,5,52,2
54614,53,8,45,2
54615,52,9,43,2
54616,53,9,44,2
54617,50,4,46,2
54618,55,3,52,2
54619,57,5,52,2
54620,51,2,49,2
54621,60,8,52,2
54622,57,11,46,2
54623,54,8,46,2
54624,59,4,55,2
54625,40,6,34,2
54626,48,3,45,2
54627,66,4,62,2
54628,57,6,51,2
54629,52,8,44,2
54630,50,4,46,2
54631,60,4,56,2
54632,55,9,46,2
54633,48,5,43,2
54634,46,3,43,2
54635,60,4,56,2
54636,56,9,47,2
54637,54,10,44,2
54638,56,5,51,2
54639,60,8,52,2
54640,48,6,42,2
54641,48,8,40,2
54642,54,9,45,2
54643,44,4,40,2
54644,61,2,59,2
54645,49,8,41,2
54646,55,9,46,2
54647,43,5,38,2
54648,47,6,41,2
54649,61,11,50,2
54650,51,6,45,2
54651,63,7,56,2
54652,54,8,46,2
54653,61,9,52,2
54654,55,7,48,2
54655,53,5,48,2
54656,58,5,53,2
54657,44,5,39,2
54658,71,8,63,2
54659,60,8,52,2
54660,69,9,60,2
54661,51,10,41,2
54662,49,8,41,2
54663,63,8,55,2
54664,61,3,58,2
54665,68,8,60,2
54666,57,7,50,2
54667,50,9,41,2
54668,47,9,38,2
54669,43,7,36,2
54670,39,5,34,2
54671,69,7,62,2
54672,56,8,48,2
54673,74,12,62,2
54674,52,4,48,2
54675,54,6,48,2
54676,50,6,44,2
54677,45,7,38,2
54678,63,8,55,2
54679,47,7,40,2
54680,47,3,44,2
54681,51,7,44,2
54682,54,9,45,2
54683,51,9,42,2
54684,60,13,47,2
54685,61,10,51,2
54686,48,6,42,2
54687,44,6,38,2
54688,56,11,45,2
54689,60,10,50,2
54690,54,8,46,2
54691,57,9,48,2
54692,50,1,49,2
54693,66,5,61,2
54694,55,5,50,2
54695,62,5,57,2
54696,67,13,54,2
54697,49,5,44,2
54698,58,7,51,2
54699,63,6,57,2
54700,57,7,50,2
54701,56,3,53,2
54702,41,7,34,2
54703,55,5,50,2
54704,59,11,48,2
54705,57,6,51,2
54706,58,6,52,2
54707,56,7,49,2
54708,56,8,48,2
54709,62,6,56,2
54710,66,11,55,2
54711,47,7,40,2
54712,50,5,45,2
54713,59,7,52,2
54714,52,8,44,2
54715,55,5,50,2
54716,70,6,64,2
54717,51,7,44,2
54718,50,8,42,2
54719,64,6,58,2
54720,63,6,57,2
54721,59,4,55,2
54722,63,8,55,2
54723,55,8,47,2
54724,61,9,52,2
54725,52,5,47,2
54726,55,7,48,2
54727,69,8,61,2
54728,56,7,49,2
54729,56,12,44,2
54730,49,4,45,2
54731,59,5,54,2
54732,47,6,41,2
54733,55,7,48,2
54734,56,4,52,2
54735,55,9,46,2
54736,58,6,52,2
54737,59,8,51,2
54738,64,6,58,2
54739,60,7,53,2
54740,48,4,44,2
54741,59,8,51,2
54742,61,6,55,2
54743,63,5,58,2
54744,52,4,48,2
54745,43,5,38,2
54746,40,5,35,2
54747,45,3,42,2
54748,62,8,54,2
54749,61,6,55,2
54750,50,2,48,2
54751,54,4,50,2
54752,56,5,51,2
54753,57,6,51,2
54754,66,8,58,2
54755,45,9,36,2
54756,61,7,54,2
54757,48,4,44,2
54758,58,12,46,2
54759,53,12,41,2
54760,62,6,56,2
54761,55,3,52,2
54762,58,6,52,2
54763,52,10,42,2
54764,51,8,43,2
54765,48,3,45,2
54766,50,4,46,2
54767,57,6,51,2
54768,59,5,54,2
54769,41,4,37,2
54770,50,7,43,2
54771,54,7,47,2
54772,64,5,59,2
54773,45,6,39,2
54774,46,9,37,2
54775,65,6,59,2
54776,57,3,54,2
54777,56,5,51,2
54778,46,6,40,2
54779,59,5,54,2
54780,59,11,48,2
54781,62,9,53,2
54782,48,7,41,2
54783,44,7,37,2
54784,53,7,46,2
54785,49,6,43,2
54786,59,7,52,2
54787,58,6,52,2
54788,50,9,41,2
54789,49,3,46,2
54790,51,7,44,2
54791,55,7,48,2
54792,56,9,47,2
54793,55,10,45,2
54794,62,10,52,2
54795,57,5,52,2
54796,70,8,62,2
54797,48,9,39,2
54798,67,13,54,2
54799,59,6,53,2
54800,68,9,59,2
54801,60,7,53,2
54802,79,11,68,2
54803,53,6,47,2
54804,42,10,32,2
54805,57,4,53,2
54806,59,7,52,2
54807,50,8,42,2
54808,67,7,60,2
54809,44,9,35,2
54810,55,3,52,2
54811,51,3,48,2
54812,54,8,46,2
54813,52,5,47,2
54814,60,12,48,2
54815,55,8,47,2
54816,57,4,53,2
54817,43,7,36,2
54818,51,3,48,2
54819,49,3,46,2
54820,55,5,50,2
54821,57,4,53,2
54822,60,7,53,2
54823,59,9,50,2
54824,54,8,46,2
54825,57,4,53,2
54826,48,4,44,2
54827,46,3,43,2
54828,48,5,43,2
54829,42,6,36,2
54830,52,9,43,2
54831,63,6,57,2
54832,62,6,56,2
54833,54,6,48,2
54834,55,10,45,2
54835,51,7,44,2
54836,70,12,58,2
54837,43,6,37,2
54838,61,6,55,2
54839,58,9,49,2
54840,54,8,46,2
54841,56,7,49,2
54842,51,7,44,2
54843,49,4,45,2
54844,49,6,43,2
54845,65,9,56,2
54846,72,11,61,2
54847,60,5,55,2
54848,64,4,60,2
54849,60,9,51,2
54850,48,3,45,2
54851,48,4,44,2
54852,53,7,46,2
54853,56,7,49,2
54854,49,3,46,2
54855,54,5,49,2
54856,67,10,57,2
54857,55,4,51,2
54858,70,12,58,2
54859,62,6,56,2
54860,55,5,50,2
54861,52,3,49,2
54862,44,3,41,2
54863,57,8,49,2
54864,56,8,48,2
54865,54,4,50,2
54866,59,12,47,2
54867,55,6,49,2
54868,37,5,32,2
54869,51,5,46,2
54870,62,11,51,2
54871,53,9,44,2
54872,47,8,39,2
54873,69,4,65,2
54874,55,4,51,2
54875,74,8,66,2
54876,53,5,48,2
54877,48,4,44,2
54878,56,5,51,2
54879,46,7,39,2
54880,45,4,41,2
54881,49,3,46,2
54882,63,5,58,2
54883,65,8,57,2
54884,50,8,42,2
54885,58,6,52,2
54886,49,1,48,2
54887,64,11,53,2
54888,45,2,43,2
54889,63,9,54,2
54890,59,6,53,2
54891,49,8,41,2
54892,58,11,47,2
54893,50,9,41,2
54894,60,0,60,1
54895,45,6,39,2
54896,54,4,50,2
54897,58,6,52,2
54898,59,11,48,2
54899,55,12,43,2
54900,49,2,47,2
54901,52,6,46,2
54902,72,7,65,2
54903,35,5,30,2
54904,57,9,48,2
54905,61,6,55,2
54906,56,9,47,2
54907,48,7,41,2
54908,60,11,49,2
54909,48,7,41,2
54910,51,6,45,2
54911,50,7,43,2
54912,61,9,52,2
54913,63,10,53,2
54914,68,12,56,2
54915,51,4,47,2
54916,50,10,40,2
54917,43,1,42,2
54918,56,10,46,2
54919,51,10,41,2
54920,73,11,62,2
54921,62,8,54,2
54922,57,9,48,2
54923,54,5,49,2
54924,54,4,50,2
54925,53,7,46,2
54926,59,10,49,2
54927,62,5,57,2
54928,55,5,50,2
54929,57,3,54,2
54930,43,5,38,2
54931,44,5,39,2
54932,62,6,56,2
54933,54,9,45,2
54934,58,8,50,2
54935,52,7,45,2
54936,57,6,51,2
54937,53,9,44,2
54938,55,8,47,2
54939,57,4,53,2
54940,52,10,42,2
54941,55,8,47,2
54942,48,7,41,2
54943,57,8,49,2
54944,62,5,57,2
54945,46,3,43,2
54946,67,9,58,2
54947,50,4,46,2
54948,38,5,33,2
54949,56,7,49,2
54950,70,11,59,2
54951,62,6,56,2
54952,49,4,45,2
54953,53,9,44,2
54954,44,5,39,2
54955,59,4,55,2
54956,46,5,41,2
54957,73,7,66,2
54958,62,7,55,2
54959,46,7,39,2
54960,54,8,46,2
54961,42,2,40,2
54962,48,6,42,2
54963,68,10,58,2
54964,48,6,42,2
54965,55,8,47,2
54966,36,4,32,2
54967,57,7,50,2
54968,50,7,43,2
54969,56,6,50,2
54970,57,3,54,2
54971,68,11,57,2
54972,40,5,35,2
54973,62,10,52,2
54974,48,4,44,2
54975,62,10,52,2
54976,54,7,47,2
54977,65,11,54,2
54978,55,7,48,2
54979,37,3,34,2
54980,53,9,44,2
54981,59,6,53,2
54982,47,6,41,2
54983,62,8,54,2
54984,48,4,44,2
54985,50,6,44,2
54986,53,6,47,2
54987,36,5,31,2
54988,46,5,41,2
54989,66,4,62,2
54990,46,3,43,2
54991,52,6,46,2
54992,71,3,68,2
54993,45,8,37,2
54994,54,8,46,2
54995,43,6,37,2
54996,51,10,41,2
54997,60,7,53,2
54998,52,5,47,2
54999,62,11,51,2
55000,60,4,56,2
55001,55,8,47,2
55002,50,7,43,2
55003,61,11,50,2
55004,42,14,28,2
55005,45,6,39,2
55006,46,4,42,2
55007,48,6,42,2
55008,61,7,54,2
55009,60,7,53,2
55010,49,4,45,2
55011,53,11,42,2
55012,59,6,53,2
55013,53,12,41,2
55014,55,8,47,2
55015,62,5,57,2
55016,64,12,52,2
55017,62,11,51,2
55018,47,4,43,2
55019,53,3,50,2
55020,51,7,44,2
55021,52,6,46,2
55022,56,5,51,2
55023,53,6,47,2
55024,62,6,56,2
55025,56,4,52,2
55026,54,7,47,2
55027,56,6,50,2
55028,64,6,58,2
55029,46,4,42,2
55030,58,2,56,2
55031,28,6,22,2
55032,62,8,54,2
55033,48,8,40,2
55034,50,7,43,2
55035,43,7,36,2
55036,56,8,48,2
55037,66,2,64,2
55038,47,8,39,2
55039,56,6,50,2
55040,52,9,43,2
55041,53,6,47,2
55042,45,8,37,2
55043,55,3,52,2
55044,60,8,52,2
55045,57,5,52,2
55046,49,7,42,2
55047,46,8,38,2
55048,62,11,51,2
55049,50,6,44,2
55050,69,8,61,2
55051,56,8,48,2
55052,72,12,60,2
55053,54,7,47,2
55054,58,9,49,2
55055,66,5,61,2
55056,63,2,61,2
55057,38,5,33,2
55058,57,8,49,2
55059,54,5,49,2
55060,59,7,52,2
55061,63,11,52,2
55062,52,8,44,2
55063,46,9,37,2
55064,61,4,57,2
55065,49,8,41,2
55066,76,8,68,2
55067,57,4,53,2
55068,58,5,53,2
55069,51,11,40,2
55070,44,8,36,2
55071,55,6,49,2
55072,57,6,51,2
55073,49,6,43,2
55074,49,8,41,2
55075,50,9,41,2
55076,53,6,47,2
55077,55,3,52,2
55078,59,7,52,2
55079,57,12,45,2
55080,46,6,40,2
55081,63,6,57,2
55082,60,7,53,2
55083,51,6,45,2
55084,37,5,32,2
55085,45,4,41,2
55086,56,6,50,2
55087,64,7,57,2
55088,44,11,33,2
55089,45,8,37,2
55090,41,1,40,2
55091,45,3,42,2
55092,43,4,39,2
55093,49,3,46,2
55094,50,6,44,2
55095,55,3,52,2
55096,70,8,62,2
55097,62,6,56,2
55098,54,7,47,2
55099,53,6,47,2
55100,48,4,44,2
55101,56,6,50,2
55102,48,3,45,2
55103,58,5,53,2
55104,50,4,46,2
55106,62,6,56,2
55107,55,6,49,2
55108,52,9,43,2
55109,44,9,35,2
55110,67,6,61,2
55111,53,6,47,2
55112,67,11,56,2
55113,59,9,50,2
55114,56,7,49,2
55115,37,6,31,2
55116,59,6,53,2
55117,60,3,57,2
55118,54,2,52,2
55119,55,7,48,2
55120,55,7,48,2
55121,44,4,40,2
55122,41,4,37,2
55123,58,7,51,2
55124,49,4,45,2
55125,50,11,39,2
55126,60,7,53,2
55127,61,7,54,2
55128,55,8,47,2
55129,54,4,50,2
55130,59,6,53,2
55131,51,6,45,2
55132,61,6,55,2
55133,65,5,60,2
55134,58,10,48,2
55135,45,3,42,2
55136,59,5,54,2
55137,44,8,36,2
55138,58,9,49,2
55139,58,9,49,2
55140,42,6,36,2
55141,46,7,39,2
55142,67,8,59,2
55143,48,9,39,2
55144,53,5,48,2
55145,64,10,54,2
55146,60,5,55,2
55147,44,3,41,2
55148,45,3,42,2
55149,59,8,51,2
55150,52,9,43,2
55151,52,8,44,2
55152,50,6,44,2
55153,56,1,55,2
55154,60,7,53,2
55155,56,6,50,2
55156,49,5,44,2
55157,52,5,47,2
55158,49,6,43,2
55159,54,4,50,2
55160,44,4,40,2
55161,54,5,49,2
55162,57,11,46,2
55163,54,2,52,2
55164,48,7,41,2
55165,42,4,38,2
55166,54,3,51,2
55167,48,5,43,2
55168,56,5,51,2
55169,55,5,50,2
55170,58,8,50,2
55171,60,6,54,2
55172,62,7,55,2
55173,61,7,54,2
55174,53,1,52,2
55175,56,7,49,2
55176,56,8,48,2
55177,38,11,27,2
55178,60,13,47,2
55179,55,5,50,2
55180,55,16,39,2
55181,47,2,45,2
55182,44,2,42,2
55183,48,8,40,2
55184,59,8,51,2
55185,56,7,49,2
55186,42,3,39,2
55187,58,4,54,2
55188,56,3,53,2
55189,56,3,53,2
55190,56,10,46,2
55191,43,11,32,2
55192,53,0,53,1
55193,63,12,51,2
55194,49,5,44,2
55195,51,7,44,2
55196,61,2,59,2
55197,55,6,49,2
55198,40,5,35,2
55199,71,7,64,2
55200,70,8,62,2
55201,64,10,54,2
55202,50,9,41,2
55203,50,5,45,2
55204,51,5,46,2
55205,47,6,41,2
55206,54,5,49,2
55207,51,6,45,2
55208,50,8,42,2
55209,64,9,55,2
55210,55,7,48,2
55211,55,5,50,2
55212,49,3,46,2
55213,49,10,39,2
55214,60,10,50,2
55215,54,11,43,2
55216,48,5,43,2
55217,50,4,46,2
55218,60,10,50,2
55219,46,7,39,2
55220,54,6,48,2
55221,46,7,39,2
55222,62,5,57,2
55223,54,3,51,2
55224,50,6,44,2
55225,58,6,52,2
55226,51,7,44,2
55227,49,4,45,2
55228,51,5,46,2
55229,49,2,47,2
55230,55,9,46,2
55231,53,15,38,2
55232,56,6,50,2
55233,44,4,40,2
55234,68,6,62,2
55235,60,5,55,2
55236,64,8,56,2
55237,56,8,48,2
55238,62,8,54,2
55239,57,6,51,2
55240,52,8,44,2
55241,55,6,49,2
55242,66,11,55,2
55243,48,9,39,2
55244,60,9,51,2
55245,50,3,47,2
55246,55,4,51,2
55247,69,5,64,2
55248,66,7,59,2
55249,52,7,45,2
55250,57,6,51,2
55251,56,3,53,2
55252,50,6,44,2
55253,44,2,42,2
55254,67,5,62,2
55255,55,7,48,2
55256,48,6,42,2
55257,61,3,58,2
55258,55,4,51,2
55259,59,8,51,2
55260,51,7,44,2
55261,54,9,45,2
55262,55,5,50,2
55263,66,7,59,2
55264,43,6,37,2
55265,59,11,48,2
55266,50,9,41,2
55267,58,10,48,2
55268,56,5,51,2
55269,66,11,55,2
55270,52,5,47,2
55271,61,11,50,2
55272,55,10,45,2
55273,56,10,46,2
55274,57,9,48,2
55275,59,7,52,2
55276,60,7,53,2
55277,44,6,38,2
55278,58,7,51,2
55279,55,3,52,2
55280,43,7,36,2
55281,42,2,40,2
55282,47,7,40,2
55283,52,8,44,2
55284,37,2,35,2
55285,46,6,40,2
55286,75,11,64,2
55287,44,7,37,2
55288,42,7,35,2
55289,61,6,55,2
55290,62,9,53,2
55291,44,4,40,2
55292,58,6,52,2
55293,52,5,47,2
55294,59,8,51,2
55295,67,9,58,2
55296,52,10,42,2
55297,43,5,38,2
55298,64,6,58,2
55299,48,7,41,2
55300,68,5,63,2
55301,58,8,50,2
55302,47,10,37,2
55303,53,5,48,2
55304,50,5,45,2
55305,69,11,58,2
55306,46,3,43,2
55307,63,11,52,2
55308,53,8,45,2
55309,73,9,64,2
55310,59,4,55,2
55311,64,4,60,2
55312,48,7,41,2
55313,56,8,48,2
55314,63,8,55,2
55315,63,8,55,2
55316,61,5,56,2
55317,52,4,48,2
55318,42,5,37,2
55319,48,4,44,2
55320,48,5,43,2
55321,45,8,37,2
55322,51,10,41,2
55323,45,8,37,2
55324,51,7,44,2
55325,54,4,50,2
55326,64,3,61,2
55327,56,7,49,2
55328,59,5,54,2
55329,65,5,60,2
55330,43,5,38,2
55331,62,5,57,2
55332,54,9,45,2
55333,49,6,43,2
55334,60,8,52,2
55335,45,8,37,2
55336,66,13,53,2
55337,55,3,52,2
55338,61,7,54,2
55339,51,5,46,2
55340,46,4,42,2
55341,52,6,46,2
55342,55,6,49,2
55343,52,3,49,2
55344,44,9,35,2
55345,51,6,45,2
55346,48,7,41,2
55347,45,6,39,2
55348,51,7,44,2
55349,52,8,44,2
55350,45,4,41,2
55351,56,5,51,2
55352,53,6,47,2
55353,54,7,47,2
55354,33,4,29,2
55355,49,5,44,2
55356,57,10,47,2
55357,48,9,39,2
55358,51,6,45,2
55359,55,7,48,2
55360,44,4,40,2
55361,42,8,34,2
55362,42,4,38,2
55363,53,7,46,2
55364,47,4,43,2
55365,56,7,49,2
55366,53,3,50,2
55367,64,10,54,2
55368,56,4,52,2
55369,53,9,44,2
55370,61,3,58,2
55371,58,12,46,2
55372,59,4,55,2
55373,58,1,57,2
55374,51,4,47,2
55375,61,5,56,2
55376,58,8,50,2
55377,42,7,35,2
55378,58,5,53,2
55379,55,8,47,2
55380,54,4,50,2
55381,56,6,50,2
55382,56,5,51,2
55383,50,9,41,2
55384,38,1,37,2
55385,49,7,42,2
55386,48,6,42,2
55387,47,4,43,2
55388,49,1,48,2
55389,51,8,43,2
55390,64,5,59,2
55391,50,9,41,2
55392,59,3,56,2
55393,60,7,53,2
55394,58,5,53,2
55395,41,4,37,2
55396,44,7,37,2
55397,51,6,45,2
55398,49,9,40,2
55399,60,14,46,2
55400,47,6,41,2
55401,47,11,36,2
55402,62,7,55,2
55403,44,8,36,2
55404,48,6,42,2
55405,47,5,42,2
55406,49,3,46,2
55407,46,11,35,2
55408,58,8,50,2
55409,53,8,45,2
55410,62,6,56,2
55411,62,6,56,2
55412,60,8,52,2
55413,59,8,51,2
55414,62,6,56,2
55415,64,7,57,2
55416,68,10,58,2
55417,61,5,56,2
55418,72,8,64,2
55419,63,7,56,2
55420,48,4,44,2
55421,55,5,50,2
55422,49,8,41,2
55423,55,4,51,2
55424,58,9,49,2
55425,62,8,54,2
55426,55,10,45,2
55427,33,0,33,1
55428,46,3,43,2
55429,53,7,46,2
55430,52,4,48,2
55431,63,9,54,2
55432,53,10,43,2
55433,43,7,36,2
55434,40,6,34,2
55435,50,5,45,2
55436,44,5,39,2
55437,51,8,43,2
55438,45,6,39,2
55439,62,7,55,2
55440,56,8,48,2
55441,59,9,50,2
55442,54,4,50,2
55443,36,8,28,2
55444,54,5,49,2
55445,57,13,44,2
55446,72,9,63,2
55447,43,2,41,2
55448,30,3,27,2
55449,49,7,42,2
55450,45,4,41,2
55451,60,5,55,2
55452,53,5,48,2
55453,38,3,35,2
55454,54,5,49,2
55455,56,7,49,2
55456,63,8,55,2
55457,63,9,54,2
55458,56,10,46,2
55459,61,5,56,2
55460,59,7,52,2
55461,43,9,34,2
55462,46,5,41,2
55463,41,7,34,2
55464,43,7,36,2
55465,44,5,39,2
55466,53,6,47,2
55467,48,5,43,2
55468,44,5,39,2
55469,66,8,58,2
55470,51,9,42,2
55471,52,3,49,2
55472,56,6,50,2
55473,59,4,55,2
55474,50,11,39,2
55475,40,6,34,2
55476,46,2,44,2
55477,66,6,60,2
55478,54,6,48,2
55479,54,5,49,2
55480,58,7,51,2
55481,48,1,47,2
55482,44,6,38,2
55483,60,6,54,2
55484,52,6,46,2
55485,56,7,49,2
55486,53,7,46,2
55487,53,7,46,2
55488,66,13,53,2
55489,54,7,47,2
55490,50,8,42,2
55491,62,4,58,2
55492,49,9,40,2
55493,40,8,32,2
55494,60,9,51,2
55495,49,6,43,2
55496,50,6,44,2
55497,52,3,49,2
55498,50,4,46,2
55499,42,4,38,2
55500,66,7,59,2
55501,47,6,41,2
55502,55,10,45,2
55503,64,9,55,2
55504,50,6,44,2
55505,51,3,48,2
55506,60,9,51,2
55507,49,6,43,2
55508,44,3,41,2
55509,53,3,50,2
55510,46,3,43,2
55511,49,5,44,2
55512,51,4,47,2
55513,36,2,34,2
55514,53,7,46,2
55515,51,5,46,2
55516,49,4,45,2
55517,64,8,56,2
55518,51,6,45,2
55519,70,13,57,2
55520,58,10,48,2
55521,57,9,48,2
55522,43,5,38,2
55523,44,2,42,2
55524,57,9,48,2
55525,39,8,31,2
55526,54,4,50,2
55527,59,9,50,2
55528,46,2,44,2
55529,46,7,39,2
55530,52,6,46,2
55531,61,5,56,2
55532,56,4,52,2
55533,52,7,45,2
55534,55,4,51,2
55535,43,3,40,2
55536,45,5,40,2
55537,48,8,40,2
55538,42,5,37,2
55539,38,5,33,2
55540,37,4,33,2
55541,58,8,50,2
55542,50,3,47,2
55543,33,7,26,2
55544,55,5,50,2
55545,57,5,52,2
55546,61,4,57,2
55547,52,15,37,2
55548,61,5,56,2
55549,67,5,62,2
55550,60,5,55,2
55551,40,4,36,2
55552,62,6,56,2
55553,55,4,51,2
55554,53,4,49,2
55555,45,4,41,2
55556,67,8,59,2
55557,52,8,44,2
55558,47,8,39,2
55559,54,5,49,2
55560,48,3,45,2
55561,67,6,61,2
55562,55,7,48,2
55563,60,3,57,2
55564,58,12,46,2
55565,61,10,51,2
55566,55,8,47,2
55567,51,6,45,2
55568,62,7,55,2
55569,61,8,53,2
55570,54,7,47,2
55571,48,11,37,2
55572,49,8,41,2
55573,67,8,59,2
55574,46,6,40,2
55575,54,5,49,2
55576,52,9,43,2
55577,63,8,55,2
55578,42,4,38,2
55579,45,5,40,2
55580,59,7,52,2
55581,57,7,50,2
55582,60,7,53,2
55583,50,2,48,2
55584,48,6,42,2
55585,48,5,43,2
55586,61,8,53,2
55587,47,5,42,2
55588,62,4,58,2
55589,65,11,54,2
55590,58,8,50,2
55591,55,5,50,2
55592,54,5,49,2
55593,55,9,46,2
55594,48,7,41,2
55595,59,4,55,2
55596,53,7,46,2
55597,52,10,42,2
55598,53,5,48,2
55599,45,6,39,2
55600,50,6,44,2
55601,54,3,51,2
55602,54,5,49,2
55603,62,8,54,2
55604,54,7,47,2
55605,64,10,54,2
55606,56,4,52,2
55607,65,7,58,2
55608,68,6,62,2
55609,61,6,55,2
55610,45,5,40,2
55611,42,10,32,2
55612,39,6,33,2
55613,65,5,60,2
55614,51,8,43,2
55615,57,7,50,2
55616,38,7,31,2
55617,53,9,44,2
55618,43,5,38,2
55619,44,6,38,2
55620,69,10,59,2
55621,61,5,56,2
55622,56,9,47,2
55623,56,6,50,2
55624,46,9,37,2
55625,42,7,35,2
55626,53,4,49,2
55627,59,4,55,2
55628,52,8,44,2
55629,48,8,40,2
55630,59,5,54,2
55631,45,3,42,2
55632,62,5,57,2
55633,41,3,38,2
55634,70,9,61,2
55635,54,7,47,2
55636,54,10,44,2
55637,53,6,47,2
55638,72,3,69,2
55639,65,6,59,2
55640,55,8,47,2
55641,51,10,41,2
55642,55,6,49,2
55643,44,6,38,2
55644,52,5,47,2
55645,67,13,54,2
55646,49,8,41,2
55647,52,3,49,2
55648,61,3,58,2
55649,54,10,44,2
55650,65,8,57,2
55651,69,8,61,2
55652,69,6,63,2
55653,64,10,54,2
55654,61,6,55,2
55655,51,5,46,2
55656,57,11,46,2
55657,49,4,45,2
55658,77,7,70,2
55659,47,4,43,2
55660,38,5,33,2
55661,47,3,44,2
55662,53,7,46,2
55663,51,6,45,2
55664,62,14,48,2
55665,51,5,46,2
55666,48,4,44,2
55667,50,7,43,2
55668,51,8,43,2
55669,45,5,40,2
55670,51,6,45,2
55671,52,7,45,2
55672,53,8,45,2
55673,57,10,47,2
55674,63,12,51,2
55675,59,5,54,2
55676,53,1,52,2
55677,48,4,44,2
55678,77,19,58,2
55679,56,3,53,2
55680,51,3,48,2
55681,54,8,46,2
55682,52,7,45,2
55683,50,5,45,2
55684,44,6,38,2
55685,47,4,43,2
55686,57,7,50,2
55687,60,7,53,2
55688,62,9,53,2
55689,49,6,43,2
55690,39,4,35,2
55691,52,6,46,2
55692,57,5,52,2
55693,51,7,44,2
55694,62,7,55,2
55695,53,7,46,2
55696,49,8,41,2
55697,65,9,56,2
55698,63,4,59,2
55699,52,7,45,2
55700,59,6,53,2
55701,56,3,53,2
55702,45,8,37,2
55703,45,6,39,2
55704,69,12,57,2
55705,58,6,52,2
55706,41,4,37,2
55707,59,4,55,2
55708,62,9,53,2
55709,63,5,58,2
55710,53,7,46,2
55711,55,6,49,2
55712,63,10,53,2
55713,64,7,57,2
55714,56,4,52,2
55715,49,7,42,2
55716,55,8,47,2
55717,49,6,43,2
55718,56,6,50,2
55719,50,10,40,2
55720,50,8,42,2
55721,52,5,47,2
55722,59,9,50,2
55723,45,3,42,2
55724,55,7,48,2
55725,60,10,50,2
55726,54,5,49,2
55727,52,9,43,2
55728,34,7,27,2
55729,52,6,46,2
55730,61,9,52,2
55731,57,8,49,2
55732,50,5,45,2
55733,59,4,55,2
55734,52,8,44,2
55735,56,6,50,2
55736,59,4,55,2
55737,64,10,54,2
55738,56,7,49,2
55739,60,12,48,2
55740,66,7,59,2
55741,55,10,45,2
55742,73,9,64,2
55743,54,10,44,2
55744,70,16,54,2
55745,48,4,44,2
55746,50,4,46,2
55747,45,5,40,2
55748,65,8,57,2
55749,46,6,40,2
55750,54,7,47,2
55751,57,9,48,2
55752,66,5,61,2
55753,50,7,43,2
55754,50,10,40,2
55755,47,8,39,2
55756,54,5,49,2
55757,46,6,40,2
55758,70,7,63,2
55759,53,9,44,2
55760,46,6,40,2
55761,60,8,52,2
55762,57,6,51,2
55763,50,5,45,2
55764,54,5,49,2
55765,61,8,53,2
55766,49,5,44,2
55767,44,7,37,2
55768,61,2,59,2
55769,54,4,50,2
55770,47,4,43,2
55771,56,8,48,2
55772,45,8,37,2
55773,56,6,50,2
55774,55,3,52,2
55775,49,5,44,2
55776,48,5,43,2
55777,57,5,52,2
55778,57,8,49,2
55779,47,7,40,2
55780,50,13,37,2
55781,60,9,51,2
55782,47,4,43,2
55783,56,5,51,2
55784,63,8,55,2
55785,41,2,39,2
55786,44,4,40,2
55787,47,6,41,2
55788,55,7,48,2
55789,65,7,58,2
55790,58,9,49,2
55791,56,3,53,2
55792,67,8,59,2
55793,53,11,42,2
55794,48,10,38,2
55795,62,9,53,2
55796,57,10,47,2
55797,50,6,44,2
55798,50,6,44,2
55799,44,2,42,2
55800,53,8,45,2
55801,60,5,55,2
55802,35,3,32,2
55803,50,9,41,2
55804,44,4,40,2
55805,78,2,76,2
55806,56,7,49,2
55807,52,8,44,2
55808,67,5,62,2
55809,59,3,56,2
55810,49,6,43,2
55811,59,4,55,2
55812,56,7,49,2
55813,45,5,40,2
55814,47,13,34,2
55815,46,8,38,2
55816,40,5,35,2
55817,60,7,53,2
55818,47,7,40,2
55819,68,8,60,2
55820,56,11,45,2
55821,52,6,46,2
55822,50,8,42,2
55823,69,5,64,2
55824,52,7,45,2
55825,60,9,51,2
55826,63,6,57,2
55827,56,8,48,2
55828,59,5,54,2
55829,58,10,48,2
55830,45,4,41,2
55831,62,7,55,2
55832,57,6,51,2
55833,51,5,46,2
55834,55,5,50,2
55835,64,7,57,2
55836,37,6,31,2
55837,58,8,50,2
55838,49,9,40,2
55839,57,10,47,2
55840,55,6,49,2
55841,52,7,45,2
55842,71,8,63,2
55843,37,3,34,2
55844,63,9,54,2
55845,53,6,47,2
55846,48,4,44,2
55847,45,12,33,2
55848,61,5,56,2
55849,59,5,54,2
55850,52,12,40,2
55851,42,6,36,2
55852,62,6,56,2
55853,63,9,54,2
55854,67,6,61,2
55855,45,6,39,2
55856,49,7,42,2
55857,58,9,49,2
55858,51,6,45,2
55859,59,7,52,2
55860,68,9,59,2
55861,45,4,41,2
55862,43,3,40,2
55863,52,5,47,2
55864,43,2,41,2
55865,67,11,56,2
55866,73,11,62,2
55868,52,3,49,2
55869,56,11,45,2
55870,64,8,56,2
55871,69,7,62,2
55872,67,8,59,2
55873,59,5,54,2
55874,47,7,40,2
55875,56,8,48,2
55876,44,7,37,2
55877,56,12,44,2
55878,64,7,57,2
55879,55,9,46,2
55880,56,7,49,2
55881,57,7,50,2
55882,43,3,40,2
55883,47,8,39,2
55884,65,8,57,2
55885,47,5,42,2
55886,53,7,46,2
55887,55,7,48,2
55888,53,9,44,2
55889,55,3,52,2
55890,50,5,45,2
55891,39,4,35,2
55892,51,6,45,2
55893,43,5,38,2
55894,52,10,42,2
55895,61,9,52,2
55896,55,4,51,2
55897,52,5,47,2
55898,61,13,48,2
55899,55,8,47,2
55900,57,12,45,2
55901,43,5,38,2
55902,55,5,50,2
55903,44,2,42,2
55904,53,7,46,2
55905,55,8,47,2
55906,51,7,44,2
55907,51,4,47,2
55908,53,9,44,2
55909,52,10,42,2
55910,60,4,56,2
55911,44,4,40,2
55912,49,3,46,2
55913,55,7,48,2
55914,49,4,45,2
55915,62,5,57,2
55916,46,5,41,2
55917,44,5,39,2
55918,48,3,45,2
55919,50,7,43,2
55920,54,9,45,2
55921,47,6,41,2
55922,53,5,48,2
55923,54,1,53,2
55924,44,2,42,2
55925,67,8,59,2
55926,54,7,47,2
55927,62,6,56,2
55928,55,6,49,2
55929,60,10,50,2
55930,39,7,32,2
55931,62,9,53,2
55932,58,9,49,2
55933,51,6,45,2
55934,57,6,51,2
55935,53,10,43,2
55936,50,7,43,2
55937,68,7,61,2
55938,60,6,54,2
55939,53,3,50,2
55940,55,9,46,2
55941,55,4,51,2
55942,63,5,58,2
55943,45,9,36,2
55944,53,5,48,2
55945,66,8,58,2
55946,43,3,40,2
55947,47,9,38,2
55948,62,8,54,2
55949,55,10,45,2
55950,69,6,63,2
55951,53,6,47,2
55952,59,8,51,2
55953,60,5,55,2
55954,63,8,55,2
55955,56,5,51,2
55956,64,10,54,2
55957,54,9,45,2
55958,55,9,46,2
55959,40,9,31,2
55960,53,12,41,2
55961,48,2,46,2
55962,61,5,56,2
55963,39,9,30,2
55964,47,4,43,2
55965,61,8,53,2
55966,51,6,45,2
55967,46,6,40,2
55968,57,4,53,2
55969,59,6,53,2
55970,62,8,54,2
55971,65,9,56,2
55972,51,1,50,2
55973,57,9,48,2
55974,48,10,38,2
55975,54,5,49,2
55976,58,4,54,2
55977,57,6,51,2
55978,50,7,43,2
55979,55,5,50,2
55980,64,10,54,2
55981,57,5,52,2
55982,60,5,55,2
55983,54,5,49,2
55984,52,9,43,2
55985,59,6,53,2
55986,48,6,42,2
55987,40,5,35,2
55988,53,7,46,2
55989,49,8,41,2
55990,56,10,46,2
55991,46,6,40,2
55992,57,5,52,2
55993,54,9,45,2
55994,61,11,50,2
55995,53,7,46,2
55996,71,10,61,2
55997,46,6,40,2
55998,62,5,57,2
55999,61,12,49,2
56000,54,5,49,2
56001,60,7,53,2
56002,64,4,60,2
56003,65,6,59,2
56004,45,6,39,2
56005,70,9,61,2
56006,47,6,41,2
56007,63,7,56,2
56008,59,4,55,2
56009,66,11,55,2
56010,50,2,48,2
56011,66,7,59,2
56012,56,7,49,2
56013,64,3,61,2
56014,50,9,41,2
56015,61,10,51,2
56016,45,4,41,2
56017,56,4,52,2
56018,54,7,47,2
56019,44,9,35,2
56020,65,10,55,2
56021,45,6,39,2
56022,54,7,47,2
56023,47,4,43,2
56024,43,2,41,2
56025,57,10,47,2
56026,59,9,50,2
56027,43,5,38,2
56028,57,3,54,2
56030,46,4,42,2
56031,45,4,41,2
56032,56,7,49,2
56033,59,7,52,2
56034,45,4,41,2
56035,62,8,54,2
56036,50,4,46,2
56037,58,4,54,2
56038,60,10,50,2
56039,56,5,51,2
56040,51,3,48,2
56041,70,5,65,2
56042,57,7,50,2
56043,42,7,35,2
56044,57,7,50,2
56045,49,4,45,2
56046,61,10,51,2
56047,46,4,42,2
56048,48,6,42,2
56049,56,7,49,2
56050,54,8,46,2
56051,58,8,50,2
56052,59,9,50,2
56053,51,4,47,2
56054,52,5,47,2
56055,58,4,54,2
56056,62,8,54,2
56057,44,7,37,2
56058,62,8,54,2
56059,50,7,43,2
56060,61,12,49,2
56061,51,7,44,2
56062,49,4,45,2
56063,55,9,46,2
56064,63,3,60,2
56065,64,10,54,2
56066,46,6,40,2
56067,30,3,27,2
56068,60,10,50,2
56069,47,4,43,2
56070,60,13,47,2
56071,59,8,51,2
56072,53,9,44,2
56073,56,2,54,2
56074,42,7,35,2
56075,53,8,45,2
56076,70,4,66,2
56077,62,4,58,2
56078,49,11,38,2
56079,47,9,38,2
56080,57,6,51,2
56081,35,1,34,2
56082,51,6,45,2
56083,57,7,50,2
56084,59,2,57,2
56085,57,9,48,2
56086,60,2,58,2
56087,48,1,47,2
56088,61,2,59,2
56089,54,7,47,2
56090,59,8,51,2
56091,47,5,42,2
56092,46,5,41,2
56093,70,7,63,2
56094,50,6,44,2
56095,61,8,53,2
56096,55,4,51,2
56097,45,4,41,2
56098,54,4,50,2
56099,54,5,49,2
56100,52,8,44,2
56101,66,7,59,2
56102,54,8,46,2
56103,47,6,41,2
56104,68,6,62,2
56105,61,12,49,2
56106,48,5,43,2
56107,50,3,47,2
56108,53,1,52,2
56109,58,8,50,2
56110,64,6,58,2
56111,52,7,45,2
56112,63,4,59,2
56113,60,8,52,2
56114,41,4,37,2
56115,61,8,53,2
56116,54,9,45,2
56117,57,9,48,2
56118,56,10,46,2
56119,55,6,49,2
56120,65,9,56,2
56121,49,8,41,2
56122,62,7,55,2
56123,55,7,48,2
56124,62,6,56,2
56125,60,10,50,2
56126,51,5,46,2
56127,51,4,47,2
56128,58,8,50,2
56129,68,7,61,2
56130,55,7,48,2
56131,49,4,45,2
56132,63,7,56,2
56133,53,8,45,2
56134,59,5,54,2
56135,55,4,51,2
56136,54,10,44,2
56137,70,6,64,2
56138,57,8,49,2
56139,57,9,48,2
56140,47,7,40,2
56141,53,9,44,2
56142,46,7,39,2
56143,57,11,46,2
56144,55,10,45,2
56145,66,8,58,2
56146,63,11,52,2
56147,52,2,50,2
56148,40,4,36,2
56149,54,3,51,2
56150,44,2,42,2
56151,46,6,40,2
56152,52,9,43,2
56153,58,11,47,2
56154,49,9,40,2
56155,61,9,52,2
56156,58,5,53,2
56157,43,6,37,2
56158,62,9,53,2
56159,62,9,53,2
56160,40,3,37,2
56161,65,5,60,2
56162,49,3,46,2
56163,56,4,52,2
56164,58,4,54,2
56165,58,5,53,2
56166,61,13,48,2
56167,57,6,51,2
56168,63,4,59,2
56169,63,7,56,2
56170,59,15,44,2
56171,53,7,46,2
56172,56,6,50,2
56173,44,5,39,2
56174,57,7,50,2
56175,47,3,44,2
56176,63,10,53,2
56177,68,6,62,2
56178,64,5,59,2
56179,57,7,50,2
56180,54,6,48,2
56181,56,3,53,2
56182,65,7,58,2
56183,55,8,47,2
56184,64,3,61,2
56185,59,2,57,2
56186,52,4,48,2
56187,61,8,53,2
56188,47,9,38,2
56189,49,3,46,2
56190,52,6,46,2
56191,61,7,54,2
56192,60,5,55,2
56193,60,5,55,2
56194,71,15,56,2
56195,60,7,53,2
56196,53,5,48,2
56197,54,5,49,2
56198,51,5,46,2
56199,56,6,50,2
56200,41,4,37,2
56201,42,5,37,2
56202,45,6,39,2
56203,54,8,46,2
56204,63,10,53,2
56205,62,12,50,2
56206,45,4,41,2
56207,59,11,48,2
56208,67,9,58,2
56209,52,3,49,2
56210,45,6,39,2
56211,41,5,36,2
56212,58,6,52,2
56213,47,7,40,2
56214,64,9,55,2
56215,51,4,47,2
56216,52,6,46,2
56217,49,6,43,2
56218,55,6,49,2
56219,54,10,44,2
56220,49,5,44,2
56221,54,6,48,2
56222,58,5,53,2
56223,71,7,64,2
56224,51,7,44,2
56225,64,12,52,2
56226,57,6,51,2
56227,46,7,39,2
56228,49,2,47,2
56229,54,6,48,2
56230,56,7,49,2
56231,52,11,41,2
56232,58,9,49,2
56233,47,4,43,2
56234,53,5,48,2
56235,55,6,49,2
56236,59,11,48,2
56237,54,7,47,2
56238,61,8,53,2
56239,67,11,56,2
56240,55,8,47,2
56241,48,6,42,2
56242,66,9,57,2
56243,58,4,54,2
56244,65,6,59,2
56245,54,7,47,2
56246,56,4,52,2
56247,59,7,52,2
56248,54,4,50,2
56249,58,8,50,2
56250,68,7,61,2
56251,50,4,46,2
56252,60,8,52,2
56253,65,7,58,2
56254,56,2,54,2
56255,48,7,41,2
56256,56,7,49,2
56257,53,5,48,2
56258,56,2,54,2
56259,61,9,52,2
56260,51,7,44,2
56261,47,4,43,2
56262,54,5,49,2
56263,52,5,47,2
56264,46,7,39,2
56265,53,8,45,2
56266,64,5,59,2
56267,79,12,67,2
56268,63,8,55,2
56269,56,10,46,2
56270,45,4,41,2
56271,53,10,43,2
56272,56,7,49,2
56273,56,5,51,2
56274,56,7,49,2
56275,67,5,62,2
56276,67,7,60,2
56277,55,8,47,2
56278,54,8,46,2
56279,51,1,50,2
56280,49,6,43,2
56281,59,5,54,2
56282,53,6,47,2
56283,50,6,44,2
56284,50,6,44,2
56285,52,5,47,2
56286,46,5,41,2
56287,65,10,55,2
56288,56,8,48,2
56289,61,12,49,2
56290,55,4,51,2
56291,62,6,56,2
56292,61,11,50,2
56293,59,12,47,2
56294,60,9,51,2
56295,56,3,53,2
56296,59,9,50,2
56297,54,5,49,2
56298,50,2,48,2
56299,58,7,51,2
56300,48,6,42,2
56301,49,8,41,2
56302,45,5,40,2
56303,52,5,47,2
56304,57,6,51,2
56305,47,5,42,2
56306,48,5,43,2
56307,56,6,50,2
56308,66,9,57,2
56309,51,2,49,2
56310,55,8,47,2
56311,53,7,46,2
56312,56,4,52,2
56313,55,10,45,2
56314,50,9,41,2
56315,53,6,47,2
56316,50,4,46,2
56317,38,5,33,2
56318,54,6,48,2
56319,53,4,49,2
56320,62,9,53,2
56321,53,7,46,2
56322,48,8,40,2
56323,44,3,41,2
56324,51,5,46,2
56325,51,3,48,2
56326,51,2,49,2
56327,48,7,41,2
56328,48,10,38,2
56329,59,4,55,2
56330,53,7,46,2
56331,55,8,47,2
56332,40,9,31,2
56333,58,5,53,2
56334,63,7,56,2
56335,50,8,42,2
56336,63,9,54,2
56337,52,10,42,2
56338,49,8,41,2
56339,67,10,57,2
56340,62,7,55,2
56341,74,6,68,2
56342,76,11,65,2
56343,59,6,53,2
56344,60,6,54,2
56345,67,7,60,2
56346,63,6,57,2
56347,47,5,42,2
56348,53,7,46,2
56349,52,7,45,2
56350,53,5,48,2
56351,72,12,60,2
56352,54,7,47,2
56353,54,6,48,2
56354,51,6,45,2
56355,47,3,44,2
56356,46,4,42,2
56357,56,4,52,2
56358,45,5,40,2
56359,50,3,47,2
56360,63,5,58,2
56361,65,9,56,2
56362,48,9,39,2
56363,58,5,53,2
56364,46,5,41,2
56365,61,9,52,2
56366,64,10,54,2
56367,58,12,46,2
56368,50,4,46,2
56369,53,7,46,2
56370,63,9,54,2
56371,62,5,57,2
56372,54,5,49,2
56373,44,3,41,2
56374,53,5,48,2
56375,70,9,61,2
56376,53,3,50,2
56377,59,5,54,2
56378,56,3,53,2
56379,47,6,41,2
56380,59,6,53,2
56381,58,6,52,2
56382,46,3,43,2
56383,48,9,39,2
56384,52,5,47,2
56385,47,0,47,1
56386,56,7,49,2
56387,43,5,38,2
56388,59,7,52,2
56389,56,6,50,2
56390,59,6,53,2
56391,49,13,36,2
56392,59,4,55,2
56393,51,8,43,2
56394,51,5,46,2
56395,47,4,43,2
56396,57,4,53,2
56397,68,7,61,2
56398,40,4,36,2
56399,61,4,57,2
56400,305,114,191,2
56401,44,6,38,2
56402,40,2,38,2
56403,54,6,48,2
56404,61,6,55,2
56405,50,5,45,2
56406,51,6,45,2
56407,52,2,50,2
56408,44,1,43,2
56409,54,4,50,2
56410,55,9,46,2
56411,68,5,63,2
56412,59,9,50,2
56413,64,7,57,2
56414,47,5,42,2
56415,53,11,42,2
56416,62,7,55,2
56417,70,5,65,2
56418,48,10,38,2
56419,39,0,39,1
56420,46,7,39,2
56421,52,3,49,2
56422,57,7,50,2
56423,63,6,57,2
56424,69,5,64,2
56425,55,8,47,2
56426,44,1,43,2
56427,50,6,44,2
56428,51,2,49,2
56429,61,6,55,2
56430,49,6,43,2
56431,48,2,46,2
56432,52,4,48,2
56433,65,8,57,2
56434,55,3,52,2
56435,51,7,44,2
56436,50,4,46,2
56437,59,6,53,2
56438,64,11,53,2
56439,43,2,41,2
56440,53,8,45,2
56441,59,10,49,2
56442,62,8,54,2
56443,63,11,52,2
56444,63,10,53,2
56445,57,8,49,2
56446,58,9,49,2
56447,63,4,59,2
56448,51,9,42,2
56449,56,7,49,2
56450,53,5,48,2
56451,54,7,47,2
56452,52,5,47,2
56453,42,5,37,2
56454,50,9,41,2
56455,56,7,49,2
56456,49,4,45,2
56457,55,5,50,2
56458,46,2,44,2
56459,56,9,47,2
56460,61,8,53,2
56461,65,7,58,2
56462,56,9,47,2
56463,50,8,42,2
56464,50,9,41,2
56465,58,9,49,2
56466,56,9,47,2
56467,53,3,50,2
56468,44,3,41,2
56469,53,8,45,2
56470,51,4,47,2
56471,51,8,43,2
56472,49,1,48,2
56473,60,8,52,2
56474,46,5,41,2
56475,58,8,50,2
56476,59,6,53,2
56477,66,6,60,2
56478,58,10,48,2
56479,61,8,53,2
56480,49,5,44,2
56481,62,7,55,2
56482,55,10,45,2
56483,57,9,48,2
56484,56,6,50,2
56485,66,6,60,2
56486,60,5,55,2
56487,39,5,34,2
56488,43,5,38,2
56489,64,9,55,2
56490,53,8,45,2
56491,54,2,52,2
56492,57,5,52,2
56493,47,5,42,2
56494,53,7,46,2
56495,56,3,53,2
56496,57,6,51,2
56497,61,10,51,2
56498,49,5,44,2
56499,45,7,38,2
56500,58,9,49,2
56501,67,7,60,2
56502,72,10,62,2
56503,55,8,47,2
56504,55,11,44,2
56505,51,3,48,2
56506,51,6,45,2
56507,43,3,40,2
56508,61,8,53,2
56509,51,5,46,2
56510,57,6,51,2
56511,70,8,62,2
56512,46,9,37,2
56513,48,2,46,2
56514,62,6,56,2
56515,48,4,44,2
56516,54,13,41,2
56517,53,5,48,2
56518,52,7,45,2
56519,67,8,59,2
56520,48,7,41,2
56521,55,3,52,2
56522,58,7,51,2
56523,49,3,46,2
56524,51,7,44,2
56525,61,9,52,2
56526,58,7,51,2
56527,59,8,51,2
56528,62,10,52,2
56529,57,9,48,2
56530,57,11,46,2
56531,50,6,44,2
56532,52,7,45,2
56533,60,10,50,2
56534,53,4,49,2
56535,70,8,62,2
56536,57,7,50,2
56537,55,8,47,2
56538,55,6,49,2
56539,56,11,45,2
56540,62,5,57,2
56541,62,9,53,2
56542,55,9,46,2
56543,62,4,58,2
56544,51,5,46,2
56545,47,5,42,2
56546,47,6,41,2
56547,45,7,38,2
56548,49,5,44,2
56549,46,4,42,2
56550,54,8,46,2
56551,45,5,40,2
56552,52,3,49,2
56553,55,7,48,2
56554,52,4,48,2
56555,58,5,53,2
56556,49,8,41,2
56557,57,8,49,2
56558,57,3,54,2
56559,63,8,55,2
56560,51,7,44,2
56561,45,5,40,2
56562,58,8,50,2
56563,57,6,51,2
56564,65,8,57,2
56565,50,3,47,2
56566,66,11,55,2
56567,45,9,36,2
56568,52,9,43,2
56569,59,6,53,2
56570,62,9,53,2
56571,60,2,58,2
56572,55,7,48,2
56573,44,9,35,2
56574,54,7,47,2
56575,62,6,56,2
56576,57,5,52,2
56577,61,10,51,2
56578,71,14,57,2
56579,54,5,49,2
56580,61,7,54,2
56581,63,8,55,2
56582,61,12,49,2
56583,43,2,41,2
56584,66,9,57,2
56585,56,8,48,2
56586,54,2,52,2
56587,61,7,54,2
56588,58,4,54,2
56589,55,6,49,2
56590,45,4,41,2
56591,52,5,47,2
56592,45,10,35,2
56593,52,5,47,2
56594,66,6,60,2
56595,48,5,43,2
56596,58,7,51,2
56597,46,5,41,2
56598,57,8,49,2
56599,46,7,39,2
56600,40,4,36,2
56601,50,7,43,2
56602,46,3,43,2
56603,46,6,40,2
56604,63,6,57,2
56605,61,3,58,2
56606,48,7,41,2
56607,57,5,52,2
56608,60,11,49,2
56609,50,1,49,2
56610,57,7,50,2
56611,54,4,50,2
56612,59,5,54,2
56613,50,3,47,2
56614,56,2,54,2
56615,66,10,56,2
56616,64,8,56,2
56617,50,9,41,2
56618,51,7,44,2
56619,51,3,48,2
56620,70,6,64,2
56621,58,8,50,2
56622,56,5,51,2
56623,50,3,47,2
56624,57,4,53,2
56625,50,6,44,2
56626,52,3,49,2
56627,61,8,53,2
56628,46,7,39,2
56629,63,10,53,2
56630,62,7,55,2
56631,56,7,49,2
56632,65,10,55,2
56633,53,6,47,2
56634,63,3,60,2
56635,52,7,45,2
56636,62,4,58,2
56637,57,4,53,2
56638,61,8,53,2
56639,50,5,45,2
56640,67,6,61,2
56641,50,8,42,2
56642,50,9,41,2
56643,51,5,46,2
56644,58,8,50,2
56645,35,5,30,2
56646,61,5,56,2
56647,58,6,52,2
56648,54,7,47,2
56649,47,5,42,2
56650,51,3,48,2
56651,61,4,57,2
56652,67,8,59,2
56653,59,5,54,2
56654,52,7,45,2
56655,49,5,44,2
56656,54,3,51,2
56657,45,4,41,2
56658,52,7,45,2
56659,60,7,53,2
56660,59,8,51,2
56661,54,1,53,2
56662,62,5,57,2
56663,49,6,43,2
56664,68,6,62,2
56665,50,8,42,2
56666,50,6,44,2
56667,57,10,47,2
56668,57,8,49,2
56669,63,9,54,2
56670,34,4,30,2
56671,65,11,54,2
56672,61,7,54,2
56673,56,6,50,2
56674,47,10,37,2
56675,70,6,64,2
56676,58,9,49,2
56677,49,12,37,2
56678,57,5,52,2
56679,41,6,35,2
56680,61,4,57,2
56681,71,9,62,2
56682,57,7,50,2
56683,65,10,55,2
56684,54,8,46,2
56685,54,3,51,2
56686,55,6,49,2
56687,63,8,55,2
56688,57,2,55,2
56689,44,6,38,2
56690,64,6,58,2
56691,61,10,51,2
56692,52,6,46,2
56693,56,8,48,2
56694,40,3,37,2
56695,45,1,44,2
56696,65,8,57,2
56697,55,3,52,2
56698,52,3,49,2
56699,49,9,40,2
56700,66,11,55,2
56701,54,4,50,2
56702,52,7,45,2
56703,55,6,49,2
56704,39,5,34,2
56705,58,13,45,2
56706,54,2,52,2
56707,45,1,44,2
56708,52,3,49,2
56709,47,5,42,2
56710,64,8,56,2
56711,63,3,60,2
56712,58,4,54,2
56713,55,6,49,2
56714,56,7,49,2
56715,56,6,50,2
56716,51,4,47,2
56717,46,5,41,2
56718,45,9,36,2
56719,60,9,51,2
56720,46,5,41,2
56721,69,10,59,2
56722,54,6,48,2
56723,40,5,35,2
56724,68,11,57,2
56725,59,6,53,2
56726,69,10,59,2
56727,50,8,42,2
56728,48,6,42,2
56729,69,8,61,2
56730,58,9,49,2
56731,58,7,51,2
56732,35,2,33,2
56733,53,3,50,2
56734,63,6,57,2
56735,60,7,53,2
56736,65,8,57,2
56737,72,10,62,2
56738,54,4,50,2
56739,58,6,52,2
56740,56,2,54,2
56741,49,7,42,2
56742,56,8,48,2
56743,51,10,41,2
56744,45,4,41,2
56745,48,7,41,2
56746,60,6,54,2
56747,52,9,43,2
56748,52,2,50,2
56749,54,7,47,2
56750,52,5,47,2
56751,58,3,55,2
56752,63,10,53,2
56753,49,3,46,2
56754,69,7,62,2
56755,58,9,49,2
56756,61,9,52,2
56757,63,9,54,2
56758,49,6,43,2
56759,57,6,51,2
56760,55,7,48,2
56761,41,7,34,2
56762,60,5,55,2
56763,43,12,31,2
56764,58,6,52,2
56765,74,8,66,2
56766,69,8,61,2
56767,58,4,54,2
56768,48,4,44,2
56769,48,5,43,2
56770,47,8,39,2
56771,50,6,44,2
56772,55,4,51,2
56773,52,3,49,2
56774,64,10,54,2
56775,60,7,53,2
56776,63,5,58,2
56777,46,12,34,2
56778,54,4,50,2
56779,48,7,41,2
56780,57,4,53,2
56781,59,7,52,2
56782,61,6,55,2
56783,58,3,55,2
56784,47,9,38,2
56785,44,4,40,2
56786,68,6,62,2
56787,47,4,43,2
56788,58,2,56,2
56789,67,8,59,2
56790,53,4,49,2
56791,58,5,53,2
56792,55,8,47,2
56793,51,9,42,2
56794,49,10,39,2
56795,48,5,43,2
56796,51,8,43,2
56797,63,7,56,2
56798,59,8,51,2
56799,51,7,44,2
56800,48,6,42,2
56801,53,6,47,2
56802,64,6,58,2
56803,55,6,49,2
56804,40,5,35,2
56805,63,9,54,2
56806,54,4,50,2
56807,42,4,38,2
56808,62,7,55,2
56809,45,8,37,2
56810,47,4,43,2
56811,62,7,55,2
56812,42,3,39,2
56813,44,3,41,2
56814,55,6,49,2
56815,51,7,44,2
56816,56,4,52,2
56817,50,12,38,2
56818,56,8,48,2
56819,59,10,49,2
56820,62,9,53,2
56821,40,6,34,2
56822,46,5,41,2
56823,54,3,51,2
56824,45,2,43,2
56825,42,4,38,2
56826,51,10,41,2
56827,62,7,55,2
56828,54,14,40,2
56829,65,7,58,2
56830,54,6,48,2
56831,59,9,50,2
56832,50,8,42,2
56833,62,10,52,2
56834,64,4,60,2
56835,52,7,45,2
56836,44,8,36,2
56837,50,8,42,2
56838,53,10,43,2
56839,40,5,35,2
56840,60,8,52,2
56841,63,9,54,2
56842,41,6,35,2
56843,53,6,47,2
56844,57,10,47,2
56845,63,9,54,2
56846,47,8,39,2
56847,41,4,37,2
56848,55,5,50,2
56849,54,7,47,2
56850,54,8,46,2
56851,42,6,36,2
56852,50,4,46,2
56853,60,8,52,2
56854,57,8,49,2
56855,45,6,39,2
56856,62,6,56,2
56857,57,6,51,2
56858,60,5,55,2
56859,53,2,51,2
56860,54,12,42,2
56861,43,6,37,2
56862,61,5,56,2
56863,63,7,56,2
56864,60,8,52,2
56865,57,5,52,2
56866,44,5,39,2
56867,52,14,38,2
56868,59,4,55,2
56869,54,5,49,2
56870,46,3,43,2
56871,57,6,51,2
56872,56,5,51,2
56873,44,1,43,2
56874,70,11,59,2
56875,56,4,52,2
56876,51,8,43,2
56877,41,6,35,2
56878,57,8,49,2
56879,50,8,42,2
56880,64,8,56,2
56881,46,6,40,2
56882,60,5,55,2
56883,59,4,55,2
56884,64,6,58,2
56885,44,5,39,2
56886,44,4,40,2
56887,58,7,51,2
56888,54,7,47,2
56889,64,13,51,2
56890,48,3,45,2
56891,50,5,45,2
56892,49,4,45,2
56893,46,6,40,2
56894,62,6,56,2
56895,62,9,53,2
56896,45,10,35,2
56897,58,10,48,2
56899,64,4,60,2
56900,56,13,43,2
56901,52,5,47,2
56902,54,6,48,2
56903,58,2,56,2
56904,52,5,47,2
56905,49,4,45,2
56906,59,8,51,2
56907,54,9,45,2
56908,67,11,56,2
56909,51,7,44,2
56910,61,7,54,2
56911,57,6,51,2
56912,40,4,36,2
56913,58,4,54,2
56914,58,7,51,2
56915,50,10,40,2
56916,55,13,42,2
56917,57,9,48,2
56918,56,5,51,2
56919,56,8,48,2
56920,64,8,56,2
56921,55,8,47,2
56922,60,14,46,2
56923,61,8,53,2
56924,58,6,52,2
56925,39,5,34,2
56926,50,6,44,2
56927,54,4,50,2
56928,44,4,40,2
56929,63,10,53,2
56930,45,5,40,2
56931,64,3,61,2
56932,66,8,58,2
56933,55,9,46,2
56934,47,5,42,2
56935,59,9,50,2
56936,51,6,45,2
56937,47,1,46,2
56938,60,5,55,2
56939,51,6,45,2
56940,52,7,45,2
56941,47,4,43,2
56942,55,8,47,2
56943,60,4,56,2
56944,44,3,41,2
56945,57,7,50,2
56946,37,4,33,2
56947,62,7,55,2
56948,48,4,44,2
56949,61,10,51,2
56950,44,7,37,2
56951,53,9,44,2
56952,60,11,49,2
56953,46,3,43,2
56954,69,6,63,2
56955,47,4,43,2
56956,58,9,49,2
56957,57,4,53,2
56958,56,5,51,2
56959,47,4,43,2
56960,57,7,50,2
56961,52,8,44,2
56962,48,7,41,2
56963,67,9,58,2
56964,69,10,59,2
56965,58,9,49,2
56966,50,9,41,2
56967,58,6,52,2
56968,46,8,38,2
56969,37,4,33,2
56970,52,9,43,2
56971,44,4,40,2
56972,64,8,56,2
56973,59,12,47,2
56974,43,3,40,2
56975,33,5,28,2
56976,59,5,54,2
56977,54,6,48,2
56978,48,4,44,2
56979,70,5,65,2
56980,43,5,38,2
56981,62,10,52,2
56982,61,9,52,2
56983,72,8,64,2
56984,44,2,42,2
56985,45,2,43,2
56986,71,8,63,2
56987,55,10,45,2
56988,62,6,56,2
56989,58,7,51,2
56990,56,8,48,2
56991,54,6,48,2
56992,48,1,47,2
56993,61,7,54,2
56994,58,3,55,2
56995,51,7,44,2
56996,47,7,40,2
56997,51,2,49,2
56998,59,3,56,2
56999,63,11,52,2
57000,53,6,47,2
57001,57,11,46,2
57002,58,7,51,2
57003,45,4,41,2
57004,61,10,51,2
57005,58,7,51,2
57006,62,3,59,2
57007,42,5,37,2
57008,41,5,36,2
57009,51,4,47,2
57010,56,9,47,2
57011,74,7,67,2
57012,48,7,41,2
57013,59,6,53,2
57014,51,1,50,2
57015,57,14,43,2
57016,49,5,44,2
57017,58,3,55,2
57018,58,5,53,2
57019,59,7,52,2
57020,52,4,48,2
57021,54,8,46,2
57022,45,4,41,2
57023,63,9,54,2
57024,48,6,42,2
57025,49,3,46,2
57026,50,7,43,2
57027,67,6,61,2
57028,30,3,27,2
57029,52,9,43,2
57030,48,3,45,2
57031,52,8,44,2
57032,41,7,34,2
57033,70,10,60,2
57034,74,9,65,2
57035,42,4,38,2
57036,45,5,40,2
57037,52,8,44,2
57038,60,5,55,2
57039,59,4,55,2
57040,40,6,34,2
57041,57,5,52,2
57042,37,5,32,2
57043,47,5,42,2
57044,66,8,58,2
57045,55,6,49,2
57046,63,9,54,2
57047,64,6,58,2
57048,65,7,58,2
57049,67,14,53,2
57050,44,8,36,2
57051,34,3,31,2
57052,59,5,54,2
57053,55,7,48,2
57054,44,9,35,2
57055,49,5,44,2
57056,61,5,56,2
57057,54,6,48,2
57058,56,7,49,2
57059,61,5,56,2
57060,56,5,51,2
57061,65,11,54,2
57062,53,5,48,2
57063,59,4,55,2
57064,46,3,43,2
57065,63,7,56,2
57066,69,9,60,2
57067,59,8,51,2
57068,53,7,46,2
57069,54,8,46,2
57070,56,6,50,2
57071,49,6,43,2
57072,57,6,51,2
57073,57,5,52,2
57074,53,8,45,2
57075,58,6,52,2
57076,51,3,48,2
57077,54,4,50,2
57078,50,6,44,2
57079,51,1,50,2
57080,47,3,44,2
57081,59,5,54,2
57082,52,5,47,2
57083,57,5,52,2
57084,54,8,46,2
57085,52,9,43,2
57086,65,5,60,2
57087,53,6,47,2
57088,37,5,32,2
57089,40,1,39,2
57090,55,7,48,2
57091,46,6,40,2
57092,55,4,51,2
57093,59,6,53,2
57094,54,8,46,2
57095,63,9,54,2
57096,45,3,42,2
57097,47,4,43,2
57098,56,10,46,2
57099,59,7,52,2
57100,38,5,33,2
57101,57,9,48,2
57102,70,1,69,2
57103,59,9,50,2
57104,48,5,43,2
57105,63,5,58,2
57106,53,8,45,2
57107,56,8,48,2
57108,57,5,52,2
57109,46,5,41,2
57110,59,5,54,2
57111,47,5,42,2
57112,52,8,44,2
57113,65,8,57,2
57114,56,2,54,2
57115,72,6,66,2
57116,49,7,42,2
57117,55,3,52,2
57118,42,4,38,2
57119,55,4,51,2
57120,60,4,56,2
57121,59,5,54,2
57122,53,8,45,2
57123,58,14,44,2
57124,48,5,43,2
57125,60,3,57,2
57126,51,5,46,2
57127,57,8,49,2
57128,54,5,49,2
57129,50,5,45,2
57130,59,6,53,2
57131,65,9,56,2
57132,71,6,65,2
57133,61,8,53,2
57134,58,9,49,2
57135,42,3,39,2
57136,50,9,41,2
57137,44,4,40,2
57138,48,2,46,2
57139,58,6,52,2
57140,64,8,56,2
57141,49,6,43,2
57142,61,4,57,2
57143,62,8,54,2
57144,48,3,45,2
57145,59,6,53,2
57146,51,10,41,2
57147,46,3,43,2
57148,66,5,61,2
57149,50,7,43,2
57150,52,5,47,2
57151,52,3,49,2
57152,54,4,50,2
57153,53,4,49,2
57154,54,8,46,2
57155,51,4,47,2
57156,53,5,48,2
57157,58,6,52,2
57158,41,6,35,2
57159,56,5,51,2
57160,52,3,49,2
57161,60,7,53,2
57162,56,8,48,2
57163,48,5,43,2
57164,48,7,41,2
57165,61,10,51,2
57166,69,7,62,2
57167,63,10,53,2
57168,60,8,52,2
57169,63,10,53,2
57170,58,3,55,2
57171,39,8,31,2
57172,40,1,39,2
57173,46,7,39,2
57174,45,5,40,2
57175,47,2,45,2
57176,60,9,51,2
57177,62,4,58,2
57178,61,9,52,2
57179,41,6,35,2
57180,48,4,44,2
57181,60,1,59,2
57182,46,3,43,2
57183,50,4,46,2
57184,54,6,48,2
57185,49,7,42,2
57186,53,5,48,2
57187,47,7,40,2
57188,56,7,49,2
57189,57,3,54,2
57190,58,9,49,2
57191,59,11,48,2
57192,42,3,39,2
57193,50,6,44,2
57194,55,8,47,2
57195,57,8,49,2
57196,50,2,48,2
57197,62,3,59,2
57198,52,3,49,2
57199,53,6,47,2
57200,52,8,44,2
57201,65,7,58,2
57202,57,7,50,2
57203,39,4,35,2
57204,51,9,42,2
57205,52,4,48,2
57206,49,3,46,2
57207,51,6,45,2
57208,65,7,58,2
57209,49,9,40,2
57210,57,5,52,2
57211,63,5,58,2
57212,53,4,49,2
57213,43,4,39,2
57214,44,9,35,2
57215,73,13,60,2
57216,69,5,64,2
57217,47,2,45,2
57218,53,9,44,2
57219,55,4,51,2
57220,46,6,40,2
57221,57,3,54,2
57222,59,7,52,2
57223,46,6,40,2
57224,52,11,41,2
57225,49,6,43,2
57226,48,7,41,2
57227,39,3,36,2
57228,46,5,41,2
57229,46,7,39,2
57230,57,7,50,2
57231,46,5,41,2
57232,41,4,37,2
57233,42,4,38,2
57234,58,3,55,2
57235,56,4,52,2
57236,45,5,40,2
57237,62,4,58,2
57238,53,9,44,2
57239,55,7,48,2
57240,51,7,44,2
57241,47,6,41,2
57242,63,8,55,2
57243,35,5,30,2
57244,46,5,41,2
57245,63,11,52,2
57246,45,6,39,2
57247,58,1,57,2
57248,59,6,53,2
57249,50,4,46,2
57250,65,13,52,2
57251,58,5,53,2
57252,58,8,50,2
57253,51,3,48,2
57254,53,4,49,2
57255,66,7,59,2
57256,57,4,53,2
57257,54,7,47,2
57258,63,7,56,2
57259,59,9,50,2
57260,52,2,50,2
57261,50,6,44,2
57262,49,6,43,2
57263,50,4,46,2
57264,52,9,43,2
57265,56,6,50,2
57266,56,5,51,2
57267,61,7,54,2
57268,50,5,45,2
57269,52,10,42,2
57270,54,6,48,2
57271,66,6,60,2
57272,52,4,48,2
57273,65,9,56,2
57274,51,10,41,2
57275,70,9,61,2
57276,57,5,52,2
57277,53,10,43,2
57278,60,14,46,2
57279,44,8,36,2
57280,52,2,50,2
57281,66,9,57,2
57282,51,2,49,2
57283,49,5,44,2
57284,49,7,42,2
57285,63,7,56,2
57286,66,9,57,2
57287,63,5,58,2
57288,50,7,43,2
57289,74,11,63,2
57290,58,6,52,2
57291,47,6,41,2
57292,51,5,46,2
57293,50,2,48,2
57294,55,2,53,2
57295,51,4,47,2
57296,52,9,43,2
57297,53,4,49,2
57298,55,7,48,2
57299,50,8,42,2
57300,53,4,49,2
57301,51,5,46,2
57302,51,9,42,2
57303,51,6,45,2
57304,58,4,54,2
57305,51,7,44,2
57306,61,8,53,2
57307,53,5,48,2
57308,48,7,41,2
57309,47,7,40,2
57310,68,10,58,2
57311,41,6,35,2
57312,52,9,43,2
57313,65,5,60,2
57314,58,8,50,2
57315,68,4,64,2
57316,45,6,39,2
57317,50,2,48,2
57318,50,6,44,2
57319,50,3,47,2
57320,55,6,49,2
57321,52,7,45,2
57322,53,6,47,2
57323,59,7,52,2
57324,49,4,45,2
57325,47,9,38,2
57326,58,3,55,2
57327,51,7,44,2
57328,54,5,49,2
57329,52,5,47,2
57330,46,4,42,2
57331,51,11,40,2
57332,51,4,47,2
57333,54,5,49,2
57334,63,5,58,2
57335,57,6,51,2
57336,38,6,32,2
57337,48,3,45,2
57338,46,2,44,2
57339,66,8,58,2
57340,58,9,49,2
57341,56,9,47,2
57342,48,5,43,2
57343,43,9,34,2
57344,59,9,50,2
57345,37,3,34,2
57346,59,7,52,2
57347,47,3,44,2
57348,66,6,60,2
57349,43,4,39,2
57350,47,3,44,2
57351,72,6,66,2
57352,54,8,46,2
57353,53,1,52,2
57354,49,4,45,2
57355,61,3,58,2
57356,41,4,37,2
57357,50,5,45,2
57358,60,11,49,2
57359,47,4,43,2
57360,48,9,39,2
57361,52,4,48,2
57362,52,12,40,2
57363,49,6,43,2
57364,60,12,48,2
57365,63,7,56,2
57366,47,2,45,2
57367,49,8,41,2
57368,53,4,49,2
57369,52,6,46,2
57370,55,8,47,2
57371,45,4,41,2
57372,44,9,35,2
57373,65,8,57,2
57374,65,5,60,2
57375,60,6,54,2
57376,52,10,42,2
57377,53,7,46,2
57378,52,6,46,2
57379,60,7,53,2
57380,59,9,50,2
57381,50,4,46,2
57382,52,6,46,2
57383,55,5,50,2
57384,45,4,41,2
57385,46,6,40,2
57386,53,3,50,2
57387,48,7,41,2
57388,50,6,44,2
57389,52,2,50,2
57390,49,4,45,2
57391,65,10,55,2
57392,60,9,51,2
57393,60,7,53,2
57394,53,6,47,2
57395,50,4,46,2
57396,59,7,52,2
57397,60,14,46,2
57398,55,9,46,2
57399,51,5,46,2
57400,52,8,44,2
57401,51,5,46,2
57402,58,6,52,2
57403,59,9,50,2
57404,77,8,69,2
57405,58,5,53,2
57406,51,9,42,2
57407,55,6,49,2
57408,42,6,36,2
57409,44,8,36,2
57410,51,5,46,2
57411,56,6,50,2
57412,37,6,31,2
57413,49,4,45,2
57414,63,7,56,2
57415,47,10,37,2
57416,57,6,51,2
57417,58,10,48,2
57418,54,3,51,2
57419,48,5,43,2
57420,48,6,42,2
57421,63,9,54,2
57422,46,8,38,2
57423,47,8,39,2
57424,56,6,50,2
57425,54,6,48,2
57426,48,3,45,2
57427,48,7,41,2
57428,69,6,63,2
57429,62,8,54,2
57430,70,10,60,2
57431,57,4,53,2
57432,62,6,56,2
57433,49,7,42,2
57434,61,7,54,2
57435,62,5,57,2
57436,44,8,36,2
57437,50,8,42,2
57438,50,5,45,2
57439,54,3,51,2
57440,52,6,46,2
57441,57,5,52,2
57442,68,7,61,2
57443,64,10,54,2
57444,47,5,42,2
57445,46,0,46,1
57446,71,11,60,2
57447,73,10,63,2
57448,62,5,57,2
57449,58,1,57,2
57450,70,6,64,2
57451,62,2,60,2
57452,68,5,63,2
57453,58,7,51,2
57454,46,7,39,2
57455,54,6,48,2
57456,55,7,48,2
57457,50,5,45,2
57458,67,13,54,2
57459,49,9,40,2
57460,45,7,38,2
57461,48,2,46,2
57462,59,11,48,2
57463,53,5,48,2
57464,66,11,55,2
57465,56,8,48,2
57466,55,6,49,2
57467,61,5,56,2
57468,51,6,45,2
57469,64,4,60,2
57470,49,4,45,2
57471,55,4,51,2
57472,54,6,48,2
57473,55,9,46,2
57474,65,7,58,2
57475,48,8,40,2
57476,49,4,45,2
57477,54,7,47,2
57478,49,6,43,2
57479,47,4,43,2
57480,61,4,57,2
57481,58,10,48,2
57482,44,6,38,2
57483,51,10,41,2
57484,51,6,45,2
57485,60,11,49,2
57486,57,7,50,2
57487,66,6,60,2
57488,50,6,44,2
57489,57,7,50,2
57490,60,5,55,2
57491,58,5,53,2
57492,45,2,43,2
57493,47,6,41,2
57494,51,7,44,2
57495,50,7,43,2
57496,60,6,54,2
57497,54,3,51,2
57498,59,6,53,2
57499,53,3,50,2
57500,67,9,58,2
57501,49,6,43,2
57502,61,6,55,2
57503,65,5,60,2
57504,63,7,56,2
57505,58,10,48,2
57506,59,9,50,2
57507,58,8,50,2
57508,43,5,38,2
57509,59,7,52,2
57510,47,7,40,2
57511,72,7,65,2
57512,65,12,53,2
57513,36,4,32,2
57514,58,4,54,2
57515,57,4,53,2
57516,42,4,38,2
57517,63,6,57,2
57518,58,4,54,2
57519,49,9,40,2
57520,54,6,48,2
57521,45,4,41,2
57522,50,4,46,2
57523,43,2,41,2
57524,57,6,51,2
57525,46,7,39,2
57526,50,6,44,2
57527,63,5,58,2
57528,69,7,62,2
57529,50,5,45,2
57530,61,12,49,2
57531,57,12,45,2
57532,62,7,55,2
57533,60,9,51,2
57534,62,1,61,2
57535,59,8,51,2
57536,48,10,38,2
57537,56,5,51,2
57538,59,5,54,2
57539,59,4,55,2
57540,54,8,46,2
57541,58,7,51,2
57542,61,7,54,2
57543,62,14,48,2
57544,51,9,42,2
57545,56,5,51,2
57546,54,12,42,2
57547,57,6,51,2
57548,46,8,38,2
57549,59,7,52,2
57550,47,6,41,2
57551,66,9,57,2
57552,57,5,52,2
57553,55,10,45,2
57554,67,7,60,2
57555,56,9,47,2
57556,60,9,51,2
57557,48,4,44,2
57558,48,6,42,2
57559,62,8,54,2
57560,61,10,51,2
57561,49,7,42,2
57562,57,7,50,2
57563,60,8,52,2
57564,50,4,46,2
57565,45,6,39,2
57566,43,7,36,2
57567,58,8,50,2
57568,52,9,43,2
57569,59,9,50,2
57570,65,9,56,2
57571,57,6,51,2
57572,56,6,50,2
57573,54,8,46,2
57574,58,5,53,2
57575,74,9,65,2
57576,38,0,38,1
57577,67,7,60,2
57578,48,6,42,2
57579,59,5,54,2
57580,67,5,62,2
57581,54,8,46,2
57582,52,6,46,2
57583,62,11,51,2
57584,52,10,42,2
57585,47,9,38,2
57586,51,4,47,2
57587,63,10,53,2
57588,70,4,66,2
57589,60,4,56,2
57590,42,4,38,2
57591,56,9,47,2
57592,46,5,41,2
57593,51,11,40,2
57594,48,6,42,2
57595,52,7,45,2
57596,71,13,58,2
57597,63,5,58,2
57598,62,9,53,2
57599,51,8,43,2
57600,63,11,52,2
57601,64,7,57,2
57602,56,4,52,2
57603,58,6,52,2
57604,54,5,49,2
57605,49,5,44,2
57606,48,7,41,2
57607,54,6,48,2
57608,60,9,51,2
57609,64,3,61,2
57610,68,11,57,2
57611,49,5,44,2
57612,48,3,45,2
57613,47,6,41,2
57614,59,10,49,2
57615,51,9,42,2
57616,62,4,58,2
57617,74,7,67,2
57618,60,7,53,2
57619,54,13,41,2
57620,49,4,45,2
57621,39,6,33,2
57622,44,8,36,2
57623,57,5,52,2
57624,56,7,49,2
57625,51,9,42,2
57626,61,6,55,2
57627,51,4,47,2
57628,52,4,48,2
57629,53,5,48,2
57630,45,5,40,2
57631,51,3,48,2
57632,59,10,49,2
57633,53,5,48,2
57634,54,4,50,2
57635,69,9,60,2
57636,45,7,38,2
57637,47,6,41,2
57638,48,6,42,2
57639,51,7,44,2
57640,46,5,41,2
57641,51,2,49,2
57642,47,2,45,2
57643,47,7,40,2
57644,49,6,43,2
57645,43,5,38,2
57646,65,5,60,2
57647,51,4,47,2
57648,38,4,34,2
57649,60,3,57,2
57650,71,12,59,2
57651,37,4,33,2
57652,50,6,44,2
57653,68,8,60,2
57654,53,8,45,2
57655,52,9,43,2
57656,35,0,35,1
57657,57,3,54,2
57658,61,6,55,2
57659,52,5,47,2
57660,56,3,53,2
57661,41,8,33,2
57662,56,6,50,2
57663,46,5,41,2
57664,44,3,41,2
57665,45,9,36,2
57666,40,7,33,2
57667,61,11,50,2
57668,36,2,34,2
57669,58,5,53,2
57670,65,8,57,2
57671,56,8,48,2
57672,54,6,48,2
57673,58,7,51,2
57674,51,6,45,2
57675,44,3,41,2
57676,68,7,61,2
57677,54,4,50,2
57678,51,3,48,2
57679,60,6,54,2
57680,57,8,49,2
57681,54,7,47,2
57682,50,10,40,2
57683,58,11,47,2
57684,50,6,44,2
57685,50,8,42,2
57686,62,7,55,2
57687,52,9,43,2
57688,54,3,51,2
57689,56,6,50,2
57690,53,2,51,2
57691,62,3,59,2
57692,46,8,38,2
57693,62,9,53,2
57694,61,9,52,2
57695,46,3,43,2
57696,48,5,43,2
57697,57,9,48,2
57698,54,8,46,2
57699,53,5,48,2
57700,45,7,38,2
57701,47,1,46,2
57702,57,8,49,2
57703,57,5,52,2
57704,41,5,36,2
57705,54,3,51,2
57706,50,6,44,2
57707,47,2,45,2
57708,53,7,46,2
57709,35,3,32,2
57710,47,3,44,2
57711,50,7,43,2
57712,63,11,52,2
57713,50,6,44,2
57714,48,3,45,2
57715,60,10,50,2
57716,55,8,47,2
57717,43,5,38,2
57718,46,5,41,2
57719,48,3,45,2
57720,49,5,44,2
57721,52,6,46,2
57722,42,7,35,2
57723,61,14,47,2
57724,63,3,60,2
57725,45,5,40,2
57726,42,7,35,2
57727,53,9,44,2
57728,52,10,42,2
57729,63,7,56,2
57730,46,8,38,2
57731,62,9,53,2
57732,56,8,48,2
57733,59,7,52,2
57734,50,8,42,2
57735,55,4,51,2
57736,60,4,56,2
57737,45,5,40,2
57738,66,6,60,2
57739,51,3,48,2
57740,46,6,40,2
57741,62,9,53,2
57742,62,5,57,2
57743,45,5,40,2
57744,56,8,48,2
57745,49,4,45,2
57746,49,6,43,2
57747,52,6,46,2
57748,64,5,59,2
57749,43,4,39,2
57750,63,12,51,2
57751,71,8,63,2
57752,57,13,44,2
57753,72,9,63,2
57754,54,8,46,2
57755,65,6,59,2
57756,53,10,43,2
57757,52,2,50,2
57758,56,6,50,2
57759,41,4,37,2
57760,52,6,46,2
57761,56,7,49,2
57762,53,7,46,2
57763,54,7,47,2
57764,55,4,51,2
57765,58,5,53,2
57766,39,1,38,2
57767,57,11,46,2
57768,56,9,47,2
57769,51,3,48,2
57770,74,13,61,2
57771,51,4,47,2
57772,51,3,48,2
57773,64,7,57,2
57774,59,7,52,2
57775,51,4,47,2
57776,53,7,46,2
57777,51,1,50,2
57778,51,11,40,2
57779,59,9,50,2
57780,54,6,48,2
57781,56,6,50,2
57782,63,9,54,2
57783,44,6,38,2
57784,46,6,40,2
57785,47,7,40,2
57786,46,7,39,2
57787,57,9,48,2
57788,51,6,45,2
57789,51,4,47,2
57790,53,9,44,2
57791,44,8,36,2
57792,64,7,57,2
57793,50,10,40,2
57794,64,10,54,2
57795,52,4,48,2
57796,47,3,44,2
57797,46,8,38,2
57798,61,4,57,2
57799,75,12,63,2
57800,57,9,48,2
57801,59,10,49,2
57802,56,8,48,2
57803,69,5,64,2
57804,61,8,53,2
57805,58,9,49,2
57806,45,2,43,2
57807,42,7,35,2
57808,61,2,59,2
57809,53,5,48,2
57810,58,5,53,2
57811,57,6,51,2
57812,55,7,48,2
57813,52,8,44,2
57814,44,3,41,2
57815,57,7,50,2
57816,57,6,51,2
57817,56,8,48,2
57818,47,7,40,2
57819,55,5,50,2
57820,46,6,40,2
57821,50,8,42,2
57822,56,7,49,2
57823,32,7,25,2
57824,53,7,46,2
57825,51,4,47,2
57826,42,6,36,2
57827,47,0,47,1
57829,65,3,62,2
57830,70,7,63,2
57831,56,9,47,2
57832,51,4,47,2
57833,48,7,41,2
57834,71,5,66,2
57835,60,7,53,2
57836,55,10,45,2
57837,49,5,44,2
57838,61,6,55,2
57839,52,9,43,2
57840,50,9,41,2
57841,54,6,48,2
57842,51,10,41,2
57843,61,3,58,2
57844,43,5,38,2
57845,45,4,41,2
57846,47,6,41,2
57847,45,8,37,2
57848,56,5,51,2
57849,55,8,47,2
57850,49,4,45,2
57851,59,10,49,2
57852,66,8,58,2
57853,40,4,36,2
57854,54,3,51,2
57855,42,7,35,2
57856,60,4,56,2
57857,65,11,54,2
57858,56,6,50,2
57859,43,3,40,2
57860,53,8,45,2
57861,61,12,49,2
57862,56,9,47,2
57863,58,6,52,2
57864,54,11,43,2
57865,59,4,55,2
57866,46,4,42,2
57867,55,6,49,2
57868,54,6,48,2
57869,58,5,53,2
57870,49,4,45,2
57871,53,7,46,2
57872,47,3,44,2
57873,58,12,46,2
57874,48,8,40,2
57875,54,9,45,2
57876,47,1,46,2
57877,56,3,53,2
57878,56,9,47,2
57879,57,7,50,2
57880,52,4,48,2
57881,60,5,55,2
57882,52,8,44,2
57883,53,9,44,2
57884,60,3,57,2
57885,60,8,52,2
57886,61,5,56,2
57887,61,9,52,2
57888,62,10,52,2
57889,56,3,53,2
57890,54,7,47,2
57891,52,7,45,2
57892,71,9,62,2
57893,63,9,54,2
57894,48,5,43,2
57895,47,4,43,2
57896,51,7,44,2
57897,53,7,46,2
57898,50,5,45,2
57899,41,2,39,2
57900,56,6,50,2
57901,48,5,43,2
57902,45,4,41,2
57903,49,8,41,2
57904,47,4,43,2
57905,66,10,56,2
57906,51,5,46,2
57907,55,10,45,2
57908,60,6,54,2
57909,49,5,44,2
57910,54,7,47,2
57911,53,11,42,2
57912,57,7,50,2
57913,63,4,59,2
57914,56,3,53,2
57915,68,13,55,2
57916,64,8,56,2
57917,50,8,42,2
57918,51,9,42,2
57919,59,9,50,2
57920,52,8,44,2
57921,47,4,43,2
57922,51,1,50,2
57923,43,2,41,2
57924,44,5,39,2
57925,54,5,49,2
57926,65,9,56,2
57927,56,7,49,2
57928,40,7,33,2
57929,56,14,42,2
57930,50,7,43,2
57931,57,6,51,2
57932,43,4,39,2
57933,49,5,44,2
57934,54,9,45,2
57935,54,5,49,2
57936,51,8,43,2
57937,66,16,50,2
57938,54,7,47,2
57939,63,12,51,2
57940,45,6,39,2
57941,58,8,50,2
57942,42,7,35,2
57943,50,5,45,2
57944,50,6,44,2
57945,60,10,50,2
57946,62,6,56,2
57947,65,6,59,2
57948,59,9,50,2
57949,55,7,48,2
57950,68,8,60,2
57951,50,2,48,2
57952,51,8,43,2
57953,52,8,44,2
57954,58,3,55,2
57955,57,9,48,2
57956,53,7,46,2
57957,55,6,49,2
57958,44,7,37,2
57959,56,8,48,2
57960,61,4,57,2
57961,44,7,37,2
57962,55,12,43,2
57963,63,13,50,2
57964,56,4,52,2
57965,63,7,56,2
57966,50,3,47,2
57967,60,9,51,2
57968,52,8,44,2
57969,50,8,42,2
57970,35,3,32,2
57971,56,9,47,2
57972,50,6,44,2
57973,60,10,50,2
57974,57,13,44,2
57975,66,8,58,2
57976,53,11,42,2
57977,56,4,52,2
57978,40,6,34,2
57979,75,6,69,2
57980,46,5,41,2
57981,50,3,47,2
57982,50,8,42,2
57983,58,9,49,2
57984,57,4,53,2
57985,51,6,45,2
57986,65,8,57,2
57987,53,6,47,2
57988,52,4,48,2
57989,70,10,60,2
57990,60,6,54,2
57991,42,5,37,2
57992,57,6,51,2
57993,49,9,40,2
57994,60,9,51,2
57995,47,3,44,2
57996,48,6,42,2
57997,54,9,45,2
57998,62,9,53,2
57999,41,6,35,2
58000,56,6,50,2
58001,41,5,36,2
58002,57,11,46,2
58003,54,8,46,2
58004,70,11,59,2
58005,59,8,51,2
58006,63,5,58,2
58007,63,6,57,2
58008,50,10,40,2
58009,58,4,54,2
58010,61,10,51,2
58011,52,4,48,2
58012,61,5,56,2
58013,54,14,40,2
58014,68,9,59,2
58015,44,2,42,2
58016,44,7,37,2
58017,59,3,56,2
58018,48,7,41,2
58019,41,2,39,2
58020,33,4,29,2
58021,50,4,46,2
58022,49,3,46,2
58023,66,7,59,2
58024,51,2,49,2
58025,59,5,54,2
58026,45,5,40,2
58027,49,8,41,2
58028,55,5,50,2
58029,47,6,41,2
58030,51,7,44,2
58031,56,5,51,2
58032,42,8,34,2
58033,53,7,46,2
58034,59,1,58,2
58035,39,4,35,2
58036,49,5,44,2
58037,48,7,41,2
58038,56,5,51,2
58039,57,6,51,2
58040,47,4,43,2
58041,62,10,52,2
58042,60,8,52,2
58043,46,5,41,2
58044,56,5,51,2
58045,57,8,49,2
58046,46,4,42,2
58047,59,7,52,2
58048,52,9,43,2
58049,56,2,54,2
58050,63,6,57,2
58051,59,7,52,2
58052,65,13,52,2
58053,54,6,48,2
58054,64,4,60,2
58055,55,4,51,2
58056,67,5,62,2
58057,67,9,58,2
58058,59,9,50,2
58059,50,11,39,2
58060,52,1,51,2
58061,56,7,49,2
58062,48,4,44,2
58063,56,5,51,2
58064,53,9,44,2
58065,39,9,30,2
58066,64,8,56,2
58067,62,15,47,2
58068,52,4,48,2
58069,53,10,43,2
58070,48,5,43,2
58071,52,7,45,2
58072,52,7,45,2
58073,54,4,50,2
58074,57,9,48,2
58075,55,7,48,2
58076,66,10,56,2
58077,50,4,46,2
58078,58,11,47,2
58079,54,11,43,2
58080,46,6,40,2
58081,43,6,37,2
58082,41,5,36,2
58083,57,6,51,2
58084,50,3,47,2
58085,54,7,47,2
58086,55,8,47,2
58087,58,6,52,2
58088,48,7,41,2
58089,49,4,45,2
58090,54,3,51,2
58091,39,6,33,2
58092,55,5,50,2
58093,49,8,41,2
58094,54,7,47,2
58095,76,9,67,2
58096,65,9,56,2
58097,49,8,41,2
58098,60,5,55,2
58099,41,3,38,2
58100,64,7,57,2
58101,55,5,50,2
58102,60,5,55,2
58103,45,5,40,2
58104,49,5,44,2
58105,48,5,43,2
58106,75,4,71,2
58107,56,2,54,2
58108,41,5,36,2
58109,39,4,35,2
58110,52,5,47,2
58111,48,4,44,2
58112,62,6,56,2
58113,67,4,63,2
58114,51,7,44,2
58115,54,4,50,2
58116,45,7,38,2
58117,64,4,60,2
58118,51,8,43,2
58119,60,12,48,2
58120,57,9,48,2
58121,53,7,46,2
58122,63,8,55,2
58123,49,8,41,2
58124,52,9,43,2
58125,62,10,52,2
58126,47,2,45,2
58127,65,11,54,2
58128,59,14,45,2
58129,47,7,40,2
58130,54,8,46,2
58131,48,6,42,2
58132,70,13,57,2
58133,49,4,45,2
58134,64,8,56,2
58135,47,3,44,2
58136,51,6,45,2
58137,65,4,61,2
58138,62,4,58,2
58139,53,5,48,2
58140,62,5,57,2
58141,50,12,38,2
58142,68,9,59,2
58143,45,10,35,2
58144,66,7,59,2
58145,64,9,55,2
58146,50,11,39,2
58147,71,8,63,2
58148,67,5,62,2
58149,47,2,45,2
58150,54,5,49,2
58151,45,5,40,2
58152,49,6,43,2
58153,55,4,51,2
58154,59,10,49,2
58155,53,7,46,2
58156,51,6,45,2
58157,57,4,53,2
58158,63,7,56,2
58159,51,2,49,2
58160,59,6,53,2
58161,59,5,54,2
58162,49,5,44,2
58163,51,9,42,2
58164,63,8,55,2
58165,54,11,43,2
58166,52,6,46,2
58167,53,1,52,2
58168,66,6,60,2
58169,47,7,40,2
58170,51,7,44,2
58171,62,8,54,2
58172,62,8,54,2
58173,50,5,45,2
58174,53,5,48,2
58175,62,7,55,2
58176,61,10,51,2
58177,61,6,55,2
58178,46,8,38,2
58179,63,5,58,2
58180,55,5,50,2
58181,53,3,50,2
58182,51,4,47,2
58183,52,8,44,2
58184,48,5,43,2
58185,55,4,51,2
58186,65,7,58,2
58187,54,7,47,2
58188,61,3,58,2
58189,50,4,46,2
58190,59,6,53,2
58191,49,7,42,2
58192,55,7,48,2
58193,46,7,39,2
58194,68,6,62,2
58195,50,5,45,2
58196,67,3,64,2
58197,38,7,31,2
58198,66,7,59,2
58199,35,2,33,2
58200,59,5,54,2
58201,51,7,44,2
58202,48,6,42,2
58203,54,6,48,2
58204,55,8,47,2
58205,45,9,36,2
58206,57,7,50,2
58207,46,4,42,2
58208,52,9,43,2
58209,49,8,41,2
58210,45,3,42,2
58211,57,7,50,2
58212,56,6,50,2
58213,66,9,57,2
58214,46,4,42,2
58215,56,9,47,2
58216,60,5,55,2
58217,53,10,43,2
58218,52,8,44,2
58219,55,7,48,2
58220,31,3,28,2
58221,52,4,48,2
58222,53,4,49,2
58223,48,8,40,2
58224,54,5,49,2
58225,45,4,41,2
58226,41,4,37,2
58227,49,5,44,2
58228,63,6,57,2
58229,61,7,54,2
58230,53,5,48,2
58231,53,12,41,2
58232,53,5,48,2
58233,57,3,54,2
58234,52,7,45,2
58235,66,6,60,2
58236,65,4,61,2
58237,60,5,55,2
58238,56,8,48,2
58239,49,8,41,2
58240,39,5,34,2
58241,57,2,55,2
58242,45,4,41,2
58243,57,4,53,2
58244,48,5,43,2
58245,53,5,48,2
58246,63,7,56,2
58247,47,4,43,2
58248,61,5,56,2
58249,55,8,47,2
58250,47,7,40,2
58251,56,7,49,2
58252,54,2,52,2
58253,58,8,50,2
58254,8,8,0,1
58255,54,7,47,2
58256,51,4,47,2
58257,58,4,54,2
58258,47,6,41,2
58259,67,6,61,2
58260,58,7,51,2
58261,46,7,39,2
58262,67,10,57,2
58263,58,8,50,2
58264,61,7,54,2
58265,57,8,49,2
58266,55,4,51,2
58267,56,6,50,2
58268,66,10,56,2
58269,52,9,43,2
58270,52,7,45,2
58271,67,10,57,2
58272,45,3,42,2
58273,60,7,53,2
58274,53,6,47,2
58275,53,7,46,2
58276,50,6,44,2
58277,50,9,41,2
58278,63,9,54,2
58279,54,4,50,2
58280,48,7,41,2
58281,60,8,52,2
58282,50,8,42,2
58283,60,12,48,2
58284,58,7,51,2
58285,63,8,55,2
58286,58,2,56,2
58287,68,4,64,2
58288,48,6,42,2
58289,53,2,51,2
58290,58,7,51,2
58291,47,7,40,2
58292,53,13,40,2
58293,54,9,45,2
58294,58,9,49,2
58295,45,5,40,2
58296,51,3,48,2
58297,47,5,42,2
58298,57,2,55,2
58299,52,11,41,2
58300,56,3,53,2
58301,70,6,64,2
58302,59,8,51,2
58303,53,9,44,2
58304,59,8,51,2
58305,61,5,56,2
58306,60,8,52,2
58307,53,5,48,2
58308,59,7,52,2
58309,55,11,44,2
58310,47,5,42,2
58311,49,6,43,2
58312,48,7,41,2
58313,54,6,48,2
58314,62,6,56,2
58315,53,5,48,2
58316,57,4,53,2
58317,46,2,44,2
58318,61,7,54,2
58319,67,7,60,2
58320,39,3,36,2
58321,46,6,40,2
58322,54,3,51,2
58323,50,9,41,2
58324,66,12,54,2
58325,58,4,54,2
58326,69,10,59,2
58327,47,5,42,2
58328,55,5,50,2
58329,35,9,26,2
58330,54,3,51,2
58331,62,9,53,2
58332,49,6,43,2
58333,59,10,49,2
58334,62,11,51,2
58335,53,10,43,2
58336,57,11,46,2
58337,55,7,48,2
58338,57,5,52,2
58339,51,2,49,2
58340,63,10,53,2
58341,48,3,45,2
58342,40,3,37,2
58343,53,5,48,2
58344,61,5,56,2
58345,58,5,53,2
58346,58,5,53,2
58347,53,6,47,2
58348,42,6,36,2
58349,56,5,51,2
58350,38,5,33,2
58351,48,7,41,2
58352,52,7,45,2
58353,51,5,46,2
58354,54,6,48,2
58355,48,5,43,2
58356,52,6,46,2
58357,44,0,44,1
58358,42,6,36,2
58359,50,4,46,2
58360,48,2,46,2
58361,49,6,43,2
58362,47,3,44,2
58363,39,4,35,2
58364,67,6,61,2
58365,54,5,49,2
58366,55,13,42,2
58367,36,7,29,2
58368,59,10,49,2
58369,60,11,49,2
58370,62,7,55,2
58371,44,8,36,2
58372,53,4,49,2
58373,50,9,41,2
58374,50,3,47,2
58375,57,7,50,2
58376,51,9,42,2
58377,64,7,57,2
58378,49,4,45,2
58379,57,6,51,2
58380,51,12,39,2
58381,52,10,42,2
58382,47,8,39,2
58383,54,7,47,2
58384,43,5,38,2
58385,54,9,45,2
58386,42,7,35,2
58387,39,1,38,2
58388,48,8,40,2
58389,51,6,45,2
58390,53,6,47,2
58391,57,7,50,2
58392,54,6,48,2
58393,57,9,48,2
58394,53,2,51,2
58395,69,9,60,2
58396,45,6,39,2
58397,54,10,44,2
58398,62,11,51,2
58399,65,10,55,2
58400,70,6,64,2
58401,55,5,50,2
58402,58,7,51,2
58403,57,4,53,2
58404,67,6,61,2
58405,59,8,51,2
58406,44,2,42,2
58407,45,3,42,2
58408,55,7,48,2
58409,51,8,43,2
58410,54,6,48,2
58411,59,5,54,2
58412,48,6,42,2
58413,62,9,53,2
58414,55,5,50,2
58415,54,4,50,2
58416,55,3,52,2
58417,53,6,47,2
58418,51,8,43,2
58419,55,5,50,2
58420,44,7,37,2
58421,41,7,34,2
58422,59,3,56,2
58423,53,4,49,2
58424,63,5,58,2
58425,43,2,41,2
58426,55,10,45,2
58427,53,4,49,2
58428,49,4,45,2
58429,54,7,47,2
58430,64,6,58,2
58431,51,4,47,2
58432,72,9,63,2
58433,61,9,52,2
58434,52,3,49,2
58435,48,5,43,2
58436,53,9,44,2
58437,58,9,49,2
58438,55,5,50,2
58439,59,9,50,2
58440,44,7,37,2
58441,48,5,43,2
58442,61,9,52,2
58443,58,8,50,2
58444,49,6,43,2
58445,36,7,29,2
58446,60,6,54,2
58447,51,6,45,2
58448,58,7,51,2
58449,51,9,42,2
58450,50,9,41,2
58451,39,3,36,2
58452,54,7,47,2
58453,71,10,61,2
58454,57,5,52,2
58455,49,5,44,2
58456,58,3,55,2
58457,55,2,53,2
58458,58,7,51,2
58459,48,2,46,2
58460,51,3,48,2
58461,72,8,64,2
58462,56,8,48,2
58463,66,6,60,2
58464,66,7,59,2
58465,60,8,52,2
58466,61,10,51,2
58467,59,10,49,2
58468,60,8,52,2
58469,43,2,41,2
58470,46,7,39,2
58471,52,6,46,2
58472,63,6,57,2
58473,48,3,45,2
58474,60,7,53,2
58475,62,6,56,2
58476,59,2,57,2
58477,55,9,46,2
58478,54,4,50,2
58479,49,4,45,2
58480,69,11,58,2
58481,64,6,58,2
58482,47,4,43,2
58483,54,7,47,2
58484,44,6,38,2
58485,45,2,43,2
58486,56,8,48,2
58487,57,4,53,2
58488,61,9,52,2
58489,60,7,53,2
58490,50,9,41,2
58491,50,5,45,2
58492,67,8,59,2
58493,65,10,55,2
58494,47,7,40,2
58495,55,8,47,2
58496,54,5,49,2
58497,44,5,39,2
58498,45,3,42,2
58499,62,8,54,2
58500,52,3,49,2
58501,55,6,49,2
58502,60,3,57,2
58503,59,8,51,2
58504,61,4,57,2
58505,52,8,44,2
58506,51,9,42,2
58507,65,8,57,2
58508,65,6,59,2
58509,50,7,43,2
58510,53,6,47,2
58511,61,8,53,2
58512,61,6,55,2
58513,69,7,62,2
58514,64,9,55,2
58515,58,9,49,2
58516,48,9,39,2
58517,56,8,48,2
58518,57,2,55,2
58519,60,8,52,2
58520,53,10,43,2
58521,51,6,45,2
58522,43,5,38,2
58523,55,5,50,2
58524,48,2,46,2
58525,53,9,44,2
58526,72,7,65,2
58527,45,6,39,2
58528,54,9,45,2
58529,58,8,50,2
58530,55,6,49,2
58531,73,6,67,2
58532,45,3,42,2
58533,59,9,50,2
58534,48,3,45,2
58535,47,5,42,2
58536,61,5,56,2
58537,55,7,48,2
58538,43,6,37,2
58539,62,1,61,2
58540,54,4,50,2
58541,44,2,42,2
58542,61,7,54,2
58543,53,10,43,2
58544,55,3,52,2
58545,47,7,40,2
58546,48,4,44,2
58547,52,5,47,2
58548,47,6,41,2
58549,52,10,42,2
58550,43,3,40,2
58551,45,5,40,2
58552,67,7,60,2
58553,60,6,54,2
58554,57,10,47,2
58555,66,7,59,2
58556,54,9,45,2
58557,63,7,56,2
58558,50,4,46,2
58559,71,10,61,2
58560,52,4,48,2
58561,54,6,48,2
58562,43,4,39,2
58563,52,4,48,2
58564,60,11,49,2
58565,55,5,50,2
58566,54,7,47,2
58567,53,4,49,2
58568,58,8,50,2
58569,55,8,47,2
58570,57,8,49,2
58571,60,10,50,2
58572,57,5,52,2
58573,53,10,43,2
58574,53,8,45,2
58575,56,6,50,2
58576,62,4,58,2
58577,53,5,48,2
58578,62,5,57,2
58579,66,3,63,2
58580,65,7,58,2
58581,54,6,48,2
58582,51,2,49,2
58583,53,8,45,2
58584,40,5,35,2
58585,52,9,43,2
58586,46,3,43,2
58587,53,7,46,2
58588,51,7,44,2
58589,57,7,50,2
58590,63,4,59,2
58591,47,3,44,2
58592,59,3,56,2
58593,56,7,49,2
58594,48,5,43,2
58595,58,4,54,2
58596,42,9,33,2
58597,54,7,47,2
58598,54,8,46,2
58599,48,1,47,2
58600,54,6,48,2
58601,49,6,43,2
58602,59,5,54,2
58603,67,8,59,2
58604,64,7,57,2
58605,45,7,38,2
58606,56,2,54,2
58607,53,7,46,2
58608,63,8,55,2
58609,56,11,45,2
58610,65,8,57,2
58611,44,7,37,2
58612,59,6,53,2
58613,52,7,45,2
58614,58,11,47,2
58615,54,6,48,2
58616,64,6,58,2
58617,60,10,50,2
58618,54,5,49,2
58619,47,3,44,2
58620,51,4,47,2
58621,59,10,49,2
58622,45,7,38,2
58623,52,5,47,2
58624,65,11,54,2
58625,65,7,58,2
58626,73,8,65,2
58627,63,10,53,2
58628,56,6,50,2
58629,57,6,51,2
58630,62,6,56,2
58631,48,7,41,2
58632,59,12,47,2
58633,59,13,46,2
58634,47,4,43,2
58635,64,9,55,2
58636,58,9,49,2
58637,49,6,43,2
58638,56,4,52,2
58639,59,6,53,2
58640,63,4,59,2
58641,43,3,40,2
58642,60,6,54,2
58643,44,2,42,2
58644,51,5,46,2
58645,49,6,43,2
58646,47,7,40,2
58647,55,7,48,2
58648,61,3,58,2
58649,51,9,42,2
58650,58,7,51,2
58651,63,3,60,2
58652,58,7,51,2
58653,60,7,53,2
58654,49,4,45,2
58655,75,5,70,2
58656,61,6,55,2
58657,39,3,36,2
58658,66,10,56,2
58659,66,5,61,2
58660,53,6,47,2
58661,67,8,59,2
58662,55,6,49,2
58663,44,1,43,2
58664,60,8,52,2
58665,58,10,48,2
58666,68,13,55,2
58667,49,8,41,2
58668,48,5,43,2
58669,57,15,42,2
58670,48,5,43,2
58671,62,10,52,2
58672,46,6,40,2
58673,67,10,57,2
58674,71,12,59,2
58675,53,7,46,2
58676,46,3,43,2
58677,54,4,50,2
58678,70,6,64,2
58679,56,7,49,2
58680,61,5,56,2
58681,65,6,59,2
58682,57,11,46,2
58683,66,7,59,2
58684,47,7,40,2
58685,56,9,47,2
58686,51,4,47,2
58687,51,8,43,2
58688,46,4,42,2
58689,51,4,47,2
58690,51,6,45,2
58691,49,5,44,2
58692,42,4,38,2
58693,61,12,49,2
58694,62,8,54,2
58695,35,3,32,2
58696,58,6,52,2
58697,64,5,59,2
58698,56,6,50,2
58699,64,10,54,2
58700,31,3,28,2
58701,61,7,54,2
58702,48,5,43,2
58703,41,5,36,2
58704,48,6,42,2
58705,45,5,40,2
58706,39,3,36,2
58707,52,6,46,2
58708,55,8,47,2
58709,58,5,53,2
58710,65,9,56,2
58711,62,2,60,2
58712,65,6,59,2
58713,65,7,58,2
58714,78,5,73,2
58715,65,8,57,2
58716,63,9,54,2
58717,54,8,46,2
58718,51,7,44,2
58719,50,10,40,2
58720,56,5,51,2
58721,50,7,43,2
58722,58,5,53,2
58723,55,6,49,2
58724,61,6,55,2
58725,52,8,44,2
58726,45,8,37,2
58727,63,2,61,2
58728,52,5,47,2
58729,45,4,41,2
58730,72,11,61,2
58731,73,11,62,2
58732,48,7,41,2
58733,57,5,52,2
58734,62,10,52,2
58735,52,10,42,2
58736,54,4,50,2
58737,59,4,55,2
58738,56,4,52,2
58739,53,7,46,2
58740,54,11,43,2
58741,62,10,52,2
58742,47,5,42,2
58743,65,4,61,2
58744,46,2,44,2
58745,47,6,41,2
58746,50,5,45,2
58747,42,3,39,2
58748,44,4,40,2
58749,50,9,41,2
58750,41,5,36,2
58751,54,1,53,2
58752,52,3,49,2
58753,48,1,47,2
58754,54,8,46,2
58755,64,10,54,2
58756,56,9,47,2
58757,54,7,47,2
58758,43,5,38,2
58759,51,3,48,2
58760,62,4,58,2
58761,45,8,37,2
58762,59,6,53,2
58763,50,6,44,2
58764,48,3,45,2
58765,61,10,51,2
58766,55,7,48,2
58767,47,4,43,2
58768,58,5,53,2
58769,48,6,42,2
58770,57,9,48,2
58771,44,5,39,2
58772,57,4,53,2
58773,51,7,44,2
58774,41,4,37,2
58775,65,9,56,2
58776,50,8,42,2
58778,63,9,54,2
58779,59,4,55,2
58780,53,8,45,2
58781,47,6,41,2
58782,66,11,55,2
58783,58,5,53,2
58784,52,8,44,2
58785,60,8,52,2
58786,51,7,44,2
58787,48,6,42,2
58788,58,5,53,2
58789,59,3,56,2
58790,54,2,52,2
58791,48,8,40,2
58792,52,5,47,2
58793,61,7,54,2
58794,39,4,35,2
58795,57,5,52,2
58796,47,9,38,2
58797,54,4,50,2
58798,66,3,63,2
58799,55,8,47,2
58800,56,8,48,2
58801,49,7,42,2
58802,41,4,37,2
58803,51,2,49,2
58804,44,4,40,2
58805,49,6,43,2
58806,61,6,55,2
58807,55,6,49,2
58808,50,5,45,2
58809,66,7,59,2
58810,59,6,53,2
58811,56,6,50,2
58812,62,7,55,2
58813,56,7,49,2
58814,59,5,54,2
58815,62,8,54,2
58816,64,11,53,2
58817,50,8,42,2
58818,53,4,49,2
58819,61,10,51,2
58820,65,9,56,2
58821,47,5,42,2
58822,54,6,48,2
58823,52,6,46,2
58824,63,7,56,2
58825,46,7,39,2
58826,53,6,47,2
58827,45,8,37,2
58828,65,7,58,2
58829,55,6,49,2
58830,44,3,41,2
58831,50,6,44,2
58832,45,5,40,2
58833,57,5,52,2
58834,56,4,52,2
58835,55,4,51,2
58836,63,7,56,2
58837,58,6,52,2
58838,50,4,46,2
58839,58,4,54,2
58840,46,9,37,2
58841,44,4,40,2
58842,45,8,37,2
58843,46,2,44,2
58844,59,7,52,2
58845,64,13,51,2
58846,60,7,53,2
58847,53,8,45,2
58848,47,5,42,2
58849,61,6,55,2
58850,53,9,44,2
58851,51,5,46,2
58852,57,9,48,2
58853,58,11,47,2
58854,57,9,48,2
58855,49,4,45,2
58856,51,9,42,2
58857,51,8,43,2
58858,63,7,56,2
58859,60,9,51,2
58860,47,6,41,2
58861,53,6,47,2
58862,50,3,47,2
58863,54,6,48,2
58864,62,3,59,2
58865,49,5,44,2
58866,62,8,54,2
58867,49,6,43,2
58868,48,6,42,2
58869,64,8,56,2
58870,54,5,49,2
58871,50,10,40,2
58872,40,6,34,2
58873,66,7,59,2
58874,59,6,53,2
58875,58,6,52,2
58876,56,7,49,2
58877,54,8,46,2
58878,58,4,54,2
58879,59,5,54,2
58880,48,4,44,2
58881,48,7,41,2
58882,63,11,52,2
58883,56,8,48,2
58884,51,7,44,2
58885,59,3,56,2
58886,69,6,63,2
58887,67,7,60,2
58888,33,3,30,2
58889,56,12,44,2
58890,62,7,55,2
58891,51,9,42,2
58892,56,7,49,2
58893,59,6,53,2
58894,46,7,39,2
58895,63,7,56,2
58896,53,6,47,2
58897,63,9,54,2
58898,56,8,48,2
58899,44,6,38,2
58900,54,6,48,2
58901,47,2,45,2
58902,51,7,44,2
58903,66,7,59,2
58904,53,7,46,2
58905,50,7,43,2
58906,72,8,64,2
58907,51,8,43,2
58908,55,4,51,2
58909,63,6,57,2
58910,48,7,41,2
58911,64,7,57,2
58912,55,8,47,2
58913,59,4,55,2
58914,55,8,47,2
58915,44,11,33,2
58916,52,9,43,2
58917,60,12,48,2
58918,66,9,57,2
58919,56,6,50,2
58920,51,6,45,2
58921,63,7,56,2
58922,51,11,40,2
58923,54,3,51,2
58924,52,3,49,2
58925,47,6,41,2
58926,61,6,55,2
58927,60,5,55,2
58928,53,4,49,2
58929,53,7,46,2
58930,52,7,45,2
58931,49,3,46,2
58932,45,4,41,2
58933,55,9,46,2
58934,59,6,53,2
58935,46,5,41,2
58936,53,5,48,2
58937,42,5,37,2
58938,55,9,46,2
58939,50,4,46,2
58940,47,8,39,2
58941,49,11,38,2
58942,48,10,38,2
58943,56,5,51,2
58944,50,9,41,2
58945,52,4,48,2
58946,52,8,44,2
58947,53,8,45,2
58948,59,10,49,2
58949,54,3,51,2
58950,61,10,51,2
58951,65,6,59,2
58952,44,3,41,2
58953,57,6,51,2
58954,61,8,53,2
58955,65,5,60,2
58956,70,10,60,2
58957,53,9,44,2
58958,62,8,54,2
58959,59,11,48,2
58960,56,7,49,2
58961,60,10,50,2
58962,62,9,53,2
58963,46,2,44,2
58964,50,7,43,2
58965,65,3,62,2
58966,68,11,57,2
58967,58,9,49,2
58968,46,4,42,2
58969,72,9,63,2
58970,62,14,48,2
58971,58,5,53,2
58972,67,10,57,2
58973,55,4,51,2
58974,55,5,50,2
58975,46,5,41,2
58976,54,5,49,2
58977,49,5,44,2
58978,49,4,45,2
58979,58,6,52,2
58980,64,11,53,2
58981,58,7,51,2
58982,62,4,58,2
58983,59,5,54,2
58984,58,11,47,2
58985,56,7,49,2
58986,55,11,44,2
58987,49,9,40,2
58988,59,8,51,2
58989,53,6,47,2
58990,42,5,37,2
58991,58,9,49,2
58992,66,12,54,2
58993,51,8,43,2
58994,54,10,44,2
58995,53,3,50,2
58996,43,5,38,2
58997,39,6,33,2
58998,55,7,48,2
58999,71,7,64,2
59000,50,7,43,2
59001,56,5,51,2
59002,64,4,60,2
59003,53,6,47,2
59004,60,6,54,2
59005,34,4,30,2
59006,57,6,51,2
59007,50,10,40,2
59008,61,7,54,2
59009,78,10,68,2
59010,50,8,42,2
59011,51,7,44,2
59012,55,4,51,2
59013,54,8,46,2
59014,63,7,56,2
59015,60,5,55,2
59016,53,7,46,2
59017,53,3,50,2
59018,58,9,49,2
59019,53,5,48,2
59020,56,6,50,2
59021,44,7,37,2
59022,61,10,51,2
59023,44,4,40,2
59024,50,12,38,2
59025,57,12,45,2
59026,52,1,51,2
59027,62,4,58,2
59028,53,4,49,2
59029,52,5,47,2
59030,58,9,49,2
59031,55,5,50,2
59032,74,16,58,2
59033,51,4,47,2
59034,36,8,28,2
59035,59,5,54,2
59036,58,5,53,2
59037,46,6,40,2
59038,54,3,51,2
59039,53,7,46,2
59040,51,9,42,2
59041,50,14,36,2
59042,62,11,51,2
59043,52,8,44,2
59044,55,3,52,2
59045,56,5,51,2
59046,60,5,55,2
59047,53,8,45,2
59048,64,7,57,2
59049,50,5,45,2
59050,47,6,41,2
59051,54,8,46,2
59052,46,7,39,2
59053,49,6,43,2
59054,67,6,61,2
59055,46,5,41,2
59056,38,2,36,2
59057,50,4,46,2
59058,53,6,47,2
59059,59,10,49,2
59060,55,3,52,2
59061,40,6,34,2
59062,59,14,45,2
59063,51,5,46,2
59064,54,4,50,2
59065,71,11,60,2
59066,50,7,43,2
59067,66,8,58,2
59068,52,2,50,2
59069,49,4,45,2
59070,60,6,54,2
59071,54,10,44,2
59072,65,7,58,2
59073,49,7,42,2
59074,56,2,54,2
59075,50,3,47,2
59076,58,5,53,2
59077,50,9,41,2
59078,58,10,48,2
59079,56,5,51,2
59080,60,9,51,2
59081,60,8,52,2
59082,58,4,54,2
59083,64,4,60,2
59084,43,5,38,2
59085,51,5,46,2
59086,43,1,42,2
59087,39,6,33,2
59088,70,7,63,2
59089,51,6,45,2
59090,54,9,45,2
59091,41,6,35,2
59092,50,5,45,2
59093,65,11,54,2
59094,51,7,44,2
59095,61,8,53,2
59096,49,4,45,2
59097,48,8,40,2
59098,59,11,48,2
59099,56,4,52,2
59100,49,7,42,2
59101,64,6,58,2
59102,49,7,42,2
59103,52,7,45,2
59104,53,7,46,2
59105,66,9,57,2
59106,48,4,44,2
59107,58,7,51,2
59108,53,5,48,2
59109,51,4,47,2
59110,65,8,57,2
59111,70,7,63,2
59112,58,5,53,2
59113,45,9,36,2
59114,40,8,32,2
59115,54,8,46,2
59116,60,9,51,2
59117,50,8,42,2
59118,57,6,51,2
59119,63,8,55,2
59120,54,10,44,2
59121,55,4,51,2
59122,42,5,37,2
59123,55,6,49,2
59124,48,10,38,2
59125,57,2,55,2
59126,57,4,53,2
59127,50,6,44,2
59128,57,8,49,2
59129,73,10,63,2
59130,44,6,38,2
59131,47,4,43,2
59132,64,11,53,2
59133,45,4,41,2
59134,46,4,42,2
59135,66,5,61,2
59136,53,10,43,2
59137,55,10,45,2
59138,45,9,36,2
59139,55,8,47,2
59140,56,3,53,2
59141,58,2,56,2
59142,48,1,47,2
59143,65,4,61,2
59144,43,6,37,2
59145,43,3,40,2
59146,56,9,47,2
59147,51,2,49,2
59148,37,6,31,2
59149,60,6,54,2
59150,51,5,46,2
59151,64,6,58,2
59152,59,5,54,2
59153,61,8,53,2
59154,56,7,49,2
59155,38,9,29,2
59156,55,6,49,2
59157,56,7,49,2
59158,49,4,45,2
59159,52,5,47,2
59160,45,5,40,2
59161,44,7,37,2
59162,48,8,40,2
59163,61,9,52,2
59164,71,12,59,2
59165,66,8,58,2
59166,63,9,54,2
59167,53,2,51,2
59168,65,9,56,2
59169,42,7,35,2
59170,50,6,44,2
59171,51,9,42,2
59172,52,5,47,2
59173,61,3,58,2
59174,53,8,45,2
59175,49,6,43,2
59176,55,4,51,2
59177,57,6,51,2
59178,54,8,46,2
59179,62,6,56,2
59180,51,7,44,2
59181,58,6,52,2
59182,58,9,49,2
59183,54,9,45,2
59184,61,5,56,2
59185,38,4,34,2
59186,49,8,41,2
59187,55,4,51,2
59188,65,6,59,2
59189,62,8,54,2
59190,37,3,34,2
59191,48,2,46,2
59192,57,7,50,2
59193,42,3,39,2
59194,74,6,68,2
59195,65,11,54,2
59196,55,8,47,2
59197,51,7,44,2
59198,59,6,53,2
59199,55,6,49,2
59200,56,5,51,2
59201,58,7,51,2
59202,58,11,47,2
59203,53,4,49,2
59204,58,6,52,2
59205,47,3,44,2
59206,56,6,50,2
59207,53,9,44,2
59208,52,7,45,2
59209,52,8,44,2
59210,56,5,51,2
59211,47,4,43,2
59212,61,6,55,2
59213,58,6,52,2
59214,43,1,42,2
59215,57,7,50,2
59216,47,5,42,2
59217,49,6,43,2
59218,57,4,53,2
59219,55,10,45,2
59220,47,6,41,2
59221,47,6,41,2
59222,66,8,58,2
59223,55,4,51,2
59224,65,2,63,2
59225,56,7,49,2
59226,54,10,44,2
59227,51,7,44,2
59228,53,5,48,2
59229,55,5,50,2
59230,60,7,53,2
59231,59,5,54,2
59232,52,7,45,2
59233,54,3,51,2
59234,49,4,45,2
59235,53,6,47,2
59236,55,10,45,2
59237,42,5,37,2
59238,66,8,58,2
59239,66,11,55,2
59240,65,7,58,2
59241,54,7,47,2
59242,61,7,54,2
59243,54,2,52,2
59244,54,7,47,2
59245,51,8,43,2
59246,51,8,43,2
59247,62,3,59,2
59248,49,3,46,2
59249,62,7,55,2
59250,50,3,47,2
59251,50,3,47,2
59252,54,2,52,2
59253,54,2,52,2
59254,60,6,54,2
59255,56,7,49,2
59256,46,5,41,2
59257,44,7,37,2
59258,60,6,54,2
59259,47,5,42,2
59260,54,9,45,2
59261,60,7,53,2
59262,65,10,55,2
59264,52,6,46,2
59265,67,7,60,2
59266,57,4,53,2
59267,53,9,44,2
59268,52,4,48,2
59269,70,10,60,2
59270,53,3,50,2
59271,63,8,55,2
59272,52,7,45,2
59273,53,7,46,2
59274,58,5,53,2
59275,61,4,57,2
59276,63,10,53,2
59277,50,6,44,2
59278,56,10,46,2
59279,50,8,42,2
59280,53,8,45,2
59281,56,3,53,2
59282,78,11,67,2
59283,51,7,44,2
59284,49,5,44,2
59285,51,6,45,2
59286,58,9,49,2
59287,55,6,49,2
59288,68,5,63,2
59289,61,9,52,2
59290,58,5,53,2
59291,70,13,57,2
59292,48,4,44,2
59293,59,8,51,2
59294,64,8,56,2
59295,62,13,49,2
59296,47,7,40,2
59297,47,5,42,2
59298,64,9,55,2
59299,62,5,57,2
59300,74,9,65,2
59301,50,5,45,2
59302,48,4,44,2
59303,48,5,43,2
59304,50,6,44,2
59305,63,6,57,2
59306,48,3,45,2
59307,60,5,55,2
59308,48,7,41,2
59309,55,6,49,2
59310,44,4,40,2
59311,65,5,60,2
59312,48,5,43,2
59313,55,5,50,2
59314,50,7,43,2
59315,58,4,54,2
59316,63,10,53,2
59317,59,4,55,2
59318,64,11,53,2
59319,62,10,52,2
59320,56,5,51,2
59321,58,5,53,2
59322,58,6,52,2
59323,56,4,52,2
59324,51,7,44,2
59325,60,7,53,2
59326,51,4,47,2
59327,51,8,43,2
59328,54,3,51,2
59329,48,6,42,2
59330,57,6,51,2
59331,51,6,45,2
59332,49,6,43,2
59333,40,5,35,2
59334,58,8,50,2
59335,57,8,49,2
59336,58,3,55,2
59337,46,6,40,2
59338,50,11,39,2
59339,50,10,40,2
59340,64,10,54,2
59341,62,8,54,2
59342,49,3,46,2
59343,57,11,46,2
59344,51,2,49,2
59345,53,6,47,2
59346,53,2,51,2
59347,41,7,34,2
59348,60,5,55,2
59349,49,5,44,2
59350,56,9,47,2
59351,47,5,42,2
59352,56,6,50,2
59353,51,9,42,2
59354,61,5,56,2
59355,64,8,56,2
59356,57,8,49,2
59357,37,4,33,2
59358,43,5,38,2
59359,46,4,42,2
59360,54,6,48,2
59361,60,7,53,2
59362,46,6,40,2
59363,61,4,57,2
59364,54,4,50,2
59365,54,10,44,2
59366,52,9,43,2
59367,57,6,51,2
59368,66,5,61,2
59369,49,8,41,2
59370,57,7,50,2
59371,63,5,58,2
59372,52,5,47,2
59373,41,4,37,2
59374,58,5,53,2
59375,52,7,45,2
59376,52,3,49,2
59377,53,5,48,2
59378,52,11,41,2
59379,46,3,43,2
59380,61,11,50,2
59381,48,7,41,2
59382,57,5,52,2
59383,41,5,36,2
59384,44,7,37,2
59385,54,7,47,2
59386,55,9,46,2
59387,52,3,49,2
59388,63,7,56,2
59389,53,6,47,2
59390,54,9,45,2
59391,59,6,53,2
59392,46,7,39,2
59393,69,5,64,2
59394,54,6,48,2
59395,55,11,44,2
59396,48,4,44,2
59397,57,5,52,2
59398,52,7,45,2
59399,54,5,49,2
59400,54,5,49,2
59401,56,5,51,2
59402,62,6,56,2
59403,64,5,59,2
59404,55,12,43,2
59405,57,10,47,2
59406,61,10,51,2
59407,43,4,39,2
59408,60,9,51,2
59409,49,10,39,2
59410,55,8,47,2
59411,54,3,51,2
59412,67,11,56,2
59413,54,7,47,2
59414,57,4,53,2
59415,49,6,43,2
59416,47,4,43,2
59417,55,6,49,2
59418,59,3,56,2
59419,49,8,41,2
59420,58,6,52,2
59421,55,10,45,2
59422,60,10,50,2
59423,43,9,34,2
59424,43,3,40,2
59425,55,6,49,2
59426,60,10,50,2
59427,51,7,44,2
59428,50,2,48,2
59429,50,11,39,2
59430,60,7,53,2
59431,57,8,49,2
59432,42,4,38,2
59433,67,5,62,2
59434,61,8,53,2
59435,58,9,49,2
59436,47,3,44,2
59437,52,7,45,2
59438,54,5,49,2
59439,43,2,41,2
59440,59,6,53,2
59441,51,5,46,2
59442,55,6,49,2
59443,58,7,51,2
59444,55,8,47,2
59445,58,13,45,2
59446,38,6,32,2
59447,56,7,49,2
59448,64,8,56,2
59449,47,2,45,2
59450,59,7,52,2
59451,60,7,53,2
59452,84,15,69,2
59453,58,8,50,2
59454,63,12,51,2
59455,40,4,36,2
59456,50,7,43,2
59457,44,8,36,2
59458,58,3,55,2
59459,52,9,43,2
59460,49,4,45,2
59461,57,6,51,2
59462,46,1,45,2
59463,40,7,33,2
59464,48,3,45,2
59465,57,7,50,2
59466,44,5,39,2
59467,51,5,46,2
59468,39,2,37,2
59469,47,4,43,2
59470,59,10,49,2
59471,52,6,46,2
59472,47,6,41,2
59473,44,5,39,2
59474,53,4,49,2
59475,55,7,48,2
59476,44,1,43,2
59477,46,6,40,2
59478,47,4,43,2
59479,44,4,40,2
59480,60,10,50,2
59481,69,11,58,2
59482,85,9,76,2
59483,62,3,59,2
59484,51,7,44,2
59485,70,8,62,2
59486,58,9,49,2
59487,47,8,39,2
59488,58,3,55,2
59489,55,4,51,2
59490,48,4,44,2
59491,70,11,59,2
59492,47,8,39,2
59493,51,10,41,2
59494,51,6,45,2
59495,49,10,39,2
59496,66,4,62,2
59497,46,6,40,2
59498,47,4,43,2
59499,63,11,52,2
59500,54,4,50,2
59501,62,8,54,2
59502,47,3,44,2
59503,62,9,53,2
59504,57,7,50,2
59505,62,6,56,2
59506,61,8,53,2
59507,41,7,34,2
59508,49,8,41,2
59509,49,7,42,2
59510,66,6,60,2
59511,60,10,50,2
59512,55,6,49,2
59513,51,3,48,2
59514,49,6,43,2
59515,58,7,51,2
59516,60,8,52,2
59517,39,4,35,2
59518,59,7,52,2
59519,49,6,43,2
59520,62,11,51,2
59521,57,6,51,2
59522,58,8,50,2
59523,62,10,52,2
59524,61,9,52,2
59525,46,4,42,2
59526,64,5,59,2
59527,65,6,59,2
59528,50,3,47,2
59529,66,9,57,2
59530,55,6,49,2
59531,55,9,46,2
59532,64,5,59,2
59533,54,7,47,2
59534,59,9,50,2
59535,53,8,45,2
59536,52,6,46,2
59537,58,7,51,2
59538,62,10,52,2
59539,55,7,48,2
59540,57,5,52,2
59541,53,4,49,2
59542,39,3,36,2
59543,75,15,60,2
59544,52,10,42,2
59545,48,2,46,2
59546,41,4,37,2
59547,58,6,52,2
59548,52,4,48,2
59549,44,7,37,2
59550,48,6,42,2
59551,56,5,51,2
59552,63,9,54,2
59553,53,6,47,2
59554,54,4,50,2
59555,50,7,43,2
59556,54,8,46,2
59557,43,7,36,2
59558,61,3,58,2
59559,53,5,48,2
59560,58,8,50,2
59561,55,8,47,2
59562,67,6,61,2
59563,66,10,56,2
59564,51,2,49,2
59565,58,10,48,2
59566,57,7,50,2
59567,63,6,57,2
59568,55,7,48,2
59569,53,6,47,2
59570,57,4,53,2
59571,55,3,52,2
59572,54,8,46,2
59573,55,6,49,2
59574,50,5,45,2
59575,51,7,44,2
59576,43,6,37,2
59577,57,3,54,2
59578,51,3,48,2
59579,44,10,34,2
59580,44,7,37,2
59581,54,5,49,2
59582,51,6,45,2
59583,48,6,42,2
59584,67,11,56,2
59585,34,5,29,2
59586,50,7,43,2
59587,47,5,42,2
59588,42,6,36,2
59589,52,6,46,2
59590,48,6,42,2
59591,31,4,27,2
59592,49,7,42,2
59593,50,4,46,2
59594,53,6,47,2
59595,50,9,41,2
59596,53,6,47,2
59597,52,8,44,2
59598,67,5,62,2
59599,51,6,45,2
59600,51,7,44,2
59601,59,3,56,2
59602,62,8,54,2
59603,50,6,44,2
59604,56,9,47,2
59605,52,7,45,2
59606,66,7,59,2
59607,58,5,53,2
59608,38,2,36,2
59609,63,1,62,2
59610,46,5,41,2
59611,51,7,44,2
59612,59,4,55,2
59613,56,1,55,2
59614,53,3,50,2
59615,60,6,54,2
59616,46,3,43,2
59617,57,3,54,2
59618,49,10,39,2
59619,61,3,58,2
59620,58,8,50,2
59621,48,5,43,2
59622,57,9,48,2
59623,55,5,50,2
59624,60,8,52,2
59625,62,7,55,2
59626,58,6,52,2
59627,60,6,54,2
59628,48,4,44,2
59629,64,8,56,2
59630,59,3,56,2
59631,64,9,55,2
59632,56,9,47,2
59633,60,7,53,2
59634,58,9,49,2
59635,46,3,43,2
59636,43,7,36,2
59637,48,7,41,2
59638,48,6,42,2
59639,47,6,41,2
59640,50,4,46,2
59641,45,2,43,2
59642,52,2,50,2
59643,42,4,38,2
59644,49,6,43,2
59645,62,9,53,2
59646,49,4,45,2
59647,49,8,41,2
59648,60,8,52,2
59649,48,12,36,2
59650,59,9,50,2
59651,59,7,52,2
59652,65,8,57,2
59653,42,7,35,2
59654,53,2,51,2
59655,53,7,46,2
59656,61,8,53,2
59657,69,13,56,2
59658,43,4,39,2
59659,59,4,55,2
59660,49,9,40,2
59661,60,12,48,2
59662,53,8,45,2
59663,59,10,49,2
59664,58,7,51,2
59665,65,7,58,2
59666,39,4,35,2
59667,55,5,50,2
59668,45,7,38,2
59669,54,9,45,2
59670,54,2,52,2
59671,52,5,47,2
59672,61,6,55,2
59673,57,7,50,2
59674,57,4,53,2
59675,59,10,49,2
59676,52,8,44,2
59677,59,5,54,2
59678,50,4,46,2
59679,49,12,37,2
59680,65,4,61,2
59681,48,6,42,2
59682,56,3,53,2
59683,60,10,50,2
59684,68,14,54,2
59685,46,2,44,2
59686,51,6,45,2
59687,65,8,57,2
59688,47,3,44,2
59689,57,11,46,2
59690,65,10,55,2
59691,53,5,48,2
59692,52,3,49,2
59693,61,4,57,2
59694,56,7,49,2
59695,53,8,45,2
59696,52,7,45,2
59697,45,10,35,2
59698,50,4,46,2
59699,61,11,50,2
59700,68,5,63,2
59701,63,11,52,2
59702,61,4,57,2
59703,63,4,59,2
59704,59,5,54,2
59705,51,3,48,2
59706,50,4,46,2
59707,46,8,38,2
59708,59,3,56,2
59709,55,5,50,2
59710,52,9,43,2
59711,53,6,47,2
59712,51,3,48,2
59713,62,6,56,2
59714,64,8,56,2
59715,54,4,50,2
59716,59,8,51,2
59717,46,7,39,2
59718,58,8,50,2
59719,44,3,41,2
59720,55,6,49,2
59721,53,4,49,2
59722,58,4,54,2
59723,55,9,46,2
59724,58,7,51,2
59725,58,8,50,2
59726,62,5,57,2
59727,52,6,46,2
59728,61,5,56,2
59729,54,9,45,2
59730,51,3,48,2
59731,53,6,47,2
59732,67,10,57,2
59733,49,4,45,2
59734,47,2,45,2
59735,62,6,56,2
59736,66,6,60,2
59737,64,3,61,2
59738,71,8,63,2
59739,50,6,44,2
59740,50,4,46,2
59741,50,5,45,2
59742,60,7,53,2
59743,47,8,39,2
59744,56,6,50,2
59745,49,4,45,2
59746,53,7,46,2
59747,58,8,50,2
59748,58,11,47,2
59749,47,7,40,2
59750,62,7,55,2
59751,35,6,29,2
59752,51,6,45,2
59753,52,6,46,2
59754,65,10,55,2
59755,55,6,49,2
59756,48,6,42,2
59757,50,3,47,2
59758,59,6,53,2
59759,49,8,41,2
59760,66,7,59,2
59761,50,12,38,2
59762,61,9,52,2
59763,62,7,55,2
59764,58,4,54,2
59765,57,3,54,2
59766,55,8,47,2
59767,62,7,55,2
59768,59,9,50,2
59769,50,3,47,2
59770,57,8,49,2
59771,56,5,51,2
59772,54,3,51,2
59773,38,5,33,2
59774,55,7,48,2
59775,52,5,47,2
59776,54,5,49,2
59777,61,7,54,2
59778,66,6,60,2
59779,42,7,35,2
59780,71,7,64,2
59781,55,3,52,2
59782,55,6,49,2
59783,50,4,46,2
59784,48,4,44,2
59785,58,5,53,2
59786,54,6,48,2
59787,52,8,44,2
59788,54,6,48,2
59789,53,1,52,2
59790,53,7,46,2
59791,72,10,62,2
59792,44,3,41,2
59793,53,6,47,2
59794,41,6,35,2
59795,60,6,54,2
59796,41,3,38,2
59797,59,6,53,2
59798,52,8,44,2
59799,61,4,57,2
59800,44,4,40,2
59801,66,9,57,2
59802,45,9,36,2
59803,55,10,45,2
59804,50,3,47,2
59805,53,5,48,2
59806,65,6,59,2
59807,53,5,48,2
59808,59,4,55,2
59809,54,5,49,2
59810,55,4,51,2
59811,60,8,52,2
59812,53,4,49,2
59813,60,8,52,2
59814,52,6,46,2
59815,50,4,46,2
59816,56,12,44,2
59817,65,8,57,2
59818,64,11,53,2
59819,54,9,45,2
59820,51,7,44,2
59821,51,7,44,2
59822,50,5,45,2
59823,46,4,42,2
59824,46,8,38,2
59825,55,8,47,2
59826,48,10,38,2
59827,53,6,47,2
59828,56,7,49,2
59829,55,7,48,2
59830,51,4,47,2
59831,53,6,47,2
59832,44,4,40,2
59833,49,4,45,2
59834,58,7,51,2
59835,39,5,34,2
59836,50,8,42,2
59837,53,2,51,2
59838,57,8,49,2
59839,51,2,49,2
59840,53,9,44,2
59841,48,6,42,2
59842,66,9,57,2
59843,56,8,48,2
59844,66,4,62,2
59845,52,7,45,2
59846,58,4,54,2
59847,52,6,46,2
59848,54,7,47,2
59849,40,6,34,2
59850,40,5,35,2
59851,44,7,37,2
59852,59,5,54,2
59853,55,7,48,2
59854,57,8,49,2
59855,57,9,48,2
59856,53,7,46,2
59857,70,8,62,2
59858,41,3,38,2
59859,50,3,47,2
59860,44,8,36,2
59861,52,4,48,2
59862,49,10,39,2
59863,59,6,53,2
59864,63,6,57,2
59865,52,6,46,2
59866,49,3,46,2
59867,49,1,48,2
59868,44,6,38,2
59869,75,5,70,2
59870,49,7,42,2
59871,56,7,49,2
59872,55,7,48,2
59873,58,9,49,2
59874,47,6,41,2
59875,51,10,41,2
59876,59,3,56,2
59877,61,6,55,2
59878,61,10,51,2
59879,55,6,49,2
59880,59,7,52,2
59881,52,7,45,2
59882,49,6,43,2
59883,50,2,48,2
59884,52,5,47,2
59885,58,7,51,2
59886,51,7,44,2
59887,49,4,45,2
59888,65,9,56,2
59889,58,5,53,2
59890,52,5,47,2
59891,57,6,51,2
59892,60,6,54,2
59893,60,6,54,2
59894,56,9,47,2
59895,51,6,45,2
59896,56,5,51,2
59897,53,6,47,2
59898,53,6,47,2
59899,50,9,41,2
59900,42,7,35,2
59901,50,8,42,2
59902,44,7,37,2
59903,41,3,38,2
59904,58,7,51,2
59905,55,7,48,2
59906,42,8,34,2
59907,62,8,54,2
59908,70,9,61,2
59909,48,11,37,2
59910,45,5,40,2
59911,55,7,48,2
59912,64,10,54,2
59913,48,4,44,2
59914,43,7,36,2
59915,55,8,47,2
59916,53,4,49,2
59917,66,12,54,2
59918,56,5,51,2
59919,61,7,54,2
59920,48,4,44,2
59921,50,3,47,2
59922,49,8,41,2
59923,37,2,35,2
59924,59,8,51,2
59925,56,10,46,2
59926,61,6,55,2
59927,52,7,45,2
59928,55,6,49,2
59929,64,5,59,2
59930,50,6,44,2
59931,48,4,44,2
59932,63,7,56,2
59933,43,4,39,2
59934,50,7,43,2
59935,58,8,50,2
59936,51,7,44,2
59937,56,10,46,2
59938,60,7,53,2
59939,56,7,49,2
59940,49,3,46,2
59941,50,3,47,2
59942,54,5,49,2
59943,72,4,68,2
59945,52,8,44,2
59946,55,11,44,2
59947,55,6,49,2
59948,51,5,46,2
59949,60,11,49,2
59950,71,7,64,2
59951,58,6,52,2
59952,65,6,59,2
59953,64,5,59,2
59954,52,5,47,2
59955,45,4,41,2
59956,54,10,44,2
59957,54,6,48,2
59958,52,6,46,2
59959,50,10,40,2
59960,46,6,40,2
59961,59,9,50,2
59962,59,9,50,2
59963,63,5,58,2
59964,62,7,55,2
59965,50,5,45,2
59966,56,5,51,2
59967,57,7,50,2
59968,44,3,41,2
59969,49,7,42,2
59970,58,10,48,2
59971,54,5,49,2
59972,54,8,46,2
59973,60,8,52,2
59974,50,7,43,2
59975,57,4,53,2
59976,61,8,53,2
59977,50,10,40,2
59978,71,9,62,2
59979,56,6,50,2
59980,60,3,57,2
59981,51,9,42,2
59982,61,7,54,2
59983,53,4,49,2
59984,55,13,42,2
59985,46,8,38,2
59986,59,6,53,2
59987,59,7,52,2
59988,58,10,48,2
59989,56,11,45,2
59990,43,9,34,2
59991,70,8,62,2
59992,56,6,50,2
59993,59,4,55,2
59994,46,4,42,2
59995,54,9,45,2
59996,63,10,53,2
59997,58,4,54,2
59998,62,14,48,2
59999,56,8,48,2
60000,65,12,53,2
60001,56,7,49,2
60002,54,5,49,2
60003,51,9,42,2
60004,57,8,49,2
60005,44,2,42,2
60006,60,5,55,2
60007,52,5,47,2
60008,59,7,52,2
60009,51,3,48,2
60010,52,9,43,2
60011,56,5,51,2
60012,52,11,41,2
60013,48,9,39,2
60014,57,6,51,2
60015,62,8,54,2
60016,55,5,50,2
60017,54,10,44,2
60018,68,7,61,2
60019,53,6,47,2
60020,38,6,32,2
60021,54,6,48,2
60022,68,13,55,2
60023,45,3,42,2
60024,79,7,72,2
60025,56,8,48,2
60026,57,7,50,2
60027,48,5,43,2
60028,63,9,54,2
60029,61,5,56,2
60030,54,7,47,2
60031,52,6,46,2
60032,72,6,66,2
60033,53,6,47,2
60034,43,6,37,2
60035,47,4,43,2
60036,59,14,45,2
60037,59,5,54,2
60038,53,6,47,2
60039,71,9,62,2
60040,63,10,53,2
60041,54,7,47,2
60042,72,7,65,2
60043,52,4,48,2
60044,46,2,44,2
60045,47,8,39,2
60046,46,4,42,2
60047,67,7,60,2
60048,45,6,39,2
60049,48,5,43,2
60050,57,9,48,2
60051,43,5,38,2
60052,46,6,40,2
60053,48,7,41,2
60054,58,7,51,2
60055,54,9,45,2
60056,43,3,40,2
60057,41,8,33,2
60058,45,3,42,2
60059,56,6,50,2
60060,49,10,39,2
60061,59,6,53,2
60062,52,4,48,2
60063,52,7,45,2
60064,57,4,53,2
60065,44,6,38,2
60066,51,5,46,2
60067,45,6,39,2
60068,64,7,57,2
60069,50,6,44,2
60070,50,8,42,2
60071,61,8,53,2
60072,65,9,56,2
60073,53,3,50,2
60074,57,6,51,2
60075,61,4,57,2
60076,60,7,53,2
60077,57,7,50,2
60078,55,4,51,2
60079,52,7,45,2
60080,48,6,42,2
60081,62,7,55,2
60082,51,11,40,2
60083,59,6,53,2
60084,45,7,38,2
60085,67,10,57,2
60086,53,5,48,2
60087,48,5,43,2
60088,56,6,50,2
60089,54,7,47,2
60090,52,2,50,2
60091,58,6,52,2
60092,60,7,53,2
60093,54,6,48,2
60094,53,8,45,2
60095,55,9,46,2
60096,48,0,48,1
60097,57,6,51,2
60098,58,5,53,2
60099,57,4,53,2
60100,59,8,51,2
60101,62,7,55,2
60102,52,3,49,2
60103,48,3,45,2
60104,51,5,46,2
60105,61,4,57,2
60106,63,5,58,2
60107,57,11,46,2
60108,49,4,45,2
60109,58,5,53,2
60110,47,4,43,2
60111,45,2,43,2
60112,49,5,44,2
60113,60,2,58,2
60114,47,3,44,2
60115,54,6,48,2
60116,51,10,41,2
60117,55,4,51,2
60118,53,9,44,2
60119,47,5,42,2
60120,64,8,56,2
60121,57,4,53,2
60122,58,8,50,2
60123,60,12,48,2
60124,59,5,54,2
60125,60,5,55,2
60126,56,10,46,2
60127,50,5,45,2
60128,49,5,44,2
60129,66,5,61,2
60130,55,3,52,2
60131,44,3,41,2
60132,29,4,25,2
60133,58,8,50,2
60134,50,5,45,2
60135,54,6,48,2
60136,43,7,36,2
60137,56,8,48,2
60138,50,10,40,2
60139,54,3,51,2
60140,52,7,45,2
60141,75,10,65,2
60142,46,5,41,2
60143,41,5,36,2
60144,52,8,44,2
60145,58,9,49,2
60146,49,10,39,2
60147,51,10,41,2
60148,53,5,48,2
60149,58,11,47,2
60150,57,11,46,2
60151,46,5,41,2
60152,63,7,56,2
60153,39,6,33,2
60154,41,5,36,2
60155,48,4,44,2
60156,47,5,42,2
60157,49,5,44,2
60158,52,8,44,2
60159,49,1,48,2
60160,63,5,58,2
60161,47,5,42,2
60162,51,8,43,2
60163,36,8,28,2
60164,50,9,41,2
60165,58,8,50,2
60166,53,9,44,2
60167,41,3,38,2
60168,49,5,44,2
60169,55,10,45,2
60170,52,6,46,2
60171,58,8,50,2
60172,55,5,50,2
60173,50,7,43,2
60174,42,6,36,2
60175,50,4,46,2
60176,51,5,46,2
60177,58,11,47,2
60178,55,9,46,2
60179,55,8,47,2
60180,46,3,43,2
60181,50,5,45,2
60182,51,6,45,2
60183,59,12,47,2
60184,54,5,49,2
60185,53,6,47,2
60186,61,6,55,2
60187,46,4,42,2
60188,50,6,44,2
60189,51,4,47,2
60190,54,4,50,2
60191,45,4,41,2
60192,52,12,40,2
60193,57,14,43,2
60194,56,6,50,2
60195,48,7,41,2
60196,54,9,45,2
60197,62,5,57,2
60198,62,7,55,2
60199,53,2,51,2
60200,61,8,53,2
60201,49,7,42,2
60202,57,12,45,2
60203,63,7,56,2
60204,55,5,50,2
60205,57,9,48,2
60206,64,9,55,2
60207,62,4,58,2
60208,61,6,55,2
60209,64,10,54,2
60210,51,3,48,2
60211,58,9,49,2
60212,64,10,54,2
60213,58,6,52,2
60214,43,6,37,2
60215,48,5,43,2
60216,51,10,41,2
60217,55,9,46,2
60218,33,4,29,2
60219,51,4,47,2
60220,49,5,44,2
60221,53,6,47,2
60222,42,2,40,2
60223,42,3,39,2
60224,62,3,59,2
60225,52,4,48,2
60226,51,3,48,2
60227,59,8,51,2
60228,49,3,46,2
60229,63,5,58,2
60230,56,4,52,2
60231,63,13,50,2
60232,53,6,47,2
60233,51,7,44,2
60234,70,7,63,2
60235,79,10,69,2
60236,46,7,39,2
60237,51,7,44,2
60238,59,6,53,2
60239,49,6,43,2
60240,56,3,53,2
60241,42,4,38,2
60242,39,3,36,2
60243,43,6,37,2
60244,60,6,54,2
60245,50,3,47,2
60246,57,8,49,2
60247,59,5,54,2
60248,50,7,43,2
60249,60,5,55,2
60250,48,3,45,2
60251,56,6,50,2
60252,60,7,53,2
60253,59,6,53,2
60254,44,3,41,2
60255,57,10,47,2
60256,54,10,44,2
60257,55,12,43,2
60258,60,7,53,2
60259,58,6,52,2
60260,46,5,41,2
60261,39,7,32,2
60262,52,7,45,2
60263,45,4,41,2
60264,46,3,43,2
60265,68,2,66,2
60266,67,8,59,2
60267,51,7,44,2
60268,54,10,44,2
60269,47,10,37,2
60270,49,4,45,2
60271,55,2,53,2
60272,54,5,49,2
60273,69,8,61,2
60274,60,11,49,2
60275,61,10,51,2
60276,66,5,61,2
60277,60,8,52,2
60278,45,5,40,2
60279,43,8,35,2
60280,40,3,37,2
60281,46,6,40,2
60282,53,6,47,2
60283,57,9,48,2
60284,49,5,44,2
60285,58,6,52,2
60286,44,7,37,2
60287,39,4,35,2
60288,54,5,49,2
60289,52,8,44,2
60290,49,9,40,2
60291,45,6,39,2
60292,57,5,52,2
60293,69,9,60,2
60294,61,11,50,2
60295,58,6,52,2
60296,52,6,46,2
60297,46,7,39,2
60298,62,11,51,2
60299,58,6,52,2
60300,53,9,44,2
60301,46,8,38,2
60302,34,7,27,2
60303,50,3,47,2
60304,57,3,54,2
60305,67,7,60,2
60306,51,7,44,2
60307,56,7,49,2
60308,54,6,48,2
60309,46,4,42,2
60310,64,4,60,2
60311,55,7,48,2
60312,58,7,51,2
60313,48,6,42,2
60314,55,10,45,2
60315,59,8,51,2
60316,59,5,54,2
60317,48,7,41,2
60318,61,8,53,2
60319,52,4,48,2
60320,44,6,38,2
60321,56,8,48,2
60322,45,5,40,2
60323,47,7,40,2
60324,63,11,52,2
60325,53,6,47,2
60326,55,6,49,2
60327,57,4,53,2
60328,57,7,50,2
60329,40,5,35,2
60330,51,6,45,2
60331,52,4,48,2
60332,56,13,43,2
60333,46,6,40,2
60334,62,4,58,2
60335,50,5,45,2
60336,63,8,55,2
60337,60,6,54,2
60338,48,9,39,2
60339,50,7,43,2
60340,53,5,48,2
60341,50,7,43,2
60342,54,7,47,2
60343,52,7,45,2
60344,56,4,52,2
60345,60,9,51,2
60346,65,4,61,2
60347,59,6,53,2
60348,47,7,40,2
60349,35,4,31,2
60350,50,8,42,2
60351,50,4,46,2
60352,56,4,52,2
60353,51,7,44,2
60354,57,9,48,2
60355,47,7,40,2
60356,40,4,36,2
60357,64,8,56,2
60358,53,5,48,2
60359,54,5,49,2
60360,63,5,58,2
60361,54,4,50,2
60362,51,6,45,2
60363,57,9,48,2
60364,62,8,54,2
60365,42,9,33,2
60366,52,3,49,2
60367,53,7,46,2
60368,57,2,55,2
60369,55,4,51,2
60370,44,4,40,2
60371,48,6,42,2
60372,55,7,48,2
60373,60,9,51,2
60374,52,5,47,2
60375,54,9,45,2
60376,48,11,37,2
60377,43,7,36,2
60378,48,10,38,2
60379,45,6,39,2
60380,50,4,46,2
60381,41,5,36,2
60382,54,9,45,2
60383,39,1,38,2
60384,46,4,42,2
60385,59,9,50,2
60386,43,7,36,2
60387,71,5,66,2
60388,56,8,48,2
60389,60,7,53,2
60390,52,6,46,2
60391,52,9,43,2
60392,63,4,59,2
60393,48,2,46,2
60394,60,10,50,2
60395,67,5,62,2
60396,64,8,56,2
60397,54,6,48,2
60398,60,9,51,2
60399,61,7,54,2
60400,46,3,43,2
60401,57,8,49,2
60402,60,7,53,2
60403,55,7,48,2
60404,47,1,46,2
60405,58,10,48,2
60406,49,5,44,2
60407,57,7,50,2
60408,73,11,62,2
60409,65,13,52,2
60410,39,3,36,2
60411,54,6,48,2
60412,49,7,42,2
60413,55,12,43,2
60414,52,8,44,2
60415,60,10,50,2
60416,46,4,42,2
60417,65,9,56,2
60418,61,10,51,2
60419,52,7,45,2
60420,46,6,40,2
60421,57,6,51,2
60422,53,6,47,2
60423,59,4,55,2
60424,65,14,51,2
60425,70,9,61,2
60426,52,5,47,2
60427,57,7,50,2
60428,58,9,49,2
60429,46,6,40,2
60430,51,3,48,2
60431,51,7,44,2
60432,53,8,45,2
60433,52,1,51,2
60434,61,12,49,2
60435,63,9,54,2
60436,56,9,47,2
60437,53,1,52,2
60438,54,5,49,2
60439,62,9,53,2
60440,49,4,45,2
60441,61,6,55,2
60442,47,6,41,2
60443,68,8,60,2
60444,59,10,49,2
60445,55,7,48,2
60446,70,7,63,2
60447,53,6,47,2
60448,53,7,46,2
60449,44,6,38,2
60450,56,4,52,2
60451,72,11,61,2
60452,74,3,71,2
60453,61,5,56,2
60454,56,4,52,2
60455,57,6,51,2
60456,57,11,46,2
60457,44,2,42,2
60458,59,9,50,2
60459,49,8,41,2
60460,39,5,34,2
60461,57,6,51,2
60462,52,8,44,2
60463,51,14,37,2
60464,57,10,47,2
60465,48,8,40,2
60466,50,4,46,2
60467,49,6,43,2
60468,57,4,53,2
60469,60,4,56,2
60470,49,12,37,2
60471,47,9,38,2
60472,50,3,47,2
60473,57,9,48,2
60474,69,11,58,2
60475,56,6,50,2
60476,57,11,46,2
60477,54,5,49,2
60478,40,4,36,2
60479,57,7,50,2
60480,56,9,47,2
60481,56,6,50,2
60482,49,8,41,2
60483,37,4,33,2
60484,59,5,54,2
60485,62,13,49,2
60486,61,6,55,2
60487,54,4,50,2
60488,47,8,39,2
60489,57,8,49,2
60490,58,8,50,2
60491,59,6,53,2
60492,61,6,55,2
60493,55,9,46,2
60494,56,7,49,2
60495,53,6,47,2
60496,56,6,50,2
60497,62,6,56,2
60498,51,8,43,2
60499,58,12,46,2
60500,46,3,43,2
60501,63,10,53,2
60502,53,4,49,2
60503,52,4,48,2
60504,70,10,60,2
60505,55,8,47,2
60506,60,6,54,2
60507,56,8,48,2
60508,64,10,54,2
60509,49,7,42,2
60510,61,7,54,2
60511,42,4,38,2
60512,55,8,47,2
60513,62,8,54,2
60514,59,7,52,2
60515,56,5,51,2
60516,49,7,42,2
60517,51,10,41,2
60518,54,7,47,2
60519,59,8,51,2
60520,54,7,47,2
60521,58,6,52,2
60522,66,9,57,2
60523,50,8,42,2
60524,50,3,47,2
60525,53,7,46,2
60526,60,5,55,2
60527,45,5,40,2
60528,53,7,46,2
60529,46,5,41,2
60530,57,3,54,2
60531,63,7,56,2
60532,59,11,48,2
60533,44,4,40,2
60534,52,3,49,2
60535,55,6,49,2
60536,46,6,40,2
60537,63,4,59,2
60538,49,4,45,2
60539,56,9,47,2
60540,66,9,57,2
60541,56,6,50,2
60542,67,8,59,2
60543,61,3,58,2
60544,58,12,46,2
60545,53,12,41,2
60546,65,11,54,2
60547,66,6,60,2
60548,38,7,31,2
60549,53,6,47,2
60550,47,9,38,2
60551,52,8,44,2
60552,69,5,64,2
60553,51,6,45,2
60554,55,6,49,2
60555,65,8,57,2
60556,47,5,42,2
60557,58,6,52,2
60558,52,5,47,2
60559,62,8,54,2
60560,50,5,45,2
60561,63,9,54,2
60562,63,9,54,2
60563,50,4,46,2
60564,48,4,44,2
60565,53,7,46,2
60566,47,8,39,2
60567,51,4,47,2
60568,55,10,45,2
60569,52,8,44,2
60570,54,10,44,2
60571,45,6,39,2
60572,53,4,49,2
60573,62,10,52,2
60574,50,4,46,2
60575,54,8,46,2
60576,47,4,43,2
60577,45,3,42,2
60578,53,6,47,2
60579,54,7,47,2
60580,55,6,49,2
60581,56,4,52,2
60582,67,6,61,2
60583,50,9,41,2
60584,52,7,45,2
60585,64,4,60,2
60586,60,7,53,2
60587,60,10,50,2
60588,48,6,42,2
60589,58,5,53,2
60590,63,5,58,2
60591,68,8,60,2
60592,49,2,47,2
60593,60,9,51,2
60594,57,8,49,2
60595,58,9,49,2
60596,53,5,48,2
60597,51,6,45,2
60598,47,8,39,2
60599,55,6,49,2
60600,53,4,49,2
60601,46,9,37,2
60602,47,10,37,2
60603,58,5,53,2
60604,51,6,45,2
60605,46,9,37,2
60606,60,8,52,2
60607,43,7,36,2
60608,56,8,48,2
60609,54,6,48,2
60610,59,11,48,2
60611,47,8,39,2
60612,55,11,44,2
60613,63,7,56,2
60614,34,4,30,2
60615,52,9,43,2
60616,68,8,60,2
60617,39,3,36,2
60618,52,5,47,2
60619,52,5,47,2
60620,54,5,49,2
60621,55,7,48,2
60622,39,9,30,2
60623,61,8,53,2
60624,48,1,47,2
60625,57,6,51,2
60626,47,1,46,2
60627,53,8,45,2
60628,42,8,34,2
60629,59,4,55,2
60630,68,6,62,2
60631,38,4,34,2
60632,69,11,58,2
60633,65,8,57,2
60634,52,7,45,2
60635,58,13,45,2
60636,50,9,41,2
60637,53,8,45,2
60638,55,7,48,2
60639,58,8,50,2
60640,66,9,57,2
60641,70,8,62,2
60642,65,9,56,2
60643,50,4,46,2
60644,64,5,59,2
60645,52,6,46,2
60646,60,2,58,2
60647,50,3,47,2
60648,47,7,40,2
60649,68,10,58,2
60650,55,6,49,2
60651,50,6,44,2
60652,63,4,59,2
60653,44,5,39,2
60654,46,9,37,2
60655,46,9,37,2
60656,62,8,54,2
60657,57,4,53,2
60658,52,5,47,2
60659,63,11,52,2
60660,40,4,36,2
60661,45,6,39,2
60662,55,5,50,2
60663,70,10,60,2
60664,55,4,51,2
60665,53,8,45,2
60666,50,7,43,2
60667,54,4,50,2
60668,43,5,38,2
60669,67,11,56,2
60670,63,11,52,2
60671,64,4,60,2
60672,53,7,46,2
60673,57,5,52,2
60674,66,9,57,2
60675,60,2,58,2
60676,61,9,52,2
60677,49,4,45,2
60678,60,4,56,2
60679,60,9,51,2
60680,48,3,45,2
60681,62,3,59,2
60682,68,6,62,2
60683,48,6,42,2
60684,59,6,53,2
60685,57,6,51,2
60686,51,8,43,2
60687,53,11,42,2
60688,66,9,57,2
60689,50,7,43,2
60690,47,3,44,2
60691,61,7,54,2
60692,66,6,60,2
60693,57,5,52,2
60694,58,8,50,2
60695,49,4,45,2
60696,50,8,42,2
60697,46,7,39,2
60698,53,6,47,2
60699,47,7,40,2
60700,54,8,46,2
60701,59,6,53,2
60702,42,3,39,2
60703,62,9,53,2
60704,57,6,51,2
60705,48,3,45,2
60706,55,6,49,2
60707,51,5,46,2
60708,49,6,43,2
60709,60,5,55,2
60710,62,12,50,2
60711,59,5,54,2
60712,47,5,42,2
60713,55,7,48,2
60714,64,7,57,2
60715,52,8,44,2
60716,56,7,49,2
60717,60,7,53,2
60718,47,4,43,2
60719,58,9,49,2
60720,52,9,43,2
60721,56,5,51,2
60722,49,9,40,2
60723,59,12,47,2
60724,52,8,44,2
60725,57,12,45,2
60726,60,7,53,2
60727,51,8,43,2
60728,63,7,56,2
60729,45,4,41,2
60730,61,5,56,2
60731,54,7,47,2
60732,52,13,39,2
60733,46,6,40,2
60734,51,9,42,2
60735,55,8,47,2
60736,49,5,44,2
60737,57,9,48,2
60738,50,7,43,2
60739,60,6,54,2
60740,64,7,57,2
60741,54,8,46,2
60742,49,10,39,2
60743,50,5,45,2
60744,68,9,59,2
60745,41,4,37,2
60746,56,10,46,2
60747,46,6,40,2
60748,52,1,51,2
60749,47,5,42,2
60750,59,5,54,2
60751,58,5,53,2
60752,60,6,54,2
60753,51,5,46,2
60754,55,4,51,2
60755,53,4,49,2
60756,53,3,50,2
60757,69,9,60,2
60758,54,7,47,2
60759,40,4,36,2
60760,57,9,48,2
60761,50,5,45,2
60762,52,3,49,2
60763,62,8,54,2
60764,49,4,45,2
60765,56,9,47,2
60766,56,9,47,2
60767,49,7,42,2
60768,48,5,43,2
60769,61,10,51,2
60770,53,7,46,2
60771,51,8,43,2
60772,61,4,57,2
60773,63,10,53,2
60774,55,9,46,2
60775,52,7,45,2
60776,53,11,42,2
60777,53,6,47,2
60778,58,4,54,2
60779,60,9,51,2
60780,55,4,51,2
60781,62,5,57,2
60782,62,6,56,2
60783,65,11,54,2
60784,54,4,50,2
60785,42,5,37,2
60786,45,9,36,2
60787,70,11,59,2
60788,45,5,40,2
60789,61,9,52,2
60790,62,10,52,2
60791,62,7,55,2
60792,60,10,50,2
60793,53,11,42,2
60794,43,2,41,2
60795,57,8,49,2
60796,52,5,47,2
60797,59,7,52,2
60798,49,2,47,2
60799,54,7,47,2
60800,36,3,33,2
60801,38,7,31,2
60802,61,8,53,2
60803,62,5,57,2
60804,57,6,51,2
60805,53,10,43,2
60806,59,5,54,2
60807,50,11,39,2
60808,57,5,52,2
60809,47,2,45,2
60810,68,7,61,2
60811,51,7,44,2
60812,54,5,49,2
60813,64,7,57,2
60814,64,8,56,2
60815,55,10,45,2
60816,56,7,49,2
60817,58,6,52,2
60818,51,7,44,2
60819,49,5,44,2
60820,59,12,47,2
60821,57,6,51,2
60822,50,8,42,2
60823,68,14,54,2
60824,49,2,47,2
60825,52,6,46,2
60826,62,7,55,2
60827,62,7,55,2
60828,52,8,44,2
60829,52,7,45,2
60830,49,5,44,2
60831,60,7,53,2
60832,50,9,41,2
60833,73,11,62,2
60834,45,7,38,2
60835,54,11,43,2
60836,63,6,57,2
60837,63,7,56,2
60838,59,10,49,2
60839,56,6,50,2
60840,59,9,50,2
60841,56,6,50,2
60842,60,4,56,2
60843,54,7,47,2
60844,58,11,47,2
60845,56,8,48,2
60846,46,7,39,2
60847,52,2,50,2
60848,49,1,48,2
60849,54,5,49,2
60850,56,5,51,2
60851,49,6,43,2
60852,60,5,55,2
60853,47,6,41,2
60854,57,6,51,2
60855,56,4,52,2
60856,52,3,49,2
60857,50,7,43,2
60858,60,3,57,2
60859,65,7,58,2
60860,58,7,51,2
60861,50,9,41,2
60862,50,4,46,2
60863,57,5,52,2
60864,67,5,62,2
60865,55,5,50,2
60866,63,4,59,2
60867,44,8,36,2
60868,53,8,45,2
60869,62,9,53,2
60870,60,8,52,2
60871,40,4,36,2
60872,53,4,49,2
60873,59,6,53,2
60874,64,9,55,2
60875,60,6,54,2
60876,55,6,49,2
60877,58,8,50,2
60878,48,4,44,2
60879,41,11,30,2
60880,55,7,48,2
60881,60,4,56,2
60882,54,7,47,2
60883,61,9,52,2
60884,65,11,54,2
60885,46,4,42,2
60886,60,8,52,2
60887,48,3,45,2
60888,51,9,42,2
60889,46,3,43,2
60890,61,4,57,2
60891,71,8,63,2
60892,46,8,38,2
60893,53,6,47,2
60894,56,4,52,2
60895,50,7,43,2
60896,50,7,43,2
60897,47,6,41,2
60898,54,2,52,2
60899,61,5,56,2
60900,47,3,44,2
60901,52,7,45,2
60902,60,11,49,2
60903,47,6,41,2
60904,62,12,50,2
60905,56,5,51,2
60906,48,6,42,2
60907,55,9,46,2
60908,54,3,51,2
60909,50,6,44,2
60910,53,7,46,2
60911,51,4,47,2
60912,50,7,43,2
60913,66,5,61,2
60914,60,6,54,2
60915,54,8,46,2
60916,46,5,41,2
60917,61,4,57,2
60918,61,9,52,2
60919,55,6,49,2
60920,45,6,39,2
60921,51,7,44,2
60922,58,12,46,2
60923,58,3,55,2
60924,50,4,46,2
60925,42,4,38,2
60926,56,11,45,2
60927,48,7,41,2
60928,57,4,53,2
60929,49,3,46,2
60930,54,6,48,2
60931,41,7,34,2
60932,50,7,43,2
60933,52,10,42,2
60934,69,8,61,2
60935,55,9,46,2
60936,48,3,45,2
60937,63,13,50,2
60938,58,8,50,2
60939,66,12,54,2
60940,55,9,46,2
60941,50,5,45,2
60942,49,3,46,2
60943,48,6,42,2
60944,51,5,46,2
60945,49,3,46,2
60946,53,9,44,2
60947,55,5,50,2
60948,60,8,52,2
60949,63,6,57,2
60950,58,9,49,2
60951,59,12,47,2
60952,62,12,50,2
60953,61,6,55,2
60954,55,3,52,2
60955,62,5,57,2
60956,49,6,43,2
60957,47,6,41,2
60958,52,5,47,2
60959,43,7,36,2
60960,49,5,44,2
60961,54,8,46,2
60962,57,7,50,2
60963,46,6,40,2
60964,77,8,69,2
60965,53,8,45,2
60966,54,4,50,2
60967,48,7,41,2
60968,52,9,43,2
60969,40,3,37,2
60970,60,6,54,2
60971,42,3,39,2
60972,55,2,53,2
60973,38,3,35,2
60974,54,9,45,2
60975,55,12,43,2
60976,57,4,53,2
60977,52,5,47,2
60978,63,10,53,2
60979,57,10,47,2
60980,53,5,48,2
60981,49,11,38,2
60982,54,8,46,2
60983,49,3,46,2
60984,48,6,42,2
60985,57,10,47,2
60986,45,3,42,2
60987,61,7,54,2
60988,44,6,38,2
60989,50,3,47,2
60990,51,7,44,2
60991,55,4,51,2
60992,59,7,52,2
60993,59,10,49,2
60994,64,9,55,2
60995,63,6,57,2
60996,68,7,61,2
60997,41,8,33,2
60998,58,9,49,2
60999,65,6,59,2
61000,55,2,53,2
61001,57,4,53,2
61002,64,2,62,2
61003,56,5,51,2
61004,56,8,48,2
61005,44,4,40,2
61006,53,5,48,2
61007,57,3,54,2
61008,62,5,57,2
61009,68,8,60,2
61010,67,10,57,2
61011,40,4,36,2
61012,64,11,53,2
61013,53,3,50,2
61014,65,9,56,2
61015,52,6,46,2
61016,70,4,66,2
61017,57,9,48,2
61018,45,8,37,2
61019,54,5,49,2
61020,38,5,33,2
61021,52,5,47,2
61022,52,8,44,2
61023,51,9,42,2
61024,56,7,49,2
61025,58,4,54,2
61026,55,6,49,2
61027,55,6,49,2
61028,53,5,48,2
61029,52,7,45,2
61030,50,4,46,2
61031,53,5,48,2
61032,57,5,52,2
61033,47,7,40,2
61034,48,9,39,2
61035,51,7,44,2
61036,71,7,64,2
61037,57,9,48,2
61038,61,3,58,2
61039,58,9,49,2
61040,56,5,51,2
61041,57,4,53,2
61042,47,6,41,2
61043,50,4,46,2
61044,50,4,46,2
61045,56,5,51,2
61046,58,8,50,2
61047,54,8,46,2
61048,57,7,50,2
61049,56,11,45,2
61050,46,3,43,2
61051,41,4,37,2
61052,47,7,40,2
61053,52,6,46,2
61054,49,6,43,2
61055,62,6,56,2
61056,62,4,58,2
61057,41,4,37,2
61058,46,7,39,2
61059,58,6,52,2
61060,44,4,40,2
61061,59,4,55,2
61062,52,5,47,2
61063,63,9,54,2
61064,58,7,51,2
61065,56,6,50,2
61066,46,9,37,2
61067,66,5,61,2
61068,53,9,44,2
61069,49,7,42,2
61070,59,10,49,2
61071,58,9,49,2
61072,58,2,56,2
61073,60,11,49,2
61074,48,5,43,2
61075,53,3,50,2
61076,57,6,51,2
61077,48,8,40,2
61078,66,10,56,2
61079,57,7,50,2
61080,57,8,49,2
61081,67,11,56,2
61082,66,9,57,2
61083,52,5,47,2
61084,47,5,42,2
61085,40,2,38,2
61086,50,1,49,2
61087,56,14,42,2
61088,55,4,51,2
61089,48,10,38,2
61090,67,5,62,2
61092,58,3,55,2
61093,57,15,42,2
61094,54,6,48,2
61095,60,7,53,2
61096,53,7,46,2
61097,58,8,50,2
61098,50,3,47,2
61099,47,8,39,2
61100,66,7,59,2
61101,49,6,43,2
61102,52,9,43,2
61103,58,7,51,2
61104,55,7,48,2
61105,64,5,59,2
61106,49,7,42,2
61107,56,7,49,2
61108,47,4,43,2
61109,63,5,58,2
61110,47,7,40,2
61111,44,4,40,2
61112,47,2,45,2
61113,43,5,38,2
61114,59,9,50,2
61115,59,8,51,2
61116,54,3,51,2
61117,48,6,42,2
61118,61,7,54,2
61119,60,5,55,2
61120,55,5,50,2
61121,46,2,44,2
61122,72,9,63,2
61123,66,7,59,2
61124,47,4,43,2
61125,52,4,48,2
61126,50,6,44,2
61127,51,5,46,2
61128,44,3,41,2
61129,56,9,47,2
61130,63,6,57,2
61131,49,9,40,2
61132,50,3,47,2
61133,50,7,43,2
61134,49,7,42,2
61135,61,6,55,2
61136,68,16,52,2
61137,59,13,46,2
61138,52,7,45,2
61139,53,8,45,2
61140,50,9,41,2
61141,59,7,52,2
61142,65,4,61,2
61143,63,9,54,2
61144,51,5,46,2
61145,59,5,54,2
61146,53,3,50,2
61147,50,5,45,2
61148,52,3,49,2
61149,49,6,43,2
61150,57,4,53,2
61151,48,6,42,2
61152,65,10,55,2
61153,55,10,45,2
61154,59,9,50,2
61155,56,7,49,2
61156,58,13,45,2
61157,34,10,24,2
61158,62,7,55,2
61159,51,5,46,2
61160,56,7,49,2
61161,62,5,57,2
61162,48,8,40,2
61163,34,6,28,2
61164,43,8,35,2
61165,51,6,45,2
61166,62,7,55,2
61167,55,5,50,2
61168,51,9,42,2
61169,54,8,46,2
61170,58,10,48,2
61171,58,4,54,2
61172,52,8,44,2
61173,51,2,49,2
61174,52,4,48,2
61175,58,7,51,2
61176,54,4,50,2
61177,44,8,36,2
61178,66,8,58,2
61179,62,4,58,2
61180,59,7,52,2
61181,50,8,42,2
61182,48,8,40,2
61183,65,13,52,2
61184,50,10,40,2
61185,70,7,63,2
61186,51,9,42,2
61187,57,7,50,2
61188,69,8,61,2
61189,67,3,64,2
61190,48,5,43,2
61191,60,5,55,2
61192,67,13,54,2
61193,52,4,48,2
61194,51,9,42,2
61195,66,7,59,2
61196,47,5,42,2
61197,52,9,43,2
61198,61,6,55,2
61199,52,7,45,2
61200,66,8,58,2
61201,59,6,53,2
61202,54,8,46,2
61203,47,6,41,2
61204,51,4,47,2
61205,54,5,49,2
61206,58,7,51,2
61207,58,10,48,2
61208,60,7,53,2
61209,49,6,43,2
61210,59,13,46,2
61211,63,9,54,2
61212,39,0,39,1
61213,57,4,53,2
61214,61,8,53,2
61215,68,9,59,2
61216,69,15,54,2
61217,72,9,63,2
61218,48,6,42,2
61219,64,7,57,2
61220,75,10,65,2
61221,44,5,39,2
61222,50,2,48,2
61223,58,7,51,2
61224,37,5,32,2
61225,48,6,42,2
61226,52,5,47,2
61227,52,8,44,2
61228,67,8,59,2
61229,65,5,60,2
61230,55,6,49,2
61231,54,5,49,2
61232,59,7,52,2
61233,57,5,52,2
61234,53,3,50,2
61235,57,9,48,2
61236,56,8,48,2
61237,64,8,56,2
61238,60,7,53,2
61239,59,5,54,2
61240,58,9,49,2
61241,50,5,45,2
61242,51,4,47,2
61243,60,9,51,2
61244,54,11,43,2
61245,55,10,45,2
61246,55,7,48,2
61247,52,5,47,2
61248,39,4,35,2
61249,51,10,41,2
61250,46,7,39,2
61251,58,8,50,2
61252,48,4,44,2
61253,51,5,46,2
61254,54,2,52,2
61255,62,9,53,2
61256,53,7,46,2
61257,57,4,53,2
61258,64,11,53,2
61259,54,7,47,2
61260,54,7,47,2
61261,36,3,33,2
61262,57,10,47,2
61263,49,5,44,2
61264,63,4,59,2
61265,57,3,54,2
61266,44,6,38,2
61267,45,11,34,2
61268,57,10,47,2
61269,64,7,57,2
61270,55,6,49,2
61271,61,4,57,2
61272,58,6,52,2
61273,45,9,36,2
61274,56,7,49,2
61275,58,6,52,2
61276,45,5,40,2
61277,55,7,48,2
61278,52,8,44,2
61279,58,4,54,2
61280,59,6,53,2
61281,55,7,48,2
61282,73,12,61,2
61283,57,5,52,2
61284,79,17,62,2
61285,53,5,48,2
61286,66,3,63,2
61287,40,4,36,2
61288,54,9,45,2
61289,48,3,45,2
61290,55,6,49,2
61291,50,8,42,2
61292,61,7,54,2
61293,53,2,51,2
61294,59,4,55,2
61295,52,6,46,2
61296,61,3,58,2
61297,45,5,40,2
61298,43,4,39,2
61299,61,7,54,2
61300,60,8,52,2
61301,57,4,53,2
61302,54,7,47,2
61303,52,4,48,2
61304,63,14,49,2
61305,65,5,60,2
61306,35,1,34,2
61307,58,10,48,2
61308,58,9,49,2
61309,52,4,48,2
61310,62,2,60,2
61311,49,4,45,2
61312,47,3,44,2
61313,59,10,49,2
61314,54,10,44,2
61315,53,12,41,2
61316,59,5,54,2
61317,60,7,53,2
61318,45,7,38,2
61319,57,11,46,2
61320,56,11,45,2
61321,51,6,45,2
61322,59,4,55,2
61323,41,2,39,2
61324,50,4,46,2
61325,62,7,55,2
61326,56,6,50,2
61327,51,4,47,2
61328,58,5,53,2
61329,44,5,39,2
61330,55,5,50,2
61331,61,12,49,2
61332,54,3,51,2
61333,55,6,49,2
61334,46,3,43,2
61335,56,9,47,2
61336,68,6,62,2
61337,51,7,44,2
61338,61,8,53,2
61339,60,7,53,2
61340,48,5,43,2
61341,58,6,52,2
61342,52,6,46,2
61343,55,10,45,2
61344,56,10,46,2
61345,48,5,43,2
61346,56,5,51,2
61347,55,6,49,2
61348,60,10,50,2
61349,57,7,50,2
61350,63,4,59,2
61351,59,6,53,2
61352,54,10,44,2
61353,60,9,51,2
61354,57,5,52,2
61355,46,7,39,2
61356,52,8,44,2
61357,47,8,39,2
61358,53,5,48,2
61359,53,5,48,2
61360,65,7,58,2
61361,57,7,50,2
61362,47,6,41,2
61363,49,6,43,2
61364,55,4,51,2
61365,53,4,49,2
61366,57,7,50,2
61367,46,6,40,2
61368,52,4,48,2
61369,66,3,63,2
61370,56,3,53,2
61371,38,9,29,2
61372,53,7,46,2
61373,61,6,55,2
61374,52,8,44,2
61375,65,8,57,2
61376,67,7,60,2
61377,38,2,36,2
61378,61,9,52,2
61379,53,6,47,2
61380,43,3,40,2
61381,52,7,45,2
61382,53,7,46,2
61383,34,5,29,2
61384,63,6,57,2
61385,58,1,57,2
61386,50,3,47,2
61387,59,8,51,2
61388,57,6,51,2
61389,43,4,39,2
61390,57,8,49,2
61391,68,12,56,2
61392,63,6,57,2
61393,57,11,46,2
61394,43,9,34,2
61395,72,6,66,2
61396,44,3,41,2
61397,60,11,49,2
61398,53,4,49,2
61399,53,4,49,2
61400,46,4,42,2
61401,59,7,52,2
61402,48,6,42,2
61403,58,8,50,2
61404,61,4,57,2
61405,40,5,35,2
61406,54,9,45,2
61407,48,4,44,2
61408,57,6,51,2
61409,46,4,42,2
61410,45,5,40,2
61411,55,4,51,2
61412,56,8,48,2
61413,50,7,43,2
61414,55,9,46,2
61415,50,7,43,2
61416,64,10,54,2
61417,54,4,50,2
61418,51,6,45,2
61419,64,5,59,2
61420,62,11,51,2
61421,52,7,45,2
61422,63,12,51,2
61423,62,8,54,2
61424,55,10,45,2
61425,45,8,37,2
61426,53,8,45,2
61427,59,5,54,2
61428,52,4,48,2
61429,50,4,46,2
61430,51,10,41,2
61431,70,8,62,2
61432,64,7,57,2
61433,46,8,38,2
61434,56,9,47,2
61435,53,3,50,2
61436,55,3,52,2
61437,65,13,52,2
61438,55,15,40,2
61439,62,15,47,2
61440,55,9,46,2
61441,53,10,43,2
61442,48,8,40,2
61443,66,9,57,2
61444,66,4,62,2
61445,56,4,52,2
61446,43,5,38,2
61447,60,6,54,2
61448,61,12,49,2
61449,48,2,46,2
61450,37,7,30,2
61451,54,4,50,2
61452,47,8,39,2
61453,48,10,38,2
61454,43,6,37,2
61455,53,4,49,2
61456,54,2,52,2
61457,55,9,46,2
61458,50,9,41,2
61459,59,6,53,2
61460,59,7,52,2
61461,50,6,44,2
61462,44,3,41,2
61463,64,7,57,2
61464,55,5,50,2
61465,65,9,56,2
61466,63,7,56,2
61467,51,5,46,2
61468,59,10,49,2
61469,69,5,64,2
61470,44,8,36,2
61471,51,8,43,2
61472,55,8,47,2
61473,46,3,43,2
61474,54,4,50,2
61475,49,6,43,2
61476,55,5,50,2
61477,52,8,44,2
61478,57,7,50,2
61479,48,4,44,2
61480,41,6,35,2
61481,58,5,53,2
61482,65,8,57,2
61483,52,6,46,2
61484,59,4,55,2
61485,57,6,51,2
61486,55,8,47,2
61487,47,4,43,2
61488,43,2,41,2
61489,63,7,56,2
61490,37,2,35,2
61491,52,3,49,2
61492,51,4,47,2
61493,51,9,42,2
61494,57,2,55,2
61495,54,6,48,2
61496,53,6,47,2
61497,52,7,45,2
61498,54,8,46,2
61499,56,8,48,2
61500,60,9,51,2
61501,50,6,44,2
61502,56,7,49,2
61503,63,10,53,2
61504,71,10,61,2
61505,41,8,33,2
61506,47,7,40,2
61507,60,8,52,2
61508,54,11,43,2
61509,48,3,45,2
61510,66,6,60,2
61511,40,9,31,2
61512,42,7,35,2
61513,43,5,38,2
61514,47,4,43,2
61515,44,5,39,2
61516,66,6,60,2
61517,61,9,52,2
61518,41,7,34,2
61519,45,7,38,2
61520,51,6,45,2
61521,56,12,44,2
61522,46,6,40,2
61523,51,8,43,2
61524,42,5,37,2
61525,66,6,60,2
61526,43,5,38,2
61527,46,4,42,2
61528,41,3,38,2
61529,58,8,50,2
61530,60,3,57,2
61531,50,7,43,2
61532,52,6,46,2
61533,60,8,52,2
61534,44,6,38,2
61535,53,5,48,2
61536,45,8,37,2
61537,46,5,41,2
61538,54,7,47,2
61539,65,10,55,2
61540,46,4,42,2
61541,53,7,46,2
61542,59,7,52,2
61543,49,3,46,2
61544,68,8,60,2
61545,50,5,45,2
61546,51,6,45,2
61547,54,4,50,2
61548,55,3,52,2
61549,57,10,47,2
61550,64,3,61,2
61551,48,7,41,2
61552,55,6,49,2
61553,54,9,45,2
61554,46,7,39,2
61555,48,3,45,2
61556,53,8,45,2
61557,50,7,43,2
61558,49,8,41,2
61559,49,7,42,2
61560,46,4,42,2
61561,54,7,47,2
61562,48,7,41,2
61563,53,7,46,2
61564,69,4,65,2
61565,47,7,40,2
61566,61,11,50,2
61567,55,10,45,2
61568,59,6,53,2
61569,42,6,36,2
61570,53,4,49,2
61571,40,3,37,2
61572,55,4,51,2
61573,49,9,40,2
61574,50,5,45,2
61575,55,8,47,2
61576,59,3,56,2
61577,63,6,57,2
61578,62,8,54,2
61579,55,7,48,2
61580,55,5,50,2
61581,51,6,45,2
61582,41,5,36,2
61583,56,3,53,2
61584,53,7,46,2
61585,55,5,50,2
61586,50,3,47,2
61587,59,6,53,2
61588,55,6,49,2
61589,63,4,59,2
61590,55,3,52,2
61591,53,11,42,2
61592,51,13,38,2
61593,49,5,44,2
61594,62,10,52,2
61595,55,8,47,2
61596,50,7,43,2
61597,48,6,42,2
61598,64,5,59,2
61599,71,9,62,2
61600,65,11,54,2
61601,52,5,47,2
61602,47,6,41,2
61603,44,8,36,2
61604,52,6,46,2
61605,45,6,39,2
61606,48,7,41,2
61607,56,12,44,2
61608,53,5,48,2
61609,51,5,46,2
61610,62,4,58,2
61611,62,7,55,2
61612,56,11,45,2
61613,55,6,49,2
61614,55,8,47,2
61615,53,6,47,2
61616,42,6,36,2
61617,47,8,39,2
61618,61,5,56,2
61619,45,8,37,2
61620,53,7,46,2
61621,67,10,57,2
61622,48,7,41,2
61623,62,4,58,2
61624,59,4,55,2
61625,60,5,55,2
61626,50,1,49,2
61627,61,4,57,2
61628,53,4,49,2
61629,54,6,48,2
61630,55,7,48,2
61631,54,6,48,2
61632,65,6,59,2
61633,37,6,31,2
61634,50,7,43,2
61635,58,6,52,2
61636,70,11,59,2
61637,66,8,58,2
61638,48,8,40,2
61639,57,6,51,2
61640,56,4,52,2
61641,38,7,31,2
61642,58,9,49,2
61643,48,7,41,2
61644,54,6,48,2
61645,55,9,46,2
61646,51,12,39,2
61647,50,5,45,2
61648,50,7,43,2
61649,69,15,54,2
61650,49,4,45,2
61651,63,7,56,2
61652,60,11,49,2
61653,52,4,48,2
61654,66,8,58,2
61655,58,6,52,2
61656,56,6,50,2
61657,58,9,49,2
61658,51,6,45,2
61659,53,5,48,2
61660,50,7,43,2
61661,54,3,51,2
61662,58,8,50,2
61663,62,8,54,2
61664,62,7,55,2
61665,57,7,50,2
61666,55,4,51,2
61667,56,9,47,2
61668,49,7,42,2
61669,52,4,48,2
61670,73,8,65,2
61671,52,6,46,2
61672,57,7,50,2
61673,52,9,43,2
61674,61,3,58,2
61675,55,4,51,2
61676,49,5,44,2
61677,49,6,43,2
61678,54,8,46,2
61679,54,12,42,2
61680,57,5,52,2
61681,52,7,45,2
61682,61,2,59,2
61683,56,8,48,2
61684,59,6,53,2
61685,54,4,50,2
61686,60,5,55,2
61687,41,2,39,2
61688,47,9,38,2
61689,54,4,50,2
61690,51,6,45,2
61691,59,9,50,2
61692,47,8,39,2
61693,38,6,32,2
61694,46,8,38,2
61695,61,11,50,2
61696,48,5,43,2
61697,57,7,50,2
61698,46,6,40,2
61699,44,9,35,2
61700,76,12,64,2
61701,62,3,59,2
61702,39,7,32,2
61703,57,9,48,2
61704,64,11,53,2
61705,61,12,49,2
61706,56,8,48,2
61707,54,8,46,2
61708,55,8,47,2
61709,44,10,34,2
61710,44,2,42,2
61711,54,10,44,2
61712,36,8,28,2
61713,55,6,49,2
61714,46,6,40,2
61715,63,13,50,2
61716,54,5,49,2
61717,57,9,48,2
61718,54,10,44,2
61719,54,9,45,2
61720,52,10,42,2
61721,53,8,45,2
61722,40,6,34,2
61723,50,5,45,2
61724,62,12,50,2
61725,66,9,57,2
61726,49,10,39,2
61727,61,15,46,2
61728,57,9,48,2
61729,41,4,37,2
61730,41,4,37,2
61731,60,12,48,2
61732,51,5,46,2
61733,52,10,42,2
61734,39,5,34,2
61735,51,9,42,2
61736,45,4,41,2
61737,49,5,44,2
61738,65,7,58,2
61739,78,14,64,2
61740,50,4,46,2
61741,68,4,64,2
61742,60,6,54,2
61743,52,7,45,2
61744,46,8,38,2
61745,45,5,40,2
61746,47,5,42,2
61747,55,6,49,2
61748,47,4,43,2
61749,49,8,41,2
61750,42,11,31,2
61751,45,6,39,2
61752,45,1,44,2
61753,49,6,43,2
61754,52,7,45,2
61755,48,9,39,2
61756,42,1,41,2
61757,63,13,50,2
61758,38,6,32,2
61759,44,9,35,2
61760,52,4,48,2
61761,57,8,49,2
61762,53,7,46,2
61763,44,6,38,2
61764,63,6,57,2
61765,51,8,43,2
61766,58,10,48,2
61767,59,6,53,2
61768,51,4,47,2
61769,49,3,46,2
61770,54,8,46,2
61771,54,10,44,2
61772,47,9,38,2
61773,58,4,54,2
61774,57,6,51,2
61775,41,7,34,2
61776,40,2,38,2
61777,50,5,45,2
61778,66,5,61,2
61779,46,5,41,2
61780,55,9,46,2
61781,60,4,56,2
61782,45,2,43,2
61783,58,8,50,2
61784,59,6,53,2
61785,48,1,47,2
61786,51,5,46,2
61787,55,4,51,2
61788,55,13,42,2
61789,52,8,44,2
61790,56,4,52,2
61791,42,5,37,2
61792,45,6,39,2
61793,68,10,58,2
61794,58,8,50,2
61795,62,8,54,2
61796,51,11,40,2
61797,46,6,40,2
61798,56,5,51,2
61799,48,6,42,2
61800,57,3,54,2
61801,63,5,58,2
61802,67,7,60,2
61803,54,5,49,2
61804,54,10,44,2
61805,55,9,46,2
61806,45,4,41,2
61807,53,9,44,2
61808,41,7,34,2
61809,64,4,60,2
61810,56,10,46,2
61811,46,3,43,2
61812,59,7,52,2
61813,51,4,47,2
61814,54,8,46,2
61815,55,11,44,2
61816,56,6,50,2
61817,58,5,53,2
61818,62,12,50,2
61819,55,4,51,2
61820,33,3,30,2
61821,59,11,48,2
61822,53,4,49,2
61823,46,6,40,2
61824,61,7,54,2
61825,47,6,41,2
61826,51,9,42,2
61827,47,4,43,2
61828,48,4,44,2
61829,50,9,41,2
61830,47,2,45,2
61831,59,10,49,2
61832,1,0,1,1
61833,58,4,54,2
61834,73,7,66,2
61835,47,6,41,2
61836,61,6,55,2
61837,49,4,45,2
61838,41,4,37,2
61839,42,9,33,2
61840,55,10,45,2
61841,48,5,43,2
61842,53,9,44,2
61843,48,5,43,2
61844,56,6,50,2
61845,44,7,37,2
61846,56,9,47,2
61847,54,3,51,2
61848,44,3,41,2
61849,52,5,47,2
61850,43,2,41,2
61851,62,4,58,2
61852,41,6,35,2
61853,45,2,43,2
61854,48,4,44,2
61855,45,2,43,2
61856,43,10,33,2
61857,65,8,57,2
61858,40,1,39,2
61859,54,6,48,2
61860,58,9,49,2
61861,55,7,48,2
61862,69,10,59,2
61863,57,9,48,2
61864,67,11,56,2
61865,41,4,37,2
61866,45,1,44,2
61867,50,7,43,2
61868,57,9,48,2
61869,48,7,41,2
61870,50,5,45,2
61871,66,11,55,2
61872,48,6,42,2
61873,56,11,45,2
61874,55,3,52,2
61875,53,6,47,2
61876,55,9,46,2
61877,50,7,43,2
61878,51,9,42,2
61879,45,4,41,2
61880,58,8,50,2
61881,39,6,33,2
61882,67,10,57,2
61883,53,7,46,2
61884,53,5,48,2
61885,48,2,46,2
61886,57,6,51,2
61887,50,6,44,2
61888,53,8,45,2
61889,55,8,47,2
61890,53,4,49,2
61891,50,4,46,2
61892,56,7,49,2
61893,55,5,50,2
61894,63,7,56,2
61895,53,5,48,2
61896,45,5,40,2
61897,58,12,46,2
61898,61,8,53,2
61899,55,8,47,2
61900,62,8,54,2
61901,53,5,48,2
61902,49,10,39,2
61903,49,4,45,2
61904,45,2,43,2
61905,59,8,51,2
61906,63,10,53,2
61907,61,9,52,2
61908,56,6,50,2
61909,53,4,49,2
61910,60,5,55,2
61911,51,3,48,2
61912,58,10,48,2
61913,55,8,47,2
61914,62,8,54,2
61915,48,4,44,2
61916,59,5,54,2
61917,58,11,47,2
61918,56,5,51,2
61919,37,4,33,2
61920,59,5,54,2
61921,40,10,30,2
61922,48,6,42,2
61923,53,4,49,2
61924,58,6,52,2
61925,51,7,44,2
61926,59,5,54,2
61927,48,7,41,2
61928,61,5,56,2
61929,50,6,44,2
61930,54,10,44,2
61931,47,3,44,2
61932,53,4,49,2
61933,58,13,45,2
61934,53,4,49,2
61935,63,8,55,2
61936,57,6,51,2
61937,52,5,47,2
61938,46,8,38,2
61939,44,6,38,2
61940,49,1,48,2
61941,49,3,46,2
61942,47,6,41,2
61943,47,7,40,2
61944,57,10,47,2
61945,42,5,37,2
61946,62,5,57,2
61947,52,7,45,2
61948,49,6,43,2
61949,55,11,44,2
61950,56,3,53,2
61951,63,5,58,2
61952,47,4,43,2
61953,56,6,50,2
61954,57,6,51,2
61955,56,2,54,2
61956,43,3,40,2
61957,56,5,51,2
61958,60,7,53,2
61959,52,11,41,2
61960,54,6,48,2
61961,51,7,44,2
61962,43,6,37,2
61963,51,8,43,2
61964,44,6,38,2
61965,76,6,70,2
61966,59,6,53,2
61967,36,4,32,2
61968,48,3,45,2
61969,56,9,47,2
61970,47,4,43,2
61971,70,10,60,2
61972,62,10,52,2
61973,53,6,47,2
61975,63,10,53,2
61976,57,7,50,2
61977,63,5,58,2
61978,52,7,45,2
61979,45,2,43,2
61980,65,8,57,2
61981,61,7,54,2
61982,61,7,54,2
61983,44,6,38,2
61984,36,3,33,2
61985,58,5,53,2
61986,59,6,53,2
61987,45,3,42,2
61988,48,4,44,2
61989,64,13,51,2
61990,56,8,48,2
61991,56,3,53,2
61992,51,5,46,2
61993,46,6,40,2
61994,64,7,57,2
61995,53,6,47,2
61996,74,7,67,2
61997,56,4,52,2
61998,72,4,68,2
61999,56,6,50,2
62000,58,7,51,2
62001,59,5,54,2
62002,60,9,51,2
62003,58,9,49,2
62004,57,10,47,2
62005,46,3,43,2
62006,58,7,51,2
62007,48,7,41,2
62008,53,9,44,2
62009,62,9,53,2
62010,47,4,43,2
62011,63,5,58,2
62012,60,9,51,2
62013,60,9,51,2
62014,60,11,49,2
62015,55,7,48,2
62016,51,6,45,2
62017,52,6,46,2
62018,52,9,43,2
62019,46,4,42,2
62020,68,8,60,2
62021,60,8,52,2
62022,52,8,44,2
62023,49,7,42,2
62024,47,4,43,2
62025,58,5,53,2
62026,49,6,43,2
62027,46,7,39,2
62028,59,5,54,2
62029,70,8,62,2
62030,51,11,40,2
62031,51,5,46,2
62032,62,7,55,2
62033,59,10,49,2
62034,41,2,39,2
62035,56,10,46,2
62036,42,6,36,2
62037,45,3,42,2
62038,53,8,45,2
62039,46,3,43,2
62040,53,2,51,2
62041,54,3,51,2
62042,52,7,45,2
62043,41,1,40,2
62044,57,6,51,2
62045,42,4,38,2
62046,63,5,58,2
62047,55,6,49,2
62048,72,13,59,2
62049,42,3,39,2
62050,58,7,51,2
62051,55,5,50,2
62052,53,9,44,2
62053,59,6,53,2
62054,60,5,55,2
62055,48,13,35,2
62056,44,3,41,2
62057,59,7,52,2
62058,44,5,39,2
62059,62,7,55,2
62060,64,5,59,2
62061,55,8,47,2
62062,61,6,55,2
62063,50,4,46,2
62064,39,3,36,2
62065,69,8,61,2
62066,48,4,44,2
62067,41,5,36,2
62068,49,4,45,2
62069,62,6,56,2
62070,48,5,43,2
62071,46,3,43,2
62072,58,12,46,2
62073,58,7,51,2
62074,53,7,46,2
62075,46,5,41,2
62076,53,8,45,2
62077,57,10,47,2
62078,56,7,49,2
62079,49,7,42,2
62080,53,6,47,2
62081,58,6,52,2
62082,50,3,47,2
62083,51,7,44,2
62084,44,5,39,2
62085,61,7,54,2
62086,58,7,51,2
62087,44,3,41,2
62088,69,3,66,2
62089,50,2,48,2
62090,60,10,50,2
62091,59,5,54,2
62092,62,8,54,2
62093,55,16,39,2
62094,58,5,53,2
62095,50,4,46,2
62096,49,9,40,2
62097,72,10,62,2
62098,51,8,43,2
62099,48,7,41,2
62100,72,6,66,2
62101,48,8,40,2
62102,62,5,57,2
62103,66,9,57,2
62104,66,9,57,2
62105,63,4,59,2
62106,52,5,47,2
62107,70,9,61,2
62108,57,6,51,2
62109,50,6,44,2
62110,52,7,45,2
62111,58,9,49,2
62112,56,7,49,2
62113,59,6,53,2
62114,53,6,47,2
62115,55,13,42,2
62116,46,5,41,2
62117,54,6,48,2
62118,46,7,39,2
62119,44,4,40,2
62120,60,9,51,2
62121,50,12,38,2
62122,58,7,51,2
62123,53,8,45,2
62124,47,9,38,2
62125,63,9,54,2
62126,50,1,49,2
62127,60,12,48,2
62128,51,6,45,2
62129,64,7,57,2
62130,54,8,46,2
62131,47,10,37,2
62132,62,6,56,2
62133,51,6,45,2
62134,54,6,48,2
62135,48,10,38,2
62136,50,7,43,2
62137,53,5,48,2
62138,46,7,39,2
62139,66,10,56,2
62140,58,6,52,2
62141,53,7,46,2
62142,53,7,46,2
62143,67,7,60,2
62144,54,9,45,2
62145,53,6,47,2
62146,47,5,42,2
62147,45,6,39,2
62148,77,12,65,2
62149,59,8,51,2
62150,64,7,57,2
62151,62,13,49,2
62152,49,8,41,2
62153,53,6,47,2
62154,69,10,59,2
62155,55,6,49,2
62156,49,6,43,2
62157,57,7,50,2
62158,59,8,51,2
62159,52,3,49,2
62160,62,4,58,2
62161,65,9,56,2
62162,51,5,46,2
62163,58,5,53,2
62164,52,9,43,2
62165,58,6,52,2
62166,52,8,44,2
62167,54,6,48,2
62168,57,5,52,2
62169,44,4,40,2
62170,62,6,56,2
62171,59,5,54,2
62172,52,8,44,2
62173,61,12,49,2
62174,60,9,51,2
62175,52,6,46,2
62176,69,7,62,2
62177,45,5,40,2
62178,57,9,48,2
62179,48,3,45,2
62180,40,2,38,2
62181,55,5,50,2
62182,63,6,57,2
62183,46,15,31,2
62184,52,3,49,2
62185,61,7,54,2
62186,68,12,56,2
62187,54,7,47,2
62188,56,7,49,2
62189,50,5,45,2
62190,48,8,40,2
62191,56,9,47,2
62192,59,5,54,2
62193,50,3,47,2
62194,58,8,50,2
62195,52,8,44,2
62196,63,7,56,2
62197,45,5,40,2
62198,59,11,48,2
62199,48,4,44,2
62200,67,8,59,2
62201,47,5,42,2
62202,66,9,57,2
62203,45,4,41,2
62204,52,2,50,2
62205,65,8,57,2
62206,45,5,40,2
62207,49,7,42,2
62208,72,11,61,2
62209,56,5,51,2
62210,53,10,43,2
62211,65,13,52,2
62212,54,4,50,2
62213,60,7,53,2
62214,46,3,43,2
62215,50,8,42,2
62216,55,8,47,2
62217,59,8,51,2
62218,62,14,48,2
62219,53,10,43,2
62220,55,7,48,2
62221,52,10,42,2
62222,50,8,42,2
62223,64,6,58,2
62224,48,4,44,2
62225,44,3,41,2
62226,47,4,43,2
62227,53,8,45,2
62228,53,6,47,2
62229,51,3,48,2
62230,44,6,38,2
62231,47,4,43,2
62232,61,6,55,2
62233,45,4,41,2
62234,76,6,70,2
62235,64,1,63,2
62236,60,6,54,2
62237,65,9,56,2
62238,57,3,54,2
62239,58,11,47,2
62240,46,6,40,2
62241,52,11,41,2
62242,54,4,50,2
62243,51,6,45,2
62244,53,8,45,2
62245,56,9,47,2
62246,50,4,46,2
62247,58,6,52,2
62248,40,8,32,2
62249,43,4,39,2
62250,58,2,56,2
62251,55,12,43,2
62252,66,5,61,2
62253,54,9,45,2
62254,62,6,56,2
62255,55,7,48,2
62256,73,8,65,2
62257,48,7,41,2
62258,42,3,39,2
62259,59,6,53,2
62260,53,9,44,2
62261,56,5,51,2
62262,55,8,47,2
62263,55,9,46,2
62264,49,9,40,2
62265,56,6,50,2
62266,49,12,37,2
62267,61,6,55,2
62268,59,8,51,2
62269,58,11,47,2
62270,57,2,55,2
62271,45,3,42,2
62272,51,1,50,2
62273,54,8,46,2
62274,52,3,49,2
62275,58,4,54,2
62276,51,1,50,2
62277,48,5,43,2
62278,51,8,43,2
62279,59,7,52,2
62280,58,7,51,2
62281,42,5,37,2
62282,55,7,48,2
62283,44,7,37,2
62284,53,8,45,2
62285,38,5,33,2
62286,42,6,36,2
62287,55,9,46,2
62288,42,6,36,2
62289,54,6,48,2
62290,48,4,44,2
62291,37,6,31,2
62292,45,1,44,2
62293,52,6,46,2
62294,53,8,45,2
62295,60,6,54,2
62296,52,9,43,2
62297,60,10,50,2
62298,65,6,59,2
62299,45,10,35,2
62300,55,6,49,2
62301,62,7,55,2
62302,45,5,40,2
62303,53,7,46,2
62304,52,12,40,2
62305,57,7,50,2
62306,54,5,49,2
62307,52,6,46,2
62308,71,5,66,2
62309,59,7,52,2
62310,54,7,47,2
62311,47,5,42,2
62312,52,6,46,2
62313,55,5,50,2
62314,61,9,52,2
62315,46,14,32,2
62316,54,8,46,2
62317,57,7,50,2
62318,44,7,37,2
62319,56,13,43,2
62320,61,3,58,2
62321,59,6,53,2
62322,61,8,53,2
62323,47,11,36,2
62324,59,9,50,2
62325,58,8,50,2
62326,57,5,52,2
62327,54,10,44,2
62328,60,8,52,2
62329,50,7,43,2
62330,52,0,52,1
62331,64,8,56,2
62332,59,8,51,2
62333,59,8,51,2
62334,48,3,45,2
62335,45,9,36,2
62336,59,11,48,2
62337,66,2,64,2
62338,57,5,52,2
62339,54,8,46,2
62340,38,5,33,2
62341,45,7,38,2
62342,47,3,44,2
62343,58,7,51,2
62344,56,5,51,2
62345,52,5,47,2
62347,44,8,36,2
62348,52,4,48,2
62349,63,9,54,2
62350,47,4,43,2
62351,51,6,45,2
62352,59,5,54,2
62353,51,8,43,2
62354,49,7,42,2
62355,61,8,53,2
62356,54,6,48,2
62357,53,9,44,2
62358,48,7,41,2
62359,61,6,55,2
62360,64,6,58,2
62361,45,7,38,2
62362,46,4,42,2
62363,63,5,58,2
62364,63,6,57,2
62365,58,4,54,2
62366,61,7,54,2
62367,59,6,53,2
62368,78,13,65,2
62369,46,6,40,2
62370,48,7,41,2
62371,40,2,38,2
62372,67,9,58,2
62373,71,7,64,2
62374,57,8,49,2
62375,41,2,39,2
62376,53,10,43,2
62377,60,9,51,2
62378,57,7,50,2
62379,46,5,41,2
62380,51,6,45,2
62381,44,3,41,2
62382,63,10,53,2
62383,44,5,39,2
62384,53,5,48,2
62385,59,7,52,2
62386,61,4,57,2
62387,70,10,60,2
62388,45,2,43,2
62389,61,2,59,2
62390,50,6,44,2
62391,58,9,49,2
62392,71,13,58,2
62393,53,4,49,2
62394,57,4,53,2
62395,58,3,55,2
62396,49,1,48,2
62397,49,7,42,2
62398,57,6,51,2
62399,71,11,60,2
62400,51,6,45,2
62401,56,8,48,2
62402,58,11,47,2
62403,52,6,46,2
62404,45,6,39,2
62405,59,13,46,2
62406,61,7,54,2
62407,64,9,55,2
62408,37,5,32,2
62409,42,6,36,2
62410,50,4,46,2
62411,58,8,50,2
62412,50,6,44,2
62413,55,5,50,2
62414,45,7,38,2
62415,53,3,50,2
62416,65,7,58,2
62417,59,7,52,2
62418,68,10,58,2
62419,52,5,47,2
62420,54,3,51,2
62421,69,14,55,2
62422,55,8,47,2
62423,45,5,40,2
62424,61,8,53,2
62425,57,8,49,2
62426,50,5,45,2
62427,50,7,43,2
62428,38,2,36,2
62429,42,7,35,2
62430,52,6,46,2
62431,58,8,50,2
62432,46,7,39,2
62433,51,8,43,2
62434,48,4,44,2
62435,65,14,51,2
62436,57,3,54,2
62437,45,6,39,2
62438,58,14,44,2
62439,57,4,53,2
62440,52,4,48,2
62441,53,9,44,2
62442,55,5,50,2
62443,48,6,42,2
62444,71,12,59,2
62445,65,8,57,2
62446,58,5,53,2
62447,55,2,53,2
62448,54,6,48,2
62449,58,7,51,2
62450,59,4,55,2
62451,64,7,57,2
62452,54,6,48,2
62453,54,9,45,2
62454,49,6,43,2
62455,59,5,54,2
62456,55,3,52,2
62457,65,9,56,2
62458,60,5,55,2
62459,57,12,45,2
62460,66,5,61,2
62461,60,5,55,2
62462,51,6,45,2
62463,48,6,42,2
62464,61,6,55,2
62465,63,10,53,2
62466,53,10,43,2
62467,61,6,55,2
62468,46,6,40,2
62469,57,5,52,2
62470,52,8,44,2
62471,47,2,45,2
62472,54,7,47,2
62473,49,6,43,2
62474,54,6,48,2
62475,63,6,57,2
62476,49,4,45,2
62477,60,5,55,2
62478,55,10,45,2
62479,46,8,38,2
62480,59,10,49,2
62481,49,5,44,2
62482,56,10,46,2
62483,52,4,48,2
62484,49,7,42,2
62485,36,8,28,2
62486,61,8,53,2
62487,73,9,64,2
62488,53,5,48,2
62489,44,3,41,2
62490,56,7,49,2
62491,59,7,52,2
62492,56,5,51,2
62493,48,2,46,2
62494,52,4,48,2
62495,52,3,49,2
62496,48,3,45,2
62497,57,2,55,2
62498,59,12,47,2
62499,54,5,49,2
62500,53,5,48,2
62501,57,3,54,2
62502,37,4,33,2
62503,43,4,39,2
62504,49,4,45,2
62505,61,4,57,2
62506,50,5,45,2
62507,52,9,43,2
62508,46,5,41,2
62509,64,14,50,2
62510,53,4,49,2
62511,40,4,36,2
62512,43,4,39,2
62513,54,7,47,2
62514,63,9,54,2
62515,54,6,48,2
62516,50,4,46,2
62517,51,6,45,2
62518,55,6,49,2
62519,53,5,48,2
62520,54,9,45,2
62521,51,8,43,2
62522,64,9,55,2
62523,63,6,57,2
62524,57,7,50,2
62525,54,12,42,2
62526,56,7,49,2
62527,65,9,56,2
62528,56,10,46,2
62529,52,8,44,2
62530,56,4,52,2
62531,62,8,54,2
62532,54,2,52,2
62533,53,9,44,2
62534,60,8,52,2
62535,63,7,56,2
62536,67,7,60,2
62537,59,7,52,2
62538,47,3,44,2
62539,60,6,54,2
62540,56,6,50,2
62541,37,8,29,2
62542,60,3,57,2
62543,55,6,49,2
62544,46,4,42,2
62545,49,3,46,2
62546,65,4,61,2
62547,59,6,53,2
62548,64,3,61,2
62549,51,5,46,2
62550,61,11,50,2
62551,58,10,48,2
62552,77,10,67,2
62553,59,8,51,2
62554,51,4,47,2
62555,46,5,41,2
62556,39,11,28,2
62557,56,9,47,2
62558,61,7,54,2
62559,62,8,54,2
62560,55,4,51,2
62561,50,8,42,2
62562,65,4,61,2
62563,55,7,48,2
62564,49,6,43,2
62565,58,6,52,2
62566,54,9,45,2
62567,43,6,37,2
62568,47,2,45,2
62569,59,9,50,2
62571,72,20,52,2
62572,56,10,46,2
62573,63,4,59,2
62574,47,7,40,2
62575,62,10,52,2
62576,76,14,62,2
62577,68,10,58,2
62578,50,4,46,2
62579,53,3,50,2
62580,62,4,58,2
62581,42,2,40,2
62582,58,4,54,2
62583,59,12,47,2
62584,53,6,47,2
62585,36,9,27,2
62586,46,6,40,2
62587,51,3,48,2
62588,43,8,35,2
62589,61,6,55,2
62590,65,4,61,2
62591,65,5,60,2
62592,44,3,41,2
62593,54,10,44,2
62594,65,10,55,2
62595,60,8,52,2
62596,55,7,48,2
62597,57,4,53,2
62598,49,8,41,2
62599,61,5,56,2
62600,63,7,56,2
62601,68,8,60,2
62602,45,8,37,2
62603,41,4,37,2
62604,48,2,46,2
62605,64,6,58,2
62606,58,9,49,2
62607,52,7,45,2
62608,40,7,33,2
62609,53,5,48,2
62610,58,6,52,2
62611,56,10,46,2
62612,47,3,44,2
62613,51,3,48,2
62614,51,6,45,2
62615,64,7,57,2
62616,76,4,72,2
62617,49,2,47,2
62618,49,8,41,2
62619,51,7,44,2
62620,67,5,62,2
62621,52,6,46,2
62622,51,7,44,2
62623,60,9,51,2
62624,49,2,47,2
62625,52,6,46,2
62626,47,9,38,2
62627,58,6,52,2
62628,60,10,50,2
62629,56,3,53,2
62630,47,8,39,2
62631,57,6,51,2
62632,59,4,55,2
62633,47,8,39,2
62634,69,9,60,2
62635,59,5,54,2
62636,52,10,42,2
62637,43,4,39,2
62638,57,2,55,2
62639,61,5,56,2
62640,62,7,55,2
62641,68,9,59,2
62642,58,5,53,2
62643,48,8,40,2
62644,50,6,44,2
62645,60,9,51,2
62646,57,9,48,2
62647,53,6,47,2
62648,60,6,54,2
62649,55,2,53,2
62650,60,6,54,2
62651,50,8,42,2
62652,57,8,49,2
62653,42,6,36,2
62654,50,5,45,2
62655,48,7,41,2
62656,56,6,50,2
62657,48,9,39,2
62658,44,1,43,2
62659,54,8,46,2
62660,71,9,62,2
62661,60,6,54,2
62662,50,3,47,2
62663,55,10,45,2
62664,51,4,47,2
62665,54,8,46,2
62666,57,4,53,2
62667,52,9,43,2
62668,50,5,45,2
62669,70,7,63,2
62670,54,6,48,2
62671,59,9,50,2
62672,54,8,46,2
62673,50,6,44,2
62674,60,2,58,2
62675,59,10,49,2
62676,52,7,45,2
62677,60,8,52,2
62678,44,5,39,2
62679,57,8,49,2
62680,42,10,32,2
62681,70,10,60,2
62682,52,16,36,2
62683,60,13,47,2
62684,45,5,40,2
62685,53,10,43,2
62686,57,7,50,2
62687,54,4,50,2
62688,54,6,48,2
62689,39,4,35,2
62690,58,2,56,2
62691,60,12,48,2
62692,60,13,47,2
62693,56,10,46,2
62694,51,5,46,2
62695,41,2,39,2
62696,61,6,55,2
62697,48,9,39,2
62698,58,5,53,2
62699,64,8,56,2
62700,52,5,47,2
62701,56,10,46,2
62702,38,4,34,2
62703,47,2,45,2
62704,46,3,43,2
62705,51,2,49,2
62706,49,8,41,2
62707,47,8,39,2
62708,58,8,50,2
62709,69,4,65,2
62710,56,10,46,2
62711,54,5,49,2
62712,41,1,40,2
62713,47,5,42,2
62714,57,4,53,2
62715,55,7,48,2
62716,45,6,39,2
62717,54,6,48,2
62718,57,7,50,2
62719,50,5,45,2
62720,48,4,44,2
62721,50,13,37,2
62722,42,12,30,2
62723,53,4,49,2
62724,64,7,57,2
62725,59,7,52,2
62726,57,5,52,2
62727,44,4,40,2
62728,65,4,61,2
62729,58,8,50,2
62730,35,8,27,2
62731,46,4,42,2
62732,53,8,45,2
62733,39,6,33,2
62734,48,4,44,2
62735,59,11,48,2
62736,60,5,55,2
62737,53,7,46,2
62738,59,2,57,2
62739,65,11,54,2
62740,55,5,50,2
62741,50,6,44,2
62742,57,9,48,2
62743,57,3,54,2
62744,55,5,50,2
62745,55,5,50,2
62746,45,5,40,2
62747,52,4,48,2
62748,51,8,43,2
62749,49,5,44,2
62750,56,4,52,2
62751,54,7,47,2
62752,53,12,41,2
62753,43,4,39,2
62754,57,8,49,2
62755,47,8,39,2
62756,51,8,43,2
62757,49,4,45,2
62758,47,3,44,2
62759,54,12,42,2
62760,67,6,61,2
62761,50,3,47,2
62762,52,5,47,2
62763,58,3,55,2
62764,51,6,45,2
62765,45,4,41,2
62766,64,6,58,2
62767,51,7,44,2
62768,62,8,54,2
62769,48,9,39,2
62770,55,9,46,2
62771,56,5,51,2
62772,57,8,49,2
62773,56,9,47,2
62774,53,8,45,2
62775,46,8,38,2
62776,60,7,53,2
62777,53,7,46,2
62778,65,7,58,2
62779,66,8,58,2
62780,48,6,42,2
62781,39,5,34,2
62782,42,4,38,2
62783,57,7,50,2
62784,52,9,43,2
62785,48,6,42,2
62786,42,10,32,2
62787,68,4,64,2
62788,43,9,34,2
62789,53,10,43,2
62790,48,4,44,2
62791,42,4,38,2
62792,47,7,40,2
62793,65,13,52,2
62794,47,3,44,2
62795,58,8,50,2
62796,55,8,47,2
62797,54,5,49,2
62798,50,7,43,2
62799,57,5,52,2
62800,46,7,39,2
62801,59,8,51,2
62802,45,6,39,2
62803,56,9,47,2
62804,51,6,45,2
62805,51,7,44,2
62806,60,12,48,2
62807,51,3,48,2
62808,57,4,53,2
62809,43,6,37,2
62810,54,8,46,2
62811,54,6,48,2
62812,65,7,58,2
62813,61,6,55,2
62814,55,6,49,2
62815,47,7,40,2
62816,50,7,43,2
62817,61,6,55,2
62818,52,7,45,2
62819,51,6,45,2
62820,55,7,48,2
62821,49,5,44,2
62822,45,7,38,2
62823,58,6,52,2
62824,52,5,47,2
62825,70,7,63,2
62826,62,6,56,2
62827,59,5,54,2
62828,60,7,53,2
62829,56,5,51,2
62830,56,6,50,2
62831,46,3,43,2
62832,58,6,52,2
62833,55,9,46,2
62834,42,8,34,2
62835,62,8,54,2
62836,53,6,47,2
62837,45,6,39,2
62838,56,5,51,2
62839,50,7,43,2
62840,51,7,44,2
62841,51,4,47,2
62842,42,4,38,2
62843,43,5,38,2
62844,58,14,44,2
62845,53,7,46,2
62846,42,5,37,2
62847,51,8,43,2
62848,54,7,47,2
62849,66,6,60,2
62850,61,5,56,2
62851,58,9,49,2
62852,55,4,51,2
62853,70,11,59,2
62854,55,8,47,2
62855,65,8,57,2
62856,62,4,58,2
62857,55,9,46,2
62858,46,6,40,2
62859,58,4,54,2
62860,46,3,43,2
62861,64,9,55,2
62862,43,5,38,2
62863,53,9,44,2
62864,51,5,46,2
62865,59,6,53,2
62866,61,8,53,2
62867,46,6,40,2
62868,49,8,41,2
62869,45,8,37,2
62870,40,4,36,2
62871,47,5,42,2
62872,58,8,50,2
62873,60,5,55,2
62874,66,4,62,2
62875,41,5,36,2
62876,51,8,43,2
62877,55,10,45,2
62878,62,10,52,2
62879,44,5,39,2
62880,41,6,35,2
62881,60,5,55,2
62882,53,5,48,2
62883,64,10,54,2
62884,40,3,37,2
62885,67,8,59,2
62886,57,4,53,2
62887,53,9,44,2
62888,57,3,54,2
62889,39,5,34,2
62890,50,4,46,2
62891,44,6,38,2
62892,54,9,45,2
62893,66,4,62,2
62894,79,7,72,2
62895,51,7,44,2
62896,46,8,38,2
62897,58,8,50,2
62898,58,4,54,2
62899,59,7,52,2
62900,48,6,42,2
62901,57,9,48,2
62902,51,9,42,2
62903,60,10,50,2
62904,61,11,50,2
62905,57,12,45,2
62906,60,5,55,2
62907,57,8,49,2
62908,65,4,61,2
62909,64,7,57,2
62910,55,5,50,2
62911,51,4,47,2
62912,61,10,51,2
62913,67,6,61,2
62914,46,4,42,2
62915,59,7,52,2
62916,56,6,50,2
62917,54,5,49,2
62918,55,6,49,2
62919,46,6,40,2
62920,53,6,47,2
62921,57,2,55,2
62922,59,9,50,2
62923,52,6,46,2
62924,45,4,41,2
62925,42,5,37,2
62926,66,13,53,2
62927,38,4,34,2
62928,65,9,56,2
62929,60,11,49,2
62930,56,5,51,2
62931,53,7,46,2
62932,62,5,57,2
62933,43,5,38,2
62934,58,5,53,2
62935,54,6,48,2
62936,67,8,59,2
62937,60,7,53,2
62938,51,8,43,2
62939,51,6,45,2
62940,57,7,50,2
62941,51,4,47,2
62942,54,10,44,2
62943,57,3,54,2
62944,51,8,43,2
62945,60,7,53,2
62946,56,7,49,2
62947,50,11,39,2
62948,59,10,49,2
62949,59,8,51,2
62950,49,6,43,2
62951,69,13,56,2
62952,52,6,46,2
62953,48,4,44,2
62954,47,3,44,2
62955,49,11,38,2
62956,67,11,56,2
62957,48,4,44,2
62958,53,9,44,2
62959,49,8,41,2
62960,53,2,51,2
62961,66,12,54,2
62962,63,5,58,2
62963,49,2,47,2
62964,52,11,41,2
62965,54,4,50,2
62966,58,11,47,2
62967,57,7,50,2
62968,55,7,48,2
62969,45,8,37,2
62970,52,3,49,2
62971,49,10,39,2
62972,62,6,56,2
62973,59,5,54,2
62974,59,9,50,2
62975,65,9,56,2
62976,44,3,41,2
62977,49,5,44,2
62978,56,8,48,2
62979,55,9,46,2
62980,50,10,40,2
62981,61,7,54,2
62982,70,12,58,2
62983,44,9,35,2
62984,61,8,53,2
62985,66,9,57,2
62986,45,7,38,2
62987,55,8,47,2
62988,49,11,38,2
62989,58,9,49,2
62990,49,3,46,2
62991,56,5,51,2
62992,53,8,45,2
62993,58,7,51,2
62994,63,10,53,2
62995,50,3,47,2
62996,59,5,54,2
62997,50,7,43,2
62998,52,4,48,2
62999,47,11,36,2
63000,55,11,44,2
63001,55,10,45,2
63002,66,4,62,2
63003,60,7,53,2
63004,54,2,52,2
63005,60,8,52,2
63006,62,8,54,2
63007,73,4,69,2
63008,57,7,50,2
63009,56,5,51,2
63010,63,10,53,2
63011,43,5,38,2
63012,50,5,45,2
63013,63,11,52,2
63014,61,11,50,2
63015,65,6,59,2
63016,48,8,40,2
63017,53,7,46,2
63018,50,6,44,2
63019,52,8,44,2
63020,45,4,41,2
63021,53,8,45,2
63022,55,6,49,2
63023,58,6,52,2
63024,62,2,60,2
63025,50,6,44,2
63026,54,5,49,2
63027,65,11,54,2
63028,44,7,37,2
63029,47,7,40,2
63030,57,7,50,2
63031,60,6,54,2
63032,64,3,61,2
63033,56,5,51,2
63035,63,3,60,2
63036,56,6,50,2
63037,58,8,50,2
63038,49,8,41,2
63039,57,10,47,2
63040,70,9,61,2
63041,51,6,45,2
63042,52,4,48,2
63043,64,6,58,2
63044,70,11,59,2
63045,56,8,48,2
63046,43,6,37,2
63047,53,5,48,2
63048,69,11,58,2
63049,64,6,58,2
63050,50,8,42,2
63051,47,5,42,2
63052,49,6,43,2
63053,53,5,48,2
63054,48,4,44,2
63055,48,8,40,2
63056,54,8,46,2
63057,53,5,48,2
63058,36,4,32,2
63059,64,8,56,2
63060,65,6,59,2
63061,69,8,61,2
63062,56,9,47,2
63063,50,3,47,2
63064,58,9,49,2
63065,53,5,48,2
63066,46,5,41,2
63067,58,7,51,2
63068,56,6,50,2
63069,31,2,29,2
63070,55,4,51,2
63071,66,6,60,2
63072,58,5,53,2
63073,60,6,54,2
63074,56,4,52,2
63075,60,8,52,2
63076,49,6,43,2
63077,62,6,56,2
63078,47,5,42,2
63079,42,3,39,2
63080,54,7,47,2
63081,49,6,43,2
63082,60,2,58,2
63083,51,6,45,2
63084,52,6,46,2
63085,57,6,51,2
63086,58,7,51,2
63087,48,6,42,2
63088,44,10,34,2
63089,52,7,45,2
63090,45,4,41,2
63091,45,2,43,2
63093,50,10,40,2
63094,60,6,54,2
63095,64,6,58,2
63096,41,4,37,2
63097,64,9,55,2
63098,45,6,39,2
63099,66,7,59,2
63100,60,4,56,2
63101,53,6,47,2
63102,52,4,48,2
63103,66,8,58,2
63104,63,8,55,2
63105,63,13,50,2
63106,52,3,49,2
63107,49,5,44,2
63108,62,8,54,2
63109,54,7,47,2
63110,53,10,43,2
63111,42,6,36,2
63112,74,17,57,2
63113,62,6,56,2
63114,45,5,40,2
63115,70,10,60,2
63116,48,4,44,2
63117,61,14,47,2
63118,55,5,50,2
63119,53,6,47,2
63120,42,6,36,2
63121,41,7,34,2
63122,55,7,48,2
63123,56,10,46,2
63124,59,8,51,2
63125,51,5,46,2
63126,64,6,58,2
63127,50,8,42,2
63128,69,6,63,2
63129,56,8,48,2
63130,50,3,47,2
63131,44,11,33,2
63132,77,6,71,2
63133,56,4,52,2
63134,50,8,42,2
63135,61,11,50,2
63136,48,6,42,2
63137,34,2,32,2
63138,45,3,42,2
63139,41,8,33,2
63140,61,7,54,2
63141,54,7,47,2
63142,60,7,53,2
63143,60,9,51,2
63144,50,5,45,2
63145,48,8,40,2
63146,56,10,46,2
63147,47,5,42,2
63148,48,8,40,2
63149,51,9,42,2
63150,60,8,52,2
63151,49,6,43,2
63152,49,3,46,2
63153,56,10,46,2
63154,52,6,46,2
63155,62,7,55,2
63156,64,4,60,2
63157,68,12,56,2
63158,51,7,44,2
63159,52,2,50,2
63160,60,5,55,2
63161,54,5,49,2
63162,71,8,63,2
63163,61,5,56,2
63164,55,5,50,2
63165,56,8,48,2
63166,49,10,39,2
63167,51,9,42,2
63168,55,8,47,2
63169,51,2,49,2
63170,52,12,40,2
63171,54,5,49,2
63172,61,7,54,2
63173,61,9,52,2
63174,45,8,37,2
63175,40,4,36,2
63176,75,13,62,2
63177,54,6,48,2
63178,64,7,57,2
63179,45,5,40,2
63180,51,8,43,2
63181,56,6,50,2
63182,58,6,52,2
63183,55,5,50,2
63184,57,4,53,2
63185,63,5,58,2
63186,57,12,45,2
63187,58,11,47,2
63188,60,9,51,2
63189,50,8,42,2
63190,36,3,33,2
63191,61,10,51,2
63192,54,8,46,2
63193,55,4,51,2
63194,58,11,47,2
63195,50,6,44,2
63196,63,15,48,2
63197,41,3,38,2
63198,71,10,61,2
63199,49,4,45,2
63200,55,6,49,2
63201,59,5,54,2
63202,62,8,54,2
63203,61,9,52,2
63204,68,4,64,2
63205,44,4,40,2
63206,59,9,50,2
63207,58,9,49,2
63208,49,7,42,2
63209,57,7,50,2
63210,41,5,36,2
63211,53,5,48,2
63212,54,7,47,2
63213,46,5,41,2
63214,55,5,50,2
63215,51,3,48,2
63216,61,7,54,2
63217,58,8,50,2
63218,51,11,40,2
63219,51,4,47,2
63220,46,4,42,2
63221,68,5,63,2
63222,59,5,54,2
63223,45,3,42,2
63224,61,8,53,2
63225,69,12,57,2
63226,45,3,42,2
63227,49,8,41,2
63228,55,3,52,2
63229,62,7,55,2
63230,62,9,53,2
63231,51,6,45,2
63232,45,4,41,2
63233,58,7,51,2
63234,63,4,59,2
63235,55,9,46,2
63236,45,5,40,2
63237,44,3,41,2
63238,48,5,43,2
63239,52,11,41,2
63240,52,5,47,2
63241,47,6,41,2
63242,60,12,48,2
63243,52,8,44,2
63244,36,3,33,2
63245,66,6,60,2
63246,60,7,53,2
63247,55,6,49,2
63248,43,7,36,2
63249,61,7,54,2
63250,58,5,53,2
63251,63,11,52,2
63252,50,6,44,2
63253,54,9,45,2
63254,69,11,58,2
63255,43,1,42,2
63256,60,8,52,2
63257,53,8,45,2
63258,60,6,54,2
63259,55,6,49,2
63260,61,6,55,2
63261,58,7,51,2
63262,61,11,50,2
63263,56,7,49,2
63264,69,8,61,2
63265,52,6,46,2
63266,53,3,50,2
63267,56,6,50,2
63268,53,6,47,2
63269,41,5,36,2
63270,60,3,57,2
63271,50,5,45,2
63272,64,6,58,2
63273,58,11,47,2
63274,49,5,44,2
63275,56,6,50,2
63276,51,5,46,2
63277,64,6,58,2
63278,52,11,41,2
63279,48,6,42,2
63280,55,3,52,2
63281,52,8,44,2
63282,54,5,49,2
63283,50,7,43,2
63284,47,6,41,2
63285,63,4,59,2
63286,49,5,44,2
63287,56,8,48,2
63288,54,5,49,2
63289,54,9,45,2
63290,55,6,49,2
63291,48,6,42,2
63292,49,5,44,2
63293,58,8,50,2
63294,54,3,51,2
63295,58,8,50,2
63296,42,2,40,2
63297,60,6,54,2
63298,58,10,48,2
63299,54,3,51,2
63300,52,9,43,2
63301,58,4,54,2
63302,61,11,50,2
63303,44,4,40,2
63304,65,9,56,2
63305,63,10,53,2
63306,58,4,54,2
63307,62,8,54,2
63308,44,8,36,2
63309,48,2,46,2
63310,64,4,60,2
63311,60,6,54,2
63312,63,9,54,2
63313,68,11,57,2
63314,54,3,51,2
63315,53,7,46,2
63316,52,9,43,2
63317,49,0,49,1
63318,47,7,40,2
63319,55,6,49,2
63320,66,7,59,2
63321,54,10,44,2
63322,60,6,54,2
63323,54,10,44,2
63324,54,9,45,2
63325,62,6,56,2
63326,51,9,42,2
63327,58,4,54,2
63328,49,6,43,2
63329,59,6,53,2
63330,58,9,49,2
63331,55,11,44,2
63332,47,7,40,2
63333,57,6,51,2
63334,63,5,58,2
63335,60,11,49,2
63336,49,6,43,2
63337,60,7,53,2
63338,46,3,43,2
63339,48,7,41,2
63340,57,6,51,2
63341,48,7,41,2
63342,60,12,48,2
63343,58,6,52,2
63344,58,8,50,2
63345,49,5,44,2
63346,51,6,45,2
63347,64,14,50,2
63348,46,3,43,2
63349,66,9,57,2
63350,60,10,50,2
63351,55,7,48,2
63352,50,5,45,2
63353,58,12,46,2
63354,60,9,51,2
63355,47,6,41,2
63356,60,9,51,2
63357,52,5,47,2
63358,50,6,44,2
63359,51,6,45,2
63360,47,10,37,2
63361,54,4,50,2
63362,45,4,41,2
63363,56,7,49,2
63364,42,3,39,2
63365,52,7,45,2
63366,58,7,51,2
63367,59,7,52,2
63368,57,15,42,2
63369,61,8,53,2
63370,45,2,43,2
63371,72,8,64,2
63372,71,6,65,2
63373,49,6,43,2
63374,40,4,36,2
63375,51,6,45,2
63376,52,8,44,2
63377,69,9,60,2
63378,68,6,62,2
63379,61,7,54,2
63380,53,7,46,2
63381,57,9,48,2
63382,43,6,37,2
63383,59,7,52,2
63384,60,8,52,2
63385,59,6,53,2
63386,55,7,48,2
63387,60,5,55,2
63388,48,10,38,2
63389,60,4,56,2
63390,66,6,60,2
63391,49,11,38,2
63392,60,6,54,2
63393,50,10,40,2
63394,53,6,47,2
63395,54,6,48,2
63396,50,5,45,2
63397,52,7,45,2
63398,54,8,46,2
63399,59,8,51,2
63400,53,5,48,2
63401,53,9,44,2
63402,51,3,48,2
63403,53,10,43,2
63404,59,4,55,2
63405,53,6,47,2
63406,64,3,61,2
63407,46,8,38,2
63408,58,5,53,2
63409,46,4,42,2
63410,45,7,38,2
63411,57,6,51,2
63412,52,8,44,2
63413,52,9,43,2
63414,48,2,46,2
63415,48,6,42,2
63416,53,6,47,2
63417,45,6,39,2
63418,52,7,45,2
63419,60,12,48,2
63420,45,6,39,2
63421,62,12,50,2
63422,54,4,50,2
63423,55,11,44,2
63424,50,7,43,2
63425,63,9,54,2
63426,49,5,44,2
63427,42,8,34,2
63428,62,9,53,2
63429,47,6,41,2
63430,53,4,49,2
63431,52,1,51,2
63432,65,8,57,2
63433,59,2,57,2
63434,57,8,49,2
63435,49,8,41,2
63436,53,10,43,2
63437,57,7,50,2
63438,64,10,54,2
63439,59,5,54,2
63440,50,8,42,2
63441,70,10,60,2
63442,58,13,45,2
63443,48,6,42,2
63444,58,8,50,2
63445,47,4,43,2
63446,46,5,41,2
63447,53,7,46,2
63448,60,6,54,2
63449,48,6,42,2
63450,57,8,49,2
63451,59,11,48,2
63452,57,3,54,2
63453,53,7,46,2
63454,46,6,40,2
63455,50,8,42,2
63456,53,4,49,2
63457,69,12,57,2
63458,42,4,38,2
63459,58,9,49,2
63460,49,10,39,2
63461,45,3,42,2
63462,47,5,42,2
63463,55,3,52,2
63464,44,1,43,2
63465,46,6,40,2
63466,48,9,39,2
63467,56,8,48,2
63468,54,7,47,2
63469,50,4,46,2
63470,55,6,49,2
63471,44,4,40,2
63472,46,6,40,2
63473,56,5,51,2
63474,61,5,56,2
63475,71,5,66,2
63476,52,6,46,2
63477,49,5,44,2
63478,61,5,56,2
63479,54,8,46,2
63480,46,6,40,2
63481,59,5,54,2
63482,53,2,51,2
63483,49,4,45,2
63484,47,5,42,2
63485,47,7,40,2
63486,48,6,42,2
63487,38,0,38,1
63488,57,11,46,2
63489,58,3,55,2
63490,60,5,55,2
63491,42,6,36,2
63492,63,9,54,2
63493,48,3,45,2
63494,66,8,58,2
63495,62,7,55,2
63496,68,10,58,2
63497,50,4,46,2
63498,51,3,48,2
63499,53,6,47,2
63500,72,5,67,2
63501,55,9,46,2
63502,54,9,45,2
63503,66,7,59,2
63504,45,7,38,2
63505,56,7,49,2
63506,50,4,46,2
63507,54,8,46,2
63508,48,3,45,2
63509,62,4,58,2
63510,50,6,44,2
63511,56,5,51,2
63512,56,10,46,2
63513,53,7,46,2
63514,53,7,46,2
63515,51,9,42,2
63516,63,9,54,2
63517,54,7,47,2
63518,40,2,38,2
63519,48,4,44,2
63520,52,6,46,2
63521,46,6,40,2
63522,58,7,51,2
63523,56,8,48,2
63524,45,8,37,2
63525,54,9,45,2
63526,74,7,67,2
63527,58,5,53,2
63528,63,11,52,2
63529,57,7,50,2
63530,56,9,47,2
63531,61,8,53,2
63532,50,6,44,2
63533,58,2,56,2
63534,73,11,62,2
63535,53,8,45,2
63536,56,9,47,2
63537,56,8,48,2
63538,54,11,43,2
63539,62,11,51,2
63540,44,4,40,2
63541,58,7,51,2
63542,44,5,39,2
63543,48,1,47,2
63544,39,7,32,2
63545,53,5,48,2
63546,45,9,36,2
63547,48,4,44,2
63548,43,7,36,2
63549,61,4,57,2
63550,51,9,42,2
63551,47,6,41,2
63552,66,10,56,2
63553,60,2,58,2
63554,50,6,44,2
63555,81,12,69,2
63556,57,8,49,2
63557,56,8,48,2
63558,57,10,47,2
63559,58,9,49,2
63560,61,7,54,2
63561,55,5,50,2
63562,55,7,48,2
63563,56,6,50,2
63564,50,6,44,2
63565,49,6,43,2
63566,54,5,49,2
63567,57,5,52,2
63568,44,7,37,2
63569,47,2,45,2
63570,63,6,57,2
63571,44,5,39,2
63572,51,4,47,2
63573,51,4,47,2
63574,54,6,48,2
63575,60,10,50,2
63576,55,7,48,2
63577,51,6,45,2
63578,54,3,51,2
63579,60,12,48,2
63580,48,5,43,2
63581,57,6,51,2
63582,53,7,46,2
63583,58,7,51,2
63584,64,8,56,2
63585,60,8,52,2
63586,61,5,56,2
63587,41,7,34,2
63588,49,4,45,2
63589,43,5,38,2
63590,53,5,48,2
63591,54,7,47,2
63592,50,5,45,2
63593,67,15,52,2
63594,50,5,45,2
63595,65,7,58,2
63596,49,5,44,2
63597,52,4,48,2
63598,52,2,50,2
63599,48,5,43,2
63600,52,2,50,2
63601,61,6,55,2
63602,46,1,45,2
63603,54,9,45,2
63604,57,3,54,2
63605,60,10,50,2
63606,42,9,33,2
63607,56,6,50,2
63608,48,4,44,2
63609,39,4,35,2
63610,55,6,49,2
63611,49,7,42,2
63612,53,5,48,2
63613,56,3,53,2
63614,59,4,55,2
63615,62,6,56,2
63616,58,6,52,2
63617,63,13,50,2
63618,55,8,47,2
63619,46,4,42,2
63620,58,10,48,2
63621,60,10,50,2
63622,47,6,41,2
63623,67,10,57,2
63624,47,6,41,2
63625,47,9,38,2
63626,51,7,44,2
63627,57,3,54,2
63628,59,10,49,2
63629,42,4,38,2
63630,40,4,36,2
63631,60,6,54,2
63632,47,3,44,2
63633,69,9,60,2
63634,58,4,54,2
63635,58,5,53,2
63636,46,9,37,2
63637,53,6,47,2
63638,41,4,37,2
63639,60,8,52,2
63640,80,13,67,2
63641,54,11,43,2
63642,48,7,41,2
63643,67,6,61,2
63644,53,4,49,2
63645,58,5,53,2
63646,56,5,51,2
63647,60,7,53,2
63648,55,7,48,2
63649,54,6,48,2
63650,64,13,51,2
63651,61,2,59,2
63652,51,4,47,2
63653,68,9,59,2
63654,42,5,37,2
63655,41,10,31,2
63656,54,4,50,2
63657,38,3,35,2
63658,63,8,55,2
63659,50,8,42,2
63660,59,4,55,2
63661,60,6,54,2
63662,46,4,42,2
63663,51,6,45,2
63664,64,8,56,2
63665,61,9,52,2
63666,53,6,47,2
63667,45,5,40,2
63668,55,6,49,2
63669,58,5,53,2
63670,52,6,46,2
63671,50,6,44,2
63672,46,5,41,2
63673,57,7,50,2
63674,64,7,57,2
63675,53,9,44,2
63676,41,3,38,2
63677,59,8,51,2
63678,56,9,47,2
63679,60,9,51,2
63680,58,5,53,2
63681,57,11,46,2
63682,53,7,46,2
63683,52,8,44,2
63684,57,6,51,2
63685,51,7,44,2
63686,58,6,52,2
63687,69,6,63,2
63688,37,7,30,2
63689,54,5,49,2
63690,54,8,46,2
63691,55,10,45,2
63692,57,2,55,2
63693,53,5,48,2
63694,54,6,48,2
63695,50,5,45,2
63696,55,8,47,2
63697,59,0,59,1
63698,50,6,44,2
63699,45,6,39,2
63700,59,9,50,2
63701,60,5,55,2
63702,52,7,45,2
63703,65,11,54,2
63704,46,7,39,2
63705,69,8,61,2
63706,50,9,41,2
63707,47,2,45,2
63708,51,5,46,2
63709,56,6,50,2
63710,53,10,43,2
63711,55,4,51,2
63712,67,4,63,2
63713,52,7,45,2
63714,55,2,53,2
63715,47,7,40,2
63716,59,7,52,2
63717,49,5,44,2
63718,55,7,48,2
63719,45,6,39,2
63720,59,7,52,2
63721,54,8,46,2
63722,41,5,36,2
63723,60,5,55,2
63724,46,2,44,2
63725,49,11,38,2
63726,49,8,41,2
63727,57,10,47,2
63728,62,5,57,2
63729,58,7,51,2
63730,60,12,48,2
63731,61,7,54,2
63732,41,7,34,2
63733,43,3,40,2
63734,48,5,43,2
63735,54,8,46,2
63736,57,6,51,2
63737,55,6,49,2
63738,54,9,45,2
63739,69,10,59,2
63740,48,4,44,2
63741,59,11,48,2
63742,58,3,55,2
63743,55,6,49,2
63744,66,5,61,2
63745,62,10,52,2
63746,50,5,45,2
63747,53,6,47,2
63748,36,3,33,2
63749,68,9,59,2
63750,49,8,41,2
63751,60,5,55,2
63752,51,7,44,2
63753,60,7,53,2
63754,60,9,51,2
63755,54,7,47,2
63756,55,6,49,2
63757,43,6,37,2
63758,58,11,47,2
63759,39,6,33,2
63760,56,2,54,2
63761,54,8,46,2
63762,66,6,60,2
63763,48,5,43,2
63764,53,8,45,2
63765,48,6,42,2
63766,51,3,48,2
63767,52,4,48,2
63768,40,3,37,2
63769,55,7,48,2
63770,53,9,44,2
63771,56,5,51,2
63772,68,9,59,2
63773,50,4,46,2
63774,62,4,58,2
63775,57,8,49,2
63776,60,10,50,2
63777,49,7,42,2
63778,63,10,53,2
63779,65,12,53,2
63780,40,5,35,2
63781,58,13,45,2
63782,55,7,48,2
63783,55,8,47,2
63784,42,4,38,2
63785,59,5,54,2
63786,53,10,43,2
63787,69,11,58,2
63788,55,14,41,2
63789,47,9,38,2
63790,53,5,48,2
63791,57,2,55,2
63792,53,6,47,2
63793,43,9,34,2
63794,49,5,44,2
63795,38,2,36,2
63796,52,5,47,2
63797,51,5,46,2
63798,62,8,54,2
63799,46,5,41,2
63800,51,4,47,2
63801,51,15,36,2
63802,55,7,48,2
63803,45,4,41,2
63804,53,5,48,2
63805,67,6,61,2
63806,62,5,57,2
63807,59,7,52,2
63808,55,8,47,2
63809,57,6,51,2
63810,49,5,44,2
63811,63,5,58,2
63812,51,4,47,2
63813,48,6,42,2
63814,61,3,58,2
63815,52,8,44,2
63816,67,5,62,2
63817,48,8,40,2
63818,56,7,49,2
63819,50,2,48,2
63820,57,5,52,2
63821,47,4,43,2
63822,51,4,47,2
63823,46,4,42,2
63824,69,4,65,2
63825,54,4,50,2
63826,61,7,54,2
63827,61,12,49,2
63828,56,9,47,2
63829,60,9,51,2
63830,46,3,43,2
63831,53,8,45,2
63832,51,4,47,2
63833,56,7,49,2
63834,47,4,43,2
63835,67,5,62,2
63836,48,6,42,2
63837,48,3,45,2
63838,52,4,48,2
63839,69,5,64,2
63840,52,5,47,2
63841,49,9,40,2
63842,49,6,43,2
63843,58,8,50,2
63844,48,6,42,2
63845,55,5,50,2
63846,62,7,55,2
63847,45,5,40,2
63848,56,8,48,2
63849,56,8,48,2
63850,52,3,49,2
63851,50,7,43,2
63852,65,8,57,2
63853,47,2,45,2
63854,52,5,47,2
63855,45,6,39,2
63856,56,4,52,2
63857,40,5,35,2
63858,47,5,42,2
63859,52,3,49,2
63860,66,12,54,2
63861,47,10,37,2
63862,60,6,54,2
63863,60,5,55,2
63864,50,7,43,2
63865,50,4,46,2
63866,67,4,63,2
63867,70,9,61,2
63868,61,11,50,2
63869,64,6,58,2
63870,61,9,52,2
63871,57,10,47,2
63872,53,6,47,2
63873,53,4,49,2
63874,61,9,52,2
63875,67,13,54,2
63876,49,3,46,2
63877,57,5,52,2
63878,62,12,50,2
63879,58,3,55,2
63880,48,11,37,2
63881,56,4,52,2
63882,43,4,39,2
63883,57,10,47,2
63884,52,6,46,2
63885,63,7,56,2
63886,51,6,45,2
63887,50,8,42,2
63888,48,4,44,2
63889,61,13,48,2
63890,49,10,39,2
63891,60,6,54,2
63892,56,11,45,2
63893,51,6,45,2
63894,51,2,49,2
63895,47,4,43,2
63896,63,5,58,2
63897,53,4,49,2
63898,57,3,54,2
63899,41,2,39,2
63900,72,4,68,2
63901,56,10,46,2
63902,47,4,43,2
63903,51,5,46,2
63904,57,9,48,2
63905,65,9,56,2
63906,57,8,49,2
63907,51,6,45,2
63908,39,4,35,2
63909,52,5,47,2
63910,50,8,42,2
63911,51,9,42,2
63912,53,11,42,2
63913,43,4,39,2
63914,65,7,58,2
63915,51,8,43,2
63916,49,5,44,2
63917,57,8,49,2
63918,48,9,39,2
63919,54,7,47,2
63920,48,4,44,2
63921,57,4,53,2
63922,57,4,53,2
63923,43,2,41,2
63924,47,7,40,2
63925,66,8,58,2
63926,49,5,44,2
63927,63,6,57,2
63928,52,5,47,2
63929,61,6,55,2
63930,50,5,45,2
63931,51,4,47,2
63932,48,5,43,2
63933,59,7,52,2
63934,68,5,63,2
63935,59,8,51,2
63936,63,10,53,2
63937,54,9,45,2
63938,46,7,39,2
63939,66,6,60,2
63940,48,4,44,2
63941,56,8,48,2
63942,51,4,47,2
63943,48,3,45,2
63944,59,10,49,2
63945,64,15,49,2
63946,48,3,45,2
63947,56,4,52,2
63948,36,5,31,2
63949,48,3,45,2
63950,53,4,49,2
63951,67,6,61,2
63952,51,3,48,2
63953,63,7,56,2
63954,57,6,51,2
63955,57,5,52,2
63956,60,9,51,2
63957,57,5,52,2
63958,56,7,49,2
63959,61,9,52,2
63960,64,10,54,2
63961,46,8,38,2
63962,60,6,54,2
63964,58,4,54,2
63965,46,3,43,2
63966,56,10,46,2
63967,45,4,41,2
63968,52,6,46,2
63969,55,5,50,2
63970,53,9,44,2
63971,63,10,53,2
63972,48,7,41,2
63973,54,10,44,2
63974,54,5,49,2
63975,59,3,56,2
63976,48,4,44,2
63977,62,6,56,2
63978,64,10,54,2
63979,57,10,47,2
63980,57,6,51,2
63981,64,10,54,2
63982,50,6,44,2
63983,59,9,50,2
63984,54,11,43,2
63985,48,7,41,2
63986,55,5,50,2
63987,49,8,41,2
63988,46,5,41,2
63989,45,8,37,2
63990,54,7,47,2
63991,50,9,41,2
63992,47,6,41,2
63993,59,5,54,2
63994,61,6,55,2
63995,52,3,49,2
63996,64,4,60,2
63997,54,11,43,2
63998,43,3,40,2
63999,51,8,43,2
64000,49,4,45,2
64001,54,9,45,2
64002,49,5,44,2
64003,57,5,52,2
64004,48,7,41,2
64005,54,8,46,2
64006,58,10,48,2
64007,55,6,49,2
64008,67,7,60,2
64009,58,7,51,2
64010,62,9,53,2
64011,73,9,64,2
64012,72,5,67,2
64013,65,2,63,2
64014,48,8,40,2
64015,57,6,51,2
64016,54,4,50,2
64017,55,4,51,2
64018,56,14,42,2
64019,48,5,43,2
64020,60,6,54,2
64021,63,8,55,2
64022,58,9,49,2
64023,53,4,49,2
64024,43,2,41,2
64025,54,7,47,2
64026,52,9,43,2
64027,70,13,57,2
64028,47,3,44,2
64029,68,8,60,2
64030,53,4,49,2
64031,56,5,51,2
64032,55,7,48,2
64033,55,10,45,2
64034,55,5,50,2
64035,69,6,63,2
64036,60,7,53,2
64037,53,10,43,2
64038,52,5,47,2
64039,37,7,30,2
64040,57,4,53,2
64041,60,5,55,2
64042,64,6,58,2
64043,53,6,47,2
64044,46,6,40,2
64045,45,6,39,2
64046,43,3,40,2
64047,63,7,56,2
64048,57,9,48,2
64049,47,6,41,2
64050,62,8,54,2
64051,65,7,58,2
64052,64,10,54,2
64053,50,5,45,2
64054,57,3,54,2
64055,57,4,53,2
64056,45,8,37,2
64057,62,9,53,2
64058,55,5,50,2
64059,58,11,47,2
64060,49,9,40,2
64061,46,3,43,2
64062,67,7,60,2
64063,60,6,54,2
64064,57,6,51,2
64065,53,9,44,2
64066,47,6,41,2
64067,56,5,51,2
64068,55,7,48,2
64069,47,2,45,2
64070,61,12,49,2
64071,65,2,63,2
64072,58,8,50,2
64073,57,7,50,2
64074,52,4,48,2
64075,49,7,42,2
64076,55,5,50,2
64077,46,7,39,2
64078,56,4,52,2
64079,44,6,38,2
64080,47,6,41,2
64081,55,8,47,2
64082,54,6,48,2
64083,57,2,55,2
64084,53,3,50,2
64085,53,6,47,2
64086,56,5,51,2
64087,46,4,42,2
64088,57,9,48,2
64089,60,6,54,2
64090,59,8,51,2
64091,64,6,58,2
64092,53,12,41,2
64093,41,4,37,2
64094,45,6,39,2
64095,58,6,52,2
64096,46,5,41,2
64097,57,6,51,2
64098,56,8,48,2
64099,48,4,44,2
64100,66,6,60,2
64101,58,6,52,2
64102,47,5,42,2
64103,55,7,48,2
64104,48,5,43,2
64105,52,8,44,2
64106,34,4,30,2
64107,56,5,51,2
64108,57,3,54,2
64109,52,5,47,2
64110,61,7,54,2
64111,51,6,45,2
64112,66,12,54,2
64113,52,11,41,2
64114,47,5,42,2
64115,48,8,40,2
64116,55,5,50,2
64117,59,4,55,2
64118,52,5,47,2
64119,49,8,41,2
64120,46,1,45,2
64121,40,6,34,2
64122,57,7,50,2
64123,48,5,43,2
64124,56,9,47,2
64125,58,8,50,2
64126,53,3,50,2
64127,60,10,50,2
64128,59,7,52,2
64129,58,12,46,2
64130,60,7,53,2
64131,56,6,50,2
64132,68,4,64,2
64133,62,5,57,2
64134,50,4,46,2
64135,65,7,58,2
64136,55,5,50,2
64137,55,8,47,2
64138,51,8,43,2
64139,46,4,42,2
64140,58,8,50,2
64141,59,4,55,2
64142,48,7,41,2
64143,43,2,41,2
64144,54,7,47,2
64145,50,4,46,2
64146,59,9,50,2
64147,53,6,47,2
64148,61,5,56,2
64149,48,6,42,2
64150,67,6,61,2
64151,59,5,54,2
64152,65,8,57,2
64153,47,7,40,2
64154,59,12,47,2
64155,60,5,55,2
64156,56,10,46,2
64157,50,6,44,2
64158,42,3,39,2
64159,57,6,51,2
64160,64,7,57,2
64161,60,7,53,2
64162,42,5,37,2
64163,67,5,62,2
64164,66,7,59,2
64165,53,6,47,2
64166,64,6,58,2
64167,50,2,48,2
64168,51,6,45,2
64169,44,6,38,2
64170,63,8,55,2
64171,57,5,52,2
64172,60,8,52,2
64173,65,4,61,2
64174,69,10,59,2
64175,53,2,51,2
64176,44,5,39,2
64177,47,6,41,2
64178,65,8,57,2
64179,62,10,52,2
64180,65,8,57,2
64181,68,11,57,2
64182,47,3,44,2
64183,53,11,42,2
64184,53,9,44,2
64185,61,4,57,2
64186,61,11,50,2
64187,56,3,53,2
64188,64,10,54,2
64189,48,2,46,2
64190,47,5,42,2
64191,48,6,42,2
64192,61,11,50,2
64193,52,8,44,2
64194,54,7,47,2
64195,54,10,44,2
64196,55,8,47,2
64197,61,13,48,2
64198,41,9,32,2
64199,60,5,55,2
64200,50,6,44,2
64201,50,9,41,2
64202,45,8,37,2
64203,41,5,36,2
64204,44,5,39,2
64205,58,5,53,2
64206,57,8,49,2
64207,44,7,37,2
64208,49,3,46,2
64209,59,3,56,2
64210,56,12,44,2
64211,57,4,53,2
64212,60,6,54,2
64213,56,8,48,2
64214,50,5,45,2
64215,66,8,58,2
64216,57,6,51,2
64217,53,2,51,2
64218,59,7,52,2
64219,55,5,50,2
64220,58,9,49,2
64221,56,3,53,2
64222,54,4,50,2
64223,49,5,44,2
64224,45,3,42,2
64225,55,9,46,2
64226,50,8,42,2
64227,52,4,48,2
64228,47,8,39,2
64229,62,5,57,2
64230,60,7,53,2
64231,62,5,57,2
64232,52,8,44,2
64233,59,7,52,2
64234,63,10,53,2
64235,59,7,52,2
64237,48,6,42,2
64238,58,5,53,2
64239,49,5,44,2
64240,51,6,45,2
64241,56,7,49,2
64242,65,7,58,2
64243,58,5,53,2
64244,58,4,54,2
64245,49,6,43,2
64246,63,5,58,2
64247,58,2,56,2
64248,60,7,53,2
64249,76,8,68,2
64250,68,10,58,2
64251,38,4,34,2
64252,51,9,42,2
64253,55,6,49,2
64254,60,1,59,2
64255,52,6,46,2
64256,53,4,49,2
64257,63,10,53,2
64258,52,6,46,2
64259,54,6,48,2
64260,61,12,49,2
64261,51,4,47,2
64262,48,5,43,2
64263,53,8,45,2
64264,46,5,41,2
64265,48,4,44,2
64266,54,11,43,2
64267,45,8,37,2
64268,58,6,52,2
64269,69,6,63,2
64270,46,8,38,2
64271,54,6,48,2
64272,53,9,44,2
64273,55,8,47,2
64274,48,5,43,2
64275,61,8,53,2
64276,45,5,40,2
64277,56,9,47,2
64278,40,6,34,2
64279,51,6,45,2
64280,62,3,59,2
64281,58,6,52,2
64282,56,5,51,2
64283,42,7,35,2
64284,41,6,35,2
64285,65,14,51,2
64286,58,11,47,2
64287,49,6,43,2
64288,57,5,52,2
64289,46,4,42,2
64290,59,3,56,2
64291,62,11,51,2
64292,60,14,46,2
64293,57,4,53,2
64294,45,9,36,2
64295,57,7,50,2
64296,64,11,53,2
64297,87,8,79,2
64298,41,5,36,2
64299,47,8,39,2
64300,62,9,53,2
64301,47,3,44,2
64302,57,4,53,2
64303,51,7,44,2
64304,65,5,60,2
64305,58,2,56,2
64306,59,5,54,2
64307,53,9,44,2
64308,60,5,55,2
64309,56,11,45,2
64310,54,4,50,2
64311,57,2,55,2
64312,48,10,38,2
64313,47,8,39,2
64314,60,13,47,2
64315,67,7,60,2
64316,56,8,48,2
64317,49,6,43,2
64318,52,2,50,2
64319,38,2,36,2
64320,48,7,41,2
64321,57,5,52,2
64322,46,11,35,2
64323,55,8,47,2
64324,47,2,45,2
64325,33,3,30,2
64326,58,5,53,2
64327,52,8,44,2
64328,56,8,48,2
64329,51,8,43,2
64330,54,8,46,2
64331,48,5,43,2
64332,51,5,46,2
64333,53,9,44,2
64334,52,7,45,2
64335,55,6,49,2
64336,43,5,38,2
64337,53,5,48,2
64338,53,6,47,2
64339,49,10,39,2
64340,50,3,47,2
64341,71,10,61,2
64342,61,12,49,2
64343,59,6,53,2
64344,50,4,46,2
64345,58,6,52,2
64346,51,8,43,2
64347,60,6,54,2
64348,55,1,54,2
64349,50,6,44,2
64350,53,4,49,2
64351,61,14,47,2
64352,62,11,51,2
64353,56,5,51,2
64354,51,11,40,2
64355,53,9,44,2
64356,47,5,42,2
64357,54,5,49,2
64358,60,7,53,2
64359,64,10,54,2
64360,79,6,73,2
64361,50,3,47,2
64362,45,9,36,2
64363,57,6,51,2
64364,56,13,43,2
64365,56,7,49,2
64366,47,6,41,2
64367,59,8,51,2
64368,48,8,40,2
64369,48,8,40,2
64370,54,6,48,2
64371,52,7,45,2
64372,56,4,52,2
64373,43,6,37,2
64374,47,2,45,2
64375,56,6,50,2
64376,73,15,58,2
64377,53,4,49,2
64378,44,3,41,2
64379,55,10,45,2
64380,42,1,41,2
64381,52,3,49,2
64382,44,6,38,2
64383,58,8,50,2
64384,52,6,46,2
64385,52,5,47,2
64386,53,6,47,2
64387,63,8,55,2
64388,66,9,57,2
64389,60,6,54,2
64390,60,5,55,2
64391,49,6,43,2
64392,62,6,56,2
64393,61,8,53,2
64394,48,8,40,2
64395,49,5,44,2
64396,62,9,53,2
64397,49,6,43,2
64398,57,6,51,2
64399,62,12,50,2
64400,55,6,49,2
64401,50,5,45,2
64402,53,7,46,2
64403,44,4,40,2
64404,55,7,48,2
64405,68,8,60,2
64406,63,5,58,2
64407,64,9,55,2
64408,65,9,56,2
64409,62,8,54,2
64410,59,6,53,2
64411,60,4,56,2
64412,57,10,47,2
64413,46,2,44,2
64414,66,8,58,2
64415,52,8,44,2
64416,49,4,45,2
64417,56,7,49,2
64418,61,7,54,2
64419,69,9,60,2
64420,49,5,44,2
64421,60,6,54,2
64422,70,12,58,2
64423,55,8,47,2
64424,49,4,45,2
64425,49,4,45,2
64426,40,4,36,2
64427,50,9,41,2
64428,63,5,58,2
64429,71,7,64,2
64430,54,7,47,2
64431,50,11,39,2
64432,56,8,48,2
64433,56,7,49,2
64434,55,8,47,2
64435,50,1,49,2
64436,65,11,54,2
64437,59,3,56,2
64438,51,5,46,2
64439,46,6,40,2
64440,59,9,50,2
64441,45,5,40,2
64442,64,9,55,2
64443,49,5,44,2
64444,62,4,58,2
64445,60,7,53,2
64446,44,3,41,2
64447,47,6,41,2
64448,53,4,49,2
64449,57,8,49,2
64450,41,4,37,2
64451,73,16,57,2
64452,51,6,45,2
64453,59,6,53,2
64454,60,10,50,2
64455,38,5,33,2
64456,57,3,54,2
64457,52,9,43,2
64458,53,5,48,2
64459,50,3,47,2
64460,62,7,55,2
64461,51,7,44,2
64462,57,6,51,2
64463,51,5,46,2
64464,54,6,48,2
64465,61,3,58,2
64466,58,6,52,2
64467,48,7,41,2
64468,63,8,55,2
64469,52,8,44,2
64470,50,8,42,2
64471,45,8,37,2
64472,52,10,42,2
64473,52,9,43,2
64474,56,6,50,2
64475,57,5,52,2
64476,46,7,39,2
64477,58,8,50,2
64478,60,9,51,2
64479,48,2,46,2
64480,58,6,52,2
64481,46,6,40,2
64482,52,9,43,2
64483,70,14,56,2
64484,53,9,44,2
64485,53,5,48,2
64486,58,6,52,2
64487,63,9,54,2
64488,52,7,45,2
64489,52,6,46,2
64490,60,9,51,2
64491,47,4,43,2
64492,42,6,36,2
64493,59,3,56,2
64494,57,5,52,2
64495,60,11,49,2
64496,47,4,43,2
64497,50,10,40,2
64498,47,7,40,2
64499,53,3,50,2
64500,37,2,35,2
64501,56,7,49,2
64502,64,8,56,2
64503,53,5,48,2
64504,57,12,45,2
64505,70,15,55,2
64506,49,5,44,2
64507,56,7,49,2
64508,48,2,46,2
64509,54,10,44,2
64510,51,3,48,2
64511,60,4,56,2
64512,65,6,59,2
64513,57,8,49,2
64514,40,4,36,2
64515,61,7,54,2
64516,59,7,52,2
64517,72,11,61,2
64518,60,6,54,2
64519,54,6,48,2
64520,44,5,39,2
64521,46,5,41,2
64522,52,7,45,2
64523,63,9,54,2
64524,59,7,52,2
64525,65,6,59,2
64526,56,6,50,2
64527,52,5,47,2
64528,61,8,53,2
64529,65,7,58,2
64530,48,4,44,2
64531,60,10,50,2
64532,44,2,42,2
64533,49,1,48,2
64534,41,5,36,2
64535,59,6,53,2
64536,43,5,38,2
64537,56,8,48,2
64538,42,4,38,2
64539,62,10,52,2
64540,63,9,54,2
64541,51,7,44,2
64542,53,1,52,2
64543,50,12,38,2
64544,54,8,46,2
64545,55,4,51,2
64546,67,13,54,2
64547,48,6,42,2
64548,45,4,41,2
64549,46,9,37,2
64550,54,7,47,2
64551,45,5,40,2
64552,44,6,38,2
64553,69,10,59,2
64554,47,13,34,2
64555,52,10,42,2
64556,57,4,53,2
64557,42,6,36,2
64558,54,5,49,2
64559,44,6,38,2
64560,54,8,46,2
64561,59,10,49,2
64562,65,6,59,2
64563,65,7,58,2
64564,46,5,41,2
64565,59,7,52,2
64566,63,6,57,2
64567,47,6,41,2
64568,58,5,53,2
64569,46,6,40,2
64570,43,6,37,2
64571,59,8,51,2
64572,56,6,50,2
64573,60,7,53,2
64574,57,3,54,2
64575,56,6,50,2
64576,49,4,45,2
64577,65,12,53,2
64578,43,4,39,2
64579,55,7,48,2
64580,51,6,45,2
64581,54,9,45,2
64582,55,9,46,2
64583,67,6,61,2
64584,52,8,44,2
64585,72,12,60,2
64586,47,7,40,2
64587,55,3,52,2
64588,57,4,53,2
64589,67,7,60,2
64590,56,2,54,2
64591,61,6,55,2
64592,43,6,37,2
64593,53,6,47,2
64594,57,9,48,2
64595,43,5,38,2
64596,58,6,52,2
64597,62,8,54,2
64598,57,12,45,2
64599,57,11,46,2
64600,42,7,35,2
64601,60,9,51,2
64602,54,11,43,2
64603,68,3,65,2
64604,54,3,51,2
64605,43,8,35,2
64606,52,3,49,2
64607,55,6,49,2
64608,71,9,62,2
64609,55,8,47,2
64610,55,11,44,2
64611,50,7,43,2
64612,54,8,46,2
64613,55,7,48,2
64614,58,3,55,2
64615,49,5,44,2
64616,57,7,50,2
64617,40,5,35,2
64618,43,4,39,2
64619,60,7,53,2
64620,55,9,46,2
64621,55,6,49,2
64622,51,7,44,2
64623,57,9,48,2
64624,51,9,42,2
64625,49,6,43,2
64626,54,10,44,2
64627,58,5,53,2
64628,61,5,56,2
64629,68,13,55,2
64630,75,7,68,2
64631,49,5,44,2
64632,47,5,42,2
64633,55,4,51,2
64634,57,6,51,2
64635,60,10,50,2
64636,62,5,57,2
64637,53,8,45,2
64638,58,6,52,2
64639,54,4,50,2
64640,50,4,46,2
64641,46,6,40,2
64642,49,6,43,2
64643,41,7,34,2
64644,47,5,42,2
64645,61,8,53,2
64646,52,9,43,2
64647,57,6,51,2
64648,44,6,38,2
64649,41,5,36,2
64650,64,8,56,2
64651,62,7,55,2
64652,59,9,50,2
64653,55,9,46,2
64654,47,7,40,2
64655,62,8,54,2
64656,56,9,47,2
64657,50,4,46,2
64658,47,4,43,2
64659,51,4,47,2
64660,41,8,33,2
64661,54,4,50,2
64662,59,8,51,2
64663,65,7,58,2
64664,61,6,55,2
64665,58,7,51,2
64666,44,6,38,2
64667,57,10,47,2
64668,73,12,61,2
64669,50,3,47,2
64670,57,9,48,2
64671,49,7,42,2
64672,60,7,53,2
64673,56,6,50,2
64674,52,8,44,2
64675,63,8,55,2
64676,57,11,46,2
64677,63,5,58,2
64678,66,7,59,2
64679,51,2,49,2
64680,51,11,40,2
64681,52,7,45,2
64682,57,3,54,2
64683,53,14,39,2
64684,66,6,60,2
64685,57,6,51,2
64686,42,7,35,2
64687,61,12,49,2
64688,53,4,49,2
64689,45,6,39,2
64690,50,5,45,2
64691,54,7,47,2
64692,56,4,52,2
64693,51,7,44,2
64694,47,3,44,2
64695,60,6,54,2
64696,50,3,47,2
64697,40,3,37,2
64698,50,6,44,2
64699,52,7,45,2
64700,66,11,55,2
64701,60,8,52,2
64702,47,5,42,2
64703,47,8,39,2
64704,52,12,40,2
64705,48,9,39,2
64706,50,5,45,2
64707,52,3,49,2
64708,43,9,34,2
64709,54,1,53,2
64710,44,6,38,2
64711,59,5,54,2
64712,44,4,40,2
64713,60,6,54,2
64714,52,7,45,2
64715,52,7,45,2
64716,44,2,42,2
64717,55,10,45,2
64718,64,7,57,2
64719,50,6,44,2
64720,54,8,46,2
64721,45,5,40,2
64722,56,7,49,2
64723,59,7,52,2
64724,61,4,57,2
64725,73,9,64,2
64726,47,7,40,2
64727,41,7,34,2
64728,49,5,44,2
64729,35,5,30,2
64730,61,10,51,2
64731,47,3,44,2
64732,46,8,38,2
64733,53,8,45,2
64734,43,10,33,2
64735,37,4,33,2
64736,48,2,46,2
64737,46,4,42,2
64738,62,8,54,2
64739,55,2,53,2
64740,43,5,38,2
64741,56,3,53,2
64742,52,8,44,2
64743,55,5,50,2
64744,59,4,55,2
64745,58,5,53,2
64746,60,8,52,2
64747,53,3,50,2
64748,60,6,54,2
64749,61,6,55,2
64750,51,3,48,2
64751,52,3,49,2
64752,73,13,60,2
64753,56,11,45,2
64754,65,6,59,2
64755,58,7,51,2
64756,48,4,44,2
64757,52,9,43,2
64758,54,3,51,2
64759,73,10,63,2
64760,51,7,44,2
64761,37,4,33,2
64762,54,5,49,2
64763,64,7,57,2
64764,64,9,55,2
64765,53,5,48,2
64766,62,6,56,2
64767,55,5,50,2
64768,40,1,39,2
64769,42,7,35,2
64770,56,7,49,2
64771,59,9,50,2
64772,38,8,30,2
64773,55,12,43,2
64774,48,7,41,2
64775,55,6,49,2
64776,53,2,51,2
64777,63,10,53,2
64778,58,8,50,2
64779,63,7,56,2
64780,55,4,51,2
64781,60,8,52,2
64782,49,4,45,2
64783,43,5,38,2
64784,57,6,51,2
64785,47,6,41,2
64786,60,2,58,2
64787,58,13,45,2
64788,47,6,41,2
64789,55,6,49,2
64790,60,8,52,2
64791,61,9,52,2
64792,67,9,58,2
64793,58,5,53,2
64794,62,10,52,2
64795,54,5,49,2
64796,53,9,44,2
64797,43,3,40,2
64798,51,6,45,2
64799,48,8,40,2
64800,56,3,53,2
64801,67,7,60,2
64802,56,5,51,2
64803,68,10,58,2
64804,48,6,42,2
64805,54,6,48,2
64806,54,6,48,2
64807,51,5,46,2
64808,58,9,49,2
64809,58,7,51,2
64810,60,8,52,2
64811,54,6,48,2
64812,48,8,40,2
64813,41,6,35,2
64814,52,3,49,2
64815,54,11,43,2
64816,50,8,42,2
64817,49,7,42,2
64818,52,9,43,2
64819,49,6,43,2
64820,50,6,44,2
64821,49,2,47,2
64822,66,3,63,2
64823,62,5,57,2
64824,40,0,40,1
64825,44,8,36,2
64826,48,6,42,2
64827,63,12,51,2
64828,42,7,35,2
64829,43,10,33,2
64830,55,5,50,2
64831,59,9,50,2
64832,62,7,55,2
64833,37,6,31,2
64834,55,8,47,2
64835,62,5,57,2
64836,58,9,49,2
64837,61,5,56,2
64838,43,2,41,2
64839,57,8,49,2
64840,72,8,64,2
64841,48,4,44,2
64842,43,1,42,2
64843,60,10,50,2
64844,58,9,49,2
64845,41,5,36,2
64846,54,7,47,2
64847,44,7,37,2
64848,56,6,50,2
64849,53,4,49,2
64850,59,2,57,2
64851,64,12,52,2
64852,54,9,45,2
64853,50,4,46,2
64854,35,2,33,2
64855,61,9,52,2
64856,53,3,50,2
64857,46,2,44,2
64858,58,7,51,2
64859,60,4,56,2
64860,55,8,47,2
64861,62,11,51,2
64862,68,11,57,2
64863,44,8,36,2
64864,55,7,48,2
64865,54,7,47,2
64866,48,6,42,2
64867,52,10,42,2
64868,65,6,59,2
64869,42,3,39,2
64870,46,5,41,2
64871,46,8,38,2
64872,66,5,61,2
64873,61,13,48,2
64874,50,7,43,2
64875,61,5,56,2
64876,51,8,43,2
64877,43,5,38,2
64878,57,2,55,2
64879,54,5,49,2
64880,62,4,58,2
64881,66,11,55,2
64882,55,4,51,2
64883,61,4,57,2
64884,59,4,55,2
64885,52,11,41,2
64886,45,7,38,2
64887,55,7,48,2
64888,59,6,53,2
64889,58,5,53,2
64890,39,3,36,2
64891,56,8,48,2
64892,53,4,49,2
64893,48,6,42,2
64894,56,6,50,2
64895,55,7,48,2
64896,46,5,41,2
64897,51,7,44,2
64898,64,8,56,2
64899,52,3,49,2
64900,53,5,48,2
64901,49,6,43,2
64902,58,10,48,2
64903,39,3,36,2
64904,59,4,55,2
64905,42,1,41,2
64906,47,5,42,2
64907,59,10,49,2
64908,56,5,51,2
64909,43,8,35,2
64910,47,4,43,2
64911,55,6,49,2
64912,63,6,57,2
64913,40,5,35,2
64914,55,4,51,2
64915,55,4,51,2
64916,64,5,59,2
64917,52,13,39,2
64918,65,4,61,2
64919,58,4,54,2
64920,59,5,54,2
64921,53,8,45,2
64922,58,5,53,2
64923,56,6,50,2
64924,46,9,37,2
64925,60,10,50,2
64926,54,8,46,2
64927,57,8,49,2
64928,62,7,55,2
64929,56,6,50,2
64930,60,12,48,2
64931,38,7,31,2
64932,54,13,41,2
64933,51,3,48,2
64934,60,4,56,2
64935,62,5,57,2
64936,54,10,44,2
64937,52,7,45,2
64938,47,5,42,2
64939,54,7,47,2
64940,54,6,48,2
64941,45,4,41,2
64942,49,6,43,2
64943,53,6,47,2
64944,45,3,42,2
64945,49,7,42,2
64946,51,7,44,2
64947,48,6,42,2
64948,60,4,56,2
64949,59,5,54,2
64950,49,6,43,2
64951,52,3,49,2
64952,49,6,43,2
64953,56,7,49,2
64954,51,2,49,2
64955,58,7,51,2
64956,50,4,46,2
64957,57,5,52,2
64958,54,5,49,2
64959,35,4,31,2
64960,46,6,40,2
64961,50,3,47,2
64962,62,7,55,2
64963,70,11,59,2
64964,46,3,43,2
64965,43,8,35,2
64966,56,6,50,2
64967,62,6,56,2
64968,60,10,50,2
64969,60,12,48,2
64970,55,5,50,2
64971,46,2,44,2
64972,76,12,64,2
64973,59,6,53,2
64974,60,9,51,2
64975,59,6,53,2
64976,60,10,50,2
64977,50,4,46,2
64978,63,18,45,2
64979,59,8,51,2
64980,73,17,56,2
64981,63,7,56,2
64982,56,8,48,2
64983,47,6,41,2
64984,52,3,49,2
64985,47,2,45,2
64986,43,4,39,2
64987,74,10,64,2
64988,54,10,44,2
64989,58,4,54,2
64990,55,4,51,2
64991,52,4,48,2
64992,58,10,48,2
64993,56,6,50,2
64994,48,9,39,2
64995,53,5,48,2
64996,61,7,54,2
64997,66,8,58,2
64998,51,7,44,2
64999,57,9,48,2
65000,70,12,58,2
65001,68,8,60,2
65002,47,6,41,2
65003,50,6,44,2
65004,48,5,43,2
65005,50,6,44,2
65006,52,7,45,2
65007,51,8,43,2
65008,58,9,49,2
65009,43,4,39,2
65010,46,5,41,2
65011,57,9,48,2
65012,55,5,50,2
65013,64,9,55,2
65014,55,8,47,2
65015,54,5,49,2
65016,55,5,50,2
65017,48,7,41,2
65018,61,9,52,2
65019,61,8,53,2
65020,56,9,47,2
65021,58,10,48,2
65022,53,8,45,2
65023,58,7,51,2
65024,51,10,41,2
65025,50,4,46,2
65026,57,9,48,2
65027,54,5,49,2
65028,62,7,55,2
65029,56,7,49,2
65030,58,7,51,2
65031,54,9,45,2
65032,59,7,52,2
65033,54,5,49,2
65034,60,6,54,2
65035,49,5,44,2
65036,53,7,46,2
65037,65,11,54,2
65038,61,9,52,2
65039,77,5,72,2
65040,49,7,42,2
65041,60,6,54,2
65042,49,8,41,2
65043,65,8,57,2
65044,54,5,49,2
65045,51,6,45,2
65046,38,4,34,2
65047,53,9,44,2
65048,56,8,48,2
65049,66,10,56,2
65050,50,7,43,2
65051,42,6,36,2
65052,35,4,31,2
65053,52,3,49,2
65054,55,4,51,2
65055,61,4,57,2
65056,75,2,73,2
65057,51,5,46,2
65058,62,4,58,2
65059,52,8,44,2
65060,52,8,44,2
65061,59,13,46,2
65062,59,9,50,2
65063,49,2,47,2
65064,60,9,51,2
65065,61,4,57,2
65066,71,8,63,2
65067,47,7,40,2
65068,40,6,34,2
65069,48,5,43,2
65070,48,1,47,2
65071,51,4,47,2
65072,41,5,36,2
65073,54,8,46,2
65074,49,9,40,2
65075,49,10,39,2
65076,43,6,37,2
65077,55,3,52,2
65078,51,6,45,2
65079,59,9,50,2
65080,70,8,62,2
65081,53,3,50,2
65082,53,11,42,2
65083,53,8,45,2
65084,46,2,44,2
65085,51,8,43,2
65086,62,2,60,2
65087,49,3,46,2
65088,58,6,52,2
65089,41,2,39,2
65090,55,8,47,2
65091,48,11,37,2
65092,43,8,35,2
65093,49,8,41,2
65094,61,5,56,2
65095,53,5,48,2
65096,47,8,39,2
65097,49,2,47,2
65098,66,7,59,2
65099,51,4,47,2
65100,46,6,40,2
65101,57,6,51,2
65102,68,7,61,2
65103,67,14,53,2
65104,67,6,61,2
65105,49,7,42,2
65106,61,2,59,2
65107,57,5,52,2
65108,42,3,39,2
65109,62,7,55,2
65110,60,8,52,2
65111,50,4,46,2
65112,42,7,35,2
65113,48,4,44,2
65114,59,5,54,2
65115,58,6,52,2
65116,63,6,57,2
65117,60,8,52,2
65118,52,8,44,2
65119,56,4,52,2
65120,45,4,41,2
65121,46,6,40,2
65122,50,9,41,2
65123,57,4,53,2
65124,58,9,49,2
65125,50,6,44,2
65126,49,2,47,2
65127,64,9,55,2
65128,57,6,51,2
65129,60,5,55,2
65130,44,3,41,2
65131,63,15,48,2
65132,57,6,51,2
65133,51,9,42,2
65134,58,8,50,2
65135,47,7,40,2
65136,67,7,60,2
65137,54,1,53,2
65138,48,9,39,2
65139,45,5,40,2
65140,57,6,51,2
65141,60,12,48,2
65142,53,5,48,2
65143,68,10,58,2
65144,53,8,45,2
65145,58,6,52,2
65146,38,6,32,2
65147,51,4,47,2
65148,57,5,52,2
65149,58,3,55,2
65150,55,4,51,2
65151,69,5,64,2
65152,63,5,58,2
65153,47,11,36,2
65154,55,9,46,2
65155,61,4,57,2
65156,56,5,51,2
65157,57,10,47,2
65158,52,4,48,2
65159,44,13,31,2
65160,52,4,48,2
65161,63,6,57,2
65162,60,8,52,2
65163,56,8,48,2
65164,55,10,45,2
65165,55,10,45,2
65166,45,7,38,2
65167,59,5,54,2
65168,55,1,54,2
65169,52,5,47,2
65170,62,8,54,2
65171,49,8,41,2
65172,57,8,49,2
65173,47,8,39,2
65174,46,5,41,2
65175,59,9,50,2
65176,49,7,42,2
65177,56,6,50,2
65178,66,9,57,2
65179,66,6,60,2
65180,52,5,47,2
65181,53,6,47,2
65182,43,7,36,2
65183,54,7,47,2
65184,56,2,54,2
65185,60,7,53,2
65186,58,8,50,2
65187,60,9,51,2
65188,42,5,37,2
65189,73,10,63,2
65190,57,7,50,2
65191,67,4,63,2
65192,54,8,46,2
65193,46,7,39,2
65194,48,2,46,2
65195,44,8,36,2
65196,44,4,40,2
65197,62,6,56,2
65198,53,2,51,2
65199,51,11,40,2
65200,51,6,45,2
65201,61,1,60,2
65202,53,7,46,2
65203,61,5,56,2
65204,50,4,46,2
65205,43,8,35,2
65206,50,11,39,2
65207,61,7,54,2
65208,53,8,45,2
65209,53,4,49,2
65210,54,9,45,2
65211,51,4,47,2
65212,46,4,42,2
65213,50,8,42,2
65214,51,7,44,2
65215,54,6,48,2
65216,47,2,45,2
65217,46,8,38,2
65218,62,6,56,2
65219,52,5,47,2
65220,63,8,55,2
65221,65,4,61,2
65222,58,8,50,2
65223,48,10,38,2
65224,48,6,42,2
65225,61,10,51,2
65226,43,3,40,2
65227,56,7,49,2
65228,70,11,59,2
65229,39,10,29,2
65230,34,4,30,2
65231,58,11,47,2
65232,56,10,46,2
65233,53,7,46,2
65234,59,10,49,2
65235,67,7,60,2
65236,48,3,45,2
65237,47,3,44,2
65238,53,9,44,2
65239,58,4,54,2
65240,51,7,44,2
65241,58,6,52,2
65242,59,7,52,2
65243,60,6,54,2
65244,55,5,50,2
65245,58,7,51,2
65246,56,7,49,2
65247,53,5,48,2
65248,54,5,49,2
65249,57,6,51,2
65250,58,12,46,2
65251,41,6,35,2
65252,45,8,37,2
65253,52,6,46,2
65254,59,8,51,2
65255,45,5,40,2
65256,50,5,45,2
65257,60,10,50,2
65258,61,3,58,2
65259,52,5,47,2
65260,55,4,51,2
65261,55,7,48,2
65262,49,4,45,2
65263,57,3,54,2
65264,63,6,57,2
65265,55,6,49,2
65266,58,10,48,2
65267,53,6,47,2
65268,57,8,49,2
65269,68,9,59,2
65270,61,4,57,2
65271,54,9,45,2
65272,48,6,42,2
65273,41,3,38,2
65274,55,10,45,2
65275,56,9,47,2
65276,48,4,44,2
65277,43,7,36,2
65278,45,7,38,2
65279,73,9,64,2
65280,54,6,48,2
65281,58,4,54,2
65282,60,8,52,2
65283,52,6,46,2
65284,55,8,47,2
65285,56,7,49,2
65286,47,5,42,2
65287,60,7,53,2
65288,45,7,38,2
65289,55,6,49,2
65290,59,4,55,2
65291,37,3,34,2
65292,43,4,39,2
65293,54,5,49,2
65294,54,9,45,2
65295,60,9,51,2
65296,64,11,53,2
65297,57,5,52,2
65298,53,6,47,2
65299,57,5,52,2
65300,74,8,66,2
65301,59,6,53,2
65302,54,5,49,2
65303,50,11,39,2
65304,51,4,47,2
65305,68,6,62,2
65306,68,6,62,2
65307,57,12,45,2
65308,51,2,49,2
65309,65,6,59,2
65310,60,9,51,2
65311,57,9,48,2
65312,45,4,41,2
65313,69,6,63,2
65314,54,2,52,2
65315,50,4,46,2
65316,56,7,49,2
65317,48,4,44,2
65318,63,8,55,2
65319,63,6,57,2
65320,42,5,37,2
65321,44,4,40,2
65322,51,5,46,2
65323,58,12,46,2
65324,50,7,43,2
65325,59,8,51,2
65326,57,5,52,2
65327,55,5,50,2
65328,47,9,38,2
65329,44,4,40,2
65330,56,7,49,2
65331,50,7,43,2
65332,51,6,45,2
65333,58,10,48,2
65334,55,8,47,2
65335,52,3,49,2
65336,53,7,46,2
65337,56,7,49,2
65338,69,10,59,2
65339,53,8,45,2
65340,50,10,40,2
65341,48,10,38,2
65342,46,1,45,2
65343,68,9,59,2
65344,44,5,39,2
65345,59,12,47,2
65346,48,5,43,2
65347,51,2,49,2
65348,53,4,49,2
65349,66,11,55,2
65350,64,8,56,2
65351,56,5,51,2
65352,50,7,43,2
65353,59,6,53,2
65354,54,8,46,2
65355,46,7,39,2
65356,51,9,42,2
65357,56,5,51,2
65358,60,10,50,2
65359,56,11,45,2
65360,53,7,46,2
65361,62,9,53,2
65362,62,8,54,2
65363,47,3,44,2
65364,42,4,38,2
65365,42,7,35,2
65366,53,5,48,2
65367,81,7,74,2
65368,51,9,42,2
65369,50,8,42,2
65370,44,2,42,2
65371,70,7,63,2
65372,52,8,44,2
65373,53,10,43,2
65374,54,13,41,2
65375,55,7,48,2
65376,57,9,48,2
65377,51,8,43,2
65378,42,6,36,2
65379,56,12,44,2
65380,50,11,39,2
65381,77,7,70,2
65382,67,6,61,2
65383,49,11,38,2
65384,59,6,53,2
65385,50,3,47,2
65386,52,11,41,2
65387,72,14,58,2
65388,49,5,44,2
65389,60,10,50,2
65390,58,9,49,2
65391,57,7,50,2
65392,66,7,59,2
65393,53,7,46,2
65394,54,5,49,2
65395,57,7,50,2
65396,60,8,52,2
65397,46,4,42,2
65398,52,7,45,2
65399,57,7,50,2
65400,45,6,39,2
65401,49,4,45,2
65402,49,6,43,2
65403,66,11,55,2
65404,54,5,49,2
65405,46,5,41,2
65406,58,6,52,2
65407,60,11,49,2
65408,45,0,45,1
65409,58,13,45,2
65410,46,5,41,2
65411,68,12,56,2
65412,52,8,44,2
65413,77,13,64,2
65414,48,11,37,2
65415,64,8,56,2
65416,52,6,46,2
65417,55,9,46,2
65418,57,10,47,2
65419,53,5,48,2
65420,59,6,53,2
65421,48,4,44,2
65422,46,4,42,2
65423,60,6,54,2
65424,53,5,48,2
65425,66,12,54,2
65426,60,6,54,2
65427,59,5,54,2
65428,67,14,53,2
65429,59,5,54,2
65430,52,5,47,2
65431,48,5,43,2
65432,61,3,58,2
65433,52,6,46,2
65434,61,9,52,2
65435,71,10,61,2
65436,53,11,42,2
65437,47,7,40,2
65438,68,6,62,2
65439,47,9,38,2
65440,49,8,41,2
65441,58,12,46,2
65442,48,7,41,2
65443,53,4,49,2
65444,51,6,45,2
65445,40,5,35,2
65446,54,11,43,2
65447,46,4,42,2
65448,71,11,60,2
65449,61,13,48,2
65450,52,6,46,2
65451,46,12,34,2
65452,64,8,56,2
65453,52,5,47,2
65454,54,5,49,2
65456,62,13,49,2
65457,46,4,42,2
65458,67,5,62,2
65459,55,7,48,2
65460,46,5,41,2
65461,57,9,48,2
65462,67,6,61,2
65463,52,7,45,2
65464,51,8,43,2
65465,54,4,50,2
65466,44,6,38,2
65467,63,14,49,2
65468,48,8,40,2
65469,48,7,41,2
65470,56,5,51,2
65471,54,7,47,2
65472,62,7,55,2
65473,57,8,49,2
65474,57,10,47,2
65475,57,6,51,2
65476,49,7,42,2
65477,50,5,45,2
65478,53,6,47,2
65479,56,3,53,2
65480,43,7,36,2
65481,57,3,54,2
65482,60,12,48,2
65483,65,7,58,2
65484,56,8,48,2
65485,56,3,53,2
65486,48,5,43,2
65487,50,5,45,2
65488,54,7,47,2
65489,64,3,61,2
65490,46,7,39,2
65491,58,8,50,2
65492,47,5,42,2
65493,61,5,56,2
65494,62,7,55,2
65495,61,12,49,2
65496,49,4,45,2
65497,46,8,38,2
65498,64,11,53,2
65499,45,3,42,2
65500,60,3,57,2
65501,46,5,41,2
65502,63,7,56,2
65503,47,7,40,2
65504,58,10,48,2
65505,49,1,48,2
65506,62,5,57,2
65507,71,8,63,2
65508,62,13,49,2
65509,41,6,35,2
65510,52,10,42,2
65511,47,4,43,2
65512,54,6,48,2
65513,58,10,48,2
65514,61,9,52,2
65515,53,9,44,2
65516,58,9,49,2
65517,48,9,39,2
65518,52,6,46,2
65519,65,4,61,2
65520,59,8,51,2
65521,58,5,53,2
65522,55,9,46,2
65523,48,9,39,2
65524,52,7,45,2
65525,63,6,57,2
65526,47,7,40,2
65527,55,3,52,2
65528,56,6,50,2
65529,57,12,45,2
65530,45,5,40,2
65531,30,4,26,2
65532,54,8,46,2
65533,52,6,46,2
65534,46,8,38,2
65535,68,13,55,2
65536,50,9,41,2
65537,46,6,40,2
65538,44,5,39,2
65539,56,11,45,2
65540,58,6,52,2
65541,52,3,49,2
65542,41,7,34,2
65543,65,8,57,2
65544,70,7,63,2
65545,64,8,56,2
65546,56,8,48,2
65547,59,3,56,2
65548,78,13,65,2
65549,65,6,59,2
65550,58,6,52,2
65551,59,3,56,2
65552,50,6,44,2
65553,70,7,63,2
65554,61,5,56,2
65555,50,3,47,2
65556,64,11,53,2
65557,51,6,45,2
65558,60,10,50,2
65559,56,5,51,2
65560,51,2,49,2
65561,43,4,39,2
65562,57,4,53,2
65563,51,7,44,2
65564,50,5,45,2
65565,60,5,55,2
65566,61,9,52,2
65567,64,5,59,2
65568,47,7,40,2
65569,66,8,58,2
65570,65,9,56,2
65571,47,2,45,2
65572,58,13,45,2
65573,50,3,47,2
65574,57,3,54,2
65575,45,3,42,2
65576,60,3,57,2
65577,56,6,50,2
65578,42,6,36,2
65579,39,4,35,2
65580,55,4,51,2
65581,56,8,48,2
65582,64,7,57,2
65583,52,4,48,2
65584,48,3,45,2
65585,50,10,40,2
65586,49,5,44,2
65587,56,4,52,2
65588,52,8,44,2
65589,53,8,45,2
65590,57,7,50,2
65591,63,6,57,2
65592,55,9,46,2
65593,41,4,37,2
65594,39,7,32,2
65595,53,5,48,2
65596,54,3,51,2
65597,54,5,49,2
65598,62,12,50,2
65599,47,5,42,2
65600,57,5,52,2
65601,41,9,32,2
65602,58,5,53,2
65603,44,8,36,2
65604,45,8,37,2
65605,54,9,45,2
65606,56,10,46,2
65607,44,5,39,2
65608,65,7,58,2
65609,51,5,46,2
65610,46,7,39,2
65611,75,11,64,2
65612,55,7,48,2
65613,40,5,35,2
65614,57,4,53,2
65615,59,8,51,2
65616,44,6,38,2
65617,58,4,54,2
65618,73,6,67,2
65619,40,7,33,2
65620,57,8,49,2
65621,38,4,34,2
65622,53,6,47,2
65623,55,8,47,2
65624,39,2,37,2
65625,51,8,43,2
65626,70,5,65,2
65627,46,4,42,2
65628,53,7,46,2
65629,49,8,41,2
65630,51,8,43,2
65631,69,7,62,2
65632,51,4,47,2
65633,60,12,48,2
65634,53,5,48,2
65635,44,9,35,2
65636,54,5,49,2
65637,49,7,42,2
65638,56,8,48,2
65639,49,4,45,2
65640,45,3,42,2
65641,64,6,58,2
65642,60,8,52,2
65643,56,2,54,2
65644,57,6,51,2
65645,57,4,53,2
65646,67,4,63,2
65647,55,3,52,2
65648,45,4,41,2
65649,61,10,51,2
65650,44,2,42,2
65651,44,3,41,2
65652,50,7,43,2
65653,52,4,48,2
65654,51,3,48,2
65655,61,10,51,2
65656,47,8,39,2
65657,65,7,58,2
65658,51,9,42,2
65659,55,8,47,2
65660,56,11,45,2
65661,55,7,48,2
65662,66,8,58,2
65663,52,5,47,2
65664,59,6,53,2
65665,48,3,45,2
65666,57,8,49,2
65667,55,6,49,2
65668,46,2,44,2
65669,60,10,50,2
65670,50,6,44,2
65671,64,10,54,2
65672,58,8,50,2
65673,64,7,57,2
65674,52,5,47,2
65675,60,8,52,2
65676,53,6,47,2
65677,60,5,55,2
65678,44,4,40,2
65679,41,7,34,2
65680,43,4,39,2
65681,56,3,53,2
65682,49,8,41,2
65683,40,4,36,2
65684,62,6,56,2
65685,51,7,44,2
65686,62,4,58,2
65687,68,13,55,2
65688,49,2,47,2
65689,57,7,50,2
65690,44,3,41,2
65691,55,3,52,2
65692,59,6,53,2
65693,59,11,48,2
65694,56,8,48,2
65695,44,2,42,2
65696,68,7,61,2
65697,57,3,54,2
65698,65,7,58,2
65699,72,10,62,2
65700,45,4,41,2
65701,59,7,52,2
65702,58,7,51,2
65703,46,3,43,2
65704,51,7,44,2
65705,66,11,55,2
65706,59,5,54,2
65707,42,4,38,2
65708,44,4,40,2
65709,48,8,40,2
65710,81,12,69,2
65711,53,5,48,2
65712,57,5,52,2
65713,49,9,40,2
65714,49,7,42,2
65715,39,6,33,2
65716,63,8,55,2
65717,46,3,43,2
65718,50,8,42,2
65719,52,9,43,2
65720,47,9,38,2
65721,68,12,56,2
65722,69,8,61,2
65723,63,10,53,2
65724,56,6,50,2
65725,65,5,60,2
65726,53,5,48,2
65727,52,9,43,2
65728,48,9,39,2
65729,63,7,56,2
65730,60,7,53,2
65731,67,8,59,2
65732,56,4,52,2
65733,57,6,51,2
65734,65,11,54,2
65735,59,10,49,2
65736,61,7,54,2
65737,53,2,51,2
65738,60,10,50,2
65739,48,3,45,2
65740,49,8,41,2
65741,50,5,45,2
65742,53,9,44,2
65743,52,8,44,2
65744,55,7,48,2
65745,50,1,49,2
65746,47,3,44,2
65747,57,10,47,2
65748,50,8,42,2
65749,47,9,38,2
65750,47,9,38,2
65751,54,8,46,2
65752,59,5,54,2
65753,50,7,43,2
65754,50,4,46,2
65755,59,6,53,2
65756,55,5,50,2
65757,52,4,48,2
65758,48,5,43,2
65759,52,7,45,2
65760,53,7,46,2
65761,63,5,58,2
65762,52,9,43,2
65763,60,8,52,2
65764,62,5,57,2
65765,52,4,48,2
65766,51,5,46,2
65767,56,6,50,2
65768,55,11,44,2
65769,59,8,51,2
65770,47,8,39,2
65771,48,5,43,2
65772,51,6,45,2
65773,65,11,54,2
65774,51,11,40,2
65775,56,5,51,2
65776,47,9,38,2
65777,61,6,55,2
65778,44,7,37,2
65779,63,4,59,2
65780,42,4,38,2
65781,59,7,52,2
65782,68,7,61,2
65783,57,4,53,2
65784,53,9,44,2
65785,53,4,49,2
65786,52,1,51,2
65787,53,5,48,2
65788,55,8,47,2
65789,67,3,64,2
65790,60,9,51,2
65791,51,9,42,2
65792,54,8,46,2
65793,53,6,47,2
65794,50,7,43,2
65795,59,6,53,2
65796,65,8,57,2
65797,55,6,49,2
65798,48,5,43,2
65799,54,10,44,2
65800,62,5,57,2
65801,49,4,45,2
65802,48,8,40,2
65803,53,12,41,2
65804,65,3,62,2
65805,47,7,40,2
65806,56,9,47,2
65807,55,2,53,2
65808,64,6,58,2
65809,69,4,65,2
65810,49,6,43,2
65811,61,9,52,2
65812,48,7,41,2
65813,56,3,53,2
65814,57,8,49,2
65815,65,6,59,2
65816,46,6,40,2
65817,62,9,53,2
65818,57,2,55,2
65819,50,6,44,2
65820,55,7,48,2
65821,57,3,54,2
65822,52,9,43,2
65823,63,7,56,2
65824,62,10,52,2
65825,46,6,40,2
65826,32,1,31,2
65827,33,3,30,2
65828,36,3,33,2
65829,43,7,36,2
65830,67,3,64,2
65831,55,5,50,2
65832,58,7,51,2
65833,64,4,60,2
65834,57,9,48,2
65835,43,5,38,2
65836,48,4,44,2
65837,53,4,49,2
65838,52,6,46,2
65839,57,7,50,2
65840,45,8,37,2
65841,54,8,46,2
65842,53,5,48,2
65843,56,9,47,2
65844,43,8,35,2
65845,64,8,56,2
65846,53,3,50,2
65847,42,1,41,2
65848,48,5,43,2
65849,71,6,65,2
65850,63,11,52,2
65851,60,4,56,2
65852,61,6,55,2
65853,57,2,55,2
65854,56,6,50,2
65855,47,5,42,2
65856,59,7,52,2
65857,52,6,46,2
65858,51,1,50,2
65859,62,8,54,2
65860,43,6,37,2
65861,58,12,46,2
65862,61,7,54,2
65863,65,14,51,2
65864,45,4,41,2
65865,45,5,40,2
65866,52,5,47,2
65867,58,2,56,2
65868,59,6,53,2
65869,54,7,47,2
65870,47,11,36,2
65871,59,6,53,2
65872,49,5,44,2
65873,47,6,41,2
65874,53,10,43,2
65875,63,7,56,2
65876,59,9,50,2
65877,56,11,45,2
65878,53,9,44,2
65879,48,5,43,2
65880,63,9,54,2
65881,65,13,52,2
65882,42,5,37,2
65883,49,3,46,2
65884,40,2,38,2
65885,66,6,60,2
65886,51,10,41,2
65887,43,4,39,2
65888,58,7,51,2
65889,60,6,54,2
65890,48,4,44,2
65891,77,9,68,2
65892,51,9,42,2
65893,61,6,55,2
65894,54,2,52,2
65895,49,5,44,2
65896,68,9,59,2
65897,44,7,37,2
65898,51,4,47,2
65899,64,6,58,2
65900,55,5,50,2
65901,60,6,54,2
65902,51,6,45,2
65903,59,10,49,2
65904,55,7,48,2
65905,55,12,43,2
65906,53,5,48,2
65907,69,12,57,2
65908,54,6,48,2
65909,41,5,36,2
65910,43,4,39,2
65911,60,5,55,2
65912,66,6,60,2
65913,43,4,39,2
65914,44,6,38,2
65915,47,6,41,2
65916,53,7,46,2
65917,48,2,46,2
65918,47,1,46,2
65919,60,3,57,2
65920,66,7,59,2
65921,66,4,62,2
65922,58,5,53,2
65923,55,10,45,2
65924,59,6,53,2
65925,60,5,55,2
65926,53,4,49,2
65927,64,9,55,2
65928,50,9,41,2
65929,43,4,39,2
65930,57,10,47,2
65931,55,8,47,2
65932,56,10,46,2
65933,59,8,51,2
65934,56,4,52,2
65935,44,3,41,2
65936,59,7,52,2
65937,48,6,42,2
65938,62,11,51,2
65939,48,9,39,2
65940,64,5,59,2
65941,55,7,48,2
65942,61,5,56,2
65943,57,3,54,2
65944,51,12,39,2
65945,63,6,57,2
65946,68,11,57,2
65947,57,9,48,2
65948,67,9,58,2
65949,46,8,38,2
65950,54,10,44,2
65951,55,2,53,2
65952,56,3,53,2
65953,63,5,58,2
65954,49,2,47,2
65955,58,6,52,2
65956,57,6,51,2
65957,54,4,50,2
65958,59,9,50,2
65959,60,5,55,2
65960,57,7,50,2
65961,64,8,56,2
65962,46,3,43,2
65963,49,9,40,2
65964,52,11,41,2
65965,49,4,45,2
65966,42,7,35,2
65967,61,11,50,2
65968,61,9,52,2
65969,52,13,39,2
65970,53,4,49,2
65971,56,7,49,2
65972,60,10,50,2
65973,56,5,51,2
65974,65,11,54,2
65975,54,8,46,2
65976,50,1,49,2
65977,64,6,58,2
65978,48,4,44,2
65979,50,3,47,2
65980,47,3,44,2
65981,52,3,49,2
65982,63,8,55,2
65983,39,5,34,2
65984,47,7,40,2
65985,45,2,43,2
65986,53,5,48,2
65987,45,5,40,2
65988,61,5,56,2
65989,58,8,50,2
65990,59,8,51,2
65991,49,6,43,2
65992,44,5,39,2
65993,63,5,58,2
65994,55,8,47,2
65995,51,9,42,2
65996,58,9,49,2
65997,55,6,49,2
65998,47,6,41,2
65999,43,2,41,2
66000,44,4,40,2
66001,46,5,41,2
66002,47,6,41,2
66003,58,4,54,2
66004,72,6,66,2
66005,51,8,43,2
66006,40,5,35,2
66007,57,4,53,2
66008,49,2,47,2
66009,57,11,46,2
66010,57,11,46,2
66011,67,10,57,2
66012,52,6,46,2
66013,51,1,50,2
66014,47,8,39,2
66015,50,11,39,2
66016,56,10,46,2
66017,61,10,51,2
66018,54,6,48,2
66019,45,5,40,2
66020,48,8,40,2
66021,63,11,52,2
66022,43,5,38,2
66023,52,6,46,2
66024,64,6,58,2
66025,59,6,53,2
66026,53,7,46,2
66027,54,2,52,2
66028,49,6,43,2
66029,62,8,54,2
66030,67,13,54,2
66031,49,5,44,2
66032,56,10,46,2
66033,57,4,53,2
66034,51,9,42,2
66035,61,13,48,2
66036,45,5,40,2
66037,51,5,46,2
66038,55,5,50,2
66039,57,6,51,2
66040,69,9,60,2
66041,56,8,48,2
66042,59,4,55,2
66043,43,6,37,2
66044,58,4,54,2
66045,65,4,61,2
66046,53,6,47,2
66047,66,11,55,2
66048,53,5,48,2
66049,50,6,44,2
66050,51,9,42,2
66051,61,7,54,2
66052,62,13,49,2
66053,56,8,48,2
66054,60,8,52,2
66055,53,6,47,2
66056,54,4,50,2
66057,51,5,46,2
66058,59,8,51,2
66059,60,11,49,2
66060,62,4,58,2
66061,29,2,27,2
66062,50,6,44,2
66063,44,5,39,2
66064,49,4,45,2
66065,50,1,49,2
66066,58,8,50,2
66068,49,4,45,2
66069,59,2,57,2
66070,66,11,55,2
66071,59,11,48,2
66072,55,3,52,2
66073,59,11,48,2
66074,71,5,66,2
66075,48,5,43,2
66076,55,10,45,2
66077,55,7,48,2
66078,45,8,37,2
66079,50,8,42,2
66080,53,7,46,2
66081,62,9,53,2
66082,58,6,52,2
66083,65,7,58,2
66084,54,2,52,2
66085,45,6,39,2
66086,52,6,46,2
66087,64,6,58,2
66088,47,8,39,2
66089,52,6,46,2
66090,60,5,55,2
66091,62,7,55,2
66092,58,5,53,2
66093,44,7,37,2
66094,43,4,39,2
66095,39,4,35,2
66096,58,9,49,2
66097,49,6,43,2
66098,54,7,47,2
66099,56,7,49,2
66100,69,10,59,2
66101,56,5,51,2
66102,53,7,46,2
66103,54,6,48,2
66104,55,5,50,2
66105,51,7,44,2
66106,48,3,45,2
66107,53,9,44,2
66108,54,10,44,2
66109,68,10,58,2
66110,51,5,46,2
66111,52,3,49,2
66112,49,7,42,2
66113,53,5,48,2
66114,49,8,41,2
66115,47,5,42,2
66116,54,5,49,2
66117,58,7,51,2
66118,71,10,61,2
66119,59,4,55,2
66120,54,8,46,2
66121,42,2,40,2
66122,67,13,54,2
66123,59,6,53,2
66124,55,8,47,2
66125,48,6,42,2
66126,41,3,38,2
66127,54,7,47,2
66128,46,8,38,2
66129,63,5,58,2
66130,70,9,61,2
66131,63,6,57,2
66132,57,7,50,2
66133,52,8,44,2
66134,61,6,55,2
66135,42,5,37,2
66136,46,5,41,2
66137,57,5,52,2
66138,55,10,45,2
66139,53,8,45,2
66140,61,10,51,2
66141,70,11,59,2
66142,63,12,51,2
66143,65,14,51,2
66144,64,3,61,2
66145,58,8,50,2
66146,64,9,55,2
66147,58,8,50,2
66148,49,7,42,2
66149,58,6,52,2
66150,53,13,40,2
66151,49,7,42,2
66152,54,3,51,2
66153,57,2,55,2
66154,41,5,36,2
66155,53,5,48,2
66156,64,5,59,2
66157,70,5,65,2
66158,71,12,59,2
66159,46,8,38,2
66160,60,8,52,2
66161,59,3,56,2
66162,61,11,50,2
66163,51,7,44,2
66164,44,3,41,2
66165,40,6,34,2
66166,58,9,49,2
66167,45,8,37,2
66168,47,5,42,2
66169,50,6,44,2
66170,63,11,52,2
66171,52,9,43,2
66172,58,10,48,2
66173,43,6,37,2
66174,46,6,40,2
66175,52,5,47,2
66176,56,5,51,2
66177,47,8,39,2
66178,38,5,33,2
66179,49,5,44,2
66180,56,7,49,2
66181,51,7,44,2
66182,51,8,43,2
66183,61,12,49,2
66184,36,4,32,2
66185,61,7,54,2
66186,57,2,55,2
66187,58,9,49,2
66188,58,6,52,2
66189,62,11,51,2
66190,58,12,46,2
66191,45,8,37,2
66192,46,6,40,2
66193,49,7,42,2
66194,57,7,50,2
66195,47,7,40,2
66196,50,7,43,2
66197,56,7,49,2
66198,57,5,52,2
66199,58,16,42,2
66200,61,9,52,2
66201,63,10,53,2
66202,49,7,42,2
66203,60,4,56,2
66204,49,3,46,2
66205,59,10,49,2
66206,50,4,46,2
66207,57,10,47,2
66208,53,11,42,2
66209,57,9,48,2
66210,54,8,46,2
66211,68,4,64,2
66212,62,5,57,2
66213,52,5,47,2
66214,62,6,56,2
66215,55,9,46,2
66216,49,9,40,2
66217,43,7,36,2
66218,56,8,48,2
66219,53,6,47,2
66220,65,8,57,2
66221,46,7,39,2
66222,45,5,40,2
66223,52,3,49,2
66224,58,7,51,2
66225,57,8,49,2
66226,33,1,32,2
66227,47,6,41,2
66228,58,5,53,2
66229,64,8,56,2
66230,54,7,47,2
66231,53,12,41,2
66232,46,4,42,2
66233,50,7,43,2
66234,53,7,46,2
66235,61,11,50,2
66236,50,8,42,2
66237,54,5,49,2
66238,55,5,50,2
66239,52,9,43,2
66240,47,5,42,2
66241,76,8,68,2
66242,55,5,50,2
66243,51,8,43,2
66244,57,8,49,2
66245,47,10,37,2
66246,51,9,42,2
66247,52,5,47,2
66248,64,4,60,2
66249,57,9,48,2
66250,45,3,42,2
66251,62,5,57,2
66252,49,10,39,2
66253,66,4,62,2
66254,69,7,62,2
66255,45,8,37,2
66256,53,9,44,2
66257,48,6,42,2
66258,48,6,42,2
66259,56,4,52,2
66260,51,6,45,2
66261,69,8,61,2
66262,78,7,71,2
66263,46,4,42,2
66264,59,12,47,2
66265,74,7,67,2
66266,62,8,54,2
66267,61,7,54,2
66268,34,5,29,2
66269,43,2,41,2
66270,55,4,51,2
66271,50,3,47,2
66272,54,6,48,2
66273,46,6,40,2
66274,54,6,48,2
66275,60,5,55,2
66276,53,5,48,2
66277,54,9,45,2
66278,54,4,50,2
66279,51,3,48,2
66280,52,6,46,2
66281,50,7,43,2
66282,42,5,37,2
66283,62,12,50,2
66284,60,13,47,2
66285,41,5,36,2
66286,42,2,40,2
66287,50,7,43,2
66288,50,7,43,2
66289,46,5,41,2
66290,48,5,43,2
66291,53,8,45,2
66292,57,6,51,2
66293,49,5,44,2
66294,57,6,51,2
66295,70,7,63,2
66296,56,7,49,2
66297,44,7,37,2
66298,61,10,51,2
66299,49,4,45,2
66300,50,4,46,2
66301,56,5,51,2
66302,40,5,35,2
66303,48,5,43,2
66304,60,11,49,2
66305,54,7,47,2
66306,50,8,42,2
66307,53,9,44,2
66308,52,5,47,2
66309,47,4,43,2
66310,55,7,48,2
66311,51,6,45,2
66312,56,4,52,2
66313,51,2,49,2
66314,49,5,44,2
66315,58,8,50,2
66316,54,5,49,2
66317,49,5,44,2
66318,61,10,51,2
66319,54,7,47,2
66320,68,9,59,2
66321,50,10,40,2
66322,49,2,47,2
66323,60,7,53,2
66324,60,8,52,2
66325,59,10,49,2
66326,51,4,47,2
66327,53,8,45,2
66328,42,5,37,2
66329,72,5,67,2
66330,61,9,52,2
66331,61,5,56,2
66332,50,5,45,2
66333,56,7,49,2
66334,61,9,52,2
66335,46,6,40,2
66336,55,7,48,2
66337,45,4,41,2
66338,63,8,55,2
66339,44,6,38,2
66340,62,9,53,2
66341,64,2,62,2
66342,66,7,59,2
66343,46,6,40,2
66344,58,7,51,2
66345,58,13,45,2
66346,58,7,51,2
66347,46,7,39,2
66348,58,7,51,2
66349,54,4,50,2
66350,64,10,54,2
66351,60,9,51,2
66352,56,8,48,2
66353,66,8,58,2
66354,41,3,38,2
66355,55,6,49,2
66356,54,7,47,2
66357,42,3,39,2
66358,49,5,44,2
66359,50,7,43,2
66360,60,5,55,2
66361,50,5,45,2
66362,56,6,50,2
66363,60,10,50,2
66364,53,5,48,2
66365,65,8,57,2
66366,50,8,42,2
66367,56,8,48,2
66368,55,7,48,2
66369,51,4,47,2
66370,52,9,43,2
66371,47,4,43,2
66372,58,9,49,2
66373,48,5,43,2
66374,53,10,43,2
66375,58,4,54,2
66376,48,7,41,2
66377,40,6,34,2
66378,72,7,65,2
66379,44,4,40,2
66380,50,8,42,2
66381,48,6,42,2
66382,56,5,51,2
66383,57,4,53,2
66384,56,8,48,2
66385,60,10,50,2
66386,64,13,51,2
66387,59,3,56,2
66388,44,4,40,2
66389,59,7,52,2
66390,51,7,44,2
66391,50,6,44,2
66392,51,1,50,2
66393,50,7,43,2
66394,47,9,38,2
66395,63,5,58,2
66396,55,7,48,2
66397,49,6,43,2
66398,52,7,45,2
66399,69,9,60,2
66400,50,9,41,2
66401,61,6,55,2
66402,53,7,46,2
66403,61,5,56,2
66404,48,5,43,2
66405,43,4,39,2
66406,57,8,49,2
66407,53,5,48,2
66408,57,11,46,2
66409,52,4,48,2
66410,41,3,38,2
66411,54,7,47,2
66412,48,7,41,2
66413,58,9,49,2
66414,61,4,57,2
66415,59,13,46,2
66416,64,6,58,2
66417,53,5,48,2
66418,47,10,37,2
66419,52,12,40,2
66420,51,7,44,2
66421,50,2,48,2
66422,61,8,53,2
66423,54,8,46,2
66424,52,8,44,2
66425,70,10,60,2
66426,62,7,55,2
66427,66,7,59,2
66428,45,3,42,2
66429,62,8,54,2
66430,55,7,48,2
66431,59,9,50,2
66432,47,4,43,2
66433,69,13,56,2
66434,55,7,48,2
66435,49,3,46,2
66436,46,9,37,2
66437,55,7,48,2
66438,57,8,49,2
66439,47,3,44,2
66440,54,4,50,2
66441,53,6,47,2
66442,52,9,43,2
66443,63,5,58,2
66444,50,9,41,2
66445,56,4,52,2
66446,41,4,37,2
66447,53,3,50,2
66448,55,8,47,2
66449,63,7,56,2
66450,52,7,45,2
66451,48,4,44,2
66452,48,8,40,2
66453,56,7,49,2
66454,54,6,48,2
66455,52,6,46,2
66456,62,11,51,2
66457,53,8,45,2
66458,60,5,55,2
66459,59,6,53,2
66460,62,11,51,2
66461,58,5,53,2
66462,53,8,45,2
66463,75,12,63,2
66464,68,4,64,2
66465,38,2,36,2
66466,63,9,54,2
66467,76,11,65,2
66468,42,6,36,2
66469,68,6,62,2
66470,57,7,50,2
66471,54,9,45,2
66472,57,4,53,2
66473,51,5,46,2
66474,67,4,63,2
66475,57,5,52,2
66476,53,9,44,2
66477,37,1,36,2
66478,61,7,54,2
66479,42,1,41,2
66480,60,10,50,2
66481,58,7,51,2
66482,59,5,54,2
66483,56,6,50,2
66484,50,6,44,2
66485,65,9,56,2
66486,44,5,39,2
66487,50,4,46,2
66488,52,6,46,2
66489,52,9,43,2
66490,49,7,42,2
66491,58,7,51,2
66492,57,8,49,2
66493,55,8,47,2
66494,48,3,45,2
66495,51,6,45,2
66496,58,5,53,2
66497,39,3,36,2
66498,55,9,46,2
66499,53,7,46,2
66500,60,16,44,2
66501,49,7,42,2
66502,46,9,37,2
66503,60,4,56,2
66504,71,7,64,2
66505,37,4,33,2
66506,43,6,37,2
66507,60,7,53,2
66508,64,9,55,2
66509,66,7,59,2
66510,54,2,52,2
66511,60,5,55,2
66512,61,9,52,2
66513,68,5,63,2
66514,65,4,61,2
66515,55,8,47,2
66516,58,7,51,2
66517,46,3,43,2
66518,46,2,44,2
66519,48,2,46,2
66520,52,4,48,2
66521,72,8,64,2
66522,60,6,54,2
66523,69,10,59,2
66524,80,14,66,2
66525,68,9,59,2
66526,52,5,47,2
66527,50,4,46,2
66528,53,13,40,2
66529,53,8,45,2
66530,56,7,49,2
66531,47,5,42,2
66532,65,7,58,2
66533,56,7,49,2
66534,53,4,49,2
66535,53,3,50,2
66536,53,7,46,2
66537,55,5,50,2
66538,58,4,54,2
66539,56,5,51,2
66540,51,6,45,2
66541,64,11,53,2
66542,42,5,37,2
66543,48,4,44,2
66544,59,10,49,2
66545,63,7,56,2
66546,67,10,57,2
66547,62,10,52,2
66548,53,5,48,2
66549,60,6,54,2
66550,61,12,49,2
66551,58,10,48,2
66552,44,4,40,2
66553,78,10,68,2
66554,54,10,44,2
66555,49,9,40,2
66556,40,7,33,2
66557,57,5,52,2
66558,61,8,53,2
66559,53,7,46,2
66560,50,9,41,2
66561,58,7,51,2
66562,59,6,53,2
66563,52,6,46,2
66564,64,11,53,2
66565,59,5,54,2
66566,66,7,59,2
66567,50,10,40,2
66568,56,6,50,2
66569,40,4,36,2
66570,54,9,45,2
66571,50,8,42,2
66572,73,9,64,2
66573,61,7,54,2
66574,69,9,60,2
66575,61,6,55,2
66576,64,8,56,2
66577,61,3,58,2
66578,54,4,50,2
66579,56,2,54,2
66580,67,5,62,2
66581,62,5,57,2
66582,66,7,59,2
66583,55,5,50,2
66584,55,5,50,2
66585,56,4,52,2
66586,51,6,45,2
66587,75,9,66,2
66588,52,4,48,2
66589,52,6,46,2
66590,56,7,49,2
66591,56,9,47,2
66592,54,6,48,2
66593,51,5,46,2
66594,66,8,58,2
66595,58,8,50,2
66596,58,11,47,2
66597,60,5,55,2
66598,39,5,34,2
66599,61,9,52,2
66600,50,6,44,2
66601,48,8,40,2
66602,60,7,53,2
66603,58,7,51,2
66604,53,10,43,2
66605,53,7,46,2
66606,50,4,46,2
66607,64,9,55,2
66608,60,6,54,2
66609,57,10,47,2
66610,57,6,51,2
66611,54,5,49,2
66612,56,11,45,2
66613,52,3,49,2
66614,62,12,50,2
66615,59,8,51,2
66616,49,5,44,2
66617,51,7,44,2
66618,58,5,53,2
66619,54,6,48,2
66620,43,3,40,2
66621,58,12,46,2
66622,50,1,49,2
66623,65,9,56,2
66624,52,6,46,2
66625,57,12,45,2
66626,51,5,46,2
66627,61,12,49,2
66628,57,9,48,2
66629,57,7,50,2
66630,57,6,51,2
66631,58,9,49,2
66632,64,7,57,2
66633,59,8,51,2
66634,66,10,56,2
66635,51,10,41,2
66636,54,9,45,2
66637,52,7,45,2
66638,53,4,49,2
66639,48,11,37,2
66640,61,8,53,2
66641,47,5,42,2
66642,56,10,46,2
66643,60,3,57,2
66644,57,12,45,2
66645,51,4,47,2
66646,66,9,57,2
66647,54,7,47,2
66648,51,4,47,2
66649,44,3,41,2
66650,59,9,50,2
66651,53,3,50,2
66652,61,7,54,2
66653,60,7,53,2
66654,41,3,38,2
66655,52,5,47,2
66656,55,9,46,2
66657,66,8,58,2
66658,62,9,53,2
66659,70,11,59,2
66660,40,4,36,2
66661,50,6,44,2
66662,56,7,49,2
66663,59,8,51,2
66664,50,8,42,2
66665,62,5,57,2
66666,55,10,45,2
66667,37,9,28,2
66668,57,1,56,2
66669,44,6,38,2
66670,62,10,52,2
66671,60,7,53,2
66672,54,4,50,2
66673,50,9,41,2
66674,62,9,53,2
66675,55,7,48,2
66676,42,8,34,2
66677,72,8,64,2
66678,47,7,40,2
66679,69,8,61,2
66680,59,5,54,2
66681,50,8,42,2
66682,46,5,41,2
66683,56,7,49,2
66684,51,4,47,2
66685,55,2,53,2
66686,53,5,48,2
66687,49,5,44,2
66688,57,6,51,2
66689,56,9,47,2
66690,59,7,52,2
66691,68,7,61,2
66692,59,4,55,2
66693,55,8,47,2
66694,70,12,58,2
66695,58,10,48,2
66696,60,9,51,2
66697,41,4,37,2
66698,55,10,45,2
66699,57,5,52,2
66700,54,9,45,2
66701,54,4,50,2
66702,48,5,43,2
66703,49,4,45,2
66704,55,5,50,2
66705,57,12,45,2
66706,57,1,56,2
66707,43,7,36,2
66708,45,4,41,2
66709,65,12,53,2
66710,55,4,51,2
66711,53,4,49,2
66712,65,4,61,2
66713,50,5,45,2
66714,56,8,48,2
66715,48,6,42,2
66716,50,9,41,2
66717,65,6,59,2
66718,45,8,37,2
66719,65,9,56,2
66720,69,5,64,2
66721,58,7,51,2
66722,55,10,45,2
66723,59,5,54,2
66724,47,3,44,2
66725,52,2,50,2
66726,53,7,46,2
66727,57,12,45,2
66728,57,6,51,2
66729,49,8,41,2
66730,57,8,49,2
66731,59,6,53,2
66732,62,12,50,2
66733,66,6,60,2
66734,47,6,41,2
66735,57,8,49,2
66736,39,5,34,2
66737,54,10,44,2
66738,54,7,47,2
66739,61,7,54,2
66740,54,13,41,2
66741,68,12,56,2
66742,58,12,46,2
66743,65,7,58,2
66744,57,8,49,2
66745,59,6,53,2
66746,64,10,54,2
66747,57,4,53,2
66748,58,10,48,2
66749,56,6,50,2
66750,58,9,49,2
66751,49,8,41,2
66752,47,4,43,2
66753,43,4,39,2
66754,56,5,51,2
66755,39,5,34,2
66756,61,6,55,2
66757,46,5,41,2
66758,61,12,49,2
66759,58,5,53,2
66760,57,6,51,2
66761,44,6,38,2
66762,55,10,45,2
66763,68,5,63,2
66764,71,11,60,2
66765,53,12,41,2
66766,78,6,72,2
66767,64,3,61,2
66768,42,6,36,2
66769,59,12,47,2
66770,56,6,50,2
66771,51,3,48,2
66772,59,4,55,2
66773,66,6,60,2
66774,51,11,40,2
66775,64,10,54,2
66776,63,5,58,2
66777,72,6,66,2
66778,41,7,34,2
66779,55,5,50,2
66780,45,4,41,2
66781,51,7,44,2
66782,60,10,50,2
66783,74,12,62,2
66784,62,8,54,2
66785,55,7,48,2
66786,56,3,53,2
66787,59,7,52,2
66788,56,5,51,2
66789,67,14,53,2
66790,51,6,45,2
66791,51,6,45,2
66792,49,5,44,2
66793,55,8,47,2
66794,61,7,54,2
66795,57,3,54,2
66796,55,7,48,2
66797,47,5,42,2
66798,51,4,47,2
66799,71,9,62,2
66800,52,5,47,2
66801,61,8,53,2
66802,61,10,51,2
66803,39,1,38,2
66804,63,5,58,2
66805,52,11,41,2
66806,67,10,57,2
66807,52,8,44,2
66808,57,3,54,2
66809,41,4,37,2
66810,65,3,62,2
66811,63,8,55,2
66812,51,6,45,2
66813,61,14,47,2
66814,60,8,52,2
66815,52,6,46,2
66816,53,11,42,2
66817,60,4,56,2
66818,47,2,45,2
66819,56,8,48,2
66820,55,6,49,2
66821,72,6,66,2
66822,56,9,47,2
66823,48,5,43,2
66824,55,11,44,2
66825,52,8,44,2
66826,49,10,39,2
66827,50,6,44,2
66828,50,5,45,2
66829,62,8,54,2
66830,57,5,52,2
66831,57,13,44,2
66832,74,11,63,2
66833,61,9,52,2
66834,53,9,44,2
66835,63,6,57,2
66836,48,10,38,2
66837,59,7,52,2
66838,54,5,49,2
66839,39,6,33,2
66840,61,5,56,2
66841,45,9,36,2
66842,52,5,47,2
66843,54,7,47,2
66844,45,11,34,2
66845,47,4,43,2
66846,64,12,52,2
66847,54,3,51,2
66848,56,6,50,2
66849,56,10,46,2
66850,34,6,28,2
66851,54,3,51,2
66852,52,4,48,2
66853,52,6,46,2
66854,57,7,50,2
66855,47,7,40,2
66856,42,4,38,2
66857,54,7,47,2
66858,43,4,39,2
66859,37,2,35,2
66860,49,3,46,2
66861,62,5,57,2
66862,57,13,44,2
66863,62,8,54,2
66864,67,7,60,2
66865,48,7,41,2
66866,57,6,51,2
66867,50,5,45,2
66868,60,9,51,2
66869,59,2,57,2
66870,52,8,44,2
66871,53,4,49,2
66872,56,5,51,2
66873,50,10,40,2
66874,34,5,29,2
66875,39,6,33,2
66876,50,5,45,2
66877,55,5,50,2
66878,50,6,44,2
66879,51,4,47,2
66880,71,9,62,2
66881,48,3,45,2
66882,53,7,46,2
66883,48,7,41,2
66884,49,5,44,2
66885,52,4,48,2
66886,64,7,57,2
66887,50,6,44,2
66888,59,10,49,2
66889,46,4,42,2
66890,54,5,49,2
66891,69,7,62,2
66892,54,6,48,2
66893,52,13,39,2
66894,60,8,52,2
66895,53,5,48,2
66896,46,6,40,2
66897,47,12,35,2
66898,63,4,59,2
66899,58,7,51,2
66900,41,3,38,2
66901,63,10,53,2
66902,59,7,52,2
66903,65,7,58,2
66904,57,6,51,2
66905,65,8,57,2
66906,65,8,57,2
66907,62,9,53,2
66908,41,5,36,2
66909,64,4,60,2
66910,58,8,50,2
66911,50,11,39,2
66912,45,8,37,2
66913,56,5,51,2
66914,60,9,51,2
66915,46,6,40,2
66916,54,6,48,2
66917,71,7,64,2
66918,45,7,38,2
66919,57,11,46,2
66920,58,8,50,2
66921,62,8,54,2
66922,45,8,37,2
66923,62,14,48,2
66924,60,5,55,2
66925,58,7,51,2
66926,69,11,58,2
66927,70,10,60,2
66928,54,7,47,2
66929,65,6,59,2
66930,55,7,48,2
66931,59,7,52,2
66932,43,5,38,2
66933,40,2,38,2
66934,60,2,58,2
66935,42,5,37,2
66936,43,7,36,2
66937,43,8,35,2
66938,56,7,49,2
66939,56,9,47,2
66940,46,8,38,2
66941,54,10,44,2
66942,54,9,45,2
66943,44,7,37,2
66944,55,6,49,2
66945,50,7,43,2
66946,61,5,56,2
66947,63,8,55,2
66948,61,6,55,2
66949,50,5,45,2
66950,58,10,48,2
66951,65,5,60,2
66952,46,8,38,2
66953,59,9,50,2
66954,57,6,51,2
66955,69,7,62,2
66956,49,6,43,2
66957,62,4,58,2
66958,52,6,46,2
66959,50,8,42,2
66960,61,5,56,2
66961,53,6,47,2
66962,55,5,50,2
66963,56,4,52,2
66964,50,6,44,2
66965,52,7,45,2
66966,60,8,52,2
66967,56,7,49,2
66968,56,6,50,2
66969,65,8,57,2
66970,66,8,58,2
66971,47,7,40,2
66972,52,13,39,2
66973,54,7,47,2
66974,49,10,39,2
66975,37,5,32,2
66976,55,1,54,2
66977,48,6,42,2
66978,61,7,54,2
66979,59,9,50,2
66980,60,6,54,2
66981,53,5,48,2
66982,55,5,50,2
66983,55,9,46,2
66984,56,10,46,2
66985,53,9,44,2
66986,59,8,51,2
66987,46,9,37,2
66988,55,8,47,2
66989,53,6,47,2
66990,42,6,36,2
66991,50,5,45,2
66992,57,7,50,2
66993,69,8,61,2
66994,51,6,45,2
66995,56,11,45,2
66996,65,9,56,2
66997,51,9,42,2
66998,44,1,43,2
66999,47,6,41,2
67000,44,10,34,2
67001,53,5,48,2
67002,62,7,55,2
67003,51,2,49,2
67004,54,9,45,2
67005,67,9,58,2
67006,42,9,33,2
67007,44,7,37,2
67008,49,4,45,2
67009,68,3,65,2
67010,49,3,46,2
67011,55,8,47,2
67012,59,7,52,2
67013,61,6,55,2
67014,45,0,45,1
67015,45,7,38,2
67016,45,2,43,2
67017,63,8,55,2
67018,57,9,48,2
67019,44,8,36,2
67020,66,10,56,2
67021,41,9,32,2
67022,57,7,50,2
67023,64,6,58,2
67024,51,6,45,2
67025,49,5,44,2
67026,62,11,51,2
67027,53,4,49,2
67028,59,3,56,2
67029,52,4,48,2
67030,55,6,49,2
67031,48,6,42,2
67032,68,11,57,2
67033,55,2,53,2
67034,55,7,48,2
67035,55,10,45,2
67036,40,5,35,2
67037,66,10,56,2
67038,51,7,44,2
67039,53,8,45,2
67040,49,9,40,2
67041,50,3,47,2
67042,68,7,61,2
67043,59,11,48,2
67044,49,5,44,2
67045,48,5,43,2
67046,62,9,53,2
67047,56,4,52,2
67048,63,6,57,2
67049,55,6,49,2
67050,58,6,52,2
67051,45,6,39,2
67052,48,6,42,2
67053,59,7,52,2
67054,53,6,47,2
67055,45,11,34,2
67056,48,4,44,2
67057,59,5,54,2
67058,60,6,54,2
67059,60,5,55,2
67060,49,6,43,2
67061,45,6,39,2
67062,51,6,45,2
67063,62,10,52,2
67064,50,4,46,2
67065,51,6,45,2
67066,58,11,47,2
67068,68,11,57,2
67069,62,7,55,2
67070,70,5,65,2
67071,58,6,52,2
67072,60,8,52,2
67073,52,5,47,2
67074,52,5,47,2
67075,56,3,53,2
67076,48,3,45,2
67077,56,2,54,2
67078,50,7,43,2
67079,59,8,51,2
67080,43,9,34,2
67081,62,7,55,2
67082,59,10,49,2
67083,52,8,44,2
67084,64,10,54,2
67085,54,7,47,2
67086,57,11,46,2
67087,62,4,58,2
67088,54,10,44,2
67089,58,6,52,2
67090,64,6,58,2
67091,60,8,52,2
67092,42,6,36,2
67093,52,1,51,2
67094,55,2,53,2
67095,41,3,38,2
67096,59,4,55,2
67097,64,10,54,2
67098,63,9,54,2
67099,49,4,45,2
67100,52,9,43,2
67101,65,10,55,2
67102,57,11,46,2
67103,59,3,56,2
67104,52,9,43,2
67105,51,6,45,2
67106,58,6,52,2
67107,44,5,39,2
67108,44,8,36,2
67109,60,4,56,2
67110,51,7,44,2
67111,46,2,44,2
67112,50,6,44,2
67113,53,4,49,2
67114,62,6,56,2
67115,50,9,41,2
67116,48,3,45,2
67117,51,7,44,2
67118,52,10,42,2
67119,43,3,40,2
67120,52,8,44,2
67121,42,5,37,2
67122,52,3,49,2
67123,59,6,53,2
67124,54,6,48,2
67125,52,8,44,2
67126,55,8,47,2
67127,44,6,38,2
67128,60,4,56,2
67129,49,8,41,2
67130,59,7,52,2
67131,47,4,43,2
67132,61,7,54,2
67133,58,8,50,2
67134,58,5,53,2
67135,42,4,38,2
67136,70,8,62,2
67137,46,4,42,2
67138,57,13,44,2
67139,38,5,33,2
67140,67,8,59,2
67141,62,8,54,2
67142,52,7,45,2
67143,54,9,45,2
67144,64,7,57,2
67145,53,6,47,2
67146,58,10,48,2
67147,50,3,47,2
67148,41,6,35,2
67149,56,8,48,2
67150,65,4,61,2
67151,55,5,50,2
67152,55,3,52,2
67153,53,5,48,2
67154,44,9,35,2
67155,49,7,42,2
67156,52,4,48,2
67157,66,10,56,2
67158,60,5,55,2
67159,61,9,52,2
67160,41,2,39,2
67161,60,3,57,2
67162,60,6,54,2
67163,47,4,43,2
67164,48,4,44,2
67165,64,5,59,2
67166,56,7,49,2
67167,72,9,63,2
67168,59,4,55,2
67169,59,4,55,2
67170,71,10,61,2
67171,59,4,55,2
67172,55,8,47,2
67173,64,11,53,2
67174,56,8,48,2
67175,52,5,47,2
67176,53,5,48,2
67177,59,9,50,2
67178,48,4,44,2
67179,61,7,54,2
67180,41,5,36,2
67181,66,9,57,2
67182,49,7,42,2
67183,54,6,48,2
67184,58,8,50,2
67185,46,8,38,2
67186,67,10,57,2
67187,55,12,43,2
67188,50,7,43,2
67189,56,5,51,2
67190,53,4,49,2
67191,60,8,52,2
67192,64,7,57,2
67193,58,8,50,2
67194,55,5,50,2
67195,67,8,59,2
67196,50,4,46,2
67197,44,4,40,2
67198,53,7,46,2
67199,55,8,47,2
67200,51,6,45,2
67201,39,5,34,2
67202,41,2,39,2
67203,65,13,52,2
67204,45,6,39,2
67205,46,4,42,2
67206,52,7,45,2
67207,47,8,39,2
67208,48,7,41,2
67209,49,5,44,2
67210,49,7,42,2
67211,42,4,38,2
67212,58,5,53,2
67213,62,7,55,2
67214,62,8,54,2
67215,69,5,64,2
67216,43,8,35,2
67217,57,5,52,2
67218,69,9,60,2
67219,56,7,49,2
67220,57,2,55,2
67221,54,5,49,2
67222,66,11,55,2
67223,64,7,57,2
67224,60,6,54,2
67225,60,6,54,2
67226,62,5,57,2
67227,50,5,45,2
67228,72,8,64,2
67229,64,7,57,2
67230,55,5,50,2
67231,44,3,41,2
67232,49,6,43,2
67233,50,7,43,2
67234,46,3,43,2
67235,49,10,39,2
67236,43,6,37,2
67237,53,7,46,2
67238,64,5,59,2
67239,45,4,41,2
67240,56,5,51,2
67241,59,4,55,2
67242,60,3,57,2
67243,51,6,45,2
67244,56,6,50,2
67245,42,3,39,2
67246,47,5,42,2
67247,68,8,60,2
67248,55,8,47,2
67249,60,11,49,2
67250,42,10,32,2
67251,56,7,49,2
67252,67,5,62,2
67253,60,4,56,2
67254,56,3,53,2
67255,53,7,46,2
67256,56,6,50,2
67257,53,3,50,2
67258,60,7,53,2
67259,53,5,48,2
67260,59,7,52,2
67261,62,5,57,2
67262,54,10,44,2
67263,46,10,36,2
67264,55,5,50,2
67265,64,8,56,2
67266,63,10,53,2
67267,47,9,38,2
67268,46,3,43,2
67269,61,4,57,2
67270,56,6,50,2
67271,51,5,46,2
67272,57,4,53,2
67273,58,9,49,2
67274,52,6,46,2
67275,38,10,28,2
67276,38,6,32,2
67277,50,6,44,2
67278,58,11,47,2
67280,55,10,45,2
67281,44,0,44,1
67282,59,12,47,2
67283,43,7,36,2
67284,58,4,54,2
67285,47,7,40,2
67286,49,2,47,2
67287,62,6,56,2
67288,57,2,55,2
67289,47,6,41,2
67290,62,9,53,2
67291,59,12,47,2
67292,71,5,66,2
67293,59,14,45,2
67294,56,6,50,2
67295,58,4,54,2
67296,52,6,46,2
67297,58,8,50,2
67298,48,6,42,2
67299,58,4,54,2
67300,57,8,49,2
67301,60,8,52,2
67302,56,8,48,2
67303,47,7,40,2
67304,52,7,45,2
67305,56,5,51,2
67306,54,3,51,2
67307,46,3,43,2
67308,55,7,48,2
67309,54,9,45,2
67310,67,5,62,2
67311,44,10,34,2
67312,39,7,32,2
67313,67,10,57,2
67314,48,2,46,2
67315,59,9,50,2
67316,61,8,53,2
67317,54,8,46,2
67318,70,9,61,2
67319,50,5,45,2
67320,56,11,45,2
67321,61,5,56,2
67322,61,8,53,2
67323,51,5,46,2
67324,63,6,57,2
67325,60,9,51,2
67326,45,3,42,2
67327,46,5,41,2
67328,65,10,55,2
67329,61,9,52,2
67330,46,6,40,2
67331,52,4,48,2
67332,55,7,48,2
67333,49,6,43,2
67334,53,7,46,2
67335,54,6,48,2
67336,65,7,58,2
67337,57,6,51,2
67338,66,9,57,2
67339,51,4,47,2
67340,65,6,59,2
67341,56,11,45,2
67342,53,10,43,2
67343,46,4,42,2
67344,45,5,40,2
67345,60,11,49,2
67346,53,5,48,2
67347,42,10,32,2
67348,76,7,69,2
67349,45,10,35,2
67350,46,2,44,2
67351,72,7,65,2
67352,52,5,47,2
67353,46,11,35,2
67354,52,8,44,2
67355,49,6,43,2
67356,70,18,52,2
67357,55,9,46,2
67358,49,6,43,2
67359,57,8,49,2
67360,51,6,45,2
67361,61,6,55,2
67362,59,5,54,2
67363,62,9,53,2
67364,44,1,43,2
67365,55,4,51,2
67366,59,7,52,2
67367,47,9,38,2
67368,45,9,36,2
67369,63,11,52,2
67370,60,5,55,2
67371,47,4,43,2
67372,56,6,50,2
67373,45,8,37,2
67374,66,5,61,2
67375,46,5,41,2
67376,58,6,52,2
67377,53,3,50,2
67378,62,8,54,2
67379,52,10,42,2
67380,45,8,37,2
67381,48,3,45,2
67382,45,7,38,2
67383,58,8,50,2
67384,50,6,44,2
67385,57,3,54,2
67386,51,6,45,2
67387,48,3,45,2
67388,68,9,59,2
67389,59,7,52,2
67390,47,3,44,2
67391,57,8,49,2
67392,51,6,45,2
67393,37,7,30,2
67394,61,9,52,2
67395,63,7,56,2
67396,57,7,50,2
67397,71,3,68,2
67398,70,9,61,2
67399,53,7,46,2
67400,44,4,40,2
67401,52,4,48,2
67402,57,4,53,2
67403,54,11,43,2
67404,57,6,51,2
67405,59,8,51,2
67406,66,8,58,2
67407,58,7,51,2
67408,48,8,40,2
67409,51,4,47,2
67410,53,5,48,2
67411,43,6,37,2
67412,59,5,54,2
67413,44,3,41,2
67414,53,8,45,2
67415,46,5,41,2
67416,72,4,68,2
67417,53,6,47,2
67418,51,6,45,2
67419,69,10,59,2
67420,43,5,38,2
67421,48,4,44,2
67422,50,5,45,2
67423,52,5,47,2
67424,53,6,47,2
67425,58,8,50,2
67426,55,3,52,2
67427,49,8,41,2
67428,64,7,57,2
67429,70,13,57,2
67430,53,5,48,2
67431,65,8,57,2
67432,43,6,37,2
67433,49,4,45,2
67434,64,5,59,2
67435,64,11,53,2
67437,60,9,51,2
67438,48,4,44,2
67439,60,6,54,2
67440,65,4,61,2
67441,53,3,50,2
67442,50,6,44,2
67443,47,7,40,2
67444,49,8,41,2
67445,48,6,42,2
67446,57,4,53,2
67447,70,7,63,2
67448,48,4,44,2
67449,55,6,49,2
67450,45,3,42,2
67451,46,5,41,2
67452,48,8,40,2
67453,63,12,51,2
67454,57,6,51,2
67455,49,4,45,2
67456,60,11,49,2
67457,42,6,36,2
67458,60,5,55,2
67459,45,2,43,2
67460,68,6,62,2
67461,61,5,56,2
67462,64,3,61,2
67463,48,11,37,2
67464,49,9,40,2
67465,52,7,45,2
67466,56,1,55,2
67467,69,3,66,2
67468,60,5,55,2
67469,55,5,50,2
67470,54,7,47,2
67471,44,1,43,2
67472,47,3,44,2
67473,54,5,49,2
67474,54,5,49,2
67475,62,9,53,2
67476,52,5,47,2
67477,44,5,39,2
67478,45,5,40,2
67479,56,8,48,2
67480,42,7,35,2
67481,62,3,59,2
67482,43,4,39,2
67483,50,6,44,2
67484,63,6,57,2
67485,62,6,56,2
67486,54,6,48,2
67487,66,13,53,2
67488,56,6,50,2
67489,63,7,56,2
67490,66,8,58,2
67491,57,9,48,2
67492,52,6,46,2
67493,50,10,40,2
67494,45,6,39,2
67495,42,4,38,2
67496,68,8,60,2
67497,67,10,57,2
67498,57,6,51,2
67499,68,9,59,2
67500,61,6,55,2
67501,61,13,48,2
67502,37,4,33,2
67503,61,8,53,2
67504,41,4,37,2
67505,51,5,46,2
67506,58,7,51,2
67507,47,11,36,2
67508,44,4,40,2
67509,61,4,57,2
67510,60,4,56,2
67511,56,8,48,2
67512,57,7,50,2
67513,54,7,47,2
67514,60,8,52,2
67515,47,6,41,2
67516,48,6,42,2
67517,65,13,52,2
67518,64,6,58,2
67519,51,7,44,2
67520,51,6,45,2
67521,65,7,58,2
67522,49,4,45,2
67523,56,6,50,2
67524,53,7,46,2
67525,50,4,46,2
67526,63,11,52,2
67527,61,7,54,2
67528,55,6,49,2
67529,61,8,53,2
67530,57,8,49,2
67531,43,3,40,2
67532,57,6,51,2
67533,54,5,49,2
67534,64,4,60,2
67535,47,7,40,2
67536,58,9,49,2
67537,45,5,40,2
67538,46,5,41,2
67539,51,2,49,2
67540,54,8,46,2
67541,48,5,43,2
67542,58,3,55,2
67543,48,6,42,2
67544,63,7,56,2
67545,62,8,54,2
67546,50,7,43,2
67547,46,3,43,2
67548,38,4,34,2
67549,53,7,46,2
67550,41,6,35,2
67551,69,6,63,2
67552,53,4,49,2
67553,53,4,49,2
67554,72,10,62,2
67555,51,6,45,2
67556,63,5,58,2
67557,54,8,46,2
67558,57,4,53,2
67559,64,9,55,2
67560,44,4,40,2
67561,53,2,51,2
67562,66,6,60,2
67563,49,6,43,2
67564,55,5,50,2
67565,47,6,41,2
67566,58,8,50,2
67567,47,1,46,2
67568,58,13,45,2
67569,52,11,41,2
67570,60,6,54,2
67571,62,7,55,2
67572,71,7,64,2
67573,48,3,45,2
67574,48,2,46,2
67575,47,7,40,2
67576,51,6,45,2
67577,56,6,50,2
67578,2,1,1,2
67579,50,5,45,2
67580,56,4,52,2
67581,62,11,51,2
67582,60,3,57,2
67583,53,9,44,2
67584,56,9,47,2
67585,69,11,58,2
67586,43,9,34,2
67587,53,5,48,2
67588,48,5,43,2
67589,67,7,60,2
67590,44,5,39,2
67591,63,8,55,2
67592,51,11,40,2
67593,41,3,38,2
67594,46,8,38,2
67595,60,7,53,2
67596,57,9,48,2
67597,44,1,43,2
67598,62,4,58,2
67599,49,10,39,2
67600,34,3,31,2
67601,49,5,44,2
67602,57,4,53,2
67603,41,4,37,2
67604,59,5,54,2
67605,50,7,43,2
67606,60,8,52,2
67607,51,6,45,2
67608,57,3,54,2
67609,51,9,42,2
67610,71,10,61,2
67611,65,10,55,2
67612,59,6,53,2
67613,48,3,45,2
67614,60,6,54,2
67615,61,3,58,2
67616,67,7,60,2
67617,46,5,41,2
67618,67,12,55,2
67619,57,7,50,2
67620,58,2,56,2
67621,62,5,57,2
67622,55,5,50,2
67623,60,5,55,2
67624,53,7,46,2
67625,60,9,51,2
67626,67,6,61,2
67627,53,9,44,2
67628,59,5,54,2
67629,52,6,46,2
67630,55,8,47,2
67631,55,7,48,2
67632,60,11,49,2
67633,51,8,43,2
67634,55,8,47,2
67635,56,11,45,2
67636,72,9,63,2
67637,54,6,48,2
67638,50,7,43,2
67639,49,5,44,2
67640,60,4,56,2
67641,63,4,59,2
67642,61,4,57,2
67643,53,6,47,2
67644,64,3,61,2
67645,54,3,51,2
67646,60,4,56,2
67647,47,6,41,2
67648,59,6,53,2
67649,52,6,46,2
67650,59,7,52,2
67651,54,13,41,2
67652,54,8,46,2
67653,59,5,54,2
67654,61,10,51,2
67655,53,3,50,2
67656,55,6,49,2
67657,58,13,45,2
67658,70,7,63,2
67659,66,7,59,2
67660,53,7,46,2
67661,48,9,39,2
67662,48,9,39,2
67663,51,6,45,2
67664,49,7,42,2
67665,59,6,53,2
67666,60,4,56,2
67667,45,1,44,2
67668,58,5,53,2
67669,48,3,45,2
67670,68,10,58,2
67671,60,7,53,2
67672,59,4,55,2
67673,50,4,46,2
67674,50,5,45,2
67675,55,5,50,2
67676,57,3,54,2
67677,50,6,44,2
67678,41,3,38,2
67679,62,5,57,2
67680,52,5,47,2
67681,65,12,53,2
67682,69,10,59,2
67683,51,3,48,2
67684,52,7,45,2
67685,67,7,60,2
67686,52,9,43,2
67687,58,11,47,2
67688,46,10,36,2
67689,52,6,46,2
67690,57,7,50,2
67691,44,6,38,2
67692,60,7,53,2
67693,46,6,40,2
67694,58,5,53,2
67695,70,9,61,2
67696,55,5,50,2
67697,59,6,53,2
67698,73,6,67,2
67699,48,4,44,2
67700,50,6,44,2
67701,60,3,57,2
67702,55,8,47,2
67703,51,9,42,2
67704,59,7,52,2
67705,47,5,42,2
67706,50,9,41,2
67707,49,7,42,2
67708,58,7,51,2
67709,48,4,44,2
67710,49,8,41,2
67711,57,1,56,2
67712,61,9,52,2
67713,68,10,58,2
67714,53,4,49,2
67715,61,6,55,2
67716,62,4,58,2
67717,42,5,37,2
67718,53,10,43,2
67719,64,9,55,2
67720,58,6,52,2
67721,54,7,47,2
67722,54,8,46,2
67723,42,2,40,2
67724,68,10,58,2
67725,50,8,42,2
67726,49,4,45,2
67727,72,7,65,2
67728,56,4,52,2
67729,63,6,57,2
67730,51,9,42,2
67731,57,4,53,2
67732,54,5,49,2
67733,55,4,51,2
67734,44,3,41,2
67735,59,11,48,2
67736,50,6,44,2
67737,58,9,49,2
67738,59,10,49,2
67739,57,7,50,2
67740,59,7,52,2
67741,42,3,39,2
67742,38,6,32,2
67743,62,4,58,2
67744,61,12,49,2
67745,59,6,53,2
67746,42,7,35,2
67747,58,5,53,2
67748,51,7,44,2
67749,47,7,40,2
67750,58,3,55,2
67751,55,6,49,2
67752,55,4,51,2
67753,55,6,49,2
67754,53,4,49,2
67755,51,5,46,2
67756,60,7,53,2
67757,69,5,64,2
67758,50,3,47,2
67759,42,6,36,2
67760,49,7,42,2
67761,54,6,48,2
67762,55,4,51,2
67763,50,11,39,2
67764,47,5,42,2
67765,53,7,46,2
67766,35,5,30,2
67767,42,6,36,2
67768,42,3,39,2
67769,66,9,57,2
67770,51,9,42,2
67771,50,6,44,2
67772,49,5,44,2
67773,66,10,56,2
67774,54,6,48,2
67775,58,6,52,2
67776,51,9,42,2
67777,49,6,43,2
67778,45,5,40,2
67779,61,7,54,2
67780,60,11,49,2
67781,64,4,60,2
67782,54,5,49,2
67783,55,11,44,2
67784,46,5,41,2
67785,54,6,48,2
67786,64,8,56,2
67787,45,6,39,2
67788,65,9,56,2
67789,61,5,56,2
67790,65,8,57,2
67791,44,4,40,2
67792,58,5,53,2
67793,46,12,34,2
67794,49,6,43,2
67795,61,8,53,2
67796,46,8,38,2
67797,75,8,67,2
67798,51,3,48,2
67799,39,3,36,2
67800,46,7,39,2
67801,59,4,55,2
67802,60,10,50,2
67803,58,4,54,2
67804,53,5,48,2
67805,52,8,44,2
67806,46,3,43,2
67807,60,12,48,2
67808,50,5,45,2
67809,47,4,43,2
67810,48,8,40,2
67811,70,4,66,2
67812,59,6,53,2
67813,46,5,41,2
67814,69,9,60,2
67815,66,14,52,2
67816,51,6,45,2
67817,47,0,47,1
67818,52,5,47,2
67819,42,5,37,2
67820,56,10,46,2
67821,56,7,49,2
67822,51,12,39,2
67823,56,7,49,2
67824,55,9,46,2
67825,58,7,51,2
67826,53,10,43,2
67827,49,3,46,2
67828,57,12,45,2
67829,56,5,51,2
67830,69,12,57,2
67831,62,7,55,2
67832,42,6,36,2
67833,59,10,49,2
67834,51,9,42,2
67835,50,5,45,2
67836,44,3,41,2
67837,50,4,46,2
67838,56,7,49,2
67839,57,8,49,2
67840,75,6,69,2
67841,52,3,49,2
67842,60,5,55,2
67843,58,6,52,2
67844,51,6,45,2
67845,53,9,44,2
67846,54,7,47,2
67847,53,4,49,2
67848,59,8,51,2
67849,41,6,35,2
67850,46,3,43,2
67851,51,4,47,2
67852,47,6,41,2
67853,48,3,45,2
67854,59,6,53,2
67855,53,7,46,2
67856,57,8,49,2
67857,52,6,46,2
67858,58,7,51,2
67859,48,6,42,2
67860,60,6,54,2
67861,52,10,42,2
67862,73,9,64,2
67863,52,8,44,2
67864,44,1,43,2
67865,56,10,46,2
67866,61,8,53,2
67867,66,7,59,2
67868,55,8,47,2
67869,68,6,62,2
67870,56,5,51,2
67871,43,5,38,2
67872,55,4,51,2
67873,42,8,34,2
67874,55,9,46,2
67875,49,3,46,2
67876,63,5,58,2
67877,53,10,43,2
67878,48,4,44,2
67879,47,6,41,2
67880,59,12,47,2
67881,44,5,39,2
67882,49,1,48,2
67883,58,6,52,2
67884,52,6,46,2
67885,58,4,54,2
67886,54,4,50,2
67887,64,8,56,2
67888,56,9,47,2
67889,60,11,49,2
67890,65,3,62,2
67891,45,4,41,2
67892,51,6,45,2
67893,64,6,58,2
67894,60,6,54,2
67895,58,4,54,2
67896,53,9,44,2
67897,64,10,54,2
67898,57,5,52,2
67899,55,8,47,2
67900,49,5,44,2
67901,50,6,44,2
67902,69,3,66,2
67903,55,4,51,2
67904,55,3,52,2
67905,76,12,64,2
67906,52,6,46,2
67907,41,4,37,2
67908,49,6,43,2
67909,60,6,54,2
67910,61,10,51,2
67911,57,2,55,2
67912,62,13,49,2
67913,64,11,53,2
67914,52,6,46,2
67915,47,5,42,2
67916,71,5,66,2
67917,43,5,38,2
67918,47,9,38,2
67919,43,6,37,2
67920,63,9,54,2
67921,54,6,48,2
67922,52,5,47,2
67923,42,3,39,2
67924,62,4,58,2
67925,52,8,44,2
67926,43,3,40,2
67927,65,4,61,2
67928,67,5,62,2
67929,53,3,50,2
67930,52,10,42,2
67931,52,8,44,2
67932,48,5,43,2
67933,55,10,45,2
67934,47,5,42,2
67935,57,3,54,2
67936,60,8,52,2
67937,66,6,60,2
67938,60,7,53,2
67939,57,7,50,2
67940,51,9,42,2
67941,58,4,54,2
67942,49,7,42,2
67943,47,9,38,2
67944,60,10,50,2
67945,50,8,42,2
67946,43,1,42,2
67947,58,8,50,2
67948,54,7,47,2
67949,63,5,58,2
67950,55,10,45,2
67951,50,4,46,2
67952,49,7,42,2
67953,47,2,45,2
67954,58,5,53,2
67955,54,6,48,2
67956,48,5,43,2
67957,58,7,51,2
67958,51,5,46,2
67959,50,7,43,2
67960,52,10,42,2
67961,59,11,48,2
67962,51,1,50,2
67963,69,8,61,2
67964,51,6,45,2
67965,54,7,47,2
67966,46,10,36,2
67967,67,8,59,2
67968,48,8,40,2
67969,59,6,53,2
67970,49,10,39,2
67971,46,3,43,2
67972,67,4,63,2
67973,55,8,47,2
67974,47,1,46,2
67975,51,3,48,2
67976,67,7,60,2
67977,54,6,48,2
67978,55,12,43,2
67979,51,9,42,2
67980,41,6,35,2
67981,50,7,43,2
67982,69,3,66,2
67983,43,7,36,2
67984,56,8,48,2
67985,52,11,41,2
67986,65,9,56,2
67987,52,6,46,2
67988,57,5,52,2
67989,40,5,35,2
67990,62,6,56,2
67991,57,9,48,2
67992,56,8,48,2
67993,52,5,47,2
67994,49,2,47,2
67995,54,7,47,2
67996,57,12,45,2
67997,50,11,39,2
67998,51,5,46,2
67999,62,7,55,2
68000,51,4,47,2
68001,53,6,47,2
68002,71,9,62,2
68003,55,6,49,2
68004,47,8,39,2
68005,57,6,51,2
68006,57,5,52,2
68007,45,6,39,2
68008,57,6,51,2
68009,45,3,42,2
68010,50,4,46,2
68011,54,8,46,2
68012,53,6,47,2
68013,47,5,42,2
68014,47,8,39,2
68015,61,9,52,2
68016,43,4,39,2
68017,52,8,44,2
68018,59,9,50,2
68019,49,4,45,2
68020,59,10,49,2
68021,50,7,43,2
68022,45,5,40,2
68023,49,5,44,2
68024,51,4,47,2
68025,59,8,51,2
68026,62,6,56,2
68027,46,7,39,2
68028,49,7,42,2
68029,44,1,43,2
68030,63,5,58,2
68031,59,6,53,2
68032,47,7,40,2
68033,57,5,52,2
68034,54,5,49,2
68035,37,5,32,2
68036,52,3,49,2
68037,55,4,51,2
68038,50,3,47,2
68039,53,6,47,2
68040,56,4,52,2
68041,59,4,55,2
68042,50,5,45,2
68043,57,6,51,2
68044,55,6,49,2
68045,50,6,44,2
68046,56,9,47,2
68047,45,4,41,2
68048,42,3,39,2
68049,70,5,65,2
68050,59,7,52,2
68051,58,7,51,2
68052,46,6,40,2
68053,49,6,43,2
68054,59,6,53,2
68055,48,3,45,2
68056,57,13,44,2
68057,62,9,53,2
68058,60,6,54,2
68059,53,5,48,2
68060,64,8,56,2
68061,40,7,33,2
68062,65,8,57,2
68063,55,8,47,2
68064,59,8,51,2
68065,52,2,50,2
68066,56,4,52,2
68067,47,7,40,2
68068,61,7,54,2
68069,55,3,52,2
68070,56,6,50,2
68071,57,7,50,2
68072,61,10,51,2
68073,57,5,52,2
68074,53,9,44,2
68075,52,5,47,2
68076,46,6,40,2
68077,66,9,57,2
68078,75,12,63,2
68079,52,4,48,2
68080,65,7,58,2
68081,53,5,48,2
68082,46,9,37,2
68083,53,4,49,2
68084,36,1,35,2
68085,57,5,52,2
68086,56,7,49,2
68087,56,8,48,2
68088,54,9,45,2
68089,59,9,50,2
68090,61,8,53,2
68091,55,6,49,2
68092,50,5,45,2
68093,54,5,49,2
68094,57,10,47,2
68095,58,7,51,2
68096,60,11,49,2
68097,55,8,47,2
68098,56,9,47,2
68099,47,1,46,2
68100,54,5,49,2
68101,58,6,52,2
68102,61,7,54,2
68103,52,6,46,2
68104,53,5,48,2
68105,53,5,48,2
68106,50,6,44,2
68107,52,3,49,2
68108,61,12,49,2
68109,53,4,49,2
68110,66,5,61,2
68111,49,8,41,2
68112,48,6,42,2
68113,43,2,41,2
68114,60,12,48,2
68115,67,7,60,2
68116,47,9,38,2
68117,53,7,46,2
68118,48,5,43,2
68119,57,6,51,2
68120,55,8,47,2
68121,44,3,41,2
68122,69,6,63,2
68123,41,5,36,2
68124,62,9,53,2
68125,65,5,60,2
68126,56,4,52,2
68127,62,14,48,2
68128,50,5,45,2
68129,53,4,49,2
68130,69,4,65,2
68131,59,3,56,2
68132,57,8,49,2
68133,45,7,38,2
68134,53,2,51,2
68135,65,5,60,2
68136,50,9,41,2
68137,55,6,49,2
68138,56,8,48,2
68139,51,6,45,2
68140,49,7,42,2
68141,63,12,51,2
68142,70,10,60,2
68143,59,6,53,2
68144,48,7,41,2
68145,67,5,62,2
68146,43,5,38,2
68147,65,4,61,2
68148,54,6,48,2
68149,64,10,54,2
68150,53,4,49,2
68151,65,10,55,2
68152,50,5,45,2
68153,50,4,46,2
68154,56,3,53,2
68155,48,8,40,2
68156,72,11,61,2
68157,57,5,52,2
68158,41,3,38,2
68159,52,3,49,2
68160,54,6,48,2
68161,57,6,51,2
68162,47,5,42,2
68163,69,10,59,2
68164,54,10,44,2
68165,48,4,44,2
68166,54,8,46,2
68167,51,6,45,2
68168,48,5,43,2
68169,54,7,47,2
68170,67,8,59,2
68171,54,8,46,2
68172,58,10,48,2
68173,71,6,65,2
68174,59,12,47,2
68175,53,7,46,2
68176,51,6,45,2
68177,59,10,49,2
68178,37,6,31,2
68179,72,8,64,2
68180,47,7,40,2
68181,50,5,45,2
68182,49,6,43,2
68183,55,6,49,2
68184,46,3,43,2
68185,55,4,51,2
68186,49,7,42,2
68187,48,8,40,2
68188,56,6,50,2
68189,57,7,50,2
68190,57,6,51,2
68191,55,15,40,2
68192,58,8,50,2
68193,58,3,55,2
68194,56,8,48,2
68195,62,6,56,2
68196,46,2,44,2
68197,54,3,51,2
68198,68,7,61,2
68199,66,9,57,2
68200,43,6,37,2
68201,57,5,52,2
68202,57,5,52,2
68203,46,7,39,2
68204,51,9,42,2
68205,50,3,47,2
68206,50,5,45,2
68207,50,4,46,2
68208,60,5,55,2
68209,53,5,48,2
68210,55,7,48,2
68211,65,7,58,2
68212,52,5,47,2
68213,53,6,47,2
68214,51,4,47,2
68215,48,3,45,2
68216,61,7,54,2
68217,62,9,53,2
68218,60,5,55,2
68219,48,7,41,2
68220,52,5,47,2
68221,59,5,54,2
68222,63,12,51,2
68223,53,6,47,2
68224,50,2,48,2
68225,47,5,42,2
68226,64,9,55,2
68227,65,9,56,2
68228,51,2,49,2
68229,56,4,52,2
68230,55,8,47,2
68231,62,4,58,2
68233,52,8,44,2
68234,55,10,45,2
68235,53,6,47,2
68236,56,6,50,2
68237,51,7,44,2
68238,48,6,42,2
68239,61,9,52,2
68240,53,10,43,2
68241,53,6,47,2
68242,56,5,51,2
68243,69,9,60,2
68244,62,8,54,2
68245,59,9,50,2
68246,64,5,59,2
68247,43,2,41,2
68248,52,3,49,2
68249,53,9,44,2
68250,51,10,41,2
68251,48,9,39,2
68252,40,3,37,2
68253,61,8,53,2
68254,51,8,43,2
68255,59,3,56,2
68256,43,5,38,2
68257,69,9,60,2
68258,58,7,51,2
68259,64,9,55,2
68260,61,11,50,2
68261,67,11,56,2
68262,56,5,51,2
68263,55,7,48,2
68264,50,7,43,2
68265,61,3,58,2
68266,52,12,40,2
68267,43,7,36,2
68268,45,8,37,2
68269,50,7,43,2
68270,55,4,51,2
68271,55,3,52,2
68272,57,6,51,2
68273,66,9,57,2
68274,39,4,35,2
68275,46,3,43,2
68276,49,4,45,2
68277,52,5,47,2
68278,54,6,48,2
68279,43,8,35,2
68280,56,7,49,2
68281,45,5,40,2
68282,60,12,48,2
68283,75,8,67,2
68284,63,15,48,2
68285,58,4,54,2
68286,60,7,53,2
68287,57,5,52,2
68288,55,5,50,2
68289,63,7,56,2
68290,64,7,57,2
68291,56,6,50,2
68292,50,7,43,2
68293,56,7,49,2
68294,56,2,54,2
68295,61,6,55,2
68296,58,5,53,2
68297,38,1,37,2
68298,42,7,35,2
68299,58,5,53,2
68300,67,8,59,2
68301,59,10,49,2
68302,50,5,45,2
68303,69,10,59,2
68304,59,9,50,2
68305,46,4,42,2
68306,63,8,55,2
68307,55,7,48,2
68308,44,4,40,2
68309,46,7,39,2
68310,57,8,49,2
68311,62,8,54,2
68312,59,10,49,2
68313,67,13,54,2
68314,58,9,49,2
68315,50,7,43,2
68316,47,11,36,2
68317,50,7,43,2
68318,44,7,37,2
68319,66,12,54,2
68320,55,9,46,2
68321,53,5,48,2
68322,60,8,52,2
68323,55,9,46,2
68324,47,8,39,2
68325,54,5,49,2
68326,55,11,44,2
68327,52,8,44,2
68328,48,2,46,2
68329,57,5,52,2
68330,54,5,49,2
68331,62,8,54,2
68332,66,7,59,2
68333,41,7,34,2
68334,54,7,47,2
68335,60,10,50,2
68336,59,13,46,2
68337,56,7,49,2
68338,49,8,41,2
68339,71,16,55,2
68340,60,7,53,2
68341,59,8,51,2
68342,53,7,46,2
68343,50,6,44,2
68345,49,4,45,2
68346,49,5,44,2
68347,62,2,60,2
68348,41,9,32,2
68349,69,8,61,2
68350,55,4,51,2
68351,61,9,52,2
68352,55,6,49,2
68353,49,7,42,2
68354,56,6,50,2
68355,50,7,43,2
68356,57,5,52,2
68357,54,6,48,2
68358,45,6,39,2
68359,52,9,43,2
68360,51,6,45,2
68361,65,6,59,2
68362,48,6,42,2
68363,45,4,41,2
68364,69,3,66,2
68365,52,8,44,2
68366,52,4,48,2
68367,59,7,52,2
68368,58,6,52,2
68369,72,8,64,2
68370,46,7,39,2
68371,59,10,49,2
68372,49,6,43,2
68373,56,4,52,2
68374,65,10,55,2
68375,63,6,57,2
68376,51,7,44,2
68377,57,7,50,2
68378,56,6,50,2
68379,54,5,49,2
68380,60,7,53,2
68381,62,3,59,2
68382,53,2,51,2
68383,54,5,49,2
68384,55,6,49,2
68385,61,6,55,2
68386,56,7,49,2
68387,54,2,52,2
68388,64,6,58,2
68389,50,6,44,2
68390,45,4,41,2
68391,57,6,51,2
68392,48,5,43,2
68393,50,5,45,2
68394,47,1,46,2
68395,69,11,58,2
68396,54,6,48,2
68397,44,3,41,2
68398,59,6,53,2
68399,47,5,42,2
68400,55,9,46,2
68401,54,6,48,2
68402,54,8,46,2
68403,56,7,49,2
68404,49,5,44,2
68405,59,4,55,2
68406,59,6,53,2
68407,55,6,49,2
68408,63,5,58,2
68409,45,7,38,2
68410,45,3,42,2
68411,49,7,42,2
68412,55,5,50,2
68413,56,11,45,2
68414,54,6,48,2
68415,59,10,49,2
68416,51,6,45,2
68417,55,9,46,2
68418,60,13,47,2
68419,48,3,45,2
68420,43,4,39,2
68421,58,9,49,2
68422,57,11,46,2
68423,49,5,44,2
68424,59,8,51,2
68425,41,2,39,2
68426,40,4,36,2
68427,50,7,43,2
68428,61,9,52,2
68429,50,6,44,2
68430,58,7,51,2
68431,42,3,39,2
68432,65,7,58,2
68433,46,2,44,2
68434,40,8,32,2
68435,52,6,46,2
68436,49,10,39,2
68437,61,7,54,2
68438,61,4,57,2
68439,68,8,60,2
68440,78,6,72,2
68441,48,3,45,2
68442,66,10,56,2
68443,53,7,46,2
68444,52,5,47,2
68445,60,11,49,2
68446,55,7,48,2
68447,42,7,35,2
68448,46,3,43,2
68449,51,6,45,2
68450,39,7,32,2
68451,60,12,48,2
68452,55,8,47,2
68453,53,6,47,2
68454,60,8,52,2
68455,63,4,59,2
68456,53,4,49,2
68457,55,6,49,2
68458,41,2,39,2
68459,54,6,48,2
68460,49,4,45,2
68461,45,4,41,2
68462,59,9,50,2
68463,52,6,46,2
68464,50,4,46,2
68465,52,7,45,2
68466,58,8,50,2
68467,60,6,54,2
68468,57,4,53,2
68469,67,5,62,2
68470,48,2,46,2
68471,37,1,36,2
68472,43,7,36,2
68473,54,4,50,2
68474,63,6,57,2
68475,56,7,49,2
68476,48,3,45,2
68477,54,10,44,2
68478,56,7,49,2
68479,55,4,51,2
68480,46,8,38,2
68481,57,4,53,2
68482,59,7,52,2
68483,64,8,56,2
68484,58,7,51,2
68485,45,3,42,2
68486,56,2,54,2
68487,39,6,33,2
68488,44,10,34,2
68489,49,9,40,2
68490,64,11,53,2
68491,54,9,45,2
68492,40,7,33,2
68493,62,11,51,2
68494,34,3,31,2
68495,61,4,57,2
68496,53,3,50,2
68497,55,5,50,2
68498,63,6,57,2
68499,42,5,37,2
68500,70,9,61,2
68501,52,9,43,2
68502,46,1,45,2
68503,73,8,65,2
68504,61,5,56,2
68505,62,6,56,2
68506,44,5,39,2
68507,67,4,63,2
68508,54,7,47,2
68509,47,5,42,2
68510,51,8,43,2
68511,48,10,38,2
68512,57,3,54,2
68513,54,6,48,2
68514,69,9,60,2
68515,55,12,43,2
68516,58,2,56,2
68517,56,11,45,2
68518,68,15,53,2
68519,53,4,49,2
68520,60,10,50,2
68521,65,6,59,2
68522,60,9,51,2
68523,43,7,36,2
68524,56,6,50,2
68525,44,5,39,2
68526,63,6,57,2
68527,47,7,40,2
68528,58,15,43,2
68529,46,4,42,2
68530,45,3,42,2
68531,50,3,47,2
68532,56,10,46,2
68533,70,5,65,2
68534,43,9,34,2
68535,41,8,33,2
68536,44,7,37,2
68537,59,5,54,2
68538,47,7,40,2
68539,56,8,48,2
68540,49,4,45,2
68541,61,9,52,2
68542,63,8,55,2
68543,57,8,49,2
68544,57,11,46,2
68545,50,5,45,2
68546,54,4,50,2
68547,38,2,36,2
68548,61,10,51,2
68549,51,5,46,2
68550,56,8,48,2
68551,56,8,48,2
68552,60,8,52,2
68553,60,8,52,2
68554,67,8,59,2
68555,35,5,30,2
68556,63,9,54,2
68557,62,10,52,2
68558,55,8,47,2
68559,52,8,44,2
68560,55,8,47,2
68561,48,7,41,2
68562,65,9,56,2
68563,49,7,42,2
68564,43,7,36,2
68565,62,7,55,2
68566,61,9,52,2
68567,56,3,53,2
68568,47,1,46,2
68569,52,10,42,2
68570,46,5,41,2
68571,48,5,43,2
68572,43,4,39,2
68573,57,10,47,2
68574,50,4,46,2
68575,53,10,43,2
68576,60,9,51,2
68577,58,9,49,2
68578,45,7,38,2
68579,56,8,48,2
68580,46,6,40,2
68581,55,5,50,2
68582,52,3,49,2
68583,54,4,50,2
68584,51,8,43,2
68585,78,5,73,2
68586,39,3,36,2
68587,64,7,57,2
68588,48,7,41,2
68589,58,9,49,2
68590,55,6,49,2
68591,62,14,48,2
68592,55,3,52,2
68593,48,5,43,2
68594,49,5,44,2
68595,50,5,45,2
68596,64,7,57,2
68597,62,7,55,2
68598,53,2,51,2
68599,53,5,48,2
68600,58,8,50,2
68601,51,7,44,2
68602,50,2,48,2
68603,49,8,41,2
68604,47,5,42,2
68605,40,0,40,1
68606,69,5,64,2
68607,46,3,43,2
68608,41,2,39,2
68609,52,1,51,2
68610,64,5,59,2
68611,46,8,38,2
68612,56,4,52,2
68613,34,4,30,2
68614,52,7,45,2
68615,59,11,48,2
68616,68,6,62,2
68617,51,3,48,2
68618,51,6,45,2
68619,53,7,46,2
68620,48,4,44,2
68621,46,10,36,2
68622,47,4,43,2
68623,59,1,58,2
68624,52,2,50,2
68625,53,6,47,2
68626,57,14,43,2
68627,51,7,44,2
68628,56,7,49,2
68629,65,9,56,2
68630,71,4,67,2
68631,55,4,51,2
68632,51,6,45,2
68633,54,5,49,2
68634,53,6,47,2
68635,60,4,56,2
68636,56,8,48,2
68637,66,10,56,2
68638,54,6,48,2
68639,57,10,47,2
68640,53,6,47,2
68641,45,9,36,2
68642,46,7,39,2
68643,54,7,47,2
68644,53,5,48,2
68645,56,6,50,2
68646,54,8,46,2
68647,62,4,58,2
68648,50,6,44,2
68649,40,3,37,2
68650,51,5,46,2
68651,60,7,53,2
68652,44,3,41,2
68653,51,3,48,2
68654,71,9,62,2
68655,59,7,52,2
68656,62,4,58,2
68657,60,5,55,2
68658,48,5,43,2
68659,56,6,50,2
68660,59,10,49,2
68661,53,4,49,2
68662,57,8,49,2
68663,51,5,46,2
68664,49,7,42,2
68665,50,5,45,2
68666,63,7,56,2
68667,48,6,42,2
68668,56,5,51,2
68669,53,8,45,2
68670,51,4,47,2
68671,57,8,49,2
68672,50,8,42,2
68673,61,4,57,2
68674,58,7,51,2
68675,54,9,45,2
68676,50,9,41,2
68677,41,2,39,2
68678,49,3,46,2
68679,48,2,46,2
68680,47,9,38,2
68681,53,7,46,2
68682,61,7,54,2
68683,60,6,54,2
68684,44,7,37,2
68685,66,11,55,2
68686,59,6,53,2
68687,69,11,58,2
68688,53,8,45,2
68689,70,6,64,2
68690,52,3,49,2
68691,53,8,45,2
68692,51,4,47,2
68693,64,7,57,2
68694,52,3,49,2
68695,49,5,44,2
68696,55,4,51,2
68697,51,2,49,2
68698,65,6,59,2
68699,61,7,54,2
68700,52,5,47,2
68701,53,9,44,2
68702,59,7,52,2
68703,51,4,47,2
68704,52,7,45,2
68705,61,4,57,2
68706,57,6,51,2
68707,55,8,47,2
68708,43,6,37,2
68709,53,11,42,2
68710,55,5,50,2
68711,52,5,47,2
68712,48,3,45,2
68713,55,8,47,2
68714,55,5,50,2
68715,49,6,43,2
68716,63,8,55,2
68717,68,11,57,2
68718,40,5,35,2
68719,47,4,43,2
68720,40,4,36,2
68721,53,6,47,2
68722,47,4,43,2
68723,41,7,34,2
68724,45,6,39,2
68725,69,15,54,2
68726,45,8,37,2
68727,54,8,46,2
68728,59,6,53,2
68729,46,6,40,2
68730,46,4,42,2
68731,71,10,61,2
68732,48,3,45,2
68733,47,5,42,2
68734,53,4,49,2
68735,59,12,47,2
68736,55,5,50,2
68737,52,4,48,2
68738,47,9,38,2
68739,47,6,41,2
68740,50,5,45,2
68741,47,7,40,2
68742,41,6,35,2
68743,53,7,46,2
68744,50,4,46,2
68745,51,4,47,2
68746,57,11,46,2
68747,58,9,49,2
68748,54,6,48,2
68749,57,6,51,2
68750,57,5,52,2
68751,70,8,62,2
68752,54,7,47,2
68753,67,8,59,2
68754,58,10,48,2
68755,43,2,41,2
68756,54,7,47,2
68757,52,6,46,2
68758,61,8,53,2
68759,39,4,35,2
68760,37,3,34,2
68761,58,5,53,2
68762,59,3,56,2
68763,54,3,51,2
68764,61,9,52,2
68765,54,2,52,2
68766,54,8,46,2
68767,41,1,40,2
68768,54,9,45,2
68769,52,8,44,2
68770,45,1,44,2
68771,55,3,52,2
68772,53,10,43,2
68773,51,4,47,2
68774,58,8,50,2
68776,56,9,47,2
68777,58,6,52,2
68778,70,9,61,2
68779,62,9,53,2
68780,54,6,48,2
68781,59,11,48,2
68782,47,4,43,2
68783,50,10,40,2
68784,40,5,35,2
68785,44,3,41,2
68786,64,8,56,2
68787,54,4,50,2
68788,45,3,42,2
68789,63,4,59,2
68790,62,8,54,2
68791,49,6,43,2
68792,61,6,55,2
68793,52,8,44,2
68794,54,10,44,2
68795,65,11,54,2
68796,67,9,58,2
68797,41,6,35,2
68798,59,9,50,2
68799,56,3,53,2
68800,64,10,54,2
68801,59,3,56,2
68802,47,4,43,2
68803,74,10,64,2
68804,57,11,46,2
68805,52,4,48,2
68806,67,11,56,2
68807,53,9,44,2
68808,45,5,40,2
68809,43,4,39,2
68810,69,4,65,2
68811,57,6,51,2
68812,45,5,40,2
68813,68,7,61,2
68814,51,3,48,2
68815,60,9,51,2
68816,68,10,58,2
68817,62,6,56,2
68818,55,11,44,2
68819,58,9,49,2
68820,43,7,36,2
68821,51,7,44,2
68822,56,8,48,2
68823,50,6,44,2
68824,53,11,42,2
68825,45,6,39,2
68826,41,5,36,2
68827,60,4,56,2
68828,46,5,41,2
68829,51,9,42,2
68830,64,11,53,2
68831,57,6,51,2
68832,52,6,46,2
68833,51,10,41,2
68834,49,7,42,2
68835,56,9,47,2
68836,62,8,54,2
68837,48,5,43,2
68838,54,8,46,2
68839,59,9,50,2
68840,54,4,50,2
68841,66,4,62,2
68842,57,4,53,2
68843,56,4,52,2
68844,46,6,40,2
68845,47,9,38,2
68846,52,6,46,2
68847,57,10,47,2
68848,54,9,45,2
68849,47,2,45,2
68850,63,7,56,2
68851,44,6,38,2
68852,47,9,38,2
68853,50,6,44,2
68854,57,6,51,2
68855,53,7,46,2
68856,59,4,55,2
68857,34,6,28,2
68858,65,7,58,2
68859,47,5,42,2
68860,65,11,54,2
68861,59,5,54,2
68862,63,7,56,2
68863,55,11,44,2
68864,60,12,48,2
68865,52,7,45,2
68866,63,8,55,2
68867,46,6,40,2
68868,62,12,50,2
68869,60,5,55,2
68870,52,8,44,2
68871,65,10,55,2
68872,57,6,51,2
68873,66,10,56,2
68874,69,6,63,2
68875,60,9,51,2
68876,52,9,43,2
68877,50,4,46,2
68878,60,9,51,2
68879,60,6,54,2
68880,51,7,44,2
68881,54,8,46,2
68882,48,5,43,2
68883,48,5,43,2
68884,47,5,42,2
68885,40,4,36,2
68886,38,6,32,2
68887,51,6,45,2
68888,39,5,34,2
68889,42,6,36,2
68890,67,9,58,2
68891,59,8,51,2
68893,51,4,47,2
68894,51,5,46,2
68895,46,2,44,2
68896,59,5,54,2
68897,43,8,35,2
68898,47,4,43,2
68899,49,4,45,2
68900,53,7,46,2
68901,62,12,50,2
68902,61,7,54,2
68903,52,5,47,2
68904,53,9,44,2
68905,53,7,46,2
68906,61,9,52,2
68907,53,7,46,2
68908,62,3,59,2
68909,62,8,54,2
68910,53,6,47,2
68911,42,13,29,2
68912,37,7,30,2
68913,36,2,34,2
68914,49,8,41,2
68915,69,7,62,2
68916,54,4,50,2
68917,55,6,49,2
68918,40,5,35,2
68919,69,9,60,2
68920,47,8,39,2
68921,53,2,51,2
68922,58,8,50,2
68923,58,7,51,2
68924,52,5,47,2
68925,32,4,28,2
68926,55,6,49,2
68927,59,9,50,2
68928,58,3,55,2
68929,57,10,47,2
68930,41,3,38,2
68931,63,6,57,2
68932,37,5,32,2
68933,51,7,44,2
68934,50,9,41,2
68935,49,5,44,2
68936,58,7,51,2
68937,46,6,40,2
68938,49,9,40,2
68939,44,8,36,2
68940,62,10,52,2
68941,70,11,59,2
68942,57,8,49,2
68943,43,9,34,2
68944,47,7,40,2
68945,48,2,46,2
68946,57,11,46,2
68947,67,9,58,2
68948,45,5,40,2
68949,56,7,49,2
68950,73,5,68,2
68951,58,4,54,2
68952,63,13,50,2
68953,46,5,41,2
68954,67,3,64,2
68955,56,12,44,2
68956,56,14,42,2
68957,69,8,61,2
68958,42,10,32,2
68959,52,9,43,2
68960,59,8,51,2
68961,58,6,52,2
68962,58,5,53,2
68963,64,6,58,2
68964,68,9,59,2
68965,43,3,40,2
68966,52,5,47,2
68967,52,5,47,2
68968,60,3,57,2
68969,59,12,47,2
68970,63,4,59,2
68971,43,6,37,2
68972,44,6,38,2
68973,56,5,51,2
68974,68,6,62,2
68975,55,6,49,2
68976,59,5,54,2
68977,59,5,54,2
68978,55,3,52,2
68979,56,7,49,2
68980,51,8,43,2
68981,47,10,37,2
68982,64,10,54,2
68983,58,10,48,2
68984,57,8,49,2
68985,61,8,53,2
68986,52,7,45,2
68987,54,7,47,2
68988,60,4,56,2
68989,50,3,47,2
68990,61,9,52,2
68991,62,11,51,2
68992,57,6,51,2
68993,64,7,57,2
68994,60,6,54,2
68995,58,9,49,2
68996,50,2,48,2
68997,58,7,51,2
68998,52,8,44,2
68999,71,15,56,2
69000,59,12,47,2
69001,52,9,43,2
69002,63,6,57,2
69003,58,6,52,2
69004,35,3,32,2
69005,54,5,49,2
69006,63,7,56,2
69007,56,5,51,2
69008,62,9,53,2
69009,47,2,45,2
69010,58,9,49,2
69011,56,6,50,2
69012,58,5,53,2
69013,48,6,42,2
69014,49,4,45,2
69015,51,7,44,2
69016,61,6,55,2
69017,68,8,60,2
69018,45,4,41,2
69019,67,7,60,2
69020,61,11,50,2
69021,64,2,62,2
69022,45,4,41,2
69023,54,4,50,2
69024,61,10,51,2
69025,60,7,53,2
69026,51,6,45,2
69027,50,9,41,2
69028,54,7,47,2
69029,44,2,42,2
69030,54,7,47,2
69031,71,5,66,2
69032,61,4,57,2
69033,55,7,48,2
69034,42,5,37,2
69035,34,5,29,2
69036,56,2,54,2
69037,65,11,54,2
69038,56,7,49,2
69039,56,4,52,2
69040,49,6,43,2
69041,59,12,47,2
69042,60,17,43,2
69043,48,1,47,2
69044,47,5,42,2
69045,62,7,55,2
69046,39,5,34,2
69047,57,8,49,2
69048,57,9,48,2
69049,52,5,47,2
69050,58,6,52,2
69051,55,8,47,2
69052,45,4,41,2
69053,53,10,43,2
69054,55,7,48,2
69055,47,5,42,2
69056,56,10,46,2
69057,54,5,49,2
69058,32,8,24,2
69059,52,5,47,2
69060,52,6,46,2
69061,54,10,44,2
69062,58,7,51,2
69063,64,6,58,2
69064,50,6,44,2
69065,62,8,54,2
69066,61,10,51,2
69067,72,8,64,2
69068,60,7,53,2
69069,60,9,51,2
69070,55,11,44,2
69071,49,8,41,2
69072,52,7,45,2
69073,55,5,50,2
69074,62,5,57,2
69075,42,8,34,2
69076,51,6,45,2
69077,50,5,45,2
69078,75,10,65,2
69079,57,5,52,2
69080,50,6,44,2
69081,55,4,51,2
69082,58,7,51,2
69083,39,5,34,2
69084,66,5,61,2
69085,32,3,29,2
69086,66,9,57,2
69087,57,5,52,2
69088,70,5,65,2
69089,53,9,44,2
69090,58,7,51,2
69091,58,6,52,2
69092,59,3,56,2
69093,48,6,42,2
69094,55,4,51,2
69095,65,10,55,2
69096,58,4,54,2
69097,65,7,58,2
69098,61,6,55,2
69099,43,2,41,2
69100,51,6,45,2
69101,53,3,50,2
69102,41,3,38,2
69103,66,5,61,2
69104,48,4,44,2
69105,62,7,55,2
69106,52,8,44,2
69107,54,8,46,2
69108,49,10,39,2
69109,56,8,48,2
69110,64,12,52,2
69111,68,6,62,2
69112,55,2,53,2
69113,67,10,57,2
69114,55,1,54,2
69115,43,9,34,2
69116,52,4,48,2
69117,54,6,48,2
69118,59,8,51,2
69119,54,6,48,2
69120,61,11,50,2
69121,50,7,43,2
69122,51,8,43,2
69123,46,6,40,2
69124,54,10,44,2
69125,59,8,51,2
69126,52,6,46,2
69127,50,5,45,2
69128,53,5,48,2
69129,43,5,38,2
69130,47,3,44,2
69131,40,5,35,2
69132,55,6,49,2
69133,53,7,46,2
69134,58,7,51,2
69135,49,9,40,2
69136,50,6,44,2
69137,59,11,48,2
69138,44,5,39,2
69139,52,5,47,2
69140,41,8,33,2
69141,57,7,50,2
69142,45,8,37,2
69143,55,5,50,2
69144,47,6,41,2
69145,52,7,45,2
69146,48,6,42,2
69147,39,6,33,2
69148,57,7,50,2
69149,62,5,57,2
69150,46,3,43,2
69151,72,7,65,2
69152,54,6,48,2
69153,55,11,44,2
69154,72,7,65,2
69155,49,9,40,2
69156,38,3,35,2
69157,53,9,44,2
69158,37,4,33,2
69159,55,8,47,2
69160,49,7,42,2
69161,50,9,41,2
69162,52,7,45,2
69163,37,3,34,2
69164,57,8,49,2
69165,53,4,49,2
69166,56,6,50,2
69167,48,7,41,2
69168,68,6,62,2
69169,47,3,44,2
69170,53,3,50,2
69171,50,6,44,2
69172,55,10,45,2
69173,52,7,45,2
69174,55,7,48,2
69175,52,8,44,2
69176,65,7,58,2
69177,59,5,54,2
69178,58,4,54,2
69179,57,3,54,2
69180,41,2,39,2
69181,56,8,48,2
69182,52,5,47,2
69183,49,5,44,2
69184,59,7,52,2
69185,49,9,40,2
69186,65,5,60,2
69187,63,4,59,2
69188,51,7,44,2
69189,59,9,50,2
69190,52,6,46,2
69191,52,10,42,2
69192,57,6,51,2
69193,46,7,39,2
69194,49,4,45,2
69195,52,4,48,2
69196,52,4,48,2
69197,54,5,49,2
69198,55,3,52,2
69199,55,5,50,2
69200,61,12,49,2
69201,58,4,54,2
69202,62,11,51,2
69203,57,7,50,2
69204,57,7,50,2
69205,56,5,51,2
69206,66,10,56,2
69207,44,3,41,2
69208,52,5,47,2
69209,36,6,30,2
69210,53,5,48,2
69211,54,7,47,2
69212,52,3,49,2
69213,56,8,48,2
69214,52,6,46,2
69215,51,2,49,2
69216,55,3,52,2
69217,53,7,46,2
69218,45,5,40,2
69219,58,5,53,2
69220,52,7,45,2
69221,56,7,49,2
69222,59,6,53,2
69223,44,7,37,2
69224,59,6,53,2
69225,58,10,48,2
69226,48,3,45,2
69227,51,5,46,2
69228,55,4,51,2
69229,47,7,40,2
69230,55,6,49,2
69231,53,6,47,2
69232,38,3,35,2
69233,52,4,48,2
69234,69,4,65,2
69235,47,8,39,2
69236,54,6,48,2
69237,40,3,37,2
69238,57,5,52,2
69239,48,8,40,2
69240,58,6,52,2
69241,51,7,44,2
69242,35,6,29,2
69243,56,4,52,2
69244,61,5,56,2
69245,47,8,39,2
69246,58,6,52,2
69247,51,5,46,2
69248,46,3,43,2
69249,60,5,55,2
69250,51,3,48,2
69251,62,8,54,2
69252,59,9,50,2
69253,61,7,54,2
69254,64,7,57,2
69255,68,10,58,2
69256,59,10,49,2
69257,44,7,37,2
69258,58,3,55,2
69259,72,6,66,2
69260,54,3,51,2
69261,45,7,38,2
69262,46,5,41,2
69263,51,4,47,2
69264,51,5,46,2
69265,54,6,48,2
69266,50,5,45,2
69267,58,6,52,2
69268,41,6,35,2
69269,56,6,50,2
69270,47,3,44,2
69271,55,7,48,2
69272,41,6,35,2
69273,48,7,41,2
69274,53,5,48,2
69275,51,5,46,2
69276,50,5,45,2
69277,55,5,50,2
69278,53,8,45,2
69279,35,3,32,2
69280,49,4,45,2
69281,56,9,47,2
69282,64,6,58,2
69283,66,12,54,2
69284,59,5,54,2
69285,52,4,48,2
69286,54,8,46,2
69287,67,10,57,2
69288,48,9,39,2
69289,56,3,53,2
69290,50,7,43,2
69291,69,9,60,2
69292,59,6,53,2
69293,54,8,46,2
69294,59,5,54,2
69295,54,9,45,2
69296,56,6,50,2
69297,57,11,46,2
69298,58,7,51,2
69299,54,10,44,2
69300,49,3,46,2
69301,65,4,61,2
69302,72,9,63,2
69303,63,6,57,2
69304,58,7,51,2
69305,52,10,42,2
69306,55,8,47,2
69307,51,3,48,2
69308,42,5,37,2
69309,48,8,40,2
69310,43,3,40,2
69311,57,9,48,2
69312,48,4,44,2
69313,67,14,53,2
69314,52,6,46,2
69315,52,3,49,2
69316,55,11,44,2
69317,63,8,55,2
69318,49,4,45,2
69319,59,7,52,2
69320,51,8,43,2
69321,58,9,49,2
69322,47,7,40,2
69323,57,6,51,2
69324,65,7,58,2
69325,43,4,39,2
69326,60,5,55,2
69327,43,7,36,2
69328,58,5,53,2
69329,51,3,48,2
69330,50,7,43,2
69331,46,4,42,2
69332,50,10,40,2
69333,66,9,57,2
69334,69,10,59,2
69335,63,4,59,2
69336,53,8,45,2
69337,51,3,48,2
69338,49,4,45,2
69339,50,4,46,2
69340,54,5,49,2
69341,49,3,46,2
69342,49,7,42,2
69343,54,5,49,2
69344,65,5,60,2
69345,61,11,50,2
69346,59,12,47,2
69347,53,7,46,2
69348,56,8,48,2
69349,58,7,51,2
69350,48,5,43,2
69351,52,11,41,2
69352,54,2,52,2
69353,57,7,50,2
69354,50,6,44,2
69355,58,4,54,2
69356,51,4,47,2
69357,62,10,52,2
69358,56,7,49,2
69359,49,9,40,2
69360,42,4,38,2
69361,37,3,34,2
69362,50,7,43,2
69363,57,3,54,2
69364,57,5,52,2
69365,46,2,44,2
69366,50,7,43,2
69367,52,4,48,2
69368,54,10,44,2
69369,64,7,57,2
69370,70,6,64,2
69371,55,10,45,2
69372,52,11,41,2
69373,52,3,49,2
69374,54,8,46,2
69375,55,4,51,2
69376,48,6,42,2
69377,56,4,52,2
69378,60,9,51,2
69379,50,5,45,2
69380,56,5,51,2
69381,51,6,45,2
69382,58,8,50,2
69383,45,5,40,2
69384,48,4,44,2
69385,50,6,44,2
69386,65,5,60,2
69387,57,8,49,2
69388,48,6,42,2
69389,56,6,50,2
69390,61,8,53,2
69391,53,7,46,2
69392,42,8,34,2
69393,60,10,50,2
69394,51,1,50,2
69395,58,11,47,2
69396,51,9,42,2
69397,67,11,56,2
69398,44,3,41,2
69399,61,8,53,2
69400,60,10,50,2
69401,53,7,46,2
69402,69,12,57,2
69403,46,8,38,2
69404,63,5,58,2
69405,53,5,48,2
69406,50,7,43,2
69407,49,9,40,2
69408,62,10,52,2
69409,52,7,45,2
69410,62,7,55,2
69411,55,9,46,2
69412,46,6,40,2
69413,55,8,47,2
69414,46,9,37,2
69415,58,6,52,2
69416,54,11,43,2
69417,47,9,38,2
69418,57,7,50,2
69419,49,8,41,2
69420,62,11,51,2
69421,54,4,50,2
69422,49,7,42,2
69423,59,4,55,2
69424,44,6,38,2
69425,65,8,57,2
69426,64,5,59,2
69427,50,6,44,2
69428,53,6,47,2
69429,44,13,31,2
69430,56,9,47,2
69431,52,8,44,2
69432,55,2,53,2
69433,56,3,53,2
69434,46,6,40,2
69435,53,3,50,2
69436,73,10,63,2
69437,34,11,23,2
69438,48,6,42,2
69439,55,4,51,2
69440,56,7,49,2
69441,68,10,58,2
69442,45,3,42,2
69443,52,7,45,2
69444,66,11,55,2
69445,49,1,48,2
69446,60,6,54,2
69447,45,4,41,2
69448,58,10,48,2
69449,46,5,41,2
69450,70,10,60,2
69451,42,7,35,2
69452,52,8,44,2
69453,46,5,41,2
69454,53,5,48,2
69455,57,6,51,2
69456,56,14,42,2
69457,55,6,49,2
69458,52,6,46,2
69459,43,6,37,2
69460,60,9,51,2
69461,46,5,41,2
69462,60,6,54,2
69463,61,9,52,2
69464,54,10,44,2
69465,69,8,61,2
69466,61,4,57,2
69467,55,4,51,2
69468,44,5,39,2
69469,54,6,48,2
69470,60,8,52,2
69471,33,3,30,2
69472,55,7,48,2
69473,53,6,47,2
69474,41,4,37,2
69475,53,7,46,2
69476,52,4,48,2
69477,58,9,49,2
69478,55,10,45,2
69479,62,3,59,2
69480,60,2,58,2
69481,56,2,54,2
69482,63,10,53,2
69483,48,6,42,2
69484,41,6,35,2
69485,52,10,42,2
69486,48,3,45,2
69487,52,7,45,2
69488,59,7,52,2
69489,55,10,45,2
69490,62,6,56,2
69491,55,4,51,2
69492,61,9,52,2
69493,61,9,52,2
69494,60,10,50,2
69495,58,4,54,2
69496,50,0,50,1
69497,49,9,40,2
69498,41,5,36,2
69499,56,4,52,2
69500,55,6,49,2
69501,49,11,38,2
69502,55,5,50,2
69503,73,6,67,2
69504,56,8,48,2
69505,60,13,47,2
69506,71,10,61,2
69507,45,3,42,2
69508,60,7,53,2
69509,53,5,48,2
69510,61,6,55,2
69511,59,5,54,2
69512,53,3,50,2
69513,56,3,53,2
69514,58,7,51,2
69515,55,8,47,2
69516,74,15,59,2
69517,55,8,47,2
69518,50,6,44,2
69519,72,10,62,2
69520,58,11,47,2
69521,48,7,41,2
69522,56,10,46,2
69523,56,4,52,2
69524,64,5,59,2
69525,55,3,52,2
69526,52,9,43,2
69527,59,7,52,2
69528,57,2,55,2
69529,56,11,45,2
69530,53,5,48,2
69531,57,12,45,2
69532,64,9,55,2
69533,57,4,53,2
69534,53,9,44,2
69535,58,7,51,2
69536,58,12,46,2
69537,41,3,38,2
69538,56,6,50,2
69539,54,4,50,2
69540,50,4,46,2
69541,51,4,47,2
69542,59,5,54,2
69543,54,5,49,2
69544,47,3,44,2
69545,38,5,33,2
69546,61,6,55,2
69547,70,14,56,2
69548,43,4,39,2
69549,62,6,56,2
69550,55,6,49,2
69551,68,4,64,2
69552,51,6,45,2
69553,55,8,47,2
69554,56,10,46,2
69555,51,10,41,2
69556,57,3,54,2
69557,62,6,56,2
69558,57,6,51,2
69559,75,12,63,2
69560,59,5,54,2
69561,73,8,65,2
69562,49,5,44,2
69563,67,4,63,2
69564,46,4,42,2
69565,48,7,41,2
69566,55,5,50,2
69567,46,7,39,2
69568,52,6,46,2
69569,59,5,54,2
69570,42,7,35,2
69571,56,10,46,2
69572,51,3,48,2
69573,38,3,35,2
69574,58,6,52,2
69575,49,7,42,2
69576,45,1,44,2
69577,43,3,40,2
69578,60,11,49,2
69579,48,5,43,2
69580,56,12,44,2
69581,46,9,37,2
69582,59,4,55,2
69583,79,6,73,2
69584,49,8,41,2
69585,60,12,48,2
69586,54,3,51,2
69587,53,9,44,2
69588,58,6,52,2
69589,57,10,47,2
69590,50,5,45,2
69591,64,8,56,2
69592,47,9,38,2
69593,64,12,52,2
69594,64,9,55,2
69595,59,3,56,2
69596,57,8,49,2
69597,49,9,40,2
69598,50,6,44,2
69599,54,5,49,2
69600,56,5,51,2
69601,64,15,49,2
69602,66,8,58,2
69603,56,6,50,2
69604,51,8,43,2
69605,65,9,56,2
69606,46,6,40,2
69607,43,6,37,2
69608,53,7,46,2
69609,61,10,51,2
69610,56,7,49,2
69611,50,6,44,2
69612,48,5,43,2
69613,49,4,45,2
69614,61,2,59,2
69615,61,8,53,2
69616,55,4,51,2
69617,45,5,40,2
69618,46,4,42,2
69619,61,5,56,2
69620,46,7,39,2
69621,65,9,56,2
69622,48,9,39,2
69623,38,6,32,2
69624,56,10,46,2
69625,56,9,47,2
69626,55,5,50,2
69627,49,4,45,2
69628,60,4,56,2
69629,58,4,54,2
69630,51,7,44,2
69631,56,8,48,2
69632,46,7,39,2
69633,41,6,35,2
69634,50,6,44,2
69635,46,1,45,2
69636,44,7,37,2
69637,45,1,44,2
69638,46,4,42,2
69639,50,4,46,2
69640,61,10,51,2
69641,63,8,55,2
69642,51,7,44,2
69643,48,6,42,2
69644,58,8,50,2
69645,53,5,48,2
69646,50,7,43,2
69647,56,1,55,2
69648,61,7,54,2
69649,60,8,52,2
69650,47,5,42,2
69651,48,7,41,2
69652,40,9,31,2
69653,58,4,54,2
69654,58,7,51,2
69655,54,4,50,2
69656,47,4,43,2
69657,54,5,49,2
69658,52,6,46,2
69659,50,5,45,2
69660,55,8,47,2
69661,53,4,49,2
69662,47,4,43,2
69663,57,8,49,2
69664,47,6,41,2
69665,60,4,56,2
69666,62,4,58,2
69667,46,9,37,2
69668,53,7,46,2
69669,46,3,43,2
69670,51,7,44,2
69671,56,5,51,2
69672,46,4,42,2
69673,52,6,46,2
69674,63,12,51,2
69675,43,6,37,2
69676,56,8,48,2
69677,61,8,53,2
69678,54,7,47,2
69679,46,6,40,2
69680,53,8,45,2
69682,52,7,45,2
69683,53,9,44,2
69684,52,6,46,2
69685,56,6,50,2
69686,64,6,58,2
69687,60,6,54,2
69688,51,7,44,2
69689,65,8,57,2
69690,54,5,49,2
69691,51,5,46,2
69692,69,9,60,2
69693,60,6,54,2
69694,59,7,52,2
69695,56,4,52,2
69696,45,2,43,2
69697,45,2,43,2
69698,50,7,43,2
69699,63,10,53,2
69700,51,8,43,2
69701,59,11,48,2
69702,53,8,45,2
69703,47,2,45,2
69704,47,3,44,2
69705,51,7,44,2
69706,59,9,50,2
69707,53,6,47,2
69708,46,4,42,2
69709,58,4,54,2
69710,53,5,48,2
69711,50,9,41,2
69712,46,7,39,2
69713,45,7,38,2
69714,45,3,42,2
69715,60,4,56,2
69716,51,4,47,2
69717,51,10,41,2
69718,53,12,41,2
69719,48,4,44,2
69720,55,6,49,2
69721,59,8,51,2
69722,56,7,49,2
69723,59,10,49,2
69724,72,4,68,2
69725,58,5,53,2
69726,58,3,55,2
69727,53,4,49,2
69728,56,5,51,2
69729,65,7,58,2
69730,52,7,45,2
69731,53,2,51,2
69732,58,8,50,2
69733,46,5,41,2
69734,76,5,71,2
69735,56,5,51,2
69736,50,5,45,2
69737,54,3,51,2
69738,56,10,46,2
69739,46,5,41,2
69740,64,3,61,2
69741,48,7,41,2
69742,63,7,56,2
69743,63,10,53,2
69744,65,5,60,2
69745,51,8,43,2
69746,52,5,47,2
69747,64,7,57,2
69748,64,6,58,2
69749,60,6,54,2
69750,52,4,48,2
69751,54,4,50,2
69752,56,8,48,2
69753,57,8,49,2
69754,47,5,42,2
69755,64,6,58,2
69756,63,7,56,2
69757,54,7,47,2
69758,62,13,49,2
69759,58,7,51,2
69760,57,10,47,2
69761,55,5,50,2
69762,56,11,45,2
69763,59,10,49,2
69764,54,5,49,2
69765,45,9,36,2
69766,56,13,43,2
69767,56,6,50,2
69768,53,7,46,2
69769,52,7,45,2
69770,52,9,43,2
69771,63,10,53,2
69772,46,4,42,2
69773,58,10,48,2
69774,58,6,52,2
69775,50,7,43,2
69776,39,7,32,2
69777,51,3,48,2
69778,47,6,41,2
69779,47,6,41,2
69780,54,6,48,2
69781,74,11,63,2
69782,49,8,41,2
69783,63,8,55,2
69784,57,12,45,2
69785,58,5,53,2
69786,48,5,43,2
69787,57,8,49,2
69788,61,6,55,2
69789,63,9,54,2
69790,63,6,57,2
69791,51,7,44,2
69792,49,6,43,2
69793,73,9,64,2
69794,54,6,48,2
69795,53,9,44,2
69796,60,6,54,2
69797,43,6,37,2
69798,52,7,45,2
69799,59,9,50,2
69800,57,3,54,2
69801,65,9,56,2
69802,56,6,50,2
69803,52,6,46,2
69804,50,3,47,2
69805,58,5,53,2
69806,54,6,48,2
69807,65,9,56,2
69808,67,10,57,2
69809,68,3,65,2
69810,61,12,49,2
69811,73,16,57,2
69812,54,8,46,2
69813,65,7,58,2
69814,54,1,53,2
69815,60,3,57,2
69816,59,14,45,2
69817,57,8,49,2
69818,43,2,41,2
69819,49,5,44,2
69820,49,4,45,2
69821,48,2,46,2
69822,40,3,37,2
69823,45,7,38,2
69824,53,6,47,2
69825,72,11,61,2
69826,67,7,60,2
69827,59,6,53,2
69828,57,6,51,2
69829,53,11,42,2
69830,65,8,57,2
69831,59,6,53,2
69832,47,2,45,2
69833,61,9,52,2
69834,52,2,50,2
69835,44,3,41,2
69836,59,6,53,2
69837,55,8,47,2
69838,50,4,46,2
69839,53,8,45,2
69840,49,7,42,2
69841,55,6,49,2
69842,53,4,49,2
69843,53,5,48,2
69844,65,7,58,2
69845,63,8,55,2
69846,51,8,43,2
69847,70,11,59,2
69848,56,7,49,2
69849,47,10,37,2
69850,47,5,42,2
69851,57,8,49,2
69852,57,7,50,2
69853,44,5,39,2
69854,50,8,42,2
69855,60,6,54,2
69856,62,4,58,2
69857,57,8,49,2
69858,70,6,64,2
69859,50,9,41,2
69860,65,4,61,2
69861,56,9,47,2
69862,53,6,47,2
69863,54,7,47,2
69864,58,6,52,2
69865,64,7,57,2
69866,42,3,39,2
69867,52,3,49,2
69868,61,6,55,2
69869,55,6,49,2
69870,54,6,48,2
69871,50,4,46,2
69872,54,4,50,2
69873,58,9,49,2
69874,59,9,50,2
69875,64,7,57,2
69876,54,3,51,2
69877,59,4,55,2
69878,58,6,52,2
69879,60,11,49,2
69880,52,8,44,2
69881,47,4,43,2
69882,49,7,42,2
69883,65,7,58,2
69884,52,9,43,2
69885,45,3,42,2
69886,57,3,54,2
69887,46,6,40,2
69888,51,7,44,2
69889,49,5,44,2
69890,54,3,51,2
69891,64,4,60,2
69892,45,4,41,2
69893,54,9,45,2
69894,56,6,50,2
69895,43,3,40,2
69896,58,7,51,2
69897,66,7,59,2
69898,57,9,48,2
69899,54,6,48,2
69900,57,6,51,2
69901,53,6,47,2
69902,48,7,41,2
69903,62,9,53,2
69904,53,8,45,2
69905,54,8,46,2
69906,55,3,52,2
69907,58,12,46,2
69908,50,6,44,2
69909,53,7,46,2
69910,57,1,56,2
69911,64,7,57,2
69912,53,9,44,2
69913,60,9,51,2
69914,68,3,65,2
69915,41,2,39,2
69916,51,5,46,2
69917,59,10,49,2
69918,57,4,53,2
69919,62,4,58,2
69920,64,5,59,2
69921,52,4,48,2
69922,56,8,48,2
69923,57,5,52,2
69924,46,3,43,2
69925,47,6,41,2
69926,64,14,50,2
69927,60,7,53,2
69928,62,5,57,2
69929,50,6,44,2
69930,56,6,50,2
69931,60,6,54,2
69932,65,10,55,2
69933,67,11,56,2
69934,50,10,40,2
69935,52,6,46,2
69936,47,8,39,2
69937,48,5,43,2
69938,48,6,42,2
69939,53,6,47,2
69940,47,6,41,2
69941,50,3,47,2
69942,53,5,48,2
69943,59,6,53,2
69944,44,2,42,2
69945,52,7,45,2
69946,50,8,42,2
69947,59,8,51,2
69948,50,7,43,2
69949,40,3,37,2
69950,61,5,56,2
69951,57,6,51,2
69952,44,8,36,2
69953,36,3,33,2
69954,63,7,56,2
69955,49,5,44,2
69956,61,7,54,2
69957,80,10,70,2
69958,62,7,55,2
69959,52,6,46,2
69960,65,5,60,2
69961,55,4,51,2
69962,52,4,48,2
69963,53,7,46,2
69964,58,6,52,2
69965,67,11,56,2
69966,56,8,48,2
69967,69,7,62,2
69968,48,9,39,2
69969,45,5,40,2
69970,59,2,57,2
69971,69,10,59,2
69972,52,2,50,2
69973,60,6,54,2
69974,53,6,47,2
69975,58,7,51,2
69976,58,7,51,2
69977,59,4,55,2
69978,42,4,38,2
69979,58,4,54,2
69980,37,4,33,2
69981,64,4,60,2
69982,49,10,39,2
69983,52,10,42,2
69984,55,5,50,2
69985,50,3,47,2
69986,66,10,56,2
69987,66,7,59,2
69988,56,7,49,2
69989,49,5,44,2
69990,50,5,45,2
69991,61,8,53,2
69992,49,5,44,2
69993,58,7,51,2
69994,57,5,52,2
69995,53,7,46,2
69996,58,8,50,2
69997,49,6,43,2
69998,49,5,44,2
69999,67,7,60,2
70000,58,8,50,2
70001,45,3,42,2
70002,58,5,53,2
70003,59,7,52,2
70004,64,5,59,2
70005,48,4,44,2
70006,58,6,52,2
70007,63,8,55,2
70008,56,4,52,2
70009,61,7,54,2
70010,45,5,40,2
70011,51,6,45,2
70012,57,10,47,2
70013,52,5,47,2
70014,44,5,39,2
70015,46,3,43,2
70016,60,10,50,2
70017,73,11,62,2
70018,57,3,54,2
70019,52,6,46,2
70020,55,14,41,2
70021,47,5,42,2
70022,53,11,42,2
70023,53,6,47,2
70024,44,5,39,2
70025,60,6,54,2
70027,56,6,50,2
70028,66,3,63,2
70029,72,3,69,2
70030,47,4,43,2
70031,57,4,53,2
70032,44,4,40,2
70033,61,5,56,2
70034,61,13,48,2
70035,59,5,54,2
70036,35,6,29,2
70037,63,7,56,2
70038,49,5,44,2
70039,56,8,48,2
70040,47,5,42,2
70041,41,1,40,2
70042,66,13,53,2
70043,49,2,47,2
70044,55,9,46,2
70045,52,5,47,2
70046,55,5,50,2
70047,45,10,35,2
70048,50,7,43,2
70049,66,12,54,2
70050,65,5,60,2
70051,45,8,37,2
70052,55,6,49,2
70053,40,4,36,2
70054,50,6,44,2
70055,58,4,54,2
70057,55,9,46,2
70058,59,8,51,2
70059,71,5,66,2
70060,49,7,42,2
70061,43,8,35,2
70062,65,11,54,2
70063,49,8,41,2
70064,61,5,56,2
70065,60,6,54,2
70066,50,6,44,2
70067,48,9,39,2
70068,62,8,54,2
70069,50,10,40,2
70070,52,4,48,2
70071,83,8,75,2
70072,55,4,51,2
70073,63,10,53,2
70074,57,6,51,2
70075,49,6,43,2
70076,59,4,55,2
70077,60,4,56,2
70078,56,6,50,2
70079,47,8,39,2
70080,56,4,52,2
70081,66,10,56,2
70082,56,4,52,2
70083,62,9,53,2
70084,65,6,59,2
70085,64,8,56,2
70086,54,9,45,2
70087,42,5,37,2
70088,55,7,48,2
70089,59,5,54,2
70090,59,6,53,2
70091,47,6,41,2
70092,63,9,54,2
70093,56,10,46,2
70094,66,10,56,2
70095,61,10,51,2
70096,70,12,58,2
70097,50,7,43,2
70098,52,2,50,2
70099,55,8,47,2
70100,56,9,47,2
70101,64,13,51,2
70102,54,7,47,2
70103,47,9,38,2
70104,49,6,43,2
70105,47,2,45,2
70106,45,5,40,2
70107,52,4,48,2
70108,39,6,33,2
70109,56,7,49,2
70110,64,7,57,2
70111,58,5,53,2
70112,55,5,50,2
70113,52,9,43,2
70114,59,7,52,2
70115,65,11,54,2
70116,52,7,45,2
70117,60,6,54,2
70118,55,8,47,2
70119,49,3,46,2
70120,49,7,42,2
70121,58,6,52,2
70122,51,9,42,2
70123,43,5,38,2
70124,52,6,46,2
70125,46,6,40,2
70126,47,9,38,2
70127,49,6,43,2
70128,52,5,47,2
70129,60,10,50,2
70130,63,4,59,2
70131,63,7,56,2
70132,48,6,42,2
70133,60,8,52,2
70134,57,1,56,2
70135,45,4,41,2
70136,43,5,38,2
70137,50,6,44,2
70138,53,11,42,2
70139,54,12,42,2
70140,46,5,41,2
70141,60,6,54,2
70142,71,8,63,2
70143,53,7,46,2
70144,51,9,42,2
70145,65,9,56,2
70146,48,6,42,2
70147,60,5,55,2
70148,48,7,41,2
70149,58,8,50,2
70150,43,5,38,2
70151,50,9,41,2
70152,54,7,47,2
70153,64,8,56,2
70154,50,10,40,2
70155,53,3,50,2
70156,64,3,61,2
70157,49,7,42,2
70158,52,4,48,2
70159,51,3,48,2
70160,44,5,39,2
70161,56,5,51,2
70162,48,6,42,2
70163,56,5,51,2
70164,39,6,33,2
70165,53,4,49,2
70166,65,7,58,2
70167,47,3,44,2
70168,48,6,42,2
70169,65,7,58,2
70170,59,6,53,2
70171,54,9,45,2
70172,50,9,41,2
70173,55,10,45,2
70174,52,6,46,2
70175,56,4,52,2
70176,52,4,48,2
70177,51,5,46,2
70178,58,7,51,2
70179,58,8,50,2
70180,44,4,40,2
70181,48,7,41,2
70182,47,3,44,2
70183,51,12,39,2
70184,40,6,34,2
70185,58,4,54,2
70186,58,3,55,2
70187,46,5,41,2
70188,56,3,53,2
70189,66,7,59,2
70190,47,7,40,2
70191,41,3,38,2
70192,60,10,50,2
70193,66,8,58,2
70194,49,1,48,2
70195,49,2,47,2
70196,51,6,45,2
70197,48,5,43,2
70198,52,6,46,2
70200,42,8,34,2
70201,55,11,44,2
70202,53,9,44,2
70203,45,4,41,2
70204,48,5,43,2
70205,55,7,48,2
70206,48,10,38,2
70207,53,9,44,2
70208,59,4,55,2
70209,56,7,49,2
70210,48,7,41,2
70211,50,9,41,2
70212,59,4,55,2
70213,62,6,56,2
70214,57,6,51,2
70215,54,9,45,2
70216,54,6,48,2
70217,53,6,47,2
70218,52,4,48,2
70219,47,3,44,2
70220,61,6,55,2
70221,37,4,33,2
70222,64,15,49,2
70223,71,8,63,2
70224,59,9,50,2
70225,65,15,50,2
70226,57,5,52,2
70227,48,6,42,2
70228,48,5,43,2
70229,50,3,47,2
70230,51,5,46,2
70231,47,4,43,2
70232,72,10,62,2
70233,56,5,51,2
70234,52,3,49,2
70235,55,5,50,2
70236,48,7,41,2
70237,47,7,40,2
70238,65,12,53,2
70239,59,6,53,2
70240,49,6,43,2
70241,64,11,53,2
70242,58,12,46,2
70243,52,7,45,2
70244,54,5,49,2
70245,64,8,56,2
70246,50,5,45,2
70247,59,9,50,2
70248,52,6,46,2
70249,68,6,62,2
70250,48,9,39,2
70251,55,11,44,2
70252,49,3,46,2
70253,52,2,50,2
70254,51,6,45,2
70255,67,9,58,2
70256,48,5,43,2
70257,60,6,54,2
70258,48,4,44,2
70259,47,5,42,2
70260,56,7,49,2
70261,65,7,58,2
70262,46,12,34,2
70263,48,5,43,2
70264,59,6,53,2
70265,56,6,50,2
70266,55,6,49,2
70267,53,6,47,2
70268,48,7,41,2
70269,51,8,43,2
70270,60,10,50,2
70271,59,7,52,2
70272,46,7,39,2
70273,48,1,47,2
70274,64,5,59,2
70275,57,6,51,2
70276,65,6,59,2
70277,49,5,44,2
70278,67,10,57,2
70279,59,10,49,2
70280,56,7,49,2
70281,53,3,50,2
70282,48,4,44,2
70283,52,4,48,2
70284,61,7,54,2
70285,55,9,46,2
70286,49,6,43,2
70287,50,6,44,2
70288,41,7,34,2
70289,55,5,50,2
70290,54,2,52,2
70291,55,6,49,2
70292,57,4,53,2
70293,47,3,44,2
70294,45,2,43,2
70295,64,9,55,2
70296,58,11,47,2
70297,68,5,63,2
70298,50,8,42,2
70299,53,4,49,2
70300,58,7,51,2
70301,53,7,46,2
70302,62,9,53,2
70303,50,6,44,2
70304,52,11,41,2
70305,49,5,44,2
70306,58,6,52,2
70307,63,9,54,2
70308,48,10,38,2
70309,53,4,49,2
70310,55,5,50,2
70311,51,6,45,2
70312,62,5,57,2
70313,51,3,48,2
70314,58,6,52,2
70315,39,2,37,2
70316,68,8,60,2
70317,53,7,46,2
70318,50,8,42,2
70319,59,9,50,2
70320,62,6,56,2
70321,56,7,49,2
70322,48,3,45,2
70323,53,11,42,2
70324,51,7,44,2
70325,48,4,44,2
70326,49,4,45,2
70327,49,5,44,2
70328,62,8,54,2
70329,53,8,45,2
70330,61,8,53,2
70331,62,10,52,2
70332,49,5,44,2
70333,43,4,39,2
70334,40,3,37,2
70335,65,7,58,2
70336,54,6,48,2
70337,46,6,40,2
70338,56,5,51,2
70339,50,8,42,2
70340,58,10,48,2
70341,37,8,29,2
70342,53,7,46,2
70343,51,5,46,2
70344,61,8,53,2
70345,63,8,55,2
70346,41,9,32,2
70347,54,1,53,2
70348,58,3,55,2
70349,52,6,46,2
70350,57,8,49,2
70351,52,6,46,2
70352,55,8,47,2
70353,69,8,61,2
70354,45,5,40,2
70355,51,6,45,2
70356,59,7,52,2
70357,53,5,48,2
70358,69,9,60,2
70359,59,6,53,2
70360,49,7,42,2
70361,60,9,51,2
70362,70,6,64,2
70363,46,7,39,2
70364,40,5,35,2
70365,56,6,50,2
70366,48,6,42,2
70367,53,11,42,2
70368,61,9,52,2
70369,60,4,56,2
70370,53,6,47,2
70371,39,2,37,2
70372,57,6,51,2
70373,51,7,44,2
70374,56,6,50,2
70375,54,7,47,2
70376,59,4,55,2
70377,61,11,50,2
70378,48,6,42,2
70379,50,7,43,2
70380,63,9,54,2
70381,52,3,49,2
70382,55,11,44,2
70383,55,9,46,2
70384,46,3,43,2
70385,45,3,42,2
70386,56,7,49,2
70387,57,6,51,2
70388,43,6,37,2
70389,53,6,47,2
70390,50,4,46,2
70391,52,2,50,2
70392,52,7,45,2
70393,44,4,40,2
70394,49,7,42,2
70395,65,10,55,2
70396,45,8,37,2
70397,43,5,38,2
70398,60,6,54,2
70399,48,3,45,2
70400,45,7,38,2
70401,38,4,34,2
70402,50,2,48,2
70403,48,5,43,2
70404,48,4,44,2
70405,56,5,51,2
70406,51,8,43,2
70407,54,7,47,2
70408,50,5,45,2
70409,57,2,55,2
70410,51,8,43,2
70411,68,10,58,2
70412,52,7,45,2
70413,54,4,50,2
70414,70,5,65,2
70415,55,5,50,2
70416,49,9,40,2
70417,64,4,60,2
70418,48,4,44,2
70419,44,3,41,2
70420,49,10,39,2
70421,56,6,50,2
70422,54,9,45,2
70423,54,4,50,2
70424,58,7,51,2
70425,63,8,55,2
70426,68,5,63,2
70427,41,2,39,2
70428,51,5,46,2
70429,52,5,47,2
70430,50,6,44,2
70431,41,1,40,2
70432,60,6,54,2
70433,49,2,47,2
70434,69,5,64,2
70435,47,4,43,2
70436,53,3,50,2
70437,60,8,52,2
70438,53,8,45,2
70439,63,7,56,2
70440,50,3,47,2
70441,63,9,54,2
70442,67,12,55,2
70443,55,8,47,2
70444,47,7,40,2
70445,61,4,57,2
70446,55,9,46,2
70447,60,8,52,2
70448,61,8,53,2
70449,44,3,41,2
70450,62,7,55,2
70451,57,6,51,2
70452,54,5,49,2
70453,66,8,58,2
70454,51,3,48,2
70455,60,6,54,2
70456,51,9,42,2
70457,68,8,60,2
70458,47,7,40,2
70459,53,9,44,2
70460,53,10,43,2
70461,60,7,53,2
70462,47,8,39,2
70463,50,3,47,2
70464,53,7,46,2
70465,48,5,43,2
70466,53,5,48,2
70467,54,8,46,2
70468,53,5,48,2
70469,48,3,45,2
70470,42,4,38,2
70471,56,5,51,2
70472,50,7,43,2
70473,59,13,46,2
70474,44,5,39,2
70475,47,4,43,2
70476,53,5,48,2
70477,56,5,51,2
70478,49,8,41,2
70479,61,6,55,2
70480,47,9,38,2
70481,63,9,54,2
70482,52,7,45,2
70483,45,6,39,2
70484,51,11,40,2
70485,50,7,43,2
70486,54,6,48,2
70487,58,6,52,2
70488,50,5,45,2
70489,52,4,48,2
70490,58,8,50,2
70491,55,6,49,2
70492,59,6,53,2
70493,57,4,53,2
70494,40,6,34,2
70495,68,6,62,2
70496,48,7,41,2
70497,54,7,47,2
70498,62,11,51,2
70499,46,6,40,2
70500,67,8,59,2
70501,58,13,45,2
70502,52,6,46,2
70503,58,7,51,2
70504,63,8,55,2
70505,60,9,51,2
70506,44,5,39,2
70507,58,7,51,2
70508,50,9,41,2
70509,61,9,52,2
70510,67,6,61,2
70511,62,7,55,2
70512,64,9,55,2
70513,49,9,40,2
70514,53,6,47,2
70515,53,7,46,2
70516,61,6,55,2
70517,61,5,56,2
70518,56,8,48,2
70519,63,7,56,2
70520,48,5,43,2
70521,47,4,43,2
70522,47,4,43,2
70523,58,8,50,2
70524,48,6,42,2
70525,55,5,50,2
70526,57,6,51,2
70527,55,4,51,2
70528,51,8,43,2
70529,56,12,44,2
70530,51,7,44,2
70531,38,5,33,2
70532,46,7,39,2
70533,55,4,51,2
70534,54,5,49,2
70535,62,6,56,2
70536,63,8,55,2
70537,49,6,43,2
70538,57,8,49,2
70539,57,8,49,2
70540,62,12,50,2
70541,55,6,49,2
70542,41,2,39,2
70543,53,7,46,2
70544,58,4,54,2
70545,55,8,47,2
70546,56,5,51,2
70547,55,9,46,2
70548,61,7,54,2
70549,37,5,32,2
70550,53,5,48,2
70551,61,10,51,2
70552,71,14,57,2
70553,37,2,35,2
70554,55,5,50,2
70555,54,6,48,2
70556,62,8,54,2
70557,61,9,52,2
70558,55,6,49,2
70559,51,4,47,2
70560,51,4,47,2
70561,54,3,51,2
70562,57,5,52,2
70563,67,10,57,2
70564,58,10,48,2
70565,63,3,60,2
70566,52,5,47,2
70567,48,3,45,2
70568,54,3,51,2
70569,52,5,47,2
70570,58,10,48,2
70571,62,8,54,2
70572,51,4,47,2
70573,64,4,60,2
70574,59,4,55,2
70575,60,9,51,2
70576,53,9,44,2
70577,65,4,61,2
70578,44,1,43,2
70579,59,10,49,2
70580,54,4,50,2
70581,53,10,43,2
70582,46,5,41,2
70583,52,8,44,2
70584,46,3,43,2
70585,64,6,58,2
70586,54,4,50,2
70587,49,9,40,2
70588,56,12,44,2
70589,63,8,55,2
70590,52,4,48,2
70591,56,8,48,2
70592,59,5,54,2
70593,46,3,43,2
70594,58,10,48,2
70595,62,6,56,2
70596,63,6,57,2
70597,53,8,45,2
70598,47,8,39,2
70599,64,7,57,2
70600,58,8,50,2
70601,53,3,50,2
70602,65,8,57,2
70603,49,8,41,2
70604,55,6,49,2
70605,60,6,54,2
70606,45,6,39,2
70607,58,5,53,2
70608,62,4,58,2
70609,49,4,45,2
70610,59,4,55,2
70611,41,7,34,2
70612,72,6,66,2
70613,50,8,42,2
70614,66,7,59,2
70615,50,7,43,2
70616,63,13,50,2
70617,45,9,36,2
70618,57,5,52,2
70619,59,8,51,2
70620,53,3,50,2
70621,48,4,44,2
70622,56,4,52,2
70623,51,3,48,2
70624,61,9,52,2
70625,68,4,64,2
70626,49,9,40,2
70627,44,4,40,2
70628,44,5,39,2
70629,68,10,58,2
70630,51,3,48,2
70631,68,7,61,2
70632,43,2,41,2
70633,57,11,46,2
70634,61,3,58,2
70635,59,4,55,2
70636,53,8,45,2
70637,46,2,44,2
70638,49,8,41,2
70639,74,7,67,2
70640,60,9,51,2
70641,51,4,47,2
70642,53,9,44,2
70643,50,2,48,2
70644,54,8,46,2
70645,55,4,51,2
70646,57,4,53,2
70647,38,5,33,2
70648,58,7,51,2
70649,52,7,45,2
70650,51,3,48,2
70651,52,12,40,2
70652,54,9,45,2
70653,67,9,58,2
70654,59,8,51,2
70655,50,6,44,2
70656,53,10,43,2
70657,47,3,44,2
70658,48,4,44,2
70659,51,2,49,2
70660,58,8,50,2
70661,48,7,41,2
70662,45,9,36,2
70663,42,6,36,2
70664,57,8,49,2
70665,49,6,43,2
70666,57,9,48,2
70667,44,5,39,2
70668,47,10,37,2
70669,60,5,55,2
70670,59,7,52,2
70671,58,10,48,2
70672,52,4,48,2
70673,54,6,48,2
70674,52,6,46,2
70675,52,5,47,2
70676,48,3,45,2
70677,53,8,45,2
70678,57,5,52,2
70679,58,11,47,2
70680,69,10,59,2
70681,57,5,52,2
70682,46,8,38,2
70683,69,11,58,2
70684,65,9,56,2
70685,47,2,45,2
70686,57,6,51,2
70687,69,8,61,2
70688,58,6,52,2
70689,50,2,48,2
70690,58,7,51,2
70691,58,3,55,2
70692,59,10,49,2
70693,59,6,53,2
70694,56,4,52,2
70695,51,3,48,2
70696,55,7,48,2
70697,51,5,46,2
70698,53,2,51,2
70699,70,8,62,2
70700,44,3,41,2
70701,58,7,51,2
70702,47,3,44,2
70703,43,6,37,2
70704,42,3,39,2
70705,49,7,42,2
70706,52,3,49,2
70707,58,9,49,2
70708,61,5,56,2
70709,67,6,61,2
70710,54,7,47,2
70711,59,6,53,2
70712,68,10,58,2
70713,62,13,49,2
70714,75,6,69,2
70715,62,10,52,2
70716,41,5,36,2
70717,66,10,56,2
70718,64,6,58,2
70719,55,8,47,2
70720,57,9,48,2
70721,51,6,45,2
70722,41,7,34,2
70723,57,4,53,2
70724,56,5,51,2
70725,55,3,52,2
70726,52,10,42,2
70727,53,6,47,2
70728,47,7,40,2
70729,52,6,46,2
70730,62,4,58,2
70731,63,10,53,2
70732,52,7,45,2
70733,57,8,49,2
70734,54,8,46,2
70735,55,6,49,2
70736,47,7,40,2
70737,69,14,55,2
70738,50,8,42,2
70739,56,5,51,2
70740,59,8,51,2
70741,54,10,44,2
70742,53,5,48,2
70743,46,4,42,2
70744,52,5,47,2
70745,58,5,53,2
70746,54,6,48,2
70747,61,10,51,2
70748,61,7,54,2
70749,52,3,49,2
70750,56,8,48,2
70751,49,3,46,2
70752,50,7,43,2
70753,62,7,55,2
70754,59,4,55,2
70755,64,11,53,2
70756,64,16,48,2
70757,42,6,36,2
70758,48,4,44,2
70759,74,9,65,2
70760,53,10,43,2
70761,52,5,47,2
70762,40,3,37,2
70763,64,3,61,2
70764,51,5,46,2
70765,63,9,54,2
70766,51,3,48,2
70767,64,9,55,2
70768,56,7,49,2
70769,58,7,51,2
70770,41,3,38,2
70771,58,6,52,2
70772,53,6,47,2
70773,51,5,46,2
70774,51,6,45,2
70775,71,9,62,2
70776,71,11,60,2
70777,52,5,47,2
70778,46,5,41,2
70779,52,9,43,2
70780,55,4,51,2
70781,47,7,40,2
70782,46,5,41,2
70783,54,11,43,2
70784,49,11,38,2
70785,49,4,45,2
70786,61,4,57,2
70787,51,2,49,2
70788,51,6,45,2
70789,50,4,46,2
70790,110,110,0,1
70791,49,3,46,2
70792,54,10,44,2
70793,49,8,41,2
70794,48,5,43,2
70795,48,5,43,2
70796,59,11,48,2
70797,47,8,39,2
70798,63,5,58,2
70799,55,11,44,2
70800,75,5,70,2
70801,53,3,50,2
70802,72,9,63,2
70803,49,10,39,2
70804,61,3,58,2
70805,55,9,46,2
70806,47,5,42,2
70807,49,9,40,2
70808,69,10,59,2
70809,44,3,41,2
70810,60,8,52,2
70811,56,8,48,2
70812,50,6,44,2
70813,63,14,49,2
70814,45,6,39,2
70815,58,5,53,2
70816,59,8,51,2
70817,44,5,39,2
70818,52,5,47,2
70819,60,7,53,2
70820,56,4,52,2
70821,55,8,47,2
70822,57,4,53,2
70823,45,4,41,2
70824,52,4,48,2
70825,59,12,47,2
70826,35,3,32,2
70827,50,5,45,2
70828,55,7,48,2
70829,69,11,58,2
70830,59,4,55,2
70831,57,10,47,2
70832,56,4,52,2
70833,45,11,34,2
70834,59,7,52,2
70835,49,3,46,2
70836,63,4,59,2
70837,63,6,57,2
70838,43,2,41,2
70839,56,9,47,2
70840,47,7,40,2
70841,47,5,42,2
70842,50,6,44,2
70843,59,2,57,2
70844,72,11,61,2
70845,43,12,31,2
70846,58,5,53,2
70847,43,6,37,2
70848,61,10,51,2
70849,56,6,50,2
70850,45,6,39,2
70851,54,3,51,2
70852,57,3,54,2
70853,50,6,44,2
70854,67,8,59,2
70855,62,7,55,2
70856,63,10,53,2
70857,55,9,46,2
70858,49,5,44,2
70859,51,8,43,2
70860,38,6,32,2
70861,66,4,62,2
70862,62,6,56,2
70863,50,8,42,2
70864,50,9,41,2
70865,62,17,45,2
70866,58,7,51,2
70867,34,10,24,2
70868,67,8,59,2
70869,55,5,50,2
70870,40,10,30,2
70871,46,8,38,2
70872,40,5,35,2
70873,54,4,50,2
70874,57,6,51,2
70875,56,9,47,2
70876,51,10,41,2
70877,58,8,50,2
70878,50,5,45,2
70879,42,6,36,2
70880,62,5,57,2
70881,50,9,41,2
70882,63,4,59,2
70883,56,8,48,2
70884,47,8,39,2
70885,62,1,61,2
70886,62,9,53,2
70887,54,6,48,2
70888,59,9,50,2
70889,68,8,60,2
70890,52,5,47,2
70891,48,2,46,2
70892,64,8,56,2
70893,77,13,64,2
70894,46,8,38,2
70895,64,10,54,2
70896,54,7,47,2
70897,63,7,56,2
70898,57,7,50,2
70899,60,4,56,2
70900,62,3,59,2
70901,37,3,34,2
70902,49,5,44,2
70903,46,1,45,2
70904,64,6,58,2
70905,55,5,50,2
70906,54,5,49,2
70907,45,5,40,2
70908,52,4,48,2
70909,57,8,49,2
70910,59,4,55,2
70911,66,9,57,2
70912,51,8,43,2
70913,63,8,55,2
70914,47,6,41,2
70915,56,10,46,2
70916,56,7,49,2
70917,63,4,59,2
70918,46,3,43,2
70919,42,4,38,2
70920,54,5,49,2
70921,64,4,60,2
70922,65,5,60,2
70923,56,3,53,2
70924,53,7,46,2
70925,51,7,44,2
70926,45,5,40,2
70927,62,12,50,2
70928,51,5,46,2
70929,55,10,45,2
70930,63,8,55,2
70931,45,5,40,2
70932,52,10,42,2
70933,62,5,57,2
70934,51,7,44,2
70935,57,7,50,2
70936,49,7,42,2
70937,59,11,48,2
70938,63,5,58,2
70939,58,6,52,2
70940,55,7,48,2
70941,53,5,48,2
70942,50,4,46,2
70943,56,4,52,2
70944,60,10,50,2
70945,50,6,44,2
70946,53,5,48,2
70947,55,4,51,2
70948,43,3,40,2
70949,48,9,39,2
70950,40,6,34,2
70951,42,6,36,2
70952,52,8,44,2
70953,57,7,50,2
70954,53,5,48,2
70955,39,5,34,2
70956,46,7,39,2
70957,67,5,62,2
70958,50,6,44,2
70959,52,6,46,2
70960,54,1,53,2
70961,39,3,36,2
70962,46,5,41,2
70963,58,6,52,2
70964,55,9,46,2
70965,61,3,58,2
70966,49,3,46,2
70967,64,11,53,2
70968,51,5,46,2
70969,57,7,50,2
70970,57,13,44,2
70971,51,7,44,2
70972,60,3,57,2
70973,48,4,44,2
70974,50,6,44,2
70975,52,7,45,2
70976,61,5,56,2
70977,58,5,53,2
70978,46,8,38,2
70979,53,9,44,2
70980,60,10,50,2
70981,55,6,49,2
70982,45,5,40,2
70983,61,11,50,2
70984,65,9,56,2
70985,58,9,49,2
70986,55,2,53,2
70987,48,4,44,2
70988,54,9,45,2
70989,52,8,44,2
70990,51,8,43,2
70991,53,6,47,2
70992,48,7,41,2
70993,54,10,44,2
70994,44,1,43,2
70995,46,10,36,2
70996,48,7,41,2
70997,46,5,41,2
70998,53,6,47,2
70999,61,4,57,2
71000,64,6,58,2
71001,59,5,54,2
71002,51,7,44,2
71003,49,7,42,2
71004,37,7,30,2
71005,60,11,49,2
71006,68,5,63,2
71007,44,4,40,2
71008,44,3,41,2
71009,53,5,48,2
71010,53,5,48,2
71011,66,8,58,2
71012,52,4,48,2
71013,3,3,0,1
71014,59,9,50,2
71015,56,4,52,2
71016,62,5,57,2
71017,49,3,46,2
71018,43,3,40,2
71019,55,4,51,2
71020,50,6,44,2
71021,49,8,41,2
71022,58,8,50,2
71023,55,6,49,2
71024,50,5,45,2
71025,52,8,44,2
71026,41,3,38,2
71027,57,5,52,2
71028,49,7,42,2
71029,59,3,56,2
71030,51,4,47,2
71031,64,7,57,2
71032,57,6,51,2
71033,75,14,61,2
71034,56,9,47,2
71035,60,10,50,2
71036,63,7,56,2
71037,64,7,57,2
71038,39,11,28,2
71039,56,8,48,2
71040,61,8,53,2
71041,47,5,42,2
71042,45,6,39,2
71043,58,5,53,2
71044,53,2,51,2
71045,46,5,41,2
71046,49,6,43,2
71047,50,13,37,2
71048,46,3,43,2
71049,65,3,62,2
71050,45,4,41,2
71051,52,6,46,2
71052,49,3,46,2
71053,55,7,48,2
71054,70,11,59,2
71055,70,14,56,2
71056,58,7,51,2
71057,52,2,50,2
71058,57,4,53,2
71059,51,8,43,2
71060,46,3,43,2
71061,55,5,50,2
71062,50,5,45,2
71063,71,6,65,2
71064,59,8,51,2
71065,53,9,44,2
71066,58,4,54,2
71067,74,8,66,2
71068,62,6,56,2
71069,48,7,41,2
71070,39,3,36,2
71071,43,5,38,2
71072,52,9,43,2
71073,53,10,43,2
71074,59,12,47,2
71075,59,7,52,2
71076,55,9,46,2
71077,41,4,37,2
71078,61,9,52,2
71079,49,6,43,2
71080,53,6,47,2
71081,60,3,57,2
71082,58,4,54,2
71083,50,5,45,2
71084,54,2,52,2
71085,65,10,55,2
71086,52,7,45,2
71087,50,6,44,2
71088,61,4,57,2
71089,49,6,43,2
71090,52,7,45,2
71091,62,9,53,2
71092,49,8,41,2
71093,64,5,59,2
71094,52,4,48,2
71095,42,4,38,2
71096,56,7,49,2
71097,64,11,53,2
71098,58,5,53,2
71099,36,4,32,2
71100,53,8,45,2
71101,47,9,38,2
71102,66,7,59,2
71103,56,9,47,2
71104,46,6,40,2
71105,49,5,44,2
71106,50,10,40,2
71107,54,7,47,2
71108,59,3,56,2
71109,55,4,51,2
71110,52,10,42,2
71111,46,5,41,2
71112,45,3,42,2
71113,42,6,36,2
71114,67,9,58,2
71115,48,9,39,2
71116,58,7,51,2
71117,41,6,35,2
71118,55,8,47,2
71119,51,7,44,2
71120,62,6,56,2
71121,52,7,45,2
71122,53,5,48,2
71123,49,7,42,2
71124,63,7,56,2
71125,58,6,52,2
71126,74,4,70,2
71127,47,6,41,2
71128,56,5,51,2
71129,56,9,47,2
71130,48,12,36,2
71131,60,10,50,2
71132,54,7,47,2
71133,49,8,41,2
71134,58,11,47,2
71135,64,6,58,2
71136,50,7,43,2
71137,59,7,52,2
71138,54,4,50,2
71139,53,10,43,2
71140,60,8,52,2
71141,59,6,53,2
71142,46,3,43,2
71143,49,5,44,2
71144,61,7,54,2
71145,57,5,52,2
71146,60,8,52,2
71147,36,1,35,2
71148,55,7,48,2
71149,49,1,48,2
71150,42,6,36,2
71151,58,9,49,2
71152,21,0,21,1
71153,66,8,58,2
71154,55,6,49,2
71155,59,3,56,2
71156,40,6,34,2
71157,53,10,43,2
71158,52,9,43,2
71159,55,7,48,2
71160,50,5,45,2
71161,55,5,50,2
71162,61,8,53,2
71163,50,2,48,2
71164,53,11,42,2
71165,52,7,45,2
71166,51,9,42,2
71167,47,6,41,2
71168,56,6,50,2
71169,63,7,56,2
71170,54,8,46,2
71171,62,8,54,2
71172,50,6,44,2
71173,43,5,38,2
71174,48,8,40,2
71175,55,9,46,2
71176,43,7,36,2
71177,60,2,58,2
71178,69,6,63,2
71179,61,9,52,2
71180,50,3,47,2
71181,67,8,59,2
71182,60,9,51,2
71183,59,5,54,2
71184,60,6,54,2
71185,56,7,49,2
71186,67,6,61,2
71187,45,5,40,2
71188,34,2,32,2
71189,50,6,44,2
71190,41,3,38,2
71191,49,2,47,2
71192,57,7,50,2
71193,57,9,48,2
71194,56,9,47,2
71195,48,6,42,2
71196,50,7,43,2
71197,52,4,48,2
71198,59,5,54,2
71199,66,10,56,2
71200,51,3,48,2
71201,62,7,55,2
71202,52,4,48,2
71203,52,8,44,2
71204,51,5,46,2
71205,52,8,44,2
71206,55,5,50,2
71207,65,9,56,2
71208,55,8,47,2
71209,50,5,45,2
71210,51,6,45,2
71211,53,8,45,2
71212,54,10,44,2
71213,47,9,38,2
71214,38,7,31,2
71215,57,6,51,2
71216,52,7,45,2
71217,64,7,57,2
71218,50,4,46,2
71219,53,3,50,2
71220,52,7,45,2
71221,42,4,38,2
71222,62,9,53,2
71223,59,9,50,2
71224,47,10,37,2
71225,66,5,61,2
71226,54,6,48,2
71227,66,6,60,2
71228,54,7,47,2
71229,55,7,48,2
71230,54,5,49,2
71231,50,5,45,2
71232,68,7,61,2
71233,57,5,52,2
71234,50,5,45,2
71235,61,5,56,2
71236,57,6,51,2
71237,52,9,43,2
71238,54,4,50,2
71239,59,12,47,2
71240,43,3,40,2
71241,53,6,47,2
71242,59,4,55,2
71243,54,3,51,2
71244,47,11,36,2
71245,56,6,50,2
71246,44,4,40,2
71247,60,9,51,2
71248,54,3,51,2
71249,38,3,35,2
71250,66,6,60,2
71251,50,6,44,2
71252,56,8,48,2
71253,55,5,50,2
71254,54,8,46,2
71255,47,6,41,2
71256,63,7,56,2
71257,48,4,44,2
71258,51,6,45,2
71259,45,6,39,2
71260,52,4,48,2
71261,44,12,32,2
71262,60,7,53,2
71263,64,12,52,2
71264,57,5,52,2
71265,50,8,42,2
71266,51,2,49,2
71267,46,7,39,2
71268,45,4,41,2
71269,49,3,46,2
71270,59,6,53,2
71271,58,6,52,2
71272,64,6,58,2
71273,58,8,50,2
71274,45,7,38,2
71275,54,5,49,2
71276,48,8,40,2
71277,52,4,48,2
71278,54,8,46,2
71279,52,6,46,2
71280,39,8,31,2
71281,55,6,49,2
71282,40,4,36,2
71283,60,7,53,2
71284,56,9,47,2
71285,58,5,53,2
71286,46,9,37,2
71287,64,13,51,2
71288,48,5,43,2
71289,50,12,38,2
71290,55,7,48,2
71291,45,8,37,2
71292,51,8,43,2
71293,49,8,41,2
71294,53,8,45,2
71295,55,10,45,2
71296,66,13,53,2
71297,54,8,46,2
71298,50,6,44,2
71299,63,8,55,2
71300,49,3,46,2
71301,60,7,53,2
71302,63,8,55,2
71303,56,2,54,2
71304,68,11,57,2
71305,52,2,50,2
71306,58,9,49,2
71307,49,6,43,2
71308,60,6,54,2
71309,52,8,44,2
71310,45,7,38,2
71311,57,8,49,2
71312,54,7,47,2
71313,55,4,51,2
71314,49,5,44,2
71315,43,5,38,2
71316,46,5,41,2
71317,41,7,34,2
71318,63,8,55,2
71319,50,8,42,2
71320,57,8,49,2
71321,69,13,56,2
71322,48,3,45,2
71323,64,5,59,2
71324,54,9,45,2
71325,55,7,48,2
71326,53,6,47,2
71327,54,6,48,2
71328,51,4,47,2
71329,58,8,50,2
71330,51,4,47,2
71331,62,6,56,2
71332,50,9,41,2
71333,49,4,45,2
71334,68,10,58,2
71335,51,6,45,2
71336,44,5,39,2
71337,56,6,50,2
71338,69,7,62,2
71339,45,2,43,2
71340,52,6,46,2
71341,44,8,36,2
71342,40,2,38,2
71343,50,5,45,2
71344,52,6,46,2
71345,45,6,39,2
71346,58,9,49,2
71347,54,6,48,2
71348,53,8,45,2
71349,63,10,53,2
71350,52,6,46,2
71351,55,5,50,2
71352,60,5,55,2
71353,51,9,42,2
71354,76,9,67,2
71355,50,9,41,2
71356,44,5,39,2
71357,46,8,38,2
71358,59,9,50,2
71359,54,12,42,2
71360,65,5,60,2
71361,33,4,29,2
71362,56,5,51,2
71363,46,4,42,2
71364,53,2,51,2
71365,57,4,53,2
71366,65,10,55,2
71367,51,7,44,2
71368,55,8,47,2
71369,56,11,45,2
71370,63,7,56,2
71371,58,6,52,2
71372,60,9,51,2
71373,56,7,49,2
71374,61,9,52,2
71375,58,7,51,2
71376,56,10,46,2
71377,44,6,38,2
71378,56,7,49,2
71379,52,7,45,2
71380,54,6,48,2
71381,40,6,34,2
71382,47,6,41,2
71383,69,8,61,2
71384,62,5,57,2
71385,44,3,41,2
71386,49,5,44,2
71387,63,7,56,2
71388,59,8,51,2
71389,53,4,49,2
71390,53,6,47,2
71391,53,6,47,2
71392,50,3,47,2
71393,59,5,54,2
71394,57,6,51,2
71395,52,9,43,2
71396,47,4,43,2
71397,58,8,50,2
71398,58,12,46,2
71399,57,4,53,2
71400,52,5,47,2
71401,57,7,50,2
71402,62,7,55,2
71403,54,6,48,2
71404,63,8,55,2
71405,49,11,38,2
71406,60,3,57,2
71407,40,4,36,2
71408,67,6,61,2
71409,65,10,55,2
71410,62,7,55,2
71411,55,5,50,2
71412,58,3,55,2
71413,36,1,35,2
71414,57,8,49,2
71415,62,11,51,2
71416,59,3,56,2
71417,53,5,48,2
71418,65,4,61,2
71419,47,7,40,2
71420,43,5,38,2
71421,64,11,53,2
71422,54,5,49,2
71423,50,7,43,2
71424,56,6,50,2
71425,55,10,45,2
71426,56,5,51,2
71427,52,10,42,2
71428,53,6,47,2
71429,50,6,44,2
71430,60,9,51,2
71431,45,5,40,2
71432,65,7,58,2
71433,53,11,42,2
71434,58,8,50,2
71435,45,1,44,2
71436,53,6,47,2
71437,45,6,39,2
71438,53,7,46,2
71439,53,13,40,2
71440,70,9,61,2
71441,54,5,49,2
71442,57,2,55,2
71443,45,4,41,2
71444,51,8,43,2
71445,52,1,51,2
71446,63,5,58,2
71447,53,4,49,2
71448,55,4,51,2
71449,42,6,36,2
71450,64,7,57,2
71451,55,8,47,2
71452,67,10,57,2
71453,56,10,46,2
71454,70,8,62,2
71455,60,5,55,2
71456,45,7,38,2
71457,58,4,54,2
71458,56,10,46,2
71459,50,3,47,2
71460,56,6,50,2
71461,46,5,41,2
71462,60,7,53,2
71463,50,6,44,2
71464,51,5,46,2
71465,66,9,57,2
71466,56,3,53,2
71467,49,5,44,2
71468,52,5,47,2
71469,56,6,50,2
71470,49,8,41,2
71471,53,9,44,2
71472,56,6,50,2
71473,59,9,50,2
71474,62,3,59,2
71475,64,9,55,2
71476,60,6,54,2
71477,46,6,40,2
71478,48,3,45,2
71479,57,4,53,2
71480,47,9,38,2
71481,58,5,53,2
71482,63,6,57,2
71483,66,11,55,2
71484,61,9,52,2
71485,49,6,43,2
71486,48,3,45,2
71487,53,2,51,2
71488,44,7,37,2
71489,53,9,44,2
71490,44,6,38,2
71491,47,5,42,2
71492,45,5,40,2
71493,51,9,42,2
71494,42,6,36,2
71495,57,9,48,2
71496,47,8,39,2
71497,61,13,48,2
71498,43,6,37,2
71499,46,3,43,2
71500,43,6,37,2
71501,56,6,50,2
71502,49,7,42,2
71503,42,5,37,2
71504,42,4,38,2
71505,55,9,46,2
71506,56,5,51,2
71507,45,9,36,2
71508,46,5,41,2
71509,58,9,49,2
71510,69,7,62,2
71511,48,6,42,2
71512,72,7,65,2
71513,50,5,45,2
71514,54,11,43,2
71515,39,5,34,2
71516,46,6,40,2
71517,57,6,51,2
71518,41,7,34,2
71519,54,4,50,2
71520,51,3,48,2
71521,55,4,51,2
71522,61,7,54,2
71523,45,10,35,2
71524,55,7,48,2
71525,63,10,53,2
71526,56,4,52,2
71527,41,6,35,2
71528,51,5,46,2
71529,53,4,49,2
71530,54,4,50,2
71531,57,13,44,2
71532,50,7,43,2
71533,67,3,64,2
71534,51,3,48,2
71535,73,7,66,2
71536,56,11,45,2
71537,58,6,52,2
71538,68,8,60,2
71539,57,9,48,2
71540,65,8,57,2
71541,45,5,40,2
71542,58,7,51,2
71543,55,2,53,2
71544,58,5,53,2
71545,52,3,49,2
71546,53,8,45,2
71547,59,6,53,2
71548,52,6,46,2
71549,68,7,61,2
71550,53,1,52,2
71551,69,8,61,2
71552,45,1,44,2
71553,56,2,54,2
71554,57,6,51,2
71555,63,4,59,2
71556,62,9,53,2
71557,51,8,43,2
71558,64,5,59,2
71559,50,1,49,2
71560,48,7,41,2
71561,59,7,52,2
71562,59,8,51,2
71563,56,5,51,2
71564,62,10,52,2
71565,40,5,35,2
71566,44,5,39,2
71567,50,6,44,2
71568,59,9,50,2
71569,70,6,64,2
71570,50,6,44,2
71571,59,3,56,2
71572,54,6,48,2
71573,48,5,43,2
71574,46,6,40,2
71575,43,6,37,2
71576,51,2,49,2
71577,52,8,44,2
71578,57,4,53,2
71579,60,9,51,2
71580,51,2,49,2
71581,44,7,37,2
71582,53,7,46,2
71583,56,7,49,2
71584,64,7,57,2
71585,48,6,42,2
71586,62,7,55,2
71587,69,9,60,2
71588,46,6,40,2
71589,57,3,54,2
71590,58,4,54,2
71591,67,11,56,2
71592,68,10,58,2
71593,50,4,46,2
71594,51,8,43,2
71595,48,3,45,2
71596,49,4,45,2
71597,63,10,53,2
71598,42,3,39,2
71599,60,8,52,2
71600,48,5,43,2
71601,50,7,43,2
71602,51,11,40,2
71603,59,9,50,2
71604,68,4,64,2
71605,49,6,43,2
71606,52,8,44,2
71607,53,4,49,2
71608,52,4,48,2
71609,59,10,49,2
71610,43,9,34,2
71611,59,6,53,2
71612,54,5,49,2
71613,55,8,47,2
71614,55,4,51,2
71615,65,6,59,2
71616,52,5,47,2
71617,49,8,41,2
71618,53,2,51,2
71619,68,12,56,2
71620,45,3,42,2
71621,56,7,49,2
71622,64,10,54,2
71623,51,10,41,2
71624,47,10,37,2
71625,56,7,49,2
71626,54,9,45,2
71627,49,3,46,2
71628,51,8,43,2
71629,55,6,49,2
71630,49,8,41,2
71631,42,5,37,2
71632,53,8,45,2
71633,46,7,39,2
71634,56,1,55,2
71635,66,9,57,2
71636,55,6,49,2
71637,62,9,53,2
71638,61,5,56,2
71639,48,6,42,2
71640,69,11,58,2
71641,74,14,60,2
71642,48,8,40,2
71643,46,7,39,2
71644,55,4,51,2
71645,51,6,45,2
71646,50,5,45,2
71647,54,2,52,2
71648,51,8,43,2
71649,50,5,45,2
71650,63,9,54,2
71651,56,8,48,2
71652,48,6,42,2
71653,65,7,58,2
71654,65,7,58,2
71655,49,6,43,2
71656,68,8,60,2
71657,52,4,48,2
71658,47,4,43,2
71659,43,13,30,2
71660,51,5,46,2
71661,55,6,49,2
71662,63,10,53,2
71663,51,5,46,2
71664,63,8,55,2
71665,46,4,42,2
71666,70,7,63,2
71667,50,9,41,2
71668,44,3,41,2
71669,53,8,45,2
71670,62,7,55,2
71671,58,7,51,2
71672,61,9,52,2
71673,55,8,47,2
71674,48,4,44,2
71675,60,2,58,2
71676,63,5,58,2
71677,54,1,53,2
71678,55,7,48,2
71679,61,5,56,2
71680,57,10,47,2
71681,43,5,38,2
71682,53,5,48,2
71683,62,7,55,2
71684,49,3,46,2
71685,49,6,43,2
71686,45,2,43,2
71687,56,6,50,2
71688,54,5,49,2
71689,56,8,48,2
71690,70,8,62,2
71691,52,5,47,2
71692,56,4,52,2
71693,47,8,39,2
71694,44,6,38,2
71695,57,8,49,2
71696,61,16,45,2
71697,61,6,55,2
71698,43,4,39,2
71699,50,6,44,2
71700,60,13,47,2
71701,41,4,37,2
71702,45,3,42,2
71703,53,7,46,2
71704,59,8,51,2
71705,55,5,50,2
71706,51,4,47,2
71707,76,9,67,2
71708,49,7,42,2
71709,59,3,56,2
71710,61,6,55,2
71711,51,7,44,2
71712,60,10,50,2
71713,62,7,55,2
71714,58,12,46,2
71715,63,6,57,2
71716,55,6,49,2
71717,56,7,49,2
71718,56,4,52,2
71719,64,3,61,2
71720,60,5,55,2
71721,54,5,49,2
71722,57,9,48,2
71723,56,3,53,2
71724,59,6,53,2
71725,56,5,51,2
71726,57,8,49,2
71727,48,7,41,2
71728,61,4,57,2
71729,53,10,43,2
71730,62,8,54,2
71731,58,9,49,2
71732,54,4,50,2
71733,48,10,38,2
71734,55,7,48,2
71735,43,6,37,2
71736,39,3,36,2
71737,53,11,42,2
71738,53,6,47,2
71739,56,11,45,2
71740,51,8,43,2
71741,63,9,54,2
71742,40,3,37,2
71743,70,8,62,2
71744,55,6,49,2
71745,46,4,42,2
71746,56,7,49,2
71747,52,8,44,2
71748,60,7,53,2
71749,54,6,48,2
71750,46,6,40,2
71751,55,7,48,2
71752,47,2,45,2
71753,51,8,43,2
71754,52,6,46,2
71755,71,7,64,2
71756,47,6,41,2
71757,51,3,48,2
71758,55,7,48,2
71759,61,13,48,2
71760,66,3,63,2
71761,59,7,52,2
71762,60,10,50,2
71763,58,11,47,2
71764,45,4,41,2
71765,56,6,50,2
71766,42,4,38,2
71767,43,5,38,2
71768,56,6,50,2
71769,48,12,36,2
71770,54,9,45,2
71771,53,6,47,2
71772,56,6,50,2
71773,48,9,39,2
71774,65,14,51,2
71775,42,4,38,2
71776,78,10,68,2
71777,39,6,33,2
71778,60,10,50,2
71779,64,9,55,2
71780,42,7,35,2
71781,52,10,42,2
71782,58,4,54,2
71783,44,4,40,2
71784,51,7,44,2
71785,52,6,46,2
71786,52,6,46,2
71787,42,3,39,2
71788,52,6,46,2
71789,52,6,46,2
71790,52,7,45,2
71791,48,6,42,2
71792,50,6,44,2
71793,59,7,52,2
71794,47,4,43,2
71795,52,2,50,2
71796,53,6,47,2
71797,59,9,50,2
71798,50,7,43,2
71799,46,3,43,2
71800,46,7,39,2
71801,51,5,46,2
71802,60,7,53,2
71803,62,3,59,2
71804,54,10,44,2
71805,59,10,49,2
71806,62,4,58,2
71807,57,10,47,2
71808,49,3,46,2
71809,50,9,41,2
71810,63,10,53,2
71811,39,4,35,2
71812,56,8,48,2
71813,50,4,46,2
71814,46,7,39,2
71815,68,10,58,2
71816,44,5,39,2
71817,46,3,43,2
71818,46,3,43,2
71819,55,13,42,2
71820,63,8,55,2
71821,50,9,41,2
71822,58,10,48,2
71823,58,4,54,2
71824,44,4,40,2
71825,51,7,44,2
71826,48,5,43,2
71827,51,6,45,2
71828,59,7,52,2
71829,52,2,50,2
71830,50,8,42,2
71831,58,7,51,2
71832,62,8,54,2
71833,50,6,44,2
71834,55,5,50,2
71835,54,8,46,2
71836,53,5,48,2
71837,56,3,53,2
71838,62,10,52,2
71839,52,3,49,2
71840,52,14,38,2
71841,54,2,52,2
71842,49,4,45,2
71843,56,13,43,2
71844,52,8,44,2
71845,55,8,47,2
71846,48,13,35,2
71847,55,7,48,2
71848,46,7,39,2
71849,52,10,42,2
71850,68,8,60,2
71851,57,1,56,2
71852,56,8,48,2
71853,63,8,55,2
71854,59,7,52,2
71855,50,9,41,2
71856,63,5,58,2
71857,59,8,51,2
71858,56,2,54,2
71859,54,6,48,2
71860,61,7,54,2
71861,53,4,49,2
71862,39,7,32,2
71863,67,6,61,2
71864,51,6,45,2
71865,60,14,46,2
71866,51,8,43,2
71867,49,4,45,2
71868,51,4,47,2
71869,53,5,48,2
71870,44,7,37,2
71871,60,8,52,2
71872,53,9,44,2
71873,64,7,57,2
71874,46,4,42,2
71875,40,0,40,1
71876,45,4,41,2
71877,62,10,52,2
71878,53,5,48,2
71879,43,5,38,2
71880,52,8,44,2
71881,53,9,44,2
71882,61,5,56,2
71883,51,7,44,2
71884,57,12,45,2
71885,68,8,60,2
71886,65,9,56,2
71887,46,7,39,2
71888,54,8,46,2
71889,58,9,49,2
71890,62,2,60,2
71891,37,2,35,2
71892,49,3,46,2
71893,65,7,58,2
71894,45,5,40,2
71895,55,8,47,2
71896,48,8,40,2
71897,52,7,45,2
71898,68,8,60,2
71899,54,8,46,2
71900,49,6,43,2
71901,52,8,44,2
71902,69,9,60,2
71903,38,6,32,2
71904,51,7,44,2
71905,56,8,48,2
71906,58,4,54,2
71907,54,5,49,2
71908,49,3,46,2
71909,52,7,45,2
71910,54,8,46,2
71911,55,7,48,2
71912,50,11,39,2
71913,39,9,30,2
71914,59,2,57,2
71915,63,10,53,2
71916,58,11,47,2
71917,63,6,57,2
71918,55,8,47,2
71919,45,7,38,2
71920,51,7,44,2
71921,62,7,55,2
71922,56,4,52,2
71923,65,11,54,2
71924,53,6,47,2
71925,50,3,47,2
71926,56,6,50,2
71927,47,5,42,2
71928,55,5,50,2
71929,40,7,33,2
71930,45,11,34,2
71931,48,4,44,2
71932,68,8,60,2
71933,41,3,38,2
71934,48,4,44,2
71935,41,10,31,2
71936,72,10,62,2
71937,52,11,41,2
71938,60,2,58,2
71939,58,7,51,2
71940,41,5,36,2
71941,55,9,46,2
71942,55,7,48,2
71943,58,14,44,2
71944,49,3,46,2
71945,41,6,35,2
71946,62,7,55,2
71947,50,5,45,2
71948,69,11,58,2
71949,48,7,41,2
71950,57,5,52,2
71951,61,9,52,2
71952,67,11,56,2
71953,48,3,45,2
71954,63,4,59,2
71955,48,5,43,2
71956,59,9,50,2
71957,38,5,33,2
71958,68,8,60,2
71959,49,7,42,2
71960,55,7,48,2
71961,47,11,36,2
71962,67,12,55,2
71963,54,5,49,2
71964,57,4,53,2
71965,65,9,56,2
71966,69,8,61,2
71967,58,5,53,2
71968,54,9,45,2
71969,46,7,39,2
71970,61,8,53,2
71971,48,3,45,2
71972,50,6,44,2
71973,61,10,51,2
71974,55,4,51,2
71975,60,11,49,2
71976,54,5,49,2
71977,68,8,60,2
71978,57,12,45,2
71979,53,10,43,2
71980,49,8,41,2
71981,46,4,42,2
71982,52,7,45,2
71983,62,5,57,2
71984,57,6,51,2
71985,45,5,40,2
71986,51,8,43,2
71987,52,5,47,2
71988,52,7,45,2
71989,57,6,51,2
71990,66,8,58,2
71991,61,4,57,2
71992,53,7,46,2
71993,50,10,40,2
71994,48,6,42,2
71995,51,5,46,2
71996,59,12,47,2
71997,55,6,49,2
71998,54,10,44,2
71999,48,3,45,2
72000,48,7,41,2
72001,60,9,51,2
72002,45,6,39,2
72003,54,10,44,2
72004,60,10,50,2
72005,54,4,50,2
72006,64,6,58,2
72007,53,6,47,2
72008,48,10,38,2
72009,58,7,51,2
72010,54,7,47,2
72011,58,8,50,2
72012,39,6,33,2
72013,62,10,52,2
72014,55,11,44,2
72015,55,4,51,2
72016,51,4,47,2
72017,59,5,54,2
72018,54,7,47,2
72019,61,6,55,2
72020,49,6,43,2
72021,49,1,48,2
72022,56,7,49,2
72023,53,7,46,2
72024,67,7,60,2
72025,68,10,58,2
72026,45,7,38,2
72027,58,12,46,2
72028,45,7,38,2
72029,63,2,61,2
72030,65,5,60,2
72031,62,5,57,2
72032,55,8,47,2
72033,61,6,55,2
72034,72,9,63,2
72035,57,11,46,2
72036,59,3,56,2
72037,53,6,47,2
72038,53,6,47,2
72039,55,5,50,2
72040,55,3,52,2
72041,51,5,46,2
72042,59,10,49,2
72043,48,6,42,2
72044,61,8,53,2
72045,44,6,38,2
72046,66,11,55,2
72047,58,5,53,2
72048,57,6,51,2
72049,53,6,47,2
72050,47,7,40,2
72051,62,6,56,2
72052,58,6,52,2
72053,56,7,49,2
72054,60,8,52,2
72055,47,8,39,2
72056,45,6,39,2
72057,51,5,46,2
72058,42,8,34,2
72059,63,10,53,2
72060,63,13,50,2
72061,48,4,44,2
72062,53,10,43,2
72063,49,5,44,2
72064,60,11,49,2
72065,54,7,47,2
72066,63,5,58,2
72067,53,10,43,2
72068,61,5,56,2
72069,52,5,47,2
72070,55,7,48,2
72071,60,10,50,2
72072,48,12,36,2
72073,44,6,38,2
72074,55,9,46,2
72075,68,10,58,2
72076,60,8,52,2
72077,42,4,38,2
72078,50,7,43,2
72079,50,1,49,2
72080,59,6,53,2
72081,59,5,54,2
72082,51,1,50,2
72083,51,2,49,2
72084,66,9,57,2
72085,60,9,51,2
72086,58,5,53,2
72087,57,1,56,2
72088,57,5,52,2
72089,48,5,43,2
72090,57,6,51,2
72091,43,10,33,2
72092,53,6,47,2
72093,57,5,52,2
72094,51,10,41,2
72095,50,7,43,2
72096,54,1,53,2
72097,50,9,41,2
72098,51,3,48,2
72099,62,9,53,2
72100,64,2,62,2
72101,58,6,52,2
72102,50,5,45,2
72103,52,5,47,2
72104,43,8,35,2
72105,58,5,53,2
72106,46,5,41,2
72107,71,6,65,2
72108,49,9,40,2
72109,59,7,52,2
72110,64,7,57,2
72111,52,7,45,2
72112,65,6,59,2
72113,62,5,57,2
72114,44,4,40,2
72115,40,4,36,2
72116,59,9,50,2
72117,43,4,39,2
72118,42,4,38,2
72119,58,7,51,2
72120,61,14,47,2
72121,54,5,49,2
72122,43,7,36,2
72123,46,7,39,2
72124,55,11,44,2
72125,55,6,49,2
72126,59,8,51,2
72127,58,6,52,2
72128,60,7,53,2
72129,64,11,53,2
72130,60,6,54,2
72131,65,6,59,2
72132,66,9,57,2
72133,61,8,53,2
72134,60,5,55,2
72135,52,7,45,2
72136,51,13,38,2
72137,52,5,47,2
72138,55,4,51,2
72139,56,6,50,2
72140,41,9,32,2
72141,43,3,40,2
72142,54,6,48,2
72143,67,11,56,2
72144,56,9,47,2
72145,47,7,40,2
72146,62,7,55,2
72147,60,10,50,2
72148,58,6,52,2
72149,45,7,38,2
72150,49,4,45,2
72151,42,5,37,2
72152,55,8,47,2
72153,52,9,43,2
72154,73,6,67,2
72155,56,8,48,2
72156,47,7,40,2
72157,60,9,51,2
72158,51,6,45,2
72159,57,5,52,2
72160,52,4,48,2
72161,48,7,41,2
72162,50,6,44,2
72163,73,13,60,2
72164,51,4,47,2
72165,50,4,46,2
72166,49,5,44,2
72167,66,11,55,2
72168,60,7,53,2
72169,64,6,58,2
72170,50,5,45,2
72171,50,9,41,2
72172,46,8,38,2
72173,62,4,58,2
72174,47,2,45,2
72175,43,3,40,2
72176,56,6,50,2
72177,66,5,61,2
72178,57,2,55,2
72179,60,7,53,2
72180,63,9,54,2
72181,48,5,43,2
72182,47,7,40,2
72183,58,5,53,2
72184,81,5,76,2
72185,66,7,59,2
72186,51,9,42,2
72187,53,9,44,2
72188,52,8,44,2
72189,60,2,58,2
72190,53,7,46,2
72191,59,6,53,2
72192,75,10,65,2
72193,69,12,57,2
72194,52,7,45,2
72195,40,5,35,2
72196,57,5,52,2
72197,54,6,48,2
72198,62,4,58,2
72199,58,7,51,2
72200,62,10,52,2
72201,60,4,56,2
72202,62,13,49,2
72203,57,8,49,2
72204,52,9,43,2
72205,42,2,40,2
72206,48,4,44,2
72207,47,9,38,2
72208,51,4,47,2
72209,62,10,52,2
72210,40,4,36,2
72211,54,2,52,2
72212,59,10,49,2
72213,50,5,45,2
72214,51,5,46,2
72215,60,3,57,2
72216,68,9,59,2
72217,54,5,49,2
72218,58,6,52,2
72219,54,6,48,2
72220,47,7,40,2
72221,47,6,41,2
72222,58,6,52,2
72223,38,7,31,2
72224,55,12,43,2
72225,56,9,47,2
72226,60,5,55,2
72227,48,9,39,2
72228,58,9,49,2
72229,60,5,55,2
72230,47,5,42,2
72231,46,4,42,2
72232,51,3,48,2
72233,59,6,53,2
72234,48,4,44,2
72235,66,9,57,2
72236,68,8,60,2
72237,47,7,40,2
72238,51,5,46,2
72239,57,3,54,2
72240,46,6,40,2
72241,56,5,51,2
72242,52,8,44,2
72243,59,9,50,2
72244,58,6,52,2
72245,64,3,61,2
72246,42,5,37,2
72247,55,9,46,2
72248,48,5,43,2
72249,64,6,58,2
72250,47,9,38,2
72251,51,7,44,2
72252,58,6,52,2
72253,49,7,42,2
72254,47,4,43,2
72255,47,6,41,2
72256,49,5,44,2
72257,56,2,54,2
72258,57,4,53,2
72259,64,7,57,2
72260,51,6,45,2
72261,62,10,52,2
72262,49,7,42,2
72264,50,5,45,2
72265,47,6,41,2
72266,51,3,48,2
72267,48,4,44,2
72268,47,5,42,2
72269,46,3,43,2
72270,51,5,46,2
72271,48,8,40,2
72272,49,5,44,2
72273,47,8,39,2
72274,47,4,43,2
72275,46,2,44,2
72276,57,6,51,2
72277,45,7,38,2
72278,62,7,55,2
72279,50,4,46,2
72280,47,12,35,2
72281,53,5,48,2
72282,40,2,38,2
72283,66,6,60,2
72284,49,8,41,2
72285,54,4,50,2
72286,57,9,48,2
72287,66,11,55,2
72288,54,9,45,2
72289,58,9,49,2
72290,51,4,47,2
72291,50,5,45,2
72292,53,8,45,2
72293,49,8,41,2
72294,61,9,52,2
72295,50,9,41,2
72296,58,11,47,2
72297,57,5,52,2
72298,53,6,47,2
72299,48,5,43,2
72300,58,5,53,2
72301,55,10,45,2
72302,52,7,45,2
72303,53,8,45,2
72304,54,4,50,2
72305,49,6,43,2
72306,62,7,55,2
72307,47,5,42,2
72308,54,4,50,2
72309,50,7,43,2
72310,57,3,54,2
72311,72,12,60,2
72312,56,8,48,2
72313,62,7,55,2
72314,74,13,61,2
72315,52,5,47,2
72316,54,2,52,2
72317,67,10,57,2
72318,48,7,41,2
72319,68,7,61,2
72320,66,3,63,2
72321,47,4,43,2
72322,56,10,46,2
72323,62,7,55,2
72324,52,2,50,2
72325,58,3,55,2
72326,56,7,49,2
72327,63,10,53,2
72328,47,6,41,2
72329,48,4,44,2
72330,56,6,50,2
72331,62,6,56,2
72332,49,5,44,2
72333,52,5,47,2
72334,56,3,53,2
72335,57,4,53,2
72336,74,10,64,2
72337,62,2,60,2
72338,67,7,60,2
72339,53,5,48,2
72340,64,15,49,2
72341,48,5,43,2
72342,70,7,63,2
72343,51,3,48,2
72344,56,8,48,2
72345,61,2,59,2
72346,54,5,49,2
72347,62,12,50,2
72348,54,7,47,2
72349,57,5,52,2
72350,44,5,39,2
72351,53,4,49,2
72352,59,6,53,2
72353,54,6,48,2
72354,49,8,41,2
72355,52,7,45,2
72356,49,3,46,2
72357,53,3,50,2
72358,47,8,39,2
72359,51,3,48,2
72360,47,6,41,2
72361,58,6,52,2
72362,59,11,48,2
72363,52,7,45,2
72364,56,2,54,2
72365,60,6,54,2
72366,44,5,39,2
72367,70,8,62,2
72368,44,7,37,2
72369,65,14,51,2
72370,61,8,53,2
72371,61,7,54,2
72372,61,5,56,2
72373,59,6,53,2
72374,60,9,51,2
72375,71,5,66,2
72376,55,8,47,2
72377,53,10,43,2
72378,47,7,40,2
72379,37,0,37,1
72380,50,9,41,2
72381,46,3,43,2
72382,55,5,50,2
72383,60,9,51,2
72384,63,9,54,2
72385,46,5,41,2
72386,59,8,51,2
72387,63,5,58,2
72388,56,11,45,2
72389,62,9,53,2
72390,51,3,48,2
72391,56,6,50,2
72392,62,10,52,2
72393,56,6,50,2
72394,32,2,30,2
72395,52,8,44,2
72396,25,3,22,2
72397,48,4,44,2
72398,43,10,33,2
72399,69,11,58,2
72400,43,1,42,2
72401,67,9,58,2
72402,49,3,46,2
72403,53,8,45,2
72404,46,2,44,2
72405,49,8,41,2
72406,49,8,41,2
72407,58,9,49,2
72408,56,7,49,2
72409,57,5,52,2
72410,50,4,46,2
72411,48,7,41,2
72412,40,3,37,2
72413,63,5,58,2
72414,54,7,47,2
72415,39,2,37,2
72416,56,6,50,2
72417,58,8,50,2
72418,55,8,47,2
72419,48,8,40,2
72420,48,3,45,2
72421,49,3,46,2
72422,61,4,57,2
72423,43,5,38,2
72424,51,9,42,2
72425,50,6,44,2
72426,59,5,54,2
72427,64,12,52,2
72428,57,5,52,2
72429,43,7,36,2
72430,56,7,49,2
72431,58,6,52,2
72432,59,6,53,2
72433,55,10,45,2
72434,56,4,52,2
72435,54,8,46,2
72436,46,6,40,2
72437,46,4,42,2
72438,59,10,49,2
72439,47,6,41,2
72440,47,4,43,2
72441,41,5,36,2
72442,62,11,51,2
72443,42,6,36,2
72444,58,5,53,2
72445,59,7,52,2
72446,47,9,38,2
72447,38,3,35,2
72448,59,6,53,2
72449,54,8,46,2
72450,55,5,50,2
72451,67,6,61,2
72452,55,4,51,2
72453,66,9,57,2
72454,54,10,44,2
72455,60,5,55,2
72456,65,5,60,2
72457,56,5,51,2
72458,61,6,55,2
72459,43,6,37,2
72460,56,6,50,2
72461,74,6,68,2
72462,60,15,45,2
72463,62,6,56,2
72464,43,6,37,2
72465,52,7,45,2
72466,48,7,41,2
72467,61,9,52,2
72468,43,4,39,2
72469,60,6,54,2
72470,54,6,48,2
72471,52,6,46,2
72472,50,5,45,2
72473,62,11,51,2
72474,59,5,54,2
72475,55,2,53,2
72476,64,9,55,2
72477,57,10,47,2
72478,51,4,47,2
72479,54,5,49,2
72480,68,8,60,2
72481,50,9,41,2
72482,50,5,45,2
72483,64,6,58,2
72484,54,3,51,2
72485,51,4,47,2
72486,54,8,46,2
72487,43,10,33,2
72488,60,7,53,2
72489,54,5,49,2
72490,56,6,50,2
72491,49,6,43,2
72492,59,5,54,2
72493,58,6,52,2
72494,55,4,51,2
72495,48,6,42,2
72496,58,4,54,2
72497,53,10,43,2
72498,62,10,52,2
72499,56,7,49,2
72500,59,9,50,2
72501,64,5,59,2
72502,63,7,56,2
72503,57,7,50,2
72504,53,3,50,2
72505,64,6,58,2
72506,53,8,45,2
72507,46,5,41,2
72508,61,1,60,2
72509,72,9,63,2
72510,62,8,54,2
72511,53,8,45,2
72512,51,9,42,2
72513,66,7,59,2
72514,60,4,56,2
72515,55,5,50,2
72516,53,6,47,2
72517,56,5,51,2
72518,53,1,52,2
72519,57,6,51,2
72520,48,9,39,2
72521,66,9,57,2
72522,66,8,58,2
72523,42,3,39,2
72524,54,4,50,2
72525,59,8,51,2
72526,51,7,44,2
72527,66,12,54,2
72528,49,4,45,2
72529,67,8,59,2
72530,47,4,43,2
72531,44,3,41,2
72532,58,6,52,2
72533,55,9,46,2
72534,77,3,74,2
72535,53,4,49,2
72536,40,6,34,2
72537,54,8,46,2
72538,48,6,42,2
72539,54,5,49,2
72540,58,6,52,2
72541,49,4,45,2
72542,60,6,54,2
72543,60,8,52,2
72544,51,4,47,2
72545,59,4,55,2
72546,50,4,46,2
72547,66,5,61,2
72548,51,4,47,2
72549,45,3,42,2
72550,50,1,49,2
72551,43,6,37,2
72552,61,4,57,2
72553,48,6,42,2
72554,64,8,56,2
72555,60,8,52,2
72556,49,4,45,2
72557,59,10,49,2
72558,69,10,59,2
72559,49,6,43,2
72560,52,7,45,2
72561,55,7,48,2
72562,59,9,50,2
72563,60,4,56,2
72564,53,4,49,2
72565,53,3,50,2
72566,64,11,53,2
72567,51,6,45,2
72568,55,8,47,2
72569,56,15,41,2
72570,40,7,33,2
72571,53,6,47,2
72572,44,3,41,2
72573,43,2,41,2
72574,55,4,51,2
72575,55,5,50,2
72576,47,3,44,2
72577,54,3,51,2
72578,52,6,46,2
72579,66,7,59,2
72580,56,7,49,2
72581,62,6,56,2
72582,52,6,46,2
72583,47,5,42,2
72584,60,6,54,2
72585,45,5,40,2
72586,59,5,54,2
72587,42,6,36,2
72588,64,9,55,2
72589,62,9,53,2
72590,52,10,42,2
72591,54,8,46,2
72592,50,8,42,2
72593,46,3,43,2
72594,56,7,49,2
72595,60,7,53,2
72596,68,7,61,2
72597,50,8,42,2
72598,57,9,48,2
72599,57,5,52,2
72600,41,10,31,2
72601,59,6,53,2
72602,65,8,57,2
72603,73,11,62,2
72604,60,7,53,2
72605,54,3,51,2
72606,56,5,51,2
72607,52,6,46,2
72608,61,6,55,2
72609,62,12,50,2
72610,44,4,40,2
72611,56,5,51,2
72612,41,6,35,2
72613,63,3,60,2
72614,57,6,51,2
72615,61,4,57,2
72616,45,3,42,2
72617,63,9,54,2
72618,58,8,50,2
72619,53,7,46,2
72620,55,3,52,2
72621,51,7,44,2
72622,50,9,41,2
72623,53,4,49,2
72624,47,4,43,2
72625,45,7,38,2
72626,45,5,40,2
72627,54,4,50,2
72628,49,1,48,2
72629,51,6,45,2
72630,48,5,43,2
72631,42,6,36,2
72632,53,5,48,2
72633,61,3,58,2
72634,56,4,52,2
72635,43,2,41,2
72636,58,6,52,2
72637,60,7,53,2
72638,52,6,46,2
72639,64,8,56,2
72640,47,6,41,2
72641,50,2,48,2
72642,61,4,57,2
72643,57,11,46,2
72644,60,3,57,2
72645,56,9,47,2
72646,51,9,42,2
72647,46,4,42,2
72648,49,8,41,2
72649,49,3,46,2
72650,53,5,48,2
72651,50,9,41,2
72652,59,11,48,2
72653,72,10,62,2
72654,50,4,46,2
72655,58,7,51,2
72656,40,6,34,2
72657,50,6,44,2
72658,64,4,60,2
72659,59,6,53,2
72660,51,4,47,2
72661,54,4,50,2
72662,47,9,38,2
72663,51,4,47,2
72664,54,4,50,2
72665,63,7,56,2
72666,60,10,50,2
72667,62,4,58,2
72668,55,10,45,2
72669,57,11,46,2
72670,55,5,50,2
72671,54,2,52,2
72672,51,5,46,2
72673,53,5,48,2
72674,58,2,56,2
72675,55,9,46,2
72676,60,7,53,2
72677,59,14,45,2
72678,55,8,47,2
72679,55,8,47,2
72680,64,4,60,2
72681,51,7,44,2
72682,55,2,53,2
72683,55,4,51,2
72684,55,6,49,2
72685,48,4,44,2
72686,51,6,45,2
72687,44,4,40,2
72688,55,6,49,2
72689,48,4,44,2
72690,64,1,63,2
72691,67,10,57,2
72692,61,6,55,2
72693,44,4,40,2
72694,53,6,47,2
72695,73,10,63,2
72696,48,7,41,2
72697,58,7,51,2
72698,71,8,63,2
72699,54,10,44,2
72700,63,10,53,2
72701,61,8,53,2
72702,56,5,51,2
72703,64,7,57,2
72704,52,7,45,2
72705,48,4,44,2
72706,65,9,56,2
72707,44,8,36,2
72708,63,7,56,2
72709,58,7,51,2
72710,48,9,39,2
72711,51,5,46,2
72712,51,8,43,2
72713,43,5,38,2
72714,52,5,47,2
72715,50,5,45,2
72716,47,6,41,2
72717,55,5,50,2
72718,53,8,45,2
72719,48,5,43,2
72720,56,4,52,2
72721,53,6,47,2
72722,67,6,61,2
72723,60,9,51,2
72724,63,5,58,2
72725,62,8,54,2
72726,60,6,54,2
72727,69,9,60,2
72728,60,3,57,2
72729,45,8,37,2
72730,71,6,65,2
72731,62,2,60,2
72732,53,10,43,2
72733,42,9,33,2
72734,56,6,50,2
72735,49,6,43,2
72736,57,2,55,2
72737,68,3,65,2
72738,48,5,43,2
72739,51,4,47,2
72740,52,8,44,2
72741,50,2,48,2
72742,45,6,39,2
72743,50,8,42,2
72744,51,6,45,2
72745,55,9,46,2
72746,46,5,41,2
72747,59,3,56,2
72748,48,9,39,2
72749,55,7,48,2
72750,56,6,50,2
72751,58,12,46,2
72752,57,9,48,2
72753,60,5,55,2
72754,59,11,48,2
72755,50,6,44,2
72756,52,6,46,2
72757,35,3,32,2
72758,55,11,44,2
72759,53,5,48,2
72760,50,4,46,2
72761,53,9,44,2
72762,51,4,47,2
72763,52,6,46,2
72764,52,6,46,2
72765,63,8,55,2
72766,59,12,47,2
72767,56,6,50,2
72768,61,9,52,2
72769,47,4,43,2
72770,70,10,60,2
72771,57,6,51,2
72772,61,7,54,2
72773,51,7,44,2
72774,50,14,36,2
72775,50,4,46,2
72776,53,8,45,2
72777,53,5,48,2
72778,54,3,51,2
72779,58,12,46,2
72780,43,9,34,2
72781,48,7,41,2
72782,58,8,50,2
72783,64,4,60,2
72784,64,5,59,2
72785,49,1,48,2
72786,59,7,52,2
72787,60,13,47,2
72788,47,3,44,2
72789,68,6,62,2
72790,48,5,43,2
72791,55,6,49,2
72792,50,7,43,2
72793,35,5,30,2
72794,65,5,60,2
72795,55,7,48,2
72796,61,8,53,2
72797,57,9,48,2
72798,54,6,48,2
72799,63,9,54,2
72800,47,3,44,2
72801,43,7,36,2
72802,62,6,56,2
72803,51,7,44,2
72804,55,4,51,2
72805,58,7,51,2
72806,55,5,50,2
72807,52,7,45,2
72808,52,5,47,2
72809,64,9,55,2
72810,57,10,47,2
72811,48,8,40,2
72812,56,10,46,2
72813,47,7,40,2
72814,61,9,52,2
72815,56,7,49,2
72816,59,6,53,2
72817,59,10,49,2
72818,52,8,44,2
72819,50,5,45,2
72820,52,7,45,2
72821,50,11,39,2
72822,56,5,51,2
72823,54,10,44,2
72824,49,4,45,2
72825,58,7,51,2
72826,44,3,41,2
72827,56,7,49,2
72828,46,3,43,2
72829,44,5,39,2
72830,72,3,69,2
72831,50,5,45,2
72832,67,6,61,2
72833,64,8,56,2
72834,55,11,44,2
72835,54,2,52,2
72836,54,10,44,2
72837,64,10,54,2
72838,48,5,43,2
72839,57,3,54,2
72840,47,7,40,2
72841,50,6,44,2
72842,55,8,47,2
72843,49,5,44,2
72844,62,9,53,2
72845,56,9,47,2
72846,49,6,43,2
72847,56,8,48,2
72848,53,10,43,2
72849,47,4,43,2
72850,61,8,53,2
72851,50,4,46,2
72852,60,5,55,2
72853,52,3,49,2
72854,51,9,42,2
72855,49,8,41,2
72856,43,9,34,2
72857,51,8,43,2
72858,50,6,44,2
72859,49,3,46,2
72860,49,11,38,2
72861,49,8,41,2
72862,59,9,50,2
72863,43,4,39,2
72864,42,2,40,2
72865,58,5,53,2
72866,47,9,38,2
72867,47,7,40,2
72868,51,6,45,2
72869,53,9,44,2
72870,63,13,50,2
72871,44,6,38,2
72872,57,5,52,2
72873,59,7,52,2
72874,60,8,52,2
72875,61,6,55,2
72876,49,7,42,2
72877,54,5,49,2
72878,48,7,41,2
72879,59,5,54,2
72880,55,5,50,2
72881,48,6,42,2
72882,43,7,36,2
72883,71,5,66,2
72884,53,6,47,2
72885,57,7,50,2
72886,53,8,45,2
72887,44,3,41,2
72888,51,7,44,2
72889,58,6,52,2
72890,53,8,45,2
72891,63,7,56,2
72892,69,11,58,2
72893,53,5,48,2
72894,67,6,61,2
72895,61,4,57,2
72896,55,4,51,2
72897,53,4,49,2
72898,56,7,49,2
72899,56,5,51,2
72900,60,7,53,2
72901,50,1,49,2
72902,55,4,51,2
72903,64,7,57,2
72904,55,2,53,2
72905,69,8,61,2
72906,65,14,51,2
72907,67,9,58,2
72908,66,3,63,2
72909,38,4,34,2
72910,50,7,43,2
72911,55,6,49,2
72912,68,5,63,2
72913,49,5,44,2
72914,58,10,48,2
72915,63,12,51,2
72916,65,4,61,2
72917,54,7,47,2
72918,62,6,56,2
72919,59,6,53,2
72920,61,5,56,2
72921,64,3,61,2
72922,59,2,57,2
72923,65,6,59,2
72924,49,2,47,2
72925,60,7,53,2
72926,67,7,60,2
72927,47,3,44,2
72928,45,6,39,2
72929,53,8,45,2
72930,59,8,51,2
72931,60,4,56,2
72932,59,6,53,2
72933,64,5,59,2
72934,68,5,63,2
72935,50,6,44,2
72936,50,5,45,2
72937,60,3,57,2
72938,51,8,43,2
72939,49,6,43,2
72940,51,6,45,2
72941,58,6,52,2
72942,63,12,51,2
72943,54,8,46,2
72944,61,4,57,2
72945,37,6,31,2
72946,52,5,47,2
72947,61,4,57,2
72948,59,6,53,2
72949,59,11,48,2
72950,57,7,50,2
72951,54,8,46,2
72952,56,8,48,2
72953,47,5,42,2
72954,62,11,51,2
72955,63,3,60,2
72956,51,5,46,2
72957,54,12,42,2
72958,54,6,48,2
72959,46,7,39,2
72960,56,8,48,2
72961,57,7,50,2
72962,51,8,43,2
72963,65,11,54,2
72964,57,7,50,2
72965,56,7,49,2
72966,58,5,53,2
72967,59,8,51,2
72968,62,6,56,2
72969,53,4,49,2
72970,45,6,39,2
72971,39,9,30,2
72972,54,6,48,2
72973,36,8,28,2
72974,58,8,50,2
72975,61,5,56,2
72976,65,4,61,2
72977,48,5,43,2
72978,48,8,40,2
72979,57,11,46,2
72980,53,8,45,2
72981,56,8,48,2
72982,54,8,46,2
72983,62,4,58,2
72984,53,6,47,2
72985,69,6,63,2
72986,58,7,51,2
72987,48,5,43,2
72988,56,3,53,2
72989,46,5,41,2
72990,56,8,48,2
72991,58,7,51,2
72992,51,4,47,2
72993,64,8,56,2
72994,47,8,39,2
72995,49,7,42,2
72996,42,2,40,2
72997,52,7,45,2
72998,46,4,42,2
72999,56,8,48,2
73000,49,6,43,2
73001,61,5,56,2
73002,57,11,46,2
73003,59,8,51,2
73004,64,7,57,2
73005,58,4,54,2
73006,57,6,51,2
73007,50,11,39,2
73008,63,5,58,2
73009,59,5,54,2
73010,50,4,46,2
73011,44,8,36,2
73012,53,11,42,2
73013,58,7,51,2
73014,59,9,50,2
73015,65,8,57,2
73016,42,9,33,2
73017,62,10,52,2
73018,54,3,51,2
73019,58,8,50,2
73020,51,5,46,2
73021,46,5,41,2
73022,57,5,52,2
73023,53,12,41,2
73024,55,6,49,2
73025,53,4,49,2
73026,63,7,56,2
73027,59,7,52,2
73028,49,6,43,2
73029,48,6,42,2
73030,62,5,57,2
73031,46,4,42,2
73032,61,9,52,2
73033,60,10,50,2
73034,44,3,41,2
73035,52,2,50,2
73036,42,5,37,2
73037,39,3,36,2
73038,48,6,42,2
73039,52,7,45,2
73040,47,8,39,2
73041,55,8,47,2
73042,52,6,46,2
73043,52,6,46,2
73044,56,6,50,2
73045,56,5,51,2
73046,53,4,49,2
73047,39,5,34,2
73048,47,4,43,2
73049,58,8,50,2
73051,60,5,55,2
73052,50,11,39,2
73053,50,4,46,2
73054,44,5,39,2
73055,48,5,43,2
73056,46,2,44,2
73057,49,7,42,2
73058,60,7,53,2
73059,55,11,44,2
73060,63,8,55,2
73061,60,7,53,2
73062,44,7,37,2
73063,53,7,46,2
73064,43,5,38,2
73065,61,6,55,2
73066,51,6,45,2
73067,61,4,57,2
73068,62,8,54,2
73069,64,10,54,2
73070,46,9,37,2
73071,49,2,47,2
73072,72,9,63,2
73073,68,12,56,2
73074,47,4,43,2
73075,57,6,51,2
73076,44,6,38,2
73077,42,3,39,2
73078,55,5,50,2
73079,67,8,59,2
73080,48,4,44,2
73081,56,3,53,2
73082,63,8,55,2
73083,71,8,63,2
73084,48,10,38,2
73085,58,5,53,2
73086,46,6,40,2
73087,67,6,61,2
73088,48,6,42,2
73089,46,9,37,2
73090,51,9,42,2
73091,44,6,38,2
73092,68,7,61,2
73093,54,4,50,2
73094,49,10,39,2
73095,56,7,49,2
73096,66,5,61,2
73097,51,8,43,2
73098,52,3,49,2
73099,50,6,44,2
73100,48,6,42,2
73101,70,9,61,2
73102,60,7,53,2
73103,39,7,32,2
73104,64,7,57,2
73105,52,6,46,2
73106,54,10,44,2
73107,60,16,44,2
73108,31,8,23,2
73109,59,8,51,2
73110,52,7,45,2
73111,49,3,46,2
73112,47,6,41,2
73113,43,4,39,2
73114,51,5,46,2
73115,64,4,60,2
73116,48,5,43,2
73117,48,10,38,2
73118,53,6,47,2
73119,59,7,52,2
73120,45,6,39,2
73121,54,4,50,2
73122,54,6,48,2
73123,45,3,42,2
73124,53,5,48,2
73125,57,12,45,2
73126,56,8,48,2
73127,49,7,42,2
73128,61,6,55,2
73129,53,10,43,2
73130,58,9,49,2
73131,55,4,51,2
73132,60,10,50,2
73133,65,9,56,2
73134,60,6,54,2
73135,50,4,46,2
73136,68,11,57,2
73137,64,8,56,2
73138,56,9,47,2
73139,64,12,52,2
73140,48,3,45,2
73141,31,3,28,2
73142,61,5,56,2
73143,58,5,53,2
73144,50,6,44,2
73145,41,5,36,2
73146,58,7,51,2
73147,58,7,51,2
73148,42,7,35,2
73149,64,4,60,2
73150,47,4,43,2
73151,74,11,63,2
73152,62,10,52,2
73153,63,5,58,2
73154,61,5,56,2
73155,47,3,44,2
73156,51,5,46,2
73157,45,7,38,2
73158,58,8,50,2
73159,63,9,54,2
73160,58,11,47,2
73161,78,6,72,2
73162,59,7,52,2
73163,60,5,55,2
73164,48,5,43,2
73165,55,3,52,2
73166,46,5,41,2
73167,57,6,51,2
73168,58,6,52,2
73169,44,6,38,2
73170,53,8,45,2
73171,49,9,40,2
73172,51,7,44,2
73173,49,3,46,2
73174,44,8,36,2
73175,47,8,39,2
73176,51,9,42,2
73177,63,7,56,2
73178,48,2,46,2
73179,57,11,46,2
73180,55,8,47,2
73181,47,5,42,2
73182,58,7,51,2
73183,48,5,43,2
73184,53,8,45,2
73185,63,15,48,2
73186,51,5,46,2
73187,59,4,55,2
73188,62,7,55,2
73189,49,4,45,2
73190,57,7,50,2
73191,41,3,38,2
73192,57,6,51,2
73193,57,4,53,2
73194,48,1,47,2
73195,52,6,46,2
73196,54,9,45,2
73197,58,8,50,2
73198,46,4,42,2
73199,50,6,44,2
73200,62,8,54,2
73201,66,9,57,2
73202,58,6,52,2
73203,43,8,35,2
73204,63,5,58,2
73205,60,11,49,2
73206,60,8,52,2
73207,63,6,57,2
73208,49,9,40,2
73209,56,4,52,2
73210,48,4,44,2
73211,61,9,52,2
73212,65,14,51,2
73213,57,8,49,2
73214,48,5,43,2
73215,42,4,38,2
73216,55,8,47,2
73217,55,4,51,2
73218,56,12,44,2
73219,73,11,62,2
73220,57,3,54,2
73221,64,4,60,2
73222,56,5,51,2
73223,51,6,45,2
73224,62,11,51,2
73225,53,6,47,2
73226,59,7,52,2
73227,70,8,62,2
73228,63,8,55,2
73229,48,8,40,2
73230,58,4,54,2
73231,45,4,41,2
73232,53,5,48,2
73233,62,8,54,2
73234,56,4,52,2
73235,42,5,37,2
73236,73,12,61,2
73237,42,3,39,2
73238,53,6,47,2
73239,58,7,51,2
73240,58,11,47,2
73241,52,8,44,2
73243,49,3,46,2
73244,40,5,35,2
73245,37,5,32,2
73246,47,5,42,2
73247,51,4,47,2
73248,51,2,49,2
73249,55,7,48,2
73250,50,8,42,2
73251,49,10,39,2
73252,55,9,46,2
73253,49,7,42,2
73254,49,3,46,2
73255,62,8,54,2
73256,40,4,36,2
73257,62,9,53,2
73258,58,8,50,2
73259,50,3,47,2
73260,64,10,54,2
73261,59,4,55,2
73262,57,6,51,2
73263,43,4,39,2
73264,47,7,40,2
73265,42,4,38,2
73266,57,6,51,2
73267,54,6,48,2
73268,47,6,41,2
73269,46,7,39,2
73270,52,4,48,2
73271,42,2,40,2
73272,65,7,58,2
73273,59,8,51,2
73274,59,10,49,2
73275,56,5,51,2
73276,48,2,46,2
73277,55,3,52,2
73278,62,13,49,2
73279,59,9,50,2
73280,54,4,50,2
73281,44,5,39,2
73282,49,8,41,2
73283,41,6,35,2
73284,53,8,45,2
73285,46,5,41,2
73286,57,9,48,2
73287,51,4,47,2
73288,47,7,40,2
73289,51,9,42,2
73290,49,8,41,2
73291,48,5,43,2
73292,42,3,39,2
73293,52,12,40,2
73294,49,8,41,2
73295,47,3,44,2
73296,54,3,51,2
73297,63,6,57,2
73298,76,8,68,2
73299,54,10,44,2
73300,58,7,51,2
73301,59,5,54,2
73302,57,5,52,2
73303,49,5,44,2
73304,66,6,60,2
73305,40,6,34,2
73306,65,1,64,2
73307,71,3,68,2
73308,56,10,46,2
73309,58,4,54,2
73310,69,11,58,2
73311,64,6,58,2
73312,62,9,53,2
73313,59,7,52,2
73314,70,6,64,2
73315,40,5,35,2
73316,55,4,51,2
73317,47,5,42,2
73318,52,10,42,2
73319,43,5,38,2
73320,59,6,53,2
73321,58,8,50,2
73322,60,6,54,2
73323,46,5,41,2
73324,59,6,53,2
73325,60,4,56,2
73326,58,5,53,2
73327,54,6,48,2
73328,47,6,41,2
73329,55,4,51,2
73330,45,6,39,2
73331,45,4,41,2
73332,51,5,46,2
73333,66,8,58,2
73334,57,11,46,2
73335,56,7,49,2
73336,60,8,52,2
73337,52,8,44,2
73338,51,8,43,2
73339,66,10,56,2
73340,47,2,45,2
73341,58,8,50,2
73342,71,8,63,2
73343,55,9,46,2
73344,53,6,47,2
73345,50,7,43,2
73346,56,6,50,2
73347,61,3,58,2
73348,56,8,48,2
73349,57,6,51,2
73350,50,8,42,2
73351,60,5,55,2
73352,47,4,43,2
73353,61,8,53,2
73354,45,5,40,2
73355,64,9,55,2
73356,64,6,58,2
73357,56,3,53,2
73358,54,8,46,2
73359,53,7,46,2
73360,49,6,43,2
73361,50,7,43,2
73362,52,6,46,2
73363,63,6,57,2
73364,48,4,44,2
73365,60,6,54,2
73366,53,5,48,2
73367,49,6,43,2
73368,52,6,46,2
73369,48,4,44,2
73370,54,4,50,2
73371,60,4,56,2
73372,54,10,44,2
73373,59,10,49,2
73374,57,5,52,2
73376,46,4,42,2
73377,59,12,47,2
73378,48,6,42,2
73379,63,11,52,2
73380,50,5,45,2
73381,62,12,50,2
73382,68,9,59,2
73383,47,5,42,2
73384,54,6,48,2
73385,63,6,57,2
73386,59,7,52,2
73387,60,9,51,2
73388,57,4,53,2
73389,51,4,47,2
73390,48,8,40,2
73391,63,8,55,2
73392,67,9,58,2
73393,52,6,46,2
73394,60,5,55,2
73395,54,10,44,2
73396,63,8,55,2
73397,66,4,62,2
73398,57,6,51,2
73399,68,10,58,2
73400,67,10,57,2
73401,32,1,31,2
73402,59,9,50,2
73403,54,8,46,2
73404,57,12,45,2
73405,43,6,37,2
73406,58,4,54,2
73407,63,9,54,2
73408,47,5,42,2
73409,68,8,60,2
73410,59,7,52,2
73411,66,11,55,2
73412,51,5,46,2
73413,46,7,39,2
73414,60,4,56,2
73415,69,11,58,2
73416,55,9,46,2
73417,68,8,60,2
73418,56,7,49,2
73419,61,3,58,2
73420,51,9,42,2
73421,61,8,53,2
73422,61,6,55,2
73423,48,6,42,2
73424,68,10,58,2
73425,49,8,41,2
73426,65,17,48,2
73427,50,7,43,2
73428,44,5,39,2
73429,53,5,48,2
73430,47,8,39,2
73431,60,4,56,2
73432,53,5,48,2
73433,59,10,49,2
73434,58,4,54,2
73435,60,6,54,2
73436,57,5,52,2
73437,45,8,37,2
73438,49,2,47,2
73439,61,7,54,2
73440,51,3,48,2
73441,63,6,57,2
73442,55,5,50,2
73443,51,4,47,2
73444,58,11,47,2
73445,49,4,45,2
73446,50,6,44,2
73447,51,4,47,2
73448,45,7,38,2
73449,69,5,64,2
73450,49,4,45,2
73451,46,5,41,2
73452,51,3,48,2
73453,51,4,47,2
73454,51,4,47,2
73455,48,6,42,2
73456,51,7,44,2
73457,38,5,33,2
73458,44,7,37,2
73459,43,5,38,2
73460,53,8,45,2
73461,59,7,52,2
73462,49,8,41,2
73463,62,8,54,2
73464,46,7,39,2
73465,68,9,59,2
73466,54,8,46,2
73467,50,5,45,2
73468,59,4,55,2
73469,56,6,50,2
73470,67,11,56,2
73471,65,9,56,2
73472,65,9,56,2
73473,48,7,41,2
73474,77,13,64,2
73475,52,3,49,2
73476,55,3,52,2
73477,59,7,52,2
73478,53,9,44,2
73479,65,8,57,2
73480,59,6,53,2
73481,54,4,50,2
73482,53,7,46,2
73483,55,6,49,2
73484,56,7,49,2
73486,34,7,27,2
73487,54,4,50,2
73488,66,8,58,2
73489,52,5,47,2
73490,51,6,45,2
73491,41,6,35,2
73492,51,8,43,2
73493,52,3,49,2
73494,58,5,53,2
73495,57,3,54,2
73496,42,3,39,2
73497,43,7,36,2
73498,69,8,61,2
73499,70,4,66,2
73500,58,9,49,2
73501,65,8,57,2
73502,49,3,46,2
73503,49,4,45,2
73504,57,8,49,2
73505,64,4,60,2
73506,53,5,48,2
73507,42,4,38,2
73508,48,5,43,2
73509,51,6,45,2
73510,61,14,47,2
73511,70,11,59,2
73512,48,5,43,2
73513,71,8,63,2
73514,50,5,45,2
73515,52,6,46,2
73516,65,9,56,2
73517,62,4,58,2
73518,64,8,56,2
73519,66,8,58,2
73520,53,4,49,2
73521,60,6,54,2
73522,56,5,51,2
73523,53,10,43,2
73524,43,7,36,2
73525,53,11,42,2
73526,57,2,55,2
73527,54,7,47,2
73528,42,7,35,2
73529,56,4,52,2
73530,56,3,53,2
73531,57,7,50,2
73532,45,10,35,2
73533,62,9,53,2
73534,59,3,56,2
73535,63,3,60,2
73536,55,3,52,2
73537,51,8,43,2
73538,73,11,62,2
73539,40,10,30,2
73540,68,8,60,2
73541,46,2,44,2
73542,45,3,42,2
73543,45,6,39,2
73544,67,9,58,2
73545,48,4,44,2
73546,62,6,56,2
73547,50,13,37,2
73548,46,6,40,2
73549,51,6,45,2
73550,72,5,67,2
73551,53,7,46,2
73552,61,11,50,2
73553,66,11,55,2
73554,52,7,45,2
73555,60,7,53,2
73556,51,4,47,2
73557,64,8,56,2
73558,60,7,53,2
73559,54,6,48,2
73560,68,9,59,2
73561,62,9,53,2
73562,56,7,49,2
73563,48,7,41,2
73564,52,4,48,2
73565,59,7,52,2
73566,52,13,39,2
73567,41,5,36,2
73568,46,6,40,2
73569,53,6,47,2
73570,55,6,49,2
73571,54,9,45,2
73572,65,5,60,2
73573,63,9,54,2
73574,61,11,50,2
73575,64,7,57,2
73576,57,5,52,2
73577,46,2,44,2
73578,42,5,37,2
73579,65,6,59,2
73580,51,9,42,2
73581,59,6,53,2
73582,54,9,45,2
73583,51,7,44,2
73584,46,9,37,2
73585,56,8,48,2
73586,60,3,57,2
73587,56,7,49,2
73588,55,4,51,2
73589,49,3,46,2
73590,55,5,50,2
73591,47,4,43,2
73592,49,7,42,2
73593,48,5,43,2
73594,57,7,50,2
73595,45,3,42,2
73596,51,11,40,2
73597,47,2,45,2
73598,64,6,58,2
73599,39,1,38,2
73600,47,5,42,2
73601,47,5,42,2
73602,53,8,45,2
73603,42,6,36,2
73604,57,8,49,2
73605,46,3,43,2
73606,54,10,44,2
73607,56,9,47,2
73608,63,5,58,2
73609,56,7,49,2
73610,50,12,38,2
73611,52,10,42,2
73612,70,12,58,2
73613,78,10,68,2
73614,50,6,44,2
73615,57,7,50,2
73616,53,8,45,2
73617,50,2,48,2
73618,57,6,51,2
73619,57,3,54,2
73620,59,7,52,2
73621,51,11,40,2
73622,42,8,34,2
73623,53,9,44,2
73624,47,8,39,2
73625,51,6,45,2
73626,45,6,39,2
73627,49,6,43,2
73628,45,8,37,2
73629,52,5,47,2
73630,56,8,48,2
73631,48,7,41,2
73632,47,5,42,2
73633,46,4,42,2
73634,40,5,35,2
73635,48,6,42,2
73636,49,2,47,2
73637,56,9,47,2
73638,53,5,48,2
73639,59,4,55,2
73640,45,5,40,2
73641,50,3,47,2
73642,44,3,41,2
73643,62,7,55,2
73644,64,2,62,2
73645,50,9,41,2
73646,50,5,45,2
73647,60,7,53,2
73648,52,8,44,2
73649,64,11,53,2
73650,57,10,47,2
73651,60,5,55,2
73652,47,6,41,2
73653,54,8,46,2
73654,53,10,43,2
73655,55,2,53,2
73656,48,7,41,2
73657,59,3,56,2
73658,52,5,47,2
73659,48,4,44,2
73660,49,6,43,2
73661,52,5,47,2
73662,50,8,42,2
73663,60,9,51,2
73664,54,7,47,2
73665,53,3,50,2
73666,71,10,61,2
73667,55,3,52,2
73668,59,8,51,2
73669,47,6,41,2
73670,52,4,48,2
73671,57,7,50,2
73672,40,2,38,2
73673,42,5,37,2
73674,57,5,52,2
73675,58,9,49,2
73676,53,1,52,2
73677,59,4,55,2
73678,46,7,39,2
73679,54,6,48,2
73680,46,7,39,2
73681,48,6,42,2
73682,62,16,46,2
73683,49,1,48,2
73684,67,3,64,2
73685,57,4,53,2
73686,50,4,46,2
73687,49,9,40,2
73688,59,4,55,2
73689,38,5,33,2
73690,44,4,40,2
73691,53,6,47,2
73692,65,10,55,2
73693,50,5,45,2
73694,44,7,37,2
73695,49,7,42,2
73696,58,5,53,2
73697,57,7,50,2
73698,68,4,64,2
73699,50,10,40,2
73700,49,4,45,2
73701,54,7,47,2
73702,64,6,58,2
73703,58,8,50,2
73704,63,9,54,2
73705,63,7,56,2
73706,53,9,44,2
73707,64,6,58,2
73708,47,4,43,2
73709,57,8,49,2
73710,72,5,67,2
73711,52,3,49,2
73712,53,6,47,2
73713,49,8,41,2
73714,55,6,49,2
73715,58,11,47,2
73716,45,4,41,2
73717,44,7,37,2
73718,51,6,45,2
73719,53,4,49,2
73720,60,9,51,2
73721,45,9,36,2
73722,58,5,53,2
73723,48,3,45,2
73724,66,6,60,2
73725,57,5,52,2
73726,50,7,43,2
73727,44,5,39,2
73728,44,4,40,2
73729,59,7,52,2
73730,46,2,44,2
73731,50,5,45,2
73732,61,7,54,2
73733,58,12,46,2
73734,60,6,54,2
73735,63,6,57,2
73736,44,8,36,2
73737,51,5,46,2
73738,55,5,50,2
73739,49,10,39,2
73740,62,7,55,2
73741,62,3,59,2
73742,75,14,61,2
73743,50,6,44,2
73744,52,6,46,2
73745,58,7,51,2
73746,52,7,45,2
73747,57,6,51,2
73748,60,7,53,2
73749,65,6,59,2
73750,49,5,44,2
73751,52,9,43,2
73752,47,6,41,2
73753,67,7,60,2
73754,58,9,49,2
73755,54,5,49,2
73756,52,6,46,2
73757,53,9,44,2
73758,68,3,65,2
73759,51,3,48,2
73760,60,11,49,2
73761,49,7,42,2
73762,45,6,39,2
73763,61,12,49,2
73764,42,6,36,2
73765,43,8,35,2
73766,48,3,45,2
73767,45,3,42,2
73768,77,6,71,2
73769,63,2,61,2
73770,45,5,40,2
73771,45,7,38,2
73772,39,2,37,2
73773,63,4,59,2
73774,50,5,45,2
73775,44,6,38,2
73776,67,11,56,2
73777,51,7,44,2
73778,70,11,59,2
73779,59,6,53,2
73780,61,9,52,2
73781,58,8,50,2
73782,60,9,51,2
73783,38,5,33,2
73784,52,6,46,2
73785,62,13,49,2
73786,47,6,41,2
73787,48,4,44,2
73788,59,9,50,2
73789,43,4,39,2
73790,54,10,44,2
73791,54,7,47,2
73792,61,8,53,2
73793,52,10,42,2
73794,49,4,45,2
73795,51,8,43,2
73796,48,3,45,2
73797,53,8,45,2
73798,61,9,52,2
73799,61,11,50,2
73800,62,7,55,2
73801,58,9,49,2
73802,55,8,47,2
73803,64,9,55,2
73804,63,10,53,2
73805,55,5,50,2
73806,58,3,55,2
73807,64,11,53,2
73808,53,1,52,2
73809,43,3,40,2
73810,50,6,44,2
73811,50,6,44,2
73812,66,6,60,2
73813,47,10,37,2
73814,57,9,48,2
73815,65,10,55,2
73816,60,8,52,2
73817,54,3,51,2
73818,53,4,49,2
73819,52,7,45,2
73820,67,13,54,2
73821,59,14,45,2
73822,56,4,52,2
73823,59,7,52,2
73824,48,3,45,2
73825,45,8,37,2
73826,60,5,55,2
73827,53,5,48,2
73828,55,4,51,2
73829,62,6,56,2
73830,63,6,57,2
73831,52,4,48,2
73832,57,8,49,2
73833,53,6,47,2
73834,39,6,33,2
73835,52,9,43,2
73836,51,4,47,2
73837,51,5,46,2
73838,66,9,57,2
73839,53,8,45,2
73840,53,6,47,2
73841,57,10,47,2
73842,54,7,47,2
73843,60,6,54,2
73844,59,5,54,2
73845,57,9,48,2
73846,74,11,63,2
73847,57,6,51,2
73848,54,8,46,2
73849,54,4,50,2
73850,49,5,44,2
73851,52,12,40,2
73852,52,8,44,2
73853,50,5,45,2
73854,53,12,41,2
73855,48,2,46,2
73856,51,6,45,2
73857,55,6,49,2
73858,63,9,54,2
73859,56,10,46,2
73860,72,9,63,2
73861,56,8,48,2
73862,58,11,47,2
73863,64,4,60,2
73864,44,6,38,2
73865,52,4,48,2
73866,41,5,36,2
73867,60,5,55,2
73868,61,5,56,2
73869,70,6,64,2
73870,57,6,51,2
73871,45,7,38,2
73872,58,7,51,2
73873,65,3,62,2
73874,55,4,51,2
73875,59,10,49,2
73876,45,5,40,2
73877,58,4,54,2
73878,48,9,39,2
73879,57,7,50,2
73880,34,3,31,2
73881,55,6,49,2
73882,75,6,69,2
73883,44,8,36,2
73884,49,4,45,2
73885,46,4,42,2
73886,54,3,51,2
73887,55,5,50,2
73888,46,6,40,2
73889,51,5,46,2
73890,54,9,45,2
73891,54,2,52,2
73892,46,2,44,2
73893,56,6,50,2
73894,42,2,40,2
73895,54,10,44,2
73896,60,8,52,2
73897,59,5,54,2
73898,58,6,52,2
73899,56,10,46,2
73900,53,8,45,2
73901,44,7,37,2
73902,56,6,50,2
73903,68,8,60,2
73904,51,12,39,2
73905,57,9,48,2
73906,64,9,55,2
73907,39,3,36,2
73908,51,8,43,2
73909,47,3,44,2
73910,54,11,43,2
73911,53,8,45,2
73912,58,3,55,2
73913,54,11,43,2
73914,44,9,35,2
73915,55,9,46,2
73916,68,13,55,2
73917,52,5,47,2
73918,62,8,54,2
73919,39,2,37,2
73920,55,4,51,2
73921,58,6,52,2
73922,57,5,52,2
73923,50,5,45,2
73924,62,8,54,2
73925,52,8,44,2
73926,49,3,46,2
73927,53,8,45,2
73928,57,4,53,2
73929,45,5,40,2
73930,68,15,53,2
73931,67,7,60,2
73932,44,7,37,2
73933,59,4,55,2
73934,54,8,46,2
73935,74,7,67,2
73936,58,6,52,2
73937,53,6,47,2
73938,65,9,56,2
73939,50,5,45,2
73940,48,6,42,2
73941,56,7,49,2
73942,44,8,36,2
73943,60,4,56,2
73944,33,3,30,2
73945,52,4,48,2
73946,51,5,46,2
73947,58,4,54,2
73948,45,2,43,2
73949,36,3,33,2
73950,57,5,52,2
73951,48,7,41,2
73952,53,1,52,2
73953,45,3,42,2
73954,58,10,48,2
73955,65,8,57,2
73956,67,8,59,2
73957,58,10,48,2
73958,59,7,52,2
73959,50,6,44,2
73960,52,4,48,2
73961,70,9,61,2
73962,47,5,42,2
73963,61,7,54,2
73964,56,4,52,2
73965,77,9,68,2
73966,58,7,51,2
73967,67,3,64,2
73968,62,10,52,2
73969,55,6,49,2
73970,52,6,46,2
73971,57,6,51,2
73972,49,7,42,2
73973,62,7,55,2
73974,54,8,46,2
73975,67,14,53,2
73976,64,5,59,2
73977,52,7,45,2
73978,55,6,49,2
73979,43,4,39,2
73980,44,5,39,2
73981,52,7,45,2
73982,70,10,60,2
73983,55,5,50,2
73984,56,7,49,2
73985,58,12,46,2
73986,54,7,47,2
73987,54,7,47,2
73988,54,9,45,2
73989,56,3,53,2
73990,40,2,38,2
73991,59,7,52,2
73992,70,8,62,2
73993,58,7,51,2
73994,53,4,49,2
73995,66,11,55,2
73996,42,5,37,2
73997,49,4,45,2
73998,62,4,58,2
73999,44,6,38,2
74000,51,13,38,2
74001,44,5,39,2
74002,48,2,46,2
74003,58,4,54,2
74004,56,5,51,2
74005,54,5,49,2
74006,51,3,48,2
74007,51,4,47,2
74008,62,12,50,2
74009,63,7,56,2
74010,56,4,52,2
74011,56,10,46,2
74012,52,8,44,2
74013,71,5,66,2
74014,60,9,51,2
74015,53,3,50,2
74016,72,17,55,2
74017,50,6,44,2
74018,47,4,43,2
74019,48,4,44,2
74020,57,9,48,2
74021,56,8,48,2
74022,63,9,54,2
74023,59,6,53,2
74024,52,9,43,2
74025,61,8,53,2
74026,60,1,59,2
74027,51,5,46,2
74028,56,8,48,2
74029,53,3,50,2
74030,60,9,51,2
74031,46,6,40,2
74032,39,4,35,2
74033,52,6,46,2
74034,49,9,40,2
74035,62,5,57,2
74036,49,4,45,2
74037,67,7,60,2
74038,41,8,33,2
74039,52,7,45,2
74040,53,8,45,2
74041,67,9,58,2
74042,55,5,50,2
74043,55,5,50,2
74044,55,11,44,2
74045,53,9,44,2
74046,57,8,49,2
74047,56,5,51,2
74048,48,8,40,2
74049,47,7,40,2
74050,57,5,52,2
74051,37,7,30,2
74052,56,6,50,2
74053,61,7,54,2
74054,62,14,48,2
74055,74,10,64,2
74056,42,5,37,2
74057,58,4,54,2
74058,60,7,53,2
74059,47,5,42,2
74060,40,9,31,2
74061,46,5,41,2
74062,52,11,41,2
74063,40,3,37,2
74064,47,8,39,2
74065,39,3,36,2
74066,60,9,51,2
74067,60,9,51,2
74068,61,15,46,2
74069,63,6,57,2
74070,49,7,42,2
74071,60,5,55,2
74072,49,6,43,2
74073,67,11,56,2
74074,59,6,53,2
74075,45,11,34,2
74076,53,7,46,2
74077,50,6,44,2
74078,66,8,58,2
74079,49,8,41,2
74080,47,5,42,2
74081,53,5,48,2
74082,43,7,36,2
74083,61,7,54,2
74084,56,6,50,2
74085,55,11,44,2
74086,59,8,51,2
74087,57,4,53,2
74088,51,7,44,2
74089,52,8,44,2
74090,56,9,47,2
74091,48,5,43,2
74092,46,7,39,2
74093,49,3,46,2
74094,55,11,44,2
74095,59,5,54,2
74096,63,5,58,2
74097,60,9,51,2
74098,60,6,54,2
74099,68,13,55,2
74100,60,5,55,2
74101,62,8,54,2
74102,51,5,46,2
74103,45,4,41,2
74104,54,5,49,2
74105,61,6,55,2
74106,47,2,45,2
74107,51,7,44,2
74108,63,11,52,2
74109,61,4,57,2
74110,54,9,45,2
74111,55,5,50,2
74112,63,7,56,2
74113,36,3,33,2
74114,68,8,60,2
74115,54,6,48,2
74116,61,8,53,2
74117,56,8,48,2
74118,64,7,57,2
74119,55,2,53,2
74120,58,7,51,2
74121,62,6,56,2
74122,63,12,51,2
74123,59,1,58,2
74124,54,5,49,2
74125,57,5,52,2
74126,61,3,58,2
74127,62,10,52,2
74128,39,6,33,2
74129,47,7,40,2
74130,47,6,41,2
74131,64,7,57,2
74132,71,12,59,2
74133,51,5,46,2
74134,49,7,42,2
74135,44,7,37,2
74136,43,4,39,2
74137,62,11,51,2
74138,44,6,38,2
74139,58,6,52,2
74140,47,10,37,2
74141,58,10,48,2
74142,51,9,42,2
74143,41,8,33,2
74144,42,5,37,2
74145,46,7,39,2
74146,51,7,44,2
74147,51,1,50,2
74148,55,6,49,2
74149,47,6,41,2
74150,43,4,39,2
74151,53,4,49,2
74152,57,3,54,2
74153,51,7,44,2
74154,56,10,46,2
74155,57,7,50,2
74156,50,7,43,2
74157,65,9,56,2
74158,45,7,38,2
74159,72,8,64,2
74160,49,6,43,2
74161,76,7,69,2
74162,62,9,53,2
74163,65,5,60,2
74164,66,6,60,2
74165,51,6,45,2
74166,62,10,52,2
74167,51,11,40,2
74168,58,9,49,2
74169,52,8,44,2
74170,44,10,34,2
74171,58,7,51,2
74172,53,9,44,2
74173,63,5,58,2
74174,58,6,52,2
74175,61,8,53,2
74176,48,7,41,2
74177,51,8,43,2
74178,52,8,44,2
74179,50,4,46,2
74180,58,5,53,2
74181,63,7,56,2
74182,56,10,46,2
74183,54,13,41,2
74184,51,7,44,2
74185,58,3,55,2
74186,44,8,36,2
74187,53,6,47,2
74188,47,6,41,2
74189,64,7,57,2
74190,52,7,45,2
74191,54,7,47,2
74192,61,9,52,2
74193,60,15,45,2
74194,69,5,64,2
74195,42,2,40,2
74196,54,11,43,2
74197,37,6,31,2
74198,57,2,55,2
74199,54,13,41,2
74200,43,4,39,2
74201,49,4,45,2
74202,59,8,51,2
74203,61,10,51,2
74204,50,4,46,2
74205,52,4,48,2
74206,50,5,45,2
74207,43,4,39,2
74208,64,5,59,2
74209,57,3,54,2
74210,65,3,62,2
74211,61,8,53,2
74212,51,3,48,2
74213,54,6,48,2
74214,42,4,38,2
74215,50,10,40,2
74216,53,7,46,2
74217,50,5,45,2
74218,64,9,55,2
74219,67,5,62,2
74220,43,5,38,2
74221,69,9,60,2
74222,52,3,49,2
74223,52,9,43,2
74224,54,7,47,2
74225,42,6,36,2
74226,63,5,58,2
74227,55,13,42,2
74228,39,6,33,2
74229,55,7,48,2
74230,61,5,56,2
74231,54,11,43,2
74232,59,3,56,2
74233,53,8,45,2
74234,50,5,45,2
74235,57,4,53,2
74236,61,8,53,2
74237,40,5,35,2
74238,62,7,55,2
74239,59,8,51,2
74240,61,10,51,2
74241,52,5,47,2
74242,52,7,45,2
74243,66,9,57,2
74244,54,10,44,2
74245,45,5,40,2
74246,51,6,45,2
74247,55,6,49,2
74248,61,7,54,2
74249,61,6,55,2
74250,57,11,46,2
74251,38,1,37,2
74252,50,9,41,2
74253,56,9,47,2
74254,52,11,41,2
74255,68,6,62,2
74256,56,7,49,2
74257,48,4,44,2
74258,48,7,41,2
74259,53,11,42,2
74260,38,4,34,2
74261,57,6,51,2
74262,54,5,49,2
74263,47,3,44,2
74264,63,5,58,2
74265,59,6,53,2
74266,43,4,39,2
74267,48,4,44,2
74268,54,6,48,2
74269,43,8,35,2
74270,61,5,56,2
74271,57,9,48,2
74272,48,2,46,2
74273,42,5,37,2
74274,57,6,51,2
74275,59,10,49,2
74276,65,9,56,2
74277,54,6,48,2
74278,46,5,41,2
74279,61,11,50,2
74280,55,7,48,2
74281,50,3,47,2
74282,67,5,62,2
74283,52,8,44,2
74284,56,6,50,2
74285,65,7,58,2
74287,47,9,38,2
74288,56,7,49,2
74289,63,3,60,2
74290,65,11,54,2
74291,58,12,46,2
74292,56,8,48,2
74293,56,6,50,2
74294,59,6,53,2
74295,61,9,52,2
74296,42,5,37,2
74297,57,13,44,2
74298,55,5,50,2
74299,60,9,51,2
74300,64,6,58,2
74301,52,4,48,2
74302,64,4,60,2
74303,64,9,55,2
74304,43,3,40,2
74305,60,6,54,2
74306,65,9,56,2
74307,55,6,49,2
74308,48,2,46,2
74309,43,7,36,2
74310,57,3,54,2
74311,46,4,42,2
74312,67,9,58,2
74313,46,2,44,2
74314,67,9,58,2
74315,53,7,46,2
74316,59,11,48,2
74317,52,4,48,2
74318,57,10,47,2
74319,69,7,62,2
74320,65,11,54,2
74321,60,10,50,2
74322,54,4,50,2
74323,53,5,48,2
74324,63,10,53,2
74325,37,6,31,2
74326,52,6,46,2
74327,50,8,42,2
74328,54,9,45,2
74329,47,5,42,2
74330,56,7,49,2
74331,64,6,58,2
74332,53,7,46,2
74333,63,6,57,2
74334,60,8,52,2
74335,66,3,63,2
74336,50,4,46,2
74337,54,7,47,2
74338,62,3,59,2
74339,69,8,61,2
74340,54,5,49,2
74341,57,8,49,2
74342,42,4,38,2
74343,58,9,49,2
74344,45,5,40,2
74345,62,8,54,2
74346,58,9,49,2
74347,57,4,53,2
74348,56,5,51,2
74349,61,3,58,2
74350,59,7,52,2
74351,51,8,43,2
74352,46,4,42,2
74353,50,13,37,2
74354,50,6,44,2
74355,48,6,42,2
74356,40,5,35,2
74357,40,4,36,2
74358,51,2,49,2
74359,48,7,41,2
74360,64,7,57,2
74361,54,7,47,2
74362,61,3,58,2
74363,54,5,49,2
74364,49,4,45,2
74365,62,11,51,2
74366,58,8,50,2
74367,48,3,45,2
74368,54,9,45,2
74369,62,6,56,2
74370,51,5,46,2
74371,61,5,56,2
74372,41,4,37,2
74373,61,7,54,2
74374,57,6,51,2
74375,55,7,48,2
74376,52,3,49,2
74377,61,4,57,2
74378,60,9,51,2
74379,49,7,42,2
74380,50,3,47,2
74381,66,7,59,2
74382,68,7,61,2
74383,50,4,46,2
74384,51,5,46,2
74385,57,4,53,2
74386,48,8,40,2
74387,50,6,44,2
74388,55,6,49,2
74389,53,2,51,2
74390,54,4,50,2
74391,49,7,42,2
74392,57,8,49,2
74393,54,14,40,2
74394,52,6,46,2
74395,53,1,52,2
74396,44,8,36,2
74397,55,8,47,2
74398,52,3,49,2
74399,59,7,52,2
74400,69,12,57,2
74401,54,5,49,2
74402,68,8,60,2
74403,52,6,46,2
74404,53,5,48,2
74405,55,6,49,2
74406,56,6,50,2
74407,55,6,49,2
74408,43,5,38,2
74409,46,9,37,2
74410,48,7,41,2
74411,58,10,48,2
74412,63,8,55,2
74413,60,7,53,2
74414,50,9,41,2
74415,50,5,45,2
74416,62,5,57,2
74417,64,5,59,2
74418,52,6,46,2
74419,54,10,44,2
74420,61,5,56,2
74421,54,8,46,2
74422,43,7,36,2
74423,52,6,46,2
74424,54,4,50,2
74425,61,7,54,2
74426,52,9,43,2
74427,67,5,62,2
74428,50,7,43,2
74429,54,4,50,2
74430,66,11,55,2
74431,57,7,50,2
74432,52,7,45,2
74433,53,7,46,2
74434,72,9,63,2
74435,63,7,56,2
74436,46,2,44,2
74437,47,4,43,2
74438,51,5,46,2
74439,62,10,52,2
74440,48,1,47,2
74441,59,8,51,2
74442,53,9,44,2
74443,48,3,45,2
74444,64,10,54,2
74445,59,8,51,2
74446,49,6,43,2
74447,55,13,42,2
74448,58,9,49,2
74449,62,6,56,2
74450,55,11,44,2
74451,55,8,47,2
74452,60,9,51,2
74453,45,3,42,2
74454,45,6,39,2
74455,61,9,52,2
74456,45,4,41,2
74457,53,5,48,2
74458,52,12,40,2
74459,52,6,46,2
74460,50,2,48,2
74461,47,12,35,2
74462,57,6,51,2
74463,47,3,44,2
74464,45,3,42,2
74465,56,12,44,2
74466,52,8,44,2
74467,51,3,48,2
74468,51,8,43,2
74469,53,3,50,2
74470,63,5,58,2
74471,53,3,50,2
74472,55,7,48,2
74473,60,8,52,2
74474,42,3,39,2
74475,52,11,41,2
74476,57,4,53,2
74477,64,7,57,2
74478,55,7,48,2
74479,65,15,50,2
74480,60,10,50,2
74481,60,4,56,2
74482,44,4,40,2
74483,50,7,43,2
74484,47,1,46,2
74485,46,3,43,2
74486,48,5,43,2
74487,68,6,62,2
74488,52,6,46,2
74489,57,5,52,2
74490,55,8,47,2
74491,57,8,49,2
74492,50,6,44,2
74493,65,6,59,2
74494,63,1,62,2
74495,44,5,39,2
74496,54,8,46,2
74497,42,3,39,2
74498,50,3,47,2
74499,56,6,50,2
74500,41,9,32,2
74501,51,3,48,2
74502,46,9,37,2
74503,47,4,43,2
74504,57,9,48,2
74505,63,3,60,2
74506,69,6,63,2
74507,51,11,40,2
74508,49,6,43,2
74509,66,7,59,2
74510,53,6,47,2
74511,48,4,44,2
74512,65,4,61,2
74513,51,4,47,2
74514,67,10,57,2
74515,65,11,54,2
74516,53,8,45,2
74517,58,7,51,2
74518,53,9,44,2
74519,60,6,54,2
74520,47,9,38,2
74521,59,7,52,2
74522,61,8,53,2
74523,64,5,59,2
74524,57,7,50,2
74525,59,6,53,2
74526,43,4,39,2
74527,54,6,48,2
74528,54,6,48,2
74529,62,6,56,2
74530,55,5,50,2
74531,44,4,40,2
74532,53,5,48,2
74533,56,11,45,2
74534,58,7,51,2
74535,54,8,46,2
74536,50,6,44,2
74537,54,4,50,2
74538,48,5,43,2
74539,60,7,53,2
74540,45,3,42,2
74541,54,3,51,2
74542,42,3,39,2
74543,48,4,44,2
74544,52,4,48,2
74545,43,2,41,2
74546,47,7,40,2
74547,72,6,66,2
74548,55,11,44,2
74549,57,6,51,2
74550,57,10,47,2
74551,55,10,45,2
74552,47,4,43,2
74553,44,9,35,2
74554,51,7,44,2
74555,56,6,50,2
74556,47,9,38,2
74557,55,7,48,2
74558,53,6,47,2
74559,55,8,47,2
74560,48,4,44,2
74561,49,4,45,2
74562,57,6,51,2
74563,57,3,54,2
74564,52,5,47,2
74565,59,7,52,2
74566,64,7,57,2
74567,56,9,47,2
74568,40,3,37,2
74569,54,6,48,2
74570,48,7,41,2
74571,53,5,48,2
74572,37,5,32,2
74573,60,3,57,2
74574,58,10,48,2
74575,49,7,42,2
74576,60,8,52,2
74577,79,6,73,2
74578,51,2,49,2
74579,36,3,33,2
74580,59,4,55,2
74581,44,8,36,2
74582,60,10,50,2
74583,54,5,49,2
74584,53,7,46,2
74585,53,7,46,2
74586,63,11,52,2
74587,55,12,43,2
74588,41,6,35,2
74589,58,9,49,2
74590,48,4,44,2
74591,66,4,62,2
74592,59,3,56,2
74593,52,7,45,2
74594,46,5,41,2
74595,52,6,46,2
74596,54,9,45,2
74597,45,9,36,2
74598,51,7,44,2
74599,58,6,52,2
74600,60,10,50,2
74601,60,7,53,2
74602,47,4,43,2
74603,59,9,50,2
74604,50,7,43,2
74605,45,7,38,2
74606,56,9,47,2
74607,61,7,54,2
74608,52,7,45,2
74609,61,5,56,2
74610,66,8,58,2
74611,47,2,45,2
74612,64,8,56,2
74613,53,6,47,2
74614,52,2,50,2
74615,59,3,56,2
74616,65,7,58,2
74617,40,4,36,2
74618,64,9,55,2
74619,53,3,50,2
74620,40,5,35,2
74621,59,6,53,2
74622,51,6,45,2
74623,51,4,47,2
74624,47,7,40,2
74625,66,7,59,2
74626,73,6,67,2
74627,54,9,45,2
74628,58,6,52,2
74629,60,5,55,2
74630,47,7,40,2
74631,56,7,49,2
74632,54,6,48,2
74633,51,8,43,2
74634,47,6,41,2
74635,39,2,37,2
74636,71,11,60,2
74637,43,3,40,2
74638,49,4,45,2
74639,64,5,59,2
74640,56,9,47,2
74641,59,8,51,2
74642,62,10,52,2
74643,63,5,58,2
74644,53,9,44,2
74645,65,6,59,2
74646,50,5,45,2
74647,59,7,52,2
74648,62,11,51,2
74649,48,2,46,2
74650,55,3,52,2
74651,54,6,48,2
74652,56,6,50,2
74653,50,4,46,2
74654,61,9,52,2
74655,61,6,55,2
74656,64,11,53,2
74657,47,5,42,2
74658,58,8,50,2
74659,53,7,46,2
74660,67,13,54,2
74661,41,4,37,2
74662,49,3,46,2
74663,56,9,47,2
74664,60,2,58,2
74665,57,3,54,2
74666,49,8,41,2
74667,37,8,29,2
74668,57,10,47,2
74669,57,3,54,2
74670,69,13,56,2
74671,40,5,35,2
74672,54,6,48,2
74673,41,5,36,2
74674,52,10,42,2
74675,44,5,39,2
74676,50,3,47,2
74677,53,10,43,2
74678,57,9,48,2
74679,61,10,51,2
74680,63,6,57,2
74681,49,8,41,2
74682,56,10,46,2
74683,54,4,50,2
74684,1,0,1,1
74685,46,5,41,2
74686,55,3,52,2
74687,51,9,42,2
74688,40,4,36,2
74689,51,3,48,2
74690,59,6,53,2
74691,53,8,45,2
74692,50,10,40,2
74693,39,3,36,2
74694,67,8,59,2
74695,56,8,48,2
74696,58,11,47,2
74697,48,6,42,2
74698,68,14,54,2
74699,64,3,61,2
74700,41,6,35,2
74701,61,4,57,2
74702,78,4,74,2
74703,45,5,40,2
74704,50,4,46,2
74705,59,6,53,2
74706,52,6,46,2
74707,51,8,43,2
74708,69,6,63,2
74709,63,7,56,2
74710,56,8,48,2
74711,55,4,51,2
74712,59,8,51,2
74713,50,5,45,2
74714,48,5,43,2
74715,60,7,53,2
74716,54,4,50,2
74717,50,7,43,2
74718,63,8,55,2
74719,51,8,43,2
74720,59,6,53,2
74721,47,8,39,2
74722,45,3,42,2
74723,60,4,56,2
74724,65,5,60,2
74725,56,8,48,2
74726,61,7,54,2
74727,61,5,56,2
74728,67,8,59,2
74730,57,8,49,2
74731,55,10,45,2
74732,56,10,46,2
74733,67,12,55,2
74734,55,6,49,2
74735,44,12,32,2
74736,61,14,47,2
74737,56,4,52,2
74738,48,5,43,2
74739,50,6,44,2
74740,45,4,41,2
74741,49,8,41,2
74742,44,7,37,2
74743,67,2,65,2
74744,46,4,42,2
74745,55,4,51,2
74746,55,4,51,2
74747,43,8,35,2
74748,62,5,57,2
74749,47,7,40,2
74750,58,8,50,2
74751,55,7,48,2
74752,51,3,48,2
74753,49,7,42,2
74754,57,9,48,2
74755,49,3,46,2
74756,53,2,51,2
74757,57,6,51,2
74758,52,6,46,2
74759,55,8,47,2
74760,55,4,51,2
74761,48,9,39,2
74762,50,3,47,2
74763,47,6,41,2
74764,60,7,53,2
74765,57,5,52,2
74766,41,1,40,2
74767,63,8,55,2
74768,48,3,45,2
74769,65,9,56,2
74770,54,8,46,2
74771,2,0,2,1
74772,52,4,48,2
74773,58,7,51,2
74774,56,7,49,2
74775,63,12,51,2
74776,61,7,54,2
74777,45,4,41,2
74778,53,10,43,2
74779,51,9,42,2
74780,53,5,48,2
74782,65,7,58,2
74783,51,10,41,2
74784,46,7,39,2
74785,56,5,51,2
74786,50,9,41,2
74787,45,7,38,2
74788,49,7,42,2
74789,50,3,47,2
74790,48,11,37,2
74791,38,9,29,2
74792,51,7,44,2
74793,51,6,45,2
74794,55,8,47,2
74795,52,3,49,2
74796,63,4,59,2
74797,68,6,62,2
74798,55,8,47,2
74799,51,7,44,2
74800,59,3,56,2
74801,73,11,62,2
74802,60,8,52,2
74803,48,5,43,2
74804,48,6,42,2
74805,64,10,54,2
74806,47,2,45,2
74807,50,7,43,2
74808,44,3,41,2
74809,63,8,55,2
74810,49,5,44,2
74811,58,8,50,2
74812,60,9,51,2
74813,51,5,46,2
74814,63,8,55,2
74815,53,5,48,2
74816,45,4,41,2
74817,57,7,50,2
74818,58,5,53,2
74819,65,6,59,2
74820,55,5,50,2
74821,61,7,54,2
74822,47,7,40,2
74823,58,5,53,2
74824,49,7,42,2
74825,46,6,40,2
74826,52,4,48,2
74827,57,4,53,2
74828,58,7,51,2
74829,46,3,43,2
74830,44,7,37,2
74831,43,5,38,2
74832,63,3,60,2
74833,61,7,54,2
74834,52,6,46,2
74835,55,6,49,2
74836,72,9,63,2
74837,47,8,39,2
74838,58,9,49,2
74839,61,9,52,2
74840,53,4,49,2
74841,52,8,44,2
74842,51,3,48,2
74843,53,4,49,2
74844,62,6,56,2
74845,62,10,52,2
74846,67,8,59,2
74847,49,7,42,2
74848,58,8,50,2
74849,49,4,45,2
74850,59,6,53,2
74851,53,5,48,2
74852,53,8,45,2
74853,49,9,40,2
74854,58,5,53,2
74855,44,4,40,2
74856,52,3,49,2
74857,39,4,35,2
74858,52,9,43,2
74859,57,5,52,2
74860,58,6,52,2
74861,58,8,50,2
74862,47,3,44,2
74863,50,9,41,2
74864,59,8,51,2
74865,48,6,42,2
74866,59,6,53,2
74867,54,8,46,2
74868,59,6,53,2
74869,53,7,46,2
74870,59,4,55,2
74871,83,8,75,2
74872,61,7,54,2
74873,61,11,50,2
74874,65,4,61,2
74875,58,6,52,2
74876,54,3,51,2
74877,53,11,42,2
74878,62,8,54,2
74879,52,6,46,2
74880,70,10,60,2
74881,49,6,43,2
74882,52,7,45,2
74883,51,7,44,2
74884,59,5,54,2
74885,61,7,54,2
74886,41,5,36,2
74887,43,4,39,2
74888,47,8,39,2
74889,57,13,44,2
74890,51,5,46,2
74891,45,5,40,2
74892,52,8,44,2
74893,40,6,34,2
74894,63,9,54,2
74895,67,11,56,2
74896,46,5,41,2
74897,54,4,50,2
74898,50,5,45,2
74899,76,7,69,2
74900,51,8,43,2
74901,53,8,45,2
74902,66,11,55,2
74903,54,4,50,2
74904,62,9,53,2
74905,55,8,47,2
74906,52,4,48,2
74907,45,6,39,2
74908,54,3,51,2
74909,55,6,49,2
74910,64,8,56,2
74911,50,4,46,2
74912,53,11,42,2
74913,62,11,51,2
74914,69,8,61,2
74915,57,7,50,2
74916,51,9,42,2
74917,56,6,50,2
74918,64,5,59,2
74919,56,5,51,2
74920,57,8,49,2
74921,61,13,48,2
74922,65,7,58,2
74923,57,9,48,2
74924,63,10,53,2
74925,55,5,50,2
74926,43,2,41,2
74927,53,9,44,2
74928,54,8,46,2
74929,58,7,51,2
74930,47,10,37,2
74931,51,5,46,2
74932,54,6,48,2
74933,61,5,56,2
74934,55,9,46,2
74935,62,7,55,2
74936,58,6,52,2
74937,44,7,37,2
74938,59,6,53,2
74939,56,6,50,2
74940,58,5,53,2
74941,59,10,49,2
74942,54,4,50,2
74943,60,3,57,2
74944,59,11,48,2
74945,75,8,67,2
74946,47,4,43,2
74947,65,8,57,2
74948,46,5,41,2
74949,54,7,47,2
74950,59,8,51,2
74951,56,8,48,2
74952,49,2,47,2
74953,52,10,42,2
74954,58,2,56,2
74955,58,9,49,2
74956,50,8,42,2
74957,67,5,62,2
74958,56,9,47,2
74959,54,6,48,2
74960,76,8,68,2
74961,57,8,49,2
74962,58,5,53,2
74963,46,4,42,2
74964,56,8,48,2
74965,51,5,46,2
74966,46,6,40,2
74967,50,7,43,2
74968,47,8,39,2
74969,56,8,48,2
74970,56,8,48,2
74971,57,4,53,2
74972,46,3,43,2
74973,58,11,47,2
74974,54,5,49,2
74975,56,9,47,2
74976,40,7,33,2
74977,61,8,53,2
74978,44,5,39,2
74979,36,2,34,2
74980,67,6,61,2
74981,51,7,44,2
74982,56,7,49,2
74983,50,5,45,2
74984,61,11,50,2
74985,51,3,48,2
74986,71,11,60,2
74987,56,8,48,2
74988,60,4,56,2
74989,56,8,48,2
74990,55,9,46,2
74991,60,8,52,2
74992,61,15,46,2
74993,60,8,52,2
74994,62,5,57,2
74995,62,12,50,2
74996,54,13,41,2
74997,60,5,55,2
74998,51,8,43,2
74999,56,2,54,2
75000,57,7,50,2
75001,51,10,41,2
75002,62,12,50,2
75003,52,3,49,2
75004,55,5,50,2
75005,54,12,42,2
75006,50,5,45,2
75007,52,6,46,2
75008,61,12,49,2
75009,68,9,59,2
75010,68,5,63,2
75011,47,6,41,2
75012,43,5,38,2
75013,68,10,58,2
75014,61,4,57,2
75015,60,8,52,2
75016,61,5,56,2
75017,46,2,44,2
75018,58,9,49,2
75019,59,6,53,2
75020,41,7,34,2
75021,49,6,43,2
75022,47,2,45,2
75023,46,8,38,2
75024,55,5,50,2
75025,58,6,52,2
75026,58,9,49,2
75027,71,9,62,2
75028,49,5,44,2
75029,64,8,56,2
75030,61,9,52,2
75031,51,5,46,2
75032,53,6,47,2
75033,52,6,46,2
75034,57,7,50,2
75035,68,11,57,2
75036,47,8,39,2
75037,54,7,47,2
75038,55,6,49,2
75039,67,6,61,2
75040,63,14,49,2
75041,52,7,45,2
75042,45,8,37,2
75043,60,11,49,2
75044,52,2,50,2
75045,49,6,43,2
75046,48,7,41,2
75047,47,7,40,2
75048,50,5,45,2
75049,53,4,49,2
75050,44,2,42,2
75051,55,5,50,2
75052,49,6,43,2
75053,55,11,44,2
75054,55,5,50,2
75055,53,3,50,2
75056,59,7,52,2
75057,53,6,47,2
75058,45,10,35,2
75059,46,7,39,2
75060,69,5,64,2
75061,44,5,39,2
75062,39,7,32,2
75063,42,5,37,2
75064,63,11,52,2
75065,69,11,58,2
75066,56,5,51,2
75067,63,6,57,2
75068,62,9,53,2
75069,58,8,50,2
75070,51,4,47,2
75071,55,5,50,2
75072,45,8,37,2
75073,42,6,36,2
75074,55,9,46,2
75075,56,4,52,2
75076,68,7,61,2
75077,48,5,43,2
75078,50,5,45,2
75079,65,3,62,2
75080,59,8,51,2
75081,57,6,51,2
75082,65,5,60,2
75083,48,4,44,2
75084,52,7,45,2
75085,61,7,54,2
75086,42,3,39,2
75087,48,4,44,2
75088,56,3,53,2
75089,56,7,49,2
75090,51,5,46,2
75091,52,8,44,2
75092,57,6,51,2
75093,59,7,52,2
75094,52,9,43,2
75095,51,7,44,2
75096,59,5,54,2
75097,61,8,53,2
75098,60,9,51,2
75099,52,3,49,2
75100,64,4,60,2
75101,58,6,52,2
75102,66,10,56,2
75103,49,6,43,2
75104,61,6,55,2
75105,51,3,48,2
75106,58,5,53,2
75107,60,10,50,2
75108,56,3,53,2
75109,56,6,50,2
75110,49,4,45,2
75111,60,6,54,2
75112,51,5,46,2
75113,41,4,37,2
75114,58,4,54,2
75115,47,7,40,2
75116,51,7,44,2
75117,40,4,36,2
75118,54,7,47,2
75119,52,4,48,2
75120,52,6,46,2
75121,49,5,44,2
75122,47,7,40,2
75123,51,4,47,2
75124,53,4,49,2
75125,44,6,38,2
75126,49,8,41,2
75127,58,7,51,2
75128,47,5,42,2
75129,56,5,51,2
75130,50,5,45,2
75131,57,11,46,2
75132,63,9,54,2
75133,57,9,48,2
75134,58,5,53,2
75135,59,9,50,2
75136,57,10,47,2
75137,59,4,55,2
75138,44,5,39,2
75139,52,11,41,2
75140,56,5,51,2
75141,52,12,40,2
75142,53,1,52,2
75143,65,6,59,2
75144,51,8,43,2
75145,49,4,45,2
75146,51,6,45,2
75147,44,6,38,2
75148,68,5,63,2
75149,42,3,39,2
75150,51,4,47,2
75151,56,7,49,2
75152,51,8,43,2
75153,53,4,49,2
75154,66,10,56,2
75155,53,6,47,2
75156,71,3,68,2
75157,48,4,44,2
75158,51,7,44,2
75159,64,8,56,2
75160,73,6,67,2
75161,55,5,50,2
75162,58,5,53,2
75163,38,7,31,2
75164,46,7,39,2
75165,48,6,42,2
75166,63,12,51,2
75167,62,8,54,2
75168,54,6,48,2
75169,59,10,49,2
75170,51,5,46,2
75171,55,7,48,2
75172,61,9,52,2
75173,53,7,46,2
75174,45,9,36,2
75175,45,7,38,2
75176,56,6,50,2
75177,51,9,42,2
75178,54,10,44,2
75179,57,8,49,2
75180,63,9,54,2
75181,44,6,38,2
75182,70,10,60,2
75183,42,4,38,2
75184,47,8,39,2
75185,46,5,41,2
75186,53,6,47,2
75187,58,10,48,2
75188,47,5,42,2
75189,66,6,60,2
75190,67,5,62,2
75191,66,5,61,2
75192,51,4,47,2
75193,49,5,44,2
75194,55,4,51,2
75195,53,7,46,2
75196,53,7,46,2
75197,51,7,44,2
75198,62,6,56,2
75199,50,5,45,2
75200,45,6,39,2
75201,51,6,45,2
75202,61,5,56,2
75203,63,5,58,2
75204,62,8,54,2
75205,39,4,35,2
75206,52,6,46,2
75207,45,4,41,2
75208,54,5,49,2
75209,52,9,43,2
75210,43,8,35,2
75211,52,1,51,2
75212,61,7,54,2
75213,61,10,51,2
75214,66,7,59,2
75215,62,9,53,2
75216,56,3,53,2
75217,53,11,42,2
75218,57,3,54,2
75219,61,10,51,2
75220,61,11,50,2
75221,41,4,37,2
75222,63,10,53,2
75223,49,6,43,2
75224,66,5,61,2
75225,56,4,52,2
75226,52,4,48,2
75227,59,7,52,2
75228,58,7,51,2
75229,53,6,47,2
75230,52,5,47,2
75231,57,9,48,2
75232,49,4,45,2
75233,59,5,54,2
75234,57,8,49,2
75235,68,6,62,2
75236,58,9,49,2
75237,39,1,38,2
75238,60,6,54,2
75239,58,13,45,2
75240,59,6,53,2
75241,62,5,57,2
75242,47,10,37,2
75243,56,6,50,2
75244,51,7,44,2
75245,61,2,59,2
75246,62,5,57,2
75247,58,5,53,2
75248,60,7,53,2
75249,50,5,45,2
75250,43,3,40,2
75251,49,3,46,2
75252,60,12,48,2
75253,59,5,54,2
75254,63,3,60,2
75255,51,8,43,2
75256,51,7,44,2
75257,67,6,61,2
75258,53,8,45,2
75259,46,5,41,2
75260,60,11,49,2
75261,46,5,41,2
75262,46,4,42,2
75263,45,6,39,2
75264,55,6,49,2
75265,51,3,48,2
75266,58,9,49,2
75267,47,8,39,2
75268,60,6,54,2
75269,53,6,47,2
75270,56,4,52,2
75271,68,11,57,2
75272,58,7,51,2
75273,53,9,44,2
75274,58,7,51,2
75275,46,5,41,2
75276,54,4,50,2
75277,55,8,47,2
75278,61,4,57,2
75279,52,11,41,2
75280,59,9,50,2
75281,51,4,47,2
75282,45,5,40,2
75283,57,6,51,2
75284,58,8,50,2
75285,63,4,59,2
75286,55,4,51,2
75287,48,3,45,2
75288,60,8,52,2
75289,49,4,45,2
75290,53,11,42,2
75291,42,3,39,2
75292,55,11,44,2
75293,48,5,43,2
75294,58,5,53,2
75295,58,6,52,2
75296,55,6,49,2
75297,48,7,41,2
75298,53,3,50,2
75299,57,4,53,2
75300,59,6,53,2
75301,48,3,45,2
75302,62,3,59,2
75303,54,6,48,2
75304,51,6,45,2
75305,58,6,52,2
75306,55,3,52,2
75307,47,7,40,2
75308,59,11,48,2
75309,57,8,49,2
75310,55,3,52,2
75311,51,11,40,2
75312,52,3,49,2
75313,66,6,60,2
75314,52,7,45,2
75315,54,7,47,2
75316,58,6,52,2
75317,48,8,40,2
75318,39,9,30,2
75319,67,12,55,2
75320,54,10,44,2
75321,53,10,43,2
75322,60,7,53,2
75323,51,5,46,2
75324,64,8,56,2
75325,45,6,39,2
75326,30,30,0,1
75327,60,7,53,2
75328,57,6,51,2
75329,53,9,44,2
75330,53,6,47,2
75331,56,3,53,2
75332,61,12,49,2
75333,49,10,39,2
75334,58,4,54,2
75335,47,2,45,2
75336,51,6,45,2
75337,49,6,43,2
75338,42,5,37,2
75339,43,10,33,2
75340,66,10,56,2
75341,56,6,50,2
75342,56,6,50,2
75343,57,7,50,2
75344,53,4,49,2
75345,58,7,51,2
75346,60,9,51,2
75347,51,9,42,2
75348,56,10,46,2
75349,60,7,53,2
75350,66,8,58,2
75351,58,7,51,2
75352,69,7,62,2
75353,58,9,49,2
75354,54,6,48,2
75355,62,8,54,2
75356,53,8,45,2
75357,61,7,54,2
75358,59,9,50,2
75359,54,7,47,2
75360,39,5,34,2
75361,59,10,49,2
75362,64,6,58,2
75363,41,7,34,2
75364,51,6,45,2
75365,58,5,53,2
75366,50,9,41,2
75367,46,3,43,2
75368,47,7,40,2
75369,53,6,47,2
75370,47,4,43,2
75371,75,3,72,2
75372,50,4,46,2
75373,53,6,47,2
75374,64,4,60,2
75375,35,7,28,2
75376,46,6,40,2
75377,52,5,47,2
75378,53,5,48,2
75379,51,6,45,2
75380,43,4,39,2
75381,54,11,43,2
75382,64,5,59,2
75383,54,3,51,2
75384,58,10,48,2
75385,38,5,33,2
75386,52,5,47,2
75387,49,8,41,2
75388,67,12,55,2
75389,54,8,46,2
75390,56,4,52,2
75391,44,7,37,2
75392,53,6,47,2
75393,51,3,48,2
75394,52,6,46,2
75395,50,6,44,2
75396,53,7,46,2
75397,60,7,53,2
75398,56,3,53,2
75399,54,3,51,2
75400,61,10,51,2
75401,60,7,53,2
75402,65,7,58,2
75403,63,2,61,2
75404,62,8,54,2
75405,51,6,45,2
75406,56,9,47,2
75407,60,6,54,2
75408,42,5,37,2
75409,55,5,50,2
75410,62,7,55,2
75411,42,1,41,2
75412,52,3,49,2
75413,60,9,51,2
75414,57,3,54,2
75415,62,11,51,2
75416,51,4,47,2
75417,58,9,49,2
75418,68,8,60,2
75419,59,6,53,2
75420,47,7,40,2
75421,46,6,40,2
75422,51,6,45,2
75423,59,6,53,2
75424,51,6,45,2
75425,60,8,52,2
75426,63,12,51,2
75427,61,7,54,2
75428,51,5,46,2
75429,68,8,60,2
75430,62,7,55,2
75431,44,7,37,2
75432,54,10,44,2
75433,53,5,48,2
75434,53,9,44,2
75435,40,7,33,2
75436,47,4,43,2
75437,60,9,51,2
75438,62,7,55,2
75439,63,10,53,2
75440,52,6,46,2
75441,55,3,52,2
75442,61,10,51,2
75443,49,8,41,2
75444,51,7,44,2
75445,49,5,44,2
75446,46,2,44,2
75447,50,4,46,2
75448,50,2,48,2
75449,63,9,54,2
75450,60,7,53,2
75451,51,5,46,2
75452,49,3,46,2
75453,60,14,46,2
75454,52,5,47,2
75455,36,6,30,2
75456,67,6,61,2
75457,44,8,36,2
75458,57,4,53,2
75459,54,5,49,2
75460,50,8,42,2
75461,39,4,35,2
75462,42,8,34,2
75463,63,5,58,2
75464,59,8,51,2
75465,55,7,48,2
75466,55,7,48,2
75467,57,9,48,2
75468,47,6,41,2
75469,59,6,53,2
75470,54,3,51,2
75471,53,3,50,2
75472,58,5,53,2
75473,53,9,44,2
75474,60,7,53,2
75475,65,8,57,2
75476,71,6,65,2
75477,64,3,61,2
75478,60,5,55,2
75479,31,4,27,2
75480,67,6,61,2
75481,53,4,49,2
75482,56,7,49,2
75483,54,14,40,2
75484,72,9,63,2
75485,56,10,46,2
75486,56,8,48,2
75487,73,10,63,2
75488,53,6,47,2
75489,54,6,48,2
75490,59,10,49,2
75491,57,16,41,2
75492,46,4,42,2
75493,65,8,57,2
75494,48,1,47,2
75495,53,5,48,2
75496,52,5,47,2
75497,63,6,57,2
75498,49,7,42,2
75499,68,12,56,2
75500,53,5,48,2
75501,72,5,67,2
75502,53,7,46,2
75503,57,11,46,2
75504,64,9,55,2
75505,55,4,51,2
75506,45,5,40,2
75507,47,5,42,2
75508,54,8,46,2
75509,72,2,70,2
75510,57,8,49,2
75511,43,5,38,2
75512,38,2,36,2
75513,56,8,48,2
75514,56,4,52,2
75515,43,5,38,2
75516,55,6,49,2
75517,58,12,46,2
75518,53,2,51,2
75519,51,4,47,2
75520,49,10,39,2
75521,62,4,58,2
75522,51,11,40,2
75523,54,5,49,2
75524,63,6,57,2
75525,75,11,64,2
75526,54,5,49,2
75527,46,8,38,2
75528,58,9,49,2
75529,59,5,54,2
75530,63,2,61,2
75531,61,8,53,2
75532,49,8,41,2
75533,58,10,48,2
75534,51,3,48,2
75535,52,3,49,2
75536,57,8,49,2
75537,58,7,51,2
75538,46,6,40,2
75539,47,5,42,2
75540,58,6,52,2
75541,53,5,48,2
75542,54,2,52,2
75543,62,6,56,2
75544,55,11,44,2
75545,60,10,50,2
75546,54,8,46,2
75547,55,7,48,2
75548,58,8,50,2
75549,45,3,42,2
75550,77,14,63,2
75551,49,5,44,2
75552,62,3,59,2
75553,38,6,32,2
75554,65,6,59,2
75555,62,6,56,2
75556,56,8,48,2
75557,42,6,36,2
75558,63,9,54,2
75559,63,8,55,2
75560,57,8,49,2
75561,54,7,47,2
75562,59,8,51,2
75563,43,6,37,2
75564,55,6,49,2
75565,47,7,40,2
75566,53,4,49,2
75567,47,3,44,2
75568,67,10,57,2
75569,60,8,52,2
75570,57,5,52,2
75571,50,9,41,2
75572,55,8,47,2
75573,58,9,49,2
75574,59,5,54,2
75575,60,12,48,2
75576,55,8,47,2
75577,49,1,48,2
75578,60,5,55,2
75579,54,5,49,2
75580,42,3,39,2
75581,51,3,48,2
75582,52,7,45,2
75583,41,5,36,2
75584,58,6,52,2
75585,59,8,51,2
75586,50,8,42,2
75587,65,9,56,2
75588,49,7,42,2
75589,58,9,49,2
75590,48,5,43,2
75591,67,6,61,2
75592,64,7,57,2
75593,61,7,54,2
75594,62,7,55,2
75595,43,4,39,2
75596,48,6,42,2
75597,60,9,51,2
75598,51,6,45,2
75599,50,4,46,2
75600,63,8,55,2
75601,59,5,54,2
75602,69,7,62,2
75603,52,6,46,2
75604,54,5,49,2
75605,53,6,47,2
75606,63,9,54,2
75607,53,6,47,2
75608,56,6,50,2
75609,59,5,54,2
75610,56,4,52,2
75611,68,2,66,2
75612,57,8,49,2
75613,44,5,39,2
75614,53,8,45,2
75615,61,10,51,2
75616,55,6,49,2
75617,46,4,42,2
75618,54,7,47,2
75619,58,7,51,2
75620,47,7,40,2
75621,58,9,49,2
75622,50,3,47,2
75623,59,12,47,2
75624,66,7,59,2
75625,61,9,52,2
75626,60,5,55,2
75627,64,3,61,2
75628,53,6,47,2
75629,48,3,45,2
75630,64,9,55,2
75631,54,6,48,2
75632,57,10,47,2
75633,49,9,40,2
75634,53,7,46,2
75635,47,2,45,2
75636,44,3,41,2
75637,57,8,49,2
75638,54,4,50,2
75639,44,5,39,2
75640,55,8,47,2
75641,57,6,51,2
75642,41,5,36,2
75643,60,10,50,2
75644,59,12,47,2
75645,64,5,59,2
75646,50,7,43,2
75647,73,6,67,2
75648,56,5,51,2
75649,57,4,53,2
75650,47,10,37,2
75651,53,0,53,1
75652,43,5,38,2
75653,60,8,52,2
75654,58,5,53,2
75655,70,4,66,2
75656,41,6,35,2
75657,47,5,42,2
75658,54,7,47,2
75659,56,4,52,2
75660,60,5,55,2
75661,51,6,45,2
75662,59,4,55,2
75663,64,4,60,2
75664,49,6,43,2
75665,49,7,42,2
75666,47,5,42,2
75667,56,11,45,2
75668,69,10,59,2
75669,55,7,48,2
75670,48,8,40,2
75671,52,5,47,2
75672,58,13,45,2
75673,41,3,38,2
75674,44,8,36,2
75675,45,5,40,2
75676,64,8,56,2
75677,57,7,50,2
75678,49,6,43,2
75679,48,4,44,2
75680,50,3,47,2
75681,42,8,34,2
75682,40,5,35,2
75683,55,5,50,2
75684,55,8,47,2
75685,48,6,42,2
75686,51,9,42,2
75687,53,4,49,2
75688,57,10,47,2
75689,61,6,55,2
75690,45,4,41,2
75691,63,3,60,2
75692,48,10,38,2
75693,39,6,33,2
75694,68,11,57,2
75695,54,9,45,2
75696,54,7,47,2
75697,48,8,40,2
75698,52,1,51,2
75699,38,4,34,2
75700,70,5,65,2
75701,58,8,50,2
75702,48,5,43,2
75703,63,5,58,2
75704,69,9,60,2
75705,60,11,49,2
75706,58,9,49,2
75707,49,2,47,2
75708,57,3,54,2
75709,50,4,46,2
75710,51,5,46,2
75711,65,9,56,2
75712,47,5,42,2
75713,58,4,54,2
75714,60,9,51,2
75715,58,7,51,2
75716,69,11,58,2
75717,50,4,46,2
75718,46,9,37,2
75719,60,7,53,2
75720,54,7,47,2
75721,54,6,48,2
75722,50,6,44,2
75723,54,6,48,2
75724,51,1,50,2
75725,41,4,37,2
75726,65,2,63,2
75727,60,8,52,2
75728,53,8,45,2
75729,50,5,45,2
75730,54,9,45,2
75731,50,5,45,2
75732,61,7,54,2
75733,59,8,51,2
75734,45,7,38,2
75735,57,10,47,2
75736,50,6,44,2
75737,61,5,56,2
75738,50,5,45,2
75739,60,12,48,2
75740,61,7,54,2
75741,73,10,63,2
75742,53,1,52,2
75743,61,6,55,2
75744,64,6,58,2
75745,67,12,55,2
75746,48,2,46,2
75747,53,2,51,2
75748,55,7,48,2
75749,55,7,48,2
75750,59,12,47,2
75751,58,7,51,2
75752,46,3,43,2
75753,64,5,59,2
75754,46,6,40,2
75755,66,8,58,2
75756,52,4,48,2
75757,65,5,60,2
75758,62,5,57,2
75759,60,2,58,2
75760,50,4,46,2
75761,49,6,43,2
75762,63,6,57,2
75763,54,5,49,2
75764,59,4,55,2
75765,43,3,40,2
75766,57,9,48,2
75767,50,6,44,2
75768,59,8,51,2
75769,53,6,47,2
75770,51,10,41,2
75771,57,7,50,2
75772,64,6,58,2
75773,63,7,56,2
75774,45,5,40,2
75775,64,7,57,2
75776,45,4,41,2
75777,49,5,44,2
75778,54,5,49,2
75779,58,8,50,2
75780,52,15,37,2
75781,64,12,52,2
75782,67,10,57,2
75783,52,3,49,2
75784,54,10,44,2
75785,50,8,42,2
75786,61,8,53,2
75787,53,6,47,2
75788,66,17,49,2
75789,52,9,43,2
75790,47,7,40,2
75791,55,7,48,2
75792,64,13,51,2
75793,66,13,53,2
75794,42,3,39,2
75795,52,10,42,2
75796,49,5,44,2
75797,52,6,46,2
75798,55,8,47,2
75799,52,6,46,2
75800,56,9,47,2
75801,63,4,59,2
75802,52,8,44,2
75803,58,9,49,2
75804,49,7,42,2
75805,59,4,55,2
75806,51,5,46,2
75807,58,8,50,2
75808,42,5,37,2
75809,66,10,56,2
75810,58,2,56,2
75811,63,8,55,2
75812,48,7,41,2
75813,55,7,48,2
75814,67,9,58,2
75815,60,7,53,2
75816,61,7,54,2
75817,53,4,49,2
75818,70,10,60,2
75819,58,9,49,2
75820,57,5,52,2
75821,55,7,48,2
75822,56,7,49,2
75823,66,6,60,2
75824,58,7,51,2
75825,62,7,55,2
75826,50,4,46,2
75827,60,6,54,2
75828,65,8,57,2
75829,47,5,42,2
75830,51,4,47,2
75831,45,9,36,2
75832,60,9,51,2
75833,54,12,42,2
75834,52,2,50,2
75835,46,3,43,2
75836,51,5,46,2
75837,48,7,41,2
75838,50,7,43,2
75839,50,8,42,2
75840,68,6,62,2
75841,58,6,52,2
75842,65,7,58,2
75843,52,6,46,2
75844,48,2,46,2
75845,53,11,42,2
75846,43,5,38,2
75847,64,6,58,2
75848,61,9,52,2
75849,63,9,54,2
75850,48,4,44,2
75851,54,9,45,2
75852,64,3,61,2
75853,44,3,41,2
75854,48,2,46,2
75855,49,7,42,2
75856,59,7,52,2
75857,50,6,44,2
75858,47,6,41,2
75859,49,4,45,2
75860,54,5,49,2
75861,44,4,40,2
75862,53,4,49,2
75863,50,3,47,2
75864,61,6,55,2
75865,69,13,56,2
75866,47,5,42,2
75867,51,7,44,2
75868,54,6,48,2
75869,57,7,50,2
75870,62,5,57,2
75871,54,12,42,2
75872,73,9,64,2
75873,54,6,48,2
75874,46,7,39,2
75875,33,5,28,2
75876,50,7,43,2
75877,57,9,48,2
75878,51,9,42,2
75879,62,10,52,2
75880,69,15,54,2
75881,41,6,35,2
75882,67,6,61,2
75883,50,7,43,2
75884,41,5,36,2
75885,62,4,58,2
75886,55,9,46,2
75887,57,6,51,2
75888,52,2,50,2
75889,54,8,46,2
75890,49,4,45,2
75891,50,7,43,2
75892,47,6,41,2
75893,67,3,64,2
75894,60,6,54,2
75895,56,5,51,2
75896,47,6,41,2
75897,42,6,36,2
75898,44,4,40,2
75899,60,4,56,2
75900,64,8,56,2
75901,47,8,39,2
75902,64,7,57,2
75903,52,5,47,2
75904,51,9,42,2
75905,57,6,51,2
75906,61,7,54,2
75907,55,7,48,2
75908,54,5,49,2
75909,69,9,60,2
75910,75,11,64,2
75911,47,4,43,2
75912,51,9,42,2
75913,59,6,53,2
75914,66,10,56,2
75915,57,4,53,2
75916,64,3,61,2
75917,44,5,39,2
75918,64,6,58,2
75919,64,5,59,2
75920,54,6,48,2
75921,48,5,43,2
75922,57,9,48,2
75923,51,4,47,2
75924,58,10,48,2
75925,54,10,44,2
75926,63,12,51,2
75927,49,8,41,2
75928,59,6,53,2
75929,48,3,45,2
75930,69,3,66,2
75931,48,6,42,2
75932,63,10,53,2
75933,59,4,55,2
75934,44,5,39,2
75935,51,8,43,2
75936,38,6,32,2
75937,54,10,44,2
75938,59,7,52,2
75939,51,5,46,2
75940,68,7,61,2
75941,53,6,47,2
75942,56,5,51,2
75943,53,5,48,2
75944,49,5,44,2
75945,68,7,61,2
75946,51,7,44,2
75947,60,10,50,2
75948,56,7,49,2
75949,46,5,41,2
75950,55,5,50,2
75951,58,3,55,2
75952,63,10,53,2
75953,62,10,52,2
75954,54,6,48,2
75955,46,7,39,2
75956,51,2,49,2
75957,61,4,57,2
75958,62,9,53,2
75959,55,6,49,2
75960,44,4,40,2
75961,52,5,47,2
75962,71,3,68,2
75963,45,6,39,2
75964,54,6,48,2
75965,57,10,47,2
75966,34,4,30,2
75967,60,5,55,2
75968,49,8,41,2
75969,47,5,42,2
75970,42,6,36,2
75971,56,6,50,2
75972,49,7,42,2
75973,46,8,38,2
75974,52,6,46,2
75975,47,4,43,2
75976,52,9,43,2
75977,56,10,46,2
75978,55,7,48,2
75979,54,5,49,2
75980,53,6,47,2
75981,59,13,46,2
75982,52,7,45,2
75983,47,7,40,2
75984,47,2,45,2
75985,52,8,44,2
75986,60,6,54,2
75987,60,7,53,2
75988,47,4,43,2
75989,54,4,50,2
75990,54,6,48,2
75991,53,3,50,2
75992,67,12,55,2
75993,51,6,45,2
75994,48,8,40,2
75995,67,8,59,2
75996,43,5,38,2
75997,63,11,52,2
75998,48,3,45,2
75999,53,7,46,2
76000,63,4,59,2
76001,56,9,47,2
76002,62,9,53,2
76003,58,7,51,2
76004,56,7,49,2
76005,62,9,53,2
76006,50,4,46,2
76007,45,7,38,2
76008,48,4,44,2
76009,48,8,40,2
76010,54,9,45,2
76011,36,5,31,2
76012,46,3,43,2
76013,60,6,54,2
76014,54,7,47,2
76015,63,7,56,2
76016,67,8,59,2
76017,50,5,45,2
76018,59,6,53,2
76019,64,6,58,2
76020,67,4,63,2
76021,47,5,42,2
76022,53,4,49,2
76023,48,6,42,2
76024,51,5,46,2
76025,56,10,46,2
76026,47,5,42,2
76027,61,7,54,2
76028,59,13,46,2
76029,45,2,43,2
76030,53,7,46,2
76031,54,8,46,2
76032,48,9,39,2
76033,56,11,45,2
76034,58,12,46,2
76035,36,1,35,2
76036,46,4,42,2
76037,58,6,52,2
76038,45,6,39,2
76039,61,6,55,2
76040,58,10,48,2
76041,56,5,51,2
76042,37,4,33,2
76043,60,11,49,2
76044,46,5,41,2
76045,57,5,52,2
76046,68,8,60,2
76047,44,1,43,2
76048,46,7,39,2
76049,58,9,49,2
76050,53,3,50,2
76051,55,4,51,2
76052,60,11,49,2
76053,53,9,44,2
76054,53,6,47,2
76055,44,4,40,2
76056,65,15,50,2
76057,63,11,52,2
76058,53,5,48,2
76059,52,4,48,2
76060,57,6,51,2
76061,48,4,44,2
76062,43,6,37,2
76063,64,6,58,2
76064,51,5,46,2
76065,58,9,49,2
76066,56,9,47,2
76067,60,6,54,2
76068,53,3,50,2
76069,39,4,35,2
76070,42,5,37,2
76071,58,7,51,2
76072,58,6,52,2
76073,53,6,47,2
76074,68,7,61,2
76075,62,6,56,2
76076,56,6,50,2
76077,40,4,36,2
76078,58,5,53,2
76079,57,10,47,2
76080,55,11,44,2
76081,47,6,41,2
76082,45,5,40,2
76083,37,2,35,2
76084,56,4,52,2
76085,43,3,40,2
76086,52,3,49,2
76087,58,5,53,2
76088,51,3,48,2
76089,47,10,37,2
76090,55,8,47,2
76091,48,6,42,2
76092,54,5,49,2
76093,62,5,57,2
76094,68,9,59,2
76095,53,9,44,2
76096,65,2,63,2
76097,56,4,52,2
76098,55,5,50,2
76099,51,5,46,2
76100,64,4,60,2
76101,58,8,50,2
76102,47,9,38,2
76103,45,6,39,2
76104,37,5,32,2
76105,54,8,46,2
76106,56,4,52,2
76107,56,8,48,2
76108,61,9,52,2
76109,49,3,46,2
76110,54,12,42,2
76111,58,6,52,2
76112,60,3,57,2
76113,53,7,46,2
76114,47,7,40,2
76115,53,3,50,2
76116,42,6,36,2
76117,49,4,45,2
76118,62,9,53,2
76119,44,7,37,2
76120,57,8,49,2
76121,59,6,53,2
76122,35,2,33,2
76123,57,3,54,2
76124,55,7,48,2
76125,55,9,46,2
76126,62,7,55,2
76127,56,5,51,2
76128,45,7,38,2
76129,60,4,56,2
76130,49,3,46,2
76131,43,6,37,2
76132,50,4,46,2
76133,54,4,50,2
76134,48,8,40,2
76135,41,1,40,2
76136,51,8,43,2
76137,61,10,51,2
76138,50,7,43,2
76139,58,4,54,2
76140,65,7,58,2
76141,58,5,53,2
76142,62,14,48,2
76143,71,12,59,2
76144,64,7,57,2
76145,56,6,50,2
76146,56,10,46,2
76147,48,4,44,2
76148,68,11,57,2
76149,44,2,42,2
76150,61,8,53,2
76151,60,10,50,2
76152,68,15,53,2
76153,56,6,50,2
76154,64,8,56,2
76155,65,5,60,2
76156,48,4,44,2
76157,54,6,48,2
76158,50,6,44,2
76159,49,2,47,2
76160,48,8,40,2
76161,51,7,44,2
76162,44,4,40,2
76163,63,7,56,2
76164,54,5,49,2
76165,58,4,54,2
76166,48,4,44,2
76167,63,3,60,2
76168,40,3,37,2
76169,46,2,44,2
76170,56,8,48,2
76171,44,4,40,2
76172,51,4,47,2
76173,51,8,43,2
76174,50,5,45,2
76175,50,9,41,2
76176,54,5,49,2
76177,57,11,46,2
76178,47,10,37,2
76179,60,5,55,2
76180,47,5,42,2
76181,62,6,56,2
76182,45,5,40,2
76183,53,5,48,2
76184,60,11,49,2
76185,53,10,43,2
76186,53,4,49,2
76187,49,4,45,2
76188,65,8,57,2
76189,51,5,46,2
76190,64,9,55,2
76191,73,7,66,2
76192,47,3,44,2
76193,51,3,48,2
76194,54,8,46,2
76195,47,3,44,2
76196,64,8,56,2
76197,48,3,45,2
76198,59,10,49,2
76199,58,8,50,2
76200,50,3,47,2
76201,63,7,56,2
76202,53,10,43,2
76203,50,4,46,2
76204,44,7,37,2
76205,48,3,45,2
76206,51,6,45,2
76207,67,11,56,2
76208,48,6,42,2
76209,56,6,50,2
76210,44,6,38,2
76211,51,8,43,2
76212,51,8,43,2
76213,54,4,50,2
76214,50,7,43,2
76215,59,10,49,2
76216,63,7,56,2
76217,70,8,62,2
76218,51,6,45,2
76219,55,7,48,2
76221,52,9,43,2
76222,48,3,45,2
76223,52,2,50,2
76224,54,1,53,2
76225,48,5,43,2
76226,63,11,52,2
76227,56,10,46,2
76228,55,6,49,2
76229,52,6,46,2
76231,39,2,37,2
76232,46,8,38,2
76233,65,10,55,2
76234,47,7,40,2
76235,72,14,58,2
76236,47,8,39,2
76237,63,8,55,2
76238,50,8,42,2
76239,57,5,52,2
76240,64,9,55,2
76241,61,7,54,2
76242,61,9,52,2
76243,51,7,44,2
76244,67,7,60,2
76245,52,6,46,2
76246,52,4,48,2
76247,71,11,60,2
76248,48,5,43,2
76249,41,6,35,2
76250,57,5,52,2
76251,58,5,53,2
76252,54,9,45,2
76253,59,8,51,2
76254,44,0,44,1
76255,55,2,53,2
76256,57,9,48,2
76257,62,4,58,2
76258,57,5,52,2
76259,51,4,47,2
76260,68,4,64,2
76261,47,6,41,2
76262,45,6,39,2
76263,46,7,39,2
76264,58,6,52,2
76265,52,10,42,2
76266,72,10,62,2
76267,62,7,55,2
76268,58,4,54,2
76269,53,6,47,2
76270,63,8,55,2
76271,49,5,44,2
76272,44,7,37,2
76273,55,8,47,2
76274,34,2,32,2
76275,57,6,51,2
76276,60,6,54,2
76277,50,6,44,2
76278,50,5,45,2
76279,46,10,36,2
76280,58,6,52,2
76281,58,11,47,2
76282,48,5,43,2
76283,55,3,52,2
76284,52,3,49,2
76285,51,8,43,2
76286,53,4,49,2
76287,69,10,59,2
76288,54,8,46,2
76289,54,6,48,2
76290,81,3,78,2
76291,63,10,53,2
76292,50,5,45,2
76293,46,7,39,2
76294,40,6,34,2
76295,43,2,41,2
76296,58,8,50,2
76297,54,12,42,2
76298,42,8,34,2
76299,64,9,55,2
76300,47,3,44,2
76301,54,5,49,2
76302,44,6,38,2
76303,43,7,36,2
76304,54,5,49,2
76305,53,7,46,2
76306,57,5,52,2
76307,52,5,47,2
76308,58,5,53,2
76309,44,7,37,2
76310,53,8,45,2
76311,46,1,45,2
76312,48,2,46,2
76313,59,7,52,2
76314,63,9,54,2
76315,45,2,43,2
76316,45,5,40,2
76317,54,6,48,2
76318,42,6,36,2
76319,53,7,46,2
76320,65,10,55,2
76321,53,5,48,2
76322,57,10,47,2
76323,42,6,36,2
76324,59,5,54,2
76325,57,8,49,2
76326,46,5,41,2
76327,60,8,52,2
76328,61,4,57,2
76329,54,8,46,2
76330,50,14,36,2
76331,61,5,56,2
76332,76,6,70,2
76333,55,5,50,2
76334,49,4,45,2
76335,48,7,41,2
76336,59,8,51,2
76337,48,4,44,2
76338,48,8,40,2
76339,52,6,46,2
76340,43,1,42,2
76341,52,6,46,2
76342,70,9,61,2
76343,64,6,58,2
76344,56,8,48,2
76345,52,3,49,2
76346,49,8,41,2
76347,46,8,38,2
76348,48,3,45,2
76349,56,7,49,2
76350,54,4,50,2
76351,60,10,50,2
76352,44,4,40,2
76353,60,7,53,2
76354,40,4,36,2
76355,58,13,45,2
76356,55,11,44,2
76357,68,9,59,2
76358,47,5,42,2
76359,61,8,53,2
76360,50,11,39,2
76361,49,7,42,2
76362,60,5,55,2
76363,56,3,53,2
76364,52,7,45,2
76365,55,7,48,2
76366,53,7,46,2
76367,54,4,50,2
76368,55,3,52,2
76369,52,6,46,2
76370,43,8,35,2
76371,56,14,42,2
76372,63,8,55,2
76373,52,5,47,2
76374,48,6,42,2
76375,52,5,47,2
76376,55,4,51,2
76377,38,6,32,2
76378,55,7,48,2
76379,47,3,44,2
76380,51,7,44,2
76381,47,6,41,2
76382,54,8,46,2
76383,55,6,49,2
76384,58,10,48,2
76385,51,3,48,2
76386,54,8,46,2
76387,60,7,53,2
76388,50,8,42,2
76389,56,11,45,2
76390,51,7,44,2
76391,45,4,41,2
76392,58,6,52,2
76393,55,8,47,2
76394,57,5,52,2
76395,40,3,37,2
76396,53,6,47,2
76397,47,3,44,2
76398,52,3,49,2
76399,54,6,48,2
76400,57,6,51,2
76401,50,7,43,2
76402,59,5,54,2
76403,56,7,49,2
76404,51,8,43,2
76405,53,4,49,2
76406,54,6,48,2
76407,58,6,52,2
76408,37,2,35,2
76409,48,1,47,2
76410,52,8,44,2
76411,64,6,58,2
76412,53,3,50,2
76413,49,8,41,2
76414,53,6,47,2
76415,50,3,47,2
76416,41,9,32,2
76417,49,4,45,2
76418,49,6,43,2
76419,56,7,49,2
76420,64,11,53,2
76421,54,7,47,2
76422,68,5,63,2
76423,68,11,57,2
76424,49,9,40,2
76425,52,9,43,2
76426,55,8,47,2
76427,56,10,46,2
76428,57,3,54,2
76429,48,7,41,2
76430,49,8,41,2
76431,42,5,37,2
76432,50,4,46,2
76433,58,9,49,2
76434,55,6,49,2
76435,49,4,45,2
76436,58,6,52,2
76437,53,6,47,2
76438,55,4,51,2
76439,59,7,52,2
76440,59,8,51,2
76441,50,6,44,2
76442,47,8,39,2
76443,58,6,52,2
76444,64,8,56,2
76445,58,10,48,2
76446,49,5,44,2
76447,50,2,48,2
76448,62,5,57,2
76449,65,7,58,2
76450,55,6,49,2
76451,60,10,50,2
76452,66,4,62,2
76453,47,9,38,2
76454,47,4,43,2
76455,53,11,42,2
76456,58,11,47,2
76457,48,5,43,2
76458,55,6,49,2
76459,53,7,46,2
76460,52,2,50,2
76461,50,2,48,2
76462,51,5,46,2
76463,62,10,52,2
76464,59,6,53,2
76465,46,11,35,2
76466,48,5,43,2
76467,63,10,53,2
76468,48,6,42,2
76469,51,5,46,2
76470,58,7,51,2
76471,59,9,50,2
76472,51,3,48,2
76473,49,4,45,2
76474,50,8,42,2
76475,51,3,48,2
76476,51,5,46,2
76477,42,8,34,2
76478,64,5,59,2
76479,45,7,38,2
76480,54,6,48,2
76481,72,8,64,2
76482,49,4,45,2
76483,48,9,39,2
76484,60,8,52,2
76485,55,4,51,2
76486,46,7,39,2
76487,56,10,46,2
76488,53,13,40,2
76489,53,3,50,2
76490,55,5,50,2
76491,64,9,55,2
76492,57,7,50,2
76493,59,11,48,2
76494,56,10,46,2
76495,43,6,37,2
76496,52,11,41,2
76497,52,11,41,2
76498,50,4,46,2
76499,58,5,53,2
76500,58,4,54,2
76501,45,7,38,2
76502,54,9,45,2
76503,53,8,45,2
76504,53,8,45,2
76505,57,8,49,2
76506,52,5,47,2
76507,57,5,52,2
76508,51,3,48,2
76509,54,9,45,2
76510,60,10,50,2
76511,61,7,54,2
76512,48,4,44,2
76513,48,9,39,2
76514,59,6,53,2
76515,52,5,47,2
76516,62,9,53,2
76517,52,5,47,2
76518,57,7,50,2
76519,50,7,43,2
76520,40,7,33,2
76521,56,11,45,2
76522,70,10,60,2
76523,59,9,50,2
76524,51,11,40,2
76525,39,3,36,2
76526,64,9,55,2
76527,61,7,54,2
76528,59,9,50,2
76529,57,2,55,2
76530,59,7,52,2
76531,47,3,44,2
76532,51,6,45,2
76533,52,8,44,2
76534,57,5,52,2
76535,62,5,57,2
76536,55,11,44,2
76537,49,3,46,2
76538,65,7,58,2
76539,42,4,38,2
76540,43,6,37,2
76541,65,10,55,2
76542,60,7,53,2
76543,45,7,38,2
76544,56,10,46,2
76545,53,6,47,2
76546,51,7,44,2
76547,59,8,51,2
76548,58,8,50,2
76549,61,8,53,2
76550,63,7,56,2
76551,51,6,45,2
76552,52,6,46,2
76553,60,5,55,2
76554,63,6,57,2
76555,69,8,61,2
76556,55,8,47,2
76557,45,7,38,2
76558,54,4,50,2
76559,61,6,55,2
76560,64,5,59,2
76561,54,10,44,2
76562,64,7,57,2
76563,46,7,39,2
76564,61,7,54,2
76565,53,2,51,2
76566,47,6,41,2
76567,60,10,50,2
76568,48,9,39,2
76569,57,9,48,2
76570,67,11,56,2
76571,55,4,51,2
76572,51,7,44,2
76573,47,6,41,2
76574,51,3,48,2
76575,65,10,55,2
76576,55,9,46,2
76577,58,5,53,2
76578,53,12,41,2
76579,52,11,41,2
76580,58,7,51,2
76581,67,6,61,2
76582,60,7,53,2
76583,55,9,46,2
76584,49,2,47,2
76585,53,6,47,2
76586,64,8,56,2
76587,59,5,54,2
76588,53,4,49,2
76589,51,7,44,2
76590,50,9,41,2
76591,57,9,48,2
76592,40,2,38,2
76593,48,8,40,2
76594,55,3,52,2
76595,63,10,53,2
76596,54,6,48,2
76597,55,3,52,2
76598,57,6,51,2
76599,54,4,50,2
76600,51,9,42,2
76601,49,7,42,2
76602,57,4,53,2
76603,47,11,36,2
76604,45,4,41,2
76605,48,7,41,2
76606,61,10,51,2
76607,49,5,44,2
76608,55,7,48,2
76609,59,7,52,2
76610,53,5,48,2
76611,48,6,42,2
76612,49,4,45,2
76613,49,5,44,2
76614,59,6,53,2
76615,49,8,41,2
76616,54,4,50,2
76617,41,5,36,2
76618,56,8,48,2
76619,69,11,58,2
76620,62,7,55,2
76621,75,11,64,2
76622,55,7,48,2
76623,61,8,53,2
76624,50,5,45,2
76625,54,6,48,2
76626,50,4,46,2
76627,45,3,42,2
76628,52,5,47,2
76629,56,6,50,2
76630,65,14,51,2
76631,55,6,49,2
76632,48,7,41,2
76633,43,3,40,2
76634,48,2,46,2
76635,52,10,42,2
76636,59,4,55,2
76637,51,5,46,2
76638,48,3,45,2
76639,47,7,40,2
76640,63,7,56,2
76641,56,5,51,2
76642,58,4,54,2
76643,42,7,35,2
76644,59,6,53,2
76645,62,7,55,2
76646,44,6,38,2
76647,55,6,49,2
76648,59,5,54,2
76649,60,7,53,2
76650,51,8,43,2
76651,43,5,38,2
76652,45,6,39,2
76653,60,9,51,2
76654,60,7,53,2
76655,65,12,53,2
76656,60,14,46,2
76657,57,4,53,2
76658,50,5,45,2
76659,44,4,40,2
76660,58,8,50,2
76661,54,4,50,2
76662,53,3,50,2
76663,55,6,49,2
76664,48,4,44,2
76665,45,5,40,2
76666,45,5,40,2
76667,76,8,68,2
76668,57,13,44,2
76669,50,9,41,2
76670,49,4,45,2
76671,58,5,53,2
76672,53,6,47,2
76673,49,5,44,2
76674,55,6,49,2
76675,58,7,51,2
76676,55,5,50,2
76677,51,5,46,2
76678,58,6,52,2
76679,54,6,48,2
76680,57,13,44,2
76681,58,9,49,2
76682,44,7,37,2
76683,61,9,52,2
76684,53,7,46,2
76685,63,7,56,2
76686,54,7,47,2
76687,56,6,50,2
76688,52,5,47,2
76689,53,8,45,2
76690,63,9,54,2
76691,42,1,41,2
76692,43,4,39,2
76693,55,6,49,2
76694,64,13,51,2
76695,51,2,49,2
76696,47,3,44,2
76697,46,8,38,2
76698,62,11,51,2
76699,57,5,52,2
76700,58,10,48,2
76701,60,10,50,2
76702,42,5,37,2
76703,50,5,45,2
76704,63,7,56,2
76705,62,8,54,2
76706,61,5,56,2
76707,61,5,56,2
76708,51,4,47,2
76709,57,9,48,2
76710,56,4,52,2
76711,35,4,31,2
76712,50,5,45,2
76713,38,4,34,2
76714,50,5,45,2
76715,49,9,40,2
76716,63,11,52,2
76717,55,4,51,2
76718,58,11,47,2
76719,51,6,45,2
76720,64,13,51,2
76721,67,8,59,2
76722,57,10,47,2
76723,55,4,51,2
76724,42,4,38,2
76725,55,8,47,2
76726,50,8,42,2
76727,49,6,43,2
76728,45,4,41,2
76729,53,7,46,2
76730,61,6,55,2
76731,50,6,44,2
76732,62,8,54,2
76733,49,2,47,2
76734,53,5,48,2
76735,46,8,38,2
76736,46,4,42,2
76737,59,10,49,2
76738,48,4,44,2
76739,51,11,40,2
76740,47,4,43,2
76741,60,7,53,2
76742,46,6,40,2
76743,53,6,47,2
76744,47,5,42,2
76745,49,4,45,2
76746,47,5,42,2
76747,50,7,43,2
76748,64,8,56,2
76749,56,12,44,2
76750,50,9,41,2
76751,58,6,52,2
76752,58,6,52,2
76753,61,6,55,2
76754,50,10,40,2
76755,52,3,49,2
76756,62,9,53,2
76757,49,7,42,2
76758,61,4,57,2
76759,44,5,39,2
76760,46,1,45,2
76761,59,2,57,2
76762,53,4,49,2
76763,45,7,38,2
76764,57,8,49,2
76765,62,4,58,2
76766,44,3,41,2
76767,70,10,60,2
76768,60,7,53,2
76769,58,8,50,2
76770,65,6,59,2
76771,52,4,48,2
76772,49,6,43,2
76773,57,7,50,2
76774,62,8,54,2
76775,64,9,55,2
76776,44,6,38,2
76777,55,4,51,2
76778,61,6,55,2
76779,40,5,35,2
76780,55,7,48,2
76781,44,2,42,2
76782,47,4,43,2
76783,47,2,45,2
76784,58,11,47,2
76785,60,7,53,2
76786,58,9,49,2
76787,63,6,57,2
76788,47,7,40,2
76789,59,7,52,2
76790,52,6,46,2
76791,67,7,60,2
76792,58,7,51,2
76793,54,7,47,2
76794,58,7,51,2
76795,56,8,48,2
76796,63,8,55,2
76797,72,7,65,2
76798,65,7,58,2
76799,67,9,58,2
76800,53,10,43,2
76801,55,4,51,2
76802,47,8,39,2
76803,39,6,33,2
76804,47,8,39,2
76805,65,10,55,2
76806,42,2,40,2
76807,50,5,45,2
76808,47,4,43,2
76809,49,6,43,2
76810,50,2,48,2
76811,65,8,57,2
76812,47,10,37,2
76813,60,8,52,2
76814,58,7,51,2
76815,56,8,48,2
76816,51,7,44,2
76817,57,2,55,2
76818,50,6,44,2
76819,50,5,45,2
76820,53,7,46,2
76821,57,5,52,2
76822,71,10,61,2
76823,56,4,52,2
76824,52,3,49,2
76825,54,7,47,2
76826,57,9,48,2
76827,45,5,40,2
76828,57,7,50,2
76829,60,13,47,2
76830,57,6,51,2
76831,43,2,41,2
76832,61,9,52,2
76833,63,4,59,2
76834,46,4,42,2
76835,46,9,37,2
76836,57,9,48,2
76837,50,3,47,2
76838,54,7,47,2
76839,53,6,47,2
76840,57,3,54,2
76841,41,4,37,2
76842,53,7,46,2
76843,6,6,0,1
76844,77,8,69,2
76845,63,7,56,2
76846,61,7,54,2
76847,54,3,51,2
76848,54,4,50,2
76849,43,5,38,2
76850,53,6,47,2
76851,50,6,44,2
76852,57,4,53,2
76853,60,12,48,2
76854,67,7,60,2
76855,64,11,53,2
76856,44,8,36,2
76857,49,4,45,2
76858,65,10,55,2
76859,53,4,49,2
76860,47,7,40,2
76861,66,5,61,2
76862,50,7,43,2
76863,62,7,55,2
76864,63,4,59,2
76865,54,6,48,2
76866,56,9,47,2
76867,50,8,42,2
76868,59,6,53,2
76869,54,5,49,2
76870,37,3,34,2
76871,57,6,51,2
76872,54,7,47,2
76873,58,5,53,2
76874,75,7,68,2
76875,43,6,37,2
76876,56,5,51,2
76877,63,5,58,2
76878,56,6,50,2
76879,60,10,50,2
76880,62,5,57,2
76881,52,5,47,2
76882,56,4,52,2
76883,65,8,57,2
76884,48,7,41,2
76885,68,7,61,2
76886,54,3,51,2
76887,49,8,41,2
76888,52,9,43,2
76889,58,6,52,2
76890,59,6,53,2
76891,57,6,51,2
76892,42,4,38,2
76893,49,7,42,2
76894,71,3,68,2
76895,68,9,59,2
76896,57,7,50,2
76897,51,13,38,2
76898,56,6,50,2
76899,47,8,39,2
76900,46,6,40,2
76901,47,5,42,2
76902,66,9,57,2
76903,60,6,54,2
76904,65,9,56,2
76905,49,6,43,2
76906,51,8,43,2
76907,48,13,35,2
76908,47,4,43,2
76909,44,7,37,2
76910,64,9,55,2
76911,60,5,55,2
76912,53,6,47,2
76913,53,5,48,2
76914,59,8,51,2
76915,46,6,40,2
76916,59,6,53,2
76917,59,9,50,2
76918,58,8,50,2
76919,63,10,53,2
76920,53,7,46,2
76921,48,5,43,2
76922,56,9,47,2
76923,58,6,52,2
76924,47,2,45,2
76925,68,8,60,2
76926,54,8,46,2
76927,52,6,46,2
76928,51,7,44,2
76929,64,14,50,2
76930,51,3,48,2
76931,56,7,49,2
76932,57,10,47,2
76933,62,10,52,2
76934,55,3,52,2
76935,59,9,50,2
76936,48,6,42,2
76937,47,10,37,2
76938,59,9,50,2
76939,55,5,50,2
76940,64,11,53,2
76941,53,3,50,2
76942,49,5,44,2
76943,59,10,49,2
76944,52,6,46,2
76945,62,6,56,2
76946,48,10,38,2
76947,61,7,54,2
76948,51,4,47,2
76949,56,6,50,2
76950,54,8,46,2
76951,63,10,53,2
76952,61,2,59,2
76953,64,8,56,2
76954,64,5,59,2
76955,50,1,49,2
76956,60,10,50,2
76957,57,6,51,2
76958,55,7,48,2
76959,43,4,39,2
76960,59,5,54,2
76961,50,7,43,2
76962,68,5,63,2
76963,39,2,37,2
76964,47,7,40,2
76965,46,5,41,2
76966,67,5,62,2
76967,57,3,54,2
76968,65,4,61,2
76969,51,6,45,2
76970,62,5,57,2
76971,51,5,46,2
76972,71,12,59,2
76973,58,9,49,2
76974,50,4,46,2
76975,62,5,57,2
76976,57,7,50,2
76977,46,6,40,2
76978,59,7,52,2
76979,61,6,55,2
76980,54,4,50,2
76981,55,5,50,2
76982,61,8,53,2
76983,55,7,48,2
76984,47,7,40,2
76985,52,8,44,2
76986,50,8,42,2
76987,55,4,51,2
76988,63,5,58,2
76989,63,6,57,2
76990,50,3,47,2
76991,60,5,55,2
76992,61,6,55,2
76993,48,6,42,2
76994,57,8,49,2
76995,67,9,58,2
76996,65,6,59,2
76997,46,4,42,2
76998,56,3,53,2
76999,56,10,46,2
77000,67,10,57,2
77001,63,8,55,2
77002,55,6,49,2
77003,60,9,51,2
77004,65,7,58,2
77005,55,2,53,2
77006,54,6,48,2
77007,44,6,38,2
77008,43,6,37,2
77009,50,7,43,2
77010,55,9,46,2
77011,59,5,54,2
77012,46,2,44,2
77013,50,4,46,2
77014,54,7,47,2
77015,38,7,31,2
77016,55,8,47,2
77017,53,4,49,2
77018,53,9,44,2
77019,55,9,46,2
77020,61,4,57,2
77021,54,3,51,2
77022,61,11,50,2
77023,49,4,45,2
77024,55,7,48,2
77025,57,4,53,2
77026,59,5,54,2
77027,53,6,47,2
77028,59,4,55,2
77029,60,8,52,2
77030,46,3,43,2
77031,65,6,59,2
77032,37,8,29,2
77033,64,7,57,2
77034,57,5,52,2
77035,49,6,43,2
77036,65,7,58,2
77037,55,7,48,2
77038,58,5,53,2
77039,54,6,48,2
77040,59,4,55,2
77041,55,7,48,2
77042,51,3,48,2
77043,54,7,47,2
77044,60,7,53,2
77045,48,6,42,2
77046,60,5,55,2
77047,52,9,43,2
77048,68,9,59,2
77049,64,7,57,2
77050,72,10,62,2
77051,65,9,56,2
77052,72,8,64,2
77053,64,12,52,2
77054,59,4,55,2
77055,54,7,47,2
77056,54,10,44,2
77057,59,12,47,2
77058,50,9,41,2
77059,62,9,53,2
77060,70,10,60,2
77061,65,6,59,2
77062,46,2,44,2
77063,49,6,43,2
77064,62,11,51,2
77065,54,4,50,2
77066,51,8,43,2
77067,49,4,45,2
77068,51,5,46,2
77069,50,10,40,2
77070,52,3,49,2
77071,52,2,50,2
77072,52,5,47,2
77073,53,7,46,2
77074,46,6,40,2
77075,70,11,59,2
77076,51,8,43,2
77077,48,6,42,2
77078,49,6,43,2
77079,58,4,54,2
77080,60,8,52,2
77081,56,7,49,2
77082,48,4,44,2
77083,48,6,42,2
77084,61,13,48,2
77085,53,5,48,2
77086,48,7,41,2
77087,52,4,48,2
77088,53,7,46,2
77089,56,11,45,2
77090,58,5,53,2
77091,48,7,41,2
77092,52,9,43,2
77093,76,10,66,2
77094,55,9,46,2
77095,59,8,51,2
77096,57,9,48,2
77097,44,4,40,2
77098,64,4,60,2
77099,44,6,38,2
77100,58,3,55,2
77101,65,6,59,2
77102,63,6,57,2
77103,49,4,45,2
77104,58,4,54,2
77105,48,5,43,2
77106,65,7,58,2
77107,41,8,33,2
77108,47,7,40,2
77109,63,11,52,2
77110,61,12,49,2
77111,54,4,50,2
77112,48,6,42,2
77113,45,7,38,2
77114,64,12,52,2
77115,62,9,53,2
77116,42,7,35,2
77117,56,9,47,2
77118,61,10,51,2
77119,53,8,45,2
77120,43,7,36,2
77121,62,5,57,2
77122,50,8,42,2
77123,52,4,48,2
77124,50,6,44,2
77125,54,8,46,2
77126,50,2,48,2
77127,45,4,41,2
77128,49,9,40,2
77129,63,7,56,2
77130,50,3,47,2
77131,53,5,48,2
77132,46,4,42,2
77133,60,10,50,2
77134,68,7,61,2
77135,53,6,47,2
77136,65,4,61,2
77137,58,6,52,2
77138,61,5,56,2
77139,54,2,52,2
77140,51,11,40,2
77141,64,5,59,2
77142,57,10,47,2
77143,55,4,51,2
77144,58,10,48,2
77145,50,10,40,2
77146,46,3,43,2
77147,57,9,48,2
77148,57,10,47,2
77149,53,5,48,2
77150,56,1,55,2
77151,47,8,39,2
77152,54,5,49,2
77153,42,5,37,2
77154,69,8,61,2
77155,62,7,55,2
77156,55,6,49,2
77157,65,6,59,2
77158,57,8,49,2
77159,51,4,47,2
77160,49,6,43,2
77161,44,7,37,2
77162,59,6,53,2
77163,59,6,53,2
77164,61,6,55,2
77165,40,3,37,2
77166,52,7,45,2
77167,63,9,54,2
77168,57,11,46,2
77169,46,6,40,2
77170,56,7,49,2
77171,53,4,49,2
77172,61,10,51,2
77173,49,6,43,2
77174,52,8,44,2
77175,57,8,49,2
77176,56,4,52,2
77177,61,14,47,2
77178,51,5,46,2
77179,56,5,51,2
77180,43,4,39,2
77181,60,2,58,2
77182,51,6,45,2
77183,65,7,58,2
77184,52,6,46,2
77185,57,3,54,2
77186,50,9,41,2
77187,59,5,54,2
77188,51,11,40,2
77189,45,8,37,2
77190,53,11,42,2
77191,64,9,55,2
77192,47,4,43,2
77193,49,11,38,2
77194,55,5,50,2
77195,62,7,55,2
77196,59,6,53,2
77197,56,4,52,2
77198,51,8,43,2
77199,60,4,56,2
77200,50,13,37,2
77201,51,4,47,2
77202,60,5,55,2
77203,52,6,46,2
77204,50,6,44,2
77205,54,6,48,2
77206,50,6,44,2
77207,52,2,50,2
77208,65,5,60,2
77209,49,11,38,2
77210,52,4,48,2
77211,56,7,49,2
77212,51,7,44,2
77213,50,3,47,2
77214,70,6,64,2
77215,49,1,48,2
77216,54,6,48,2
77217,53,6,47,2
77218,51,5,46,2
77219,51,7,44,2
77220,61,7,54,2
77221,68,10,58,2
77222,49,5,44,2
77223,62,8,54,2
77224,57,3,54,2
77225,47,8,39,2
77226,53,7,46,2
77227,53,4,49,2
77228,60,10,50,2
77229,59,7,52,2
77230,56,11,45,2
77231,48,11,37,2
77232,48,10,38,2
77233,51,1,50,2
77234,56,8,48,2
77235,50,6,44,2
77236,59,8,51,2
77237,46,8,38,2
77238,60,7,53,2
77240,45,6,39,2
77241,52,6,46,2
77242,55,7,48,2
77243,44,5,39,2
77244,49,9,40,2
77245,49,5,44,2
77246,64,4,60,2
77247,61,9,52,2
77248,53,8,45,2
77249,55,8,47,2
77250,51,7,44,2
77251,59,4,55,2
77252,59,3,56,2
77253,61,8,53,2
77254,69,6,63,2
77255,68,6,62,2
77256,56,11,45,2
77257,56,6,50,2
77258,55,6,49,2
77259,49,6,43,2
77260,64,7,57,2
77261,47,7,40,2
77262,46,7,39,2
77263,49,1,48,2
77264,64,8,56,2
77265,53,9,44,2
77266,53,7,46,2
77267,61,9,52,2
77268,63,5,58,2
77269,50,10,40,2
77270,49,1,48,2
77271,56,4,52,2
77272,61,10,51,2
77273,50,8,42,2
77274,50,5,45,2
77275,66,12,54,2
77276,49,4,45,2
77277,56,6,50,2
77278,50,10,40,2
77279,55,3,52,2
77280,54,6,48,2
77281,69,10,59,2
77282,61,10,51,2
77283,57,5,52,2
77284,60,7,53,2
77285,50,5,45,2
77286,57,3,54,2
77287,45,5,40,2
77288,59,5,54,2
77289,49,4,45,2
77290,70,8,62,2
77291,56,10,46,2
77292,55,5,50,2
77293,68,13,55,2
77294,45,4,41,2
77295,50,8,42,2
77296,67,7,60,2
77297,55,7,48,2
77298,44,4,40,2
77299,67,7,60,2
77300,39,1,38,2
77301,63,7,56,2
77302,61,4,57,2
77303,61,9,52,2
77304,47,5,42,2
77305,54,12,42,2
77306,52,6,46,2
77307,64,13,51,2
77308,53,10,43,2
77309,48,2,46,2
77310,61,6,55,2
77311,54,7,47,2
77312,48,5,43,2
77313,55,11,44,2
77314,54,4,50,2
77315,67,10,57,2
77316,43,2,41,2
77317,54,4,50,2
77318,46,4,42,2
77319,49,3,46,2
77320,54,2,52,2
77321,51,11,40,2
77322,45,4,41,2
77323,56,9,47,2
77324,54,4,50,2
77325,55,8,47,2
77326,45,2,43,2
77327,51,8,43,2
77328,59,4,55,2
77329,57,10,47,2
77330,50,6,44,2
77331,63,13,50,2
77332,51,6,45,2
77333,53,11,42,2
77334,52,5,47,2
77335,56,6,50,2
77336,53,9,44,2
77337,51,8,43,2
77338,48,2,46,2
77339,48,9,39,2
77340,47,9,38,2
77341,50,6,44,2
77342,54,5,49,2
77343,55,4,51,2
77344,42,2,40,2
77345,48,6,42,2
77346,46,5,41,2
77347,47,6,41,2
77348,49,6,43,2
77349,56,4,52,2
77350,55,11,44,2
77351,57,8,49,2
77352,63,7,56,2
77353,55,5,50,2
77354,49,9,40,2
77355,50,2,48,2
77356,49,6,43,2
77357,53,3,50,2
77358,62,8,54,2
77359,63,5,58,2
77360,53,2,51,2
77361,57,6,51,2
77362,53,10,43,2
77363,48,4,44,2
77364,50,2,48,2
77365,43,4,39,2
77366,61,7,54,2
77367,70,6,64,2
77368,70,12,58,2
77369,51,5,46,2
77370,71,12,59,2
77371,54,7,47,2
77372,65,9,56,2
77373,63,10,53,2
77374,49,2,47,2
77375,55,6,49,2
77376,61,10,51,2
77377,48,6,42,2
77378,50,5,45,2
77379,49,7,42,2
77380,49,8,41,2
77381,58,6,52,2
77382,38,7,31,2
77383,43,7,36,2
77384,56,8,48,2
77385,41,4,37,2
77386,50,7,43,2
77387,69,11,58,2
77388,43,4,39,2
77389,59,5,54,2
77390,56,6,50,2
77391,64,11,53,2
77392,53,4,49,2
77393,43,4,39,2
77394,49,6,43,2
77395,51,9,42,2
77396,54,5,49,2
77397,63,10,53,2
77398,53,3,50,2
77399,65,8,57,2
77400,75,7,68,2
77401,59,5,54,2
77402,57,5,52,2
77403,48,4,44,2
77404,58,6,52,2
77405,62,7,55,2
77406,56,6,50,2
77407,45,4,41,2
77408,42,6,36,2
77409,59,5,54,2
77410,64,9,55,2
77411,71,7,64,2
77412,47,8,39,2
77413,43,2,41,2
77414,60,8,52,2
77415,36,7,29,2
77416,59,9,50,2
77417,53,2,51,2
77418,52,4,48,2
77419,60,7,53,2
77420,46,3,43,2
77421,59,6,53,2
77422,43,4,39,2
77423,49,8,41,2
77424,51,5,46,2
77425,65,7,58,2
77426,45,2,43,2
77427,57,6,51,2
77428,50,8,42,2
77429,48,4,44,2
77430,53,7,46,2
77431,53,2,51,2
77432,46,4,42,2
77433,56,2,54,2
77435,60,6,54,2
77436,52,8,44,2
77437,55,8,47,2
77438,51,3,48,2
77439,60,4,56,2
77440,43,7,36,2
77441,49,9,40,2
77442,52,6,46,2
77443,59,10,49,2
77444,45,6,39,2
77445,37,5,32,2
77446,44,5,39,2
77447,52,7,45,2
77448,55,8,47,2
77449,44,4,40,2
77450,57,9,48,2
77451,42,5,37,2
77452,58,8,50,2
77453,47,7,40,2
77454,61,9,52,2
77455,55,6,49,2
77456,54,7,47,2
77457,59,5,54,2
77458,58,6,52,2
77459,60,7,53,2
77460,37,7,30,2
77461,43,5,38,2
77462,64,11,53,2
77463,65,3,62,2
77464,55,5,50,2
77465,48,6,42,2
77466,54,9,45,2
77467,56,3,53,2
77468,65,8,57,2
77469,52,8,44,2
77470,57,7,50,2
77471,50,6,44,2
77472,53,5,48,2
77473,57,10,47,2
77474,47,4,43,2
77475,55,8,47,2
77476,59,5,54,2
77477,49,10,39,2
77478,60,4,56,2
77479,54,6,48,2
77480,45,7,38,2
77481,49,7,42,2
77482,58,7,51,2
77483,41,2,39,2
77484,54,3,51,2
77485,63,8,55,2
77486,40,5,35,2
77487,67,3,64,2
77488,41,4,37,2
77489,45,3,42,2
77490,53,2,51,2
77491,51,8,43,2
77492,54,7,47,2
77493,41,3,38,2
77494,66,12,54,2
77495,54,5,49,2
77496,55,7,48,2
77497,58,3,55,2
77498,52,4,48,2
77499,49,8,41,2
77500,53,10,43,2
77501,53,5,48,2
77502,52,8,44,2
77503,44,4,40,2
77504,61,4,57,2
77505,57,5,52,2
77506,61,4,57,2
77507,54,11,43,2
77508,47,6,41,2
77509,63,8,55,2
77510,55,7,48,2
77511,57,5,52,2
77512,57,5,52,2
77513,51,8,43,2
77514,46,7,39,2
77515,48,5,43,2
77516,48,3,45,2
77517,68,9,59,2
77518,58,6,52,2
77519,64,12,52,2
77520,57,4,53,2
77521,52,3,49,2
77522,51,4,47,2
77523,54,14,40,2
77524,46,5,41,2
77525,59,8,51,2
77526,55,2,53,2
77527,50,3,47,2
77528,39,1,38,2
77529,37,7,30,2
77530,54,3,51,2
77531,67,8,59,2
77532,54,7,47,2
77533,50,7,43,2
77534,57,4,53,2
77535,45,6,39,2
77536,46,5,41,2
77537,60,5,55,2
77538,43,6,37,2
77539,49,6,43,2
77540,53,7,46,2
77541,51,8,43,2
77542,57,6,51,2
77543,41,4,37,2
77544,52,4,48,2
77545,46,6,40,2
77546,57,8,49,2
77547,45,4,41,2
77548,44,5,39,2
77549,41,9,32,2
77550,51,7,44,2
77551,51,6,45,2
77552,60,8,52,2
77553,56,8,48,2
77554,54,6,48,2
77555,40,6,34,2
77556,74,12,62,2
77557,60,5,55,2
77558,57,9,48,2
77559,65,7,58,2
77560,63,8,55,2
77561,63,11,52,2
77562,61,14,47,2
77563,49,4,45,2
77564,49,4,45,2
77565,45,9,36,2
77566,46,5,41,2
77567,43,2,41,2
77568,61,9,52,2
77569,64,9,55,2
77570,60,2,58,2
77571,46,4,42,2
77572,53,6,47,2
77573,44,5,39,2
77574,49,6,43,2
77575,57,6,51,2
77576,46,2,44,2
77577,57,5,52,2
77578,61,10,51,2
77579,46,7,39,2
77580,42,4,38,2
77581,49,4,45,2
77582,46,7,39,2
77583,45,11,34,2
77584,52,5,47,2
77585,50,9,41,2
77586,56,5,51,2
77587,49,7,42,2
77588,46,4,42,2
77589,57,5,52,2
77590,54,7,47,2
77591,58,9,49,2
77592,50,6,44,2
77593,48,5,43,2
77594,76,10,66,2
77595,58,8,50,2
77596,65,6,59,2
77597,46,6,40,2
77598,52,5,47,2
77599,46,6,40,2
77600,63,9,54,2
77601,56,8,48,2
77602,68,8,60,2
77603,52,6,46,2
77604,51,4,47,2
77605,35,2,33,2
77606,69,8,61,2
77607,62,13,49,2
77608,58,8,50,2
77609,73,11,62,2
77610,45,5,40,2
77611,51,10,41,2
77612,63,6,57,2
77613,46,2,44,2
77614,74,11,63,2
77615,68,11,57,2
77616,61,5,56,2
77617,62,7,55,2
77618,57,7,50,2
77619,55,6,49,2
77620,45,4,41,2
77621,52,5,47,2
77622,67,6,61,2
77623,60,6,54,2
77624,54,6,48,2
77625,61,11,50,2
77626,62,6,56,2
77627,56,4,52,2
77628,68,8,60,2
77629,56,10,46,2
77630,51,8,43,2
77631,53,8,45,2
77632,47,4,43,2
77633,45,4,41,2
77634,49,4,45,2
77635,61,6,55,2
77636,44,5,39,2
77637,56,2,54,2
77638,52,6,46,2
77639,43,3,40,2
77640,54,6,48,2
77641,55,12,43,2
77642,42,4,38,2
77643,40,2,38,2
77644,56,8,48,2
77645,46,2,44,2
77646,55,12,43,2
77647,52,7,45,2
77648,51,6,45,2
77649,52,8,44,2
77650,66,11,55,2
77651,63,6,57,2
77652,54,4,50,2
77653,56,7,49,2
77654,71,5,66,2
77655,56,3,53,2
77656,49,3,46,2
77657,49,8,41,2
77658,48,11,37,2
77659,53,7,46,2
77660,58,10,48,2
77661,47,3,44,2
77662,56,6,50,2
77663,45,10,35,2
77664,54,8,46,2
77665,57,7,50,2
77666,49,5,44,2
77667,56,12,44,2
77668,54,7,47,2
77669,62,8,54,2
77670,52,6,46,2
77671,49,7,42,2
77672,62,6,56,2
77673,48,7,41,2
77674,49,4,45,2
77675,45,8,37,2
77676,57,7,50,2
77677,53,4,49,2
77678,67,11,56,2
77679,56,9,47,2
77680,44,6,38,2
77681,53,9,44,2
77682,61,3,58,2
77683,57,8,49,2
77684,64,5,59,2
77685,52,5,47,2
77686,61,7,54,2
77687,46,3,43,2
77688,50,6,44,2
77689,41,5,36,2
77690,68,5,63,2
77691,48,4,44,2
77692,56,8,48,2
77693,57,10,47,2
77694,54,7,47,2
77695,52,3,49,2
77696,49,5,44,2
77697,57,8,49,2
77698,53,10,43,2
77699,64,9,55,2
77700,53,3,50,2
77701,60,8,52,2
77702,58,4,54,2
77703,53,6,47,2
77704,50,14,36,2
77705,63,6,57,2
77706,49,6,43,2
77707,49,8,41,2
77708,41,4,37,2
77709,58,7,51,2
77710,59,4,55,2
77711,57,5,52,2
77712,53,5,48,2
77713,65,3,62,2
77714,68,5,63,2
77715,61,8,53,2
77716,58,8,50,2
77717,46,8,38,2
77718,57,11,46,2
77719,47,5,42,2
77720,52,6,46,2
77721,59,9,50,2
77722,54,4,50,2
77723,64,8,56,2
77724,53,7,46,2
77725,45,5,40,2
77726,52,7,45,2
77727,58,6,52,2
77728,61,8,53,2
77729,51,9,42,2
77730,53,9,44,2
77731,38,4,34,2
77732,50,3,47,2
77733,52,3,49,2
77734,55,7,48,2
77735,60,4,56,2
77736,52,6,46,2
77737,55,5,50,2
77738,51,8,43,2
77739,39,6,33,2
77740,61,7,54,2
77741,55,6,49,2
77742,62,7,55,2
77743,61,11,50,2
77744,56,1,55,2
77745,46,13,33,2
77746,42,2,40,2
77747,68,9,59,2
77748,52,7,45,2
77749,44,11,33,2
77750,33,4,29,2
77751,51,8,43,2
77752,58,3,55,2
77753,63,8,55,2
77754,43,6,37,2
77755,55,8,47,2
77756,54,6,48,2
77757,52,7,45,2
77758,56,7,49,2
77759,64,7,57,2
77760,60,10,50,2
77761,42,3,39,2
77762,48,5,43,2
77763,54,4,50,2
77764,72,7,65,2
77765,54,7,47,2
77766,54,5,49,2
77767,57,12,45,2
77768,59,8,51,2
77769,56,6,50,2
77770,55,4,51,2
77771,52,4,48,2
77772,47,10,37,2
77773,73,12,61,2
77774,66,6,60,2
77775,55,6,49,2
77776,51,4,47,2
77777,38,3,35,2
77778,43,9,34,2
77779,58,7,51,2
77780,46,7,39,2
77781,45,3,42,2
77782,51,6,45,2
77783,46,6,40,2
77784,67,6,61,2
77785,57,9,48,2
77786,56,8,48,2
77787,51,7,44,2
77788,66,5,61,2
77789,55,4,51,2
77790,56,8,48,2
77791,56,11,45,2
77792,54,5,49,2
77793,61,11,50,2
77794,49,6,43,2
77795,63,7,56,2
77796,56,6,50,2
77797,63,6,57,2
77798,64,9,55,2
77799,51,10,41,2
77800,56,7,49,2
77801,68,10,58,2
77802,49,8,41,2
77803,48,5,43,2
77804,63,8,55,2
77805,68,5,63,2
77806,53,9,44,2
77807,54,5,49,2
77808,52,9,43,2
77809,59,7,52,2
77810,57,4,53,2
77812,52,6,46,2
77813,48,5,43,2
77814,51,7,44,2
77815,60,11,49,2
77816,73,9,64,2
77817,60,4,56,2
77818,56,6,50,2
77819,50,8,42,2
77820,61,8,53,2
77821,48,5,43,2
77822,59,5,54,2
77823,48,3,45,2
77824,52,7,45,2
77825,38,8,30,2
77826,61,9,52,2
77827,53,5,48,2
77828,52,2,50,2
77829,44,6,38,2
77830,52,5,47,2
77831,52,6,46,2
77832,56,10,46,2
77833,44,5,39,2
77834,58,9,49,2
77835,59,7,52,2
77836,53,8,45,2
77837,42,5,37,2
77838,59,6,53,2
77839,46,6,40,2
77840,68,8,60,2
77841,44,4,40,2
77842,60,6,54,2
77843,60,8,52,2
77844,57,8,49,2
77845,49,2,47,2
77846,46,6,40,2
77847,61,9,52,2
77848,44,2,42,2
77849,65,11,54,2
77850,55,8,47,2
77851,63,10,53,2
77852,44,3,41,2
77853,48,9,39,2
77854,42,5,37,2
77855,46,8,38,2
77856,59,2,57,2
77857,60,10,50,2
77858,62,11,51,2
77859,58,3,55,2
77860,48,6,42,2
77861,47,5,42,2
77862,46,4,42,2
77863,50,5,45,2
77864,54,2,52,2
77865,52,8,44,2
77866,57,6,51,2
77867,49,4,45,2
77868,57,7,50,2
77869,59,8,51,2
77870,57,5,52,2
77871,53,7,46,2
77872,60,4,56,2
77873,58,8,50,2
77874,56,4,52,2
77875,68,8,60,2
77876,49,6,43,2
77877,61,12,49,2
77878,63,4,59,2
77879,51,5,46,2
77880,51,3,48,2
77881,52,5,47,2
77882,40,4,36,2
77883,52,5,47,2
77884,47,7,40,2
77885,50,8,42,2
77886,50,5,45,2
77887,45,6,39,2
77888,56,9,47,2
77889,49,9,40,2
77890,49,8,41,2
77891,60,5,55,2
77892,62,5,57,2
77893,47,7,40,2
77894,54,5,49,2
77895,52,6,46,2
77896,57,9,48,2
77897,62,6,56,2
77898,53,6,47,2
77899,45,3,42,2
77900,46,4,42,2
77901,56,5,51,2
77902,59,5,54,2
77903,52,3,49,2
77904,42,3,39,2
77905,53,5,48,2
77906,47,4,43,2
77907,48,4,44,2
77908,52,6,46,2
77909,46,5,41,2
77910,64,10,54,2
77911,53,7,46,2
77912,64,10,54,2
77913,52,4,48,2
77914,62,6,56,2
77915,48,6,42,2
77916,55,5,50,2
77917,60,13,47,2
77918,41,5,36,2
77919,59,6,53,2
77920,69,6,63,2
77921,59,4,55,2
77922,53,8,45,2
77923,62,3,59,2
77924,48,3,45,2
77925,55,5,50,2
77926,49,4,45,2
77927,61,7,54,2
77928,46,5,41,2
77929,58,5,53,2
77930,45,7,38,2
77931,59,4,55,2
77932,47,8,39,2
77933,62,10,52,2
77934,47,7,40,2
77935,72,6,66,2
77936,54,12,42,2
77937,59,8,51,2
77938,53,6,47,2
77939,54,2,52,2
77940,52,10,42,2
77941,64,10,54,2
77942,49,6,43,2
77943,46,9,37,2
77944,56,8,48,2
77945,56,5,51,2
77946,38,9,29,2
77947,57,10,47,2
77948,53,4,49,2
77949,67,13,54,2
77950,55,2,53,2
77951,58,5,53,2
77952,63,3,60,2
77953,68,6,62,2
77954,53,7,46,2
77955,57,8,49,2
77956,61,11,50,2
77957,60,5,55,2
77958,48,8,40,2
77959,60,6,54,2
77960,72,10,62,2
77961,56,7,49,2
77962,44,8,36,2
77963,41,2,39,2
77964,60,6,54,2
77965,59,7,52,2
77966,69,7,62,2
77967,59,7,52,2
77968,55,12,43,2
77969,47,2,45,2
77970,47,6,41,2
77971,43,4,39,2
77972,54,6,48,2
77973,46,3,43,2
77974,56,2,54,2
77975,48,9,39,2
77976,54,9,45,2
77977,57,4,53,2
77978,61,4,57,2
77979,69,9,60,2
77980,60,8,52,2
77981,51,4,47,2
77982,54,5,49,2
77983,51,2,49,2
77984,62,10,52,2
77985,47,4,43,2
77986,56,6,50,2
77987,49,12,37,2
77988,51,6,45,2
77989,50,6,44,2
77990,58,6,52,2
77991,59,5,54,2
77992,52,8,44,2
77993,59,8,51,2
77994,47,5,42,2
77995,50,12,38,2
77996,54,9,45,2
77997,45,5,40,2
77998,57,10,47,2
77999,58,5,53,2
78000,52,8,44,2
78001,48,7,41,2
78002,56,8,48,2
78003,46,4,42,2
78004,62,7,55,2
78005,65,7,58,2
78006,48,5,43,2
78007,42,5,37,2
78008,61,7,54,2
78009,55,5,50,2
78010,44,5,39,2
78011,65,6,59,2
78012,49,7,42,2
78013,61,10,51,2
78014,65,8,57,2
78015,60,14,46,2
78016,52,3,49,2
78017,56,8,48,2
78018,53,10,43,2
78019,57,3,54,2
78020,51,5,46,2
78021,59,9,50,2
78022,64,6,58,2
78023,43,3,40,2
78024,50,8,42,2
78025,50,6,44,2
78026,71,8,63,2
78027,56,7,49,2
78028,55,6,49,2
78029,43,6,37,2
78030,45,2,43,2
78031,74,9,65,2
78032,46,8,38,2
78033,61,6,55,2
78034,65,14,51,2
78035,57,12,45,2
78036,59,9,50,2
78037,47,4,43,2
78038,61,3,58,2
78039,58,7,51,2
78040,55,5,50,2
78041,51,7,44,2
78042,56,2,54,2
78043,65,5,60,2
78044,56,8,48,2
78045,53,8,45,2
78046,66,9,57,2
78047,50,1,49,2
78048,62,9,53,2
78049,45,4,41,2
78050,42,6,36,2
78051,51,3,48,2
78052,51,10,41,2
78053,56,5,51,2
78054,49,7,42,2
78055,42,8,34,2
78056,64,9,55,2
78057,52,9,43,2
78058,54,8,46,2
78059,46,10,36,2
78060,66,10,56,2
78061,59,10,49,2
78062,59,4,55,2
78063,61,4,57,2
78064,57,5,52,2
78065,60,7,53,2
78066,64,5,59,2
78067,51,7,44,2
78068,52,9,43,2
78069,56,4,52,2
78070,51,5,46,2
78071,58,7,51,2
78072,43,2,41,2
78073,54,5,49,2
78074,36,1,35,2
78075,60,7,53,2
78076,63,7,56,2
78077,50,5,45,2
78078,52,14,38,2
78079,51,5,46,2
78080,58,8,50,2
78081,73,10,63,2
78082,58,7,51,2
78083,62,7,55,2
78084,68,3,65,2
78085,54,5,49,2
78086,56,7,49,2
78087,57,9,48,2
78088,66,9,57,2
78089,64,9,55,2
78090,52,4,48,2
78091,71,7,64,2
78092,64,7,57,2
78093,68,8,60,2
78094,50,5,45,2
78095,54,4,50,2
78096,58,7,51,2
78097,42,5,37,2
78098,62,8,54,2
78099,60,8,52,2
78100,54,6,48,2
78101,55,7,48,2
78102,64,4,60,2
78103,59,5,54,2
78104,41,6,35,2
78105,59,5,54,2
78106,52,7,45,2
78107,57,9,48,2
78108,48,1,47,2
78109,68,9,59,2
78110,52,7,45,2
78111,60,11,49,2
78112,63,8,55,2
78113,58,7,51,2
78114,51,5,46,2
78115,43,5,38,2
78116,52,8,44,2
78117,48,4,44,2
78118,52,5,47,2
78119,58,6,52,2
78120,59,4,55,2
78121,60,4,56,2
78122,63,11,52,2
78123,50,10,40,2
78124,63,9,54,2
78125,65,11,54,2
78126,46,3,43,2
78127,67,8,59,2
78128,60,6,54,2
78129,60,9,51,2
78130,61,7,54,2
78131,56,9,47,2
78132,46,8,38,2
78133,43,6,37,2
78134,54,6,48,2
78135,53,4,49,2
78136,49,5,44,2
78137,53,14,39,2
78138,61,7,54,2
78139,55,6,49,2
78140,52,6,46,2
78141,42,5,37,2
78142,57,5,52,2
78143,43,3,40,2
78144,45,6,39,2
78145,52,5,47,2
78146,50,5,45,2
78147,53,5,48,2
78148,57,4,53,2
78149,63,4,59,2
78150,62,5,57,2
78151,55,9,46,2
78152,49,8,41,2
78153,54,3,51,2
78154,44,6,38,2
78155,50,8,42,2
78156,48,4,44,2
78157,71,7,64,2
78158,47,8,39,2
78159,59,10,49,2
78160,65,13,52,2
78161,60,4,56,2
78162,46,5,41,2
78163,67,8,59,2
78164,63,10,53,2
78165,54,8,46,2
78166,60,5,55,2
78167,53,10,43,2
78168,66,7,59,2
78169,47,4,43,2
78170,53,6,47,2
78171,55,6,49,2
78172,56,5,51,2
78173,59,10,49,2
78174,50,3,47,2
78175,53,7,46,2
78176,45,9,36,2
78177,61,7,54,2
78178,55,5,50,2
78179,58,2,56,2
78180,58,8,50,2
78181,51,7,44,2
78182,47,7,40,2
78183,41,6,35,2
78184,54,10,44,2
78185,56,7,49,2
78186,60,10,50,2
78187,63,7,56,2
78188,80,10,70,2
78189,58,9,49,2
78190,56,6,50,2
78191,75,11,64,2
78192,50,8,42,2
78193,49,8,41,2
78194,64,2,62,2
78195,50,4,46,2
78196,57,8,49,2
78197,61,7,54,2
78198,50,8,42,2
78199,50,5,45,2
78200,66,8,58,2
78201,53,5,48,2
78202,53,5,48,2
78203,62,6,56,2
78204,74,8,66,2
78205,39,2,37,2
78206,66,6,60,2
78207,58,5,53,2
78208,58,5,53,2
78209,42,3,39,2
78210,55,6,49,2
78211,49,10,39,2
78212,41,7,34,2
78213,55,3,52,2
78214,64,9,55,2
78215,68,7,61,2
78216,58,9,49,2
78217,69,9,60,2
78218,42,5,37,2
78219,59,4,55,2
78220,63,11,52,2
78221,49,2,47,2
78222,37,2,35,2
78223,47,4,43,2
78224,50,5,45,2
78225,50,5,45,2
78226,49,5,44,2
78227,51,7,44,2
78228,51,5,46,2
78229,56,5,51,2
78230,47,3,44,2
78231,45,5,40,2
78232,63,9,54,2
78233,57,7,50,2
78234,62,7,55,2
78235,44,5,39,2
78236,52,6,46,2
78237,49,5,44,2
78238,60,9,51,2
78239,43,10,33,2
78240,48,6,42,2
78241,47,6,41,2
78242,50,8,42,2
78243,65,6,59,2
78244,53,4,49,2
78245,50,7,43,2
78246,59,8,51,2
78247,48,4,44,2
78248,71,6,65,2
78249,51,3,48,2
78250,53,8,45,2
78251,49,6,43,2
78252,64,7,57,2
78253,70,8,62,2
78254,56,8,48,2
78255,52,3,49,2
78256,43,4,39,2
78257,70,6,64,2
78258,54,4,50,2
78259,58,12,46,2
78260,54,7,47,2
78261,52,7,45,2
78262,52,5,47,2
78263,49,4,45,2
78264,45,5,40,2
78265,61,6,55,2
78266,58,3,55,2
78267,61,7,54,2
78268,61,13,48,2
78269,62,6,56,2
78270,43,4,39,2
78271,61,4,57,2
78272,46,7,39,2
78273,79,6,73,2
78274,56,6,50,2
78275,68,5,63,2
78276,61,3,58,2
78277,55,5,50,2
78278,52,3,49,2
78279,53,10,43,2
78280,50,5,45,2
78281,53,9,44,2
78282,65,6,59,2
78283,51,1,50,2
78284,63,5,58,2
78285,57,13,44,2
78286,66,9,57,2
78287,51,5,46,2
78288,57,3,54,2
78289,54,7,47,2
78290,51,10,41,2
78291,51,8,43,2
78292,53,4,49,2
78293,63,5,58,2
78294,49,11,38,2
78295,51,8,43,2
78296,52,11,41,2
78297,59,7,52,2
78298,58,8,50,2
78299,50,5,45,2
78300,60,9,51,2
78301,58,2,56,2
78302,37,3,34,2
78303,58,8,50,2
78304,51,8,43,2
78305,57,7,50,2
78306,59,1,58,2
78307,51,9,42,2
78308,72,13,59,2
78309,54,5,49,2
78310,50,5,45,2
78311,62,4,58,2
78312,47,8,39,2
78313,49,7,42,2
78314,51,4,47,2
78315,67,1,66,2
78316,58,11,47,2
78317,61,7,54,2
78318,74,3,71,2
78319,54,3,51,2
78320,59,8,51,2
78321,67,8,59,2
78322,55,3,52,2
78323,57,6,51,2
78324,51,11,40,2
78325,50,7,43,2
78326,54,7,47,2
78327,58,11,47,2
78328,59,6,53,2
78329,60,9,51,2
78330,55,5,50,2
78331,54,6,48,2
78332,53,2,51,2
78333,54,5,49,2
78334,47,4,43,2
78335,61,10,51,2
78336,53,11,42,2
78337,64,5,59,2
78338,63,7,56,2
78339,71,4,67,2
78340,50,9,41,2
78341,47,6,41,2
78342,64,6,58,2
78343,54,7,47,2
78344,68,12,56,2
78345,60,4,56,2
78346,48,5,43,2
78347,57,8,49,2
78348,64,10,54,2
78349,52,4,48,2
78350,41,6,35,2
78351,67,7,60,2
78352,51,3,48,2
78353,58,6,52,2
78354,43,5,38,2
78355,46,11,35,2
78356,74,9,65,2
78357,49,0,49,1
78358,53,9,44,2
78359,54,3,51,2
78360,69,10,59,2
78361,66,5,61,2
78362,65,14,51,2
78363,51,8,43,2
78364,46,4,42,2
78365,41,5,36,2
78366,53,6,47,2
78367,47,6,41,2
78368,54,7,47,2
78369,45,7,38,2
78370,59,7,52,2
78371,51,5,46,2
78372,53,5,48,2
78373,55,8,47,2
78374,53,7,46,2
78375,57,3,54,2
78376,60,5,55,2
78377,1,0,1,1
78378,49,8,41,2
78379,46,5,41,2
78380,50,7,43,2
78381,66,8,58,2
78382,64,12,52,2
78383,54,5,49,2
78384,57,7,50,2
78385,51,7,44,2
78386,50,8,42,2
78387,50,5,45,2
78388,58,9,49,2
78389,59,6,53,2
78390,52,10,42,2
78391,41,9,32,2
78392,48,6,42,2
78393,58,6,52,2
78394,55,10,45,2
78395,69,5,64,2
78396,49,6,43,2
78397,58,5,53,2
78398,52,7,45,2
78399,63,7,56,2
78400,57,10,47,2
78401,65,7,58,2
78402,72,7,65,2
78403,48,6,42,2
78404,53,11,42,2
78405,53,6,47,2
78406,61,7,54,2
78407,47,6,41,2
78408,68,9,59,2
78409,59,4,55,2
78410,59,13,46,2
78411,53,8,45,2
78412,55,10,45,2
78413,50,8,42,2
78414,41,2,39,2
78415,46,6,40,2
78416,55,4,51,2
78417,73,16,57,2
78418,46,2,44,2
78419,49,5,44,2
78420,56,8,48,2
78421,53,4,49,2
78422,56,4,52,2
78423,55,3,52,2
78424,59,9,50,2
78425,66,7,59,2
78426,49,5,44,2
78427,46,8,38,2
78428,46,6,40,2
78429,44,3,41,2
78430,40,4,36,2
78431,51,7,44,2
78432,44,5,39,2
78433,49,6,43,2
78434,49,3,46,2
78435,53,7,46,2
78436,57,2,55,2
78437,49,4,45,2
78438,50,6,44,2
78439,40,8,32,2
78440,43,0,43,1
78441,48,5,43,2
78442,59,6,53,2
78443,51,6,45,2
78444,50,5,45,2
78445,57,8,49,2
78446,52,8,44,2
78447,56,8,48,2
78448,59,7,52,2
78449,57,5,52,2
78450,57,6,51,2
78451,47,6,41,2
78452,58,5,53,2
78453,59,9,50,2
78454,49,11,38,2
78455,52,7,45,2
78456,39,5,34,2
78457,57,3,54,2
78458,55,3,52,2
78459,43,7,36,2
78460,46,5,41,2
78461,59,6,53,2
78462,67,14,53,2
78463,42,6,36,2
78464,51,4,47,2
78465,54,6,48,2
78466,70,9,61,2
78467,59,10,49,2
78468,54,3,51,2
78469,48,4,44,2
78470,59,7,52,2
78471,67,6,61,2
78472,57,5,52,2
78473,57,3,54,2
78474,53,10,43,2
78475,48,5,43,2
78476,55,7,48,2
78477,58,6,52,2
78478,53,11,42,2
78479,58,6,52,2
78480,66,6,60,2
78481,61,11,50,2
78482,45,9,36,2
78483,52,8,44,2
78484,48,8,40,2
78485,56,2,54,2
78486,54,4,50,2
78487,68,10,58,2
78488,62,9,53,2
78489,52,8,44,2
78490,56,6,50,2
78491,63,6,57,2
78492,35,2,33,2
78493,52,7,45,2
78494,55,6,49,2
78495,44,6,38,2
78496,47,8,39,2
78497,55,7,48,2
78498,58,7,51,2
78499,68,7,61,2
78500,53,8,45,2
78501,66,6,60,2
78502,64,10,54,2
78503,58,5,53,2
78504,62,6,56,2
78505,47,2,45,2
78506,39,2,37,2
78507,61,6,55,2
78508,46,8,38,2
78509,48,3,45,2
78510,57,5,52,2
78511,55,12,43,2
78512,52,5,47,2
78513,53,12,41,2
78514,42,1,41,2
78515,42,5,37,2
78516,57,5,52,2
78517,51,4,47,2
78518,51,4,47,2
78519,58,10,48,2
78520,41,8,33,2
78521,43,4,39,2
78522,57,5,52,2
78523,54,4,50,2
78524,53,6,47,2
78525,46,2,44,2
78526,57,13,44,2
78527,53,5,48,2
78528,55,9,46,2
78529,61,10,51,2
78530,72,9,63,2
78531,49,9,40,2
78532,59,6,53,2
78533,56,8,48,2
78534,47,6,41,2
78535,47,1,46,2
78536,54,5,49,2
78537,52,3,49,2
78538,52,8,44,2
78539,55,6,49,2
78540,61,7,54,2
78541,53,9,44,2
78542,56,8,48,2
78543,45,3,42,2
78544,40,7,33,2
78545,48,6,42,2
78546,67,5,62,2
78547,50,5,45,2
78548,49,4,45,2
78549,65,12,53,2
78550,59,9,50,2
78551,50,7,43,2
78552,55,4,51,2
78553,51,1,50,2
78554,64,7,57,2
78555,50,9,41,2
78556,60,10,50,2
78557,48,11,37,2
78558,52,10,42,2
78559,52,9,43,2
78560,47,9,38,2
78561,57,7,50,2
78562,52,5,47,2
78563,40,2,38,2
78564,50,5,45,2
78565,60,9,51,2
78566,64,12,52,2
78567,58,2,56,2
78568,55,5,50,2
78569,57,7,50,2
78570,60,11,49,2
78571,52,4,48,2
78572,69,6,63,2
78573,85,13,72,2
78574,45,6,39,2
78575,67,14,53,2
78576,51,4,47,2
78577,59,5,54,2
78578,52,8,44,2
78579,56,7,49,2
78580,53,6,47,2
78581,59,10,49,2
78582,57,6,51,2
78583,53,7,46,2
78584,51,6,45,2
78585,58,8,50,2
78586,51,5,46,2
78587,41,7,34,2
78588,70,8,62,2
78589,47,3,44,2
78590,45,4,41,2
78591,48,7,41,2
78592,48,8,40,2
78593,44,5,39,2
78594,48,8,40,2
78595,58,8,50,2
78596,64,8,56,2
78597,51,1,50,2
78598,50,8,42,2
78599,54,7,47,2
78600,53,4,49,2
78601,56,2,54,2
78602,49,5,44,2
78603,59,6,53,2
78604,53,8,45,2
78605,71,7,64,2
78606,41,3,38,2
78607,51,5,46,2
78608,57,8,49,2
78609,51,5,46,2
78610,47,2,45,2
78611,44,4,40,2
78612,74,9,65,2
78613,61,8,53,2
78614,45,5,40,2
78615,60,7,53,2
78616,57,7,50,2
78617,58,7,51,2
78618,61,7,54,2
78619,52,4,48,2
78620,55,10,45,2
78621,50,5,45,2
78622,50,6,44,2
78623,51,10,41,2
78624,65,9,56,2
78625,54,10,44,2
78626,55,5,50,2
78627,66,7,59,2
78628,51,2,49,2
78629,61,6,55,2
78630,46,3,43,2
78631,58,7,51,2
78632,56,9,47,2
78633,66,7,59,2
78634,48,7,41,2
78635,58,5,53,2
78636,55,7,48,2
78637,47,4,43,2
78638,48,10,38,2
78639,66,8,58,2
78640,58,6,52,2
78641,53,9,44,2
78642,70,7,63,2
78643,50,2,48,2
78644,53,4,49,2
78645,45,6,39,2
78646,30,3,27,2
78647,56,5,51,2
78648,38,4,34,2
78649,59,5,54,2
78650,56,8,48,2
78651,46,9,37,2
78652,47,9,38,2
78653,47,6,41,2
78654,56,13,43,2
78655,61,8,53,2
78656,56,8,48,2
78657,61,7,54,2
78658,66,14,52,2
78659,48,6,42,2
78660,41,6,35,2
78661,62,8,54,2
78662,62,5,57,2
78663,49,10,39,2
78664,67,6,61,2
78665,49,5,44,2
78666,47,7,40,2
78667,45,8,37,2
78668,49,2,47,2
78669,54,6,48,2
78670,49,1,48,2
78671,46,5,41,2
78672,65,8,57,2
78673,56,4,52,2
78674,48,10,38,2
78675,60,5,55,2
78676,50,5,45,2
78677,49,7,42,2
78678,49,4,45,2
78679,52,5,47,2
78680,64,5,59,2
78681,44,9,35,2
78682,46,9,37,2
78683,40,5,35,2
78684,61,7,54,2
78685,43,3,40,2
78686,61,7,54,2
78687,51,9,42,2
78688,65,3,62,2
78689,56,5,51,2
78690,59,10,49,2
78691,43,7,36,2
78692,47,4,43,2
78693,45,6,39,2
78694,54,3,51,2
78695,54,7,47,2
78696,59,9,50,2
78697,52,6,46,2
78698,58,6,52,2
78699,58,8,50,2
78700,47,3,44,2
78701,55,7,48,2
78703,56,3,53,2
78704,55,6,49,2
78705,56,8,48,2
78706,53,5,48,2
78707,52,4,48,2
78708,50,6,44,2
78709,70,12,58,2
78710,45,8,37,2
78711,56,4,52,2
78712,50,8,42,2
78713,55,5,50,2
78714,54,4,50,2
78715,52,6,46,2
78716,50,8,42,2
78717,59,10,49,2
78718,57,5,52,2
78719,48,6,42,2
78720,54,1,53,2
78721,57,4,53,2
78722,57,8,49,2
78723,62,8,54,2
78724,50,5,45,2
78725,68,9,59,2
78726,52,5,47,2
78727,59,10,49,2
78728,66,11,55,2
78729,57,7,50,2
78730,44,3,41,2
78731,57,5,52,2
78732,59,6,53,2
78733,49,7,42,2
78734,48,2,46,2
78735,63,6,57,2
78736,59,4,55,2
78737,46,5,41,2
78738,66,8,58,2
78739,49,5,44,2
78740,48,10,38,2
78741,49,4,45,2
78742,57,5,52,2
78743,56,8,48,2
78744,58,7,51,2
78745,60,6,54,2
78746,52,8,44,2
78747,59,5,54,2
78748,53,9,44,2
78749,47,8,39,2
78750,55,5,50,2
78751,60,8,52,2
78752,59,7,52,2
78753,52,6,46,2
78754,50,2,48,2
78755,47,5,42,2
78756,65,12,53,2
78757,53,8,45,2
78758,54,7,47,2
78759,50,5,45,2
78760,55,5,50,2
78761,50,3,47,2
78763,62,13,49,2
78764,54,5,49,2
78765,59,5,54,2
78766,51,9,42,2
78767,58,11,47,2
78768,49,5,44,2
78769,47,6,41,2
78770,53,6,47,2
78771,62,13,49,2
78772,45,7,38,2
78773,54,7,47,2
78774,48,7,41,2
78775,44,6,38,2
78776,57,5,52,2
78777,52,9,43,2
78778,49,4,45,2
78779,54,8,46,2
78780,55,8,47,2
78781,52,6,46,2
78782,61,10,51,2
78783,56,5,51,2
78784,53,4,49,2
78785,48,8,40,2
78786,48,4,44,2
78787,45,8,37,2
78788,48,7,41,2
78789,51,8,43,2
78790,49,4,45,2
78791,48,3,45,2
78792,44,7,37,2
78793,45,4,41,2
78794,56,8,48,2
78795,56,5,51,2
78796,50,5,45,2
78797,60,8,52,2
78798,62,8,54,2
78799,52,10,42,2
78800,54,8,46,2
78801,63,15,48,2
78802,54,5,49,2
78803,60,7,53,2
78804,65,7,58,2
78805,57,3,54,2
78806,65,9,56,2
78807,48,4,44,2
78808,43,9,34,2
78809,50,8,42,2
78810,45,9,36,2
78811,61,8,53,2
78812,49,1,48,2
78813,46,5,41,2
78814,60,8,52,2
78815,69,8,61,2
78816,49,3,46,2
78817,64,10,54,2
78818,49,4,45,2
78819,58,9,49,2
78820,51,4,47,2
78821,56,8,48,2
78822,60,5,55,2
78823,61,6,55,2
78824,51,9,42,2
78825,50,7,43,2
78826,63,5,58,2
78827,53,5,48,2
78829,50,4,46,2
78830,45,2,43,2
78831,69,11,58,2
78832,56,7,49,2
78833,50,7,43,2
78834,52,8,44,2
78835,51,10,41,2
78836,49,7,42,2
78837,58,6,52,2
78838,35,5,30,2
78839,54,8,46,2
78840,59,9,50,2
78841,55,6,49,2
78842,52,4,48,2
78843,43,3,40,2
78844,48,7,41,2
78845,60,6,54,2
78846,48,3,45,2
78847,69,7,62,2
78848,56,8,48,2
78849,58,14,44,2
78850,60,8,52,2
78851,62,6,56,2
78852,51,7,44,2
78853,53,8,45,2
78854,49,7,42,2
78855,58,6,52,2
78856,47,8,39,2
78857,53,4,49,2
78858,57,4,53,2
78859,58,9,49,2
78860,56,7,49,2
78861,51,2,49,2
78862,53,4,49,2
78863,51,9,42,2
78864,51,5,46,2
78865,58,9,49,2
78866,50,6,44,2
78867,55,8,47,2
78868,62,5,57,2
78869,50,8,42,2
78870,52,4,48,2
78871,56,10,46,2
78873,50,10,40,2
78874,52,8,44,2
78875,44,5,39,2
78876,52,7,45,2
78877,55,9,46,2
78878,54,3,51,2
78879,51,6,45,2
78880,52,4,48,2
78881,58,5,53,2
78882,51,10,41,2
78883,46,9,37,2
78884,54,10,44,2
78885,57,7,50,2
78886,61,8,53,2
78887,62,11,51,2
78888,52,7,45,2
78889,60,5,55,2
78890,61,5,56,2
78891,63,9,54,2
78892,41,5,36,2
78893,55,7,48,2
78894,46,5,41,2
78895,51,8,43,2
78896,44,6,38,2
78897,59,8,51,2
78898,78,16,62,2
78899,48,4,44,2
78900,66,9,57,2
78901,54,6,48,2
78902,63,7,56,2
78903,48,8,40,2
78904,64,5,59,2
78905,57,6,51,2
78906,45,6,39,2
78907,59,6,53,2
78908,69,8,61,2
78909,51,5,46,2
78910,61,7,54,2
78911,61,5,56,2
78912,47,5,42,2
78913,66,9,57,2
78914,65,9,56,2
78915,50,5,45,2
78916,58,9,49,2
78917,68,8,60,2
78918,52,5,47,2
78919,50,5,45,2
78920,64,10,54,2
78921,58,3,55,2
78922,57,6,51,2
78923,52,6,46,2
78924,49,5,44,2
78925,48,4,44,2
78926,47,9,38,2
78927,63,13,50,2
78928,66,9,57,2
78929,56,6,50,2
78930,52,11,41,2
78931,44,4,40,2
78932,53,7,46,2
78933,78,11,67,2
78934,53,4,49,2
78935,43,3,40,2
78936,59,10,49,2
78937,65,6,59,2
78938,47,7,40,2
78939,53,5,48,2
78940,50,5,45,2
78941,58,4,54,2
78942,49,5,44,2
78943,60,10,50,2
78944,51,1,50,2
78945,60,6,54,2
78946,53,7,46,2
78947,46,3,43,2
78948,61,7,54,2
78949,58,6,52,2
78950,59,8,51,2
78951,55,4,51,2
78952,64,4,60,2
78953,39,4,35,2
78954,57,5,52,2
78955,56,5,51,2
78956,43,1,42,2
78957,68,8,60,2
78958,48,10,38,2
78959,58,7,51,2
78960,70,9,61,2
78961,63,8,55,2
78962,66,6,60,2
78963,50,6,44,2
78964,53,10,43,2
78965,49,5,44,2
78966,51,7,44,2
78967,52,3,49,2
78968,58,11,47,2
78969,52,2,50,2
78970,53,5,48,2
78971,53,8,45,2
78972,53,4,49,2
78973,55,5,50,2
78974,67,10,57,2
78975,47,4,43,2
78976,45,6,39,2
78977,52,7,45,2
78978,63,7,56,2
78979,58,5,53,2
78980,38,5,33,2
78981,58,9,49,2
78982,59,6,53,2
78983,47,4,43,2
78984,53,5,48,2
78985,70,4,66,2
78986,54,9,45,2
78987,48,5,43,2
78988,62,6,56,2
78989,54,9,45,2
78990,52,12,40,2
78991,62,5,57,2
78992,60,7,53,2
78993,52,1,51,2
78994,59,5,54,2
78995,55,6,49,2
78996,46,10,36,2
78997,41,5,36,2
78998,62,8,54,2
78999,62,4,58,2
79000,50,4,46,2
79001,57,6,51,2
79002,68,13,55,2
79003,56,10,46,2
79004,62,4,58,2
79005,55,4,51,2
79006,69,9,60,2
79007,55,6,49,2
79008,57,6,51,2
79009,60,6,54,2
79010,55,10,45,2
79011,49,3,46,2
79012,52,6,46,2
79013,47,8,39,2
79014,46,9,37,2
79015,54,8,46,2
79016,62,12,50,2
79017,65,9,56,2
79018,60,8,52,2
79019,62,13,49,2
79020,62,8,54,2
79021,59,7,52,2
79022,60,8,52,2
79023,62,6,56,2
79024,54,5,49,2
79025,60,7,53,2
79026,54,5,49,2
79027,48,8,40,2
79028,52,6,46,2
79029,57,3,54,2
79030,38,5,33,2
79031,60,6,54,2
79032,55,4,51,2
79033,46,6,40,2
79034,32,4,28,2
79035,42,2,40,2
79036,61,4,57,2
79037,61,9,52,2
79038,57,6,51,2
79039,41,5,36,2
79040,57,6,51,2
79041,55,14,41,2
79042,58,8,50,2
79043,52,5,47,2
79044,50,7,43,2
79045,61,14,47,2
79046,42,6,36,2
79047,69,7,62,2
79048,65,10,55,2
79049,48,3,45,2
79050,48,3,45,2
79051,54,4,50,2
79052,51,8,43,2
79053,48,7,41,2
79054,55,6,49,2
79055,59,7,52,2
79056,48,9,39,2
79057,51,6,45,2
79058,55,7,48,2
79059,44,5,39,2
79060,57,4,53,2
79061,51,7,44,2
79062,53,9,44,2
79063,56,6,50,2
79064,52,3,49,2
79065,55,5,50,2
79066,60,8,52,2
79067,43,3,40,2
79068,50,10,40,2
79069,50,9,41,2
79070,51,4,47,2
79071,61,12,49,2
79072,63,3,60,2
79073,54,8,46,2
79074,52,11,41,2
79075,47,5,42,2
79076,48,5,43,2
79077,54,3,51,2
79078,44,8,36,2
79079,64,8,56,2
79080,62,7,55,2
79081,58,6,52,2
79082,48,11,37,2
79083,59,9,50,2
79084,65,8,57,2
79085,41,6,35,2
79086,62,4,58,2
79087,79,9,70,2
79088,47,5,42,2
79089,54,6,48,2
79090,58,5,53,2
79091,54,10,44,2
79092,66,10,56,2
79093,44,4,40,2
79094,60,6,54,2
79095,58,4,54,2
79096,56,7,49,2
79097,58,5,53,2
79098,57,12,45,2
79099,49,6,43,2
79100,56,7,49,2
79101,42,8,34,2
79102,73,12,61,2
79103,58,5,53,2
79104,53,7,46,2
79105,52,7,45,2
79106,59,2,57,2
79107,48,5,43,2
79108,63,8,55,2
79109,66,11,55,2
79110,65,6,59,2
79111,54,4,50,2
79112,55,11,44,2
79113,52,6,46,2
79114,50,4,46,2
79115,42,5,37,2
79116,63,3,60,2
79117,55,7,48,2
79118,58,3,55,2
79119,38,7,31,2
79120,56,9,47,2
79121,48,3,45,2
79122,55,8,47,2
79123,58,5,53,2
79124,66,8,58,2
79125,62,4,58,2
79126,49,6,43,2
79127,43,1,42,2
79128,40,4,36,2
79129,39,4,35,2
79130,68,8,60,2
79131,55,6,49,2
79132,54,8,46,2
79133,48,5,43,2
79134,52,6,46,2
79135,54,3,51,2
79136,48,8,40,2
79137,56,6,50,2
79138,47,5,42,2
79139,56,6,50,2
79140,66,8,58,2
79141,51,7,44,2
79142,67,5,62,2
79143,49,9,40,2
79144,57,5,52,2
79145,46,6,40,2
79146,53,7,46,2
79147,48,5,43,2
79148,64,10,54,2
79149,64,2,62,2
79150,53,9,44,2
79151,49,3,46,2
79152,64,7,57,2
79153,63,6,57,2
79154,49,8,41,2
79155,40,7,33,2
79156,69,3,66,2
79157,44,4,40,2
79158,54,8,46,2
79159,43,6,37,2
79160,57,3,54,2
79161,71,11,60,2
79162,55,6,49,2
79163,49,6,43,2
79164,58,6,52,2
79165,54,3,51,2
79166,48,8,40,2
79167,63,7,56,2
79168,51,8,43,2
79169,62,4,58,2
79170,46,7,39,2
79171,47,4,43,2
79172,63,4,59,2
79173,50,6,44,2
79174,47,2,45,2
79175,58,6,52,2
79176,54,6,48,2
79177,62,7,55,2
79178,53,5,48,2
79179,50,7,43,2
79180,61,5,56,2
79181,65,7,58,2
79182,40,7,33,2
79183,57,9,48,2
79184,53,2,51,2
79185,44,6,38,2
79186,59,8,51,2
79187,54,2,52,2
79188,51,10,41,2
79189,49,4,45,2
79190,55,6,49,2
79191,47,5,42,2
79192,52,11,41,2
79193,44,5,39,2
79194,51,8,43,2
79195,46,7,39,2
79196,60,5,55,2
79197,52,5,47,2
79198,57,9,48,2
79199,55,3,52,2
79200,57,5,52,2
79201,53,4,49,2
79202,48,2,46,2
79203,46,7,39,2
79204,62,9,53,2
79205,59,5,54,2
79206,58,7,51,2
79207,41,9,32,2
79208,53,9,44,2
79209,49,10,39,2
79210,60,7,53,2
79211,56,5,51,2
79212,42,7,35,2
79213,54,9,45,2
79214,56,7,49,2
79215,59,7,52,2
79216,55,6,49,2
79217,60,4,56,2
79218,43,6,37,2
79219,56,9,47,2
79220,63,3,60,2
79221,56,8,48,2
79222,65,7,58,2
79223,64,10,54,2
79224,53,9,44,2
79225,56,5,51,2
79226,61,9,52,2
79227,52,4,48,2
79228,53,3,50,2
79229,43,5,38,2
79230,46,7,39,2
79231,57,6,51,2
79232,59,11,48,2
79233,59,15,44,2
79234,65,5,60,2
79235,56,9,47,2
79236,48,48,0,1
79237,54,6,48,2
79238,51,6,45,2
79239,48,5,43,2
79240,48,5,43,2
79241,53,5,48,2
79242,52,7,45,2
79243,49,7,42,2
79244,52,8,44,2
79245,61,8,53,2
79246,44,10,34,2
79247,58,7,51,2
79248,49,3,46,2
79249,39,2,37,2
79250,51,7,44,2
79251,48,9,39,2
79252,36,3,33,2
79253,58,5,53,2
79254,57,6,51,2
79255,55,6,49,2
79256,52,4,48,2
79257,61,9,52,2
79258,53,8,45,2
79259,66,4,62,2
79260,51,7,44,2
79261,46,2,44,2
79262,52,4,48,2
79263,49,7,42,2
79264,49,4,45,2
79265,43,7,36,2
79266,48,2,46,2
79267,51,5,46,2
79268,56,12,44,2
79269,58,5,53,2
79270,38,2,36,2
79271,49,8,41,2
79272,49,8,41,2
79273,50,10,40,2
79274,51,5,46,2
79275,70,14,56,2
79276,52,6,46,2
79277,54,9,45,2
79278,57,3,54,2
79279,56,4,52,2
79280,61,5,56,2
79281,51,5,46,2
79282,53,6,47,2
79283,55,7,48,2
79284,61,10,51,2
79285,50,6,44,2
79286,51,4,47,2
79287,53,4,49,2
79288,52,4,48,2
79289,50,7,43,2
79290,54,9,45,2
79291,71,8,63,2
79292,56,9,47,2
79293,53,9,44,2
79294,63,8,55,2
79295,58,8,50,2
79296,55,7,48,2
79297,51,4,47,2
79298,47,5,42,2
79299,52,1,51,2
79300,53,2,51,2
79301,53,6,47,2
79302,46,5,41,2
79303,57,5,52,2
79304,48,7,41,2
79305,60,8,52,2
79306,54,8,46,2
79307,51,5,46,2
79308,60,9,51,2
79309,61,4,57,2
79310,59,8,51,2
79311,44,3,41,2
79312,65,5,60,2
79313,71,10,61,2
79314,44,0,44,1
79315,45,7,38,2
79316,62,11,51,2
79317,66,8,58,2
79318,53,7,46,2
79319,45,5,40,2
79320,46,3,43,2
79321,40,5,35,2
79322,56,3,53,2
79323,58,7,51,2
79324,60,5,55,2
79325,67,9,58,2
79326,50,8,42,2
79327,47,3,44,2
79328,50,4,46,2
79329,44,4,40,2
79330,60,7,53,2
79331,59,6,53,2
79332,49,10,39,2
79333,45,3,42,2
79334,51,7,44,2
79335,44,1,43,2
79336,49,8,41,2
79337,68,10,58,2
79338,59,4,55,2
79339,50,6,44,2
79340,46,7,39,2
79341,59,9,50,2
79342,58,8,50,2
79343,54,6,48,2
79344,59,5,54,2
79345,56,3,53,2
79346,56,9,47,2
79347,44,7,37,2
79348,60,5,55,2
79349,52,5,47,2
79350,43,1,42,2
79351,61,7,54,2
79352,41,4,37,2
79353,56,10,46,2
79354,60,5,55,2
79355,63,12,51,2
79356,75,14,61,2
79357,56,8,48,2
79358,53,9,44,2
79359,60,8,52,2
79360,69,5,64,2
79361,60,9,51,2
79362,70,9,61,2
79363,45,5,40,2
79364,47,1,46,2
79365,53,6,47,2
79366,59,8,51,2
79367,38,8,30,2
79368,62,3,59,2
79369,45,3,42,2
79370,47,10,37,2
79371,74,8,66,2
79372,52,5,47,2
79373,57,8,49,2
79374,58,6,52,2
79375,42,3,39,2
79376,50,4,46,2
79377,54,3,51,2
79378,60,7,53,2
79379,53,6,47,2
79380,59,9,50,2
79381,52,6,46,2
79382,52,12,40,2
79383,40,6,34,2
79384,48,4,44,2
79385,57,6,51,2
79386,56,6,50,2
79387,45,9,36,2
79388,48,3,45,2
79389,46,2,44,2
79390,59,7,52,2
79391,61,6,55,2
79392,60,11,49,2
79393,56,8,48,2
79394,44,5,39,2
79395,60,6,54,2
79396,48,7,41,2
79397,56,7,49,2
79398,62,5,57,2
79399,52,4,48,2
79400,55,4,51,2
79401,42,1,41,2
79402,58,4,54,2
79403,64,7,57,2
79404,55,8,47,2
79405,54,2,52,2
79406,53,4,49,2
79407,65,8,57,2
79408,61,7,54,2
79409,67,5,62,2
79410,51,7,44,2
79411,49,3,46,2
79412,48,6,42,2
79413,53,2,51,2
79414,61,8,53,2
79415,54,6,48,2
79416,57,6,51,2
79417,54,7,47,2
79418,53,8,45,2
79419,74,6,68,2
79420,55,5,50,2
79421,56,5,51,2
79422,63,15,48,2
79423,61,8,53,2
79424,49,5,44,2
79425,46,7,39,2
79426,37,4,33,2
79427,59,7,52,2
79428,43,5,38,2
79429,55,6,49,2
79430,58,6,52,2
79431,53,5,48,2
79432,61,8,53,2
79433,47,8,39,2
79434,62,4,58,2
79435,51,9,42,2
79436,53,5,48,2
79437,61,6,55,2
79438,51,4,47,2
79439,55,4,51,2
79440,44,4,40,2
79441,54,6,48,2
79442,60,8,52,2
79443,58,3,55,2
79445,65,6,59,2
79446,45,6,39,2
79447,57,2,55,2
79448,73,7,66,2
79449,48,12,36,2
79450,55,6,49,2
79451,62,4,58,2
79452,50,3,47,2
79453,38,3,35,2
79454,59,9,50,2
79455,55,6,49,2
79456,61,5,56,2
79457,51,6,45,2
79458,59,9,50,2
79459,50,4,46,2
79460,50,10,40,2
79461,51,3,48,2
79462,41,7,34,2
79463,45,2,43,2
79464,56,6,50,2
79465,47,5,42,2
79466,64,4,60,2
79468,51,5,46,2
79469,60,12,48,2
79470,63,10,53,2
79471,59,5,54,2
79472,49,5,44,2
79473,53,4,49,2
79474,47,8,39,2
79475,46,5,41,2
79476,46,6,40,2
79477,52,12,40,2
79478,49,4,45,2
79479,60,12,48,2
79480,47,8,39,2
79481,58,13,45,2
79482,62,4,58,2
79483,64,5,59,2
79484,39,4,35,2
79485,50,5,45,2
79486,48,3,45,2
79487,43,5,38,2
79488,49,4,45,2
79489,50,7,43,2
79490,60,6,54,2
79491,47,5,42,2
79492,55,4,51,2
79493,52,8,44,2
79494,56,9,47,2
79495,63,8,55,2
79496,51,7,44,2
79497,52,4,48,2
79498,64,5,59,2
79499,51,4,47,2
79500,51,7,44,2
79501,55,9,46,2
79502,57,8,49,2
79503,59,9,50,2
79504,61,10,51,2
79505,62,14,48,2
79506,42,5,37,2
79507,47,6,41,2
79508,55,5,50,2
79509,45,6,39,2
79510,52,4,48,2
79511,48,7,41,2
79512,48,9,39,2
79513,63,3,60,2
79514,66,11,55,2
79515,60,12,48,2
79516,55,8,47,2
79517,52,3,49,2
79518,42,3,39,2
79519,67,8,59,2
79520,52,8,44,2
79521,54,6,48,2
79522,51,9,42,2
79523,57,6,51,2
79524,60,7,53,2
79525,39,5,34,2
79526,53,1,52,2
79527,54,9,45,2
79528,46,5,41,2
79529,43,6,37,2
79530,55,8,47,2
79531,56,6,50,2
79532,66,5,61,2
79533,74,13,61,2
79534,55,6,49,2
79535,64,6,58,2
79536,59,10,49,2
79537,54,8,46,2
79538,43,7,36,2
79539,61,4,57,2
79540,48,6,42,2
79541,59,6,53,2
79542,61,11,50,2
79543,64,9,55,2
79544,53,8,45,2
79545,61,3,58,2
79546,58,5,53,2
79547,61,8,53,2
79548,57,6,51,2
79549,42,5,37,2
79550,56,8,48,2
79551,63,9,54,2
79552,54,7,47,2
79553,48,5,43,2
79554,48,5,43,2
79555,47,9,38,2
79556,53,4,49,2
79557,31,3,28,2
79558,55,7,48,2
79559,60,5,55,2
79560,68,8,60,2
79561,49,8,41,2
79562,48,3,45,2
79563,59,6,53,2
79564,63,6,57,2
79565,54,7,47,2
79566,55,8,47,2
79567,73,12,61,2
79568,51,5,46,2
79569,48,4,44,2
79570,57,8,49,2
79571,52,7,45,2
79572,43,5,38,2
79573,53,7,46,2
79574,50,7,43,2
79575,60,6,54,2
79576,44,7,37,2
79577,62,10,52,2
79578,60,8,52,2
79579,59,8,51,2
79580,66,12,54,2
79581,38,3,35,2
79582,53,7,46,2
79583,48,4,44,2
79584,55,8,47,2
79585,65,9,56,2
79586,50,7,43,2
79587,52,10,42,2
79588,70,7,63,2
79589,50,6,44,2
79590,70,8,62,2
79591,41,11,30,2
79592,50,2,48,2
79593,61,9,52,2
79594,55,4,51,2
79595,45,6,39,2
79596,55,5,50,2
79597,43,1,42,2
79598,50,7,43,2
79599,51,6,45,2
79600,43,4,39,2
79601,54,7,47,2
79602,46,6,40,2
79603,58,6,52,2
79604,53,10,43,2
79605,51,9,42,2
79606,48,5,43,2
79607,59,9,50,2
79608,54,8,46,2
79609,61,4,57,2
79610,72,11,61,2
79611,63,8,55,2
79612,48,2,46,2
79613,66,10,56,2
79614,48,2,46,2
79615,53,5,48,2
79616,56,5,51,2
79617,47,7,40,2
79618,50,5,45,2
79619,51,7,44,2
79620,60,1,59,2
79621,55,5,50,2
79622,47,3,44,2
79623,63,8,55,2
79624,59,6,53,2
79625,63,12,51,2
79626,56,8,48,2
79627,48,6,42,2
79628,47,9,38,2
79629,50,5,45,2
79630,52,4,48,2
79631,54,3,51,2
79632,52,2,50,2
79633,57,5,52,2
79634,66,10,56,2
79635,54,5,49,2
79636,54,3,51,2
79637,53,6,47,2
79638,54,5,49,2
79639,59,3,56,2
79640,54,11,43,2
79641,62,11,51,2
79642,69,11,58,2
79643,44,4,40,2
79644,60,8,52,2
79645,54,9,45,2
79646,63,10,53,2
79647,49,4,45,2
79648,47,5,42,2
79649,56,7,49,2
79650,58,4,54,2
79651,58,9,49,2
79652,42,4,38,2
79653,63,7,56,2
79654,47,3,44,2
79655,44,2,42,2
79656,48,9,39,2
79657,63,7,56,2
79658,52,11,41,2
79659,57,5,52,2
79660,68,5,63,2
79661,58,6,52,2
79662,44,5,39,2
79663,56,4,52,2
79664,64,8,56,2
79665,54,3,51,2
79666,44,3,41,2
79667,51,4,47,2
79668,53,9,44,2
79669,56,9,47,2
79670,55,9,46,2
79671,49,8,41,2
79672,58,9,49,2
79673,55,6,49,2
79674,45,0,45,1
79675,69,9,60,2
79676,59,5,54,2
79677,67,4,63,2
79678,60,12,48,2
79679,58,9,49,2
79680,63,5,58,2
79681,62,6,56,2
79682,61,10,51,2
79683,60,5,55,2
79684,48,4,44,2
79685,38,4,34,2
79686,55,5,50,2
79687,59,5,54,2
79688,54,5,49,2
79689,51,6,45,2
79690,58,6,52,2
79691,56,7,49,2
79692,57,8,49,2
79693,58,4,54,2
79694,57,5,52,2
79695,50,3,47,2
79696,47,5,42,2
79697,63,12,51,2
79698,46,5,41,2
79699,63,7,56,2
79700,57,10,47,2
79701,62,5,57,2
79702,62,8,54,2
79703,52,6,46,2
79704,49,6,43,2
79705,52,7,45,2
79706,59,5,54,2
79707,68,7,61,2
79708,51,8,43,2
79709,69,5,64,2
79710,56,4,52,2
79711,53,1,52,2
79712,42,3,39,2
79713,56,6,50,2
79714,52,5,47,2
79715,51,12,39,2
79716,59,11,48,2
79717,51,4,47,2
79718,55,13,42,2
79719,45,2,43,2
79720,53,7,46,2
79721,57,10,47,2
79722,41,4,37,2
79723,60,8,52,2
79724,57,7,50,2
79725,69,12,57,2
79726,60,7,53,2
79727,53,3,50,2
79728,53,9,44,2
79729,39,2,37,2
79730,55,6,49,2
79731,45,7,38,2
79732,44,6,38,2
79733,53,6,47,2
79734,54,5,49,2
79735,49,3,46,2
79736,45,4,41,2
79737,51,5,46,2
79738,46,1,45,2
79739,43,9,34,2
79740,42,9,33,2
79741,57,6,51,2
79742,60,5,55,2
79743,56,12,44,2
79744,53,6,47,2
79745,66,6,60,2
79746,48,7,41,2
79747,63,4,59,2
79748,58,10,48,2
79749,58,4,54,2
79750,52,4,48,2
79751,44,5,39,2
79752,60,8,52,2
79753,54,8,46,2
79754,51,5,46,2
79755,65,11,54,2
79756,55,8,47,2
79757,49,4,45,2
79758,56,8,48,2
79759,43,8,35,2
79760,55,6,49,2
79761,61,8,53,2
79762,66,7,59,2
79763,54,4,50,2
79764,41,4,37,2
79765,53,11,42,2
79766,55,6,49,2
79767,51,6,45,2
79768,53,6,47,2
79769,49,3,46,2
79770,34,4,30,2
79771,47,3,44,2
79772,77,11,66,2
79773,66,5,61,2
79774,48,7,41,2
79775,41,8,33,2
79776,56,9,47,2
79777,52,4,48,2
79778,51,4,47,2
79779,58,10,48,2
79780,67,6,61,2
79781,58,4,54,2
79782,54,5,49,2
79783,42,5,37,2
79784,69,9,60,2
79785,59,10,49,2
79786,60,8,52,2
79787,48,9,39,2
79788,56,10,46,2
79789,61,3,58,2
79790,52,7,45,2
79791,53,5,48,2
79792,56,9,47,2
79793,60,4,56,2
79794,52,9,43,2
79795,57,7,50,2
79796,52,6,46,2
79797,65,6,59,2
79798,54,7,47,2
79799,62,11,51,2
79800,51,8,43,2
79801,62,9,53,2
79802,58,11,47,2
79803,59,8,51,2
79804,52,5,47,2
79805,45,6,39,2
79806,51,2,49,2
79807,53,4,49,2
79808,63,5,58,2
79809,50,5,45,2
79810,54,5,49,2
79811,51,6,45,2
79812,57,7,50,2
79813,58,6,52,2
79814,53,8,45,2
79815,48,5,43,2
79816,59,7,52,2
79817,60,4,56,2
79818,57,7,50,2
79819,38,2,36,2
79820,59,5,54,2
79821,51,6,45,2
79822,61,5,56,2
79823,56,4,52,2
79824,72,6,66,2
79825,58,3,55,2
79826,61,10,51,2
79827,69,5,64,2
79828,37,3,34,2
79829,56,7,49,2
79830,50,3,47,2
79831,49,7,42,2
79832,55,9,46,2
79833,64,6,58,2
79834,44,4,40,2
79835,55,5,50,2
79836,58,7,51,2
79837,66,8,58,2
79838,47,7,40,2
79839,58,4,54,2
79840,69,13,56,2
79841,67,9,58,2
79842,56,8,48,2
79843,49,7,42,2
79844,66,9,57,2
79845,44,8,36,2
79846,45,7,38,2
79847,68,11,57,2
79848,58,9,49,2
79849,51,11,40,2
79850,48,7,41,2
79851,59,5,54,2
79852,49,9,40,2
79853,44,3,41,2
79854,59,9,50,2
79855,53,5,48,2
79856,61,7,54,2
79857,51,5,46,2
79858,59,3,56,2
79859,56,7,49,2
79860,48,9,39,2
79861,66,10,56,2
79862,39,2,37,2
79863,59,6,53,2
79864,46,4,42,2
79865,62,8,54,2
79866,48,6,42,2
79867,64,10,54,2
79868,61,11,50,2
79869,50,5,45,2
79870,55,10,45,2
79871,47,4,43,2
79872,44,2,42,2
79873,58,5,53,2
79874,55,7,48,2
79875,52,7,45,2
79876,52,9,43,2
79877,54,5,49,2
79878,50,6,44,2
79879,51,5,46,2
79880,58,9,49,2
79881,48,6,42,2
79882,55,9,46,2
79883,46,6,40,2
79884,59,8,51,2
79885,71,8,63,2
79886,58,10,48,2
79887,63,12,51,2
79888,59,5,54,2
79889,49,4,45,2
79890,50,9,41,2
79891,46,7,39,2
79892,72,10,62,2
79893,59,11,48,2
79894,36,4,32,2
79895,61,11,50,2
79896,76,10,66,2
79897,46,4,42,2
79898,45,4,41,2
79899,48,7,41,2
79900,56,8,48,2
79901,55,9,46,2
79902,45,9,36,2
79903,67,10,57,2
79904,56,10,46,2
79905,60,4,56,2
79906,40,8,32,2
79907,54,8,46,2
79908,60,9,51,2
79909,53,9,44,2
79910,68,7,61,2
79911,59,4,55,2
79912,55,7,48,2
79913,49,4,45,2
79914,52,6,46,2
79915,62,8,54,2
79916,48,2,46,2
79917,63,9,54,2
79918,54,7,47,2
79919,53,6,47,2
79920,66,10,56,2
79921,70,14,56,2
79922,65,9,56,2
79923,49,5,44,2
79924,64,3,61,2
79925,60,6,54,2
79926,58,11,47,2
79927,50,6,44,2
79928,58,5,53,2
79929,54,5,49,2
79930,42,4,38,2
79931,49,5,44,2
79932,50,3,47,2
79933,55,6,49,2
79934,54,8,46,2
79935,65,5,60,2
79936,53,4,49,2
79937,53,7,46,2
79938,48,11,37,2
79939,51,5,46,2
79940,56,7,49,2
79941,49,6,43,2
79942,50,5,45,2
79943,35,6,29,2
79944,52,8,44,2
79945,50,9,41,2
79946,60,6,54,2
79947,59,7,52,2
79948,55,10,45,2
79949,37,2,35,2
79950,61,10,51,2
79951,54,9,45,2
79952,50,7,43,2
79953,51,4,47,2
79954,61,7,54,2
79955,51,2,49,2
79956,48,6,42,2
79957,58,6,52,2
79958,48,7,41,2
79959,49,6,43,2
79960,55,7,48,2
79961,48,7,41,2
79962,61,10,51,2
79963,50,3,47,2
79964,39,7,32,2
79965,39,4,35,2
79966,61,13,48,2
79967,51,9,42,2
79968,49,7,42,2
79969,45,9,36,2
79970,61,8,53,2
79971,68,7,61,2
79972,56,6,50,2
79973,58,7,51,2
79974,56,4,52,2
79975,46,8,38,2
79976,55,6,49,2
79977,67,9,58,2
79978,60,5,55,2
79979,58,8,50,2
79980,57,9,48,2
79981,52,7,45,2
79982,64,11,53,2
79983,40,6,34,2
79984,54,11,43,2
79985,48,6,42,2
79986,51,10,41,2
79987,73,10,63,2
79988,48,5,43,2
79989,61,7,54,2
79990,56,7,49,2
79991,52,6,46,2
79992,48,5,43,2
79993,57,10,47,2
79994,50,7,43,2
79995,55,14,41,2
79996,60,10,50,2
79997,58,7,51,2
79998,55,5,50,2
79999,64,8,56,2
80000,51,9,42,2
80001,52,7,45,2
80002,52,6,46,2
80003,48,7,41,2
80004,58,5,53,2
80005,50,9,41,2
80006,48,3,45,2
80007,64,7,57,2
80008,64,7,57,2
80009,50,4,46,2
80010,57,2,55,2
80011,54,7,47,2
80012,65,12,53,2
80013,58,8,50,2
80014,68,7,61,2
80015,57,5,52,2
80016,52,6,46,2
80017,57,8,49,2
80018,54,6,48,2
80019,68,5,63,2
80020,55,5,50,2
80021,60,5,55,2
80022,60,4,56,2
80023,49,4,45,2
80024,52,8,44,2
80025,64,6,58,2
80026,46,4,42,2
80027,50,7,43,2
80028,64,6,58,2
80029,58,7,51,2
80030,51,4,47,2
80031,59,8,51,2
80032,55,8,47,2
80033,49,5,44,2
80034,56,7,49,2
80035,46,3,43,2
80036,61,4,57,2
80037,58,4,54,2
80038,62,11,51,2
80039,52,4,48,2
80040,40,8,32,2
80041,56,9,47,2
80042,58,6,52,2
80043,63,9,54,2
80044,56,4,52,2
80045,53,2,51,2
80046,44,3,41,2
80047,72,9,63,2
80048,53,3,50,2
80049,58,6,52,2
80050,58,8,50,2
80051,52,4,48,2
80052,57,4,53,2
80053,66,7,59,2
80054,55,6,49,2
80055,53,2,51,2
80056,41,3,38,2
80057,56,7,49,2
80058,55,5,50,2
80059,56,6,50,2
80060,57,4,53,2
80061,55,4,51,2
80062,61,7,54,2
80063,50,6,44,2
80064,60,3,57,2
80065,57,10,47,2
80066,48,7,41,2
80067,62,8,54,2
80068,64,3,61,2
80069,53,7,46,2
80070,56,8,48,2
80071,52,5,47,2
80072,49,6,43,2
80073,43,6,37,2
80074,43,5,38,2
80075,46,4,42,2
80076,56,7,49,2
80077,54,5,49,2
80078,53,5,48,2
80079,45,4,41,2
80080,54,7,47,2
80081,47,4,43,2
80082,53,5,48,2
80083,47,7,40,2
80084,50,11,39,2
80085,51,3,48,2
80086,54,4,50,2
80087,47,7,40,2
80088,54,7,47,2
80089,48,8,40,2
80091,55,10,45,2
80092,59,5,54,2
80093,54,6,48,2
80094,60,7,53,2
80095,65,9,56,2
80096,47,8,39,2
80097,54,3,51,2
80098,65,8,57,2
80099,44,5,39,2
80100,44,8,36,2
80101,51,4,47,2
80102,55,8,47,2
80103,63,12,51,2
80104,45,7,38,2
80105,67,8,59,2
80106,55,7,48,2
80107,49,9,40,2
80108,64,3,61,2
80109,48,8,40,2
80110,63,9,54,2
80111,63,8,55,2
80112,52,8,44,2
80113,64,13,51,2
80114,63,6,57,2
80115,43,3,40,2
80116,57,6,51,2
80117,55,10,45,2
80118,59,10,49,2
80119,50,8,42,2
80120,52,4,48,2
80121,53,6,47,2
80122,53,8,45,2
80123,47,5,42,2
80124,55,7,48,2
80125,65,7,58,2
80126,50,8,42,2
80127,56,10,46,2
80128,58,10,48,2
80129,53,9,44,2
80130,61,6,55,2
80131,59,3,56,2
80132,62,2,60,2
80133,66,10,56,2
80134,51,6,45,2
80135,55,1,54,2
80136,52,6,46,2
80137,73,6,67,2
80138,51,4,47,2
80139,39,5,34,2
80140,56,6,50,2
80141,53,9,44,2
80142,55,2,53,2
80143,60,5,55,2
80144,52,7,45,2
80145,66,7,59,2
80146,61,2,59,2
80147,54,12,42,2
80148,60,4,56,2
80149,50,5,45,2
80150,59,6,53,2
80151,51,7,44,2
80152,55,5,50,2
80153,56,7,49,2
80154,42,6,36,2
80155,62,10,52,2
80156,54,10,44,2
80157,41,5,36,2
80158,46,6,40,2
80159,60,3,57,2
80160,45,4,41,2
80161,52,8,44,2
80162,62,7,55,2
80163,49,5,44,2
80164,53,5,48,2
80165,43,3,40,2
80166,50,14,36,2
80167,47,4,43,2
80168,59,8,51,2
80169,55,7,48,2
80170,69,5,64,2
80171,39,4,35,2
80172,63,8,55,2
80173,60,6,54,2
80174,54,8,46,2
80175,60,4,56,2
80176,51,11,40,2
80177,55,6,49,2
80178,55,6,49,2
80179,46,4,42,2
80180,57,4,53,2
80181,48,4,44,2
80182,55,8,47,2
80183,62,8,54,2
80184,64,10,54,2
80185,55,9,46,2
80186,55,9,46,2
80187,60,6,54,2
80188,51,10,41,2
80189,58,6,52,2
80190,59,10,49,2
80191,48,3,45,2
80192,61,10,51,2
80193,58,5,53,2
80194,52,4,48,2
80195,44,6,38,2
80196,52,6,46,2
80197,54,10,44,2
80198,60,3,57,2
80199,46,4,42,2
80200,49,5,44,2
80201,60,5,55,2
80202,65,12,53,2
80203,51,10,41,2
80204,59,7,52,2
80205,53,9,44,2
80206,49,11,38,2
80207,51,5,46,2
80208,62,4,58,2
80209,54,7,47,2
80210,57,6,51,2
80211,55,5,50,2
80212,61,3,58,2
80213,64,9,55,2
80214,57,6,51,2
80215,53,7,46,2
80216,55,4,51,2
80217,60,8,52,2
80218,42,8,34,2
80219,61,8,53,2
80220,45,4,41,2
80221,58,9,49,2
80222,59,3,56,2
80223,61,2,59,2
80224,54,10,44,2
80225,54,10,44,2
80226,49,5,44,2
80227,55,3,52,2
80228,57,10,47,2
80229,52,6,46,2
80230,50,6,44,2
80231,72,10,62,2
80232,55,6,49,2
80233,68,9,59,2
80234,65,8,57,2
80235,53,5,48,2
80236,54,8,46,2
80237,56,8,48,2
80238,62,8,54,2
80239,59,6,53,2
80240,37,6,31,2
80241,50,7,43,2
80242,38,3,35,2
80243,57,6,51,2
80244,64,11,53,2
80245,51,7,44,2
80246,53,4,49,2
80247,50,3,47,2
80248,63,7,56,2
80249,56,8,48,2
80250,66,8,58,2
80251,52,7,45,2
80252,55,6,49,2
80253,52,8,44,2
80254,53,6,47,2
80255,47,9,38,2
80256,57,9,48,2
80257,55,11,44,2
80258,69,7,62,2
80259,47,3,44,2
80260,62,8,54,2
80261,54,7,47,2
80262,55,7,48,2
80263,54,4,50,2
80264,62,3,59,2
80265,46,2,44,2
80266,56,8,48,2
80267,57,9,48,2
80268,50,8,42,2
80269,53,9,44,2
80270,60,6,54,2
80271,45,7,38,2
80272,43,3,40,2
80273,59,9,50,2
80274,48,6,42,2
80275,56,7,49,2
80276,58,5,53,2
80277,60,5,55,2
80278,66,15,51,2
80279,63,12,51,2
80280,56,5,51,2
80281,49,4,45,2
80282,48,1,47,2
80283,67,9,58,2
80284,50,7,43,2
80285,47,8,39,2
80286,47,8,39,2
80287,53,3,50,2
80288,59,8,51,2
80289,68,14,54,2
80290,67,5,62,2
80291,52,10,42,2
80292,45,4,41,2
80293,60,7,53,2
80294,53,6,47,2
80295,51,4,47,2
80296,42,2,40,2
80297,68,6,62,2
80298,56,7,49,2
80299,51,8,43,2
80300,62,6,56,2
80301,41,4,37,2
80302,49,7,42,2
80303,54,5,49,2
80304,52,10,42,2
80305,59,6,53,2
80306,41,5,36,2
80307,49,7,42,2
80308,46,10,36,2
80309,39,3,36,2
80310,54,6,48,2
80311,49,3,46,2
80312,38,2,36,2
80313,57,6,51,2
80314,50,7,43,2
80315,49,6,43,2
80316,50,8,42,2
80317,51,11,40,2
80318,70,6,64,2
80319,63,11,52,2
80320,54,7,47,2
80321,63,8,55,2
80322,48,4,44,2
80323,60,12,48,2
80324,57,12,45,2
80325,57,8,49,2
80326,52,5,47,2
80327,58,7,51,2
80328,41,7,34,2
80329,44,5,39,2
80330,57,8,49,2
80331,48,5,43,2
80332,71,7,64,2
80333,48,7,41,2
80334,40,8,32,2
80335,57,5,52,2
80336,58,12,46,2
80337,59,6,53,2
80338,56,8,48,2
80339,64,10,54,2
80340,61,4,57,2
80341,51,4,47,2
80342,47,6,41,2
80343,66,3,63,2
80344,70,8,62,2
80345,56,8,48,2
80346,36,6,30,2
80347,58,5,53,2
80348,63,4,59,2
80349,57,8,49,2
80350,60,7,53,2
80351,76,13,63,2
80352,49,2,47,2
80353,60,10,50,2
80354,49,2,47,2
80355,60,10,50,2
80356,54,4,50,2
80357,49,2,47,2
80358,55,12,43,2
80359,43,4,39,2
80360,46,8,38,2
80361,53,8,45,2
80362,47,6,41,2
80363,57,10,47,2
80364,44,6,38,2
80365,59,5,54,2
80366,57,6,51,2
80367,56,4,52,2
80368,59,8,51,2
80369,57,10,47,2
80370,58,4,54,2
80371,53,5,48,2
80372,47,2,45,2
80373,69,5,64,2
80374,49,11,38,2
80375,58,4,54,2
80376,44,9,35,2
80377,63,6,57,2
80378,54,6,48,2
80379,63,6,57,2
80380,44,3,41,2
80381,47,5,42,2
80382,62,8,54,2
80383,46,3,43,2
80384,46,7,39,2
80385,45,4,41,2
80386,54,6,48,2
80387,65,9,56,2
80388,50,13,37,2
80389,62,8,54,2
80390,59,9,50,2
80391,56,6,50,2
80392,53,7,46,2
80393,42,5,37,2
80394,61,6,55,2
80395,50,7,43,2
80396,40,3,37,2
80397,55,7,48,2
80398,50,6,44,2
80399,44,8,36,2
80400,61,9,52,2
80401,52,7,45,2
80402,58,11,47,2
80403,57,4,53,2
80404,58,8,50,2
80405,55,4,51,2
80406,58,5,53,2
80407,57,6,51,2
80408,53,5,48,2
80409,63,6,57,2
80410,57,8,49,2
80411,52,7,45,2
80412,61,10,51,2
80413,55,8,47,2
80414,44,6,38,2
80415,56,12,44,2
80416,50,7,43,2
80417,56,8,48,2
80418,42,5,37,2
80419,56,7,49,2
80420,53,10,43,2
80421,64,9,55,2
80422,63,14,49,2
80423,59,5,54,2
80424,66,8,58,2
80425,46,5,41,2
80426,61,6,55,2
80427,52,3,49,2
80428,51,8,43,2
80429,59,8,51,2
80430,48,7,41,2
80431,50,10,40,2
80432,53,5,48,2
80433,46,6,40,2
80434,46,6,40,2
80435,53,4,49,2
80436,53,6,47,2
80437,47,6,41,2
80438,52,2,50,2
80439,48,5,43,2
80440,55,2,53,2
80441,37,4,33,2
80442,52,6,46,2
80443,73,8,65,2
80444,51,6,45,2
80445,58,8,50,2
80446,71,3,68,2
80447,73,9,64,2
80448,46,3,43,2
80449,63,7,56,2
80450,46,4,42,2
80451,47,3,44,2
80452,53,3,50,2
80453,46,6,40,2
80454,51,6,45,2
80455,65,9,56,2
80456,52,7,45,2
80457,43,4,39,2
80458,42,4,38,2
80459,41,9,32,2
80460,72,11,61,2
80461,49,8,41,2
80462,54,3,51,2
80463,41,4,37,2
80464,61,7,54,2
80465,63,10,53,2
80466,46,1,45,2
80467,57,7,50,2
80468,64,7,57,2
80469,51,7,44,2
80470,64,11,53,2
80471,55,10,45,2
80472,44,5,39,2
80473,52,10,42,2
80474,56,8,48,2
80475,54,7,47,2
80476,47,8,39,2
80477,68,5,63,2
80478,58,8,50,2
80479,62,3,59,2
80480,68,4,64,2
80481,50,6,44,2
80482,57,8,49,2
80483,52,5,47,2
80484,37,6,31,2
80485,64,11,53,2
80486,66,5,61,2
80487,54,7,47,2
80488,51,4,47,2
80489,55,10,45,2
80490,51,9,42,2
80491,52,7,45,2
80492,62,11,51,2
80493,58,9,49,2
80494,53,7,46,2
80495,68,6,62,2
80496,64,8,56,2
80497,76,10,66,2
80498,59,9,50,2
80499,54,5,49,2
80500,55,6,49,2
80501,70,10,60,2
80502,67,6,61,2
80503,52,5,47,2
80504,59,13,46,2
80505,47,5,42,2
80506,67,12,55,2
80507,50,5,45,2
80508,62,10,52,2
80509,55,6,49,2
80510,50,3,47,2
80511,57,6,51,2
80512,58,7,51,2
80513,53,6,47,2
80514,46,5,41,2
80515,54,5,49,2
80516,48,5,43,2
80517,60,8,52,2
80518,56,9,47,2
80519,46,6,40,2
80520,47,8,39,2
80521,54,6,48,2
80522,63,8,55,2
80523,49,6,43,2
80524,57,1,56,2
80525,50,6,44,2
80526,58,10,48,2
80527,53,3,50,2
80528,46,4,42,2
80529,57,5,52,2
80530,44,4,40,2
80531,53,7,46,2
80532,46,7,39,2
80533,51,5,46,2
80534,55,5,50,2
80535,54,4,50,2
80536,55,9,46,2
80537,55,8,47,2
80538,52,9,43,2
80539,62,11,51,2
80540,57,9,48,2
80541,69,14,55,2
80542,64,6,58,2
80543,56,10,46,2
80544,44,7,37,2
80545,64,9,55,2
80546,57,6,51,2
80547,68,6,62,2
80548,60,5,55,2
80549,52,5,47,2
80550,54,6,48,2
80551,58,5,53,2
80552,62,6,56,2
80553,58,10,48,2
80554,50,7,43,2
80555,57,5,52,2
80556,48,6,42,2
80557,49,0,49,1
80558,55,8,47,2
80559,61,4,57,2
80560,50,3,47,2
80561,58,7,51,2
80562,50,3,47,2
80563,53,5,48,2
80564,41,3,38,2
80565,44,6,38,2
80566,60,14,46,2
80567,59,12,47,2
80568,54,5,49,2
80569,62,5,57,2
80570,43,3,40,2
80571,48,2,46,2
80572,46,5,41,2
80573,50,7,43,2
80574,57,9,48,2
80575,37,7,30,2
80576,59,10,49,2
80577,53,8,45,2
80578,61,11,50,2
80579,47,4,43,2
80580,47,6,41,2
80581,66,4,62,2
80582,54,5,49,2
80583,56,6,50,2
80584,57,9,48,2
80585,63,11,52,2
80586,58,3,55,2
80587,56,10,46,2
80588,61,8,53,2
80589,53,6,47,2
80590,52,3,49,2
80591,65,11,54,2
80592,55,2,53,2
80593,60,3,57,2
80594,50,10,40,2
80595,56,5,51,2
80596,47,10,37,2
80597,60,5,55,2
80598,53,8,45,2
80599,56,8,48,2
80600,64,9,55,2
80601,59,3,56,2
80602,58,9,49,2
80603,38,7,31,2
80604,47,7,40,2
80605,57,5,52,2
80606,57,9,48,2
80607,59,5,54,2
80608,44,5,39,2
80609,48,3,45,2
80610,51,8,43,2
80611,51,6,45,2
80612,57,6,51,2
80613,49,6,43,2
80614,58,3,55,2
80615,65,7,58,2
80616,48,6,42,2
80617,52,9,43,2
80618,54,4,50,2
80619,63,9,54,2
80620,41,4,37,2
80621,56,9,47,2
80622,56,7,49,2
80623,46,4,42,2
80624,53,8,45,2
80625,74,7,67,2
80626,54,6,48,2
80627,62,4,58,2
80628,61,8,53,2
80629,52,6,46,2
80630,48,5,43,2
80631,62,9,53,2
80632,44,3,41,2
80633,63,10,53,2
80634,55,7,48,2
80635,65,9,56,2
80636,56,3,53,2
80637,59,6,53,2
80638,62,8,54,2
80639,59,7,52,2
80640,67,10,57,2
80641,53,7,46,2
80642,58,6,52,2
80643,59,9,50,2
80644,56,3,53,2
80645,57,7,50,2
80646,53,5,48,2
80647,45,5,40,2
80648,51,1,50,2
80649,54,9,45,2
80650,59,7,52,2
80651,47,2,45,2
80652,51,7,44,2
80653,58,12,46,2
80654,56,5,51,2
80655,45,7,38,2
80656,52,10,42,2
80657,54,10,44,2
80658,57,4,53,2
80659,49,5,44,2
80660,51,4,47,2
80661,63,5,58,2
80662,44,2,42,2
80663,57,8,49,2
80664,56,12,44,2
80665,58,5,53,2
80666,68,9,59,2
80667,55,11,44,2
80668,57,4,53,2
80669,60,11,49,2
80670,49,8,41,2
80671,44,9,35,2
80672,61,5,56,2
80673,40,3,37,2
80674,48,7,41,2
80675,53,6,47,2
80676,63,9,54,2
80677,59,9,50,2
80678,64,6,58,2
80679,48,2,46,2
80680,51,3,48,2
80681,63,7,56,2
80682,53,7,46,2
80683,65,9,56,2
80684,41,2,39,2
80685,51,6,45,2
80686,55,6,49,2
80687,44,7,37,2
80688,56,4,52,2
80689,59,8,51,2
80690,53,6,47,2
80691,49,3,46,2
80692,52,4,48,2
80693,65,3,62,2
80694,58,7,51,2
80695,51,8,43,2
80696,52,6,46,2
80697,59,6,53,2
80698,59,6,53,2
80699,47,2,45,2
80700,58,4,54,2
80701,63,8,55,2
80702,58,9,49,2
80703,64,9,55,2
80704,62,9,53,2
80705,58,11,47,2
80706,53,10,43,2
80707,40,5,35,2
80708,46,6,40,2
80709,46,4,42,2
80710,57,5,52,2
80711,52,3,49,2
80712,67,4,63,2
80713,53,4,49,2
80714,63,6,57,2
80715,46,2,44,2
80716,59,7,52,2
80717,53,6,47,2
80718,61,10,51,2
80719,73,7,66,2
80720,54,9,45,2
80721,56,4,52,2
80722,50,9,41,2
80723,47,11,36,2
80724,52,2,50,2
80725,53,6,47,2
80726,51,5,46,2
80727,45,3,42,2
80728,60,8,52,2
80729,50,3,47,2
80730,48,8,40,2
80731,72,9,63,2
80732,62,6,56,2
80733,47,6,41,2
80734,46,4,42,2
80735,65,13,52,2
80736,42,6,36,2
80737,47,4,43,2
80738,39,2,37,2
80739,58,9,49,2
80740,49,5,44,2
80741,51,5,46,2
80742,69,4,65,2
80743,56,4,52,2
80744,57,3,54,2
80745,48,9,39,2
80746,55,7,48,2
80747,61,5,56,2
80748,58,5,53,2
80749,67,8,59,2
80750,63,3,60,2
80751,60,8,52,2
80752,67,10,57,2
80753,54,3,51,2
80754,61,6,55,2
80755,58,9,49,2
80756,58,4,54,2
80757,55,6,49,2
80758,50,5,45,2
80759,61,7,54,2
80760,56,3,53,2
80761,56,10,46,2
80762,45,7,38,2
80763,55,7,48,2
80764,42,4,38,2
80765,58,8,50,2
80766,59,7,52,2
80767,59,5,54,2
80768,60,6,54,2
80769,56,3,53,2
80770,61,11,50,2
80771,54,10,44,2
80772,36,3,33,2
80773,40,4,36,2
80774,57,10,47,2
80775,68,10,58,2
80776,62,6,56,2
80777,64,10,54,2
80778,49,12,37,2
80779,47,6,41,2
80780,53,6,47,2
80781,54,6,48,2
80782,57,5,52,2
80783,59,7,52,2
80784,56,5,51,2
80785,76,10,66,2
80786,54,10,44,2
80787,61,2,59,2
80788,49,3,46,2
80789,52,6,46,2
80790,56,8,48,2
80791,61,9,52,2
80792,57,4,53,2
80793,56,3,53,2
80794,66,4,62,2
80795,65,7,58,2
80796,44,7,37,2
80797,48,9,39,2
80798,46,9,37,2
80799,46,5,41,2
80800,45,4,41,2
80801,56,0,56,1
80802,52,14,38,2
80803,47,7,40,2
80804,53,5,48,2
80805,55,7,48,2
80806,54,1,53,2
80807,53,7,46,2
80808,62,6,56,2
80809,53,6,47,2
80810,61,5,56,2
80812,56,5,51,2
80813,50,4,46,2
80814,49,5,44,2
80815,61,6,55,2
80816,48,6,42,2
80817,46,4,42,2
80818,54,5,49,2
80819,53,4,49,2
80820,55,4,51,2
80821,61,7,54,2
80822,59,5,54,2
80823,42,4,38,2
80824,53,9,44,2
80825,52,3,49,2
80826,49,6,43,2
80827,56,4,52,2
80828,48,7,41,2
80829,41,4,37,2
80830,51,6,45,2
80831,64,6,58,2
80832,51,5,46,2
80833,58,11,47,2
80834,51,8,43,2
80835,50,5,45,2
80836,53,3,50,2
80837,51,6,45,2
80838,43,5,38,2
80839,49,2,47,2
80840,50,7,43,2
80841,64,8,56,2
80842,61,4,57,2
80843,55,10,45,2
80844,64,7,57,2
80845,38,4,34,2
80846,51,9,42,2
80847,60,4,56,2
80848,61,11,50,2
80849,52,5,47,2
80850,61,6,55,2
80851,54,7,47,2
80852,47,7,40,2
80853,55,8,47,2
80854,54,7,47,2
80855,58,8,50,2
80856,50,7,43,2
80857,50,11,39,2
80858,48,5,43,2
80859,56,5,51,2
80860,47,6,41,2
80861,40,2,38,2
80862,64,9,55,2
80863,59,8,51,2
80864,64,9,55,2
80865,45,4,41,2
80866,62,3,59,2
80867,66,11,55,2
80868,41,2,39,2
80869,64,7,57,2
80870,48,2,46,2
80871,41,8,33,2
80872,54,5,49,2
80873,57,9,48,2
80874,50,7,43,2
80875,53,7,46,2
80876,52,7,45,2
80877,53,8,45,2
80878,65,9,56,2
80879,58,6,52,2
80880,49,6,43,2
80881,52,8,44,2
80882,52,6,46,2
80883,44,3,41,2
80884,54,8,46,2
80885,54,7,47,2
80886,50,4,46,2
80887,56,7,49,2
80888,48,4,44,2
80889,57,2,55,2
80890,65,9,56,2
80891,56,6,50,2
80892,52,5,47,2
80893,63,2,61,2
80894,52,8,44,2
80895,46,5,41,2
80896,48,2,46,2
80897,51,4,47,2
80898,53,8,45,2
80899,45,9,36,2
80900,57,6,51,2
80901,44,7,37,2
80902,53,8,45,2
80903,66,7,59,2
80904,52,7,45,2
80906,65,7,58,2
80907,49,4,45,2
80908,55,4,51,2
80909,51,10,41,2
80910,49,3,46,2
80911,50,4,46,2
80912,57,5,52,2
80913,58,4,54,2
80914,57,6,51,2
80915,50,6,44,2
80916,44,5,39,2
80917,77,11,66,2
80918,51,4,47,2
80919,56,7,49,2
80920,57,4,53,2
80921,54,6,48,2
80922,50,9,41,2
80923,46,6,40,2
80924,64,5,59,2
80925,66,6,60,2
80926,59,2,57,2
80927,53,9,44,2
80928,42,7,35,2
80929,56,8,48,2
80930,53,5,48,2
80931,59,6,53,2
80932,52,7,45,2
80933,58,6,52,2
80934,53,3,50,2
80935,63,9,54,2
80936,47,8,39,2
80937,58,8,50,2
80938,58,6,52,2
80939,54,4,50,2
80940,71,4,67,2
80941,57,11,46,2
80942,69,9,60,2
80943,56,9,47,2
80944,53,5,48,2
80945,61,5,56,2
80946,55,4,51,2
80947,42,3,39,2
80948,54,4,50,2
80949,53,9,44,2
80950,48,4,44,2
80951,57,10,47,2
80952,55,8,47,2
80953,57,6,51,2
80954,55,7,48,2
80955,58,11,47,2
80956,55,7,48,2
80957,49,4,45,2
80958,46,7,39,2
80959,60,10,50,2
80960,57,5,52,2
80961,48,9,39,2
80962,51,6,45,2
80963,60,5,55,2
80964,47,7,40,2
80965,68,10,58,2
80966,50,3,47,2
80967,61,8,53,2
80968,55,3,52,2
80969,55,4,51,2
80970,50,4,46,2
80971,59,7,52,2
80972,55,7,48,2
80973,58,10,48,2
80974,52,6,46,2
80975,58,8,50,2
80976,42,4,38,2
80977,38,4,34,2
80978,49,6,43,2
80979,53,5,48,2
80980,48,8,40,2
80981,56,5,51,2
80982,46,7,39,2
80983,42,6,36,2
80984,44,3,41,2
80985,63,6,57,2
80986,61,8,53,2
80987,60,9,51,2
80988,53,2,51,2
80989,44,6,38,2
80990,61,8,53,2
80991,56,5,51,2
80992,62,9,53,2
80993,50,6,44,2
80994,50,4,46,2
80995,49,7,42,2
80996,45,5,40,2
80997,49,8,41,2
80998,53,9,44,2
80999,51,8,43,2
81000,49,6,43,2
81001,60,9,51,2
81002,62,6,56,2
81003,40,5,35,2
81004,73,6,67,2
81005,50,5,45,2
81006,46,10,36,2
81007,64,10,54,2
81008,48,7,41,2
81009,47,5,42,2
81010,59,12,47,2
81011,51,4,47,2
81012,58,9,49,2
81013,60,7,53,2
81014,54,8,46,2
81015,53,6,47,2
81016,50,5,45,2
81017,60,10,50,2
81018,56,7,49,2
81019,63,11,52,2
81020,52,12,40,2
81021,50,4,46,2
81022,51,4,47,2
81023,62,6,56,2
81024,38,2,36,2
81025,64,7,57,2
81026,53,5,48,2
81027,55,7,48,2
81028,51,5,46,2
81029,55,9,46,2
81030,60,5,55,2
81031,56,4,52,2
81032,54,10,44,2
81033,42,8,34,2
81034,58,10,48,2
81035,49,5,44,2
81036,43,5,38,2
81037,52,7,45,2
81038,67,8,59,2
81039,60,7,53,2
81040,56,6,50,2
81041,55,9,46,2
81042,63,5,58,2
81043,59,6,53,2
81044,47,7,40,2
81045,55,3,52,2
81046,51,8,43,2
81047,45,5,40,2
81048,58,6,52,2
81049,53,5,48,2
81050,53,9,44,2
81051,58,12,46,2
81052,57,6,51,2
81053,72,12,60,2
81054,62,5,57,2
81055,60,5,55,2
81056,39,6,33,2
81057,59,6,53,2
81058,53,5,48,2
81059,51,11,40,2
81060,50,4,46,2
81061,66,11,55,2
81062,48,9,39,2
81063,48,7,41,2
81064,55,7,48,2
81065,46,4,42,2
81066,56,6,50,2
81067,51,2,49,2
81068,59,4,55,2
81069,57,2,55,2
81070,56,6,50,2
81071,52,8,44,2
81072,56,6,50,2
81073,59,8,51,2
81074,53,4,49,2
81075,63,9,54,2
81076,38,3,35,2
81077,49,4,45,2
81078,47,6,41,2
81079,65,14,51,2
81080,58,7,51,2
81081,52,6,46,2
81082,71,7,64,2
81083,58,7,51,2
81084,51,5,46,2
81085,63,7,56,2
81086,61,8,53,2
81087,52,5,47,2
81088,56,8,48,2
81089,53,8,45,2
81090,61,8,53,2
81091,58,4,54,2
81092,48,3,45,2
81093,59,6,53,2
81094,58,11,47,2
81095,52,8,44,2
81096,55,7,48,2
81097,49,3,46,2
81098,56,2,54,2
81099,60,6,54,2
81100,52,2,50,2
81101,61,9,52,2
81102,45,7,38,2
81103,43,3,40,2
81104,57,6,51,2
81105,56,7,49,2
81106,56,9,47,2
81107,46,3,43,2
81108,47,4,43,2
81109,66,7,59,2
81110,57,5,52,2
81111,58,5,53,2
81112,54,4,50,2
81113,53,3,50,2
81114,48,6,42,2
81115,53,9,44,2
81116,59,3,56,2
81117,51,1,50,2
81118,53,7,46,2
81119,52,7,45,2
81120,61,10,51,2
81121,56,5,51,2
81122,61,7,54,2
81123,43,13,30,2
81124,42,1,41,2
81125,54,7,47,2
81126,55,9,46,2
81127,52,2,50,2
81128,53,7,46,2
81129,51,7,44,2
81130,43,5,38,2
81131,47,5,42,2
81132,47,6,41,2
81133,58,5,53,2
81134,52,13,39,2
81135,59,2,57,2
81136,62,7,55,2
81137,50,8,42,2
81138,56,7,49,2
81139,58,6,52,2
81140,54,4,50,2
81141,59,8,51,2
81142,60,14,46,2
81143,60,10,50,2
81144,55,8,47,2
81145,47,8,39,2
81146,47,8,39,2
81147,52,3,49,2
81148,53,4,49,2
81149,52,5,47,2
81150,64,7,57,2
81151,57,7,50,2
81152,50,5,45,2
81153,60,3,57,2
81154,51,5,46,2
81155,48,3,45,2
81156,64,9,55,2
81157,52,9,43,2
81158,57,7,50,2
81159,59,8,51,2
81160,59,9,50,2
81161,53,6,47,2
81162,62,11,51,2
81163,69,9,60,2
81164,49,7,42,2
81165,59,3,56,2
81166,61,9,52,2
81167,50,5,45,2
81168,62,6,56,2
81169,76,8,68,2
81170,49,9,40,2
81171,50,1,49,2
81172,65,12,53,2
81173,52,3,49,2
81174,67,11,56,2
81175,54,8,46,2
81176,41,9,32,2
81177,43,6,37,2
81178,62,6,56,2
81179,48,3,45,2
81180,53,12,41,2
81181,57,5,52,2
81182,50,5,45,2
81183,61,6,55,2
81184,60,3,57,2
81185,64,6,58,2
81186,57,6,51,2
81187,63,10,53,2
81188,53,6,47,2
81189,65,3,62,2
81190,57,9,48,2
81191,55,9,46,2
81192,51,9,42,2
81193,60,8,52,2
81194,56,8,48,2
81195,51,9,42,2
81196,73,8,65,2
81197,57,7,50,2
81198,59,4,55,2
81199,50,8,42,2
81200,47,5,42,2
81201,67,11,56,2
81202,61,4,57,2
81203,46,7,39,2
81204,56,8,48,2
81205,46,6,40,2
81206,57,6,51,2
81207,52,4,48,2
81208,48,4,44,2
81209,53,5,48,2
81210,61,5,56,2
81211,58,7,51,2
81212,48,4,44,2
81213,63,7,56,2
81214,58,6,52,2
81215,47,7,40,2
81216,58,6,52,2
81217,52,8,44,2
81218,51,8,43,2
81219,58,8,50,2
81220,51,5,46,2
81221,48,5,43,2
81222,50,4,46,2
81223,60,5,55,2
81224,70,8,62,2
81225,66,10,56,2
81226,67,6,61,2
81227,49,5,44,2
81228,44,6,38,2
81229,63,5,58,2
81230,37,3,34,2
81231,46,4,42,2
81232,46,10,36,2
81233,48,6,42,2
81234,54,13,41,2
81235,57,6,51,2
81236,40,5,35,2
81237,51,8,43,2
81238,57,8,49,2
81239,53,7,46,2
81240,64,7,57,2
81241,65,9,56,2
81242,51,6,45,2
81243,40,3,37,2
81244,65,7,58,2
81245,50,6,44,2
81246,52,13,39,2
81247,48,6,42,2
81248,50,10,40,2
81249,47,7,40,2
81250,60,4,56,2
81251,65,7,58,2
81252,45,4,41,2
81253,50,8,42,2
81254,59,12,47,2
81255,54,7,47,2
81256,65,6,59,2
81257,58,4,54,2
81258,49,3,46,2
81259,66,3,63,2
81260,52,6,46,2
81261,46,5,41,2
81262,51,6,45,2
81263,56,9,47,2
81264,66,12,54,2
81265,64,11,53,2
81266,46,5,41,2
81267,46,6,40,2
81268,59,11,48,2
81269,61,6,55,2
81270,61,6,55,2
81271,62,8,54,2
81272,53,5,48,2
81273,48,5,43,2
81274,54,3,51,2
81275,39,5,34,2
81276,55,5,50,2
81277,67,5,62,2
81278,60,8,52,2
81279,62,4,58,2
81280,43,4,39,2
81281,47,1,46,2
81282,54,6,48,2
81283,54,7,47,2
81284,47,6,41,2
81285,56,4,52,2
81286,57,9,48,2
81287,58,6,52,2
81288,59,9,50,2
81289,45,9,36,2
81290,45,7,38,2
81291,48,3,45,2
81292,52,6,46,2
81293,57,7,50,2
81294,49,8,41,2
81295,59,4,55,2
81296,52,5,47,2
81297,38,4,34,2
81298,62,5,57,2
81299,42,7,35,2
81300,47,2,45,2
81301,76,7,69,2
81302,66,10,56,2
81303,50,8,42,2
81304,47,3,44,2
81305,56,7,49,2
81306,55,9,46,2
81307,53,10,43,2
81308,59,5,54,2
81309,64,12,52,2
81310,59,14,45,2
81311,59,9,50,2
81312,64,9,55,2
81313,46,1,45,2
81314,72,6,66,2
81315,55,6,49,2
81316,57,5,52,2
81317,59,9,50,2
81318,44,1,43,2
81319,45,3,42,2
81320,38,4,34,2
81321,59,8,51,2
81322,49,8,41,2
81323,56,7,49,2
81324,56,6,50,2
81325,49,10,39,2
81326,60,6,54,2
81327,61,7,54,2
81328,54,7,47,2
81329,52,6,46,2
81330,55,6,49,2
81331,51,6,45,2
81332,43,3,40,2
81333,61,8,53,2
81334,70,3,67,2
81335,54,8,46,2
81336,62,5,57,2
81337,47,6,41,2
81338,63,6,57,2
81339,50,6,44,2
81340,55,6,49,2
81341,43,5,38,2
81342,68,10,58,2
81343,47,6,41,2
81344,68,7,61,2
81345,54,10,44,2
81346,59,10,49,2
81347,53,7,46,2
81348,78,10,68,2
81349,57,5,52,2
81350,60,9,51,2
81351,57,5,52,2
81352,61,6,55,2
81353,63,9,54,2
81354,59,6,53,2
81355,54,7,47,2
81356,45,4,41,2
81357,41,3,38,2
81358,60,7,53,2
81359,47,11,36,2
81360,63,5,58,2
81361,48,5,43,2
81362,55,8,47,2
81363,54,3,51,2
81364,48,8,40,2
81365,70,7,63,2
81366,53,4,49,2
81367,56,5,51,2
81368,45,4,41,2
81369,50,4,46,2
81370,59,5,54,2
81371,44,6,38,2
81372,57,8,49,2
81373,39,3,36,2
81374,61,4,57,2
81375,43,2,41,2
81376,40,4,36,2
81377,53,3,50,2
81378,47,5,42,2
81379,58,6,52,2
81380,64,7,57,2
81381,48,2,46,2
81382,56,5,51,2
81383,57,9,48,2
81384,52,7,45,2
81385,60,8,52,2
81386,46,6,40,2
81387,65,5,60,2
81388,59,5,54,2
81389,46,5,41,2
81390,63,15,48,2
81391,59,6,53,2
81392,54,6,48,2
81393,59,6,53,2
81394,45,3,42,2
81395,55,7,48,2
81396,47,10,37,2
81397,60,13,47,2
81398,56,11,45,2
81399,54,9,45,2
81400,52,1,51,2
81401,59,9,50,2
81402,54,9,45,2
81403,54,5,49,2
81404,56,7,49,2
81405,68,6,62,2
81406,56,9,47,2
81407,51,7,44,2
81408,51,7,44,2
81409,52,10,42,2
81410,48,5,43,2
81411,60,6,54,2
81412,53,7,46,2
81413,54,7,47,2
81414,58,9,49,2
81415,55,5,50,2
81416,49,3,46,2
81417,57,4,53,2
81418,59,5,54,2
81419,55,6,49,2
81420,66,8,58,2
81421,63,3,60,2
81422,46,3,43,2
81423,54,4,50,2
81424,53,3,50,2
81425,40,3,37,2
81426,66,12,54,2
81427,62,9,53,2
81428,43,6,37,2
81429,56,6,50,2
81430,49,8,41,2
81431,57,9,48,2
81432,49,5,44,2
81433,61,12,49,2
81434,61,6,55,2
81435,62,5,57,2
81436,54,8,46,2
81437,53,7,46,2
81438,68,7,61,2
81439,58,7,51,2
81440,73,17,56,2
81441,48,8,40,2
81442,68,8,60,2
81443,54,8,46,2
81444,72,9,63,2
81445,50,7,43,2
81446,69,10,59,2
81447,55,6,49,2
81448,40,2,38,2
81449,56,7,49,2
81450,60,5,55,2
81451,45,3,42,2
81452,55,3,52,2
81453,56,3,53,2
81454,62,8,54,2
81455,59,9,50,2
81456,40,1,39,2
81457,57,6,51,2
81458,53,9,44,2
81459,43,4,39,2
81460,59,6,53,2
81461,59,7,52,2
81462,51,7,44,2
81463,58,7,51,2
81464,48,5,43,2
81465,46,9,37,2
81466,60,14,46,2
81467,52,8,44,2
81468,51,6,45,2
81469,53,10,43,2
81470,54,8,46,2
81471,75,7,68,2
81472,51,5,46,2
81473,55,9,46,2
81474,60,7,53,2
81475,44,9,35,2
81476,51,6,45,2
81477,50,12,38,2
81478,46,6,40,2
81479,53,7,46,2
81480,54,7,47,2
81481,57,10,47,2
81482,49,4,45,2
81483,52,7,45,2
81484,62,1,61,2
81485,53,8,45,2
81486,51,8,43,2
81487,51,6,45,2
81488,60,12,48,2
81489,45,9,36,2
81490,46,8,38,2
81491,54,7,47,2
81492,53,7,46,2
81493,48,2,46,2
81494,54,6,48,2
81495,60,12,48,2
81496,52,7,45,2
81497,58,5,53,2
81498,57,8,49,2
81499,36,5,31,2
81500,49,2,47,2
81501,55,4,51,2
81502,68,5,63,2
81503,70,9,61,2
81504,55,10,45,2
81505,60,11,49,2
81506,52,4,48,2
81507,43,7,36,2
81508,47,9,38,2
81509,59,10,49,2
81510,44,6,38,2
81511,62,8,54,2
81512,53,8,45,2
81513,49,6,43,2
81514,81,11,70,2
81515,54,9,45,2
81516,45,5,40,2
81517,47,7,40,2
81518,52,6,46,2
81519,51,2,49,2
81520,44,7,37,2
81521,52,8,44,2
81522,61,5,56,2
81523,48,10,38,2
81524,54,3,51,2
81525,48,6,42,2
81526,62,6,56,2
81527,56,4,52,2
81528,52,11,41,2
81529,54,7,47,2
81530,51,6,45,2
81531,58,3,55,2
81532,55,7,48,2
81533,48,7,41,2
81534,58,9,49,2
81535,62,5,57,2
81536,55,7,48,2
81537,40,6,34,2
81538,47,7,40,2
81539,64,6,58,2
81540,64,5,59,2
81541,54,5,49,2
81542,55,5,50,2
81543,50,6,44,2
81544,67,10,57,2
81545,51,4,47,2
81546,55,10,45,2
81547,47,7,40,2
81548,43,5,38,2
81549,50,6,44,2
81550,56,10,46,2
81551,62,13,49,2
81552,57,10,47,2
81553,44,6,38,2
81554,60,6,54,2
81555,50,9,41,2
81556,42,3,39,2
81557,57,9,48,2
81558,48,8,40,2
81559,47,7,40,2
81560,57,11,46,2
81561,56,5,51,2
81562,60,6,54,2
81563,48,6,42,2
81564,48,5,43,2
81565,59,12,47,2
81566,59,6,53,2
81567,50,5,45,2
81568,63,11,52,2
81569,65,5,60,2
81570,67,4,63,2
81571,50,5,45,2
81572,36,3,33,2
81573,57,8,49,2
81574,54,5,49,2
81575,56,8,48,2
81576,58,10,48,2
81577,57,6,51,2
81578,57,4,53,2
81579,48,9,39,2
81580,52,9,43,2
81581,47,8,39,2
81582,58,8,50,2
81583,47,4,43,2
81584,64,6,58,2
81585,58,8,50,2
81586,50,8,42,2
81587,62,6,56,2
81588,48,7,41,2
81589,47,6,41,2
81590,58,4,54,2
81591,56,5,51,2
81592,50,3,47,2
81593,51,7,44,2
81594,54,10,44,2
81595,60,10,50,2
81596,43,5,38,2
81597,58,4,54,2
81598,65,5,60,2
81599,55,4,51,2
81600,52,5,47,2
81601,40,6,34,2
81602,48,6,42,2
81603,56,5,51,2
81604,49,6,43,2
81605,51,7,44,2
81606,44,9,35,2
81607,54,4,50,2
81608,54,5,49,2
81609,55,3,52,2
81610,53,4,49,2
81611,45,8,37,2
81612,54,5,49,2
81613,34,4,30,2
81614,46,5,41,2
81615,55,9,46,2
81616,43,5,38,2
81617,66,10,56,2
81618,60,9,51,2
81619,47,6,41,2
81620,43,1,42,2
81621,62,9,53,2
81622,51,6,45,2
81623,62,5,57,2
81624,50,11,39,2
81625,54,6,48,2
81626,58,8,50,2
81627,53,5,48,2
81628,55,10,45,2
81629,61,9,52,2
81630,58,8,50,2
81631,51,6,45,2
81632,51,4,47,2
81633,51,7,44,2
81634,67,10,57,2
81635,52,3,49,2
81636,54,5,49,2
81637,60,8,52,2
81638,69,11,58,2
81639,68,6,62,2
81640,53,2,51,2
81641,39,5,34,2
81642,57,5,52,2
81643,57,8,49,2
81644,45,6,39,2
81645,55,5,50,2
81646,46,4,42,2
81647,51,6,45,2
81648,62,6,56,2
81649,54,12,42,2
81650,53,5,48,2
81651,54,10,44,2
81652,55,6,49,2
81653,54,6,48,2
81654,64,8,56,2
81655,52,7,45,2
81656,54,6,48,2
81657,57,2,55,2
81658,56,4,52,2
81659,52,5,47,2
81660,57,2,55,2
81661,57,6,51,2
81662,56,6,50,2
81663,46,9,37,2
81664,50,8,42,2
81665,46,3,43,2
81666,54,3,51,2
81667,70,7,63,2
81668,59,8,51,2
81669,55,7,48,2
81670,46,6,40,2
81671,73,11,62,2
81672,50,4,46,2
81673,67,8,59,2
81674,46,5,41,2
81675,55,7,48,2
81676,46,3,43,2
81677,62,6,56,2
81678,60,5,55,2
81679,61,5,56,2
81680,54,4,50,2
81681,48,6,42,2
81682,61,6,55,2
81683,62,8,54,2
81684,46,6,40,2
81685,60,5,55,2
81686,47,7,40,2
81687,56,10,46,2
81688,53,3,50,2
81689,51,8,43,2
81690,63,7,56,2
81691,48,5,43,2
81692,37,3,34,2
81693,44,6,38,2
81694,64,11,53,2
81695,54,5,49,2
81696,56,6,50,2
81697,62,3,59,2
81698,65,5,60,2
81699,49,4,45,2
81700,52,8,44,2
81701,41,2,39,2
81702,60,8,52,2
81703,60,8,52,2
81704,54,5,49,2
81705,56,7,49,2
81706,50,4,46,2
81707,59,7,52,2
81708,49,4,45,2
81709,48,7,41,2
81710,55,2,53,2
81711,50,9,41,2
81712,57,6,51,2
81713,52,11,41,2
81714,56,8,48,2
81715,49,4,45,2
81716,55,7,48,2
81717,59,7,52,2
81718,48,6,42,2
81719,53,7,46,2
81720,45,3,42,2
81721,59,10,49,2
81722,55,5,50,2
81723,67,6,61,2
81724,61,5,56,2
81725,48,6,42,2
81726,60,5,55,2
81727,56,7,49,2
81728,55,5,50,2
81729,44,9,35,2
81730,42,5,37,2
81731,61,5,56,2
81732,36,5,31,2
81733,50,2,48,2
81734,51,9,42,2
81735,52,9,43,2
81736,51,8,43,2
81737,48,7,41,2
81738,58,7,51,2
81739,46,4,42,2
81740,58,4,54,2
81741,57,5,52,2
81742,63,4,59,2
81743,62,12,50,2
81744,60,9,51,2
81745,49,5,44,2
81746,50,6,44,2
81747,38,5,33,2
81748,62,10,52,2
81749,59,9,50,2
81750,44,5,39,2
81751,56,11,45,2
81752,60,8,52,2
81753,45,2,43,2
81754,60,7,53,2
81755,65,6,59,2
81756,49,3,46,2
81757,43,3,40,2
81758,56,1,55,2
81759,43,6,37,2
81760,48,5,43,2
81761,58,1,57,2
81762,69,7,62,2
81763,62,10,52,2
81764,52,10,42,2
81765,55,1,54,2
81766,50,5,45,2
81767,59,5,54,2
81768,73,10,63,2
81769,51,5,46,2
81770,45,7,38,2
81771,48,6,42,2
81772,71,6,65,2
81773,55,5,50,2
81774,49,6,43,2
81775,49,4,45,2
81776,62,7,55,2
81777,44,3,41,2
81778,60,9,51,2
81779,48,4,44,2
81780,61,3,58,2
81781,58,9,49,2
81782,55,4,51,2
81783,63,7,56,2
81784,72,20,52,2
81785,57,6,51,2
81786,56,7,49,2
81787,59,9,50,2
81788,52,7,45,2
81789,62,8,54,2
81790,50,7,43,2
81791,60,11,49,2
81792,45,6,39,2
81793,53,10,43,2
81794,41,4,37,2
81795,59,5,54,2
81796,54,7,47,2
81797,55,8,47,2
81798,51,6,45,2
81799,63,7,56,2
81800,56,8,48,2
81801,50,5,45,2
81802,62,5,57,2
81803,60,9,51,2
81804,47,2,45,2
81805,51,4,47,2
81806,54,10,44,2
81807,55,10,45,2
81808,48,8,40,2
81809,57,4,53,2
81810,52,8,44,2
81811,43,3,40,2
81812,58,6,52,2
81813,58,8,50,2
81814,49,5,44,2
81815,51,9,42,2
81816,43,6,37,2
81817,62,10,52,2
81818,52,4,48,2
81819,39,5,34,2
81820,65,10,55,2
81821,63,6,57,2
81822,54,4,50,2
81823,69,10,59,2
81824,51,8,43,2
81825,46,9,37,2
81826,74,12,62,2
81827,70,13,57,2
81828,57,10,47,2
81829,38,3,35,2
81830,60,3,57,2
81831,55,7,48,2
81832,45,3,42,2
81833,61,6,55,2
81834,2,0,2,1
81835,49,4,45,2
81836,56,9,47,2
81837,52,6,46,2
81838,55,7,48,2
81839,50,5,45,2
81840,42,5,37,2
81841,50,6,44,2
81842,49,4,45,2
81843,41,1,40,2
81844,51,2,49,2
81845,66,7,59,2
81846,49,4,45,2
81847,52,9,43,2
81848,53,5,48,2
81849,43,7,36,2
81850,50,4,46,2
81851,50,4,46,2
81852,51,5,46,2
81853,50,7,43,2
81854,41,8,33,2
81855,43,5,38,2
81856,55,5,50,2
81857,54,5,49,2
81858,45,8,37,2
81859,61,9,52,2
81860,60,7,53,2
81861,65,2,63,2
81862,65,9,56,2
81863,51,5,46,2
81864,57,6,51,2
81865,63,9,54,2
81866,57,3,54,2
81867,62,3,59,2
81868,54,5,49,2
81869,46,5,41,2
81870,57,5,52,2
81871,56,7,49,2
81872,56,4,52,2
81873,52,3,49,2
81874,49,6,43,2
81875,51,5,46,2
81876,66,9,57,2
81877,59,2,57,2
81878,61,6,55,2
81879,47,8,39,2
81880,35,6,29,2
81881,61,11,50,2
81882,48,2,46,2
81883,48,2,46,2
81884,52,3,49,2
81885,57,10,47,2
81886,56,8,48,2
81887,62,7,55,2
81888,47,4,43,2
81889,49,7,42,2
81890,51,6,45,2
81891,55,7,48,2
81892,67,11,56,2
81893,45,5,40,2
81894,51,10,41,2
81895,44,4,40,2
81896,67,9,58,2
81897,54,6,48,2
81898,49,11,38,2
81899,62,5,57,2
81900,53,5,48,2
81901,55,5,50,2
81902,46,7,39,2
81903,47,3,44,2
81904,53,10,43,2
81905,45,3,42,2
81906,58,7,51,2
81907,53,8,45,2
81908,55,6,49,2
81909,62,8,54,2
81910,56,8,48,2
81911,68,9,59,2
81912,43,4,39,2
81913,60,5,55,2
81914,58,7,51,2
81915,57,10,47,2
81916,39,7,32,2
81917,67,4,63,2
81918,56,7,49,2
81919,43,5,38,2
81920,53,6,47,2
81921,68,7,61,2
81922,40,4,36,2
81923,49,6,43,2
81924,58,12,46,2
81925,53,6,47,2
81926,58,10,48,2
81927,39,3,36,2
81928,56,9,47,2
81929,56,4,52,2
81930,69,9,60,2
81931,51,10,41,2
81932,51,6,45,2
81933,66,5,61,2
81934,54,6,48,2
81935,51,5,46,2
81936,60,7,53,2
81937,45,5,40,2
81938,52,4,48,2
81939,54,5,49,2
81940,60,8,52,2
81941,47,5,42,2
81942,56,6,50,2
81943,52,6,46,2
81944,58,6,52,2
81945,38,3,35,2
81946,46,1,45,2
81947,54,8,46,2
81948,64,6,58,2
81949,64,7,57,2
81950,73,7,66,2
81951,66,3,63,2
81952,33,4,29,2
81953,51,6,45,2
81954,47,8,39,2
81955,56,10,46,2
81956,49,4,45,2
81957,51,9,42,2
81958,65,11,54,2
81959,60,3,57,2
81960,52,4,48,2
81961,46,3,43,2
81962,54,8,46,2
81963,64,8,56,2
81964,49,6,43,2
81965,51,7,44,2
81966,59,5,54,2
81967,66,7,59,2
81968,62,14,48,2
81969,50,5,45,2
81970,45,4,41,2
81971,55,8,47,2
81972,46,5,41,2
81973,71,14,57,2
81974,52,3,49,2
81975,49,6,43,2
81976,55,5,50,2
81977,54,4,50,2
81978,55,6,49,2
81979,42,7,35,2
81980,67,10,57,2
81981,71,5,66,2
81982,55,6,49,2
81983,51,5,46,2
81984,47,5,42,2
81985,45,4,41,2
81986,57,4,53,2
81987,64,7,57,2
81988,53,6,47,2
81989,59,8,51,2
81990,49,2,47,2
81991,60,2,58,2
81992,42,10,32,2
81993,71,7,64,2
81994,57,8,49,2
81995,49,2,47,2
81996,38,10,28,2
81997,44,5,39,2
81998,52,6,46,2
81999,66,5,61,2
82000,50,5,45,2
82001,57,8,49,2
82002,53,5,48,2
82003,49,6,43,2
82004,68,14,54,2
82005,45,5,40,2
82006,59,6,53,2
82007,59,9,50,2
82008,48,4,44,2
82009,48,7,41,2
82010,57,7,50,2
82011,57,7,50,2
82012,61,5,56,2
82013,45,6,39,2
82014,48,7,41,2
82015,50,3,47,2
82016,41,5,36,2
82017,48,7,41,2
82018,54,1,53,2
82019,45,4,41,2
82020,66,5,61,2
82021,63,6,57,2
82022,54,4,50,2
82023,67,7,60,2
82024,39,3,36,2
82025,50,5,45,2
82026,50,9,41,2
82027,41,6,35,2
82028,51,4,47,2
82029,76,10,66,2
82030,52,4,48,2
82031,58,4,54,2
82032,54,6,48,2
82033,48,4,44,2
82034,53,8,45,2
82035,55,7,48,2
82036,63,9,54,2
82037,59,6,53,2
82038,60,9,51,2
82039,68,5,63,2
82040,52,7,45,2
82041,47,7,40,2
82042,55,4,51,2
82043,42,2,40,2
82044,55,7,48,2
82045,48,6,42,2
82046,51,8,43,2
82047,50,1,49,2
82048,52,7,45,2
82049,70,7,63,2
82050,44,6,38,2
82051,68,10,58,2
82052,52,6,46,2
82053,54,5,49,2
82054,57,11,46,2
82055,51,6,45,2
82056,68,11,57,2
82057,46,4,42,2
82058,56,5,51,2
82059,58,14,44,2
82060,56,6,50,2
82061,53,3,50,2
82062,46,2,44,2
82063,53,6,47,2
82064,59,7,52,2
82065,33,6,27,2
82066,60,11,49,2
82067,56,7,49,2
82068,39,4,35,2
82069,38,4,34,2
82070,55,9,46,2
82071,50,4,46,2
82072,47,6,41,2
82073,52,4,48,2
82074,49,6,43,2
82075,47,6,41,2
82076,53,6,47,2
82077,52,9,43,2
82078,51,8,43,2
82079,59,9,50,2
82080,55,8,47,2
82081,55,5,50,2
82082,60,7,53,2
82083,55,6,49,2
82084,54,8,46,2
82085,53,4,49,2
82086,57,11,46,2
82087,63,6,57,2
82088,52,7,45,2
82089,51,9,42,2
82090,47,9,38,2
82091,54,2,52,2
82092,56,5,51,2
82093,58,5,53,2
82094,41,3,38,2
82095,55,5,50,2
82096,42,4,38,2
82097,52,5,47,2
82098,60,9,51,2
82099,51,7,44,2
82100,62,10,52,2
82101,52,3,49,2
82102,63,8,55,2
82103,61,11,50,2
82104,48,3,45,2
82105,58,7,51,2
82106,51,4,47,2
82107,51,7,44,2
82108,49,5,44,2
82109,46,5,41,2
82110,59,5,54,2
82111,63,7,56,2
82112,52,6,46,2
82113,55,8,47,2
82114,53,8,45,2
82115,58,6,52,2
82116,61,2,59,2
82117,58,4,54,2
82118,56,5,51,2
82119,66,5,61,2
82120,44,6,38,2
82121,58,6,52,2
82122,46,6,40,2
82123,62,6,56,2
82124,65,6,59,2
82125,62,9,53,2
82126,48,10,38,2
82127,60,3,57,2
82128,58,5,53,2
82129,52,4,48,2
82130,62,10,52,2
82131,45,2,43,2
82132,46,12,34,2
82133,61,12,49,2
82134,50,8,42,2
82135,56,5,51,2
82136,41,6,35,2
82137,41,5,36,2
82138,56,5,51,2
82139,62,12,50,2
82140,56,3,53,2
82141,61,8,53,2
82142,53,4,49,2
82143,51,5,46,2
82144,52,6,46,2
82145,68,5,63,2
82146,55,5,50,2
82147,58,6,52,2
82148,61,6,55,2
82149,63,3,60,2
82150,62,9,53,2
82151,54,5,49,2
82152,47,7,40,2
82153,55,4,51,2
82154,62,11,51,2
82155,55,5,50,2
82156,57,7,50,2
82157,63,7,56,2
82158,59,9,50,2
82160,38,3,35,2
82161,62,11,51,2
82162,52,11,41,2
82163,51,5,46,2
82164,56,8,48,2
82165,55,10,45,2
82166,48,7,41,2
82167,56,5,51,2
82168,46,2,44,2
82169,55,7,48,2
82170,56,10,46,2
82171,60,3,57,2
82172,46,4,42,2
82173,47,7,40,2
82174,48,3,45,2
82175,68,7,61,2
82176,67,5,62,2
82177,66,10,56,2
82178,58,8,50,2
82179,61,4,57,2
82180,57,9,48,2
82181,57,12,45,2
82182,61,9,52,2
82183,58,7,51,2
82184,58,6,52,2
82185,67,5,62,2
82186,47,5,42,2
82187,45,6,39,2
82188,62,8,54,2
82189,50,6,44,2
82190,58,8,50,2
82191,50,8,42,2
82192,46,2,44,2
82193,64,6,58,2
82194,47,4,43,2
82195,50,5,45,2
82196,49,5,44,2
82197,46,5,41,2
82198,56,6,50,2
82199,57,6,51,2
82200,58,12,46,2
82201,62,12,50,2
82202,51,8,43,2
82203,43,7,36,2
82204,53,7,46,2
82205,54,8,46,2
82206,54,5,49,2
82207,44,3,41,2
82208,49,10,39,2
82209,45,6,39,2
82210,57,8,49,2
82211,56,10,46,2
82212,59,4,55,2
82213,66,10,56,2
82214,63,7,56,2
82215,58,2,56,2
82216,53,7,46,2
82217,53,6,47,2
82218,50,3,47,2
82219,48,1,47,2
82220,61,8,53,2
82221,61,8,53,2
82222,49,4,45,2
82223,46,6,40,2
82224,52,8,44,2
82225,55,5,50,2
82226,62,13,49,2
82227,51,5,46,2
82228,60,5,55,2
82229,55,14,41,2
82230,61,5,56,2
82231,57,4,53,2
82232,61,11,50,2
82233,55,5,50,2
82234,48,9,39,2
82235,52,9,43,2
82236,58,6,52,2
82237,42,7,35,2
82238,61,4,57,2
82239,45,4,41,2
82240,61,11,50,2
82241,64,5,59,2
82242,54,15,39,2
82243,44,5,39,2
82244,70,14,56,2
82245,70,5,65,2
82246,54,5,49,2
82247,59,9,50,2
82248,55,9,46,2
82249,53,9,44,2
82250,59,10,49,2
82251,62,9,53,2
82252,54,6,48,2
82253,51,4,47,2
82254,51,7,44,2
82255,64,5,59,2
82256,55,7,48,2
82257,43,4,39,2
82258,56,7,49,2
82259,67,12,55,2
82260,56,9,47,2
82261,59,9,50,2
82262,45,6,39,2
82263,52,6,46,2
82264,63,7,56,2
82265,50,4,46,2
82266,54,7,47,2
82267,43,9,34,2
82268,66,8,58,2
82269,63,8,55,2
82270,59,11,48,2
82271,63,8,55,2
82272,43,2,41,2
82273,48,11,37,2
82274,54,8,46,2
82275,49,5,44,2
82277,47,10,37,2
82278,49,8,41,2
82279,60,7,53,2
82280,64,11,53,2
82281,70,4,66,2
82282,59,6,53,2
82283,70,4,66,2
82284,60,6,54,2
82285,63,12,51,2
82286,61,5,56,2
82287,55,7,48,2
82288,44,5,39,2
82289,67,9,58,2
82290,56,7,49,2
82291,45,6,39,2
82292,47,7,40,2
82293,54,6,48,2
82294,66,8,58,2
82295,66,4,62,2
82296,65,7,58,2
82297,57,4,53,2
82298,44,8,36,2
82299,57,7,50,2
82300,50,5,45,2
82301,47,5,42,2
82302,63,5,58,2
82303,54,6,48,2
82304,54,7,47,2
82305,60,9,51,2
82306,42,3,39,2
82307,67,9,58,2
82308,50,8,42,2
82309,38,4,34,2
82310,50,7,43,2
82311,57,12,45,2
82312,55,6,49,2
82313,50,7,43,2
82314,59,12,47,2
82315,66,8,58,2
82316,55,5,50,2
82317,47,6,41,2
82318,47,8,39,2
82319,58,6,52,2
82320,56,4,52,2
82321,51,3,48,2
82322,49,7,42,2
82323,47,2,45,2
82324,62,7,55,2
82325,60,7,53,2
82326,67,8,59,2
82327,50,7,43,2
82328,65,10,55,2
82329,63,9,54,2
82330,60,7,53,2
82331,49,6,43,2
82332,61,8,53,2
82333,56,5,51,2
82334,57,6,51,2
82335,49,0,49,1
82336,64,8,56,2
82337,46,2,44,2
82338,45,5,40,2
82339,47,7,40,2
82340,71,6,65,2
82341,52,6,46,2
82342,50,5,45,2
82343,59,4,55,2
82344,62,7,55,2
82345,47,3,44,2
82346,44,5,39,2
82347,43,4,39,2
82348,64,9,55,2
82349,57,8,49,2
82350,55,4,51,2
82351,62,8,54,2
82352,60,9,51,2
82353,49,5,44,2
82354,49,4,45,2
82355,64,12,52,2
82356,54,6,48,2
82357,47,9,38,2
82358,49,6,43,2
82359,54,10,44,2
82360,65,11,54,2
82361,60,6,54,2
82362,58,8,50,2
82363,52,5,47,2
82364,52,8,44,2
82365,60,5,55,2
82366,54,7,47,2
82367,59,3,56,2
82368,52,9,43,2
82369,53,7,46,2
82370,49,4,45,2
82371,42,8,34,2
82372,52,4,48,2
82373,51,5,46,2
82374,50,5,45,2
82375,57,7,50,2
82376,59,5,54,2
82377,50,3,47,2
82378,55,5,50,2
82379,59,9,50,2
82380,50,6,44,2
82381,70,5,65,2
82382,54,5,49,2
82383,48,6,42,2
82384,67,6,61,2
82385,53,5,48,2
82386,53,7,46,2
82387,57,10,47,2
82388,46,4,42,2
82389,43,10,33,2
82390,55,9,46,2
82391,53,9,44,2
82392,48,3,45,2
82393,57,9,48,2
82394,41,9,32,2
82395,66,10,56,2
82396,63,3,60,2
82397,52,9,43,2
82398,51,5,46,2
82399,46,5,41,2
82400,51,3,48,2
82401,69,12,57,2
82402,47,8,39,2
82403,58,4,54,2
82404,54,7,47,2
82405,55,12,43,2
82406,43,5,38,2
82407,41,4,37,2
82408,52,3,49,2
82409,46,5,41,2
82410,57,3,54,2
82411,66,10,56,2
82412,70,11,59,2
82413,50,5,45,2
82414,42,2,40,2
82415,65,5,60,2
82416,51,3,48,2
82417,55,7,48,2
82418,56,5,51,2
82419,61,7,54,2
82420,55,5,50,2
82421,58,8,50,2
82422,49,5,44,2
82424,45,5,40,2
82425,68,15,53,2
82426,51,9,42,2
82427,62,10,52,2
82428,56,9,47,2
82429,73,6,67,2
82430,59,6,53,2
82431,57,7,50,2
82432,61,4,57,2
82433,62,7,55,2
82434,54,6,48,2
82435,43,5,38,2
82436,67,8,59,2
82437,69,11,58,2
82438,53,10,43,2
82439,55,6,49,2
82440,72,12,60,2
82441,52,8,44,2
82442,57,7,50,2
82443,43,6,37,2
82444,53,5,48,2
82445,46,3,43,2
82446,56,5,51,2
82447,65,9,56,2
82448,52,6,46,2
82449,36,4,32,2
82450,60,7,53,2
82451,51,6,45,2
82452,44,4,40,2
82453,66,5,61,2
82454,49,1,48,2
82455,53,7,46,2
82456,54,11,43,2
82457,59,13,46,2
82458,51,4,47,2
82459,53,8,45,2
82460,63,4,59,2
82461,47,8,39,2
82462,41,4,37,2
82463,46,7,39,2
82464,52,7,45,2
82465,38,7,31,2
82466,60,9,51,2
82467,48,8,40,2
82468,48,1,47,2
82469,59,10,49,2
82470,58,3,55,2
82471,49,8,41,2
82472,52,3,49,2
82473,55,6,49,2
82474,58,8,50,2
82475,51,4,47,2
82476,57,3,54,2
82477,45,5,40,2
82478,41,5,36,2
82479,52,9,43,2
82480,56,9,47,2
82481,58,6,52,2
82482,46,8,38,2
82483,69,8,61,2
82484,56,4,52,2
82485,55,7,48,2
82486,52,5,47,2
82487,46,7,39,2
82488,55,4,51,2
82489,58,5,53,2
82490,40,7,33,2
82491,63,11,52,2
82492,50,2,48,2
82493,54,8,46,2
82494,52,5,47,2
82495,62,6,56,2
82496,67,11,56,2
82497,32,1,31,2
82498,44,3,41,2
82499,64,7,57,2
82500,52,5,47,2
82501,52,7,45,2
82502,47,8,39,2
82503,54,10,44,2
82504,54,5,49,2
82505,54,5,49,2
82506,54,9,45,2
82507,53,10,43,2
82508,50,4,46,2
82509,48,3,45,2
82510,57,5,52,2
82511,58,4,54,2
82512,52,6,46,2
82513,56,8,48,2
82514,50,9,41,2
82515,53,4,49,2
82516,47,5,42,2
82517,50,9,41,2
82518,60,8,52,2
82519,66,6,60,2
82520,56,3,53,2
82521,60,5,55,2
82522,52,4,48,2
82523,51,3,48,2
82524,47,7,40,2
82525,60,5,55,2
82526,53,5,48,2
82527,56,3,53,2
82528,53,6,47,2
82529,52,6,46,2
82530,52,10,42,2
82531,49,7,42,2
82532,56,1,55,2
82533,59,10,49,2
82534,59,12,47,2
82535,51,3,48,2
82536,52,1,51,2
82537,49,7,42,2
82538,56,11,45,2
82539,56,4,52,2
82540,51,5,46,2
82541,45,5,40,2
82542,58,8,50,2
82543,48,5,43,2
82544,59,10,49,2
82545,49,3,46,2
82546,54,9,45,2
82547,60,4,56,2
82548,46,7,39,2
82549,46,6,40,2
82550,55,4,51,2
82551,57,9,48,2
82552,61,3,58,2
82553,53,3,50,2
82554,46,3,43,2
82555,56,4,52,2
82556,59,5,54,2
82557,49,9,40,2
82558,51,6,45,2
82559,54,7,47,2
82560,48,2,46,2
82561,49,5,44,2
82562,54,5,49,2
82563,60,6,54,2
82564,65,4,61,2
82565,64,13,51,2
82566,51,6,45,2
82567,56,7,49,2
82568,64,11,53,2
82569,58,9,49,2
82570,51,1,50,2
82571,53,5,48,2
82572,49,8,41,2
82573,54,6,48,2
82574,63,4,59,2
82575,59,9,50,2
82576,43,6,37,2
82577,49,4,45,2
82578,38,8,30,2
82579,59,5,54,2
82580,64,7,57,2
82581,58,6,52,2
82582,52,7,45,2
82583,51,6,45,2
82584,58,7,51,2
82585,54,5,49,2
82586,67,5,62,2
82587,52,6,46,2
82588,57,8,49,2
82589,47,6,41,2
82590,58,4,54,2
82591,53,6,47,2
82592,50,9,41,2
82593,62,7,55,2
82594,63,6,57,2
82595,56,8,48,2
82596,61,10,51,2
82597,57,5,52,2
82598,46,6,40,2
82599,63,11,52,2
82600,53,8,45,2
82601,42,6,36,2
82602,48,2,46,2
82603,52,5,47,2
82604,54,10,44,2
82605,67,6,61,2
82606,53,11,42,2
82607,54,7,47,2
82608,50,6,44,2
82609,55,6,49,2
82610,60,6,54,2
82611,58,5,53,2
82612,48,4,44,2
82613,56,8,48,2
82614,54,4,50,2
82615,54,8,46,2
82616,55,7,48,2
82617,64,12,52,2
82618,52,6,46,2
82619,53,4,49,2
82620,57,10,47,2
82621,61,4,57,2
82622,53,7,46,2
82623,49,5,44,2
82624,55,2,53,2
82625,49,7,42,2
82626,55,8,47,2
82627,59,6,53,2
82628,46,4,42,2
82629,44,3,41,2
82630,66,5,61,2
82631,58,7,51,2
82632,68,10,58,2
82633,50,9,41,2
82634,54,8,46,2
82635,49,5,44,2
82636,68,10,58,2
82637,65,6,59,2
82638,67,8,59,2
82639,48,10,38,2
82640,60,10,50,2
82641,50,3,47,2
82642,56,12,44,2
82643,50,7,43,2
82644,65,17,48,2
82645,51,7,44,2
82646,67,5,62,2
82647,49,9,40,2
82648,62,9,53,2
82649,61,8,53,2
82650,50,7,43,2
82651,36,4,32,2
82652,47,9,38,2
82653,45,3,42,2
82654,51,7,44,2
82655,58,9,49,2
82656,58,4,54,2
82657,52,9,43,2
82658,43,6,37,2
82659,62,8,54,2
82660,51,4,47,2
82661,49,10,39,2
82662,67,11,56,2
82663,56,6,50,2
82664,52,11,41,2
82665,52,6,46,2
82666,58,3,55,2
82667,53,8,45,2
82668,59,6,53,2
82669,62,10,52,2
82670,54,8,46,2
82671,55,7,48,2
82672,60,6,54,2
82673,47,10,37,2
82674,55,7,48,2
82675,53,4,49,2
82676,56,11,45,2
82677,41,3,38,2
82678,64,6,58,2
82679,48,6,42,2
82681,56,4,52,2
82682,53,9,44,2
82683,49,5,44,2
82684,44,7,37,2
82685,52,4,48,2
82686,52,8,44,2
82687,53,6,47,2
82688,49,10,39,2
82689,63,11,52,2
82690,35,3,32,2
82691,54,9,45,2
82692,67,12,55,2
82693,57,6,51,2
82694,53,7,46,2
82695,40,4,36,2
82696,50,4,46,2
82697,47,2,45,2
82698,46,6,40,2
82699,67,10,57,2
82700,58,7,51,2
82701,58,10,48,2
82702,52,8,44,2
82703,59,10,49,2
82704,48,4,44,2
82705,60,4,56,2
82706,49,2,47,2
82707,58,8,50,2
82708,65,8,57,2
82709,54,6,48,2
82710,46,2,44,2
82711,51,8,43,2
82712,49,8,41,2
82713,56,7,49,2
82714,71,9,62,2
82715,59,9,50,2
82716,63,6,57,2
82717,59,6,53,2
82718,52,5,47,2
82719,54,17,37,2
82720,47,6,41,2
82721,68,9,59,2
82722,57,5,52,2
82723,64,14,50,2
82724,60,11,49,2
82725,52,3,49,2
82726,65,5,60,2
82727,55,9,46,2
82728,54,9,45,2
82729,57,8,49,2
82730,48,11,37,2
82731,46,11,35,2
82732,51,2,49,2
82733,67,14,53,2
82734,49,5,44,2
82735,48,5,43,2
82736,36,2,34,2
82737,60,8,52,2
82738,50,7,43,2
82739,59,3,56,2
82740,55,9,46,2
82741,46,7,39,2
82742,63,10,53,2
82743,58,9,49,2
82744,53,9,44,2
82745,55,8,47,2
82746,53,7,46,2
82747,52,5,47,2
82748,58,6,52,2
82749,46,5,41,2
82750,52,4,48,2
82751,63,7,56,2
82752,55,3,52,2
82753,55,8,47,2
82754,58,9,49,2
82755,48,7,41,2
82756,53,10,43,2
82757,68,7,61,2
82758,66,9,57,2
82759,68,8,60,2
82760,50,11,39,2
82761,60,7,53,2
82762,41,6,35,2
82763,60,6,54,2
82764,46,6,40,2
82765,48,10,38,2
82766,50,6,44,2
82767,55,6,49,2
82768,44,6,38,2
82769,47,8,39,2
82770,39,1,38,2
82771,52,8,44,2
82772,68,10,58,2
82773,40,3,37,2
82774,41,3,38,2
82775,42,5,37,2
82776,55,7,48,2
82777,51,5,46,2
82778,66,9,57,2
82779,61,4,57,2
82780,58,7,51,2
82781,51,6,45,2
82782,51,5,46,2
82783,58,5,53,2
82784,54,6,48,2
82785,50,6,44,2
82786,58,7,51,2
82787,59,7,52,2
82788,55,7,48,2
82789,50,5,45,2
82790,66,9,57,2
82791,49,7,42,2
82792,45,4,41,2
82793,61,9,52,2
82794,63,8,55,2
82795,58,7,51,2
82796,58,6,52,2
82797,53,9,44,2
82798,51,5,46,2
82799,64,9,55,2
82800,51,8,43,2
82801,53,4,49,2
82802,47,3,44,2
82803,53,5,48,2
82804,39,4,35,2
82805,50,8,42,2
82806,51,7,44,2
82807,59,7,52,2
82808,62,8,54,2
82809,58,7,51,2
82810,50,6,44,2
82811,61,6,55,2
82812,58,5,53,2
82813,69,15,54,2
82814,56,7,49,2
82815,48,7,41,2
82816,64,8,56,2
82817,55,4,51,2
82818,51,6,45,2
82819,53,6,47,2
82820,51,6,45,2
82821,50,5,45,2
82822,62,4,58,2
82823,53,10,43,2
82824,56,5,51,2
82825,47,5,42,2
82826,47,4,43,2
82827,56,5,51,2
82828,74,8,66,2
82829,62,5,57,2
82830,62,11,51,2
82831,55,8,47,2
82832,50,3,47,2
82833,49,7,42,2
82834,58,13,45,2
82835,46,6,40,2
82836,62,7,55,2
82837,44,3,41,2
82838,54,5,49,2
82839,61,7,54,2
82840,53,9,44,2
82841,44,7,37,2
82842,47,5,42,2
82843,54,3,51,2
82844,44,3,41,2
82845,49,7,42,2
82846,52,5,47,2
82847,62,9,53,2
82848,60,11,49,2
82849,42,3,39,2
82850,48,4,44,2
82851,47,4,43,2
82852,63,11,52,2
82853,54,4,50,2
82854,60,3,57,2
82855,59,4,55,2
82856,56,5,51,2
82857,50,4,46,2
82858,52,3,49,2
82859,59,5,54,2
82860,60,7,53,2
82861,42,6,36,2
82862,52,3,49,2
82863,71,4,67,2
82864,46,6,40,2
82865,51,7,44,2
82866,51,5,46,2
82867,49,7,42,2
82868,68,10,58,2
82869,56,6,50,2
82870,64,8,56,2
82871,63,4,59,2
82872,35,8,27,2
82873,45,5,40,2
82874,46,8,38,2
82875,57,3,54,2
82876,53,6,47,2
82877,55,6,49,2
82878,54,9,45,2
82879,58,5,53,2
82880,55,5,50,2
82881,45,2,43,2
82882,68,5,63,2
82883,58,7,51,2
82884,50,8,42,2
82885,59,8,51,2
82886,58,5,53,2
82887,43,4,39,2
82888,59,13,46,2
82889,53,4,49,2
82890,58,6,52,2
82891,47,2,45,2
82892,53,3,50,2
82893,56,12,44,2
82894,50,3,47,2
82895,48,2,46,2
82896,55,7,48,2
82897,68,7,61,2
82898,55,9,46,2
82899,56,7,49,2
82900,50,5,45,2
82901,52,6,46,2
82902,47,7,40,2
82903,54,6,48,2
82904,54,8,46,2
82905,50,8,42,2
82906,52,6,46,2
82907,79,10,69,2
82908,58,7,51,2
82909,52,5,47,2
82910,43,9,34,2
82911,46,2,44,2
82912,58,5,53,2
82913,51,7,44,2
82914,43,8,35,2
82915,55,6,49,2
82916,63,9,54,2
82917,45,2,43,2
82918,62,9,53,2
82919,53,10,43,2
82920,64,11,53,2
82921,53,8,45,2
82922,56,7,49,2
82923,53,5,48,2
82924,67,8,59,2
82925,42,4,38,2
82926,44,6,38,2
82927,49,5,44,2
82928,36,7,29,2
82929,50,6,44,2
82930,58,7,51,2
82931,44,5,39,2
82932,60,6,54,2
82933,53,9,44,2
82934,49,8,41,2
82935,48,4,44,2
82936,50,4,46,2
82937,50,6,44,2
82938,52,6,46,2
82939,53,11,42,2
82940,61,8,53,2
82941,56,7,49,2
82942,49,4,45,2
82943,55,12,43,2
82944,53,6,47,2
82945,56,5,51,2
82946,57,11,46,2
82947,60,6,54,2
82948,52,8,44,2
82949,53,9,44,2
82950,50,5,45,2
82951,66,7,59,2
82952,51,9,42,2
82953,49,3,46,2
82954,45,4,41,2
82955,50,5,45,2
82956,53,3,50,2
82957,68,10,58,2
82958,63,11,52,2
82959,58,4,54,2
82960,54,3,51,2
82961,53,6,47,2
82962,71,5,66,2
82963,47,5,42,2
82964,52,9,43,2
82965,62,6,56,2
82966,48,5,43,2
82967,62,7,55,2
82968,54,3,51,2
82969,54,8,46,2
82970,45,3,42,2
82971,48,8,40,2
82972,42,3,39,2
82973,36,3,33,2
82974,50,3,47,2
82975,56,8,48,2
82976,49,8,41,2
82977,53,7,46,2
82978,54,5,49,2
82979,51,5,46,2
82980,47,5,42,2
82981,46,6,40,2
82982,55,4,51,2
82983,49,8,41,2
82984,51,6,45,2
82985,52,2,50,2
82986,59,11,48,2
82987,48,5,43,2
82988,40,2,38,2
82989,51,12,39,2
82990,66,7,59,2
82991,43,10,33,2
82992,50,2,48,2
82993,46,6,40,2
82994,66,11,55,2
82995,41,7,34,2
82996,56,3,53,2
82997,58,4,54,2
82998,58,11,47,2
82999,59,7,52,2
83000,54,5,49,2
83001,54,7,47,2
83002,68,7,61,2
83003,58,8,50,2
83004,55,3,52,2
83005,73,8,65,2
83006,55,9,46,2
83007,42,4,38,2
83008,52,5,47,2
83009,57,9,48,2
83010,46,4,42,2
83011,52,9,43,2
83012,46,6,40,2
83013,57,4,53,2
83014,51,3,48,2
83015,64,6,58,2
83016,56,8,48,2
83017,68,12,56,2
83018,58,4,54,2
83019,60,6,54,2
83020,52,4,48,2
83021,63,5,58,2
83022,47,10,37,2
83023,57,7,50,2
83024,53,9,44,2
83025,50,1,49,2
83026,51,7,44,2
83027,54,6,48,2
83028,49,2,47,2
83029,50,3,47,2
83030,57,6,51,2
83031,59,10,49,2
83032,51,4,47,2
83033,61,7,54,2
83034,69,7,62,2
83035,40,5,35,2
83036,52,2,50,2
83037,53,5,48,2
83038,71,13,58,2
83039,50,7,43,2
83040,53,4,49,2
83041,53,7,46,2
83042,49,9,40,2
83043,58,10,48,2
83044,61,5,56,2
83045,67,7,60,2
83046,52,5,47,2
83047,59,6,53,2
83048,60,9,51,2
83049,44,6,38,2
83050,53,8,45,2
83051,50,4,46,2
83052,53,12,41,2
83053,37,1,36,2
83054,51,1,50,2
83055,58,7,51,2
83056,63,7,56,2
83057,51,6,45,2
83058,62,4,58,2
83059,56,7,49,2
83060,59,8,51,2
83061,65,10,55,2
83062,59,6,53,2
83063,52,10,42,2
83064,42,7,35,2
83065,61,7,54,2
83066,46,4,42,2
83067,42,3,39,2
83068,59,9,50,2
83069,67,11,56,2
83070,55,6,49,2
83071,64,7,57,2
83072,66,9,57,2
83073,40,2,38,2
83074,61,3,58,2
83075,54,11,43,2
83076,67,4,63,2
83077,52,5,47,2
83078,62,5,57,2
83079,58,4,54,2
83080,43,7,36,2
83081,44,3,41,2
83082,50,5,45,2
83083,48,7,41,2
83084,68,8,60,2
83085,49,8,41,2
83086,67,11,56,2
83087,65,9,56,2
83088,44,5,39,2
83089,51,3,48,2
83090,48,5,43,2
83091,60,7,53,2
83092,53,5,48,2
83093,45,10,35,2
83094,40,2,38,2
83095,51,5,46,2
83096,55,8,47,2
83097,62,10,52,2
83098,46,7,39,2
83099,54,4,50,2
83100,53,1,52,2
83101,51,9,42,2
83102,51,11,40,2
83103,59,10,49,2
83104,52,8,44,2
83105,53,5,48,2
83106,55,8,47,2
83107,64,13,51,2
83108,59,8,51,2
83109,62,12,50,2
83110,48,4,44,2
83111,54,7,47,2
83112,60,9,51,2
83113,61,11,50,2
83114,61,13,48,2
83115,61,10,51,2
83116,55,3,52,2
83117,64,12,52,2
83118,44,5,39,2
83119,57,8,49,2
83120,70,8,62,2
83121,64,6,58,2
83122,61,8,53,2
83123,65,8,57,2
83124,45,3,42,2
83125,55,8,47,2
83126,44,3,41,2
83127,53,3,50,2
83128,51,8,43,2
83129,56,9,47,2
83131,52,8,44,2
83132,56,6,50,2
83133,56,5,51,2
83134,52,8,44,2
83135,45,6,39,2
83136,42,6,36,2
83137,56,8,48,2
83138,51,7,44,2
83139,56,5,51,2
83140,60,11,49,2
83141,50,6,44,2
83142,50,7,43,2
83143,51,6,45,2
83144,57,6,51,2
83145,47,5,42,2
83146,59,9,50,2
83147,59,7,52,2
83148,33,4,29,2
83149,41,3,38,2
83150,43,3,40,2
83151,51,3,48,2
83152,47,7,40,2
83153,72,7,65,2
83154,57,6,51,2
83155,50,6,44,2
83156,58,11,47,2
83157,50,10,40,2
83158,54,8,46,2
83159,41,5,36,2
83160,60,5,55,2
83161,67,3,64,2
83162,59,6,53,2
83163,58,8,50,2
83164,63,5,58,2
83165,54,9,45,2
83166,50,4,46,2
83167,61,13,48,2
83168,50,5,45,2
83169,51,7,44,2
83170,59,7,52,2
83171,38,6,32,2
83172,48,9,39,2
83173,43,7,36,2
83174,51,6,45,2
83175,47,6,41,2
83176,55,4,51,2
83177,50,4,46,2
83178,48,4,44,2
83179,57,9,48,2
83180,55,7,48,2
83181,51,7,44,2
83182,39,5,34,2
83183,58,11,47,2
83184,61,7,54,2
83185,56,1,55,2
83186,62,9,53,2
83187,58,9,49,2
83188,60,5,55,2
83189,64,12,52,2
83190,55,5,50,2
83191,53,4,49,2
83192,67,11,56,2
83193,57,8,49,2
83194,56,6,50,2
83195,50,7,43,2
83196,48,6,42,2
83197,64,4,60,2
83198,66,8,58,2
83199,56,2,54,2
83200,57,5,52,2
83201,32,5,27,2
83202,65,7,58,2
83203,53,4,49,2
83204,55,9,46,2
83205,60,4,56,2
83206,55,6,49,2
83207,52,8,44,2
83208,57,10,47,2
83209,52,5,47,2
83210,50,9,41,2
83211,56,10,46,2
83212,43,9,34,2
83213,48,7,41,2
83214,59,5,54,2
83215,54,9,45,2
83216,60,10,50,2
83217,44,4,40,2
83218,41,5,36,2
83219,57,5,52,2
83220,51,7,44,2
83221,52,4,48,2
83222,64,10,54,2
83223,55,5,50,2
83224,66,8,58,2
83225,58,14,44,2
83226,50,8,42,2
83227,56,5,51,2
83228,47,7,40,2
83229,40,3,37,2
83230,55,8,47,2
83231,43,5,38,2
83232,67,11,56,2
83233,36,1,35,2
83234,41,4,37,2
83235,46,5,41,2
83236,58,3,55,2
83237,49,5,44,2
83238,51,3,48,2
83239,58,6,52,2
83240,59,5,54,2
83241,51,10,41,2
83242,61,8,53,2
83243,49,7,42,2
83244,54,5,49,2
83245,57,8,49,2
83246,50,4,46,2
83247,58,8,50,2
83248,61,8,53,2
83249,56,3,53,2
83250,58,4,54,2
83251,41,4,37,2
83252,46,5,41,2
83253,59,8,51,2
83254,54,6,48,2
83255,54,8,46,2
83256,50,6,44,2
83257,74,6,68,2
83258,63,6,57,2
83259,49,4,45,2
83260,50,5,45,2
83261,48,7,41,2
83262,49,6,43,2
83263,43,6,37,2
83264,55,10,45,2
83265,48,12,36,2
83266,63,6,57,2
83267,49,6,43,2
83268,42,4,38,2
83269,65,10,55,2
83270,55,5,50,2
83271,50,8,42,2
83272,59,8,51,2
83273,60,4,56,2
83274,48,5,43,2
83275,53,4,49,2
83276,66,7,59,2
83277,55,8,47,2
83278,57,6,51,2
83279,55,2,53,2
83280,58,7,51,2
83281,49,2,47,2
83282,49,8,41,2
83283,58,9,49,2
83284,47,8,39,2
83285,53,5,48,2
83286,44,6,38,2
83287,59,8,51,2
83288,39,6,33,2
83289,66,5,61,2
83290,62,8,54,2
83291,43,9,34,2
83292,47,2,45,2
83293,55,6,49,2
83294,55,4,51,2
83295,52,7,45,2
83296,33,5,28,2
83297,54,9,45,2
83298,47,4,43,2
83299,48,3,45,2
83300,53,8,45,2
83301,52,9,43,2
83302,56,10,46,2
83303,50,1,49,2
83304,53,6,47,2
83305,63,6,57,2
83306,48,8,40,2
83307,54,6,48,2
83308,60,4,56,2
83309,52,10,42,2
83310,34,4,30,2
83311,43,4,39,2
83312,56,8,48,2
83313,57,10,47,2
83314,57,6,51,2
83315,42,4,38,2
83316,51,6,45,2
83317,46,7,39,2
83318,52,5,47,2
83319,66,6,60,2
83320,54,4,50,2
83321,59,7,52,2
83322,57,5,52,2
83323,50,6,44,2
83324,54,5,49,2
83325,45,4,41,2
83326,49,7,42,2
83327,47,7,40,2
83328,55,9,46,2
83329,61,5,56,2
83330,56,3,53,2
83331,48,3,45,2
83332,51,6,45,2
83333,52,7,45,2
83334,46,5,41,2
83335,55,3,52,2
83336,51,3,48,2
83337,43,6,37,2
83338,61,9,52,2
83339,57,4,53,2
83340,64,7,57,2
83341,48,5,43,2
83342,59,6,53,2
83343,60,2,58,2
83344,58,6,52,2
83345,59,7,52,2
83346,50,7,43,2
83347,42,4,38,2
83348,51,4,47,2
83349,74,10,64,2
83350,52,8,44,2
83351,55,7,48,2
83352,56,7,49,2
83353,64,7,57,2
83354,57,10,47,2
83355,47,5,42,2
83356,54,6,48,2
83357,44,3,41,2
83358,45,4,41,2
83359,61,6,55,2
83360,58,8,50,2
83361,49,6,43,2
83362,56,6,50,2
83363,51,3,48,2
83364,70,8,62,2
83365,44,7,37,2
83366,57,10,47,2
83367,50,9,41,2
83368,63,8,55,2
83369,63,5,58,2
83370,51,5,46,2
83371,51,6,45,2
83372,52,5,47,2
83373,58,9,49,2
83374,55,5,50,2
83375,51,3,48,2
83376,51,5,46,2
83377,56,8,48,2
83378,50,7,43,2
83379,33,7,26,2
83380,56,8,48,2
83381,63,11,52,2
83382,55,2,53,2
83383,50,2,48,2
83384,49,7,42,2
83385,58,6,52,2
83386,53,4,49,2
83387,52,6,46,2
83388,57,11,46,2
83389,67,7,60,2
83390,58,8,50,2
83391,63,9,54,2
83392,48,6,42,2
83393,62,7,55,2
83394,41,6,35,2
83395,47,5,42,2
83396,59,6,53,2
83397,53,6,47,2
83398,52,4,48,2
83399,59,6,53,2
83400,56,6,50,2
83401,58,6,52,2
83402,62,7,55,2
83404,58,9,49,2
83405,62,4,58,2
83406,59,8,51,2
83407,49,9,40,2
83408,64,11,53,2
83409,61,7,54,2
83410,64,7,57,2
83411,52,7,45,2
83412,52,7,45,2
83413,45,1,44,2
83414,41,2,39,2
83415,47,4,43,2
83416,56,4,52,2
83417,56,7,49,2
83418,51,5,46,2
83419,56,8,48,2
83420,57,5,52,2
83421,53,9,44,2
83422,53,7,46,2
83423,50,9,41,2
83424,55,11,44,2
83425,58,9,49,2
83426,53,4,49,2
83427,49,4,45,2
83428,61,3,58,2
83429,37,8,29,2
83430,46,4,42,2
83431,56,4,52,2
83432,40,5,35,2
83433,47,5,42,2
83434,60,6,54,2
83435,52,7,45,2
83436,71,11,60,2
83437,55,9,46,2
83438,49,3,46,2
83439,47,4,43,2
83440,61,7,54,2
83441,47,8,39,2
83442,47,4,43,2
83443,55,7,48,2
83444,41,1,40,2
83445,48,6,42,2
83446,56,10,46,2
83447,45,4,41,2
83448,45,8,37,2
83449,52,9,43,2
83450,66,7,59,2
83451,49,7,42,2
83452,50,6,44,2
83453,65,8,57,2
83454,57,6,51,2
83455,61,10,51,2
83456,51,6,45,2
83457,54,6,48,2
83458,49,7,42,2
83459,73,18,55,2
83460,57,8,49,2
83461,64,6,58,2
83462,57,7,50,2
83463,53,6,47,2
83464,50,8,42,2
83465,46,4,42,2
83466,48,3,45,2
83468,57,5,52,2
83469,51,9,42,2
83470,44,3,41,2
83471,58,3,55,2
83472,55,7,48,2
83473,60,8,52,2
83474,52,6,46,2
83475,48,4,44,2
83476,56,5,51,2
83477,50,6,44,2
83478,44,3,41,2
83479,67,6,61,2
83480,44,6,38,2
83481,54,4,50,2
83482,62,10,52,2
83483,36,3,33,2
83484,42,7,35,2
83485,58,7,51,2
83486,56,5,51,2
83487,48,12,36,2
83488,51,5,46,2
83489,50,10,40,2
83490,63,8,55,2
83491,56,8,48,2
83492,57,6,51,2
83493,59,8,51,2
83494,52,4,48,2
83495,50,5,45,2
83496,60,5,55,2
83497,49,8,41,2
83498,46,7,39,2
83499,58,2,56,2
83500,51,6,45,2
83501,52,6,46,2
83502,56,5,51,2
83503,65,9,56,2
83504,49,5,44,2
83506,47,5,42,2
83507,56,10,46,2
83508,40,11,29,2
83509,60,7,53,2
83510,61,6,55,2
83511,53,4,49,2
83512,62,8,54,2
83513,53,7,46,2
83514,45,7,38,2
83515,56,11,45,2
83516,47,6,41,2
83517,51,3,48,2
83518,54,5,49,2
83519,49,6,43,2
83520,62,8,54,2
83521,56,5,51,2
83522,51,10,41,2
83523,54,4,50,2
83524,65,13,52,2
83525,52,6,46,2
83526,70,13,57,2
83527,57,7,50,2
83528,60,9,51,2
83529,39,2,37,2
83530,59,6,53,2
83531,60,9,51,2
83532,56,6,50,2
83533,50,8,42,2
83534,58,5,53,2
83535,67,8,59,2
83536,59,7,52,2
83537,48,10,38,2
83538,67,9,58,2
83539,46,7,39,2
83540,42,3,39,2
83541,61,6,55,2
83542,55,4,51,2
83543,60,5,55,2
83544,55,3,52,2
83545,54,5,49,2
83546,50,7,43,2
83547,54,4,50,2
83548,55,9,46,2
83549,64,11,53,2
83550,47,12,35,2
83551,53,4,49,2
83552,36,6,30,2
83553,51,5,46,2
83554,62,7,55,2
83555,70,10,60,2
83556,49,6,43,2
83557,49,6,43,2
83558,50,4,46,2
83559,49,9,40,2
83560,48,5,43,2
83561,57,4,53,2
83562,53,2,51,2
83563,62,6,56,2
83564,45,4,41,2
83565,55,4,51,2
83566,64,10,54,2
83567,52,4,48,2
83568,53,9,44,2
83569,50,6,44,2
83570,50,6,44,2
83571,56,8,48,2
83572,45,6,39,2
83573,54,11,43,2
83574,54,5,49,2
83575,53,7,46,2
83576,55,4,51,2
83577,49,7,42,2
83578,60,5,55,2
83579,60,7,53,2
83580,46,9,37,2
83581,71,12,59,2
83582,49,5,44,2
83583,48,5,43,2
83584,60,6,54,2
83585,51,4,47,2
83586,51,11,40,2
83587,55,5,50,2
83588,61,10,51,2
83589,59,5,54,2
83590,54,6,48,2
83591,65,9,56,2
83592,54,5,49,2
83593,50,4,46,2
83594,57,5,52,2
83595,52,5,47,2
83596,59,5,54,2
83597,48,4,44,2
83598,42,8,34,2
83599,48,5,43,2
83600,73,5,68,2
83601,50,3,47,2
83602,61,8,53,2
83603,51,9,42,2
83604,63,7,56,2
83605,52,7,45,2
83606,54,7,47,2
83607,48,8,40,2
83608,61,10,51,2
83609,54,12,42,2
83610,42,5,37,2
83611,49,4,45,2
83612,64,7,57,2
83613,64,5,59,2
83614,52,7,45,2
83615,55,10,45,2
83616,45,8,37,2
83617,43,4,39,2
83618,51,7,44,2
83619,58,11,47,2
83620,43,2,41,2
83621,55,5,50,2
83622,53,2,51,2
83623,47,10,37,2
83624,55,10,45,2
83625,58,5,53,2
83626,57,8,49,2
83627,56,5,51,2
83628,61,6,55,2
83629,58,6,52,2
83630,56,5,51,2
83631,64,5,59,2
83632,56,5,51,2
83633,61,5,56,2
83634,61,3,58,2
83635,45,3,42,2
83636,54,2,52,2
83637,50,6,44,2
83638,40,4,36,2
83639,57,11,46,2
83640,58,7,51,2
83641,53,2,51,2
83642,47,8,39,2
83643,39,4,35,2
83644,60,6,54,2
83645,60,5,55,2
83646,53,6,47,2
83647,49,8,41,2
83648,56,10,46,2
83649,38,2,36,2
83650,47,7,40,2
83651,54,12,42,2
83652,37,4,33,2
83653,55,4,51,2
83654,54,3,51,2
83655,56,7,49,2
83656,70,11,59,2
83657,51,7,44,2
83658,59,9,50,2
83659,54,6,48,2
83660,57,10,47,2
83661,41,5,36,2
83662,46,6,40,2
83663,55,3,52,2
83664,56,7,49,2
83665,50,2,48,2
83666,42,4,38,2
83667,65,5,60,2
83668,55,9,46,2
83669,56,3,53,2
83670,55,8,47,2
83671,62,9,53,2
83672,47,5,42,2
83673,49,3,46,2
83674,48,4,44,2
83675,58,4,54,2
83676,61,6,55,2
83677,50,6,44,2
83678,55,6,49,2
83679,56,6,50,2
83680,63,8,55,2
83681,62,5,57,2
83682,53,5,48,2
83683,57,2,55,2
83684,52,8,44,2
83685,50,5,45,2
83686,61,6,55,2
83687,64,8,56,2
83688,55,9,46,2
83689,41,5,36,2
83690,54,4,50,2
83691,55,8,47,2
83692,64,12,52,2
83693,45,7,38,2
83694,46,10,36,2
83695,66,7,59,2
83696,50,3,47,2
83697,61,12,49,2
83698,52,4,48,2
83699,35,5,30,2
83700,72,7,65,2
83701,58,6,52,2
83702,66,5,61,2
83703,58,1,57,2
83704,66,7,59,2
83705,58,8,50,2
83706,44,6,38,2
83707,45,2,43,2
83708,47,3,44,2
83709,42,9,33,2
83710,49,4,45,2
83711,48,5,43,2
83712,51,8,43,2
83713,61,6,55,2
83714,61,7,54,2
83715,53,13,40,2
83716,47,4,43,2
83717,49,8,41,2
83718,43,4,39,2
83719,47,6,41,2
83720,54,6,48,2
83721,59,7,52,2
83722,49,4,45,2
83723,57,5,52,2
83724,51,0,51,1
83725,51,8,43,2
83726,68,9,59,2
83727,62,4,58,2
83728,58,11,47,2
83729,38,3,35,2
83730,76,12,64,2
83731,50,6,44,2
83732,51,6,45,2
83733,59,5,54,2
83734,43,4,39,2
83735,50,4,46,2
83736,45,1,44,2
83737,47,8,39,2
83738,52,9,43,2
83739,48,3,45,2
83740,57,7,50,2
83741,44,0,44,1
83742,49,7,42,2
83743,53,4,49,2
83744,50,10,40,2
83745,57,3,54,2
83746,60,6,54,2
83747,57,9,48,2
83748,54,7,47,2
83749,66,5,61,2
83750,42,7,35,2
83751,54,3,51,2
83752,70,7,63,2
83753,50,4,46,2
83754,53,4,49,2
83755,61,5,56,2
83756,52,3,49,2
83757,65,5,60,2
83758,67,8,59,2
83759,43,5,38,2
83760,60,5,55,2
83761,64,8,56,2
83762,39,7,32,2
83763,55,6,49,2
83764,58,9,49,2
83765,54,5,49,2
83766,46,8,38,2
83767,47,5,42,2
83768,52,10,42,2
83769,65,6,59,2
83770,50,3,47,2
83771,47,3,44,2
83772,49,7,42,2
83773,66,8,58,2
83774,46,8,38,2
83775,54,5,49,2
83776,66,5,61,2
83777,59,6,53,2
83778,55,8,47,2
83779,60,5,55,2
83780,51,9,42,2
83781,49,8,41,2
83782,52,5,47,2
83783,57,4,53,2
83784,55,8,47,2
83785,53,6,47,2
83786,65,6,59,2
83787,67,6,61,2
83788,51,5,46,2
83789,53,6,47,2
83790,57,8,49,2
83791,52,5,47,2
83792,53,5,48,2
83793,50,5,45,2
83794,54,3,51,2
83795,60,6,54,2
83796,62,5,57,2
83797,51,4,47,2
83798,50,5,45,2
83799,56,8,48,2
83800,46,9,37,2
83801,47,6,41,2
83802,38,5,33,2
83803,50,5,45,2
83804,60,8,52,2
83805,51,6,45,2
83806,43,6,37,2
83807,47,9,38,2
83808,53,10,43,2
83809,63,5,58,2
83810,58,7,51,2
83811,61,4,57,2
83812,49,3,46,2
83813,44,7,37,2
83814,47,6,41,2
83815,62,7,55,2
83816,47,6,41,2
83817,47,6,41,2
83818,62,5,57,2
83819,44,6,38,2
83820,63,7,56,2
83821,61,9,52,2
83822,57,11,46,2
83823,58,7,51,2
83824,69,9,60,2
83825,49,8,41,2
83826,64,8,56,2
83827,40,5,35,2
83828,65,6,59,2
83829,62,5,57,2
83830,46,7,39,2
83831,49,6,43,2
83832,57,7,50,2
83833,44,8,36,2
83834,51,8,43,2
83835,61,5,56,2
83836,58,3,55,2
83837,55,13,42,2
83838,44,4,40,2
83839,51,3,48,2
83840,48,6,42,2
83841,49,3,46,2
83842,80,6,74,2
83843,68,7,61,2
83844,52,8,44,2
83845,63,8,55,2
83846,53,8,45,2
83847,38,6,32,2
83848,56,3,53,2
83849,58,5,53,2
83850,54,12,42,2
83851,51,7,44,2
83852,67,7,60,2
83853,57,7,50,2
83854,62,11,51,2
83855,56,4,52,2
83856,60,8,52,2
83857,53,5,48,2
83858,46,5,41,2
83859,62,6,56,2
83860,60,7,53,2
83861,55,7,48,2
83862,50,4,46,2
83863,45,6,39,2
83864,60,10,50,2
83865,52,9,43,2
83866,57,1,56,2
83867,47,7,40,2
83868,54,5,49,2
83869,52,5,47,2
83870,54,8,46,2
83871,62,11,51,2
83872,57,10,47,2
83873,52,4,48,2
83874,45,4,41,2
83875,58,6,52,2
83876,59,10,49,2
83877,47,12,35,2
83878,42,3,39,2
83879,52,6,46,2
83880,51,6,45,2
83881,56,3,53,2
83882,47,11,36,2
83883,51,4,47,2
83884,60,4,56,2
83885,50,3,47,2
83886,45,4,41,2
83887,43,8,35,2
83888,52,6,46,2
83889,58,5,53,2
83890,48,5,43,2
83891,61,10,51,2
83892,58,10,48,2
83893,56,7,49,2
83894,57,4,53,2
83895,52,7,45,2
83896,51,5,46,2
83897,57,7,50,2
83898,50,6,44,2
83899,54,13,41,2
83900,53,8,45,2
83901,58,7,51,2
83902,54,13,41,2
83903,47,7,40,2
83904,61,10,51,2
83905,49,6,43,2
83906,56,6,50,2
83907,56,3,53,2
83908,68,7,61,2
83909,54,8,46,2
83910,56,2,54,2
83911,51,12,39,2
83912,48,13,35,2
83913,71,5,66,2
83914,61,5,56,2
83915,55,7,48,2
83916,54,5,49,2
83917,54,11,43,2
83918,44,7,37,2
83919,56,4,52,2
83920,59,4,55,2
83921,61,13,48,2
83922,61,9,52,2
83923,56,8,48,2
83924,49,3,46,2
83925,49,11,38,2
83926,55,7,48,2
83927,49,7,42,2
83928,45,2,43,2
83929,52,7,45,2
83930,52,6,46,2
83931,46,10,36,2
83932,48,9,39,2
83933,45,5,40,2
83934,46,3,43,2
83935,57,8,49,2
83936,60,9,51,2
83937,39,5,34,2
83938,44,8,36,2
83939,68,11,57,2
83940,48,3,45,2
83941,54,5,49,2
83942,55,5,50,2
83943,60,6,54,2
83944,60,8,52,2
83945,57,8,49,2
83946,52,6,46,2
83947,47,3,44,2
83948,48,4,44,2
83949,48,4,44,2
83950,49,7,42,2
83951,56,11,45,2
83952,47,4,43,2
83953,52,5,47,2
83954,42,2,40,2
83955,57,6,51,2
83956,50,6,44,2
83957,48,6,42,2
83958,50,4,46,2
83959,53,7,46,2
83960,60,15,45,2
83961,51,12,39,2
83962,70,11,59,2
83963,48,5,43,2
83964,55,5,50,2
83965,54,8,46,2
83966,49,11,38,2
83967,60,9,51,2
83968,53,6,47,2
83969,59,3,56,2
83970,54,8,46,2
83971,66,6,60,2
83972,89,59,30,2
83973,54,6,48,2
83974,47,5,42,2
83975,59,9,50,2
83976,67,8,59,2
83977,49,6,43,2
83978,61,4,57,2
83979,47,8,39,2
83980,62,7,55,2
83981,42,3,39,2
83982,50,2,48,2
83983,61,5,56,2
83984,54,11,43,2
83985,49,7,42,2
83986,49,8,41,2
83987,41,2,39,2
83988,53,7,46,2
83989,47,5,42,2
83990,55,7,48,2
83991,50,6,44,2
83992,47,11,36,2
83993,53,9,44,2
83994,51,3,48,2
83995,59,9,50,2
83996,54,2,52,2
83997,41,4,37,2
83998,56,4,52,2
83999,49,5,44,2
84000,52,3,49,2
84001,58,8,50,2
84002,66,3,63,2
84003,62,3,59,2
84004,54,6,48,2
84005,41,7,34,2
84006,58,9,49,2
84007,51,7,44,2
84008,55,4,51,2
84009,61,2,59,2
84010,67,5,62,2
84011,55,7,48,2
84012,45,9,36,2
84013,47,3,44,2
84014,45,7,38,2
84015,39,6,33,2
84016,63,12,51,2
84017,53,8,45,2
84018,60,7,53,2
84019,63,2,61,2
84020,62,5,57,2
84021,63,4,59,2
84022,48,5,43,2
84023,60,7,53,2
84024,63,7,56,2
84025,57,7,50,2
84026,60,7,53,2
84027,50,4,46,2
84028,56,7,49,2
84029,56,6,50,2
84030,44,8,36,2
84031,64,3,61,2
84032,52,6,46,2
84033,58,10,48,2
84034,52,2,50,2
84035,70,8,62,2
84036,43,2,41,2
84037,52,8,44,2
84038,44,6,38,2
84039,52,8,44,2
84040,68,7,61,2
84041,60,5,55,2
84042,34,5,29,2
84043,39,6,33,2
84044,51,2,49,2
84045,58,7,51,2
84046,57,6,51,2
84047,59,6,53,2
84048,48,7,41,2
84049,45,7,38,2
84050,64,11,53,2
84051,66,7,59,2
84052,49,10,39,2
84053,53,5,48,2
84054,47,4,43,2
84055,54,5,49,2
84056,50,3,47,2
84057,49,5,44,2
84058,66,9,57,2
84059,43,7,36,2
84060,49,5,44,2
84061,49,6,43,2
84062,48,2,46,2
84063,58,7,51,2
84064,47,6,41,2
84065,47,4,43,2
84066,65,6,59,2
84067,50,5,45,2
84068,54,6,48,2
84069,47,4,43,2
84070,54,8,46,2
84071,54,8,46,2
84072,62,7,55,2
84073,45,6,39,2
84074,53,7,46,2
84075,48,6,42,2
84076,52,5,47,2
84077,51,3,48,2
84078,59,5,54,2
84079,53,3,50,2
84080,53,10,43,2
84081,53,6,47,2
84082,48,5,43,2
84083,51,9,42,2
84084,62,6,56,2
84085,55,8,47,2
84086,50,9,41,2
84087,57,6,51,2
84088,52,10,42,2
84089,57,10,47,2
84090,65,8,57,2
84091,56,8,48,2
84092,45,7,38,2
84093,56,8,48,2
84094,57,7,50,2
84095,46,2,44,2
84096,52,9,43,2
84097,72,4,68,2
84098,54,4,50,2
84099,55,7,48,2
84100,63,6,57,2
84101,66,6,60,2
84102,52,7,45,2
84103,49,10,39,2
84104,53,4,49,2
84105,49,9,40,2
84106,59,3,56,2
84107,75,10,65,2
84108,57,7,50,2
84109,47,3,44,2
84110,55,11,44,2
84111,61,9,52,2
84112,50,7,43,2
84113,41,3,38,2
84114,56,7,49,2
84115,51,6,45,2
84116,45,6,39,2
84117,55,4,51,2
84118,43,2,41,2
84119,50,3,47,2
84120,49,4,45,2
84121,49,6,43,2
84122,53,8,45,2
84123,64,7,57,2
84124,51,4,47,2
84125,60,9,51,2
84126,50,7,43,2
84127,63,9,54,2
84128,57,10,47,2
84129,48,4,44,2
84130,53,5,48,2
84131,69,12,57,2
84132,59,6,53,2
84133,65,11,54,2
84134,56,7,49,2
84135,37,4,33,2
84136,48,5,43,2
84137,48,6,42,2
84138,68,11,57,2
84139,57,4,53,2
84140,47,5,42,2
84141,59,4,55,2
84142,47,8,39,2
84143,70,11,59,2
84144,42,3,39,2
84145,52,5,47,2
84146,44,2,42,2
84147,56,6,50,2
84148,52,9,43,2
84149,45,5,40,2
84150,59,7,52,2
84151,49,7,42,2
84152,66,8,58,2
84153,50,4,46,2
84154,61,9,52,2
84155,60,8,52,2
84156,48,5,43,2
84157,49,3,46,2
84158,40,4,36,2
84159,52,6,46,2
84160,54,5,49,2
84161,52,7,45,2
84162,57,6,51,2
84163,49,5,44,2
84164,43,4,39,2
84165,53,3,50,2
84166,55,8,47,2
84167,59,4,55,2
84168,63,12,51,2
84169,59,8,51,2
84170,45,6,39,2
84171,60,6,54,2
84172,50,7,43,2
84173,63,10,53,2
84174,53,8,45,2
84175,58,4,54,2
84176,52,2,50,2
84177,52,4,48,2
84178,64,7,57,2
84179,51,2,49,2
84180,59,4,55,2
84181,58,11,47,2
84182,45,5,40,2
84183,52,9,43,2
84184,63,7,56,2
84185,62,8,54,2
84186,60,8,52,2
84187,51,7,44,2
84188,68,11,57,2
84189,50,5,45,2
84190,50,9,41,2
84191,59,9,50,2
84192,49,9,40,2
84193,54,3,51,2
84194,52,7,45,2
84195,64,8,56,2
84196,55,7,48,2
84197,60,5,55,2
84198,73,8,65,2
84199,62,6,56,2
84200,51,6,45,2
84201,48,7,41,2
84202,56,15,41,2
84203,40,2,38,2
84204,62,9,53,2
84205,72,11,61,2
84206,65,6,59,2
84207,58,7,51,2
84208,55,2,53,2
84209,61,13,48,2
84210,54,6,48,2
84211,50,2,48,2
84212,57,4,53,2
84213,53,7,46,2
84214,51,6,45,2
84215,45,7,38,2
84216,60,10,50,2
84217,59,10,49,2
84218,40,4,36,2
84219,61,6,55,2
84220,60,8,52,2
84221,63,7,56,2
84222,47,2,45,2
84223,68,7,61,2
84224,40,4,36,2
84225,43,7,36,2
84226,50,8,42,2
84227,40,2,38,2
84228,38,5,33,2
84229,56,5,51,2
84230,62,11,51,2
84231,63,12,51,2
84232,45,5,40,2
84233,45,5,40,2
84234,48,9,39,2
84235,60,6,54,2
84236,43,6,37,2
84237,55,7,48,2
84238,63,7,56,2
84239,43,7,36,2
84240,53,6,47,2
84241,62,7,55,2
84242,50,4,46,2
84243,56,4,52,2
84244,56,4,52,2
84245,48,4,44,2
84246,55,8,47,2
84247,54,9,45,2
84248,61,3,58,2
84249,58,9,49,2
84250,65,6,59,2
84251,60,11,49,2
84252,48,5,43,2
84253,60,6,54,2
84254,62,6,56,2
84255,51,8,43,2
84256,67,9,58,2
84257,46,10,36,2
84258,59,9,50,2
84259,53,6,47,2
84260,55,8,47,2
84261,56,4,52,2
84262,44,4,40,2
84263,47,7,40,2
84264,64,4,60,2
84265,51,3,48,2
84266,57,9,48,2
84267,54,4,50,2
84268,53,6,47,2
84269,59,7,52,2
84270,49,4,45,2
84271,46,6,40,2
84272,59,10,49,2
84273,47,6,41,2
84274,60,8,52,2
84275,60,1,59,2
84276,67,13,54,2
84277,49,3,46,2
84278,62,8,54,2
84279,49,5,44,2
84280,58,4,54,2
84281,66,7,59,2
84282,52,6,46,2
84283,45,3,42,2
84284,63,3,60,2
84285,39,3,36,2
84286,70,6,64,2
84287,60,5,55,2
84288,59,6,53,2
84289,48,5,43,2
84290,44,6,38,2
84291,41,5,36,2
84292,41,4,37,2
84293,52,8,44,2
84294,66,11,55,2
84295,50,9,41,2
84296,58,5,53,2
84297,45,4,41,2
84298,60,7,53,2
84299,56,7,49,2
84300,32,1,31,2
84301,58,8,50,2
84302,63,10,53,2
84303,43,2,41,2
84304,47,8,39,2
84305,47,8,39,2
84306,42,4,38,2
84307,41,2,39,2
84308,59,8,51,2
84309,55,5,50,2
84310,63,10,53,2
84311,53,4,49,2
84313,55,4,51,2
84314,50,4,46,2
84315,54,2,52,2
84316,45,2,43,2
84317,53,5,48,2
84318,57,8,49,2
84319,57,12,45,2
84320,41,7,34,2
84321,57,9,48,2
84322,53,5,48,2
84323,43,3,40,2
84324,50,7,43,2
84325,62,9,53,2
84326,61,7,54,2
84327,50,7,43,2
84328,63,5,58,2
84329,53,3,50,2
84330,73,4,69,2
84331,52,10,42,2
84332,45,8,37,2
84333,49,6,43,2
84334,53,6,47,2
84335,64,10,54,2
84336,55,5,50,2
84337,65,7,58,2
84338,48,4,44,2
84339,54,8,46,2
84340,57,7,50,2
84341,58,5,53,2
84342,52,6,46,2
84343,46,5,41,2
84344,56,9,47,2
84345,49,2,47,2
84346,58,7,51,2
84347,44,8,36,2
84348,52,5,47,2
84349,52,6,46,2
84350,59,10,49,2
84351,45,4,41,2
84352,58,4,54,2
84353,54,4,50,2
84354,65,10,55,2
84355,52,9,43,2
84356,55,7,48,2
84357,52,3,49,2
84358,55,10,45,2
84359,37,4,33,2
84360,65,3,62,2
84361,52,4,48,2
84362,54,6,48,2
84363,47,10,37,2
84364,60,2,58,2
84365,67,9,58,2
84366,46,6,40,2
84367,58,8,50,2
84368,53,8,45,2
84369,48,5,43,2
84370,60,4,56,2
84371,57,6,51,2
84372,57,6,51,2
84373,72,14,58,2
84374,48,6,42,2
84375,62,5,57,2
84376,44,2,42,2
84377,54,5,49,2
84378,58,6,52,2
84379,64,4,60,2
84380,55,6,49,2
84381,61,3,58,2
84382,51,8,43,2
84383,48,7,41,2
84384,53,5,48,2
84385,69,5,64,2
84386,50,3,47,2
84387,60,8,52,2
84388,53,7,46,2
84389,52,4,48,2
84390,53,6,47,2
84391,50,7,43,2
84392,61,9,52,2
84393,49,3,46,2
84394,55,7,48,2
84395,47,8,39,2
84396,69,9,60,2
84397,60,8,52,2
84398,66,7,59,2
84399,41,5,36,2
84400,48,2,46,2
84401,46,7,39,2
84402,49,5,44,2
84403,46,4,42,2
84404,48,5,43,2
84405,48,7,41,2
84406,56,5,51,2
84407,53,11,42,2
84408,58,6,52,2
84409,48,6,42,2
84410,51,5,46,2
84411,60,7,53,2
84412,51,5,46,2
84413,55,5,50,2
84414,39,6,33,2
84415,57,6,51,2
84416,59,7,52,2
84417,51,8,43,2
84418,48,4,44,2
84419,60,6,54,2
84420,56,6,50,2
84421,43,4,39,2
84422,51,6,45,2
84423,62,8,54,2
84424,46,5,41,2
84425,41,3,38,2
84426,51,5,46,2
84427,54,10,44,2
84428,40,5,35,2
84429,56,10,46,2
84430,65,9,56,2
84431,56,4,52,2
84432,52,5,47,2
84433,50,8,42,2
84434,38,3,35,2
84435,48,6,42,2
84436,54,9,45,2
84437,63,7,56,2
84438,63,8,55,2
84439,45,7,38,2
84440,52,8,44,2
84441,58,6,52,2
84442,56,4,52,2
84443,61,6,55,2
84444,61,3,58,2
84445,44,7,37,2
84446,48,8,40,2
84447,48,14,34,2
84448,57,7,50,2
84449,49,8,41,2
84450,49,9,40,2
84451,51,5,46,2
84452,57,7,50,2
84453,67,2,65,2
84454,45,7,38,2
84455,51,4,47,2
84456,58,6,52,2
84457,50,8,42,2
84458,61,4,57,2
84459,59,3,56,2
84460,69,11,58,2
84461,62,8,54,2
84462,43,8,35,2
84463,49,3,46,2
84464,34,1,33,2
84465,46,7,39,2
84466,58,11,47,2
84467,39,8,31,2
84468,65,8,57,2
84469,59,7,52,2
84470,55,2,53,2
84471,58,7,51,2
84472,52,4,48,2
84473,45,5,40,2
84474,62,5,57,2
84475,59,2,57,2
84476,51,6,45,2
84477,43,5,38,2
84478,59,9,50,2
84479,55,6,49,2
84480,45,3,42,2
84481,62,7,55,2
84482,55,11,44,2
84483,55,6,49,2
84484,53,9,44,2
84485,51,9,42,2
84486,56,6,50,2
84487,56,5,51,2
84488,61,11,50,2
84489,61,4,57,2
84490,47,9,38,2
84491,61,10,51,2
84492,50,7,43,2
84493,54,5,49,2
84494,49,5,44,2
84495,54,12,42,2
84496,44,5,39,2
84497,50,1,49,2
84498,50,4,46,2
84499,47,2,45,2
84500,60,5,55,2
84501,51,2,49,2
84502,59,8,51,2
84503,54,4,50,2
84504,49,2,47,2
84505,54,9,45,2
84506,52,12,40,2
84507,64,8,56,2
84508,60,5,55,2
84509,58,8,50,2
84510,55,6,49,2
84511,45,7,38,2
84512,56,6,50,2
84513,43,6,37,2
84514,69,11,58,2
84515,49,4,45,2
84516,55,3,52,2
84517,61,10,51,2
84518,49,4,45,2
84519,55,6,49,2
84520,45,6,39,2
84521,60,6,54,2
84522,50,2,48,2
84523,46,10,36,2
84524,61,7,54,2
84525,45,6,39,2
84526,62,5,57,2
84527,52,8,44,2
84528,52,4,48,2
84529,53,8,45,2
84530,65,6,59,2
84531,63,6,57,2
84532,56,7,49,2
84533,56,7,49,2
84534,49,4,45,2
84535,56,6,50,2
84536,50,5,45,2
84537,48,7,41,2
84538,60,6,54,2
84539,58,6,52,2
84540,59,4,55,2
84541,52,7,45,2
84542,46,9,37,2
84543,56,5,51,2
84544,74,7,67,2
84545,53,9,44,2
84546,64,10,54,2
84547,54,4,50,2
84548,55,7,48,2
84549,50,4,46,2
84550,68,11,57,2
84551,39,7,32,2
84552,51,7,44,2
84553,46,6,40,2
84554,60,8,52,2
84555,62,6,56,2
84556,54,6,48,2
84557,43,5,38,2
84558,62,6,56,2
84559,48,6,42,2
84560,47,6,41,2
84561,59,12,47,2
84562,51,2,49,2
84563,46,4,42,2
84564,50,10,40,2
84565,66,7,59,2
84566,54,7,47,2
84567,61,9,52,2
84568,54,4,50,2
84569,60,5,55,2
84570,62,8,54,2
84571,51,3,48,2
84572,45,3,42,2
84573,57,8,49,2
84574,45,3,42,2
84575,53,7,46,2
84576,55,2,53,2
84577,57,10,47,2
84578,46,10,36,2
84579,43,6,37,2
84580,65,11,54,2
84581,67,6,61,2
84582,44,7,37,2
84583,71,6,65,2
84584,52,5,47,2
84585,53,7,46,2
84586,48,7,41,2
84587,63,11,52,2
84588,66,9,57,2
84589,42,6,36,2
84590,58,7,51,2
84591,67,4,63,2
84592,44,8,36,2
84594,51,7,44,2
84595,56,4,52,2
84596,61,14,47,2
84597,56,3,53,2
84598,56,8,48,2
84599,65,10,55,2
84600,57,5,52,2
84601,43,7,36,2
84602,54,9,45,2
84603,45,5,40,2
84604,57,8,49,2
84605,47,7,40,2
84606,57,7,50,2
84607,57,6,51,2
84608,53,4,49,2
84609,61,8,53,2
84610,59,6,53,2
84611,51,3,48,2
84612,48,2,46,2
84613,52,6,46,2
84614,47,10,37,2
84615,63,7,56,2
84616,66,6,60,2
84617,49,7,42,2
84618,56,11,45,2
84619,58,11,47,2
84620,57,7,50,2
84621,58,10,48,2
84622,46,3,43,2
84623,61,5,56,2
84624,58,5,53,2
84625,56,8,48,2
84626,49,10,39,2
84627,42,1,41,2
84628,57,7,50,2
84629,50,8,42,2
84630,49,4,45,2
84631,45,3,42,2
84632,50,7,43,2
84633,43,2,41,2
84634,57,4,53,2
84635,48,2,46,2
84636,70,14,56,2
84637,55,6,49,2
84638,55,8,47,2
84639,56,4,52,2
84640,55,7,48,2
84641,41,4,37,2
84642,58,7,51,2
84643,45,3,42,2
84644,49,5,44,2
84645,49,4,45,2
84646,59,7,52,2
84647,58,10,48,2
84648,49,4,45,2
84649,56,5,51,2
84650,51,6,45,2
84651,55,4,51,2
84652,48,4,44,2
84653,38,2,36,2
84654,60,9,51,2
84655,48,6,42,2
84656,60,3,57,2
84657,47,3,44,2
84658,57,10,47,2
84659,68,5,63,2
84660,58,3,55,2
84661,58,2,56,2
84662,51,9,42,2
84663,54,5,49,2
84664,44,7,37,2
84665,52,5,47,2
84666,61,4,57,2
84667,54,7,47,2
84668,48,4,44,2
84669,39,6,33,2
84670,38,2,36,2
84671,56,7,49,2
84672,67,6,61,2
84673,53,13,40,2
84674,53,10,43,2
84675,45,8,37,2
84676,37,4,33,2
84677,52,3,49,2
84678,48,6,42,2
84679,60,8,52,2
84680,55,4,51,2
84681,47,5,42,2
84682,67,7,60,2
84683,46,3,43,2
84684,63,7,56,2
84685,55,3,52,2
84686,41,1,40,2
84687,57,12,45,2
84688,52,8,44,2
84689,50,6,44,2
84690,60,8,52,2
84691,54,1,53,2
84692,56,12,44,2
84693,64,15,49,2
84694,42,6,36,2
84695,40,3,37,2
84696,47,3,44,2
84697,55,11,44,2
84698,63,8,55,2
84699,50,3,47,2
84700,50,6,44,2
84701,57,12,45,2
84702,46,10,36,2
84703,47,3,44,2
84704,39,4,35,2
84705,49,4,45,2
84706,52,7,45,2
84707,64,10,54,2
84708,42,7,35,2
84709,39,5,34,2
84710,55,6,49,2
84711,56,8,48,2
84712,54,10,44,2
84713,55,7,48,2
84714,53,5,48,2
84715,44,3,41,2
84716,60,7,53,2
84717,62,9,53,2
84718,60,10,50,2
84719,61,9,52,2
84720,37,5,32,2
84721,59,10,49,2
84722,52,8,44,2
84723,47,7,40,2
84724,56,5,51,2
84725,56,8,48,2
84726,52,5,47,2
84727,58,7,51,2
84728,48,4,44,2
84729,49,4,45,2
84730,53,10,43,2
84731,63,8,55,2
84732,54,8,46,2
84733,58,8,50,2
84734,61,14,47,2
84735,51,4,47,2
84736,47,13,34,2
84737,56,6,50,2
84738,52,5,47,2
84739,57,8,49,2
84740,71,7,64,2
84741,61,5,56,2
84742,59,9,50,2
84743,59,6,53,2
84744,50,9,41,2
84745,54,5,49,2
84746,60,9,51,2
84747,41,7,34,2
84748,69,11,58,2
84749,53,7,46,2
84750,53,6,47,2
84751,54,6,48,2
84752,58,9,49,2
84753,49,5,44,2
84754,46,6,40,2
84755,66,9,57,2
84756,55,7,48,2
84757,44,4,40,2
84758,55,12,43,2
84759,70,7,63,2
84760,51,5,46,2
84761,57,7,50,2
84762,51,4,47,2
84763,51,8,43,2
84764,43,2,41,2
84765,48,7,41,2
84766,43,7,36,2
84767,57,5,52,2
84768,49,1,48,2
84769,51,8,43,2
84770,60,3,57,2
84771,55,9,46,2
84772,51,7,44,2
84773,56,11,45,2
84774,58,11,47,2
84775,60,5,55,2
84776,40,6,34,2
84777,58,5,53,2
84778,60,7,53,2
84779,43,7,36,2
84780,59,7,52,2
84781,46,4,42,2
84782,51,10,41,2
84783,54,7,47,2
84784,55,3,52,2
84785,54,6,48,2
84786,44,6,38,2
84787,50,4,46,2
84788,46,8,38,2
84789,46,7,39,2
84790,60,5,55,2
84791,72,9,63,2
84792,59,8,51,2
84793,48,4,44,2
84794,59,7,52,2
84795,53,5,48,2
84796,65,9,56,2
84797,56,8,48,2
84798,56,4,52,2
84799,54,7,47,2
84800,67,3,64,2
84801,49,2,47,2
84802,50,8,42,2
84803,53,7,46,2
84804,59,11,48,2
84805,45,6,39,2
84806,50,4,46,2
84807,52,4,48,2
84808,52,9,43,2
84809,52,3,49,2
84810,50,3,47,2
84811,66,13,53,2
84812,56,7,49,2
84813,51,8,43,2
84814,46,5,41,2
84815,61,7,54,2
84816,49,6,43,2
84817,59,9,50,2
84818,50,7,43,2
84819,53,9,44,2
84820,55,8,47,2
84821,66,10,56,2
84822,54,6,48,2
84823,46,4,42,2
84824,46,5,41,2
84825,48,7,41,2
84826,43,8,35,2
84827,71,10,61,2
84828,54,9,45,2
84829,54,9,45,2
84830,47,6,41,2
84831,50,7,43,2
84832,64,14,50,2
84833,43,4,39,2
84834,63,9,54,2
84835,47,5,42,2
84836,68,8,60,2
84837,53,7,46,2
84838,54,5,49,2
84839,54,5,49,2
84840,69,7,62,2
84841,71,11,60,2
84842,50,7,43,2
84843,55,12,43,2
84844,51,7,44,2
84845,51,4,47,2
84846,51,9,42,2
84847,61,7,54,2
84848,56,6,50,2
84849,48,8,40,2
84850,55,6,49,2
84851,51,9,42,2
84852,44,8,36,2
84853,56,6,50,2
84854,63,9,54,2
84855,63,7,56,2
84856,50,5,45,2
84857,62,8,54,2
84858,59,5,54,2
84859,59,8,51,2
84860,51,8,43,2
84861,49,6,43,2
84862,53,4,49,2
84863,49,9,40,2
84864,56,6,50,2
84865,65,13,52,2
84866,51,6,45,2
84867,48,5,43,2
84868,64,5,59,2
84869,53,9,44,2
84870,49,4,45,2
84871,65,11,54,2
84872,51,8,43,2
84873,43,5,38,2
84874,66,3,63,2
84875,53,3,50,2
84876,50,9,41,2
84877,55,7,48,2
84878,66,14,52,2
84879,55,8,47,2
84880,53,5,48,2
84881,48,8,40,2
84882,63,11,52,2
84883,51,3,48,2
84884,55,3,52,2
84885,53,10,43,2
84886,46,7,39,2
84887,67,10,57,2
84888,50,6,44,2
84889,52,4,48,2
84890,62,8,54,2
84891,55,5,50,2
84892,60,6,54,2
84893,56,3,53,2
84894,50,5,45,2
84895,60,4,56,2
84896,47,5,42,2
84897,59,10,49,2
84898,69,9,60,2
84899,56,7,49,2
84900,48,9,39,2
84901,59,7,52,2
84902,59,7,52,2
84903,54,5,49,2
84904,49,6,43,2
84905,48,4,44,2
84906,49,3,46,2
84907,48,6,42,2
84908,48,4,44,2
84909,45,6,39,2
84910,61,10,51,2
84911,41,2,39,2
84912,58,4,54,2
84913,48,8,40,2
84914,65,8,57,2
84915,54,7,47,2
84916,42,3,39,2
84917,41,6,35,2
84918,43,8,35,2
84919,42,3,39,2
84920,57,1,56,2
84921,58,8,50,2
84922,57,9,48,2
84923,60,6,54,2
84924,66,7,59,2
84925,52,8,44,2
84926,51,8,43,2
84927,59,4,55,2
84928,71,9,62,2
84929,46,9,37,2
84930,55,7,48,2
84931,57,7,50,2
84932,52,3,49,2
84933,65,9,56,2
84934,46,1,45,2
84935,61,7,54,2
84936,47,6,41,2
84937,51,9,42,2
84938,58,6,52,2
84939,44,7,37,2
84940,54,8,46,2
84941,59,8,51,2
84942,51,5,46,2
84943,56,10,46,2
84944,60,5,55,2
84945,38,4,34,2
84946,52,9,43,2
84947,54,7,47,2
84948,63,7,56,2
84949,57,8,49,2
84951,64,3,61,2
84952,62,12,50,2
84953,61,8,53,2
84954,58,8,50,2
84955,50,5,45,2
84956,60,11,49,2
84957,45,5,40,2
84958,54,5,49,2
84959,58,8,50,2
84960,52,5,47,2
84961,51,7,44,2
84962,55,10,45,2
84963,41,5,36,2
84964,58,5,53,2
84965,58,4,54,2
84966,52,7,45,2
84967,56,3,53,2
84968,56,7,49,2
84969,51,4,47,2
84970,52,7,45,2
84971,51,4,47,2
84972,69,4,65,2
84973,70,7,63,2
84974,48,6,42,2
84975,56,3,53,2
84976,59,6,53,2
84977,67,8,59,2
84978,47,5,42,2
84979,57,8,49,2
84980,47,7,40,2
84981,44,2,42,2
84982,70,7,63,2
84983,39,4,35,2
84984,47,4,43,2
84985,78,8,70,2
84986,62,5,57,2
84987,54,7,47,2
84988,76,6,70,2
84989,60,9,51,2
84990,52,4,48,2
84992,65,10,55,2
84993,44,7,37,2
84994,64,12,52,2
84995,41,4,37,2
84996,52,3,49,2
84997,52,7,45,2
84998,57,3,54,2
84999,57,7,50,2
85000,56,6,50,2
85001,60,9,51,2
85002,54,2,52,2
85003,45,3,42,2
85004,46,5,41,2
85005,55,6,49,2
85006,63,6,57,2
85007,43,6,37,2
85008,56,6,50,2
85009,57,3,54,2
85010,57,9,48,2
85011,66,8,58,2
85012,59,6,53,2
85013,51,8,43,2
85014,62,7,55,2
85015,58,8,50,2
85016,63,14,49,2
85017,73,12,61,2
85018,56,9,47,2
85019,59,4,55,2
85020,55,6,49,2
85021,56,7,49,2
85022,52,1,51,2
85023,64,9,55,2
85024,64,5,59,2
85025,49,6,43,2
85026,60,5,55,2
85027,54,5,49,2
85028,59,7,52,2
85029,70,10,60,2
85030,67,6,61,2
85031,51,6,45,2
85032,56,2,54,2
85033,46,5,41,2
85034,59,4,55,2
85035,49,3,46,2
85036,52,5,47,2
85037,51,10,41,2
85038,44,6,38,2
85039,58,5,53,2
85040,57,2,55,2
85041,50,6,44,2
85042,53,7,46,2
85043,51,8,43,2
85044,62,8,54,2
85045,54,6,48,2
85046,43,6,37,2
85047,51,8,43,2
85048,66,5,61,2
85049,51,4,47,2
85050,45,6,39,2
85051,58,9,49,2
85052,49,5,44,2
85053,65,5,60,2
85054,58,12,46,2
85055,47,4,43,2
85056,55,9,46,2
85057,48,3,45,2
85058,59,6,53,2
85059,58,7,51,2
85060,45,3,42,2
85061,72,7,65,2
85062,49,11,38,2
85063,51,6,45,2
85064,59,11,48,2
85065,49,5,44,2
85066,43,4,39,2
85067,50,7,43,2
85068,49,6,43,2
85069,52,6,46,2
85070,51,7,44,2
85071,46,6,40,2
85072,55,5,50,2
85073,60,10,50,2
85074,56,7,49,2
85075,72,12,60,2
85076,45,10,35,2
85077,52,5,47,2
85078,74,5,69,2
85079,62,9,53,2
85080,57,7,50,2
85081,61,8,53,2
85082,65,7,58,2
85083,56,9,47,2
85084,61,6,55,2
85085,45,6,39,2
85086,61,10,51,2
85087,48,6,42,2
85088,54,6,48,2
85089,51,6,45,2
85090,60,5,55,2
85091,42,9,33,2
85092,57,7,50,2
85093,39,3,36,2
85094,50,6,44,2
85095,58,4,54,2
85096,53,6,47,2
85097,48,6,42,2
85098,55,7,48,2
85099,60,11,49,2
85100,50,6,44,2
85101,53,8,45,2
85102,51,8,43,2
85103,58,6,52,2
85104,55,9,46,2
85105,59,11,48,2
85106,61,6,55,2
85107,53,5,48,2
85108,54,5,49,2
85109,66,9,57,2
85110,54,5,49,2
85111,51,5,46,2
85112,50,7,43,2
85113,54,3,51,2
85114,52,4,48,2
85115,61,5,56,2
85116,44,5,39,2
85117,57,9,48,2
85118,47,5,42,2
85119,65,4,61,2
85120,52,4,48,2
85121,58,6,52,2
85122,62,12,50,2
85123,43,5,38,2
85124,44,6,38,2
85125,54,9,45,2
85126,58,8,50,2
85127,55,6,49,2
85128,50,4,46,2
85129,57,9,48,2
85130,58,10,48,2
85131,51,5,46,2
85132,56,5,51,2
85133,46,4,42,2
85134,65,10,55,2
85135,59,5,54,2
85136,47,7,40,2
85137,63,7,56,2
85138,55,5,50,2
85139,46,3,43,2
85140,57,10,47,2
85141,62,10,52,2
85142,42,7,35,2
85143,54,5,49,2
85144,46,6,40,2
85145,48,8,40,2
85146,59,7,52,2
85147,59,10,49,2
85148,45,4,41,2
85149,57,3,54,2
85150,46,9,37,2
85151,41,6,35,2
85152,46,4,42,2
85153,60,13,47,2
85154,62,8,54,2
85155,52,5,47,2
85156,53,5,48,2
85157,52,12,40,2
85158,57,6,51,2
85159,42,6,36,2
85160,45,4,41,2
85161,67,9,58,2
85162,46,6,40,2
85163,58,5,53,2
85164,60,7,53,2
85165,42,1,41,2
85166,49,3,46,2
85167,45,5,40,2
85168,55,10,45,2
85169,64,7,57,2
85170,49,9,40,2
85171,56,5,51,2
85172,60,8,52,2
85173,45,7,38,2
85174,48,5,43,2
85175,51,8,43,2
85176,52,8,44,2
85177,74,12,62,2
85178,61,4,57,2
85179,57,8,49,2
85180,51,3,48,2
85181,48,8,40,2
85182,53,9,44,2
85183,53,7,46,2
85184,56,6,50,2
85185,52,2,50,2
85186,62,8,54,2
85187,62,6,56,2
85188,68,12,56,2
85189,62,8,54,2
85190,46,6,40,2
85191,54,6,48,2
85192,71,10,61,2
85193,55,4,51,2
85194,55,5,50,2
85195,58,5,53,2
85196,52,3,49,2
85197,49,8,41,2
85198,71,8,63,2
85199,51,5,46,2
85200,58,7,51,2
85201,65,10,55,2
85202,64,4,60,2
85203,51,5,46,2
85204,5,5,0,1
85205,46,5,41,2
85206,50,5,45,2
85207,60,6,54,2
85208,42,5,37,2
85209,54,9,45,2
85210,48,2,46,2
85211,48,5,43,2
85212,42,7,35,2
85213,56,7,49,2
85214,64,12,52,2
85215,62,6,56,2
85216,51,6,45,2
85217,55,6,49,2
85218,60,7,53,2
85219,66,3,63,2
85220,54,11,43,2
85221,59,3,56,2
85222,61,9,52,2
85223,45,5,40,2
85224,53,3,50,2
85225,44,6,38,2
85226,68,8,60,2
85227,49,7,42,2
85228,48,4,44,2
85229,48,2,46,2
85230,50,9,41,2
85231,61,7,54,2
85232,52,4,48,2
85233,45,5,40,2
85234,51,3,48,2
85235,52,4,48,2
85236,60,4,56,2
85237,45,5,40,2
85238,66,9,57,2
85239,52,6,46,2
85240,54,5,49,2
85241,54,6,48,2
85242,50,6,44,2
85243,54,9,45,2
85244,48,8,40,2
85245,76,11,65,2
85246,49,6,43,2
85247,48,3,45,2
85248,56,3,53,2
85249,53,5,48,2
85250,44,3,41,2
85251,45,3,42,2
85252,53,11,42,2
85253,65,5,60,2
85254,48,3,45,2
85255,58,2,56,2
85256,55,8,47,2
85257,53,7,46,2
85258,52,5,47,2
85259,59,5,54,2
85260,44,0,44,1
85261,51,7,44,2
85262,52,13,39,2
85263,51,3,48,2
85264,46,2,44,2
85265,48,3,45,2
85266,49,6,43,2
85267,50,8,42,2
85268,54,5,49,2
85269,66,8,58,2
85270,58,9,49,2
85271,45,4,41,2
85272,55,8,47,2
85273,53,5,48,2
85274,36,7,29,2
85275,53,8,45,2
85276,45,6,39,2
85277,58,10,48,2
85278,56,4,52,2
85279,67,9,58,2
85280,64,13,51,2
85281,61,9,52,2
85282,53,3,50,2
85283,61,8,53,2
85284,49,4,45,2
85285,46,3,43,2
85286,62,5,57,2
85288,67,11,56,2
85289,64,9,55,2
85290,57,5,52,2
85291,62,10,52,2
85292,43,5,38,2
85293,65,8,57,2
85294,61,4,57,2
85295,48,7,41,2
85296,50,6,44,2
85297,52,4,48,2
85298,60,3,57,2
85299,60,8,52,2
85300,58,9,49,2
85301,53,10,43,2
85302,61,7,54,2
85303,41,3,38,2
85304,53,6,47,2
85305,63,3,60,2
85306,65,7,58,2
85307,57,9,48,2
85308,38,5,33,2
85309,57,8,49,2
85310,66,4,62,2
85311,52,7,45,2
85312,46,1,45,2
85313,63,5,58,2
85314,52,3,49,2
85315,54,5,49,2
85316,56,8,48,2
85317,49,4,45,2
85318,79,14,65,2
85319,44,4,40,2
85320,56,12,44,2
85321,54,11,43,2
85322,60,4,56,2
85323,55,8,47,2
85324,63,4,59,2
85326,60,4,56,2
85327,53,4,49,2
85328,63,9,54,2
85329,52,3,49,2
85330,44,6,38,2
85331,52,5,47,2
85332,61,7,54,2
85333,46,7,39,2
85334,58,7,51,2
85335,57,6,51,2
85336,42,7,35,2
85337,58,8,50,2
85338,55,3,52,2
85339,71,14,57,2
85340,48,4,44,2
85341,58,11,47,2
85342,64,9,55,2
85343,72,5,67,2
85344,67,9,58,2
85345,61,6,55,2
85346,60,8,52,2
85347,65,6,59,2
85348,49,6,43,2
85349,58,1,57,2
85350,62,6,56,2
85351,59,9,50,2
85352,53,4,49,2
85353,40,10,30,2
85354,41,7,34,2
85355,42,8,34,2
85356,59,1,58,2
85357,51,9,42,2
85358,51,6,45,2
85359,56,3,53,2
85360,45,7,38,2
85361,53,4,49,2
85362,62,4,58,2
85363,53,10,43,2
85364,54,5,49,2
85365,57,6,51,2
85366,56,6,50,2
85367,48,3,45,2
85368,48,7,41,2
85369,49,7,42,2
85370,64,4,60,2
85371,56,10,46,2
85372,53,10,43,2
85373,51,6,45,2
85374,50,7,43,2
85375,49,5,44,2
85376,50,4,46,2
85377,57,7,50,2
85378,54,6,48,2
85379,43,6,37,2
85380,44,5,39,2
85381,49,5,44,2
85382,46,9,37,2
85383,42,8,34,2
85384,61,9,52,2
85385,53,7,46,2
85386,69,8,61,2
85387,43,4,39,2
85388,63,6,57,2
85389,67,7,60,2
85390,67,5,62,2
85391,52,8,44,2
85392,52,6,46,2
85393,47,4,43,2
85394,64,6,58,2
85395,47,7,40,2
85396,52,11,41,2
85397,53,3,50,2
85398,71,12,59,2
85399,61,6,55,2
85400,68,5,63,2
85401,41,5,36,2
85402,45,4,41,2
85403,40,5,35,2
85404,48,6,42,2
85405,50,10,40,2
85406,63,8,55,2
85407,53,4,49,2
85408,64,14,50,2
85409,64,6,58,2
85410,53,9,44,2
85411,66,9,57,2
85412,45,6,39,2
85413,56,5,51,2
85414,54,8,46,2
85415,52,6,46,2
85416,56,12,44,2
85417,53,6,47,2
85418,57,6,51,2
85419,57,4,53,2
85420,56,7,49,2
85421,64,8,56,2
85422,50,4,46,2
85423,66,8,58,2
85424,64,7,57,2
85425,53,10,43,2
85426,52,6,46,2
85427,53,7,46,2
85428,69,16,53,2
85429,59,4,55,2
85430,51,9,42,2
85431,42,4,38,2
85432,54,7,47,2
85433,37,2,35,2
85434,60,4,56,2
85435,56,7,49,2
85436,66,6,60,2
85437,63,7,56,2
85438,56,6,50,2
85439,53,4,49,2
85440,58,8,50,2
85441,67,7,60,2
85442,53,5,48,2
85443,56,5,51,2
85444,59,9,50,2
85445,51,4,47,2
85446,58,7,51,2
85447,61,6,55,2
85448,55,11,44,2
85449,41,3,38,2
85450,34,8,26,2
85451,48,9,39,2
85452,50,7,43,2
85453,59,4,55,2
85454,47,5,42,2
85455,45,7,38,2
85456,57,4,53,2
85457,39,5,34,2
85458,39,5,34,2
85459,54,4,50,2
85460,40,3,37,2
85461,64,7,57,2
85462,61,7,54,2
85463,51,7,44,2
85464,51,5,46,2
85465,53,5,48,2
85466,58,7,51,2
85467,52,5,47,2
85468,48,5,43,2
85469,42,4,38,2
85470,69,10,59,2
85471,62,11,51,2
85472,61,6,55,2
85473,48,5,43,2
85474,56,11,45,2
85475,41,9,32,2
85476,47,8,39,2
85477,49,8,41,2
85478,60,8,52,2
85479,52,6,46,2
85480,70,11,59,2
85481,65,4,61,2
85482,61,11,50,2
85483,47,5,42,2
85484,53,8,45,2
85485,51,4,47,2
85486,67,5,62,2
85487,68,7,61,2
85488,54,6,48,2
85489,61,6,55,2
85490,45,6,39,2
85491,56,6,50,2
85492,43,4,39,2
85493,60,8,52,2
85494,57,10,47,2
85495,46,6,40,2
85496,52,7,45,2
85497,52,8,44,2
85498,46,7,39,2
85499,64,8,56,2
85500,47,6,41,2
85501,57,7,50,2
85502,52,7,45,2
85503,53,4,49,2
85504,50,7,43,2
85505,62,8,54,2
85506,47,4,43,2
85507,57,5,52,2
85508,55,7,48,2
85509,40,4,36,2
85510,60,10,50,2
85511,56,10,46,2
85512,52,4,48,2
85513,47,8,39,2
85514,50,2,48,2
85515,59,6,53,2
85516,60,5,55,2
85517,58,3,55,2
85518,54,8,46,2
85519,46,9,37,2
85520,55,9,46,2
85521,46,7,39,2
85522,53,9,44,2
85523,55,6,49,2
85524,55,6,49,2
85525,43,7,36,2
85526,52,7,45,2
85527,48,8,40,2
85528,54,8,46,2
85529,61,6,55,2
85530,47,5,42,2
85531,63,7,56,2
85532,36,7,29,2
85533,64,5,59,2
85534,53,6,47,2
85535,48,4,44,2
85536,56,8,48,2
85537,58,7,51,2
85538,56,6,50,2
85539,60,8,52,2
85540,63,6,57,2
85541,57,5,52,2
85542,58,7,51,2
85543,52,4,48,2
85544,52,7,45,2
85545,53,6,47,2
85546,44,5,39,2
85547,61,6,55,2
85548,61,6,55,2
85549,59,8,51,2
85550,66,12,54,2
85551,51,5,46,2
85552,61,10,51,2
85553,61,8,53,2
85554,54,4,50,2
85555,71,11,60,2
85556,65,8,57,2
85557,57,6,51,2
85558,37,4,33,2
85559,45,3,42,2
85560,50,6,44,2
85561,45,5,40,2
85562,48,3,45,2
85563,52,11,41,2
85564,52,5,47,2
85565,52,4,48,2
85566,50,10,40,2
85567,51,5,46,2
85568,43,3,40,2
85569,61,4,57,2
85570,65,7,58,2
85571,52,3,49,2
85572,47,7,40,2
85573,53,4,49,2
85574,61,8,53,2
85575,55,6,49,2
85576,57,7,50,2
85577,55,5,50,2
85578,58,10,48,2
85579,59,6,53,2
85580,58,8,50,2
85581,62,10,52,2
85582,53,7,46,2
85583,59,10,49,2
85584,51,9,42,2
85585,63,8,55,2
85586,49,6,43,2
85587,54,12,42,2
85588,56,5,51,2
85589,57,4,53,2
85590,62,9,53,2
85591,55,10,45,2
85592,63,6,57,2
85593,44,2,42,2
85594,57,7,50,2
85595,58,9,49,2
85596,60,6,54,2
85597,52,8,44,2
85598,57,9,48,2
85599,63,11,52,2
85600,51,8,43,2
85601,58,6,52,2
85602,53,9,44,2
85603,54,9,45,2
85604,58,3,55,2
85605,57,9,48,2
85606,49,7,42,2
85607,60,5,55,2
85608,60,7,53,2
85609,59,7,52,2
85610,58,2,56,2
85611,53,5,48,2
85612,41,3,38,2
85613,55,8,47,2
85614,54,5,49,2
85615,61,10,51,2
85616,65,1,64,2
85617,60,7,53,2
85618,56,5,51,2
85619,47,5,42,2
85620,59,2,57,2
85621,63,6,57,2
85622,60,7,53,2
85623,61,11,50,2
85624,52,7,45,2
85625,61,5,56,2
85626,58,7,51,2
85627,41,3,38,2
85628,46,5,41,2
85629,58,8,50,2
85630,55,8,47,2
85631,49,5,44,2
85632,55,4,51,2
85633,51,9,42,2
85634,39,6,33,2
85635,58,3,55,2
85636,40,5,35,2
85637,66,3,63,2
85638,51,6,45,2
85639,47,3,44,2
85640,54,6,48,2
85641,54,6,48,2
85642,66,11,55,2
85643,56,4,52,2
85644,56,6,50,2
85645,51,6,45,2
85646,49,5,44,2
85647,56,5,51,2
85648,58,8,50,2
85649,56,3,53,2
85650,65,8,57,2
85651,62,5,57,2
85652,53,6,47,2
85653,60,2,58,2
85654,68,10,58,2
85655,63,7,56,2
85656,48,4,44,2
85657,44,5,39,2
85658,48,7,41,2
85659,58,6,52,2
85660,52,1,51,2
85661,50,5,45,2
85662,61,11,50,2
85663,63,11,52,2
85664,52,6,46,2
85665,65,6,59,2
85666,59,5,54,2
85667,68,6,62,2
85668,65,2,63,2
85669,38,4,34,2
85670,61,4,57,2
85671,57,3,54,2
85672,68,14,54,2
85673,57,7,50,2
85674,63,8,55,2
85675,57,7,50,2
85676,65,5,60,2
85677,51,6,45,2
85678,65,4,61,2
85679,53,8,45,2
85680,47,1,46,2
85681,52,4,48,2
85682,50,9,41,2
85683,52,3,49,2
85684,51,7,44,2
85685,48,7,41,2
85686,69,7,62,2
85687,47,6,41,2
85688,49,6,43,2
85689,51,8,43,2
85690,45,5,40,2
85691,54,6,48,2
85692,69,3,66,2
85693,53,10,43,2
85694,44,2,42,2
85695,50,1,49,2
85696,45,3,42,2
85697,55,3,52,2
85698,60,7,53,2
85699,57,3,54,2
85700,47,5,42,2
85701,48,2,46,2
85702,52,2,50,2
85703,50,5,45,2
85704,51,5,46,2
85705,56,10,46,2
85706,57,7,50,2
85707,49,4,45,2
85708,57,10,47,2
85709,57,11,46,2
85710,51,7,44,2
85711,45,5,40,2
85712,45,4,41,2
85713,45,3,42,2
85714,68,7,61,2
85715,63,11,52,2
85716,59,7,52,2
85717,66,6,60,2
85718,63,14,49,2
85719,36,5,31,2
85720,66,9,57,2
85721,55,8,47,2
85722,49,7,42,2
85723,55,10,45,2
85724,55,7,48,2
85725,34,5,29,2
85726,59,10,49,2
85727,59,6,53,2
85728,52,10,42,2
85729,60,7,53,2
85730,63,8,55,2
85731,55,5,50,2
85732,70,2,68,2
85733,59,11,48,2
85734,54,5,49,2
85735,50,5,45,2
85736,56,6,50,2
85737,54,6,48,2
85738,45,6,39,2
85739,48,1,47,2
85740,62,7,55,2
85741,47,6,41,2
85742,69,5,64,2
85743,57,5,52,2
85744,50,4,46,2
85745,68,9,59,2
85746,47,6,41,2
85747,71,6,65,2
85748,48,7,41,2
85749,57,7,50,2
85750,65,10,55,2
85751,58,6,52,2
85752,57,9,48,2
85753,62,9,53,2
85754,43,6,37,2
85755,61,9,52,2
85756,56,6,50,2
85757,57,11,46,2
85758,57,3,54,2
85759,51,5,46,2
85760,68,8,60,2
85761,51,11,40,2
85762,64,9,55,2
85763,45,5,40,2
85764,67,5,62,2
85765,58,7,51,2
85766,46,4,42,2
85767,51,5,46,2
85768,69,7,62,2
85769,66,11,55,2
85770,53,4,49,2
85771,58,8,50,2
85772,47,4,43,2
85773,54,5,49,2
85774,38,3,35,2
85775,50,3,47,2
85776,50,7,43,2
85777,56,8,48,2
85778,59,10,49,2
85779,62,8,54,2
85780,41,5,36,2
85781,49,6,43,2
85782,52,5,47,2
85783,56,6,50,2
85784,46,3,43,2
85785,57,9,48,2
85786,53,3,50,2
85787,59,10,49,2
85788,49,7,42,2
85789,44,6,38,2
85790,46,6,40,2
85791,47,10,37,2
85792,44,3,41,2
85793,57,1,56,2
85794,60,8,52,2
85795,48,3,45,2
85796,51,7,44,2
85797,48,10,38,2
85798,34,5,29,2
85799,66,6,60,2
85800,57,7,50,2
85801,53,12,41,2
85802,47,5,42,2
85803,58,10,48,2
85804,61,8,53,2
85805,54,8,46,2
85806,41,5,36,2
85807,46,2,44,2
85808,41,6,35,2
85809,62,5,57,2
85810,44,4,40,2
85811,49,3,46,2
85812,54,4,50,2
85813,45,2,43,2
85814,54,8,46,2
85815,62,9,53,2
85816,65,13,52,2
85817,39,5,34,2
85818,60,5,55,2
85819,61,7,54,2
85820,55,7,48,2
85821,55,8,47,2
85822,59,7,52,2
85823,49,3,46,2
85824,57,5,52,2
85825,55,8,47,2
85826,57,4,53,2
85827,54,4,50,2
85828,61,2,59,2
85829,55,6,49,2
85830,58,5,53,2
85831,55,5,50,2
85832,48,6,42,2
85833,59,10,49,2
85834,49,4,45,2
85835,66,6,60,2
85836,54,3,51,2
85837,57,7,50,2
85838,53,6,47,2
85839,59,6,53,2
85840,55,3,52,2
85841,53,7,46,2
85842,57,10,47,2
85843,53,5,48,2
85844,55,5,50,2
85845,50,7,43,2
85846,65,4,61,2
85847,57,9,48,2
85848,49,6,43,2
85849,51,4,47,2
85850,56,5,51,2
85851,45,2,43,2
85852,62,7,55,2
85853,51,5,46,2
85854,48,4,44,2
85855,51,9,42,2
85856,65,3,62,2
85857,59,6,53,2
85858,58,6,52,2
85859,64,10,54,2
85860,62,8,54,2
85861,60,4,56,2
85862,46,6,40,2
85863,61,5,56,2
85864,52,2,50,2
85865,49,5,44,2
85866,47,8,39,2
85867,59,6,53,2
85868,70,9,61,2
85869,45,5,40,2
85870,54,8,46,2
85871,59,7,52,2
85872,65,8,57,2
85873,50,6,44,2
85874,71,10,61,2
85875,40,4,36,2
85876,71,10,61,2
85877,49,5,44,2
85878,52,7,45,2
85879,54,1,53,2
85880,53,6,47,2
85881,45,6,39,2
85882,57,7,50,2
85883,58,9,49,2
85884,68,1,67,2
85885,62,9,53,2
85886,64,10,54,2
85887,64,5,59,2
85888,43,4,39,2
85889,67,5,62,2
85890,57,8,49,2
85891,53,3,50,2
85892,50,4,46,2
85893,68,13,55,2
85894,73,12,61,2
85895,56,7,49,2
85896,37,5,32,2
85897,61,10,51,2
85898,51,4,47,2
85899,43,4,39,2
85900,61,8,53,2
85901,57,6,51,2
85902,45,4,41,2
85903,56,9,47,2
85904,48,7,41,2
85905,53,2,51,2
85906,51,7,44,2
85907,51,8,43,2
85908,59,5,54,2
85909,56,3,53,2
85910,59,8,51,2
85911,60,5,55,2
85912,55,3,52,2
85913,68,4,64,2
85914,46,6,40,2
85915,55,8,47,2
85916,55,8,47,2
85917,53,5,48,2
85918,61,13,48,2
85919,54,5,49,2
85920,62,3,59,2
85921,61,11,50,2
85922,61,8,53,2
85923,57,7,50,2
85924,53,5,48,2
85925,57,6,51,2
85926,48,7,41,2
85927,71,13,58,2
85928,55,6,49,2
85929,63,8,55,2
85930,61,4,57,2
85931,45,5,40,2
85932,51,6,45,2
85933,72,4,68,2
85934,40,3,37,2
85935,68,7,61,2
85936,49,4,45,2
85937,63,6,57,2
85938,45,7,38,2
85939,66,10,56,2
85940,68,6,62,2
85941,60,6,54,2
85942,44,3,41,2
85943,48,9,39,2
85944,53,11,42,2
85945,56,9,47,2
85946,48,9,39,2
85947,47,4,43,2
85948,36,5,31,2
85949,62,8,54,2
85950,55,8,47,2
85951,59,10,49,2
85952,46,4,42,2
85953,62,11,51,2
85954,52,7,45,2
85955,49,7,42,2
85956,67,8,59,2
85957,52,4,48,2
85958,45,2,43,2
85959,53,6,47,2
85960,55,10,45,2
85961,64,8,56,2
85962,62,9,53,2
85963,47,3,44,2
85964,59,8,51,2
85965,49,8,41,2
85966,47,3,44,2
85967,54,4,50,2
85968,57,6,51,2
85969,62,7,55,2
85970,52,5,47,2
85971,53,8,45,2
85972,53,3,50,2
85973,74,8,66,2
85974,54,5,49,2
85975,49,5,44,2
85976,66,6,60,2
85977,51,7,44,2
85978,73,15,58,2
85979,48,6,42,2
85980,48,6,42,2
85981,59,6,53,2
85982,54,7,47,2
85983,50,9,41,2
85984,54,4,50,2
85985,48,9,39,2
85986,58,8,50,2
85987,68,8,60,2
85988,63,11,52,2
85989,45,5,40,2
85990,57,9,48,2
85991,48,5,43,2
85992,49,6,43,2
85993,60,7,53,2
85994,57,8,49,2
85995,49,3,46,2
85996,44,3,41,2
85997,65,6,59,2
85998,46,2,44,2
85999,60,8,52,2
86000,47,7,40,2
86001,47,6,41,2
86002,42,4,38,2
86003,60,4,56,2
86004,59,10,49,2
86005,61,7,54,2
86006,58,8,50,2
86007,52,3,49,2
86008,44,4,40,2
86009,49,9,40,2
86010,61,8,53,2
86011,64,9,55,2
86012,47,11,36,2
86013,62,8,54,2
86014,61,3,58,2
86015,68,2,66,2
86016,60,6,54,2
86017,68,6,62,2
86018,48,4,44,2
86019,67,10,57,2
86020,67,6,61,2
86021,41,4,37,2
86022,54,5,49,2
86023,51,5,46,2
86024,54,5,49,2
86025,50,6,44,2
86026,66,9,57,2
86027,51,9,42,2
86028,59,7,52,2
86029,52,7,45,2
86030,39,3,36,2
86031,64,11,53,2
86032,54,11,43,2
86033,57,7,50,2
86034,53,6,47,2
86035,58,9,49,2
86036,56,7,49,2
86037,49,9,40,2
86038,38,5,33,2
86039,50,9,41,2
86040,49,7,42,2
86041,60,6,54,2
86042,56,5,51,2
86043,57,10,47,2
86044,59,3,56,2
86045,38,6,32,2
86046,43,4,39,2
86047,58,11,47,2
86048,61,6,55,2
86049,52,7,45,2
86050,58,10,48,2
86051,59,5,54,2
86052,55,9,46,2
86053,53,7,46,2
86054,62,10,52,2
86055,47,5,42,2
86056,50,3,47,2
86057,55,7,48,2
86058,66,7,59,2
86059,59,8,51,2
86060,67,10,57,2
86061,64,9,55,2
86062,59,7,52,2
86063,53,1,52,2
86064,54,7,47,2
86065,68,9,59,2
86066,53,10,43,2
86067,45,3,42,2
86068,46,5,41,2
86069,46,4,42,2
86070,55,8,47,2
86071,53,4,49,2
86072,46,9,37,2
86073,57,7,50,2
86074,50,3,47,2
86075,62,10,52,2
86076,47,4,43,2
86077,76,12,64,2
86078,59,8,51,2
86079,61,10,51,2
86080,57,7,50,2
86081,63,14,49,2
86082,65,8,57,2
86083,56,5,51,2
86084,51,7,44,2
86085,58,8,50,2
86086,64,6,58,2
86087,58,8,50,2
86088,52,12,40,2
86089,51,10,41,2
86090,44,8,36,2
86091,61,4,57,2
86092,63,7,56,2
86093,38,8,30,2
86094,64,5,59,2
86095,49,6,43,2
86096,51,4,47,2
86097,57,4,53,2
86098,65,5,60,2
86099,47,10,37,2
86100,48,3,45,2
86101,48,3,45,2
86102,49,8,41,2
86103,54,7,47,2
86104,59,5,54,2
86105,65,4,61,2
86106,57,8,49,2
86107,54,5,49,2
86108,60,7,53,2
86109,53,7,46,2
86110,51,11,40,2
86111,36,4,32,2
86112,53,5,48,2
86113,55,6,49,2
86114,71,6,65,2
86115,50,5,45,2
86116,52,4,48,2
86117,50,5,45,2
86118,49,6,43,2
86119,62,9,53,2
86120,73,7,66,2
86121,60,9,51,2
86122,65,7,58,2
86123,48,12,36,2
86124,50,3,47,2
86125,39,11,28,2
86126,51,6,45,2
86127,71,13,58,2
86128,48,8,40,2
86129,50,3,47,2
86130,63,7,56,2
86131,53,7,46,2
86132,53,6,47,2
86133,43,7,36,2
86134,60,7,53,2
86135,52,8,44,2
86136,61,10,51,2
86137,63,6,57,2
86138,66,11,55,2
86139,65,8,57,2
86140,45,3,42,2
86141,53,6,47,2
86142,62,10,52,2
86143,47,3,44,2
86144,47,5,42,2
86145,66,5,61,2
86146,60,10,50,2
86147,58,5,53,2
86148,49,7,42,2
86149,49,4,45,2
86150,55,6,49,2
86151,54,2,52,2
86152,68,6,62,2
86153,50,4,46,2
86154,58,8,50,2
86155,67,9,58,2
86156,63,14,49,2
86157,50,1,49,2
86158,53,5,48,2
86159,45,5,40,2
86160,58,6,52,2
86161,50,8,42,2
86162,50,6,44,2
86163,60,4,56,2
86164,53,4,49,2
86165,51,9,42,2
86166,54,6,48,2
86167,59,11,48,2
86168,44,5,39,2
86169,55,7,48,2
86170,43,5,38,2
86171,63,7,56,2
86173,51,10,41,2
86174,60,4,56,2
86175,63,7,56,2
86176,59,10,49,2
86177,57,9,48,2
86178,56,7,49,2
86179,50,4,46,2
86180,58,6,52,2
86181,61,7,54,2
86182,58,7,51,2
86183,58,3,55,2
86184,61,7,54,2
86185,57,10,47,2
86186,54,6,48,2
86187,43,6,37,2
86188,56,6,50,2
86189,53,4,49,2
86190,62,11,51,2
86191,59,9,50,2
86192,34,3,31,2
86193,62,5,57,2
86194,52,3,49,2
86195,42,5,37,2
86196,47,4,43,2
86197,45,5,40,2
86198,52,7,45,2
86199,56,6,50,2
86200,57,5,52,2
86201,57,8,49,2
86202,58,5,53,2
86203,61,7,54,2
86205,56,7,49,2
86206,57,7,50,2
86207,57,6,51,2
86208,43,2,41,2
86209,55,3,52,2
86210,40,7,33,2
86211,49,3,46,2
86212,45,6,39,2
86213,38,7,31,2
86214,46,3,43,2
86215,53,4,49,2
86216,52,4,48,2
86217,50,4,46,2
86218,62,9,53,2
86219,56,4,52,2
86220,53,5,48,2
86221,49,6,43,2
86222,55,6,49,2
86223,57,10,47,2
86224,49,6,43,2
86225,48,3,45,2
86226,56,11,45,2
86227,43,3,40,2
86228,54,6,48,2
86229,43,9,34,2
86230,48,6,42,2
86231,43,4,39,2
86232,53,5,48,2
86233,47,4,43,2
86234,59,14,45,2
86235,59,4,55,2
86236,51,7,44,2
86237,47,6,41,2
86238,52,5,47,2
86239,69,9,60,2
86240,60,10,50,2
86241,58,6,52,2
86242,42,5,37,2
86243,64,9,55,2
86244,48,4,44,2
86245,41,3,38,2
86246,57,5,52,2
86247,55,8,47,2
86248,51,4,47,2
86249,49,6,43,2
86250,47,6,41,2
86251,39,5,34,2
86252,55,6,49,2
86253,49,8,41,2
86254,54,6,48,2
86255,65,8,57,2
86256,56,8,48,2
86257,60,7,53,2
86258,76,9,67,2
86259,47,10,37,2
86260,48,4,44,2
86261,56,6,50,2
86262,54,6,48,2
86263,49,7,42,2
86264,50,5,45,2
86265,41,4,37,2
86266,53,2,51,2
86267,39,4,35,2
86268,59,4,55,2
86269,59,5,54,2
86270,46,7,39,2
86271,52,8,44,2
86272,43,3,40,2
86273,68,7,61,2
86274,48,3,45,2
86275,53,10,43,2
86276,56,7,49,2
86277,57,3,54,2
86278,61,9,52,2
86279,62,8,54,2
86280,57,7,50,2
86281,61,10,51,2
86282,60,8,52,2
86283,65,9,56,2
86284,55,6,49,2
86285,59,9,50,2
86286,45,2,43,2
86287,55,10,45,2
86288,54,5,49,2
86289,56,6,50,2
86290,47,5,42,2
86291,53,6,47,2
86292,52,5,47,2
86293,58,10,48,2
86294,55,8,47,2
86295,50,5,45,2
86296,54,4,50,2
86297,48,9,39,2
86298,62,6,56,2
86299,72,10,62,2
86300,50,7,43,2
86301,51,4,47,2
86302,56,7,49,2
86303,57,9,48,2
86304,67,7,60,2
86305,56,4,52,2
86306,57,10,47,2
86307,59,6,53,2
86308,46,6,40,2
86309,57,7,50,2
86310,47,6,41,2
86311,69,10,59,2
86312,60,4,56,2
86313,52,4,48,2
86314,55,5,50,2
86315,47,2,45,2
86316,51,4,47,2
86317,50,7,43,2
86318,53,2,51,2
86319,68,7,61,2
86320,47,6,41,2
86321,58,3,55,2
86322,68,5,63,2
86323,50,5,45,2
86324,62,8,54,2
86325,54,7,47,2
86326,52,6,46,2
86327,67,7,60,2
86328,56,9,47,2
86329,50,6,44,2
86330,55,8,47,2
86331,45,0,45,1
86332,57,4,53,2
86333,49,3,46,2
86334,44,6,38,2
86335,71,10,61,2
86336,62,4,58,2
86337,66,9,57,2
86338,43,8,35,2
86339,52,7,45,2
86340,61,6,55,2
86341,62,8,54,2
86342,38,5,33,2
86343,42,2,40,2
86344,57,4,53,2
86345,67,8,59,2
86346,53,12,41,2
86347,38,6,32,2
86348,49,8,41,2
86349,62,8,54,2
86350,55,7,48,2
86351,53,2,51,2
86352,48,3,45,2
86353,54,4,50,2
86354,57,8,49,2
86355,45,5,40,2
86356,66,8,58,2
86357,48,2,46,2
86358,58,3,55,2
86359,64,8,56,2
86360,53,6,47,2
86361,54,8,46,2
86362,55,10,45,2
86363,61,3,58,2
86364,54,4,50,2
86365,54,7,47,2
86366,59,4,55,2
86367,50,8,42,2
86368,40,3,37,2
86369,59,5,54,2
86370,47,4,43,2
86371,64,8,56,2
86372,49,5,44,2
86373,47,5,42,2
86374,44,2,42,2
86375,53,8,45,2
86376,49,5,44,2
86377,59,8,51,2
86378,56,5,51,2
86379,68,8,60,2
86380,58,7,51,2
86381,73,7,66,2
86382,53,6,47,2
86383,52,8,44,2
86384,52,6,46,2
86385,47,7,40,2
86386,49,5,44,2
86387,50,6,44,2
86388,53,12,41,2
86389,54,5,49,2
86390,36,5,31,2
86391,62,8,54,2
86392,60,9,51,2
86393,50,8,42,2
86394,61,11,50,2
86395,54,8,46,2
86396,43,6,37,2
86397,55,6,49,2
86398,63,4,59,2
86399,61,9,52,2
86400,65,6,59,2
86401,56,9,47,2
86402,55,9,46,2
86403,57,5,52,2
86404,63,7,56,2
86405,56,9,47,2
86406,58,9,49,2
86407,59,6,53,2
86408,48,1,47,2
86409,57,7,50,2
86410,55,4,51,2
86411,64,12,52,2
86412,41,4,37,2
86413,51,3,48,2
86414,46,6,40,2
86415,43,5,38,2
86416,48,6,42,2
86417,62,13,49,2
86418,59,1,58,2
86419,48,9,39,2
86420,46,5,41,2
86421,1,0,1,1
86422,59,6,53,2
86423,46,7,39,2
86424,58,9,49,2
86425,57,7,50,2
86426,53,5,48,2
86427,59,7,52,2
86428,53,8,45,2
86429,39,4,35,2
86430,66,9,57,2
86431,46,8,38,2
86432,55,6,49,2
86433,64,8,56,2
86434,48,5,43,2
86435,46,8,38,2
86436,57,5,52,2
86437,50,7,43,2
86438,58,10,48,2
86439,54,5,49,2
86440,53,7,46,2
86441,58,7,51,2
86442,60,2,58,2
86443,58,4,54,2
86444,56,8,48,2
86445,61,7,54,2
86446,47,5,42,2
86447,64,5,59,2
86448,56,6,50,2
86449,45,4,41,2
86450,48,4,44,2
86451,67,6,61,2
86452,44,4,40,2
86453,56,7,49,2
86454,57,8,49,2
86455,34,6,28,2
86456,62,7,55,2
86457,39,5,34,2
86458,55,8,47,2
86459,41,9,32,2
86460,58,9,49,2
86461,56,9,47,2
86462,49,4,45,2
86463,54,8,46,2
86464,50,7,43,2
86465,63,8,55,2
86466,63,3,60,2
86467,37,2,35,2
86468,64,10,54,2
86469,39,2,37,2
86470,45,5,40,2
86471,51,9,42,2
86472,60,7,53,2
86473,54,11,43,2
86474,59,7,52,2
86475,51,8,43,2
86476,64,10,54,2
86477,57,11,46,2
86478,55,8,47,2
86479,56,6,50,2
86480,47,3,44,2
86481,52,6,46,2
86482,77,10,67,2
86483,62,10,52,2
86484,53,11,42,2
86485,49,3,46,2
86486,45,5,40,2
86487,64,10,54,2
86488,56,6,50,2
86489,50,7,43,2
86490,74,8,66,2
86491,59,8,51,2
86492,43,10,33,2
86493,50,7,43,2
86494,55,10,45,2
86495,54,4,50,2
86496,46,7,39,2
86497,58,8,50,2
86498,47,6,41,2
86499,50,7,43,2
86500,43,3,40,2
86501,56,4,52,2
86502,54,9,45,2
86503,52,10,42,2
86504,46,7,39,2
86505,43,8,35,2
86506,55,9,46,2
86507,51,5,46,2
86508,62,7,55,2
86509,51,4,47,2
86510,59,9,50,2
86511,57,11,46,2
86512,63,5,58,2
86513,63,11,52,2
86514,55,7,48,2
86515,54,8,46,2
86516,51,3,48,2
86517,60,5,55,2
86518,43,3,40,2
86519,54,4,50,2
86520,54,7,47,2
86521,61,8,53,2
86522,42,11,31,2
86523,60,7,53,2
86524,62,9,53,2
86525,59,9,50,2
86526,53,12,41,2
86527,50,4,46,2
86528,47,5,42,2
86529,49,4,45,2
86530,54,7,47,2
86531,58,9,49,2
86532,46,1,45,2
86533,67,7,60,2
86534,64,11,53,2
86535,49,8,41,2
86536,44,9,35,2
86537,54,9,45,2
86538,40,5,35,2
86539,49,6,43,2
86540,55,10,45,2
86541,60,3,57,2
86542,58,13,45,2
86543,52,3,49,2
86544,59,11,48,2
86545,56,7,49,2
86546,43,4,39,2
86547,52,6,46,2
86548,52,7,45,2
86549,66,6,60,2
86550,45,5,40,2
86551,50,4,46,2
86552,53,7,46,2
86553,61,10,51,2
86554,55,5,50,2
86555,50,8,42,2
86556,53,4,49,2
86557,54,4,50,2
86558,61,5,56,2
86559,49,5,44,2
86560,53,8,45,2
86561,65,5,60,2
86562,53,6,47,2
86563,56,6,50,2
86564,51,4,47,2
86565,56,8,48,2
86566,60,5,55,2
86567,54,9,45,2
86568,50,7,43,2
86569,50,7,43,2
86570,59,9,50,2
86571,60,9,51,2
86572,49,6,43,2
86573,48,6,42,2
86574,52,4,48,2
86575,57,7,50,2
86576,67,9,58,2
86577,52,6,46,2
86578,59,7,52,2
86579,47,8,39,2
86580,55,7,48,2
86581,63,6,57,2
86582,66,5,61,2
86583,47,5,42,2
86584,56,7,49,2
86585,55,8,47,2
86586,59,7,52,2
86587,59,4,55,2
86588,50,6,44,2
86589,57,8,49,2
86590,61,9,52,2
86591,63,10,53,2
86592,58,7,51,2
86593,59,7,52,2
86594,52,5,47,2
86595,57,10,47,2
86596,55,8,47,2
86597,51,9,42,2
86598,69,11,58,2
86599,38,12,26,2
86600,40,5,35,2
86601,54,13,41,2
86602,58,6,52,2
86603,52,4,48,2
86604,61,9,52,2
86605,48,6,42,2
86606,50,4,46,2
86607,51,6,45,2
86608,56,10,46,2
86609,56,9,47,2
86610,66,11,55,2
86611,56,9,47,2
86612,55,8,47,2
86613,54,2,52,2
86614,65,8,57,2
86615,40,6,34,2
86616,41,6,35,2
86617,59,4,55,2
86618,59,9,50,2
86619,47,3,44,2
86620,49,4,45,2
86621,52,6,46,2
86622,57,7,50,2
86623,57,10,47,2
86624,56,7,49,2
86625,51,8,43,2
86626,50,4,46,2
86627,55,5,50,2
86628,57,7,50,2
86629,58,8,50,2
86630,48,7,41,2
86631,58,7,51,2
86632,48,4,44,2
86633,53,5,48,2
86634,65,10,55,2
86635,48,4,44,2
86636,59,4,55,2
86637,53,8,45,2
86638,55,13,42,2
86639,51,3,48,2
86640,57,9,48,2
86641,54,4,50,2
86642,71,5,66,2
86643,33,3,30,2
86644,60,10,50,2
86645,47,3,44,2
86646,62,8,54,2
86647,60,10,50,2
86648,64,7,57,2
86649,51,11,40,2
86650,43,4,39,2
86651,61,5,56,2
86652,45,4,41,2
86653,72,7,65,2
86654,51,8,43,2
86655,54,7,47,2
86656,53,9,44,2
86657,57,5,52,2
86658,45,4,41,2
86659,40,4,36,2
86660,44,4,40,2
86661,41,7,34,2
86662,53,4,49,2
86663,58,3,55,2
86664,53,7,46,2
86665,39,3,36,2
86666,53,7,46,2
86667,46,6,40,2
86668,57,6,51,2
86669,46,4,42,2
86670,56,5,51,2
86671,56,7,49,2
86672,52,6,46,2
86673,54,5,49,2
86674,48,5,43,2
86675,60,3,57,2
86676,51,5,46,2
86677,46,5,41,2
86678,51,9,42,2
86679,56,5,51,2
86680,66,12,54,2
86681,59,5,54,2
86682,40,3,37,2
86683,54,5,49,2
86684,41,4,37,2
86685,55,8,47,2
86686,44,2,42,2
86687,47,4,43,2
86688,52,11,41,2
86689,53,6,47,2
86690,67,7,60,2
86691,53,9,44,2
86692,48,4,44,2
86693,64,9,55,2
86694,53,7,46,2
86695,47,7,40,2
86696,60,9,51,2
86697,57,7,50,2
86698,61,8,53,2
86699,52,4,48,2
86700,64,4,60,2
86701,51,8,43,2
86702,43,3,40,2
86703,54,5,49,2
86704,54,3,51,2
86705,54,8,46,2
86706,61,5,56,2
86707,72,6,66,2
86708,62,7,55,2
86709,53,7,46,2
86710,58,5,53,2
86711,50,9,41,2
86712,56,6,50,2
86713,65,9,56,2
86714,52,4,48,2
86715,67,6,61,2
86716,58,8,50,2
86717,53,4,49,2
86718,54,5,49,2
86719,56,6,50,2
86720,45,6,39,2
86721,63,11,52,2
86722,55,3,52,2
86723,53,8,45,2
86724,62,8,54,2
86725,61,12,49,2
86726,58,10,48,2
86727,59,5,54,2
86728,53,5,48,2
86729,62,7,55,2
86730,62,16,46,2
86731,51,9,42,2
86732,52,14,38,2
86733,55,5,50,2
86734,53,5,48,2
86735,46,5,41,2
86736,55,8,47,2
86737,45,8,37,2
86738,52,10,42,2
86739,46,6,40,2
86740,58,4,54,2
86741,47,6,41,2
86742,63,8,55,2
86743,51,6,45,2
86744,53,5,48,2
86745,59,8,51,2
86746,51,3,48,2
86747,54,5,49,2
86748,50,4,46,2
86749,64,9,55,2
86750,49,5,44,2
86751,54,4,50,2
86752,51,3,48,2
86753,58,3,55,2
86754,51,4,47,2
86755,57,9,48,2
86756,70,5,65,2
86757,57,8,49,2
86758,58,7,51,2
86759,58,9,49,2
86760,53,8,45,2
86761,52,7,45,2
86762,54,6,48,2
86763,59,6,53,2
86764,60,8,52,2
86765,45,3,42,2
86766,59,8,51,2
86767,49,8,41,2
86768,44,5,39,2
86769,47,8,39,2
86770,56,6,50,2
86771,60,7,53,2
86772,54,8,46,2
86773,47,4,43,2
86774,56,4,52,2
86775,47,4,43,2
86776,52,7,45,2
86777,59,5,54,2
86778,46,6,40,2
86779,53,3,50,2
86780,69,9,60,2
86781,56,6,50,2
86782,59,6,53,2
86783,48,9,39,2
86784,55,2,53,2
86785,55,5,50,2
86786,51,8,43,2
86787,68,9,59,2
86788,57,11,46,2
86789,53,6,47,2
86790,57,2,55,2
86791,58,8,50,2
86792,47,5,42,2
86793,57,7,50,2
86794,55,9,46,2
86795,56,10,46,2
86796,49,7,42,2
86797,52,7,45,2
86798,57,5,52,2
86799,69,3,66,2
86800,58,4,54,2
86801,58,8,50,2
86802,60,14,46,2
86803,62,12,50,2
86804,55,5,50,2
86805,51,5,46,2
86806,69,5,64,2
86807,52,4,48,2
86808,47,7,40,2
86809,58,8,50,2
86810,57,6,51,2
86811,59,6,53,2
86812,59,7,52,2
86813,62,6,56,2
86814,47,6,41,2
86815,55,5,50,2
86816,54,10,44,2
86817,65,9,56,2
86818,51,11,40,2
86819,66,9,57,2
86820,68,5,63,2
86821,58,7,51,2
86822,74,7,67,2
86823,42,6,36,2
86824,51,9,42,2
86825,64,8,56,2
86826,66,15,51,2
86827,51,3,48,2
86828,56,9,47,2
86829,52,9,43,2
86830,48,12,36,2
86831,74,7,67,2
86832,57,6,51,2
86833,41,3,38,2
86834,65,11,54,2
86835,49,2,47,2
86836,59,5,54,2
86837,64,8,56,2
86838,55,3,52,2
86839,63,8,55,2
86840,56,4,52,2
86841,52,2,50,2
86842,53,8,45,2
86843,49,4,45,2
86844,57,7,50,2
86845,50,7,43,2
86846,64,6,58,2
86847,68,8,60,2
86848,47,7,40,2
86849,61,1,60,2
86850,53,7,46,2
86851,46,9,37,2
86852,64,10,54,2
86853,59,7,52,2
86854,59,8,51,2
86855,49,3,46,2
86856,53,12,41,2
86857,57,7,50,2
86858,55,3,52,2
86859,56,8,48,2
86860,46,4,42,2
86861,46,5,41,2
86862,78,7,71,2
86863,56,9,47,2
86864,57,13,44,2
86865,61,6,55,2
86866,49,10,39,2
86867,50,9,41,2
86868,59,6,53,2
86869,64,8,56,2
86870,47,5,42,2
86871,48,7,41,2
86872,66,9,57,2
86873,45,6,39,2
86874,59,13,46,2
86875,52,5,47,2
86876,60,5,55,2
86877,60,6,54,2
86878,72,11,61,2
86879,55,8,47,2
86880,60,5,55,2
86881,55,10,45,2
86882,65,7,58,2
86883,53,5,48,2
86884,40,5,35,2
86885,61,11,50,2
86886,63,5,58,2
86887,52,10,42,2
86888,41,6,35,2
86889,48,3,45,2
86890,64,7,57,2
86891,55,5,50,2
86892,45,4,41,2
86893,47,6,41,2
86894,59,10,49,2
86895,45,6,39,2
86896,51,7,44,2
86897,62,4,58,2
86898,59,1,58,2
86899,52,5,47,2
86900,59,7,52,2
86901,54,2,52,2
86902,58,9,49,2
86903,72,6,66,2
86904,52,6,46,2
86905,43,4,39,2
86906,53,9,44,2
86907,60,8,52,2
86908,66,11,55,2
86909,56,4,52,2
86910,49,7,42,2
86911,55,9,46,2
86912,51,3,48,2
86913,67,4,63,2
86914,57,5,52,2
86915,46,7,39,2
86916,61,8,53,2
86917,45,6,39,2
86918,44,4,40,2
86919,58,8,50,2
86920,53,12,41,2
86921,60,7,53,2
86922,64,12,52,2
86923,48,3,45,2
86924,44,4,40,2
86925,47,7,40,2
86926,43,3,40,2
86927,59,4,55,2
86928,49,2,47,2
86929,53,7,46,2
86930,49,5,44,2
86931,65,5,60,2
86932,53,7,46,2
86933,55,6,49,2
86934,51,9,42,2
86935,59,4,55,2
86936,51,8,43,2
86937,53,4,49,2
86938,67,7,60,2
86939,55,10,45,2
86940,39,5,34,2
86941,67,7,60,2
86942,51,5,46,2
86943,47,8,39,2
86944,44,6,38,2
86945,64,10,54,2
86946,67,10,57,2
86947,50,7,43,2
86948,66,5,61,2
86949,55,4,51,2
86950,66,6,60,2
86951,40,3,37,2
86952,45,3,42,2
86953,63,6,57,2
86954,47,4,43,2
86955,56,9,47,2
86956,59,4,55,2
86957,68,11,57,2
86958,48,8,40,2
86959,47,5,42,2
86960,55,6,49,2
86961,54,8,46,2
86962,53,4,49,2
86963,52,5,47,2
86964,44,5,39,2
86965,56,6,50,2
86966,54,4,50,2
86967,61,5,56,2
86968,77,12,65,2
86969,54,9,45,2
86970,48,3,45,2
86971,52,7,45,2
86972,54,7,47,2
86973,46,7,39,2
86974,56,11,45,2
86975,49,5,44,2
86976,41,6,35,2
86977,70,10,60,2
86978,55,8,47,2
86979,50,6,44,2
86980,51,6,45,2
86981,61,9,52,2
86982,51,6,45,2
86983,56,8,48,2
86984,50,7,43,2
86985,59,11,48,2
86986,53,7,46,2
86987,53,5,48,2
86988,56,7,49,2
86989,60,6,54,2
86990,50,7,43,2
86991,60,7,53,2
86992,52,2,50,2
86993,54,9,45,2
86994,44,9,35,2
86995,60,8,52,2
86996,64,6,58,2
86997,53,6,47,2
86998,52,4,48,2
86999,49,4,45,2
87000,53,4,49,2
87001,48,4,44,2
87002,59,4,55,2
87003,63,8,55,2
87004,49,6,43,2
87005,57,6,51,2
87006,62,4,58,2
87007,50,4,46,2
87008,53,2,51,2
87009,60,6,54,2
87010,61,8,53,2
87011,53,11,42,2
87012,68,6,62,2
87013,63,5,58,2
87014,60,6,54,2
87015,60,7,53,2
87016,51,5,46,2
87017,66,8,58,2
87018,62,9,53,2
87019,46,6,40,2
87020,58,10,48,2
87021,62,8,54,2
87022,38,3,35,2
87023,58,4,54,2
87024,40,1,39,2
87025,54,4,50,2
87026,53,7,46,2
87027,59,6,53,2
87028,46,7,39,2
87029,56,3,53,2
87030,44,4,40,2
87031,46,5,41,2
87032,55,5,50,2
87033,56,5,51,2
87034,66,5,61,2
87035,63,9,54,2
87036,62,6,56,2
87037,53,5,48,2
87038,48,7,41,2
87039,57,2,55,2
87040,63,9,54,2
87041,70,6,64,2
87042,47,10,37,2
87043,59,6,53,2
87044,42,5,37,2
87045,54,6,48,2
87046,52,3,49,2
87047,48,6,42,2
87048,69,7,62,2
87049,58,6,52,2
87050,48,6,42,2
87051,55,11,44,2
87052,46,6,40,2
87053,56,7,49,2
87054,59,8,51,2
87055,53,5,48,2
87056,58,7,51,2
87057,52,8,44,2
87058,58,6,52,2
87059,48,5,43,2
87060,66,10,56,2
87061,60,8,52,2
87062,54,8,46,2
87063,55,3,52,2
87064,61,12,49,2
87065,49,7,42,2
87066,65,3,62,2
87067,50,5,45,2
87068,47,8,39,2
87069,73,11,62,2
87070,43,5,38,2
87071,45,8,37,2
87072,59,4,55,2
87073,51,10,41,2
87074,48,7,41,2
87075,56,8,48,2
87076,61,12,49,2
87077,56,6,50,2
87078,52,7,45,2
87079,58,8,50,2
87080,52,4,48,2
87081,49,5,44,2
87082,59,6,53,2
87084,56,4,52,2
87085,57,7,50,2
87086,51,6,45,2
87087,65,8,57,2
87088,53,5,48,2
87089,47,10,37,2
87090,49,5,44,2
87091,49,6,43,2
87092,51,7,44,2
87093,57,6,51,2
87094,51,3,48,2
87095,51,2,49,2
87096,49,6,43,2
87097,61,4,57,2
87098,58,9,49,2
87099,56,9,47,2
87100,64,3,61,2
87101,57,11,46,2
87102,48,5,43,2
87103,57,5,52,2
87104,43,2,41,2
87105,48,6,42,2
87106,55,6,49,2
87107,42,6,36,2
87108,56,14,42,2
87109,55,9,46,2
87110,60,8,52,2
87111,64,11,53,2
87112,62,5,57,2
87113,65,6,59,2
87114,51,3,48,2
87115,50,5,45,2
87116,65,9,56,2
87117,47,7,40,2
87118,63,8,55,2
87119,63,8,55,2
87120,73,9,64,2
87121,51,7,44,2
87122,50,5,45,2
87123,38,2,36,2
87124,52,9,43,2
87125,52,11,41,2
87126,53,8,45,2
87127,70,10,60,2
87128,55,8,47,2
87129,59,6,53,2
87130,53,7,46,2
87131,64,8,56,2
87132,67,10,57,2
87133,56,10,46,2
87134,60,9,51,2
87135,67,2,65,2
87136,54,6,48,2
87137,68,10,58,2
87138,39,5,34,2
87139,44,3,41,2
87140,62,7,55,2
87141,54,6,48,2
87142,55,4,51,2
87143,58,9,49,2
87144,57,8,49,2
87145,46,7,39,2
87146,45,6,39,2
87147,56,5,51,2
87148,46,6,40,2
87149,55,7,48,2
87150,56,4,52,2
87151,49,8,41,2
87152,56,10,46,2
87153,49,6,43,2
87154,56,3,53,2
87155,62,6,56,2
87156,51,6,45,2
87157,61,11,50,2
87158,52,10,42,2
87159,59,7,52,2
87160,50,5,45,2
87161,57,4,53,2
87162,58,9,49,2
87163,52,2,50,2
87164,48,2,46,2
87165,64,9,55,2
87166,47,5,42,2
87167,60,14,46,2
87168,57,6,51,2
87169,58,7,51,2
87170,63,8,55,2
87171,69,12,57,2
87172,53,5,48,2
87173,68,9,59,2
87174,47,5,42,2
87175,39,3,36,2
87176,47,5,42,2
87177,59,7,52,2
87178,52,7,45,2
87179,63,5,58,2
87180,41,3,38,2
87181,44,3,41,2
87182,56,4,52,2
87183,55,8,47,2
87184,33,2,31,2
87185,60,8,52,2
87186,61,6,55,2
87187,51,5,46,2
87188,37,6,31,2
87189,55,6,49,2
87190,50,6,44,2
87191,43,7,36,2
87192,55,6,49,2
87193,45,4,41,2
87194,56,6,50,2
87195,59,6,53,2
87196,42,7,35,2
87197,45,3,42,2
87198,56,13,43,2
87199,60,5,55,2
87200,61,6,55,2
87201,63,11,52,2
87202,48,5,43,2
87203,51,8,43,2
87204,49,5,44,2
87205,53,5,48,2
87206,59,5,54,2
87207,53,3,50,2
87208,61,5,56,2
87209,49,6,43,2
87210,59,7,52,2
87211,62,5,57,2
87212,52,2,50,2
87213,56,8,48,2
87214,69,6,63,2
87215,55,6,49,2
87216,53,7,46,2
87217,53,4,49,2
87218,59,12,47,2
87219,62,7,55,2
87220,59,10,49,2
87221,51,6,45,2
87222,55,3,52,2
87223,52,5,47,2
87224,66,5,61,2
87225,64,10,54,2
87226,63,6,57,2
87227,57,4,53,2
87228,51,8,43,2
87229,51,4,47,2
87230,52,4,48,2
87231,68,7,61,2
87232,41,6,35,2
87233,54,8,46,2
87234,55,7,48,2
87235,42,8,34,2
87236,48,7,41,2
87237,50,5,45,2
87238,58,11,47,2
87239,39,4,35,2
87240,57,7,50,2
87241,62,8,54,2
87242,48,7,41,2
87243,61,11,50,2
87244,55,6,49,2
87245,69,6,63,2
87246,55,3,52,2
87247,67,9,58,2
87248,49,9,40,2
87249,50,5,45,2
87250,55,11,44,2
87251,58,10,48,2
87252,62,9,53,2
87253,45,4,41,2
87254,50,5,45,2
87255,47,4,43,2
87256,47,8,39,2
87257,51,2,49,2
87258,50,9,41,2
87259,50,6,44,2
87260,55,9,46,2
87261,57,6,51,2
87262,66,12,54,2
87263,56,3,53,2
87264,54,5,49,2
87265,56,2,54,2
87266,48,4,44,2
87267,69,3,66,2
87268,44,5,39,2
87269,44,7,37,2
87270,67,6,61,2
87271,66,8,58,2
87272,63,6,57,2
87273,49,2,47,2
87274,59,6,53,2
87275,51,2,49,2
87276,58,6,52,2
87277,42,2,40,2
87278,62,10,52,2
87279,64,5,59,2
87280,59,9,50,2
87281,58,2,56,2
87282,61,10,51,2
87283,62,14,48,2
87284,63,7,56,2
87285,57,7,50,2
87286,57,6,51,2
87287,45,4,41,2
87288,46,2,44,2
87289,67,7,60,2
87290,57,8,49,2
87291,54,2,52,2
87292,53,13,40,2
87293,57,7,50,2
87294,61,10,51,2
87295,47,6,41,2
87296,55,5,50,2
87297,42,7,35,2
87298,53,9,44,2
87299,46,3,43,2
87300,53,6,47,2
87301,54,11,43,2
87302,67,8,59,2
87303,45,4,41,2
87304,64,11,53,2
87305,56,6,50,2
87306,56,4,52,2
87307,68,8,60,2
87308,43,2,41,2
87309,48,8,40,2
87310,64,11,53,2
87311,52,10,42,2
87312,47,7,40,2
87313,65,6,59,2
87314,44,4,40,2
87315,53,5,48,2
87316,57,7,50,2
87317,63,7,56,2
87318,66,9,57,2
87319,53,2,51,2
87320,54,7,47,2
87321,55,9,46,2
87322,59,6,53,2
87323,44,5,39,2
87324,53,9,44,2
87325,69,4,65,2
87326,52,7,45,2
87327,45,4,41,2
87328,51,5,46,2
87329,62,12,50,2
87330,49,5,44,2
87331,44,5,39,2
87332,53,3,50,2
87333,56,6,50,2
87334,57,9,48,2
87335,46,3,43,2
87336,64,7,57,2
87337,56,6,50,2
87338,49,6,43,2
87339,60,7,53,2
87340,45,4,41,2
87341,52,4,48,2
87342,71,11,60,2
87343,61,11,50,2
87344,51,4,47,2
87345,45,6,39,2
87346,52,6,46,2
87347,49,4,45,2
87348,58,8,50,2
87349,51,6,45,2
87350,63,8,55,2
87351,59,14,45,2
87352,56,5,51,2
87353,48,9,39,2
87354,63,11,52,2
87355,61,9,52,2
87356,48,5,43,2
87357,54,6,48,2
87358,63,8,55,2
87359,63,5,58,2
87360,59,10,49,2
87361,51,5,46,2
87362,47,2,45,2
87363,53,7,46,2
87364,70,10,60,2
87365,55,6,49,2
87366,53,5,48,2
87367,61,8,53,2
87368,57,4,53,2
87369,44,6,38,2
87370,60,10,50,2
87371,59,7,52,2
87372,61,8,53,2
87373,45,5,40,2
87374,45,4,41,2
87375,56,8,48,2
87376,74,8,66,2
87377,48,5,43,2
87378,50,6,44,2
87379,56,2,54,2
87380,47,4,43,2
87381,54,4,50,2
87382,52,7,45,2
87383,56,8,48,2
87384,50,5,45,2
87385,46,8,38,2
87386,62,3,59,2
87387,71,6,65,2
87388,54,7,47,2
87389,46,6,40,2
87390,57,6,51,2
87391,52,6,46,2
87392,61,10,51,2
87393,59,7,52,2
87394,57,5,52,2
87395,51,6,45,2
87396,64,9,55,2
87397,67,6,61,2
87398,59,10,49,2
87399,46,6,40,2
87400,47,3,44,2
87401,46,4,42,2
87402,63,14,49,2
87403,61,11,50,2
87404,51,4,47,2
87405,43,5,38,2
87406,47,9,38,2
87407,57,3,54,2
87408,71,11,60,2
87409,56,7,49,2
87410,49,7,42,2
87411,54,6,48,2
87412,45,8,37,2
87413,43,9,34,2
87414,41,2,39,2
87415,46,2,44,2
87416,53,6,47,2
87417,66,8,58,2
87418,57,9,48,2
87419,54,5,49,2
87420,42,4,38,2
87421,53,10,43,2
87422,54,10,44,2
87423,64,8,56,2
87424,60,7,53,2
87425,49,5,44,2
87426,52,5,47,2
87427,60,12,48,2
87428,58,6,52,2
87429,70,10,60,2
87430,44,3,41,2
87431,60,4,56,2
87432,53,6,47,2
87433,52,6,46,2
87434,50,3,47,2
87435,58,6,52,2
87436,61,8,53,2
87437,60,8,52,2
87438,60,5,55,2
87439,63,6,57,2
87440,38,3,35,2
87441,48,6,42,2
87442,50,8,42,2
87443,57,6,51,2
87444,61,9,52,2
87445,49,5,44,2
87446,49,7,42,2
87447,54,5,49,2
87448,58,10,48,2
87449,39,8,31,2
87450,55,13,42,2
87451,54,4,50,2
87452,56,10,46,2
87453,55,8,47,2
87454,68,2,66,2
87455,53,4,49,2
87456,64,8,56,2
87457,59,10,49,2
87458,51,2,49,2
87459,46,3,43,2
87460,60,10,50,2
87461,56,6,50,2
87462,66,10,56,2
87463,68,7,61,2
87464,56,3,53,2
87465,51,5,46,2
87466,47,6,41,2
87467,51,2,49,2
87468,42,5,37,2
87469,49,5,44,2
87470,55,5,50,2
87471,48,4,44,2
87472,54,7,47,2
87473,60,11,49,2
87474,46,9,37,2
87475,54,8,46,2
87476,47,2,45,2
87477,61,8,53,2
87478,67,12,55,2
87479,48,4,44,2
87480,48,6,42,2
87481,61,7,54,2
87482,58,5,53,2
87483,55,7,48,2
87484,51,6,45,2
87485,58,5,53,2
87486,59,5,54,2
87487,55,10,45,2
87488,44,6,38,2
87489,66,8,58,2
87490,54,7,47,2
87491,56,5,51,2
87492,66,8,58,2
87493,62,8,54,2
87494,59,3,56,2
87495,63,8,55,2
87496,42,5,37,2
87497,40,6,34,2
87498,55,7,48,2
87499,57,7,50,2
87500,55,8,47,2
87501,58,10,48,2
87502,51,8,43,2
87503,52,6,46,2
87504,54,12,42,2
87505,43,4,39,2
87506,74,5,69,2
87507,67,7,60,2
87508,45,2,43,2
87509,47,7,40,2
87510,52,8,44,2
87511,62,8,54,2
87512,46,9,37,2
87513,57,9,48,2
87514,47,1,46,2
87515,58,10,48,2
87516,60,8,52,2
87517,58,9,49,2
87518,62,4,58,2
87519,60,9,51,2
87520,50,6,44,2
87521,42,3,39,2
87522,54,11,43,2
87523,45,4,41,2
87524,51,5,46,2
87525,64,8,56,2
87526,52,9,43,2
87527,51,8,43,2
87528,46,3,43,2
87529,54,4,50,2
87530,49,5,44,2
87531,54,2,52,2
87532,58,7,51,2
87533,66,6,60,2
87534,47,4,43,2
87535,41,2,39,2
87536,53,2,51,2
87537,67,4,63,2
87538,61,12,49,2
87539,44,3,41,2
87540,59,5,54,2
87541,58,3,55,2
87542,53,6,47,2
87543,65,5,60,2
87544,46,5,41,2
87545,57,7,50,2
87546,65,7,58,2
87547,44,3,41,2
87548,59,5,54,2
87549,48,8,40,2
87550,40,3,37,2
87551,53,5,48,2
87552,57,9,48,2
87553,47,6,41,2
87554,65,11,54,2
87555,53,5,48,2
87556,45,6,39,2
87557,63,7,56,2
87558,46,6,40,2
87559,56,7,49,2
87560,43,6,37,2
87561,52,6,46,2
87562,68,9,59,2
87563,57,10,47,2
87564,56,7,49,2
87565,50,3,47,2
87566,46,5,41,2
87567,44,1,43,2
87568,61,5,56,2
87569,54,4,50,2
87570,62,7,55,2
87571,55,9,46,2
87572,48,7,41,2
87573,53,6,47,2
87574,52,6,46,2
87575,60,7,53,2
87576,53,7,46,2
87577,60,5,55,2
87578,58,7,51,2
87579,54,6,48,2
87580,63,10,53,2
87581,59,8,51,2
87582,57,1,56,2
87583,42,5,37,2
87584,59,3,56,2
87585,52,4,48,2
87586,71,12,59,2
87587,53,7,46,2
87588,68,9,59,2
87589,51,7,44,2
87590,65,11,54,2
87591,52,6,46,2
87592,56,6,50,2
87593,51,9,42,2
87594,42,5,37,2
87595,54,5,49,2
87596,58,7,51,2
87597,55,9,46,2
87598,43,8,35,2
87599,71,9,62,2
87600,54,10,44,2
87601,54,9,45,2
87602,56,5,51,2
87603,50,3,47,2
87604,56,7,49,2
87605,62,8,54,2
87606,59,5,54,2
87607,53,4,49,2
87608,48,4,44,2
87609,53,1,52,2
87610,56,8,48,2
87611,42,6,36,2
87612,66,9,57,2
87613,65,10,55,2
87614,42,5,37,2
87615,60,8,52,2
87616,39,4,35,2
87617,51,11,40,2
87618,58,6,52,2
87619,51,3,48,2
87620,59,3,56,2
87621,45,7,38,2
87622,72,7,65,2
87623,58,5,53,2
87624,58,8,50,2
87625,58,7,51,2
87626,61,6,55,2
87627,45,4,41,2
87628,60,8,52,2
87629,53,8,45,2
87630,46,6,40,2
87631,56,8,48,2
87632,56,5,51,2
87633,59,5,54,2
87634,62,7,55,2
87635,51,5,46,2
87636,53,8,45,2
87637,57,11,46,2
87638,60,7,53,2
87639,51,6,45,2
87640,58,2,56,2
87641,56,6,50,2
87642,51,6,45,2
87643,58,7,51,2
87644,52,5,47,2
87645,63,6,57,2
87646,58,3,55,2
87647,61,6,55,2
87648,54,6,48,2
87649,61,5,56,2
87650,64,13,51,2
87651,65,9,56,2
87652,45,8,37,2
87653,43,6,37,2
87654,60,7,53,2
87655,61,12,49,2
87656,56,5,51,2
87657,58,10,48,2
87658,55,8,47,2
87659,63,11,52,2
87660,50,3,47,2
87661,54,9,45,2
87662,60,8,52,2
87663,55,6,49,2
87664,56,3,53,2
87665,55,13,42,2
87666,60,4,56,2
87667,54,7,47,2
87668,66,9,57,2
87669,65,6,59,2
87670,48,4,44,2
87671,50,5,45,2
87672,51,3,48,2
87673,62,4,58,2
87674,52,4,48,2
87675,45,8,37,2
87676,49,8,41,2
87677,44,4,40,2
87678,60,6,54,2
87679,62,9,53,2
87680,61,5,56,2
87681,49,6,43,2
87682,56,5,51,2
87683,55,7,48,2
87684,66,7,59,2
87685,62,8,54,2
87686,52,5,47,2
87687,54,4,50,2
87688,65,5,60,2
87689,67,9,58,2
87690,51,9,42,2
87691,47,6,41,2
87692,53,7,46,2
87693,47,5,42,2
87694,52,6,46,2
87695,54,9,45,2
87696,49,5,44,2
87697,56,6,50,2
87698,46,2,44,2
87699,53,5,48,2
87700,52,6,46,2
87701,61,12,49,2
87702,51,10,41,2
87703,43,7,36,2
87704,51,4,47,2
87705,57,8,49,2
87706,54,5,49,2
87707,54,6,48,2
87708,62,9,53,2
87709,46,5,41,2
87710,50,5,45,2
87711,59,4,55,2
87712,54,4,50,2
87713,46,2,44,2
87714,60,5,55,2
87715,51,13,38,2
87716,61,6,55,2
87717,49,5,44,2
87718,54,8,46,2
87719,63,11,52,2
87720,59,7,52,2
87721,58,12,46,2
87722,57,10,47,2
87723,57,7,50,2
87724,57,2,55,2
87725,48,6,42,2
87726,59,5,54,2
87727,55,7,48,2
87728,56,7,49,2
87729,42,8,34,2
87730,60,6,54,2
87731,50,5,45,2
87732,65,6,59,2
87733,52,5,47,2
87734,64,6,58,2
87735,51,4,47,2
87736,54,10,44,2
87737,53,8,45,2
87738,54,9,45,2
87739,56,3,53,2
87740,64,10,54,2
87741,65,14,51,2
87742,51,3,48,2
87743,51,5,46,2
87744,61,8,53,2
87745,47,7,40,2
87746,50,5,45,2
87747,48,2,46,2
87748,38,4,34,2
87749,45,7,38,2
87750,66,4,62,2
87751,42,4,38,2
87752,65,5,60,2
87753,59,11,48,2
87754,57,4,53,2
87755,51,2,49,2
87756,45,3,42,2
87757,51,5,46,2
87758,52,7,45,2
87759,56,8,48,2
87760,65,8,57,2
87761,51,9,42,2
87762,51,9,42,2
87763,60,6,54,2
87764,47,2,45,2
87765,57,5,52,2
87766,57,8,49,2
87767,51,4,47,2
87768,66,5,61,2
87769,55,6,49,2
87770,52,5,47,2
87771,55,4,51,2
87772,69,8,61,2
87773,50,9,41,2
87774,68,6,62,2
87775,54,5,49,2
87776,44,10,34,2
87777,43,5,38,2
87778,49,3,46,2
87779,66,11,55,2
87780,64,11,53,2
87781,67,17,50,2
87782,56,8,48,2
87783,54,5,49,2
87784,66,6,60,2
87785,63,7,56,2
87786,57,7,50,2
87787,53,7,46,2
87788,53,7,46,2
87789,52,11,41,2
87790,53,8,45,2
87791,44,2,42,2
87792,62,7,55,2
87793,45,7,38,2
87794,66,8,58,2
87795,53,10,43,2
87796,56,4,52,2
87797,54,10,44,2
87798,55,7,48,2
87799,57,5,52,2
87800,49,3,46,2
87801,51,9,42,2
87802,56,7,49,2
87803,54,7,47,2
87804,46,2,44,2
87805,55,8,47,2
87806,48,4,44,2
87807,57,5,52,2
87808,60,6,54,2
87809,55,6,49,2
87810,51,4,47,2
87811,57,5,52,2
87812,50,5,45,2
87813,57,6,51,2
87814,61,7,54,2
87815,56,8,48,2
87816,57,6,51,2
87817,45,7,38,2
87818,51,8,43,2
87819,50,8,42,2
87820,53,10,43,2
87821,52,7,45,2
87822,62,12,50,2
87823,53,5,48,2
87824,45,4,41,2
87825,49,2,47,2
87826,67,9,58,2
87827,63,10,53,2
87828,48,1,47,2
87829,55,7,48,2
87830,48,7,41,2
87831,59,7,52,2
87832,53,10,43,2
87833,60,6,54,2
87834,58,2,56,2
87835,61,7,54,2
87836,40,5,35,2
87837,64,4,60,2
87838,56,9,47,2
87839,58,6,52,2
87840,58,6,52,2
87841,58,8,50,2
87842,51,5,46,2
87843,50,8,42,2
87844,65,7,58,2
87846,65,7,58,2
87847,56,9,47,2
87848,50,11,39,2
87849,50,3,47,2
87850,50,7,43,2
87851,54,8,46,2
87852,44,5,39,2
87853,54,8,46,2
87854,51,3,48,2
87855,59,4,55,2
87856,56,7,49,2
87857,47,5,42,2
87858,63,12,51,2
87859,68,10,58,2
87860,63,10,53,2
87861,53,4,49,2
87862,46,6,40,2
87863,51,7,44,2
87864,58,11,47,2
87865,50,5,45,2
87866,64,6,58,2
87867,64,11,53,2
87868,53,10,43,2
87869,64,10,54,2
87870,62,2,60,2
87871,47,5,42,2
87872,55,4,51,2
87873,53,6,47,2
87874,59,7,52,2
87875,54,10,44,2
87876,52,5,47,2
87877,63,12,51,2
87878,66,8,58,2
87879,50,4,46,2
87880,47,2,45,2
87881,39,7,32,2
87882,61,14,47,2
87883,52,5,47,2
87884,57,11,46,2
87885,64,7,57,2
87886,45,7,38,2
87887,57,9,48,2
87888,54,5,49,2
87889,51,6,45,2
87890,74,12,62,2
87891,43,6,37,2
87892,44,4,40,2
87893,65,8,57,2
87894,54,7,47,2
87895,55,8,47,2
87896,53,5,48,2
87897,46,6,40,2
87898,52,6,46,2
87899,55,7,48,2
87900,60,7,53,2
87901,59,4,55,2
87902,57,10,47,2
87903,38,4,34,2
87904,67,8,59,2
87905,58,7,51,2
87906,52,9,43,2
87907,51,7,44,2
87908,62,6,56,2
87909,46,5,41,2
87910,51,9,42,2
87911,63,5,58,2
87912,47,5,42,2
87913,66,10,56,2
87914,58,10,48,2
87915,54,6,48,2
87916,65,5,60,2
87917,60,4,56,2
87918,52,4,48,2
87919,60,8,52,2
87920,59,7,52,2
87921,51,9,42,2
87922,55,5,50,2
87923,51,5,46,2
87924,59,4,55,2
87925,36,5,31,2
87926,55,6,49,2
87927,59,7,52,2
87928,53,6,47,2
87929,58,5,53,2
87930,46,4,42,2
87931,71,8,63,2
87932,46,3,43,2
87933,53,3,50,2
87934,58,7,51,2
87935,54,7,47,2
87936,45,4,41,2
87937,60,9,51,2
87938,62,8,54,2
87939,68,5,63,2
87940,55,3,52,2
87941,49,7,42,2
87942,50,5,45,2
87943,46,4,42,2
87944,37,4,33,2
87945,52,4,48,2
87946,58,7,51,2
87947,53,4,49,2
87948,50,7,43,2
87949,52,6,46,2
87950,52,4,48,2
87951,67,9,58,2
87952,45,6,39,2
87953,65,13,52,2
87954,72,7,65,2
87955,54,3,51,2
87956,45,6,39,2
87957,52,8,44,2
87958,48,6,42,2
87959,55,3,52,2
87960,42,5,37,2
87961,61,9,52,2
87962,67,5,62,2
87963,52,2,50,2
87964,65,8,57,2
87965,53,6,47,2
87966,45,9,36,2
87967,69,8,61,2
87968,47,4,43,2
87969,60,6,54,2
87970,60,7,53,2
87971,65,6,59,2
87972,61,11,50,2
87973,48,8,40,2
87974,64,8,56,2
87975,43,3,40,2
87976,43,6,37,2
87977,46,6,40,2
87978,49,6,43,2
87979,45,8,37,2
87980,42,7,35,2
87981,48,5,43,2
87982,56,12,44,2
87983,52,6,46,2
87984,66,9,57,2
87985,61,8,53,2
87986,53,7,46,2
87987,52,4,48,2
87988,54,8,46,2
87989,68,11,57,2
87990,58,8,50,2
87991,59,6,53,2
87992,48,6,42,2
87993,49,7,42,2
87994,52,8,44,2
87995,62,4,58,2
87996,47,3,44,2
87997,61,10,51,2
87998,58,7,51,2
87999,48,6,42,2
88000,40,4,36,2
88001,65,8,57,2
88002,51,3,48,2
88003,41,3,38,2
88004,52,6,46,2
88005,47,7,40,2
88006,59,6,53,2
88007,54,7,47,2
88008,65,5,60,2
88009,40,4,36,2
88010,68,7,61,2
88011,51,5,46,2
88012,53,8,45,2
88013,57,5,52,2
88014,61,11,50,2
88015,59,4,55,2
88016,61,6,55,2
88017,60,7,53,2
88018,43,3,40,2
88019,64,6,58,2
88020,47,4,43,2
88021,47,8,39,2
88022,50,5,45,2
88023,51,5,46,2
88024,49,2,47,2
88025,51,11,40,2
88026,46,7,39,2
88027,54,3,51,2
88028,59,7,52,2
88029,55,5,50,2
88030,47,3,44,2
88031,55,3,52,2
88032,64,11,53,2
88033,56,11,45,2
88034,72,8,64,2
88035,45,7,38,2
88036,43,2,41,2
88037,52,5,47,2
88038,54,3,51,2
88039,50,6,44,2
88040,56,9,47,2
88041,55,1,54,2
88042,55,2,53,2
88043,50,4,46,2
88044,49,5,44,2
88045,49,6,43,2
88046,48,5,43,2
88047,50,4,46,2
88048,60,9,51,2
88049,37,8,29,2
88050,48,4,44,2
88051,58,11,47,2
88052,48,5,43,2
88053,43,3,40,2
88054,47,9,38,2
88055,60,6,54,2
88056,53,0,53,1
88057,56,10,46,2
88058,41,8,33,2
88059,55,4,51,2
88060,54,6,48,2
88061,48,9,39,2
88062,45,3,42,2
88063,48,6,42,2
88064,51,8,43,2
88065,55,3,52,2
88066,48,4,44,2
88067,52,5,47,2
88068,67,10,57,2
88069,46,6,40,2
88070,67,8,59,2
88071,53,8,45,2
88072,37,2,35,2
88073,50,5,45,2
88074,48,3,45,2
88075,48,7,41,2
88076,56,9,47,2
88077,45,8,37,2
88078,50,4,46,2
88079,50,5,45,2
88080,52,6,46,2
88081,57,4,53,2
88082,58,9,49,2
88083,55,7,48,2
88084,48,7,41,2
88085,47,2,45,2
88086,72,6,66,2
88087,48,3,45,2
88088,50,6,44,2
88089,63,11,52,2
88090,53,6,47,2
88091,67,9,58,2
88092,61,9,52,2
88093,54,5,49,2
88094,55,6,49,2
88095,53,7,46,2
88096,49,7,42,2
88097,72,9,63,2
88098,57,6,51,2
88099,40,4,36,2
88100,53,5,48,2
88101,43,6,37,2
88102,51,6,45,2
88103,44,7,37,2
88104,70,10,60,2
88105,64,9,55,2
88106,57,6,51,2
88107,66,6,60,2
88108,56,6,50,2
88109,49,6,43,2
88110,46,2,44,2
88111,52,2,50,2
88112,65,8,57,2
88113,58,7,51,2
88114,60,12,48,2
88115,47,2,45,2
88116,50,3,47,2
88117,66,9,57,2
88118,60,6,54,2
88119,45,8,37,2
88120,55,7,48,2
88121,61,10,51,2
88122,53,9,44,2
88123,59,7,52,2
88124,52,7,45,2
88125,52,5,47,2
88126,54,10,44,2
88127,46,5,41,2
88128,63,4,59,2
88129,43,8,35,2
88130,60,5,55,2
88131,67,9,58,2
88132,62,7,55,2
88133,53,9,44,2
88134,53,5,48,2
88135,49,4,45,2
88136,52,7,45,2
88137,49,10,39,2
88138,57,10,47,2
88139,52,9,43,2
88140,56,7,49,2
88141,56,6,50,2
88142,54,14,40,2
88143,56,7,49,2
88144,56,1,55,2
88145,47,5,42,2
88146,53,3,50,2
88147,46,8,38,2
88148,53,7,46,2
88149,56,5,51,2
88150,60,4,56,2
88151,55,7,48,2
88152,61,7,54,2
88153,48,8,40,2
88154,52,5,47,2
88155,40,2,38,2
88156,54,4,50,2
88157,50,2,48,2
88158,60,3,57,2
88159,57,9,48,2
88160,50,6,44,2
88161,58,8,50,2
88162,51,5,46,2
88163,62,7,55,2
88164,51,5,46,2
88165,60,8,52,2
88166,56,7,49,2
88167,61,6,55,2
88168,56,1,55,2
88169,50,5,45,2
88170,58,2,56,2
88172,63,7,56,2
88173,43,8,35,2
88174,53,7,46,2
88175,57,4,53,2
88176,62,5,57,2
88177,71,9,62,2
88178,52,7,45,2
88179,57,8,49,2
88180,43,9,34,2
88181,55,6,49,2
88182,49,6,43,2
88183,42,3,39,2
88184,48,2,46,2
88185,59,10,49,2
88186,48,6,42,2
88187,51,4,47,2
88188,54,10,44,2
88189,47,5,42,2
88190,59,6,53,2
88191,47,4,43,2
88192,56,6,50,2
88193,64,9,55,2
88194,46,4,42,2
88195,57,11,46,2
88196,55,7,48,2
88197,43,3,40,2
88198,65,8,57,2
88199,49,5,44,2
88200,51,7,44,2
88201,47,4,43,2
88202,60,5,55,2
88203,59,6,53,2
88204,61,9,52,2
88205,48,8,40,2
88206,64,5,59,2
88207,46,6,40,2
88208,61,9,52,2
88209,59,7,52,2
88210,55,8,47,2
88211,46,5,41,2
88212,42,7,35,2
88213,56,6,50,2
88214,49,8,41,2
88215,57,8,49,2
88216,54,6,48,2
88217,46,6,40,2
88218,56,3,53,2
88219,64,8,56,2
88220,50,5,45,2
88221,53,9,44,2
88222,56,3,53,2
88223,49,10,39,2
88224,42,3,39,2
88225,56,2,54,2
88226,48,3,45,2
88227,56,8,48,2
88228,51,6,45,2
88229,62,4,58,2
88230,53,4,49,2
88231,44,4,40,2
88232,53,8,45,2
88233,61,6,55,2
88234,62,8,54,2
88235,56,6,50,2
88236,64,7,57,2
88237,66,10,56,2
88238,54,2,52,2
88239,52,10,42,2
88240,56,8,48,2
88241,49,4,45,2
88242,43,8,35,2
88243,54,7,47,2
88244,48,5,43,2
88245,53,6,47,2
88246,55,6,49,2
88247,50,4,46,2
88248,66,12,54,2
88249,55,8,47,2
88250,45,6,39,2
88251,56,10,46,2
88252,66,6,60,2
88253,60,6,54,2
88254,59,9,50,2
88255,53,10,43,2
88256,56,6,50,2
88257,51,6,45,2
88258,48,12,36,2
88259,58,12,46,2
88260,48,6,42,2
88261,60,7,53,2
88262,45,5,40,2
88263,53,7,46,2
88264,55,8,47,2
88265,56,2,54,2
88266,46,3,43,2
88267,65,5,60,2
88268,58,8,50,2
88269,51,4,47,2
88270,42,4,38,2
88271,67,10,57,2
88272,57,6,51,2
88273,54,2,52,2
88274,48,6,42,2
88275,58,5,53,2
88276,53,8,45,2
88277,50,3,47,2
88278,52,2,50,2
88279,58,7,51,2
88280,44,5,39,2
88281,53,3,50,2
88282,58,7,51,2
88283,51,7,44,2
88284,55,9,46,2
88285,61,9,52,2
88286,65,4,61,2
88287,57,2,55,2
88288,46,11,35,2
88289,53,2,51,2
88290,47,7,40,2
88291,67,11,56,2
88292,57,10,47,2
88293,55,8,47,2
88294,60,8,52,2
88295,33,4,29,2
88296,43,9,34,2
88297,55,4,51,2
88298,63,7,56,2
88299,65,9,56,2
88300,58,5,53,2
88301,54,6,48,2
88302,55,6,49,2
88303,64,5,59,2
88304,55,8,47,2
88305,71,5,66,2
88306,58,11,47,2
88307,63,6,57,2
88308,58,6,52,2
88309,55,5,50,2
88310,49,6,43,2
88311,45,4,41,2
88312,56,2,54,2
88313,51,4,47,2
88314,55,11,44,2
88315,50,11,39,2
88316,62,3,59,2
88317,54,7,47,2
88318,47,3,44,2
88319,63,5,58,2
88320,57,12,45,2
88321,60,8,52,2
88322,67,11,56,2
88323,52,7,45,2
88324,56,6,50,2
88325,62,8,54,2
88326,42,5,37,2
88327,53,6,47,2
88328,52,6,46,2
88329,66,8,58,2
88330,64,6,58,2
88331,61,8,53,2
88332,51,9,42,2
88333,65,4,61,2
88334,60,8,52,2
88335,58,8,50,2
88336,54,9,45,2
88337,54,9,45,2
88338,60,5,55,2
88339,56,15,41,2
88340,54,11,43,2
88341,51,12,39,2
88342,44,7,37,2
88343,45,5,40,2
88344,58,4,54,2
88345,60,1,59,2
88346,61,8,53,2
88347,62,6,56,2
88348,57,8,49,2
88349,48,6,42,2
88350,57,7,50,2
88351,63,8,55,2
88352,67,10,57,2
88353,52,3,49,2
88354,47,4,43,2
88355,63,4,59,2
88356,57,7,50,2
88357,61,7,54,2
88358,63,6,57,2
88359,66,8,58,2
88360,58,7,51,2
88361,61,9,52,2
88362,52,2,50,2
88363,43,1,42,2
88364,48,7,41,2
88365,51,8,43,2
88366,66,5,61,2
88367,50,6,44,2
88368,57,4,53,2
88369,51,4,47,2
88370,61,7,54,2
88371,50,7,43,2
88372,58,6,52,2
88373,54,7,47,2
88374,59,9,50,2
88375,55,5,50,2
88376,41,4,37,2
88377,54,8,46,2
88378,58,6,52,2
88379,59,6,53,2
88380,67,15,52,2
88381,60,5,55,2
88382,65,10,55,2
88383,64,4,60,2
88384,48,4,44,2
88385,63,10,53,2
88386,51,2,49,2
88387,65,6,59,2
88388,64,8,56,2
88389,66,3,63,2
88390,55,7,48,2
88391,54,11,43,2
88392,54,7,47,2
88393,61,7,54,2
88394,50,3,47,2
88395,63,12,51,2
88396,61,12,49,2
88397,66,6,60,2
88398,58,7,51,2
88399,52,5,47,2
88400,54,6,48,2
88401,45,7,38,2
88402,57,7,50,2
88403,46,3,43,2
88404,53,11,42,2
88405,42,10,32,2
88406,47,6,41,2
88407,53,10,43,2
88408,40,5,35,2
88409,54,5,49,2
88410,46,3,43,2
88411,53,9,44,2
88412,49,9,40,2
88413,56,10,46,2
88414,55,6,49,2
88415,58,8,50,2
88416,50,7,43,2
88417,53,7,46,2
88418,55,5,50,2
88419,61,7,54,2
88420,42,5,37,2
88421,50,6,44,2
88422,52,5,47,2
88423,56,8,48,2
88424,52,8,44,2
88425,70,12,58,2
88426,53,10,43,2
88427,46,4,42,2
88428,71,11,60,2
88429,53,12,41,2
88430,55,7,48,2
88431,62,5,57,2
88432,68,8,60,2
88433,45,4,41,2
88434,55,3,52,2
88435,44,4,40,2
88436,53,8,45,2
88437,54,2,52,2
88438,57,6,51,2
88439,50,6,44,2
88440,53,9,44,2
88441,57,11,46,2
88442,48,4,44,2
88443,57,6,51,2
88444,63,6,57,2
88445,50,9,41,2
88446,66,8,58,2
88447,66,12,54,2
88448,55,9,46,2
88449,61,4,57,2
88450,48,8,40,2
88451,51,2,49,2
88452,55,4,51,2
88453,58,6,52,2
88454,61,6,55,2
88455,54,7,47,2
88456,50,2,48,2
88457,54,10,44,2
88458,46,2,44,2
88459,56,6,50,2
88460,48,8,40,2
88461,57,9,48,2
88462,51,11,40,2
88463,49,2,47,2
88464,47,5,42,2
88465,46,3,43,2
88466,54,6,48,2
88467,46,8,38,2
88468,51,6,45,2
88469,54,5,49,2
88470,52,9,43,2
88471,55,4,51,2
88472,59,11,48,2
88473,59,6,53,2
88474,57,7,50,2
88475,65,11,54,2
88476,66,10,56,2
88477,50,9,41,2
88478,47,6,41,2
88479,53,8,45,2
88480,51,10,41,2
88481,62,10,52,2
88482,67,4,63,2
88483,61,4,57,2
88484,41,4,37,2
88485,45,7,38,2
88486,55,9,46,2
88487,65,3,62,2
88488,42,1,41,2
88489,45,6,39,2
88490,54,6,48,2
88491,53,5,48,2
88492,52,5,47,2
88493,75,6,69,2
88494,35,5,30,2
88495,55,7,48,2
88496,49,8,41,2
88497,52,6,46,2
88498,54,6,48,2
88499,47,8,39,2
88500,44,4,40,2
88501,60,8,52,2
88502,65,7,58,2
88503,48,7,41,2
88504,44,7,37,2
88505,53,5,48,2
88506,41,5,36,2
88507,55,8,47,2
88508,62,5,57,2
88509,45,6,39,2
88510,49,5,44,2
88511,54,4,50,2
88512,47,11,36,2
88513,57,5,52,2
88514,65,5,60,2
88515,61,11,50,2
88516,62,9,53,2
88517,53,5,48,2
88518,60,11,49,2
88519,53,4,49,2
88520,54,9,45,2
88521,54,5,49,2
88522,45,3,42,2
88523,53,12,41,2
88524,33,4,29,2
88525,68,4,64,2
88526,58,7,51,2
88527,51,6,45,2
88528,50,9,41,2
88529,62,8,54,2
88530,59,4,55,2
88531,53,7,46,2
88532,49,4,45,2
88533,48,7,41,2
88534,63,10,53,2
88535,50,5,45,2
88536,53,2,51,2
88537,46,4,42,2
88538,48,3,45,2
88539,57,4,53,2
88540,56,6,50,2
88541,47,5,42,2
88542,57,7,50,2
88543,58,2,56,2
88544,46,4,42,2
88545,50,6,44,2
88546,60,9,51,2
88547,58,6,52,2
88548,41,4,37,2
88549,47,5,42,2
88550,54,5,49,2
88551,52,8,44,2
88552,57,8,49,2
88553,58,7,51,2
88554,47,7,40,2
88555,65,11,54,2
88556,42,10,32,2
88557,55,8,47,2
88558,60,4,56,2
88559,51,8,43,2
88560,50,7,43,2
88561,53,9,44,2
88562,47,9,38,2
88563,67,14,53,2
88564,54,2,52,2
88565,52,6,46,2
88566,55,5,50,2
88567,40,5,35,2
88568,56,4,52,2
88569,39,7,32,2
88570,65,9,56,2
88571,65,6,59,2
88572,45,7,38,2
88573,57,3,54,2
88574,59,3,56,2
88575,57,8,49,2
88576,55,11,44,2
88577,68,10,58,2
88578,48,3,45,2
88579,52,6,46,2
88580,69,9,60,2
88581,58,5,53,2
88582,46,0,46,1
88583,60,10,50,2
88584,46,4,42,2
88585,53,7,46,2
88586,48,5,43,2
88587,59,6,53,2
88588,52,6,46,2
88589,62,8,54,2
88590,59,10,49,2
88591,59,4,55,2
88592,49,6,43,2
88593,44,5,39,2
88594,50,5,45,2
88595,56,7,49,2
88596,51,2,49,2
88597,61,5,56,2
88598,57,5,52,2
88599,48,6,42,2
88600,59,10,49,2
88601,63,12,51,2
88602,65,9,56,2
88603,50,3,47,2
88604,51,10,41,2
88605,51,3,48,2
88606,40,3,37,2
88607,60,9,51,2
88608,56,9,47,2
88609,50,9,41,2
88610,55,6,49,2
88611,50,4,46,2
88612,64,4,60,2
88613,74,8,66,2
88614,53,5,48,2
88615,72,4,68,2
88616,60,7,53,2
88617,54,8,46,2
88618,64,11,53,2
88619,66,8,58,2
88620,48,14,34,2
88621,74,8,66,2
88622,75,7,68,2
88623,56,5,51,2
88624,46,5,41,2
88625,66,6,60,2
88626,48,5,43,2
88627,52,8,44,2
88628,34,3,31,2
88629,61,10,51,2
88630,54,8,46,2
88631,46,9,37,2
88632,49,5,44,2
88633,58,7,51,2
88634,47,5,42,2
88635,48,7,41,2
88636,51,8,43,2
88637,52,6,46,2
88638,64,7,57,2
88639,49,5,44,2
88640,81,9,72,2
88641,64,12,52,2
88642,67,9,58,2
88643,57,5,52,2
88644,47,3,44,2
88645,50,6,44,2
88647,64,12,52,2
88648,54,5,49,2
88649,49,3,46,2
88650,55,10,45,2
88651,57,6,51,2
88652,60,9,51,2
88653,54,5,49,2
88654,62,10,52,2
88655,60,6,54,2
88656,53,5,48,2
88657,47,7,40,2
88658,56,5,51,2
88659,60,9,51,2
88660,53,6,47,2
88661,55,4,51,2
88662,52,6,46,2
88663,60,9,51,2
88664,58,8,50,2
88665,53,5,48,2
88666,50,9,41,2
88667,59,7,52,2
88668,65,8,57,2
88669,48,2,46,2
88670,65,2,63,2
88671,48,5,43,2
88672,64,6,58,2
88673,60,7,53,2
88674,47,4,43,2
88675,54,2,52,2
88676,59,7,52,2
88677,55,8,47,2
88678,65,6,59,2
88679,51,10,41,2
88680,57,5,52,2
88681,38,7,31,2
88682,67,8,59,2
88683,59,6,53,2
88684,54,9,45,2
88685,63,10,53,2
88686,46,6,40,2
88687,62,9,53,2
88688,57,6,51,2
88689,47,6,41,2
88690,52,9,43,2
88691,58,6,52,2
88692,49,6,43,2
88693,66,7,59,2
88694,51,6,45,2
88695,50,6,44,2
88696,58,5,53,2
88697,45,9,36,2
88698,55,9,46,2
88699,60,11,49,2
88700,56,13,43,2
88701,51,8,43,2
88702,49,3,46,2
88703,40,6,34,2
88704,47,3,44,2
88705,48,2,46,2
88706,53,8,45,2
88707,53,11,42,2
88708,52,9,43,2
88709,71,10,61,2
88710,58,12,46,2
88711,46,6,40,2
88712,54,7,47,2
88713,56,5,51,2
88714,51,6,45,2
88715,56,6,50,2
88716,50,3,47,2
88717,62,6,56,2
88718,46,6,40,2
88719,58,8,50,2
88720,53,3,50,2
88721,54,5,49,2
88722,75,7,68,2
88723,48,5,43,2
88724,51,6,45,2
88725,57,7,50,2
88726,59,8,51,2
88727,44,7,37,2
88728,56,8,48,2
88729,59,7,52,2
88730,61,5,56,2
88731,54,6,48,2
88732,57,4,53,2
88733,46,7,39,2
88734,51,8,43,2
88735,47,3,44,2
88736,53,10,43,2
88737,43,5,38,2
88738,59,8,51,2
88739,43,6,37,2
88741,42,5,37,2
88742,53,8,45,2
88743,65,4,61,2
88744,45,7,38,2
88745,37,6,31,2
88746,54,7,47,2
88747,50,3,47,2
88748,52,4,48,2
88749,59,8,51,2
88750,69,13,56,2
88751,46,2,44,2
88752,57,5,52,2
88753,50,8,42,2
88754,58,10,48,2
88755,46,6,40,2
88756,46,8,38,2
88757,53,4,49,2
88758,51,8,43,2
88759,62,5,57,2
88760,49,1,48,2
88761,54,9,45,2
88762,47,6,41,2
88763,35,5,30,2
88764,36,3,33,2
88765,58,7,51,2
88766,52,2,50,2
88767,54,3,51,2
88768,51,3,48,2
88769,41,4,37,2
88770,47,9,38,2
88771,49,7,42,2
88772,43,8,35,2
88773,37,2,35,2
88774,62,7,55,2
88775,55,9,46,2
88776,49,6,43,2
88777,55,5,50,2
88778,59,12,47,2
88779,48,7,41,2
88780,52,2,50,2
88781,62,12,50,2
88782,56,9,47,2
88783,48,7,41,2
88784,65,7,58,2
88785,58,8,50,2
88786,53,7,46,2
88787,53,8,45,2
88788,59,8,51,2
88789,60,9,51,2
88790,52,7,45,2
88791,36,3,33,2
88792,55,3,52,2
88793,39,6,33,2
88794,63,10,53,2
88795,51,7,44,2
88796,59,7,52,2
88797,46,4,42,2
88798,57,9,48,2
88799,59,9,50,2
88800,62,12,50,2
88801,40,2,38,2
88802,60,8,52,2
88803,57,7,50,2
88804,54,2,52,2
88805,60,9,51,2
88806,62,3,59,2
88807,58,7,51,2
88808,44,5,39,2
88809,67,6,61,2
88810,44,4,40,2
88811,46,3,43,2
88812,43,3,40,2
88813,56,5,51,2
88814,53,6,47,2
88815,50,10,40,2
88816,37,4,33,2
88817,65,5,60,2
88818,68,6,62,2
88819,46,3,43,2
88820,59,5,54,2
88821,53,4,49,2
88822,43,3,40,2
88823,46,4,42,2
88824,61,5,56,2
88825,43,3,40,2
88826,48,3,45,2
88827,59,7,52,2
88828,57,5,52,2
88829,56,5,51,2
88830,56,4,52,2
88831,52,4,48,2
88832,60,4,56,2
88833,55,3,52,2
88834,58,9,49,2
88835,57,7,50,2
88836,65,9,56,2
88837,63,6,57,2
88838,61,2,59,2
88839,55,4,51,2
88840,52,5,47,2
88841,59,9,50,2
88842,61,10,51,2
88843,44,8,36,2
88844,63,5,58,2
88845,48,8,40,2
88846,49,5,44,2
88847,46,4,42,2
88848,50,4,46,2
88849,52,3,49,2
88850,55,5,50,2
88851,50,11,39,2
88852,58,6,52,2
88853,58,10,48,2
88854,52,8,44,2
88855,49,6,43,2
88856,56,6,50,2
88857,63,7,56,2
88858,54,3,51,2
88859,40,5,35,2
88860,57,8,49,2
88861,53,6,47,2
88862,64,4,60,2
88863,73,13,60,2
88864,56,6,50,2
88865,57,5,52,2
88866,59,11,48,2
88867,43,6,37,2
88868,43,2,41,2
88869,39,2,37,2
88870,53,6,47,2
88871,64,8,56,2
88872,46,6,40,2
88873,63,7,56,2
88874,48,5,43,2
88875,61,5,56,2
88876,58,4,54,2
88877,40,4,36,2
88878,48,5,43,2
88879,69,14,55,2
88880,36,5,31,2
88881,64,7,57,2
88882,46,4,42,2
88883,51,5,46,2
88884,42,8,34,2
88885,59,11,48,2
88886,63,11,52,2
88887,47,6,41,2
88888,58,11,47,2
88889,54,7,47,2
88890,50,5,45,2
88891,47,8,39,2
88892,43,1,42,2
88893,61,8,53,2
88894,53,3,50,2
88895,47,5,42,2
88896,51,10,41,2
88897,50,5,45,2
88898,64,7,57,2
88899,73,11,62,2
88900,65,13,52,2
88901,55,4,51,2
88902,63,11,52,2
88903,55,10,45,2
88904,57,11,46,2
88905,57,4,53,2
88906,47,4,43,2
88907,67,6,61,2
88908,49,6,43,2
88909,55,10,45,2
88910,69,11,58,2
88911,57,13,44,2
88912,63,15,48,2
88913,54,4,50,2
88914,47,8,39,2
88915,42,5,37,2
88916,55,5,50,2
88917,55,11,44,2
88918,59,6,53,2
88919,57,7,50,2
88920,50,2,48,2
88921,52,6,46,2
88922,48,6,42,2
88923,51,6,45,2
88924,64,9,55,2
88925,61,10,51,2
88926,54,7,47,2
88927,62,11,51,2
88928,49,4,45,2
88929,54,5,49,2
88930,61,4,57,2
88931,39,3,36,2
88932,58,3,55,2
88933,52,5,47,2
88934,60,8,52,2
88935,49,7,42,2
88936,57,10,47,2
88937,54,10,44,2
88938,44,6,38,2
88939,50,1,49,2
88940,51,9,42,2
88941,59,7,52,2
88942,52,6,46,2
88943,46,2,44,2
88944,59,7,52,2
88945,49,5,44,2
88946,53,4,49,2
88947,53,5,48,2
88948,63,6,57,2
88949,56,9,47,2
88950,47,6,41,2
88951,58,3,55,2
88952,45,9,36,2
88953,56,4,52,2
88954,64,7,57,2
88955,56,9,47,2
88956,52,7,45,2
88957,60,7,53,2
88958,52,8,44,2
88959,53,7,46,2
88960,64,8,56,2
88961,46,5,41,2
88962,51,10,41,2
88963,57,4,53,2
88964,53,1,52,2
88965,44,3,41,2
88966,50,8,42,2
88967,32,4,28,2
88968,41,11,30,2
88969,51,6,45,2
88970,49,4,45,2
88971,64,11,53,2
88972,62,8,54,2
88973,52,8,44,2
88974,50,8,42,2
88975,45,6,39,2
88976,52,8,44,2
88977,58,7,51,2
88978,68,4,64,2
88979,56,8,48,2
88980,57,6,51,2
88981,55,11,44,2
88982,50,8,42,2
88983,55,6,49,2
88984,51,7,44,2
88985,47,9,38,2
88986,58,6,52,2
88987,59,6,53,2
88988,53,8,45,2
88989,53,6,47,2
88990,42,10,32,2
88991,60,4,56,2
88992,59,2,57,2
88993,53,6,47,2
88994,71,8,63,2
88995,48,4,44,2
88996,50,9,41,2
88997,52,6,46,2
88998,54,7,47,2
88999,58,2,56,2
89000,64,8,56,2
89001,55,6,49,2
89002,39,10,29,2
89003,55,8,47,2
89004,58,10,48,2
89005,58,9,49,2
89006,56,4,52,2
89007,53,8,45,2
89008,44,4,40,2
89009,59,8,51,2
89011,49,6,43,2
89012,49,7,42,2
89013,38,4,34,2
89014,57,5,52,2
89015,54,5,49,2
89016,54,6,48,2
89017,59,13,46,2
89018,66,6,60,2
89019,41,2,39,2
89020,49,4,45,2
89021,52,5,47,2
89022,48,5,43,2
89023,48,9,39,2
89024,49,7,42,2
89025,62,5,57,2
89027,47,5,42,2
89028,66,13,53,2
89029,50,11,39,2
89030,44,5,39,2
89031,37,7,30,2
89032,51,9,42,2
89033,66,8,58,2
89034,57,6,51,2
89035,50,4,46,2
89036,41,10,31,2
89037,42,4,38,2
89038,55,9,46,2
89039,62,11,51,2
89040,52,11,41,2
89041,57,6,51,2
89042,54,8,46,2
89043,43,2,41,2
89044,47,5,42,2
89045,58,4,54,2
89046,54,7,47,2
89047,58,10,48,2
89048,44,5,39,2
89049,60,10,50,2
89050,47,3,44,2
89051,47,4,43,2
89052,55,7,48,2
89053,63,7,56,2
89054,64,10,54,2
89055,58,7,51,2
89056,51,8,43,2
89057,65,8,57,2
89058,47,4,43,2
89059,58,6,52,2
89060,56,5,51,2
89061,51,3,48,2
89062,50,5,45,2
89063,56,5,51,2
89064,70,8,62,2
89065,54,5,49,2
89066,60,7,53,2
89067,48,8,40,2
89068,57,13,44,2
89069,38,0,38,1
89070,46,5,41,2
89071,56,5,51,2
89072,48,4,44,2
89073,42,4,38,2
89074,59,10,49,2
89075,56,7,49,2
89076,63,9,54,2
89077,51,9,42,2
89078,61,6,55,2
89079,55,7,48,2
89080,61,10,51,2
89081,54,6,48,2
89082,57,15,42,2
89083,49,9,40,2
89084,52,5,47,2
89085,55,6,49,2
89086,67,8,59,2
89087,57,5,52,2
89088,59,7,52,2
89089,56,11,45,2
89090,51,6,45,2
89091,60,9,51,2
89092,68,5,63,2
89093,55,4,51,2
89094,63,9,54,2
89095,65,12,53,2
89096,60,10,50,2
89097,56,6,50,2
89098,68,7,61,2
89099,54,8,46,2
89100,56,9,47,2
89101,54,5,49,2
89102,55,7,48,2
89103,51,10,41,2
89104,46,10,36,2
89105,51,4,47,2
89106,68,10,58,2
89107,58,3,55,2
89108,51,6,45,2
89109,49,6,43,2
89110,51,5,46,2
89111,42,7,35,2
89112,64,7,57,2
89113,59,5,54,2
89114,52,2,50,2
89115,51,7,44,2
89116,63,6,57,2
89117,50,5,45,2
89118,53,4,49,2
89119,49,12,37,2
89120,59,4,55,2
89121,51,5,46,2
89122,46,10,36,2
89123,55,10,45,2
89124,62,10,52,2
89125,55,5,50,2
89126,49,6,43,2
89127,55,8,47,2
89128,54,5,49,2
89129,48,3,45,2
89130,55,2,53,2
89131,51,3,48,2
89132,58,5,53,2
89133,45,4,41,2
89134,43,7,36,2
89135,60,1,59,2
89136,63,2,61,2
89137,50,6,44,2
89138,55,8,47,2
89139,65,9,56,2
89140,61,8,53,2
89141,44,1,43,2
89142,51,6,45,2
89143,36,1,35,2
89144,47,8,39,2
89145,68,5,63,2
89146,61,7,54,2
89147,51,8,43,2
89148,48,1,47,2
89149,49,6,43,2
89150,57,7,50,2
89151,50,3,47,2
89152,48,7,41,2
89153,42,6,36,2
89154,42,4,38,2
89155,46,4,42,2
89156,52,7,45,2
89157,45,4,41,2
89158,56,7,49,2
89159,57,1,56,2
89160,41,8,33,2
89161,68,7,61,2
89162,53,8,45,2
89163,61,11,50,2
89164,50,1,49,2
89165,44,5,39,2
89166,67,9,58,2
89167,44,5,39,2
89168,57,12,45,2
89169,41,7,34,2
89170,56,7,49,2
89171,53,7,46,2
89172,61,12,49,2
89173,61,3,58,2
89174,56,7,49,2
89175,68,8,60,2
89176,60,8,52,2
89177,64,12,52,2
89178,48,4,44,2
89179,49,6,43,2
89180,57,8,49,2
89181,63,7,56,2
89182,65,9,56,2
89183,54,4,50,2
89184,55,7,48,2
89185,47,9,38,2
89186,69,3,66,2
89187,52,6,46,2
89188,72,9,63,2
89189,64,9,55,2
89190,52,9,43,2
89191,46,6,40,2
89192,51,3,48,2
89193,58,5,53,2
89194,42,3,39,2
89195,49,5,44,2
89196,52,4,48,2
89197,56,4,52,2
89198,56,10,46,2
89199,69,10,59,2
89200,46,4,42,2
89201,56,4,52,2
89202,49,5,44,2
89203,63,7,56,2
89204,55,3,52,2
89205,55,6,49,2
89206,58,3,55,2
89207,52,8,44,2
89208,54,7,47,2
89209,46,5,41,2
89210,49,6,43,2
89211,50,3,47,2
89212,56,12,44,2
89213,66,4,62,2
89214,47,3,44,2
89215,58,5,53,2
89216,55,11,44,2
89217,51,6,45,2
89218,33,5,28,2
89219,49,8,41,2
89220,55,5,50,2
89221,65,8,57,2
89222,63,12,51,2
89223,49,3,46,2
89224,66,6,60,2
89225,52,10,42,2
89226,61,8,53,2
89227,57,9,48,2
89228,59,12,47,2
89229,56,3,53,2
89230,64,6,58,2
89231,45,4,41,2
89232,52,6,46,2
89233,58,4,54,2
89234,46,5,41,2
89235,56,5,51,2
89236,53,2,51,2
89237,56,8,48,2
89238,57,6,51,2
89239,50,11,39,2
89240,58,10,48,2
89241,53,8,45,2
89242,70,5,65,2
89243,65,8,57,2
89244,50,4,46,2
89245,53,8,45,2
89246,56,11,45,2
89247,62,9,53,2
89248,53,6,47,2
89249,65,2,63,2
89250,55,7,48,2
89251,41,3,38,2
89252,55,9,46,2
89253,56,11,45,2
89254,52,5,47,2
89255,64,5,59,2
89256,64,8,56,2
89257,43,2,41,2
89258,50,4,46,2
89259,51,7,44,2
89260,53,7,46,2
89261,55,10,45,2
89262,49,4,45,2
89263,60,11,49,2
89264,47,5,42,2
89265,55,2,53,2
89266,58,6,52,2
89267,57,8,49,2
89268,59,7,52,2
89269,55,4,51,2
89270,38,8,30,2
89271,55,6,49,2
89272,54,7,47,2
89273,56,7,49,2
89274,51,10,41,2
89275,41,7,34,2
89276,59,8,51,2
89277,64,9,55,2
89278,61,7,54,2
89279,69,4,65,2
89280,45,3,42,2
89281,60,8,52,2
89282,45,5,40,2
89283,46,4,42,2
89284,73,12,61,2
89285,54,7,47,2
89286,49,4,45,2
89287,54,8,46,2
89288,64,8,56,2
89289,36,3,33,2
89290,53,5,48,2
89291,59,5,54,2
89292,51,9,42,2
89293,66,3,63,2
89294,58,8,50,2
89295,65,7,58,2
89296,52,5,47,2
89297,53,5,48,2
89298,48,5,43,2
89299,47,10,37,2
89300,66,9,57,2
89301,45,4,41,2
89302,54,7,47,2
89303,53,6,47,2
89304,65,11,54,2
89305,73,15,58,2
89306,50,5,45,2
89307,48,5,43,2
89308,60,6,54,2
89309,57,1,56,2
89310,55,9,46,2
89311,58,9,49,2
89312,44,4,40,2
89313,45,5,40,2
89314,66,8,58,2
89315,48,5,43,2
89316,55,3,52,2
89317,41,5,36,2
89318,48,5,43,2
89319,54,13,41,2
89320,48,5,43,2
89321,46,4,42,2
89322,49,8,41,2
89323,54,4,50,2
89324,51,6,45,2
89325,50,7,43,2
89326,43,5,38,2
89327,55,11,44,2
89328,50,12,38,2
89329,69,10,59,2
89330,50,4,46,2
89331,50,4,46,2
89332,42,5,37,2
89333,41,2,39,2
89334,60,6,54,2
89335,57,12,45,2
89336,46,5,41,2
89337,61,10,51,2
89338,48,7,41,2
89339,49,2,47,2
89340,52,5,47,2
89341,55,6,49,2
89342,50,6,44,2
89343,53,7,46,2
89344,46,7,39,2
89345,49,10,39,2
89346,47,6,41,2
89347,55,6,49,2
89348,54,7,47,2
89349,56,7,49,2
89350,52,10,42,2
89351,49,7,42,2
89352,51,10,41,2
89353,64,9,55,2
89354,41,4,37,2
89355,58,7,51,2
89356,53,3,50,2
89357,68,4,64,2
89358,59,5,54,2
89359,70,10,60,2
89360,53,3,50,2
89361,70,11,59,2
89362,61,5,56,2
89363,66,6,60,2
89364,58,5,53,2
89365,38,5,33,2
89366,67,7,60,2
89367,58,3,55,2
89368,55,4,51,2
89369,66,9,57,2
89370,58,4,54,2
89371,66,3,63,2
89372,61,3,58,2
89373,55,11,44,2
89374,54,9,45,2
89375,64,3,61,2
89376,52,7,45,2
89377,54,6,48,2
89378,70,7,63,2
89379,59,12,47,2
89380,58,11,47,2
89381,61,6,55,2
89382,53,3,50,2
89383,60,13,47,2
89384,37,4,33,2
89385,57,4,53,2
89386,50,6,44,2
89387,55,10,45,2
89388,76,8,68,2
89389,59,2,57,2
89390,62,9,53,2
89391,65,9,56,2
89392,43,9,34,2
89393,57,7,50,2
89394,76,10,66,2
89395,55,8,47,2
89396,56,4,52,2
89397,60,9,51,2
89398,61,6,55,2
89399,53,3,50,2
89400,57,8,49,2
89401,71,7,64,2
89402,59,5,54,2
89403,46,8,38,2
89404,62,5,57,2
89405,53,7,46,2
89406,61,11,50,2
89407,54,3,51,2
89408,53,7,46,2
89409,48,2,46,2
89410,57,7,50,2
89411,56,5,51,2
89412,50,9,41,2
89413,45,8,37,2
89414,42,6,36,2
89415,52,8,44,2
89416,56,5,51,2
89417,56,7,49,2
89418,74,9,65,2
89419,49,4,45,2
89420,59,4,55,2
89421,43,2,41,2
89422,61,7,54,2
89423,62,10,52,2
89424,62,9,53,2
89425,52,5,47,2
89426,58,9,49,2
89427,61,7,54,2
89428,50,5,45,2
89429,62,4,58,2
89430,46,3,43,2
89431,48,8,40,2
89432,54,4,50,2
89433,68,8,60,2
89434,45,8,37,2
89435,64,6,58,2
89436,51,4,47,2
89437,62,4,58,2
89438,54,7,47,2
89439,56,5,51,2
89440,58,7,51,2
89441,52,5,47,2
89442,55,6,49,2
89443,54,10,44,2
89444,45,4,41,2
89445,50,6,44,2
89446,65,8,57,2
89447,52,10,42,2
89448,66,15,51,2
89449,58,4,54,2
89450,55,9,46,2
89451,59,4,55,2
89452,55,7,48,2
89453,52,6,46,2
89454,56,5,51,2
89455,50,5,45,2
89456,43,7,36,2
89457,57,8,49,2
89458,61,6,55,2
89459,42,4,38,2
89460,50,7,43,2
89461,47,8,39,2
89462,48,3,45,2
89463,49,7,42,2
89464,59,6,53,2
89465,47,5,42,2
89466,61,4,57,2
89467,64,10,54,2
89468,61,11,50,2
89469,57,7,50,2
89470,49,6,43,2
89471,45,5,40,2
89472,60,13,47,2
89473,48,4,44,2
89474,61,6,55,2
89475,60,9,51,2
89476,42,7,35,2
89477,48,5,43,2
89478,63,7,56,2
89479,55,7,48,2
89480,55,4,51,2
89481,57,6,51,2
89482,54,10,44,2
89483,51,6,45,2
89484,72,2,70,2
89485,60,7,53,2
89486,56,9,47,2
89487,55,10,45,2
89488,57,5,52,2
89489,44,7,37,2
89490,52,6,46,2
89491,49,5,44,2
89492,55,7,48,2
89493,50,6,44,2
89494,52,6,46,2
89495,40,5,35,2
89496,48,6,42,2
89497,54,8,46,2
89498,49,9,40,2
89499,51,7,44,2
89500,61,11,50,2
89501,52,4,48,2
89502,60,5,55,2
89503,48,3,45,2
89504,63,8,55,2
89505,56,3,53,2
89506,51,9,42,2
89507,54,5,49,2
89508,55,8,47,2
89509,54,7,47,2
89510,50,8,42,2
89511,64,8,56,2
89512,47,4,43,2
89513,57,12,45,2
89514,60,11,49,2
89515,54,9,45,2
89516,41,5,36,2
89517,65,6,59,2
89518,55,6,49,2
89519,54,5,49,2
89520,73,10,63,2
89521,55,11,44,2
89522,56,8,48,2
89523,51,7,44,2
89524,51,6,45,2
89525,65,4,61,2
89526,64,6,58,2
89527,57,9,48,2
89528,59,7,52,2
89529,52,6,46,2
89530,48,6,42,2
89531,45,9,36,2
89532,44,4,40,2
89533,48,6,42,2
89534,49,7,42,2
89535,53,7,46,2
89536,50,10,40,2
89537,58,5,53,2
89538,45,5,40,2
89539,47,7,40,2
89540,56,10,46,2
89541,60,5,55,2
89542,59,7,52,2
89543,50,6,44,2
89544,55,9,46,2
89545,57,7,50,2
89546,54,10,44,2
89547,66,10,56,2
89548,50,5,45,2
89549,55,12,43,2
89550,41,5,36,2
89551,45,9,36,2
89552,56,9,47,2
89553,57,7,50,2
89554,45,9,36,2
89555,63,5,58,2
89556,57,7,50,2
89557,56,3,53,2
89558,60,7,53,2
89559,68,8,60,2
89560,63,3,60,2
89561,49,7,42,2
89562,65,6,59,2
89563,55,8,47,2
89564,52,4,48,2
89565,53,4,49,2
89566,50,10,40,2
89567,59,4,55,2
89568,65,8,57,2
89569,62,11,51,2
89570,50,7,43,2
89571,47,6,41,2
89572,44,8,36,2
89573,64,7,57,2
89574,48,4,44,2
89575,48,7,41,2
89576,56,4,52,2
89577,55,10,45,2
89578,66,11,55,2
89579,55,4,51,2
89580,51,2,49,2
89581,52,4,48,2
89582,48,5,43,2
89583,65,11,54,2
89584,58,8,50,2
89585,61,11,50,2
89586,50,3,47,2
89587,48,3,45,2
89588,55,7,48,2
89589,50,6,44,2
89590,44,1,43,2
89591,57,6,51,2
89592,56,10,46,2
89593,55,13,42,2
89594,46,6,40,2
89595,40,4,36,2
89596,53,9,44,2
89597,62,10,52,2
89598,56,11,45,2
89599,63,5,58,2
89600,54,5,49,2
89601,70,9,61,2
89602,56,7,49,2
89603,64,8,56,2
89604,60,3,57,2
89605,55,6,49,2
89606,51,8,43,2
89607,45,4,41,2
89608,59,4,55,2
89609,45,6,39,2
89610,50,12,38,2
89611,40,5,35,2
89612,49,4,45,2
89613,47,2,45,2
89614,50,8,42,2
89615,53,8,45,2
89616,50,6,44,2
89617,51,9,42,2
89618,61,5,56,2
89619,59,4,55,2
89620,57,5,52,2
89621,69,11,58,2
89622,59,8,51,2
89623,64,7,57,2
89624,52,8,44,2
89625,45,3,42,2
89626,54,7,47,2
89627,55,7,48,2
89628,56,6,50,2
89629,47,5,42,2
89630,48,7,41,2
89631,54,7,47,2
89632,51,6,45,2
89633,49,6,43,2
89634,58,7,51,2
89635,49,5,44,2
89636,46,8,38,2
89637,42,4,38,2
89638,58,12,46,2
89639,60,7,53,2
89640,41,4,37,2
89641,45,6,39,2
89642,43,3,40,2
89643,56,4,52,2
89644,51,7,44,2
89645,55,9,46,2
89646,47,4,43,2
89647,73,10,63,2
89648,66,8,58,2
89649,51,4,47,2
89650,63,5,58,2
89651,44,3,41,2
89652,60,9,51,2
89653,51,11,40,2
89654,50,4,46,2
89655,58,9,49,2
89656,51,5,46,2
89657,60,7,53,2
89658,69,5,64,2
89659,62,10,52,2
89660,63,6,57,2
89661,61,3,58,2
89662,53,4,49,2
89663,44,9,35,2
89664,50,7,43,2
89665,58,12,46,2
89666,44,5,39,2
89667,56,10,46,2
89668,69,4,65,2
89669,56,13,43,2
89670,59,9,50,2
89671,50,6,44,2
89672,50,9,41,2
89673,57,10,47,2
89674,57,5,52,2
89675,59,6,53,2
89676,48,7,41,2
89677,64,11,53,2
89678,48,7,41,2
89679,55,6,49,2
89680,44,7,37,2
89681,55,4,51,2
89682,55,6,49,2
89683,60,8,52,2
89684,62,5,57,2
89685,42,6,36,2
89686,46,5,41,2
89687,51,5,46,2
89688,50,6,44,2
89689,55,9,46,2
89690,70,7,63,2
89691,40,2,38,2
89692,53,7,46,2
89693,53,4,49,2
89694,64,7,57,2
89695,47,3,44,2
89696,50,5,45,2
89697,50,6,44,2
89698,52,6,46,2
89699,58,7,51,2
89700,43,7,36,2
89701,51,9,42,2
89702,36,4,32,2
89703,60,11,49,2
89704,59,9,50,2
89705,49,4,45,2
89706,69,13,56,2
89707,54,12,42,2
89708,50,6,44,2
89709,54,7,47,2
89710,45,5,40,2
89711,59,10,49,2
89712,43,4,39,2
89713,50,3,47,2
89714,52,8,44,2
89715,61,6,55,2
89716,48,9,39,2
89717,65,8,57,2
89718,59,14,45,2
89719,43,6,37,2
89720,45,5,40,2
89721,57,11,46,2
89722,55,5,50,2
89723,55,4,51,2
89724,44,8,36,2
89725,61,5,56,2
89726,66,11,55,2
89727,47,4,43,2
89728,53,6,47,2
89729,55,8,47,2
89730,55,7,48,2
89731,57,2,55,2
89732,73,9,64,2
89733,63,4,59,2
89734,48,4,44,2
89735,69,9,60,2
89736,58,6,52,2
89737,43,5,38,2
89738,63,11,52,2
89739,56,8,48,2
89740,52,4,48,2
89741,54,4,50,2
89742,43,8,35,2
89743,61,7,54,2
89744,54,10,44,2
89745,67,5,62,2
89746,46,5,41,2
89747,51,6,45,2
89748,48,4,44,2
89749,51,7,44,2
89750,58,7,51,2
89751,49,5,44,2
89752,56,8,48,2
89753,57,3,54,2
89754,57,6,51,2
89755,57,7,50,2
89756,46,3,43,2
89757,50,5,45,2
89758,62,6,56,2
89759,68,12,56,2
89760,62,10,52,2
89761,56,2,54,2
89762,51,4,47,2
89763,56,0,56,1
89764,53,7,46,2
89765,62,7,55,2
89766,55,4,51,2
89767,49,6,43,2
89768,58,10,48,2
89769,63,7,56,2
89770,57,4,53,2
89771,50,12,38,2
89772,51,2,49,2
89773,51,9,42,2
89774,41,6,35,2
89775,62,5,57,2
89776,46,8,38,2
89777,71,11,60,2
89778,56,4,52,2
89779,59,5,54,2
89780,47,7,40,2
89781,58,5,53,2
89782,61,9,52,2
89783,48,10,38,2
89784,45,6,39,2
89785,56,7,49,2
89786,57,5,52,2
89787,50,7,43,2
89788,64,9,55,2
89789,60,3,57,2
89790,56,5,51,2
89791,65,8,57,2
89792,56,6,50,2
89793,44,5,39,2
89794,46,5,41,2
89795,66,7,59,2
89796,46,5,41,2
89797,50,5,45,2
89798,46,1,45,2
89799,46,6,40,2
89800,56,11,45,2
89801,51,8,43,2
89802,57,4,53,2
89803,41,3,38,2
89804,52,8,44,2
89805,55,5,50,2
89806,67,9,58,2
89807,52,8,44,2
89808,44,13,31,2
89809,50,5,45,2
89810,52,9,43,2
89811,53,5,48,2
89812,63,10,53,2
89813,59,8,51,2
89814,45,2,43,2
89815,58,6,52,2
89816,39,4,35,2
89817,56,11,45,2
89818,45,3,42,2
89819,48,8,40,2
89820,56,3,53,2
89821,55,4,51,2
89822,55,5,50,2
89823,72,10,62,2
89824,55,7,48,2
89825,53,7,46,2
89826,61,8,53,2
89827,60,4,56,2
89828,54,10,44,2
89829,42,6,36,2
89830,57,6,51,2
89831,52,7,45,2
89832,54,8,46,2
89833,62,6,56,2
89834,64,7,57,2
89835,61,10,51,2
89836,42,6,36,2
89837,65,11,54,2
89838,48,7,41,2
89839,56,8,48,2
89840,67,6,61,2
89841,51,8,43,2
89842,51,4,47,2
89843,55,6,49,2
89844,43,6,37,2
89845,50,6,44,2
89846,68,10,58,2
89847,50,8,42,2
89848,60,8,52,2
89849,49,7,42,2
89850,58,15,43,2
89851,38,0,38,1
89852,50,8,42,2
89853,58,7,51,2
89854,59,9,50,2
89855,61,7,54,2
89856,51,7,44,2
89857,50,3,47,2
89858,67,14,53,2
89859,51,7,44,2
89860,43,7,36,2
89861,66,8,58,2
89862,46,9,37,2
89863,75,10,65,2
89864,54,7,47,2
89865,52,6,46,2
89866,55,10,45,2
89867,51,7,44,2
89868,62,4,58,2
89869,53,6,47,2
89870,41,5,36,2
89871,64,6,58,2
89872,55,4,51,2
89873,65,7,58,2
89874,60,6,54,2
89875,44,3,41,2
89876,53,7,46,2
89877,56,11,45,2
89878,60,8,52,2
89879,58,3,55,2
89880,50,5,45,2
89881,56,5,51,2
89882,56,6,50,2
89883,55,14,41,2
89884,53,5,48,2
89885,59,6,53,2
89886,49,9,40,2
89887,56,5,51,2
89888,57,5,52,2
89889,42,5,37,2
89890,58,8,50,2
89891,50,9,41,2
89892,51,8,43,2
89893,65,7,58,2
89894,53,6,47,2
89895,62,3,59,2
89896,63,3,60,2
89897,59,11,48,2
89898,48,2,46,2
89899,58,7,51,2
89900,50,7,43,2
89901,47,8,39,2
89902,59,7,52,2
89903,64,6,58,2
89904,40,5,35,2
89905,57,7,50,2
89906,62,7,55,2
89907,52,10,42,2
89908,44,5,39,2
89909,57,7,50,2
89910,68,8,60,2
89911,48,6,42,2
89912,57,11,46,2
89913,62,6,56,2
89914,46,5,41,2
89915,64,10,54,2
89916,55,9,46,2
89917,59,8,51,2
89918,57,5,52,2
89919,67,7,60,2
89920,53,8,45,2
89921,59,6,53,2
89922,55,4,51,2
89923,49,3,46,2
89924,48,2,46,2
89925,53,6,47,2
89926,52,6,46,2
89927,57,6,51,2
89928,56,2,54,2
89929,57,8,49,2
89930,54,6,48,2
89931,59,5,54,2
89932,48,6,42,2
89933,63,7,56,2
89934,51,7,44,2
89935,61,4,57,2
89936,54,9,45,2
89937,58,11,47,2
89938,40,4,36,2
89939,60,8,52,2
89940,54,6,48,2
89941,56,6,50,2
89942,57,5,52,2
89943,58,2,56,2
89944,53,12,41,2
89945,48,7,41,2
89946,51,7,44,2
89947,52,5,47,2
89948,52,4,48,2
89949,55,5,50,2
89950,55,5,50,2
89951,67,6,61,2
89952,44,2,42,2
89953,61,9,52,2
89954,57,4,53,2
89955,68,10,58,2
89956,51,5,46,2
89957,52,9,43,2
89958,64,11,53,2
89959,65,5,60,2
89960,60,3,57,2
89961,49,7,42,2
89962,51,4,47,2
89963,70,4,66,2
89964,41,3,38,2
89965,57,5,52,2
89966,55,5,50,2
89967,51,9,42,2
89968,55,5,50,2
89969,53,4,49,2
89970,60,5,55,2
89971,47,3,44,2
89972,45,8,37,2
89973,54,5,49,2
89974,59,5,54,2
89975,53,8,45,2
89976,57,6,51,2
89977,58,3,55,2
89978,54,4,50,2
89979,51,6,45,2
89980,52,12,40,2
89981,54,2,52,2
89982,52,4,48,2
89983,55,6,49,2
89984,44,4,40,2
89985,47,7,40,2
89986,44,5,39,2
89987,55,6,49,2
89988,58,5,53,2
89989,61,9,52,2
89990,53,10,43,2
89991,57,10,47,2
89992,43,6,37,2
89993,46,3,43,2
89994,51,8,43,2
89995,47,4,43,2
89996,47,5,42,2
89997,62,8,54,2
89998,49,3,46,2
89999,54,4,50,2
90000,58,6,52,2
90001,62,11,51,2
90002,66,5,61,2
90003,48,7,41,2
90004,57,8,49,2
90005,47,4,43,2
90006,54,7,47,2
90007,54,6,48,2
90008,57,2,55,2
90009,58,3,55,2
90010,59,9,50,2
90011,52,6,46,2
90012,48,4,44,2
90013,53,5,48,2
90014,59,6,53,2
90015,43,7,36,2
90016,63,6,57,2
90017,49,4,45,2
90018,52,6,46,2
90019,65,2,63,2
90020,49,4,45,2
90021,57,8,49,2
90022,53,6,47,2
90023,51,10,41,2
90024,69,10,59,2
90025,58,5,53,2
90026,52,9,43,2
90027,50,3,47,2
90028,53,6,47,2
90029,40,7,33,2
90030,58,8,50,2
90031,51,5,46,2
90032,59,3,56,2
90033,47,5,42,2
90034,53,4,49,2
90035,65,9,56,2
90036,63,7,56,2
90037,52,6,46,2
90038,58,9,49,2
90039,46,6,40,2
90040,65,7,58,2
90041,49,9,40,2
90042,54,4,50,2
90043,59,8,51,2
90044,60,7,53,2
90045,52,2,50,2
90046,71,6,65,2
90047,34,1,33,2
90048,56,6,50,2
90049,60,2,58,2
90050,60,6,54,2
90051,47,8,39,2
90052,55,9,46,2
90053,57,3,54,2
90054,57,4,53,2
90055,46,4,42,2
90056,49,11,38,2
90057,58,12,46,2
90058,66,12,54,2
90059,59,5,54,2
90060,56,9,47,2
90061,52,4,48,2
90062,47,7,40,2
90063,44,8,36,2
90064,42,2,40,2
90065,47,4,43,2
90066,58,12,46,2
90067,52,7,45,2
90068,50,2,48,2
90069,50,4,46,2
90070,45,7,38,2
90071,59,9,50,2
90072,56,6,50,2
90073,54,5,49,2
90074,49,10,39,2
90075,59,10,49,2
90076,55,8,47,2
90077,56,4,52,2
90078,61,6,55,2
90079,49,7,42,2
90080,37,3,34,2
90081,41,6,35,2
90082,55,7,48,2
90083,51,6,45,2
90084,54,8,46,2
90085,54,8,46,2
90086,53,7,46,2
90087,43,4,39,2
90088,43,5,38,2
90089,79,6,73,2
90090,51,4,47,2
90091,55,6,49,2
90092,44,2,42,2
90093,54,3,51,2
90094,47,9,38,2
90095,57,11,46,2
90096,46,7,39,2
90097,66,2,64,2
90098,44,5,39,2
90099,37,2,35,2
90100,47,4,43,2
90101,51,7,44,2
90102,55,8,47,2
90103,52,2,50,2
90104,59,11,48,2
90105,54,7,47,2
90106,54,5,49,2
90107,51,4,47,2
90108,57,3,54,2
90109,56,7,49,2
90110,43,6,37,2
90111,62,9,53,2
90112,52,9,43,2
90113,59,12,47,2
90114,38,3,35,2
90115,49,7,42,2
90116,48,7,41,2
90117,62,5,57,2
90118,59,6,53,2
90119,41,5,36,2
90120,59,7,52,2
90121,49,2,47,2
90122,58,6,52,2
90123,46,6,40,2
90124,47,8,39,2
90125,46,6,40,2
90126,51,8,43,2
90127,54,7,47,2
90128,47,6,41,2
90129,67,7,60,2
90130,49,6,43,2
90131,57,5,52,2
90132,52,2,50,2
90133,59,8,51,2
90134,60,5,55,2
90135,51,7,44,2
90136,53,6,47,2
90137,54,3,51,2
90138,56,12,44,2
90139,61,5,56,2
90140,62,9,53,2
90141,66,7,59,2
90142,50,9,41,2
90143,48,5,43,2
90144,63,7,56,2
90145,58,9,49,2
90146,46,5,41,2
90147,62,6,56,2
90148,47,4,43,2
90149,66,9,57,2
90150,54,10,44,2
90151,55,3,52,2
90152,40,4,36,2
90153,54,5,49,2
90154,52,6,46,2
90155,53,2,51,2
90156,47,3,44,2
90157,54,7,47,2
90158,58,9,49,2
90159,50,6,44,2
90160,59,4,55,2
90161,59,7,52,2
90162,58,3,55,2
90163,71,4,67,2
90164,63,9,54,2
90165,50,5,45,2
90166,59,11,48,2
90167,58,5,53,2
90168,49,3,46,2
90169,49,4,45,2
90170,55,6,49,2
90171,58,6,52,2
90172,52,5,47,2
90173,59,6,53,2
90174,54,3,51,2
90175,48,6,42,2
90176,55,10,45,2
90177,55,9,46,2
90178,64,11,53,2
90179,70,10,60,2
90180,50,6,44,2
90181,45,8,37,2
90182,55,8,47,2
90183,56,11,45,2
90184,50,8,42,2
90185,53,4,49,2
90186,64,10,54,2
90187,54,5,49,2
90188,54,3,51,2
90189,51,6,45,2
90190,51,4,47,2
90191,61,3,58,2
90192,53,7,46,2
90193,52,3,49,2
90194,53,6,47,2
90195,65,6,59,2
90196,56,7,49,2
90197,59,8,51,2
90198,42,4,38,2
90199,50,5,45,2
90200,62,7,55,2
90201,60,7,53,2
90202,57,8,49,2
90203,50,4,46,2
90204,49,7,42,2
90205,53,7,46,2
90206,55,9,46,2
90207,44,8,36,2
90208,49,5,44,2
90209,47,10,37,2
90210,53,3,50,2
90211,46,11,35,2
90212,59,6,53,2
90213,67,12,55,2
90214,56,3,53,2
90215,50,1,49,2
90216,49,7,42,2
90217,44,5,39,2
90218,65,10,55,2
90219,47,5,42,2
90220,58,7,51,2
90221,50,10,40,2
90222,60,13,47,2
90223,58,5,53,2
90224,40,6,34,2
90225,48,4,44,2
90226,47,7,40,2
90227,62,11,51,2
90228,42,5,37,2
90229,57,9,48,2
90230,55,7,48,2
90231,53,5,48,2
90232,49,6,43,2
90233,55,5,50,2
90234,59,5,54,2
90235,53,3,50,2
90236,63,11,52,2
90237,57,10,47,2
90238,47,9,38,2
90239,55,7,48,2
90240,54,5,49,2
90241,57,9,48,2
90242,61,4,57,2
90243,52,3,49,2
90244,51,5,46,2
90245,45,4,41,2
90246,58,7,51,2
90247,54,5,49,2
90248,62,7,55,2
90249,57,5,52,2
90250,56,10,46,2
90251,65,13,52,2
90252,65,7,58,2
90253,44,5,39,2
90254,45,5,40,2
90255,49,4,45,2
90256,56,6,50,2
90257,44,3,41,2
90258,63,4,59,2
90259,60,5,55,2
90260,52,7,45,2
90261,47,6,41,2
90262,58,7,51,2
90263,56,2,54,2
90264,57,8,49,2
90265,52,8,44,2
90266,60,4,56,2
90267,50,7,43,2
90268,64,11,53,2
90269,56,9,47,2
90270,38,2,36,2
90271,69,11,58,2
90272,62,7,55,2
90273,52,4,48,2
90274,53,6,47,2
90275,44,9,35,2
90276,62,6,56,2
90277,53,6,47,2
90278,58,3,55,2
90279,53,10,43,2
90280,45,6,39,2
90281,59,7,52,2
90282,58,8,50,2
90283,43,4,39,2
90284,48,5,43,2
90285,45,4,41,2
90286,57,8,49,2
90287,60,4,56,2
90288,60,13,47,2
90289,54,6,48,2
90290,76,10,66,2
90291,52,6,46,2
90292,45,3,42,2
90293,50,4,46,2
90294,53,7,46,2
90295,53,9,44,2
90296,57,9,48,2
90297,67,8,59,2
90298,52,5,47,2
90299,53,6,47,2
90300,56,10,46,2
90301,63,8,55,2
90302,62,10,52,2
90303,51,2,49,2
90304,53,7,46,2
90305,48,6,42,2
90306,53,9,44,2
90307,50,6,44,2
90308,66,6,60,2
90309,64,8,56,2
90310,67,8,59,2
90311,50,8,42,2
90312,51,10,41,2
90313,45,6,39,2
90314,47,3,44,2
90315,52,7,45,2
90316,44,7,37,2
90317,50,10,40,2
90318,62,7,55,2
90319,53,2,51,2
90320,53,4,49,2
90321,52,9,43,2
90322,46,7,39,2
90323,48,3,45,2
90324,50,7,43,2
90325,55,4,51,2
90326,60,5,55,2
90327,56,4,52,2
90328,59,11,48,2
90329,53,6,47,2
90330,46,7,39,2
90331,48,4,44,2
90332,55,8,47,2
90333,53,6,47,2
90334,52,7,45,2
90335,55,8,47,2
90336,59,6,53,2
90337,44,8,36,2
90338,57,5,52,2
90339,68,4,64,2
90340,67,6,61,2
90341,54,10,44,2
90342,52,2,50,2
90343,51,4,47,2
90344,43,3,40,2
90345,71,6,65,2
90346,56,4,52,2
90347,48,9,39,2
90348,38,6,32,2
90349,58,8,50,2
90350,61,6,55,2
90351,45,7,38,2
90352,69,7,62,2
90353,52,6,46,2
90354,53,7,46,2
90355,42,3,39,2
90356,60,5,55,2
90357,62,5,57,2
90358,64,3,61,2
90359,48,6,42,2
90360,44,5,39,2
90361,45,7,38,2
90362,55,5,50,2
90363,46,6,40,2
90364,59,3,56,2
90365,65,10,55,2
90366,51,7,44,2
90367,46,6,40,2
90368,54,6,48,2
90369,56,5,51,2
90370,51,6,45,2
90371,52,7,45,2
90372,52,7,45,2
90373,53,7,46,2
90374,60,7,53,2
90375,47,8,39,2
90376,55,4,51,2
90377,43,7,36,2
90378,53,7,46,2
90379,55,5,50,2
90380,57,8,49,2
90381,50,6,44,2
90382,50,5,45,2
90383,61,8,53,2
90384,67,4,63,2
90385,54,6,48,2
90386,54,7,47,2
90387,62,4,58,2
90388,61,5,56,2
90389,66,6,60,2
90390,51,6,45,2
90391,51,6,45,2
90392,54,5,49,2
90393,51,10,41,2
90394,48,1,47,2
90395,53,3,50,2
90396,56,12,44,2
90397,50,8,42,2
90398,54,8,46,2
90399,62,5,57,2
90400,49,9,40,2
90401,76,10,66,2
90402,57,7,50,2
90403,52,3,49,2
90404,44,12,32,2
90405,58,3,55,2
90406,56,3,53,2
90407,68,7,61,2
90408,71,8,63,2
90409,50,4,46,2
90410,50,6,44,2
90411,62,9,53,2
90412,57,8,49,2
90413,62,7,55,2
90414,59,8,51,2
90415,59,8,51,2
90416,60,13,47,2
90417,52,6,46,2
90418,54,7,47,2
90419,60,6,54,2
90420,61,3,58,2
90421,58,7,51,2
90422,63,8,55,2
90423,55,6,49,2
90424,50,8,42,2
90425,58,7,51,2
90426,52,10,42,2
90427,50,8,42,2
90428,59,7,52,2
90429,57,6,51,2
90430,49,4,45,2
90431,72,10,62,2
90432,64,10,54,2
90433,64,5,59,2
90434,46,7,39,2
90435,45,9,36,2
90436,55,5,50,2
90437,63,5,58,2
90438,62,12,50,2
90439,42,5,37,2
90440,46,3,43,2
90441,57,6,51,2
90442,60,14,46,2
90443,46,6,40,2
90444,53,8,45,2
90445,61,9,52,2
90446,49,5,44,2
90447,50,6,44,2
90448,45,4,41,2
90449,67,7,60,2
90450,66,7,59,2
90451,45,4,41,2
90452,67,10,57,2
90453,41,4,37,2
90454,51,7,44,2
90455,60,8,52,2
90456,42,6,36,2
90457,46,7,39,2
90458,52,10,42,2
90459,51,6,45,2
90460,63,8,55,2
90461,51,6,45,2
90462,64,5,59,2
90463,64,8,56,2
90464,61,9,52,2
90465,47,6,41,2
90466,67,12,55,2
90467,45,5,40,2
90468,54,10,44,2
90469,54,2,52,2
90470,50,7,43,2
90471,54,5,49,2
90472,59,7,52,2
90473,47,10,37,2
90474,65,8,57,2
90475,58,4,54,2
90476,48,7,41,2
90477,50,8,42,2
90478,45,5,40,2
90479,49,2,47,2
90480,62,10,52,2
90481,57,6,51,2
90482,64,7,57,2
90483,59,5,54,2
90484,44,5,39,2
90485,56,9,47,2
90486,50,4,46,2
90487,50,5,45,2
90488,59,6,53,2
90489,61,8,53,2
90490,62,9,53,2
90491,66,10,56,2
90492,61,11,50,2
90493,54,9,45,2
90494,42,7,35,2
90495,50,4,46,2
90496,58,5,53,2
90497,53,6,47,2
90498,50,9,41,2
90499,60,7,53,2
90500,45,8,37,2
90501,49,5,44,2
90502,65,6,59,2
90503,66,7,59,2
90504,41,7,34,2
90505,65,9,56,2
90506,56,6,50,2
90507,49,5,44,2
90508,51,4,47,2
90509,51,4,47,2
90510,54,10,44,2
90511,58,6,52,2
90512,46,6,40,2
90513,56,3,53,2
90514,48,3,45,2
90515,46,4,42,2
90516,61,5,56,2
90517,57,4,53,2
90518,59,9,50,2
90519,62,10,52,2
90520,57,4,53,2
90521,55,3,52,2
90522,43,3,40,2
90523,55,8,47,2
90524,40,5,35,2
90525,52,5,47,2
90526,54,6,48,2
90527,55,6,49,2
90528,50,4,46,2
90529,58,8,50,2
90530,49,6,43,2
90531,54,6,48,2
90532,52,1,51,2
90533,44,1,43,2
90534,51,8,43,2
90535,59,5,54,2
90536,69,8,61,2
90537,60,10,50,2
90538,52,3,49,2
90539,59,9,50,2
90540,60,6,54,2
90541,55,8,47,2
90542,58,6,52,2
90543,47,5,42,2
90544,66,12,54,2
90545,63,9,54,2
90546,55,8,47,2
90547,57,10,47,2
90548,57,12,45,2
90549,62,8,54,2
90550,56,5,51,2
90551,59,6,53,2
90552,54,5,49,2
90553,64,10,54,2
90554,63,6,57,2
90555,56,15,41,2
90556,60,5,55,2
90557,60,4,56,2
90558,62,8,54,2
90559,47,3,44,2
90560,49,5,44,2
90561,59,6,53,2
90562,64,13,51,2
90563,60,10,50,2
90564,70,8,62,2
90565,51,11,40,2
90566,75,9,66,2
90567,60,3,57,2
90568,62,7,55,2
90569,57,5,52,2
90570,50,4,46,2
90571,67,10,57,2
90572,56,7,49,2
90573,62,5,57,2
90574,55,8,47,2
90575,51,5,46,2
90576,56,6,50,2
90577,55,6,49,2
90578,46,5,41,2
90579,45,4,41,2
90580,54,6,48,2
90581,55,9,46,2
90582,47,7,40,2
90583,51,6,45,2
90584,58,6,52,2
90585,56,8,48,2
90586,44,5,39,2
90587,66,6,60,2
90588,36,5,31,2
90589,59,9,50,2
90590,57,2,55,2
90591,52,4,48,2
90592,73,13,60,2
90593,48,3,45,2
90594,47,7,40,2
90595,57,3,54,2
90596,53,9,44,2
90597,53,8,45,2
90598,59,10,49,2
90599,50,6,44,2
90600,41,5,36,2
90601,49,5,44,2
90602,66,9,57,2
90603,52,8,44,2
90604,57,4,53,2
90605,58,8,50,2
90606,54,4,50,2
90607,45,3,42,2
90608,48,9,39,2
90609,52,8,44,2
90610,62,5,57,2
90611,60,8,52,2
90612,60,8,52,2
90613,46,5,41,2
90614,49,9,40,2
90615,55,5,50,2
90616,57,6,51,2
90617,55,6,49,2
90618,59,13,46,2
90619,51,7,44,2
90620,54,6,48,2
90621,56,2,54,2
90622,43,2,41,2
90623,49,9,40,2
90624,50,9,41,2
90625,53,16,37,2
90626,53,8,45,2
90627,60,6,54,2
90628,55,8,47,2
90629,60,7,53,2
90630,51,3,48,2
90631,49,3,46,2
90632,60,8,52,2
90633,38,10,28,2
90634,58,7,51,2
90635,45,3,42,2
90636,58,11,47,2
90637,54,5,49,2
90638,49,5,44,2
90639,51,9,42,2
90640,42,6,36,2
90641,67,9,58,2
90642,55,7,48,2
90643,67,10,57,2
90644,54,7,47,2
90645,49,4,45,2
90646,49,6,43,2
90647,46,10,36,2
90648,57,7,50,2
90649,53,9,44,2
90650,43,4,39,2
90651,37,3,34,2
90652,47,9,38,2
90653,62,10,52,2
90654,52,6,46,2
90655,59,8,51,2
90656,46,7,39,2
90657,51,4,47,2
90658,52,6,46,2
90659,61,5,56,2
90660,79,10,69,2
90661,52,4,48,2
90662,47,0,47,1
90663,55,7,48,2
90664,60,6,54,2
90665,48,10,38,2
90666,58,9,49,2
90667,42,3,39,2
90668,69,5,64,2
90669,53,8,45,2
90670,67,6,61,2
90671,65,9,56,2
90672,62,12,50,2
90673,64,11,53,2
90674,51,2,49,2
90675,40,2,38,2
90676,51,6,45,2
90677,65,9,56,2
90678,57,5,52,2
90679,50,3,47,2
90680,51,5,46,2
90681,59,10,49,2
90682,43,5,38,2
90683,69,4,65,2
90684,63,8,55,2
90685,50,3,47,2
90686,59,10,49,2
90687,54,5,49,2
90688,63,8,55,2
90689,55,6,49,2
90690,59,6,53,2
90691,66,6,60,2
90692,51,4,47,2
90693,59,6,53,2
90694,52,6,46,2
90695,55,5,50,2
90696,49,2,47,2
90697,49,5,44,2
90698,53,7,46,2
90699,59,7,52,2
90700,63,6,57,2
90701,51,10,41,2
90702,51,8,43,2
90703,47,12,35,2
90704,68,3,65,2
90705,55,7,48,2
90706,56,6,50,2
90707,48,5,43,2
90708,66,11,55,2
90709,64,10,54,2
90710,57,7,50,2
90711,54,4,50,2
90712,49,8,41,2
90713,65,4,61,2
90714,47,4,43,2
90715,54,5,49,2
90716,70,7,63,2
90717,47,4,43,2
90718,47,3,44,2
90719,54,7,47,2
90720,49,2,47,2
90721,75,5,70,2
90722,62,11,51,2
90723,52,2,50,2
90724,44,4,40,2
90725,70,9,61,2
90726,59,7,52,2
90727,62,10,52,2
90728,54,4,50,2
90729,53,5,48,2
90730,58,10,48,2
90731,49,4,45,2
90732,57,11,46,2
90733,53,5,48,2
90734,56,6,50,2
90735,58,8,50,2
90736,57,7,50,2
90737,58,10,48,2
90738,43,4,39,2
90739,58,4,54,2
90740,48,6,42,2
90741,52,5,47,2
90742,62,8,54,2
90743,53,4,49,2
90744,51,8,43,2
90745,62,10,52,2
90746,55,6,49,2
90747,62,5,57,2
90748,50,4,46,2
90749,54,5,49,2
90750,61,4,57,2
90751,63,3,60,2
90752,65,7,58,2
90753,37,6,31,2
90754,68,9,59,2
90755,54,5,49,2
90756,40,5,35,2
90757,59,4,55,2
90758,67,6,61,2
90759,53,5,48,2
90760,48,9,39,2
90761,61,11,50,2
90762,65,6,59,2
90763,37,3,34,2
90764,54,6,48,2
90765,54,7,47,2
90766,51,6,45,2
90767,52,7,45,2
90768,58,7,51,2
90769,47,3,44,2
90770,36,5,31,2
90771,51,8,43,2
90772,50,6,44,2
90773,47,7,40,2
90774,57,6,51,2
90775,56,4,52,2
90776,64,6,58,2
90777,54,6,48,2
90778,41,2,39,2
90779,57,6,51,2
90780,55,7,48,2
90781,54,6,48,2
90782,50,6,44,2
90783,63,7,56,2
90784,42,6,36,2
90785,66,5,61,2
90786,50,3,47,2
90787,59,9,50,2
90788,60,7,53,2
90789,47,10,37,2
90790,69,9,60,2
90791,53,7,46,2
90792,52,5,47,2
90793,52,5,47,2
90794,57,8,49,2
90795,74,10,64,2
90796,56,14,42,2
90797,47,5,42,2
90798,49,8,41,2
90799,59,7,52,2
90800,34,7,27,2
90801,56,6,50,2
90802,69,7,62,2
90803,68,13,55,2
90804,48,5,43,2
90805,73,10,63,2
90806,50,4,46,2
90807,74,10,64,2
90808,56,9,47,2
90809,49,5,44,2
90810,42,5,37,2
90811,58,5,53,2
90812,50,3,47,2
90813,59,15,44,2
90814,54,4,50,2
90815,50,11,39,2
90816,70,5,65,2
90817,36,2,34,2
90818,58,6,52,2
90819,50,5,45,2
90820,60,11,49,2
90821,43,6,37,2
90822,58,5,53,2
90823,57,1,56,2
90824,60,8,52,2
90825,54,5,49,2
90826,57,8,49,2
90827,64,9,55,2
90828,43,2,41,2
90829,61,6,55,2
90830,50,8,42,2
90831,56,9,47,2
90832,58,6,52,2
90833,44,4,40,2
90834,59,5,54,2
90835,56,6,50,2
90836,52,6,46,2
90837,60,3,57,2
90838,48,11,37,2
90839,46,4,42,2
90840,58,13,45,2
90841,44,4,40,2
90842,53,10,43,2
90843,42,8,34,2
90844,45,2,43,2
90845,46,10,36,2
90846,51,7,44,2
90847,67,6,61,2
90848,55,4,51,2
90849,42,3,39,2
90850,50,9,41,2
90851,39,3,36,2
90852,65,11,54,2
90853,46,8,38,2
90854,74,12,62,2
90855,61,9,52,2
90856,51,5,46,2
90857,58,6,52,2
90858,44,9,35,2
90859,62,6,56,2
90860,53,6,47,2
90861,58,3,55,2
90862,45,7,38,2
90863,48,6,42,2
90864,47,4,43,2
90865,52,7,45,2
90866,44,5,39,2
90867,60,7,53,2
90868,48,8,40,2
90869,51,5,46,2
90870,53,6,47,2
90871,58,8,50,2
90872,54,5,49,2
90873,56,6,50,2
90874,51,6,45,2
90875,53,4,49,2
90876,51,13,38,2
90877,53,7,46,2
90878,53,5,48,2
90879,52,8,44,2
90880,55,7,48,2
90881,45,5,40,2
90882,49,8,41,2
90883,67,7,60,2
90884,58,7,51,2
90885,52,6,46,2
90886,54,5,49,2
90887,63,6,57,2
90888,56,4,52,2
90889,47,4,43,2
90890,55,9,46,2
90891,55,8,47,2
90892,62,5,57,2
90893,54,4,50,2
90894,53,7,46,2
90895,50,6,44,2
90896,45,9,36,2
90897,47,3,44,2
90898,59,9,50,2
90899,58,7,51,2
90900,60,5,55,2
90901,53,6,47,2
90902,77,8,69,2
90903,51,5,46,2
90904,61,9,52,2
90905,60,4,56,2
90906,55,5,50,2
90907,48,7,41,2
90908,42,8,34,2
90909,56,6,50,2
90910,41,3,38,2
90911,54,7,47,2
90912,51,3,48,2
90913,45,7,38,2
90914,59,5,54,2
90915,53,4,49,2
90916,52,6,46,2
90917,47,7,40,2
90918,44,7,37,2
90919,61,7,54,2
90920,57,7,50,2
90921,65,8,57,2
90922,60,8,52,2
90923,47,4,43,2
90924,65,12,53,2
90925,45,4,41,2
90926,56,6,50,2
90927,60,8,52,2
90928,46,7,39,2
90929,38,4,34,2
90930,42,8,34,2
90931,51,5,46,2
90932,51,7,44,2
90933,75,7,68,2
90934,52,5,47,2
90935,60,2,58,2
90936,44,5,39,2
90937,50,4,46,2
90938,57,6,51,2
90939,59,6,53,2
90940,54,8,46,2
90941,65,8,57,2
90942,48,6,42,2
90943,59,4,55,2
90944,56,6,50,2
90945,69,8,61,2
90946,51,7,44,2
90947,44,9,35,2
90948,53,10,43,2
90949,56,3,53,2
90950,1,1,0,1
90951,50,7,43,2
90952,51,8,43,2
90953,50,6,44,2
90954,55,6,49,2
90955,68,5,63,2
90956,56,7,49,2
90957,51,7,44,2
90958,50,4,46,2
90959,53,5,48,2
90960,42,7,35,2
90961,56,8,48,2
90962,58,9,49,2
90963,60,9,51,2
90964,50,3,47,2
90965,57,4,53,2
90966,54,4,50,2
90967,60,4,56,2
90968,57,9,48,2
90969,58,5,53,2
90970,57,12,45,2
90971,45,5,40,2
90972,59,9,50,2
90973,49,8,41,2
90974,64,2,62,2
90975,60,12,48,2
90976,63,6,57,2
90977,61,8,53,2
90978,49,4,45,2
90979,47,8,39,2
90980,44,6,38,2
90981,59,3,56,2
90982,48,4,44,2
90983,60,4,56,2
90984,56,7,49,2
90985,70,8,62,2
90986,52,6,46,2
90987,57,7,50,2
90988,59,5,54,2
90989,55,0,55,1
90990,63,11,52,2
90991,72,10,62,2
90992,56,10,46,2
90993,34,4,30,2
90994,58,8,50,2
90995,60,11,49,2
90996,60,6,54,2
90997,55,6,49,2
90998,59,10,49,2
90999,50,12,38,2
91000,56,3,53,2
91001,58,4,54,2
91002,60,6,54,2
91003,53,3,50,2
91004,45,3,42,2
91005,65,4,61,2
91006,52,6,46,2
91007,53,4,49,2
91008,69,12,57,2
91009,54,5,49,2
91010,56,8,48,2
91011,53,5,48,2
91012,68,15,53,2
91013,51,9,42,2
91014,54,6,48,2
91015,54,8,46,2
91016,59,4,55,2
91017,54,6,48,2
91018,55,7,48,2
91019,62,4,58,2
91020,47,8,39,2
91021,55,5,50,2
91022,59,5,54,2
91023,56,2,54,2
91024,46,5,41,2
91025,57,8,49,2
91026,46,3,43,2
91027,66,9,57,2
91028,51,1,50,2
91029,73,8,65,2
91030,59,6,53,2
91031,48,6,42,2
91032,46,3,43,2
91033,49,4,45,2
91034,56,4,52,2
91035,41,10,31,2
91036,58,8,50,2
91037,50,7,43,2
91038,59,6,53,2
91039,66,5,61,2
91040,57,5,52,2
91041,54,7,47,2
91042,55,7,48,2
91043,47,6,41,2
91044,48,1,47,2
91045,47,4,43,2
91046,46,3,43,2
91047,48,6,42,2
91048,43,6,37,2
91049,59,8,51,2
91050,54,3,51,2
91051,55,7,48,2
91052,44,5,39,2
91053,63,8,55,2
91054,75,6,69,2
91055,55,5,50,2
91056,60,8,52,2
91057,59,10,49,2
91058,62,5,57,2
91059,59,8,51,2
91060,55,7,48,2
91061,58,2,56,2
91062,57,8,49,2
91063,47,6,41,2
91064,64,4,60,2
91065,44,2,42,2
91066,63,7,56,2
91067,57,6,51,2
91068,52,8,44,2
91069,52,8,44,2
91070,49,6,43,2
91071,52,8,44,2
91072,54,5,49,2
91073,52,3,49,2
91074,49,4,45,2
91075,46,5,41,2
91076,60,10,50,2
91077,58,8,50,2
91078,49,8,41,2
91079,52,6,46,2
91080,61,4,57,2
91081,53,5,48,2
91082,49,5,44,2
91083,51,8,43,2
91084,57,7,50,2
91085,51,3,48,2
91086,50,2,48,2
91087,51,6,45,2
91088,55,8,47,2
91089,55,6,49,2
91090,56,7,49,2
91091,42,2,40,2
91092,46,8,38,2
91093,54,6,48,2
91094,55,6,49,2
91095,51,7,44,2
91096,54,4,50,2
91097,49,8,41,2
91098,56,9,47,2
91099,59,7,52,2
91100,63,8,55,2
91101,46,4,42,2
91102,45,8,37,2
91103,65,7,58,2
91104,64,10,54,2
91105,62,8,54,2
91106,48,6,42,2
91107,55,9,46,2
91108,54,6,48,2
91109,59,9,50,2
91110,61,11,50,2
91111,52,7,45,2
91112,50,10,40,2
91113,45,5,40,2
91114,67,10,57,2
91115,43,4,39,2
91116,50,5,45,2
91117,58,7,51,2
91118,54,9,45,2
91119,55,4,51,2
91120,45,7,38,2
91121,46,8,38,2
91122,42,7,35,2
91123,54,5,49,2
91124,57,7,50,2
91125,52,6,46,2
91126,67,15,52,2
91127,47,3,44,2
91128,55,7,48,2
91129,49,7,42,2
91130,49,7,42,2
91131,57,16,41,2
91132,57,6,51,2
91133,60,6,54,2
91134,64,8,56,2
91135,58,10,48,2
91136,57,7,50,2
91137,52,5,47,2
91138,59,8,51,2
91139,55,9,46,2
91140,59,10,49,2
91141,44,7,37,2
91142,52,10,42,2
91143,67,9,58,2
91144,64,9,55,2
91145,42,3,39,2
91146,55,8,47,2
91147,54,6,48,2
91148,48,6,42,2
91149,58,9,49,2
91150,56,4,52,2
91151,52,2,50,2
91152,64,7,57,2
91153,52,5,47,2
91154,55,8,47,2
91155,53,8,45,2
91156,64,7,57,2
91157,58,10,48,2
91158,55,4,51,2
91159,55,5,50,2
91160,48,8,40,2
91161,52,5,47,2
91162,54,8,46,2
91163,61,9,52,2
91164,47,8,39,2
91165,60,10,50,2
91166,57,1,56,2
91167,45,5,40,2
91168,39,5,34,2
91169,45,3,42,2
91170,47,8,39,2
91171,51,14,37,2
91172,55,7,48,2
91173,56,6,50,2
91174,55,6,49,2
91175,63,4,59,2
91176,50,6,44,2
91177,53,6,47,2
91178,61,11,50,2
91179,53,8,45,2
91180,56,4,52,2
91181,54,7,47,2
91182,60,7,53,2
91183,68,7,61,2
91184,48,6,42,2
91185,48,3,45,2
91186,50,7,43,2
91187,60,6,54,2
91188,61,7,54,2
91189,53,7,46,2
91190,58,7,51,2
91191,54,4,50,2
91192,40,10,30,2
91193,57,6,51,2
91194,60,8,52,2
91195,52,4,48,2
91196,59,6,53,2
91197,36,6,30,2
91198,56,9,47,2
91199,50,5,45,2
91200,43,8,35,2
91201,38,11,27,2
91202,61,3,58,2
91203,63,11,52,2
91204,48,4,44,2
91205,48,10,38,2
91206,45,3,42,2
91207,52,7,45,2
91208,52,11,41,2
91209,38,3,35,2
91210,48,7,41,2
91211,69,9,60,2
91212,49,3,46,2
91213,60,3,57,2
91214,63,10,53,2
91215,61,4,57,2
91216,52,7,45,2
91217,48,3,45,2
91218,49,5,44,2
91219,56,13,43,2
91220,62,6,56,2
91221,43,3,40,2
91222,42,6,36,2
91223,58,9,49,2
91224,49,7,42,2
91225,56,12,44,2
91226,53,5,48,2
91227,54,9,45,2
91228,44,8,36,2
91229,57,10,47,2
91230,42,2,40,2
91231,72,9,63,2
91232,52,4,48,2
91233,74,4,70,2
91234,52,12,40,2
91235,56,5,51,2
91236,45,11,34,2
91237,63,8,55,2
91238,61,6,55,2
91239,53,8,45,2
91240,53,6,47,2
91241,70,8,62,2
91242,50,3,47,2
91243,37,5,32,2
91244,55,5,50,2
91245,65,12,53,2
91246,52,10,42,2
91247,62,7,55,2
91248,68,6,62,2
91249,45,3,42,2
91250,48,6,42,2
91251,58,5,53,2
91252,47,6,41,2
91253,42,5,37,2
91254,53,7,46,2
91255,53,9,44,2
91256,75,14,61,2
91257,53,7,46,2
91258,56,9,47,2
91259,66,4,62,2
91260,60,6,54,2
91261,56,3,53,2
91262,61,4,57,2
91263,60,5,55,2
91264,50,2,48,2
91265,53,4,49,2
91266,64,12,52,2
91267,38,3,35,2
91268,51,7,44,2
91269,68,7,61,2
91270,72,8,64,2
91271,53,5,48,2
91272,46,4,42,2
91273,72,11,61,2
91274,53,4,49,2
91275,53,8,45,2
91276,54,8,46,2
91277,62,5,57,2
91278,37,3,34,2
91279,66,9,57,2
91280,55,5,50,2
91281,52,6,46,2
91282,64,10,54,2
91283,62,11,51,2
91284,63,9,54,2
91285,59,9,50,2
91286,55,3,52,2
91287,50,8,42,2
91288,46,2,44,2
91289,64,8,56,2
91290,67,7,60,2
91291,62,7,55,2
91292,59,5,54,2
91293,54,6,48,2
91294,60,8,52,2
91295,56,7,49,2
91296,54,3,51,2
91297,53,6,47,2
91298,52,12,40,2
91299,51,9,42,2
91300,56,9,47,2
91301,48,12,36,2
91302,54,3,51,2
91303,66,9,57,2
91304,53,11,42,2
91305,53,7,46,2
91306,57,5,52,2
91307,57,6,51,2
91308,35,10,25,2
91309,60,11,49,2
91310,51,4,47,2
91311,61,5,56,2
91312,54,5,49,2
91313,53,5,48,2
91314,55,5,50,2
91315,38,6,32,2
91316,51,5,46,2
91317,35,6,29,2
91318,42,6,36,2
91319,44,0,44,1
91320,60,5,55,2
91321,45,7,38,2
91322,53,8,45,2
91323,44,8,36,2
91324,65,6,59,2
91325,60,8,52,2
91326,49,6,43,2
91327,58,10,48,2
91328,58,8,50,2
91329,60,9,51,2
91330,48,8,40,2
91331,51,5,46,2
91332,54,3,51,2
91333,54,8,46,2
91334,52,8,44,2
91335,62,7,55,2
91336,65,2,63,2
91337,51,5,46,2
91338,48,5,43,2
91339,56,9,47,2
91340,45,6,39,2
91341,48,6,42,2
91342,57,6,51,2
91343,44,7,37,2
91344,49,9,40,2
91345,51,6,45,2
91346,46,3,43,2
91347,47,7,40,2
91348,51,3,48,2
91349,64,6,58,2
91350,59,10,49,2
91351,56,7,49,2
91352,63,9,54,2
91353,65,5,60,2
91354,49,1,48,2
91355,58,5,53,2
91356,50,9,41,2
91357,63,16,47,2
91358,34,3,31,2
91359,64,7,57,2
91360,45,6,39,2
91361,51,7,44,2
91362,46,6,40,2
91363,49,8,41,2
91364,50,3,47,2
91365,57,9,48,2
91366,55,8,47,2
91367,43,9,34,2
91368,47,4,43,2
91369,41,2,39,2
91370,55,5,50,2
91371,48,8,40,2
91372,44,5,39,2
91373,48,4,44,2
91374,55,8,47,2
91375,56,6,50,2
91376,57,8,49,2
91377,49,8,41,2
91378,67,9,58,2
91379,43,6,37,2
91380,62,11,51,2
91381,39,3,36,2
91382,53,9,44,2
91383,64,7,57,2
91384,53,7,46,2
91385,45,5,40,2
91386,55,4,51,2
91387,50,6,44,2
91388,41,6,35,2
91389,64,9,55,2
91390,61,4,57,2
91391,60,5,55,2
91392,51,2,49,2
91393,43,2,41,2
91394,58,6,52,2
91395,63,7,56,2
91396,38,3,35,2
91397,53,7,46,2
91398,46,8,38,2
91399,50,3,47,2
91400,59,14,45,2
91401,53,12,41,2
91402,47,5,42,2
91403,44,3,41,2
91404,54,4,50,2
91405,53,6,47,2
91406,42,4,38,2
91407,52,8,44,2
91408,53,7,46,2
91409,59,6,53,2
91410,55,7,48,2
91411,47,4,43,2
91412,64,5,59,2
91413,62,10,52,2
91414,59,7,52,2
91415,58,7,51,2
91416,56,6,50,2
91417,56,4,52,2
91418,58,10,48,2
91419,54,9,45,2
91420,50,6,44,2
91421,50,5,45,2
91422,50,5,45,2
91423,45,6,39,2
91424,49,9,40,2
91425,48,6,42,2
91426,54,3,51,2
91427,62,8,54,2
91428,48,5,43,2
91429,62,7,55,2
91430,60,6,54,2
91431,51,4,47,2
91432,66,5,61,2
91433,51,7,44,2
91434,55,6,49,2
91435,62,9,53,2
91436,61,6,55,2
91437,48,5,43,2
91438,36,4,32,2
91439,47,2,45,2
91440,63,10,53,2
91441,45,4,41,2
91442,49,4,45,2
91443,63,8,55,2
91444,56,5,51,2
91445,52,4,48,2
91446,62,9,53,2
91447,57,10,47,2
91448,61,4,57,2
91449,57,7,50,2
91450,59,7,52,2
91451,56,5,51,2
91452,51,0,51,1
91453,61,6,55,2
91454,60,3,57,2
91455,57,6,51,2
91456,54,8,46,2
91457,48,4,44,2
91458,46,8,38,2
91459,60,14,46,2
91460,51,8,43,2
91461,56,7,49,2
91462,56,10,46,2
91463,52,10,42,2
91464,61,8,53,2
91465,37,3,34,2
91466,59,6,53,2
91467,54,5,49,2
91468,57,6,51,2
91469,56,7,49,2
91470,68,8,60,2
91471,69,9,60,2
91472,72,11,61,2
91473,57,8,49,2
91474,57,7,50,2
91475,54,4,50,2
91476,46,8,38,2
91477,52,5,47,2
91478,55,13,42,2
91479,58,6,52,2
91480,40,5,35,2
91481,53,5,48,2
91482,58,7,51,2
91483,65,11,54,2
91484,43,4,39,2
91485,56,11,45,2
91486,43,8,35,2
91487,68,7,61,2
91488,52,9,43,2
91489,55,5,50,2
91490,70,6,64,2
91491,41,3,38,2
91492,70,8,62,2
91493,59,6,53,2
91494,56,5,51,2
91495,54,6,48,2
91496,49,5,44,2
91497,62,9,53,2
91498,57,7,50,2
91499,59,7,52,2
91500,53,6,47,2
91501,52,7,45,2
91502,58,3,55,2
91503,47,10,37,2
91504,57,5,52,2
91505,53,14,39,2
91506,51,2,49,2
91507,40,5,35,2
91508,54,5,49,2
91509,47,8,39,2
91510,59,8,51,2
91511,52,10,42,2
91512,42,7,35,2
91513,55,6,49,2
91514,56,6,50,2
91515,49,8,41,2
91516,44,6,38,2
91517,35,6,29,2
91518,61,5,56,2
91519,54,9,45,2
91520,49,8,41,2
91521,52,3,49,2
91522,53,7,46,2
91523,41,5,36,2
91524,49,5,44,2
91525,60,10,50,2
91526,66,9,57,2
91527,54,8,46,2
91528,65,11,54,2
91529,70,9,61,2
91530,53,4,49,2
91531,50,7,43,2
91532,49,4,45,2
91533,42,4,38,2
91534,53,5,48,2
91535,58,10,48,2
91536,51,4,47,2
91537,57,8,49,2
91538,55,7,48,2
91539,66,11,55,2
91540,70,8,62,2
91541,43,5,38,2
91542,62,4,58,2
91543,64,6,58,2
91544,52,8,44,2
91545,53,3,50,2
91546,57,11,46,2
91547,57,6,51,2
91548,51,1,50,2
91549,59,9,50,2
91550,50,5,45,2
91551,66,10,56,2
91552,55,7,48,2
91553,49,8,41,2
91554,56,10,46,2
91555,58,4,54,2
91556,65,7,58,2
91557,47,6,41,2
91558,61,8,53,2
91559,52,7,45,2
91560,50,4,46,2
91561,56,5,51,2
91562,54,5,49,2
91563,60,7,53,2
91564,60,6,54,2
91565,55,4,51,2
91566,69,11,58,2
91567,54,6,48,2
91568,50,7,43,2
91569,49,1,48,2
91570,60,5,55,2
91571,60,6,54,2
91572,68,10,58,2
91573,53,7,46,2
91574,50,5,45,2
91575,49,5,44,2
91576,45,6,39,2
91577,56,11,45,2
91578,58,5,53,2
91579,52,6,46,2
91580,47,8,39,2
91581,57,6,51,2
91582,51,2,49,2
91583,57,4,53,2
91584,68,6,62,2
91585,46,10,36,2
91586,50,4,46,2
91587,58,13,45,2
91588,48,8,40,2
91589,54,5,49,2
91590,70,12,58,2
91591,67,5,62,2
91592,53,6,47,2
91593,54,4,50,2
91594,60,12,48,2
91595,57,6,51,2
91596,57,11,46,2
91597,68,9,59,2
91598,45,8,37,2
91599,54,5,49,2
91600,58,7,51,2
91601,60,3,57,2
91602,56,15,41,2
91603,51,8,43,2
91604,61,10,51,2
91605,52,9,43,2
91606,46,5,41,2
91607,48,5,43,2
91608,55,3,52,2
91609,61,8,53,2
91610,74,12,62,2
91611,53,4,49,2
91612,57,6,51,2
91613,71,13,58,2
91614,51,5,46,2
91615,68,11,57,2
91616,58,8,50,2
91617,45,4,41,2
91618,51,7,44,2
91619,55,2,53,2
91620,42,1,41,2
91621,52,4,48,2
91622,39,1,38,2
91623,57,9,48,2
91624,52,7,45,2
91625,63,6,57,2
91626,54,3,51,2
91627,61,2,59,2
91628,54,2,52,2
91629,44,4,40,2
91630,46,5,41,2
91631,49,6,43,2
91632,65,6,59,2
91633,61,3,58,2
91634,56,9,47,2
91635,60,8,52,2
91636,47,5,42,2
91637,77,10,67,2
91638,67,8,59,2
91639,72,7,65,2
91640,58,6,52,2
91641,61,4,57,2
91642,56,4,52,2
91643,61,13,48,2
91644,43,4,39,2
91645,48,12,36,2
91646,55,5,50,2
91647,46,5,41,2
91648,58,7,51,2
91649,66,6,60,2
91650,54,6,48,2
91651,47,8,39,2
91652,33,5,28,2
91653,56,3,53,2
91654,57,4,53,2
91655,49,3,46,2
91656,45,3,42,2
91657,55,9,46,2
91658,54,14,40,2
91659,65,14,51,2
91660,56,8,48,2
91661,45,7,38,2
91662,65,13,52,2
91663,53,9,44,2
91664,54,5,49,2
91665,58,6,52,2
91666,62,9,53,2
91667,53,7,46,2
91668,55,5,50,2
91669,59,8,51,2
91670,53,6,47,2
91671,51,5,46,2
91672,54,7,47,2
91673,40,5,35,2
91674,55,8,47,2
91675,48,6,42,2
91676,54,7,47,2
91677,59,11,48,2
91678,51,6,45,2
91679,56,7,49,2
91680,52,5,47,2
91681,48,6,42,2
91682,44,3,41,2
91683,57,2,55,2
91684,49,5,44,2
91685,64,8,56,2
91686,52,7,45,2
91687,61,5,56,2
91688,53,6,47,2
91689,58,11,47,2
91690,49,4,45,2
91691,42,9,33,2
91692,66,7,59,2
91693,53,7,46,2
91694,63,9,54,2
91695,68,8,60,2
91696,60,9,51,2
91697,65,8,57,2
91698,53,10,43,2
91699,55,10,45,2
91700,52,7,45,2
91701,64,11,53,2
91702,67,12,55,2
91703,59,9,50,2
91704,53,6,47,2
91705,46,7,39,2
91706,50,6,44,2
91707,65,8,57,2
91708,56,1,55,2
91709,48,7,41,2
91710,52,7,45,2
91711,54,7,47,2
91712,63,11,52,2
91713,49,7,42,2
91714,52,6,46,2
91715,49,7,42,2
91716,70,5,65,2
91717,54,7,47,2
91718,38,3,35,2
91719,54,7,47,2
91720,65,7,58,2
91721,50,7,43,2
91722,63,5,58,2
91723,49,9,40,2
91724,41,5,36,2
91725,44,9,35,2
91726,53,3,50,2
91727,54,6,48,2
91728,69,8,61,2
91729,69,10,59,2
91730,52,4,48,2
91731,48,5,43,2
91732,63,12,51,2
91733,53,10,43,2
91734,65,3,62,2
91735,51,7,44,2
91736,59,6,53,2
91737,61,11,50,2
91738,63,7,56,2
91739,59,12,47,2
91740,60,7,53,2
91741,50,7,43,2
91742,57,11,46,2
91743,53,10,43,2
91744,55,7,48,2
91745,57,5,52,2
91746,51,8,43,2
91747,50,7,43,2
91748,59,4,55,2
91749,54,8,46,2
91750,57,5,52,2
91751,51,3,48,2
91752,41,5,36,2
91753,57,11,46,2
91754,57,5,52,2
91755,72,11,61,2
91756,54,4,50,2
91757,50,5,45,2
91758,46,4,42,2
91759,57,2,55,2
91760,53,7,46,2
91761,66,11,55,2
91762,60,4,56,2
91763,55,6,49,2
91764,59,6,53,2
91765,46,6,40,2
91766,64,6,58,2
91767,44,4,40,2
91768,52,9,43,2
91769,52,0,52,1
91770,48,3,45,2
91771,49,7,42,2
91772,52,9,43,2
91773,47,6,41,2
91774,56,8,48,2
91775,59,6,53,2
91776,58,6,52,2
91777,49,7,42,2
91778,65,9,56,2
91779,61,8,53,2
91780,52,7,45,2
91781,53,6,47,2
91782,48,3,45,2
91783,55,6,49,2
91784,59,9,50,2
91785,47,6,41,2
91786,44,6,38,2
91787,58,10,48,2
91788,57,6,51,2
91789,44,5,39,2
91790,63,3,60,2
91791,52,10,42,2
91792,64,10,54,2
91793,70,10,60,2
91794,40,6,34,2
91795,50,0,50,1
91796,56,8,48,2
91797,56,6,50,2
91798,51,7,44,2
91799,57,7,50,2
91800,56,8,48,2
91801,50,6,44,2
91802,66,5,61,2
91803,51,8,43,2
91804,59,7,52,2
91805,61,5,56,2
91806,50,7,43,2
91807,50,7,43,2
91808,48,4,44,2
91809,56,5,51,2
91810,62,6,56,2
91811,49,6,43,2
91812,71,10,61,2
91813,60,6,54,2
91814,53,4,49,2
91815,67,9,58,2
91816,40,9,31,2
91817,54,7,47,2
91818,60,5,55,2
91819,50,8,42,2
91820,53,9,44,2
91821,51,4,47,2
91822,49,8,41,2
91823,60,4,56,2
91824,45,6,39,2
91825,49,11,38,2
91826,61,7,54,2
91827,55,6,49,2
91828,48,4,44,2
91829,61,6,55,2
91830,45,3,42,2
91831,55,9,46,2
91832,55,7,48,2
91833,63,13,50,2
91834,53,6,47,2
91835,56,7,49,2
91836,37,4,33,2
91837,54,9,45,2
91838,56,5,51,2
91839,58,5,53,2
91840,53,12,41,2
91841,54,11,43,2
91842,73,6,67,2
91843,59,9,50,2
91844,72,15,57,2
91845,57,9,48,2
91846,54,5,49,2
91847,36,5,31,2
91848,66,7,59,2
91849,50,8,42,2
91850,69,8,61,2
91851,72,10,62,2
91852,52,7,45,2
91853,45,9,36,2
91854,51,11,40,2
91855,56,7,49,2
91856,68,10,58,2
91857,60,9,51,2
91858,48,2,46,2
91859,51,8,43,2
91860,59,4,55,2
91861,53,4,49,2
91862,56,5,51,2
91863,43,5,38,2
91864,53,7,46,2
91865,62,8,54,2
91866,50,8,42,2
91867,67,6,61,2
91868,43,7,36,2
91869,40,8,32,2
91870,54,6,48,2
91871,62,9,53,2
91872,41,2,39,2
91873,45,5,40,2
91874,51,4,47,2
91875,54,7,47,2
91876,62,9,53,2
91877,59,5,54,2
91878,46,4,42,2
91879,62,10,52,2
91880,66,10,56,2
91881,58,4,54,2
91882,42,4,38,2
91883,52,7,45,2
91884,58,3,55,2
91885,44,6,38,2
91886,51,10,41,2
91887,46,8,38,2
91888,56,4,52,2
91889,43,5,38,2
91890,54,4,50,2
91891,50,6,44,2
91892,50,8,42,2
91893,43,3,40,2
91894,47,8,39,2
91895,46,7,39,2
91896,59,10,49,2
91897,64,5,59,2
91898,51,4,47,2
91899,61,10,51,2
91900,52,6,46,2
91901,42,3,39,2
91902,45,6,39,2
91903,54,5,49,2
91904,45,8,37,2
91905,56,7,49,2
91906,50,5,45,2
91907,59,6,53,2
91908,50,5,45,2
91909,56,8,48,2
91910,44,3,41,2
91911,42,7,35,2
91912,63,10,53,2
91913,56,5,51,2
91914,57,7,50,2
91915,59,3,56,2
91916,63,5,58,2
91917,48,3,45,2
91918,41,4,37,2
91919,49,7,42,2
91920,66,9,57,2
91921,47,8,39,2
91922,47,5,42,2
91923,60,5,55,2
91924,67,13,54,2
91925,59,6,53,2
91926,47,7,40,2
91927,44,6,38,2
91928,58,6,52,2
91929,49,6,43,2
91930,46,8,38,2
91931,55,6,49,2
91932,59,5,54,2
91933,62,5,57,2
91934,55,6,49,2
91935,55,8,47,2
91936,56,5,51,2
91937,42,6,36,2
91938,59,5,54,2
91939,64,8,56,2
91940,38,4,34,2
91941,53,3,50,2
91942,54,2,52,2
91943,59,10,49,2
91944,63,12,51,2
91945,47,6,41,2
91946,71,6,65,2
91947,55,5,50,2
91948,51,10,41,2
91949,59,9,50,2
91950,65,6,59,2
91951,53,10,43,2
91952,53,5,48,2
91953,70,5,65,2
91954,50,6,44,2
91955,56,9,47,2
91956,69,5,64,2
91957,61,3,58,2
91958,57,7,50,2
91959,51,9,42,2
91960,56,6,50,2
91961,57,5,52,2
91962,54,7,47,2
91963,54,11,43,2
91964,61,6,55,2
91965,65,8,57,2
91966,59,11,48,2
91967,53,6,47,2
91968,56,11,45,2
91969,51,7,44,2
91970,50,10,40,2
91971,39,4,35,2
91972,65,6,59,2
91973,72,10,62,2
91974,55,5,50,2
91975,60,5,55,2
91976,46,4,42,2
91977,45,6,39,2
91978,64,12,52,2
91979,52,4,48,2
91980,62,9,53,2
91981,57,3,54,2
91982,64,10,54,2
91983,66,8,58,2
91984,57,6,51,2
91985,63,9,54,2
91986,45,3,42,2
91987,69,13,56,2
91988,57,11,46,2
91989,55,8,47,2
91990,44,5,39,2
91991,49,6,43,2
91992,61,8,53,2
91993,52,4,48,2
91994,55,4,51,2
91995,61,9,52,2
91996,57,6,51,2
91997,53,10,43,2
91998,47,9,38,2
91999,67,10,57,2
92000,64,16,48,2
92001,55,3,52,2
92002,51,5,46,2
92003,47,2,45,2
92004,59,7,52,2
92005,65,12,53,2
92006,49,8,41,2
92007,49,3,46,2
92008,53,6,47,2
92009,60,6,54,2
92010,56,9,47,2
92011,56,4,52,2
92012,63,12,51,2
92013,49,5,44,2
92014,58,6,52,2
92015,45,3,42,2
92016,60,8,52,2
92017,59,10,49,2
92018,52,7,45,2
92019,47,5,42,2
92020,59,9,50,2
92021,57,7,50,2
92022,54,4,50,2
92023,51,8,43,2
92024,55,3,52,2
92025,52,2,50,2
92026,59,8,51,2
92027,49,10,39,2
92028,55,10,45,2
92029,44,2,42,2
92030,68,4,64,2
92031,57,9,48,2
92032,45,3,42,2
92033,51,11,40,2
92034,66,6,60,2
92035,44,1,43,2
92036,69,7,62,2
92037,47,7,40,2
92038,53,5,48,2
92039,70,8,62,2
92040,51,4,47,2
92041,59,9,50,2
92042,55,4,51,2
92043,53,9,44,2
92044,60,5,55,2
92045,58,7,51,2
92046,56,6,50,2
92047,49,8,41,2
92048,50,8,42,2
92049,53,5,48,2
92050,61,8,53,2
92051,47,7,40,2
92052,51,7,44,2
92053,65,10,55,2
92054,45,4,41,2
92055,52,5,47,2
92056,49,3,46,2
92057,46,8,38,2
92058,42,3,39,2
92059,47,2,45,2
92060,59,5,54,2
92061,55,5,50,2
92062,53,5,48,2
92063,52,8,44,2
92064,50,5,45,2
92065,43,3,40,2
92066,59,8,51,2
92067,64,7,57,2
92068,52,5,47,2
92069,53,5,48,2
92070,58,7,51,2
92071,43,8,35,2
92072,49,8,41,2
92073,60,7,53,2
92074,54,5,49,2
92075,57,1,56,2
92076,53,6,47,2
92077,52,7,45,2
92078,66,6,60,2
92079,37,7,30,2
92080,58,6,52,2
92081,53,5,48,2
92082,51,6,45,2
92083,49,10,39,2
92084,49,5,44,2
92085,42,6,36,2
92086,52,5,47,2
92087,61,9,52,2
92088,54,4,50,2
92089,58,8,50,2
92090,51,5,46,2
92091,38,7,31,2
92092,61,6,55,2
92093,63,8,55,2
92094,62,6,56,2
92095,51,5,46,2
92096,43,6,37,2
92097,53,5,48,2
92098,62,8,54,2
92099,59,9,50,2
92100,63,9,54,2
92101,67,10,57,2
92102,45,4,41,2
92103,49,5,44,2
92104,52,7,45,2
92105,53,6,47,2
92106,56,5,51,2
92107,49,3,46,2
92108,60,8,52,2
92109,53,7,46,2
92110,55,10,45,2
92111,40,3,37,2
92112,58,14,44,2
92113,46,2,44,2
92114,67,5,62,2
92115,54,6,48,2
92116,46,8,38,2
92117,61,9,52,2
92118,70,3,67,2
92119,54,5,49,2
92120,51,8,43,2
92121,44,5,39,2
92122,59,8,51,2
92123,39,4,35,2
92124,63,5,58,2
92125,50,4,46,2
92126,58,11,47,2
92127,67,5,62,2
92128,45,3,42,2
92129,53,3,50,2
92130,42,7,35,2
92131,55,9,46,2
92132,54,8,46,2
92133,48,7,41,2
92134,60,8,52,2
92135,49,6,43,2
92136,69,5,64,2
92137,52,9,43,2
92138,57,2,55,2
92139,65,7,58,2
92140,56,6,50,2
92141,47,5,42,2
92142,53,7,46,2
92143,59,5,54,2
92144,71,8,63,2
92145,61,8,53,2
92146,62,4,58,2
92147,52,9,43,2
92148,60,9,51,2
92149,55,11,44,2
92150,53,4,49,2
92151,41,5,36,2
92152,49,2,47,2
92153,58,4,54,2
92154,56,7,49,2
92155,57,7,50,2
92156,51,10,41,2
92157,65,4,61,2
92158,47,4,43,2
92159,57,1,56,2
92160,57,5,52,2
92161,55,6,49,2
92162,48,6,42,2
92163,52,6,46,2
92164,61,6,55,2
92165,48,7,41,2
92166,51,9,42,2
92167,54,5,49,2
92168,53,5,48,2
92169,57,11,46,2
92170,68,9,59,2
92171,46,6,40,2
92172,56,11,45,2
92173,59,5,54,2
92174,61,6,55,2
92175,48,4,44,2
92176,50,4,46,2
92177,57,14,43,2
92178,49,5,44,2
92179,57,6,51,2
92180,49,2,47,2
92181,46,6,40,2
92182,54,4,50,2
92183,61,12,49,2
92184,47,4,43,2
92185,54,3,51,2
92186,61,7,54,2
92187,52,4,48,2
92188,47,2,45,2
92189,47,3,44,2
92190,53,9,44,2
92191,52,7,45,2
92192,50,9,41,2
92193,58,10,48,2
92194,59,7,52,2
92195,44,4,40,2
92196,53,7,46,2
92197,58,5,53,2
92198,58,3,55,2
92199,49,8,41,2
92200,60,9,51,2
92201,46,11,35,2
92202,58,6,52,2
92203,63,6,57,2
92204,49,4,45,2
92205,54,4,50,2
92206,63,10,53,2
92207,52,9,43,2
92208,58,5,53,2
92209,66,5,61,2
92210,47,6,41,2
92211,45,4,41,2
92212,70,7,63,2
92213,41,0,41,1
92214,56,7,49,2
92215,50,8,42,2
92216,56,7,49,2
92217,60,5,55,2
92218,64,7,57,2
92219,40,7,33,2
92220,57,8,49,2
92221,58,9,49,2
92222,44,4,40,2
92223,58,10,48,2
92224,55,3,52,2
92225,63,8,55,2
92226,61,5,56,2
92227,43,4,39,2
92228,45,4,41,2
92229,65,8,57,2
92230,65,9,56,2
92231,46,3,43,2
92232,51,7,44,2
92233,51,5,46,2
92234,57,4,53,2
92235,65,6,59,2
92236,50,5,45,2
92237,45,6,39,2
92238,45,6,39,2
92239,49,7,42,2
92240,55,13,42,2
92241,54,6,48,2
92242,65,7,58,2
92243,56,8,48,2
92244,46,8,38,2
92245,63,4,59,2
92246,56,7,49,2
92247,55,9,46,2
92248,54,4,50,2
92249,48,5,43,2
92250,52,7,45,2
92251,53,9,44,2
92252,50,3,47,2
92253,56,6,50,2
92254,49,4,45,2
92255,50,13,37,2
92256,52,3,49,2
92257,62,12,50,2
92258,63,4,59,2
92259,60,9,51,2
92260,53,6,47,2
92261,49,4,45,2
92262,53,3,50,2
92263,68,3,65,2
92264,56,4,52,2
92265,42,4,38,2
92266,59,7,52,2
92267,48,6,42,2
92268,51,4,47,2
92269,51,4,47,2
92270,71,8,63,2
92271,52,7,45,2
92272,55,5,50,2
92273,55,6,49,2
92274,64,6,58,2
92275,39,5,34,2
92276,62,10,52,2
92277,47,5,42,2
92278,54,8,46,2
92279,45,2,43,2
92280,65,7,58,2
92281,53,6,47,2
92282,51,3,48,2
92283,42,10,32,2
92284,54,5,49,2
92285,50,3,47,2
92286,48,3,45,2
92287,52,7,45,2
92288,58,7,51,2
92289,56,10,46,2
92290,67,9,58,2
92291,63,8,55,2
92292,42,6,36,2
92293,52,5,47,2
92294,38,5,33,2
92295,48,4,44,2
92296,60,4,56,2
92297,53,1,52,2
92298,50,8,42,2
92299,43,8,35,2
92300,51,4,47,2
92301,63,6,57,2
92302,64,13,51,2
92303,53,4,49,2
92304,65,5,60,2
92305,71,11,60,2
92306,61,6,55,2
92307,56,9,47,2
92308,49,4,45,2
92309,67,9,58,2
92310,49,6,43,2
92311,59,7,52,2
92312,46,4,42,2
92313,49,3,46,2
92314,65,7,58,2
92315,51,7,44,2
92316,54,4,50,2
92317,48,4,44,2
92318,53,8,45,2
92319,54,4,50,2
92320,53,3,50,2
92321,56,7,49,2
92322,56,6,50,2
92323,48,8,40,2
92324,51,5,46,2
92325,49,9,40,2
92326,46,4,42,2
92327,56,9,47,2
92328,61,5,56,2
92329,52,2,50,2
92330,53,5,48,2
92331,54,4,50,2
92332,58,5,53,2
92333,56,9,47,2
92334,52,6,46,2
92335,41,4,37,2
92336,53,1,52,2
92337,58,9,49,2
92338,65,5,60,2
92339,68,7,61,2
92340,50,5,45,2
92341,64,8,56,2
92342,43,5,38,2
92343,47,6,41,2
92344,59,9,50,2
92345,62,10,52,2
92346,51,12,39,2
92347,65,9,56,2
92348,60,8,52,2
92349,58,7,51,2
92350,46,7,39,2
92351,50,7,43,2
92352,54,10,44,2
92353,65,12,53,2
92354,57,4,53,2
92355,56,6,50,2
92356,60,11,49,2
92357,68,14,54,2
92358,57,6,51,2
92359,5,0,5,1
92360,58,8,50,2
92361,42,8,34,2
92362,43,7,36,2
92363,52,10,42,2
92364,52,4,48,2
92365,61,8,53,2
92366,55,8,47,2
92367,60,3,57,2
92368,63,9,54,2
92369,58,5,53,2
92370,52,7,45,2
92371,73,10,63,2
92372,52,2,50,2
92373,46,10,36,2
92374,65,7,58,2
92375,67,11,56,2
92376,61,5,56,2
92377,60,9,51,2
92378,63,10,53,2
92379,65,10,55,2
92380,46,5,41,2
92381,61,6,55,2
92382,52,7,45,2
92383,66,10,56,2
92384,55,6,49,2
92385,50,3,47,2
92386,62,3,59,2
92387,55,2,53,2
92388,58,9,49,2
92389,53,6,47,2
92390,63,5,58,2
92391,57,7,50,2
92392,49,4,45,2
92393,61,10,51,2
92394,62,7,55,2
92395,52,4,48,2
92396,44,4,40,2
92397,54,3,51,2
92398,62,5,57,2
92399,46,5,41,2
92400,51,4,47,2
92401,53,5,48,2
92402,63,16,47,2
92403,58,12,46,2
92404,58,7,51,2
92405,51,5,46,2
92406,67,7,60,2
92407,52,7,45,2
92408,49,6,43,2
92409,42,5,37,2
92410,63,4,59,2
92411,52,6,46,2
92412,68,5,63,2
92413,62,5,57,2
92414,57,4,53,2
92415,39,2,37,2
92416,61,14,47,2
92417,53,4,49,2
92418,40,4,36,2
92419,54,9,45,2
92420,55,6,49,2
92421,56,9,47,2
92422,59,6,53,2
92423,53,9,44,2
92424,61,7,54,2
92425,57,9,48,2
92426,52,4,48,2
92427,45,7,38,2
92428,49,8,41,2
92429,48,5,43,2
92430,74,8,66,2
92431,47,3,44,2
92432,50,10,40,2
92433,55,7,48,2
92434,52,6,46,2
92435,59,8,51,2
92436,50,6,44,2
92437,48,4,44,2
92438,55,5,50,2
92439,59,11,48,2
92440,60,7,53,2
92441,63,12,51,2
92442,50,6,44,2
92443,66,6,60,2
92444,62,10,52,2
92445,40,7,33,2
92446,58,7,51,2
92447,63,5,58,2
92448,62,9,53,2
92449,52,5,47,2
92450,60,7,53,2
92451,47,5,42,2
92452,70,7,63,2
92453,61,9,52,2
92454,44,5,39,2
92455,55,6,49,2
92456,56,9,47,2
92457,51,2,49,2
92458,59,7,52,2
92459,52,9,43,2
92460,51,9,42,2
92461,48,11,37,2
92462,71,13,58,2
92463,50,9,41,2
92464,50,1,49,2
92465,64,9,55,2
92466,57,4,53,2
92467,54,6,48,2
92468,58,6,52,2
92469,53,8,45,2
92470,52,7,45,2
92471,62,5,57,2
92472,52,4,48,2
92473,62,11,51,2
92474,62,9,53,2
92475,53,7,46,2
92476,44,7,37,2
92477,53,4,49,2
92478,67,10,57,2
92479,65,12,53,2
92480,46,3,43,2
92481,57,7,50,2
92482,53,9,44,2
92484,61,6,55,2
92485,54,6,48,2
92486,53,11,42,2
92487,56,6,50,2
92488,44,4,40,2
92489,59,6,53,2
92490,64,6,58,2
92491,54,5,49,2
92492,64,10,54,2
92493,51,3,48,2
92494,47,8,39,2
92495,65,9,56,2
92496,44,4,40,2
92497,49,8,41,2
92498,71,9,62,2
92499,57,6,51,2
92500,50,5,45,2
92501,52,4,48,2
92502,54,4,50,2
92503,69,1,68,2
92504,65,6,59,2
92505,46,6,40,2
92506,53,5,48,2
92507,46,3,43,2
92508,62,12,50,2
92509,50,8,42,2
92510,62,4,58,2
92511,57,5,52,2
92512,61,8,53,2
92513,49,9,40,2
92514,49,6,43,2
92515,45,2,43,2
92516,56,5,51,2
92517,55,4,51,2
92518,64,5,59,2
92519,52,8,44,2
92520,43,2,41,2
92521,64,4,60,2
92522,52,5,47,2
92523,52,6,46,2
92524,57,5,52,2
92525,47,5,42,2
92526,67,9,58,2
92527,66,11,55,2
92528,60,13,47,2
92529,56,1,55,2
92530,53,7,46,2
92531,65,5,60,2
92532,61,9,52,2
92533,53,2,51,2
92534,62,8,54,2
92535,54,1,53,2
92536,48,6,42,2
92537,48,1,47,2
92538,58,7,51,2
92539,75,14,61,2
92540,39,5,34,2
92541,61,6,55,2
92542,59,4,55,2
92543,52,5,47,2
92544,51,4,47,2
92545,61,6,55,2
92546,52,5,47,2
92547,59,9,50,2
92548,50,11,39,2
92549,71,9,62,2
92550,59,8,51,2
92551,44,7,37,2
92552,50,7,43,2
92553,55,8,47,2
92554,56,3,53,2
92555,51,7,44,2
92556,52,7,45,2
92557,60,11,49,2
92558,62,2,60,2
92559,51,6,45,2
92560,49,5,44,2
92561,51,6,45,2
92562,50,4,46,2
92563,75,5,70,2
92564,49,7,42,2
92565,52,6,46,2
92566,57,11,46,2
92567,57,4,53,2
92568,52,6,46,2
92569,52,8,44,2
92570,42,7,35,2
92571,51,7,44,2
92572,48,5,43,2
92573,57,6,51,2
92574,46,4,42,2
92575,45,2,43,2
92576,51,5,46,2
92577,60,5,55,2
92578,64,9,55,2
92579,53,7,46,2
92580,46,8,38,2
92581,69,13,56,2
92582,46,6,40,2
92583,63,4,59,2
92584,64,9,55,2
92585,50,6,44,2
92586,57,7,50,2
92587,58,5,53,2
92588,59,10,49,2
92589,52,5,47,2
92590,62,6,56,2
92591,55,8,47,2
92592,46,5,41,2
92593,68,9,59,2
92594,58,6,52,2
92595,50,5,45,2
92596,69,6,63,2
92597,60,6,54,2
92598,76,9,67,2
92599,56,8,48,2
92600,57,10,47,2
92601,65,7,58,2
92602,56,6,50,2
92603,47,4,43,2
92604,49,6,43,2
92605,55,5,50,2
92606,53,7,46,2
92607,49,7,42,2
92608,56,6,50,2
92609,61,4,57,2
92610,55,6,49,2
92611,60,11,49,2
92612,61,9,52,2
92613,53,11,42,2
92614,59,6,53,2
92615,50,9,41,2
92616,56,8,48,2
92617,61,6,55,2
92618,58,6,52,2
92619,51,6,45,2
92620,53,4,49,2
92621,56,4,52,2
92622,46,4,42,2
92623,44,8,36,2
92624,64,8,56,2
92625,53,6,47,2
92626,54,5,49,2
92627,56,7,49,2
92628,61,6,55,2
92629,66,7,59,2
92630,61,11,50,2
92631,60,8,52,2
92632,56,7,49,2
92633,48,6,42,2
92634,48,10,38,2
92635,52,5,47,2
92636,59,4,55,2
92637,49,5,44,2
92638,54,10,44,2
92639,58,6,52,2
92640,49,7,42,2
92641,53,6,47,2
92642,50,6,44,2
92643,63,8,55,2
92644,51,8,43,2
92645,47,4,43,2
92646,46,4,42,2
92647,52,5,47,2
92648,53,9,44,2
92649,66,3,63,2
92650,54,6,48,2
92651,50,7,43,2
92652,45,6,39,2
92653,70,10,60,2
92654,56,9,47,2
92655,48,7,41,2
92656,52,5,47,2
92657,43,4,39,2
92658,61,8,53,2
92659,58,7,51,2
92660,56,3,53,2
92661,56,8,48,2
92662,70,12,58,2
92663,61,13,48,2
92664,56,6,50,2
92665,64,12,52,2
92666,54,10,44,2
92667,57,8,49,2
92668,78,11,67,2
92669,43,8,35,2
92670,57,5,52,2
92671,58,2,56,2
92672,59,6,53,2
92673,56,8,48,2
92674,64,7,57,2
92675,58,7,51,2
92676,54,6,48,2
92677,48,6,42,2
92678,56,5,51,2
92679,50,8,42,2
92680,56,6,50,2
92681,54,3,51,2
92682,66,7,59,2
92683,45,7,38,2
92684,51,4,47,2
92685,65,9,56,2
92686,59,9,50,2
92687,48,3,45,2
92688,42,2,40,2
92689,54,5,49,2
92690,58,7,51,2
92691,53,4,49,2
92692,63,9,54,2
92693,47,8,39,2
92694,58,5,53,2
92695,49,9,40,2
92696,55,6,49,2
92697,48,7,41,2
92698,55,6,49,2
92699,50,2,48,2
92700,51,5,46,2
92701,49,4,45,2
92702,61,9,52,2
92703,40,4,36,2
92704,54,7,47,2
92705,44,9,35,2
92706,50,5,45,2
92707,51,7,44,2
92708,56,10,46,2
92709,53,7,46,2
92710,50,3,47,2
92711,54,9,45,2
92712,54,8,46,2
92713,41,6,35,2
92714,53,7,46,2
92715,42,3,39,2
92716,48,7,41,2
92717,44,6,38,2
92718,42,6,36,2
92719,42,5,37,2
92720,53,9,44,2
92721,60,3,57,2
92722,50,11,39,2
92723,56,9,47,2
92724,49,6,43,2
92725,65,9,56,2
92726,57,12,45,2
92727,58,11,47,2
92728,57,4,53,2
92729,63,10,53,2
92730,49,3,46,2
92731,50,4,46,2
92732,38,7,31,2
92733,64,7,57,2
92734,61,10,51,2
92735,61,8,53,2
92736,51,8,43,2
92737,57,5,52,2
92738,45,5,40,2
92739,48,11,37,2
92740,59,9,50,2
92741,44,4,40,2
92742,50,10,40,2
92743,53,6,47,2
92744,59,9,50,2
92745,45,7,38,2
92746,55,8,47,2
92747,54,6,48,2
92748,60,8,52,2
92749,55,4,51,2
92750,60,7,53,2
92751,66,9,57,2
92752,50,10,40,2
92753,55,5,50,2
92754,62,6,56,2
92755,60,8,52,2
92756,52,4,48,2
92757,51,10,41,2
92758,54,3,51,2
92759,58,9,49,2
92760,59,6,53,2
92761,58,8,50,2
92762,53,2,51,2
92763,41,8,33,2
92764,53,5,48,2
92765,52,7,45,2
92766,52,6,46,2
92767,42,2,40,2
92768,50,7,43,2
92769,53,4,49,2
92770,59,4,55,2
92771,54,3,51,2
92772,63,8,55,2
92773,44,2,42,2
92774,52,2,50,2
92775,53,9,44,2
92776,58,6,52,2
92777,46,1,45,2
92778,44,9,35,2
92779,55,9,46,2
92780,46,4,42,2
92781,40,7,33,2
92782,54,7,47,2
92783,46,7,39,2
92784,47,4,43,2
92785,39,6,33,2
92786,60,9,51,2
92787,63,6,57,2
92788,56,9,47,2
92789,39,5,34,2
92790,61,9,52,2
92791,53,7,46,2
92792,51,8,43,2
92793,44,4,40,2
92794,44,6,38,2
92795,55,5,50,2
92796,39,4,35,2
92797,64,10,54,2
92798,50,6,44,2
92799,59,9,50,2
92800,64,9,55,2
92801,53,8,45,2
92802,58,9,49,2
92803,71,10,61,2
92804,59,7,52,2
92805,46,7,39,2
92806,68,9,59,2
92807,55,7,48,2
92808,64,7,57,2
92809,48,8,40,2
92810,40,6,34,2
92811,67,10,57,2
92812,59,10,49,2
92813,51,8,43,2
92814,54,7,47,2
92815,36,5,31,2
92816,64,11,53,2
92817,49,9,40,2
92818,46,5,41,2
92819,55,3,52,2
92820,53,4,49,2
92821,56,5,51,2
92822,55,3,52,2
92823,55,5,50,2
92824,56,2,54,2
92825,49,4,45,2
92826,47,7,40,2
92827,61,10,51,2
92828,65,9,56,2
92829,46,4,42,2
92830,61,4,57,2
92831,50,13,37,2
92832,60,11,49,2
92833,54,5,49,2
92834,45,5,40,2
92835,47,9,38,2
92836,45,7,38,2
92837,56,11,45,2
92838,47,5,42,2
92839,51,5,46,2
92840,56,8,48,2
92841,50,6,44,2
92842,43,5,38,2
92843,46,7,39,2
92844,56,7,49,2
92845,49,1,48,2
92846,53,5,48,2
92847,64,4,60,2
92848,47,11,36,2
92849,64,6,58,2
92850,48,6,42,2
92851,48,5,43,2
92852,66,7,59,2
92853,51,7,44,2
92854,42,2,40,2
92855,52,6,46,2
92856,54,8,46,2
92857,43,8,35,2
92858,48,6,42,2
92859,62,11,51,2
92860,48,6,42,2
92861,44,2,42,2
92862,64,11,53,2
92863,56,7,49,2
92864,64,7,57,2
92865,53,10,43,2
92866,56,3,53,2
92867,44,5,39,2
92868,74,9,65,2
92869,52,6,46,2
92870,55,6,49,2
92871,58,4,54,2
92872,49,9,40,2
92873,53,10,43,2
92874,67,8,59,2
92875,50,8,42,2
92876,60,7,53,2
92877,50,4,46,2
92878,59,7,52,2
92879,59,6,53,2
92880,60,11,49,2
92881,53,9,44,2
92882,48,10,38,2
92883,67,9,58,2
92884,73,7,66,2
92885,47,3,44,2
92886,41,1,40,2
92887,50,6,44,2
92888,53,3,50,2
92889,67,8,59,2
92890,61,5,56,2
92891,64,5,59,2
92892,63,3,60,2
92893,50,8,42,2
92894,59,6,53,2
92895,48,5,43,2
92896,48,6,42,2
92897,56,1,55,2
92898,55,7,48,2
92899,67,10,57,2
92900,39,6,33,2
92901,53,2,51,2
92902,48,9,39,2
92903,56,10,46,2
92904,57,4,53,2
92905,40,4,36,2
92906,69,5,64,2
92907,52,4,48,2
92908,74,4,70,2
92909,49,6,43,2
92910,53,10,43,2
92911,52,3,49,2
92912,48,7,41,2
92913,56,9,47,2
92914,46,6,40,2
92915,62,7,55,2
92916,43,9,34,2
92917,40,3,37,2
92918,63,15,48,2
92919,63,11,52,2
92920,59,5,54,2
92921,47,8,39,2
92922,42,5,37,2
92923,53,2,51,2
92924,56,4,52,2
92925,53,7,46,2
92926,48,10,38,2
92927,73,5,68,2
92928,53,5,48,2
92929,57,9,48,2
92930,54,7,47,2
92931,46,7,39,2
92932,45,6,39,2
92933,51,7,44,2
92934,63,4,59,2
92935,49,5,44,2
92936,52,3,49,2
92937,54,10,44,2
92938,50,8,42,2
92939,46,6,40,2
92940,48,6,42,2
92941,64,6,58,2
92942,49,6,43,2
92943,45,2,43,2
92944,48,7,41,2
92945,51,4,47,2
92946,45,3,42,2
92947,57,5,52,2
92948,51,6,45,2
92949,51,4,47,2
92950,56,7,49,2
92951,54,3,51,2
92952,42,7,35,2
92953,49,6,43,2
92954,69,7,62,2
92955,60,5,55,2
92956,70,11,59,2
92957,57,9,48,2
92958,51,9,42,2
92959,54,6,48,2
92960,58,5,53,2
92961,54,10,44,2
92962,42,5,37,2
92963,61,5,56,2
92964,48,3,45,2
92965,51,7,44,2
92966,41,8,33,2
92967,51,8,43,2
92968,62,5,57,2
92969,58,8,50,2
92970,56,4,52,2
92971,51,6,45,2
92972,59,9,50,2
92973,65,5,60,2
92974,49,5,44,2
92975,54,7,47,2
92976,50,6,44,2
92977,51,7,44,2
92978,54,10,44,2
92979,60,6,54,2
92980,61,10,51,2
92981,56,7,49,2
92982,60,9,51,2
92983,55,6,49,2
92984,68,7,61,2
92985,52,6,46,2
92986,72,9,63,2
92987,54,5,49,2
92988,44,6,38,2
92989,47,8,39,2
92990,50,0,50,1
92991,58,9,49,2
92992,54,9,45,2
92993,56,7,49,2
92994,52,3,49,2
92995,62,8,54,2
92996,48,7,41,2
92997,56,7,49,2
92998,55,4,51,2
92999,56,13,43,2
93000,64,12,52,2
93001,61,6,55,2
93002,56,5,51,2
93003,57,12,45,2
93004,54,4,50,2
93005,70,11,59,2
93006,59,8,51,2
93007,42,4,38,2
93008,55,12,43,2
93009,62,7,55,2
93010,60,7,53,2
93011,45,7,38,2
93012,65,5,60,2
93013,60,8,52,2
93014,54,10,44,2
93015,59,10,49,2
93016,43,4,39,2
93017,52,6,46,2
93018,58,5,53,2
93019,50,7,43,2
93020,65,5,60,2
93021,51,7,44,2
93022,54,7,47,2
93023,53,6,47,2
93024,47,9,38,2
93025,55,3,52,2
93026,65,9,56,2
93027,52,9,43,2
93028,53,7,46,2
93029,59,12,47,2
93030,47,8,39,2
93031,57,8,49,2
93032,57,8,49,2
93033,56,6,50,2
93034,63,6,57,2
93035,61,11,50,2
93036,59,6,53,2
93037,60,6,54,2
93038,48,7,41,2
93039,54,8,46,2
93040,50,2,48,2
93041,43,6,37,2
93042,59,3,56,2
93043,58,3,55,2
93044,47,8,39,2
93045,76,15,61,2
93046,51,4,47,2
93047,53,5,48,2
93048,60,5,55,2
93049,52,7,45,2
93050,41,7,34,2
93051,55,12,43,2
93052,47,5,42,2
93053,52,7,45,2
93054,41,7,34,2
93055,44,4,40,2
93056,60,2,58,2
93057,47,9,38,2
93058,55,8,47,2
93059,52,5,47,2
93060,50,6,44,2
93061,56,6,50,2
93062,54,5,49,2
93063,57,7,50,2
93064,58,7,51,2
93065,48,6,42,2
93066,52,9,43,2
93067,49,6,43,2
93068,52,8,44,2
93069,55,4,51,2
93070,55,4,51,2
93071,57,11,46,2
93072,48,5,43,2
93073,52,8,44,2
93074,58,11,47,2
93075,48,3,45,2
93076,55,4,51,2
93077,60,5,55,2
93078,46,7,39,2
93079,53,5,48,2
93080,60,6,54,2
93081,59,10,49,2
93082,61,3,58,2
93083,52,5,47,2
93084,57,7,50,2
93085,57,8,49,2
93086,61,5,56,2
93087,59,11,48,2
93088,65,11,54,2
93089,52,8,44,2
93090,54,9,45,2
93091,52,5,47,2
93092,54,5,49,2
93093,59,5,54,2
93094,40,3,37,2
93095,64,8,56,2
93096,54,5,49,2
93097,53,10,43,2
93098,63,4,59,2
93099,58,6,52,2
93100,59,12,47,2
93101,46,15,31,2
93102,46,6,40,2
93103,51,6,45,2
93104,66,10,56,2
93105,51,5,46,2
93106,72,13,59,2
93107,52,5,47,2
93108,47,4,43,2
93109,49,4,45,2
93110,65,5,60,2
93111,53,7,46,2
93112,57,5,52,2
93113,66,5,61,2
93114,58,4,54,2
93115,55,7,48,2
93116,67,10,57,2
93117,49,7,42,2
93118,48,8,40,2
93119,54,9,45,2
93120,64,8,56,2
93121,44,6,38,2
93122,53,11,42,2
93123,55,9,46,2
93124,49,5,44,2
93125,62,3,59,2
93126,53,7,46,2
93127,52,8,44,2
93128,54,12,42,2
93129,59,10,49,2
93130,48,12,36,2
93131,58,6,52,2
93132,42,7,35,2
93133,75,12,63,2
93134,67,5,62,2
93135,64,6,58,2
93136,57,6,51,2
93137,58,11,47,2
93138,70,8,62,2
93139,58,6,52,2
93140,64,9,55,2
93141,52,9,43,2
93142,49,8,41,2
93143,42,4,38,2
93144,39,3,36,2
93145,47,8,39,2
93146,58,10,48,2
93147,54,9,45,2
93148,49,9,40,2
93149,50,3,47,2
93150,57,5,52,2
93151,59,6,53,2
93152,57,9,48,2
93153,50,5,45,2
93154,55,6,49,2
93155,54,5,49,2
93156,49,6,43,2
93157,58,8,50,2
93158,71,5,66,2
93159,48,5,43,2
93160,47,7,40,2
93161,71,9,62,2
93162,57,5,52,2
93163,51,6,45,2
93164,51,3,48,2
93165,48,8,40,2
93166,54,3,51,2
93167,47,5,42,2
93168,48,10,38,2
93169,46,3,43,2
93170,60,5,55,2
93171,64,7,57,2
93172,51,10,41,2
93173,69,16,53,2
93174,54,4,50,2
93175,42,5,37,2
93176,51,5,46,2
93177,55,5,50,2
93178,55,7,48,2
93179,47,5,42,2
93180,71,13,58,2
93181,56,8,48,2
93182,63,10,53,2
93183,59,4,55,2
93184,66,10,56,2
93185,50,8,42,2
93186,61,8,53,2
93187,55,6,49,2
93188,53,9,44,2
93189,37,6,31,2
93190,52,11,41,2
93191,49,6,43,2
93192,51,2,49,2
93193,62,10,52,2
93194,59,8,51,2
93195,53,2,51,2
93196,41,3,38,2
93197,61,6,55,2
93198,45,3,42,2
93199,61,9,52,2
93200,63,11,52,2
93201,54,3,51,2
93202,51,8,43,2
93203,49,4,45,2
93204,64,10,54,2
93205,62,3,59,2
93206,58,8,50,2
93207,58,12,46,2
93208,58,8,50,2
93209,67,9,58,2
93210,69,5,64,2
93211,52,6,46,2
93212,64,10,54,2
93213,56,9,47,2
93214,42,5,37,2
93215,67,12,55,2
93216,47,2,45,2
93217,44,13,31,2
93218,45,2,43,2
93219,42,7,35,2
93220,46,10,36,2
93221,65,6,59,2
93222,56,9,47,2
93223,71,5,66,2
93224,54,6,48,2
93225,47,5,42,2
93226,56,3,53,2
93227,55,10,45,2
93228,48,5,43,2
93229,59,13,46,2
93230,63,6,57,2
93231,72,3,69,2
93232,59,8,51,2
93233,47,11,36,2
93234,49,4,45,2
93235,52,4,48,2
93236,41,3,38,2
93237,52,5,47,2
93238,44,9,35,2
93239,42,5,37,2
93240,52,7,45,2
93241,54,3,51,2
93242,52,6,46,2
93243,61,6,55,2
93244,60,1,59,2
93245,53,6,47,2
93246,64,6,58,2
93247,53,3,50,2
93248,43,4,39,2
93249,46,8,38,2
93250,54,6,48,2
93251,67,14,53,2
93252,69,6,63,2
93253,55,5,50,2
93254,59,10,49,2
93255,54,3,51,2
93256,58,6,52,2
93257,49,4,45,2
93258,64,9,55,2
93259,58,9,49,2
93260,39,8,31,2
93261,51,5,46,2
93262,53,9,44,2
93263,55,8,47,2
93264,63,10,53,2
93265,44,4,40,2
93266,66,5,61,2
93267,53,3,50,2
93268,68,9,59,2
93269,50,8,42,2
93270,51,7,44,2
93271,69,9,60,2
93272,52,7,45,2
93273,54,4,50,2
93274,56,8,48,2
93275,65,8,57,2
93276,57,4,53,2
93277,45,2,43,2
93278,56,8,48,2
93279,52,7,45,2
93280,49,8,41,2
93281,56,6,50,2
93282,55,4,51,2
93283,56,5,51,2
93284,62,7,55,2
93285,48,5,43,2
93286,70,7,63,2
93287,54,1,53,2
93288,51,9,42,2
93289,57,8,49,2
93290,53,7,46,2
93291,44,5,39,2
93292,57,3,54,2
93293,69,8,61,2
93294,54,4,50,2
93295,61,5,56,2
93296,45,4,41,2
93297,47,5,42,2
93298,66,8,58,2
93299,52,5,47,2
93300,59,3,56,2
93301,63,4,59,2
93302,44,2,42,2
93303,55,6,49,2
93304,32,2,30,2
93305,43,4,39,2
93306,51,5,46,2
93307,47,5,42,2
93308,61,2,59,2
93309,45,8,37,2
93310,50,3,47,2
93311,59,7,52,2
93312,48,3,45,2
93313,60,5,55,2
93314,55,9,46,2
93315,51,4,47,2
93316,45,4,41,2
93317,63,3,60,2
93318,55,10,45,2
93319,63,6,57,2
93320,50,3,47,2
93321,47,5,42,2
93322,52,6,46,2
93323,55,5,50,2
93324,49,7,42,2
93325,56,9,47,2
93326,64,9,55,2
93327,60,9,51,2
93328,46,5,41,2
93329,33,3,30,2
93330,58,7,51,2
93331,41,1,40,2
93332,61,8,53,2
93333,50,9,41,2
93334,50,5,45,2
93335,48,5,43,2
93336,66,8,58,2
93337,47,8,39,2
93338,43,3,40,2
93339,46,5,41,2
93340,44,3,41,2
93341,45,9,36,2
93342,64,6,58,2
93343,64,5,59,2
93344,58,7,51,2
93345,59,9,50,2
93346,63,6,57,2
93347,55,7,48,2
93349,41,6,35,2
93350,57,10,47,2
93351,49,5,44,2
93352,62,8,54,2
93353,43,4,39,2
93354,53,6,47,2
93355,55,8,47,2
93356,67,6,61,2
93357,40,4,36,2
93358,49,7,42,2
93359,48,8,40,2
93360,55,6,49,2
93361,45,4,41,2
93362,58,6,52,2
93363,60,6,54,2
93364,58,3,55,2
93365,55,8,47,2
93366,54,7,47,2
93367,59,8,51,2
93368,56,7,49,2
93369,59,6,53,2
93370,44,7,37,2
93371,56,9,47,2
93372,56,3,53,2
93373,31,3,28,2
93374,65,7,58,2
93375,55,9,46,2
93376,58,10,48,2
93377,46,5,41,2
93378,54,5,49,2
93379,53,6,47,2
93380,46,8,38,2
93381,51,12,39,2
93382,57,4,53,2
93383,60,5,55,2
93384,59,7,52,2
93385,59,5,54,2
93386,58,9,49,2
93387,50,5,45,2
93388,49,10,39,2
93389,70,10,60,2
93390,61,10,51,2
93391,62,9,53,2
93392,60,12,48,2
93393,45,2,43,2
93394,53,9,44,2
93395,53,2,51,2
93396,56,6,50,2
93397,64,8,56,2
93398,68,6,62,2
93399,50,4,46,2
93400,55,6,49,2
93401,48,5,43,2
93402,49,6,43,2
93403,56,7,49,2
93404,51,3,48,2
93405,57,6,51,2
93406,60,7,53,2
93407,45,5,40,2
93408,61,10,51,2
93409,43,7,36,2
93410,56,4,52,2
93411,58,6,52,2
93412,48,3,45,2
93413,48,11,37,2
93414,55,11,44,2
93415,51,2,49,2
93416,60,3,57,2
93417,52,5,47,2
93418,73,11,62,2
93419,57,3,54,2
93420,35,5,30,2
93421,60,10,50,2
93422,66,8,58,2
93423,68,10,58,2
93424,51,4,47,2
93425,48,5,43,2
93426,49,6,43,2
93427,58,7,51,2
93428,51,5,46,2
93429,65,6,59,2
93430,35,6,29,2
93431,71,4,67,2
93432,56,9,47,2
93433,42,3,39,2
93434,64,8,56,2
93435,54,2,52,2
93436,52,7,45,2
93437,54,10,44,2
93438,58,4,54,2
93439,66,5,61,2
93440,48,6,42,2
93441,50,5,45,2
93442,68,8,60,2
93443,43,4,39,2
93444,67,4,63,2
93445,49,6,43,2
93446,53,8,45,2
93447,42,8,34,2
93448,59,8,51,2
93449,45,4,41,2
93450,56,6,50,2
93451,57,10,47,2
93452,43,3,40,2
93453,50,5,45,2
93454,65,7,58,2
93455,52,7,45,2
93456,56,9,47,2
93457,46,9,37,2
93458,43,7,36,2
93459,55,7,48,2
93460,57,10,47,2
93461,65,6,59,2
93462,58,11,47,2
93463,46,5,41,2
93464,51,8,43,2
93465,50,6,44,2
93466,53,10,43,2
93467,70,7,63,2
93468,59,13,46,2
93469,52,5,47,2
93470,47,6,41,2
93471,56,4,52,2
93472,43,5,38,2
93473,60,8,52,2
93474,52,14,38,2
93475,48,4,44,2
93476,59,3,56,2
93477,71,6,65,2
93478,47,4,43,2
93479,55,7,48,2
93480,60,5,55,2
93481,51,5,46,2
93482,54,11,43,2
93483,59,6,53,2
93484,51,9,42,2
93485,62,5,57,2
93486,68,8,60,2
93487,56,13,43,2
93488,54,4,50,2
93489,54,4,50,2
93490,59,8,51,2
93491,54,8,46,2
93492,56,4,52,2
93493,42,7,35,2
93494,43,7,36,2
93495,49,10,39,2
93496,52,7,45,2
93497,53,9,44,2
93498,58,5,53,2
93499,66,9,57,2
93500,67,7,60,2
93501,51,6,45,2
93502,52,5,47,2
93503,52,9,43,2
93504,53,5,48,2
93505,55,9,46,2
93506,59,8,51,2
93507,63,8,55,2
93508,48,7,41,2
93509,66,7,59,2
93510,51,7,44,2
93511,56,5,51,2
93512,61,10,51,2
93513,52,3,49,2
93514,57,9,48,2
93515,57,7,50,2
93516,57,7,50,2
93517,41,5,36,2
93519,65,10,55,2
93520,48,3,45,2
93521,68,9,59,2
93522,57,7,50,2
93523,70,7,63,2
93524,48,6,42,2
93525,63,11,52,2
93526,45,6,39,2
93527,57,7,50,2
93528,71,5,66,2
93529,61,3,58,2
93530,54,7,47,2
93531,56,11,45,2
93532,59,9,50,2
93533,54,2,52,2
93534,62,5,57,2
93535,61,12,49,2
93536,70,6,64,2
93537,57,7,50,2
93538,48,8,40,2
93539,46,9,37,2
93540,43,3,40,2
93541,49,5,44,2
93542,50,3,47,2
93543,62,8,54,2
93544,48,2,46,2
93545,52,2,50,2
93546,59,11,48,2
93547,45,7,38,2
93548,63,8,55,2
93549,59,13,46,2
93550,56,8,48,2
93551,60,4,56,2
93552,54,6,48,2
93553,51,8,43,2
93554,60,5,55,2
93555,48,9,39,2
93556,54,8,46,2
93557,49,1,48,2
93558,48,6,42,2
93559,55,13,42,2
93560,52,6,46,2
93561,44,4,40,2
93562,63,5,58,2
93563,46,2,44,2
93564,60,6,54,2
93565,50,6,44,2
93566,48,5,43,2
93567,58,7,51,2
93568,58,7,51,2
93569,66,3,63,2
93570,60,6,54,2
93571,47,5,42,2
93572,54,4,50,2
93573,61,8,53,2
93574,45,3,42,2
93575,60,5,55,2
93576,42,9,33,2
93577,51,7,44,2
93578,59,10,49,2
93579,63,7,56,2
93580,57,7,50,2
93581,37,10,27,2
93582,50,1,49,2
93583,45,5,40,2
93584,64,6,58,2
93585,52,5,47,2
93586,49,11,38,2
93588,67,8,59,2
93589,55,7,48,2
93590,54,9,45,2
93591,50,10,40,2
93592,51,5,46,2
93593,50,8,42,2
93594,70,7,63,2
93595,53,7,46,2
93596,51,6,45,2
93597,57,7,50,2
93598,54,6,48,2
93599,59,7,52,2
93600,70,10,60,2
93601,55,5,50,2
93602,60,7,53,2
93603,50,5,45,2
93604,47,5,42,2
93605,54,8,46,2
93606,57,6,51,2
93607,62,4,58,2
93608,40,3,37,2
93609,52,10,42,2
93610,46,6,40,2
93611,61,5,56,2
93612,55,7,48,2
93613,53,5,48,2
93614,55,12,43,2
93615,70,10,60,2
93616,53,7,46,2
93617,49,6,43,2
93618,57,3,54,2
93619,60,5,55,2
93620,58,4,54,2
93621,59,5,54,2
93622,56,5,51,2
93623,49,4,45,2
93624,62,8,54,2
93625,64,3,61,2
93626,66,9,57,2
93627,62,8,54,2
93628,58,8,50,2
93629,57,5,52,2
93630,62,8,54,2
93631,57,6,51,2
93632,63,12,51,2
93633,58,4,54,2
93634,68,8,60,2
93635,62,9,53,2
93636,47,9,38,2
93637,53,2,51,2
93638,67,4,63,2
93639,54,9,45,2
93640,51,4,47,2
93641,45,6,39,2
93642,57,5,52,2
93643,46,2,44,2
93644,61,6,55,2
93645,50,7,43,2
93646,47,4,43,2
93647,67,13,54,2
93648,60,10,50,2
93649,56,8,48,2
93650,58,11,47,2
93651,54,4,50,2
93652,52,7,45,2
93653,49,2,47,2
93654,50,6,44,2
93655,45,5,40,2
93656,58,4,54,2
93657,58,2,56,2
93658,58,9,49,2
93659,48,9,39,2
93660,61,5,56,2
93661,54,4,50,2
93662,51,4,47,2
93663,59,6,53,2
93664,56,7,49,2
93665,52,4,48,2
93666,50,8,42,2
93667,60,6,54,2
93668,67,8,59,2
93669,51,4,47,2
93670,50,6,44,2
93671,39,5,34,2
93672,56,6,50,2
93673,59,9,50,2
93674,54,10,44,2
93675,50,3,47,2
93676,44,3,41,2
93677,46,2,44,2
93678,57,7,50,2
93679,63,9,54,2
93680,57,2,55,2
93681,62,6,56,2
93682,54,2,52,2
93683,51,8,43,2
93684,66,9,57,2
93685,53,7,46,2
93686,57,7,50,2
93687,55,7,48,2
93688,67,8,59,2
93689,57,7,50,2
93690,82,9,73,2
93691,43,9,34,2
93692,60,2,58,2
93693,44,4,40,2
93694,54,3,51,2
93695,49,3,46,2
93696,59,9,50,2
93697,46,5,41,2
93698,40,7,33,2
93699,60,5,55,2
93700,64,7,57,2
93701,65,4,61,2
93702,53,4,49,2
93703,59,10,49,2
93704,64,10,54,2
93705,61,5,56,2
93706,73,16,57,2
93707,66,7,59,2
93708,50,8,42,2
93709,54,2,52,2
93710,59,6,53,2
93711,55,8,47,2
93712,47,2,45,2
93713,62,10,52,2
93714,61,5,56,2
93715,41,3,38,2
93716,47,9,38,2
93717,66,6,60,2
93718,59,4,55,2
93719,58,3,55,2
93720,52,6,46,2
93721,46,5,41,2
93722,52,5,47,2
93723,65,9,56,2
93724,53,4,49,2
93725,58,8,50,2
93726,63,11,52,2
93727,41,8,33,2
93728,49,5,44,2
93729,42,3,39,2
93730,61,5,56,2
93731,60,7,53,2
93732,50,8,42,2
93733,56,7,49,2
93734,68,7,61,2
93735,60,12,48,2
93736,55,4,51,2
93737,66,7,59,2
93738,55,7,48,2
93739,55,7,48,2
93740,61,8,53,2
93741,51,5,46,2
93742,46,6,40,2
93743,50,10,40,2
93744,50,9,41,2
93745,59,4,55,2
93746,39,6,33,2
93747,54,4,50,2
93748,52,1,51,2
93749,52,3,49,2
93750,60,6,54,2
93751,40,6,34,2
93752,56,6,50,2
93753,54,2,52,2
93754,60,5,55,2
93755,66,8,58,2
93756,56,10,46,2
93757,43,4,39,2
93758,58,8,50,2
93759,60,5,55,2
93760,50,9,41,2
93761,62,2,60,2
93762,60,5,55,2
93763,59,9,50,2
93764,48,5,43,2
93765,49,9,40,2
93766,52,3,49,2
93767,43,4,39,2
93768,52,3,49,2
93769,44,5,39,2
93770,59,7,52,2
93771,46,7,39,2
93772,60,8,52,2
93773,49,8,41,2
93774,45,5,40,2
93775,64,6,58,2
93776,58,6,52,2
93777,56,6,50,2
93778,62,7,55,2
93779,59,7,52,2
93780,55,2,53,2
93781,48,6,42,2
93782,46,5,41,2
93783,54,12,42,2
93784,65,7,58,2
93785,64,10,54,2
93786,53,3,50,2
93787,51,4,47,2
93788,67,8,59,2
93790,53,6,47,2
93791,55,5,50,2
93792,55,11,44,2
93793,61,9,52,2
93794,44,4,40,2
93795,40,5,35,2
93796,48,10,38,2
93797,53,7,46,2
93798,49,7,42,2
93799,52,8,44,2
93800,67,8,59,2
93801,47,6,41,2
93802,68,3,65,2
93803,41,6,35,2
93804,42,4,38,2
93805,52,5,47,2
93806,57,3,54,2
93807,66,6,60,2
93808,50,8,42,2
93809,55,7,48,2
93810,59,8,51,2
93811,47,7,40,2
93812,60,7,53,2
93813,46,5,41,2
93814,44,1,43,2
93815,66,8,58,2
93816,55,8,47,2
93817,56,8,48,2
93818,54,9,45,2
93819,55,4,51,2
93820,58,8,50,2
93821,62,7,55,2
93822,37,5,32,2
93823,52,6,46,2
93824,45,3,42,2
93825,56,6,50,2
93826,51,8,43,2
93827,43,3,40,2
93828,39,9,30,2
93829,60,10,50,2
93830,58,5,53,2
93831,73,5,68,2
93832,43,6,37,2
93833,57,5,52,2
93834,55,4,51,2
93835,50,2,48,2
93836,71,7,64,2
93837,51,7,44,2
93838,53,11,42,2
93839,48,7,41,2
93840,54,7,47,2
93841,68,8,60,2
93842,61,8,53,2
93843,50,2,48,2
93844,57,6,51,2
93845,55,9,46,2
93846,57,7,50,2
93847,49,2,47,2
93848,48,10,38,2
93849,58,6,52,2
93850,78,9,69,2
93851,53,4,49,2
93852,57,5,52,2
93853,43,8,35,2
93854,52,5,47,2
93855,52,9,43,2
93856,49,11,38,2
93857,56,11,45,2
93858,53,5,48,2
93859,66,9,57,2
93860,58,9,49,2
93861,50,6,44,2
93862,46,4,42,2
93863,65,9,56,2
93864,49,6,43,2
93865,60,4,56,2
93866,52,7,45,2
93867,71,5,66,2
93868,61,6,55,2
93869,55,7,48,2
93870,56,7,49,2
93871,61,8,53,2
93872,56,6,50,2
93873,60,6,54,2
93874,68,10,58,2
93875,49,8,41,2
93876,63,1,62,2
93877,52,6,46,2
93878,51,4,47,2
93879,69,8,61,2
93880,52,9,43,2
93881,48,5,43,2
93882,54,7,47,2
93883,53,5,48,2
93884,55,5,50,2
93885,60,2,58,2
93886,55,11,44,2
93887,59,3,56,2
93888,60,8,52,2
93889,58,6,52,2
93890,50,8,42,2
93891,56,5,51,2
93892,58,8,50,2
93893,58,7,51,2
93894,53,6,47,2
93895,49,9,40,2
93896,38,4,34,2
93897,47,7,40,2
93899,53,9,44,2
93900,47,5,42,2
93901,44,3,41,2
93902,56,5,51,2
93903,51,5,46,2
93904,61,4,57,2
93905,51,12,39,2
93906,51,4,47,2
93907,52,8,44,2
93908,60,4,56,2
93909,50,5,45,2
93910,55,8,47,2
93911,61,9,52,2
93912,46,6,40,2
93913,49,6,43,2
93914,45,9,36,2
93915,59,6,53,2
93916,65,8,57,2
93917,54,7,47,2
93918,63,6,57,2
93919,60,7,53,2
93920,46,3,43,2
93921,61,7,54,2
93922,59,8,51,2
93923,60,8,52,2
93924,62,7,55,2
93925,50,5,45,2
93926,55,4,51,2
93927,42,6,36,2
93928,56,10,46,2
93929,46,10,36,2
93930,52,6,46,2
93931,43,3,40,2
93932,55,11,44,2
93933,63,5,58,2
93934,65,5,60,2
93935,52,7,45,2
93937,61,3,58,2
93938,55,5,50,2
93939,48,4,44,2
93940,52,3,49,2
93941,49,4,45,2
93942,48,8,40,2
93943,47,6,41,2
93944,59,7,52,2
93945,55,7,48,2
93946,58,5,53,2
93947,53,8,45,2
93948,63,7,56,2
93949,61,8,53,2
93950,54,5,49,2
93951,57,5,52,2
93952,62,11,51,2
93953,44,4,40,2
93954,58,14,44,2
93955,59,10,49,2
93956,48,8,40,2
93957,64,8,56,2
93958,50,4,46,2
93959,43,6,37,2
93960,63,4,59,2
93961,52,5,47,2
93962,34,4,30,2
93963,68,5,63,2
93964,54,7,47,2
93965,67,9,58,2
93966,55,11,44,2
93967,52,3,49,2
93968,57,7,50,2
93969,48,9,39,2
93970,47,8,39,2
93971,52,4,48,2
93972,57,11,46,2
93973,44,5,39,2
93974,56,3,53,2
93975,46,5,41,2
93976,59,8,51,2
93977,49,3,46,2
93978,64,7,57,2
93979,63,11,52,2
93980,44,4,40,2
93981,50,5,45,2
93982,61,1,60,2
93983,59,8,51,2
93984,46,7,39,2
93985,56,9,47,2
93986,52,4,48,2
93987,67,13,54,2
93988,48,6,42,2
93989,62,9,53,2
93990,47,7,40,2
93991,58,6,52,2
93992,61,9,52,2
93993,59,8,51,2
93994,47,7,40,2
93995,50,6,44,2
93996,49,7,42,2
93997,50,5,45,2
93998,63,6,57,2
93999,53,10,43,2
94000,50,7,43,2
94001,50,3,47,2
94002,58,4,54,2
94003,52,4,48,2
94004,37,2,35,2
94005,41,6,35,2
94006,59,9,50,2
94007,62,6,56,2
94008,49,4,45,2
94009,58,3,55,2
94010,42,5,37,2
94011,48,4,44,2
94012,62,11,51,2
94013,57,8,49,2
94014,61,6,55,2
94015,60,2,58,2
94016,47,8,39,2
94017,54,6,48,2
94018,54,6,48,2
94019,59,6,53,2
94020,59,9,50,2
94021,42,8,34,2
94022,55,8,47,2
94023,52,6,46,2
94024,55,8,47,2
94025,45,7,38,2
94026,63,5,58,2
94027,50,7,43,2
94028,43,7,36,2
94029,50,11,39,2
94030,53,6,47,2
94031,53,8,45,2
94032,47,5,42,2
94033,59,7,52,2
94034,38,7,31,2
94035,55,5,50,2
94036,38,2,36,2
94037,55,7,48,2
94038,51,8,43,2
94039,55,3,52,2
94040,54,6,48,2
94041,63,6,57,2
94042,64,7,57,2
94043,47,4,43,2
94044,64,10,54,2
94045,49,6,43,2
94046,61,7,54,2
94047,45,3,42,2
94048,48,4,44,2
94049,56,7,49,2
94050,51,6,45,2
94051,60,9,51,2
94052,56,2,54,2
94053,52,6,46,2
94054,47,10,37,2
94055,58,6,52,2
94056,62,6,56,2
94057,52,8,44,2
94058,58,5,53,2
94059,50,6,44,2
94060,64,9,55,2
94061,60,7,53,2
94062,53,8,45,2
94063,56,10,46,2
94064,64,13,51,2
94065,59,9,50,2
94066,62,5,57,2
94067,60,7,53,2
94068,50,8,42,2
94069,58,14,44,2
94070,35,5,30,2
94071,45,5,40,2
94072,48,7,41,2
94073,41,4,37,2
94074,57,6,51,2
94075,74,11,63,2
94076,52,10,42,2
94077,50,7,43,2
94078,60,8,52,2
94079,60,5,55,2
94080,58,6,52,2
94081,46,4,42,2
94082,63,4,59,2
94083,57,6,51,2
94084,64,5,59,2
94085,57,8,49,2
94086,69,5,64,2
94087,61,7,54,2
94088,50,3,47,2
94089,57,10,47,2
94090,52,6,46,2
94091,46,4,42,2
94092,55,8,47,2
94093,49,4,45,2
94094,61,5,56,2
94095,53,10,43,2
94096,57,6,51,2
94097,60,9,51,2
94098,50,5,45,2
94099,51,9,42,2
94100,55,4,51,2
94101,63,10,53,2
94102,64,6,58,2
94103,64,7,57,2
94104,51,3,48,2
94105,57,9,48,2
94106,50,7,43,2
94107,67,12,55,2
94108,57,4,53,2
94109,54,9,45,2
94110,56,5,51,2
94111,44,8,36,2
94112,49,5,44,2
94113,57,8,49,2
94114,58,5,53,2
94115,57,6,51,2
94116,44,5,39,2
94117,57,3,54,2
94118,55,2,53,2
94119,61,7,54,2
94120,60,6,54,2
94121,52,4,48,2
94122,66,8,58,2
94123,52,4,48,2
94124,54,7,47,2
94125,57,8,49,2
94126,58,11,47,2
94127,48,7,41,2
94128,52,11,41,2
94129,64,11,53,2
94130,70,6,64,2
94131,55,9,46,2
94132,42,4,38,2
94133,45,9,36,2
94134,57,7,50,2
94135,44,5,39,2
94136,62,4,58,2
94137,64,6,58,2
94138,52,6,46,2
94139,59,6,53,2
94140,59,6,53,2
94141,57,7,50,2
94142,55,6,49,2
94143,56,7,49,2
94144,59,3,56,2
94145,59,9,50,2
94146,52,5,47,2
94147,58,5,53,2
94148,49,3,46,2
94149,56,8,48,2
94150,53,7,46,2
94151,50,5,45,2
94152,49,4,45,2
94153,67,7,60,2
94154,61,5,56,2
94155,54,5,49,2
94156,52,6,46,2
94157,61,4,57,2
94158,54,8,46,2
94159,46,6,40,2
94161,62,7,55,2
94162,58,6,52,2
94163,48,5,43,2
94164,48,3,45,2
94165,57,5,52,2
94166,41,4,37,2
94167,49,3,46,2
94168,60,5,55,2
94169,46,3,43,2
94170,75,14,61,2
94171,51,8,43,2
94172,57,9,48,2
94173,51,8,43,2
94174,51,8,43,2
94175,58,5,53,2
94176,41,3,38,2
94177,57,6,51,2
94178,60,9,51,2
94179,57,7,50,2
94180,55,8,47,2
94181,66,2,64,2
94182,54,6,48,2
94183,56,5,51,2
94184,68,3,65,2
94185,43,8,35,2
94186,40,5,35,2
94187,50,5,45,2
94188,42,0,42,1
94189,59,4,55,2
94190,62,8,54,2
94191,58,6,52,2
94192,65,8,57,2
94193,57,7,50,2
94194,55,9,46,2
94195,62,6,56,2
94196,59,4,55,2
94197,57,8,49,2
94198,68,7,61,2
94199,54,7,47,2
94200,68,9,59,2
94201,56,12,44,2
94202,41,5,36,2
94203,48,5,43,2
94204,56,4,52,2
94205,43,5,38,2
94206,60,7,53,2
94207,46,1,45,2
94208,67,11,56,2
94209,48,5,43,2
94210,44,12,32,2
94211,57,8,49,2
94212,50,4,46,2
94213,44,8,36,2
94214,45,9,36,2
94215,58,11,47,2
94216,56,5,51,2
94217,54,7,47,2
94218,53,10,43,2
94219,61,2,59,2
94220,50,7,43,2
94221,56,2,54,2
94222,49,6,43,2
94223,64,8,56,2
94224,60,1,59,2
94225,70,9,61,2
94226,58,8,50,2
94227,64,7,57,2
94228,58,5,53,2
94229,63,7,56,2
94230,54,8,46,2
94231,55,12,43,2
94232,62,4,58,2
94233,58,5,53,2
94234,50,3,47,2
94235,62,3,59,2
94236,61,6,55,2
94237,42,7,35,2
94238,63,10,53,2
94239,52,7,45,2
94240,53,5,48,2
94241,42,4,38,2
94242,54,9,45,2
94243,59,5,54,2
94244,51,5,46,2
94245,47,5,42,2
94246,62,9,53,2
94247,44,8,36,2
94248,54,4,50,2
94249,56,8,48,2
94250,60,11,49,2
94251,48,5,43,2
94252,53,6,47,2
94253,56,7,49,2
94254,52,6,46,2
94255,42,3,39,2
94256,42,2,40,2
94257,56,9,47,2
94258,60,7,53,2
94259,55,4,51,2
94260,61,4,57,2
94261,61,6,55,2
94262,53,3,50,2
94263,49,5,44,2
94264,48,5,43,2
94265,52,6,46,2
94266,53,7,46,2
94267,66,8,58,2
94268,50,3,47,2
94269,53,6,47,2
94270,52,8,44,2
94271,48,3,45,2
94272,60,5,55,2
94273,38,5,33,2
94274,47,8,39,2
94275,59,3,56,2
94276,46,2,44,2
94277,53,7,46,2
94278,60,6,54,2
94279,57,8,49,2
94280,54,7,47,2
94281,62,7,55,2
94282,42,6,36,2
94283,54,12,42,2
94284,67,11,56,2
94285,41,6,35,2
94286,48,2,46,2
94287,50,4,46,2
94288,49,4,45,2
94289,48,6,42,2
94290,59,5,54,2
94291,52,10,42,2
94292,53,3,50,2
94293,54,5,49,2
94294,39,3,36,2
94295,54,7,47,2
94296,57,8,49,2
94297,39,4,35,2
94298,49,7,42,2
94299,53,4,49,2
94300,56,8,48,2
94301,69,13,56,2
94302,48,7,41,2
94303,54,5,49,2
94304,53,6,47,2
94305,43,5,38,2
94306,49,11,38,2
94307,47,5,42,2
94308,44,6,38,2
94309,58,3,55,2
94310,52,3,49,2
94311,72,11,61,2
94312,48,8,40,2
94313,50,5,45,2
94314,54,3,51,2
94315,50,4,46,2
94316,53,6,47,2
94317,64,7,57,2
94318,45,3,42,2
94319,54,4,50,2
94320,50,10,40,2
94321,54,9,45,2
94322,59,7,52,2
94323,50,3,47,2
94324,57,10,47,2
94325,52,5,47,2
94326,69,11,58,2
94327,49,3,46,2
94328,61,8,53,2
94329,51,8,43,2
94330,47,8,39,2
94331,58,9,49,2
94332,65,9,56,2
94333,49,4,45,2
94334,51,8,43,2
94335,52,7,45,2
94336,47,11,36,2
94337,61,11,50,2
94338,50,7,43,2
94339,55,5,50,2
94340,39,4,35,2
94341,44,1,43,2
94342,66,5,61,2
94343,63,9,54,2
94344,43,6,37,2
94345,50,4,46,2
94346,46,3,43,2
94347,58,9,49,2
94348,45,5,40,2
94349,57,5,52,2
94350,52,6,46,2
94351,49,6,43,2
94352,54,5,49,2
94353,58,11,47,2
94354,55,5,50,2
94355,52,8,44,2
94356,50,9,41,2
94357,48,8,40,2
94358,61,8,53,2
94359,56,7,49,2
94360,48,5,43,2
94361,73,15,58,2
94362,36,6,30,2
94363,57,7,50,2
94364,47,7,40,2
94365,64,9,55,2
94366,59,6,53,2
94367,36,3,33,2
94368,44,6,38,2
94369,58,7,51,2
94370,63,8,55,2
94371,60,5,55,2
94372,79,4,75,2
94373,68,6,62,2
94374,59,4,55,2
94375,51,7,44,2
94376,71,11,60,2
94377,58,9,49,2
94378,41,7,34,2
94379,48,7,41,2
94380,55,4,51,2
94381,57,9,48,2
94382,57,7,50,2
94383,52,6,46,2
94384,50,9,41,2
94385,54,4,50,2
94386,67,8,59,2
94387,56,9,47,2
94388,49,3,46,2
94389,61,4,57,2
94390,65,9,56,2
94391,50,7,43,2
94392,61,4,57,2
94393,57,6,51,2
94394,50,5,45,2
94395,49,3,46,2
94396,63,7,56,2
94397,54,7,47,2
94398,56,10,46,2
94399,67,3,64,2
94400,67,6,61,2
94401,45,7,38,2
94402,54,5,49,2
94403,48,5,43,2
94404,57,4,53,2
94405,61,10,51,2
94406,56,6,50,2
94407,53,7,46,2
94408,54,6,48,2
94409,66,4,62,2
94410,52,9,43,2
94411,51,6,45,2
94412,55,5,50,2
94413,50,4,46,2
94414,58,12,46,2
94415,50,8,42,2
94416,64,10,54,2
94417,62,10,52,2
94418,61,5,56,2
94419,40,4,36,2
94420,58,7,51,2
94421,67,14,53,2
94422,35,2,33,2
94423,57,7,50,2
94424,48,8,40,2
94425,54,3,51,2
94426,59,9,50,2
94427,59,9,50,2
94428,53,6,47,2
94429,50,7,43,2
94430,42,2,40,2
94431,67,6,61,2
94432,59,7,52,2
94433,59,7,52,2
94434,67,6,61,2
94435,63,8,55,2
94436,47,3,44,2
94437,55,5,50,2
94438,49,5,44,2
94439,46,4,42,2
94440,60,9,51,2
94441,52,8,44,2
94442,42,2,40,2
94443,46,3,43,2
94444,46,4,42,2
94445,56,4,52,2
94446,40,5,35,2
94448,52,12,40,2
94449,58,6,52,2
94450,49,7,42,2
94452,63,7,56,2
94453,45,6,39,2
94454,50,0,50,1
94455,63,12,51,2
94456,54,6,48,2
94457,64,5,59,2
94458,46,6,40,2
94459,51,6,45,2
94460,56,9,47,2
94461,57,9,48,2
94462,54,5,49,2
94463,55,7,48,2
94464,51,7,44,2
94465,64,9,55,2
94466,48,8,40,2
94467,73,10,63,2
94468,56,7,49,2
94469,63,7,56,2
94470,45,3,42,2
94471,54,8,46,2
94472,56,8,48,2
94473,50,3,47,2
94474,63,6,57,2
94475,54,11,43,2
94476,61,4,57,2
94477,69,10,59,2
94478,48,6,42,2
94479,48,9,39,2
94480,51,6,45,2
94481,55,12,43,2
94482,69,8,61,2
94483,54,7,47,2
94484,65,8,57,2
94485,64,9,55,2
94486,65,5,60,2
94487,58,4,54,2
94488,47,4,43,2
94489,52,2,50,2
94490,57,7,50,2
94491,60,5,55,2
94492,50,3,47,2
94493,59,8,51,2
94494,50,5,45,2
94495,54,6,48,2
94496,47,5,42,2
94497,63,10,53,2
94498,66,11,55,2
94499,52,10,42,2
94500,55,4,51,2
94501,58,7,51,2
94502,61,7,54,2
94503,56,10,46,2
94504,51,6,45,2
94505,58,11,47,2
94506,52,8,44,2
94507,61,9,52,2
94508,56,5,51,2
94509,66,10,56,2
94510,55,6,49,2
94511,71,13,58,2
94512,41,8,33,2
94513,53,5,48,2
94514,54,7,47,2
94515,61,4,57,2
94516,51,6,45,2
94517,51,3,48,2
94518,61,6,55,2
94519,69,4,65,2
94520,59,6,53,2
94521,55,8,47,2
94522,61,9,52,2
94523,53,10,43,2
94524,60,9,51,2
94525,52,6,46,2
94526,68,12,56,2
94527,46,4,42,2
94528,52,9,43,2
94529,59,12,47,2
94530,49,4,45,2
94531,52,5,47,2
94532,57,7,50,2
94533,48,7,41,2
94534,63,8,55,2
94535,48,5,43,2
94536,56,7,49,2
94537,56,7,49,2
94538,54,5,49,2
94539,52,6,46,2
94540,56,6,50,2
94541,44,6,38,2
94542,58,7,51,2
94543,62,3,59,2
94544,41,8,33,2
94545,56,10,46,2
94546,48,4,44,2
94547,63,12,51,2
94548,45,4,41,2
94549,46,2,44,2
94550,63,3,60,2
94551,54,4,50,2
94552,54,4,50,2
94553,53,7,46,2
94554,61,3,58,2
94555,42,2,40,2
94556,58,8,50,2
94557,44,6,38,2
94558,57,10,47,2
94559,48,6,42,2
94560,62,8,54,2
94561,52,7,45,2
94562,56,10,46,2
94563,51,5,46,2
94564,52,7,45,2
94565,64,14,50,2
94566,52,1,51,2
94568,53,7,46,2
94569,58,12,46,2
94570,50,7,43,2
94571,56,7,49,2
94572,57,7,50,2
94573,52,6,46,2
94574,58,10,48,2
94575,45,5,40,2
94576,48,7,41,2
94577,55,9,46,2
94578,50,9,41,2
94579,63,7,56,2
94580,54,2,52,2
94581,54,5,49,2
94582,63,4,59,2
94583,63,8,55,2
94584,62,8,54,2
94585,47,5,42,2
94586,62,11,51,2
94587,51,8,43,2
94588,64,7,57,2
94589,51,6,45,2
94590,68,6,62,2
94591,50,7,43,2
94592,59,9,50,2
94593,54,6,48,2
94594,47,8,39,2
94595,59,6,53,2
94596,44,8,36,2
94597,61,12,49,2
94598,58,8,50,2
94599,41,2,39,2
94600,51,7,44,2
94601,41,7,34,2
94602,60,7,53,2
94603,50,8,42,2
94604,52,4,48,2
94605,50,5,45,2
94606,54,4,50,2
94607,61,8,53,2
94608,72,13,59,2
94609,47,4,43,2
94610,50,6,44,2
94611,50,8,42,2
94612,70,11,59,2
94613,53,8,45,2
94614,51,6,45,2
94615,44,2,42,2
94616,53,7,46,2
94617,53,6,47,2
94618,53,5,48,2
94619,59,2,57,2
94620,52,3,49,2
94621,50,11,39,2
94622,50,4,46,2
94623,56,6,50,2
94624,66,6,60,2
94625,61,7,54,2
94626,49,4,45,2
94627,44,11,33,2
94628,54,6,48,2
94629,49,6,43,2
94630,63,10,53,2
94631,47,5,42,2
94632,40,6,34,2
94633,71,9,62,2
94634,55,3,52,2
94635,43,2,41,2
94636,49,4,45,2
94637,69,8,61,2
94638,49,7,42,2
94639,67,6,61,2
94640,50,8,42,2
94641,51,3,48,2
94642,47,3,44,2
94643,62,5,57,2
94644,55,3,52,2
94645,66,6,60,2
94646,53,4,49,2
94647,52,2,50,2
94648,59,10,49,2
94649,56,9,47,2
94650,59,5,54,2
94651,54,12,42,2
94652,59,9,50,2
94653,64,8,56,2
94654,43,4,39,2
94655,66,8,58,2
94656,58,6,52,2
94657,69,9,60,2
94658,51,6,45,2
94659,57,6,51,2
94660,43,8,35,2
94661,61,9,52,2
94662,60,5,55,2
94663,55,9,46,2
94664,66,13,53,2
94665,50,8,42,2
94666,45,6,39,2
94667,63,4,59,2
94668,60,5,55,2
94669,60,8,52,2
94670,51,4,47,2
94671,48,6,42,2
94672,43,10,33,2
94673,55,7,48,2
94674,56,7,49,2
94675,55,7,48,2
94676,38,7,31,2
94677,48,4,44,2
94678,51,5,46,2
94679,64,7,57,2
94680,57,5,52,2
94681,60,9,51,2
94682,47,5,42,2
94683,42,5,37,2
94684,54,7,47,2
94685,56,10,46,2
94686,48,4,44,2
94687,35,5,30,2
94688,66,12,54,2
94689,53,5,48,2
94690,55,10,45,2
94691,67,7,60,2
94692,66,11,55,2
94693,66,5,61,2
94694,58,10,48,2
94695,63,7,56,2
94696,59,4,55,2
94697,44,5,39,2
94698,54,10,44,2
94699,53,10,43,2
94700,55,9,46,2
94701,54,8,46,2
94702,64,12,52,2
94703,36,3,33,2
94704,38,4,34,2
94705,59,7,52,2
94706,46,8,38,2
94707,56,6,50,2
94708,48,8,40,2
94709,67,5,62,2
94710,56,2,54,2
94711,65,9,56,2
94712,59,8,51,2
94713,54,9,45,2
94714,53,16,37,2
94715,67,6,61,2
94716,53,5,48,2
94717,55,5,50,2
94718,62,5,57,2
94719,48,6,42,2
94720,49,6,43,2
94721,65,5,60,2
94722,60,8,52,2
94723,48,4,44,2
94724,59,3,56,2
94725,55,5,50,2
94726,59,7,52,2
94727,53,7,46,2
94728,65,6,59,2
94729,59,7,52,2
94730,70,6,64,2
94731,53,3,50,2
94732,53,1,52,2
94733,53,7,46,2
94734,46,4,42,2
94735,45,6,39,2
94736,56,7,49,2
94737,59,8,51,2
94738,44,4,40,2
94739,61,7,54,2
94740,86,11,75,2
94741,56,11,45,2
94742,54,4,50,2
94743,56,5,51,2
94744,50,6,44,2
94745,65,8,57,2
94746,52,8,44,2
94747,59,4,55,2
94748,48,9,39,2
94749,58,12,46,2
94750,57,6,51,2
94751,57,1,56,2
94752,73,15,58,2
94753,54,9,45,2
94754,55,11,44,2
94755,61,6,55,2
94756,52,6,46,2
94757,46,4,42,2
94758,47,2,45,2
94759,50,8,42,2
94760,62,6,56,2
94761,46,8,38,2
94762,71,11,60,2
94763,49,7,42,2
94764,56,6,50,2
94765,57,5,52,2
94766,48,7,41,2
94767,46,6,40,2
94768,49,4,45,2
94769,56,10,46,2
94770,51,5,46,2
94771,58,10,48,2
94772,74,9,65,2
94773,45,6,39,2
94774,58,6,52,2
94775,61,11,50,2
94776,56,5,51,2
94777,63,6,57,2
94778,53,5,48,2
94779,82,13,69,2
94780,56,2,54,2
94781,41,4,37,2
94782,51,5,46,2
94783,45,6,39,2
94784,59,6,53,2
94785,49,4,45,2
94786,65,8,57,2
94787,45,4,41,2
94788,45,5,40,2
94789,63,6,57,2
94790,66,6,60,2
94791,53,5,48,2
94792,63,9,54,2
94793,59,9,50,2
94794,63,9,54,2
94795,56,7,49,2
94796,52,9,43,2
94797,72,1,71,2
94798,48,4,44,2
94799,55,6,49,2
94800,35,6,29,2
94801,60,6,54,2
94802,48,6,42,2
94803,46,3,43,2
94804,39,6,33,2
94805,55,4,51,2
94806,59,5,54,2
94807,60,9,51,2
94809,49,4,45,2
94810,65,7,58,2
94811,58,3,55,2
94812,58,8,50,2
94813,64,6,58,2
94814,59,9,50,2
94815,69,5,64,2
94816,49,5,44,2
94817,51,2,49,2
94818,47,2,45,2
94819,60,4,56,2
94820,52,5,47,2
94821,48,5,43,2
94822,46,3,43,2
94823,48,7,41,2
94824,43,3,40,2
94825,47,8,39,2
94826,50,7,43,2
94827,46,8,38,2
94828,39,5,34,2
94829,55,8,47,2
94830,54,4,50,2
94831,52,7,45,2
94832,61,6,55,2
94833,50,9,41,2
94834,55,8,47,2
94835,56,5,51,2
94836,58,5,53,2
94837,57,7,50,2
94838,67,5,62,2
94839,48,9,39,2
94840,57,11,46,2
94841,50,9,41,2
94842,52,4,48,2
94843,51,9,42,2
94844,60,6,54,2
94845,59,5,54,2
94846,61,6,55,2
94847,58,9,49,2
94848,53,8,45,2
94849,61,7,54,2
94850,67,7,60,2
94851,52,8,44,2
94852,51,8,43,2
94853,41,3,38,2
94854,39,10,29,2
94855,51,10,41,2
94856,64,9,55,2
94857,62,4,58,2
94858,74,3,71,2
94859,59,5,54,2
94860,53,11,42,2
94861,73,14,59,2
94862,65,12,53,2
94863,65,10,55,2
94864,51,7,44,2
94865,54,8,46,2
94866,56,12,44,2
94867,59,5,54,2
94868,59,3,56,2
94869,56,4,52,2
94870,57,7,50,2
94871,60,7,53,2
94872,49,4,45,2
94873,42,4,38,2
94874,63,8,55,2
94875,51,5,46,2
94876,59,11,48,2
94877,56,4,52,2
94878,54,4,50,2
94879,58,7,51,2
94880,50,9,41,2
94881,55,5,50,2
94882,52,5,47,2
94883,54,8,46,2
94884,49,7,42,2
94885,58,2,56,2
94886,60,8,52,2
94887,41,3,38,2
94888,58,9,49,2
94889,51,4,47,2
94890,47,6,41,2
94891,60,3,57,2
94892,59,11,48,2
94893,44,7,37,2
94894,58,10,48,2
94895,43,2,41,2
94896,51,3,48,2
94897,47,6,41,2
94898,60,5,55,2
94899,60,7,53,2
94900,50,5,45,2
94901,58,4,54,2
94902,40,5,35,2
94903,59,8,51,2
94904,59,5,54,2
94905,46,4,42,2
94906,41,2,39,2
94907,50,5,45,2
94908,56,9,47,2
94909,55,8,47,2
94910,56,10,46,2
94911,56,13,43,2
94912,63,12,51,2
94913,52,6,46,2
94914,49,5,44,2
94915,54,5,49,2
94916,53,6,47,2
94917,62,4,58,2
94918,52,7,45,2
94919,63,14,49,2
94920,59,9,50,2
94921,54,5,49,2
94922,42,9,33,2
94923,55,8,47,2
94924,42,6,36,2
94925,53,0,53,1
94926,66,9,57,2
94927,54,8,46,2
94928,63,6,57,2
94929,58,12,46,2
94930,53,7,46,2
94931,61,12,49,2
94932,54,7,47,2
94933,62,7,55,2
94934,42,3,39,2
94935,60,10,50,2
94937,50,2,48,2
94938,63,8,55,2
94939,53,7,46,2
94940,5,3,2,2
94941,48,6,42,2
94942,58,8,50,2
94943,50,5,45,2
94944,53,2,51,2
94945,53,9,44,2
94946,51,6,45,2
94947,68,6,62,2
94948,53,6,47,2
94949,45,5,40,2
94950,55,4,51,2
94951,59,11,48,2
94952,61,3,58,2
94953,63,10,53,2
94954,67,6,61,2
94955,54,7,47,2
94956,63,10,53,2
94957,58,8,50,2
94958,55,2,53,2
94959,54,6,48,2
94960,77,8,69,2
94961,56,4,52,2
94962,58,8,50,2
94963,54,4,50,2
94964,61,7,54,2
94965,51,5,46,2
94966,49,5,44,2
94967,51,4,47,2
94968,57,8,49,2
94969,58,7,51,2
94970,47,6,41,2
94971,56,6,50,2
94972,68,10,58,2
94973,40,10,30,2
94974,55,2,53,2
94975,57,10,47,2
94976,45,4,41,2
94977,47,8,39,2
94978,46,8,38,2
94979,46,9,37,2
94980,50,10,40,2
94981,61,8,53,2
94982,49,6,43,2
94983,49,5,44,2
94984,45,9,36,2
94985,53,5,48,2
94986,56,11,45,2
94987,60,6,54,2
94988,61,11,50,2
94989,57,6,51,2
94990,53,8,45,2
94991,43,2,41,2
94992,62,7,55,2
94993,61,8,53,2
94994,56,8,48,2
94995,55,11,44,2
94996,50,6,44,2
94997,57,5,52,2
94998,49,9,40,2
94999,51,4,47,2
95000,62,5,57,2
95001,53,4,49,2
95002,54,5,49,2
95003,44,7,37,2
95004,63,4,59,2
95005,59,10,49,2
95006,58,6,52,2
95007,57,6,51,2
95008,58,5,53,2
95009,58,9,49,2
95010,51,6,45,2
95011,51,6,45,2
95012,64,11,53,2
95013,53,5,48,2
95014,57,10,47,2
95015,45,5,40,2
95016,42,5,37,2
95017,60,7,53,2
95018,48,4,44,2
95019,53,6,47,2
95020,57,8,49,2
95021,49,2,47,2
95022,48,7,41,2
95023,49,3,46,2
95024,62,12,50,2
95025,53,7,46,2
95026,40,4,36,2
95027,56,5,51,2
95028,54,5,49,2
95029,68,12,56,2
95031,51,6,45,2
95032,67,8,59,2
95033,65,12,53,2
95034,54,8,46,2
95035,72,11,61,2
95036,63,4,59,2
95037,48,3,45,2
95038,73,11,62,2
95039,70,14,56,2
95040,43,3,40,2
95041,48,7,41,2
95042,58,7,51,2
95043,51,9,42,2
95044,56,7,49,2
95045,50,9,41,2
95046,55,11,44,2
95047,45,6,39,2
95048,58,4,54,2
95049,47,8,39,2
95050,57,6,51,2
95051,62,6,56,2
95052,48,6,42,2
95053,56,6,50,2
95054,54,6,48,2
95055,50,6,44,2
95056,60,8,52,2
95057,47,5,42,2
95058,47,6,41,2
95059,47,9,38,2
95060,72,2,70,2
95061,58,9,49,2
95062,59,7,52,2
95063,59,7,52,2
95064,50,2,48,2
95065,44,6,38,2
95066,53,7,46,2
95067,67,6,61,2
95068,64,5,59,2
95069,60,7,53,2
95070,52,7,45,2
95071,54,8,46,2
95072,49,4,45,2
95073,57,7,50,2
95074,58,8,50,2
95075,59,6,53,2
95076,65,3,62,2
95077,52,7,45,2
95078,63,8,55,2
95079,55,6,49,2
95080,52,3,49,2
95081,63,9,54,2
95082,60,8,52,2
95083,54,4,50,2
95084,51,7,44,2
95085,53,7,46,2
95086,48,6,42,2
95087,68,6,62,2
95088,61,8,53,2
95089,65,7,58,2
95090,43,8,35,2
95091,61,6,55,2
95092,46,5,41,2
95093,59,6,53,2
95094,51,4,47,2
95095,56,8,48,2
95096,40,4,36,2
95097,52,1,51,2
95098,53,3,50,2
95099,55,4,51,2
95100,66,7,59,2
95101,53,5,48,2
95102,51,2,49,2
95103,41,5,36,2
95104,46,4,42,2
95105,64,9,55,2
95106,65,3,62,2
95107,50,3,47,2
95108,52,5,47,2
95109,42,5,37,2
95110,50,6,44,2
95111,65,13,52,2
95112,52,4,48,2
95113,59,8,51,2
95114,57,5,52,2
95115,58,5,53,2
95116,61,7,54,2
95117,54,2,52,2
95118,57,7,50,2
95119,54,9,45,2
95120,51,7,44,2
95121,62,7,55,2
95122,59,8,51,2
95123,59,9,50,2
95124,44,11,33,2
95125,70,8,62,2
95126,72,7,65,2
95127,67,5,62,2
95128,54,5,49,2
95129,56,7,49,2
95130,49,8,41,2
95131,56,6,50,2
95132,67,9,58,2
95133,41,7,34,2
95134,51,3,48,2
95135,65,8,57,2
95136,56,5,51,2
95137,53,7,46,2
95138,56,6,50,2
95139,58,8,50,2
95140,51,4,47,2
95141,53,4,49,2
95142,42,5,37,2
95143,66,8,58,2
95144,70,4,66,2
95145,51,1,50,2
95146,57,7,50,2
95147,61,12,49,2
95148,67,12,55,2
95149,62,10,52,2
95150,63,12,51,2
95151,40,5,35,2
95152,59,6,53,2
95153,55,10,45,2
95154,51,6,45,2
95155,52,5,47,2
95156,54,9,45,2
95157,68,7,61,2
95158,47,7,40,2
95159,55,9,46,2
95160,51,4,47,2
95161,70,10,60,2
95162,59,8,51,2
95163,54,9,45,2
95164,44,6,38,2
95165,52,3,49,2
95166,55,4,51,2
95167,51,9,42,2
95168,58,6,52,2
95169,46,6,40,2
95170,46,4,42,2
95171,54,8,46,2
95172,63,6,57,2
95173,57,8,49,2
95174,51,8,43,2
95175,58,11,47,2
95176,61,7,54,2
95177,55,9,46,2
95178,50,4,46,2
95179,67,7,60,2
95180,46,4,42,2
95181,56,4,52,2
95182,57,8,49,2
95183,65,13,52,2
95184,60,8,52,2
95185,55,6,49,2
95186,49,5,44,2
95187,47,4,43,2
95188,48,9,39,2
95189,45,5,40,2
95190,50,7,43,2
95191,47,6,41,2
95192,48,4,44,2
95193,55,8,47,2
95194,69,6,63,2
95195,57,9,48,2
95196,73,11,62,2
95197,58,5,53,2
95198,61,5,56,2
95199,50,7,43,2
95200,58,9,49,2
95201,53,5,48,2
95202,58,6,52,2
95203,57,5,52,2
95204,51,5,46,2
95205,44,4,40,2
95206,51,4,47,2
95207,57,5,52,2
95208,60,4,56,2
95209,46,5,41,2
95210,48,1,47,2
95211,62,8,54,2
95212,49,9,40,2
95213,56,6,50,2
95214,50,4,46,2
95215,48,5,43,2
95216,61,3,58,2
95217,51,7,44,2
95218,64,9,55,2
95219,61,5,56,2
95220,48,10,38,2
95221,54,4,50,2
95222,60,12,48,2
95223,59,6,53,2
95224,49,7,42,2
95225,55,11,44,2
95226,57,8,49,2
95227,61,9,52,2
95228,40,7,33,2
95229,50,8,42,2
95230,53,6,47,2
95231,62,8,54,2
95232,48,5,43,2
95233,47,9,38,2
95234,58,8,50,2
95235,60,9,51,2
95236,54,3,51,2
95237,54,10,44,2
95238,51,5,46,2
95239,55,8,47,2
95240,55,9,46,2
95241,65,4,61,2
95242,71,3,68,2
95243,66,6,60,2
95244,61,6,55,2
95245,42,3,39,2
95246,68,3,65,2
95247,56,6,50,2
95248,44,6,38,2
95249,57,7,50,2
95250,58,7,51,2
95251,61,5,56,2
95252,63,5,58,2
95253,50,3,47,2
95254,68,4,64,2
95255,55,5,50,2
95256,53,8,45,2
95257,60,10,50,2
95258,45,8,37,2
95259,49,3,46,2
95260,52,9,43,2
95261,60,7,53,2
95262,54,4,50,2
95263,55,8,47,2
95264,55,10,45,2
95265,52,6,46,2
95266,42,9,33,2
95267,62,7,55,2
95268,70,10,60,2
95269,45,6,39,2
95270,72,10,62,2
95271,48,6,42,2
95272,45,5,40,2
95273,57,8,49,2
95274,50,4,46,2
95275,53,9,44,2
95276,54,11,43,2
95277,69,5,64,2
95278,51,13,38,2
95279,58,13,45,2
95280,61,7,54,2
95281,56,6,50,2
95282,57,6,51,2
95283,51,7,44,2
95284,53,9,44,2
95285,51,7,44,2
95286,57,6,51,2
95287,52,12,40,2
95288,61,6,55,2
95289,55,6,49,2
95290,52,8,44,2
95291,53,7,46,2
95292,63,7,56,2
95293,58,8,50,2
95294,57,5,52,2
95295,52,7,45,2
95296,51,4,47,2
95297,61,7,54,2
95298,43,1,42,2
95299,52,2,50,2
95300,54,4,50,2
95301,55,7,48,2
95302,42,8,34,2
95303,56,6,50,2
95304,62,6,56,2
95305,68,11,57,2
95306,40,3,37,2
95307,48,7,41,2
95308,68,8,60,2
95309,54,8,46,2
95310,50,5,45,2
95311,57,7,50,2
95312,45,4,41,2
95313,67,11,56,2
95314,55,4,51,2
95315,63,6,57,2
95316,56,6,50,2
95317,70,6,64,2
95318,60,9,51,2
95319,55,4,51,2
95320,45,3,42,2
95321,56,9,47,2
95322,45,5,40,2
95323,51,3,48,2
95324,52,7,45,2
95325,58,9,49,2
95326,57,4,53,2
95327,47,6,41,2
95328,65,10,55,2
95329,54,3,51,2
95330,53,9,44,2
95331,40,5,35,2
95332,46,3,43,2
95333,67,5,62,2
95334,55,10,45,2
95335,57,6,51,2
95336,42,3,39,2
95337,55,6,49,2
95338,66,5,61,2
95339,50,7,43,2
95340,54,9,45,2
95341,69,7,62,2
95342,56,8,48,2
95343,51,9,42,2
95344,60,3,57,2
95345,50,4,46,2
95346,54,10,44,2
95347,55,2,53,2
95348,48,6,42,2
95349,72,9,63,2
95350,39,4,35,2
95351,48,6,42,2
95352,47,6,41,2
95353,50,5,45,2
95354,52,6,46,2
95355,46,6,40,2
95356,54,5,49,2
95357,48,7,41,2
95358,58,15,43,2
95359,51,7,44,2
95360,54,9,45,2
95361,53,9,44,2
95362,51,7,44,2
95363,62,6,56,2
95364,46,5,41,2
95365,51,7,44,2
95366,54,6,48,2
95367,54,8,46,2
95368,56,5,51,2
95369,57,9,48,2
95370,50,7,43,2
95371,48,3,45,2
95372,52,5,47,2
95373,50,16,34,2
95375,51,9,42,2
95376,55,10,45,2
95377,54,5,49,2
95378,57,4,53,2
95379,63,8,55,2
95380,58,8,50,2
95381,59,2,57,2
95382,60,7,53,2
95383,57,7,50,2
95384,71,7,64,2
95385,65,10,55,2
95386,60,12,48,2
95387,64,6,58,2
95388,63,6,57,2
95389,60,5,55,2
95390,51,6,45,2
95391,59,9,50,2
95392,48,4,44,2
95393,62,11,51,2
95394,49,6,43,2
95395,49,4,45,2
95396,55,4,51,2
95397,58,6,52,2
95398,47,8,39,2
95399,63,10,53,2
95400,49,4,45,2
95401,59,4,55,2
95402,45,6,39,2
95403,51,5,46,2
95404,52,7,45,2
95405,60,8,52,2
95406,65,11,54,2
95407,49,6,43,2
95408,57,8,49,2
95409,67,7,60,2
95410,46,5,41,2
95411,55,3,52,2
95412,50,10,40,2
95413,49,2,47,2
95414,67,9,58,2
95415,58,12,46,2
95416,59,8,51,2
95417,51,9,42,2
95418,54,9,45,2
95419,41,3,38,2
95421,56,4,52,2
95422,56,9,47,2
95423,46,7,39,2
95424,63,11,52,2
95425,47,6,41,2
95426,42,2,40,2
95427,41,6,35,2
95428,68,10,58,2
95429,48,3,45,2
95430,54,5,49,2
95431,47,6,41,2
95432,49,8,41,2
95433,53,12,41,2
95434,54,7,47,2
95435,53,6,47,2
95436,53,9,44,2
95437,63,12,51,2
95438,54,2,52,2
95439,41,1,40,2
95440,58,6,52,2
95441,45,5,40,2
95442,64,5,59,2
95443,61,9,52,2
95444,56,10,46,2
95445,56,8,48,2
95446,52,6,46,2
95447,56,5,51,2
95448,44,8,36,2
95449,64,9,55,2
95450,51,9,42,2
95451,67,7,60,2
95452,67,8,59,2
95453,55,7,48,2
95454,59,10,49,2
95455,50,6,44,2
95456,55,10,45,2
95457,62,10,52,2
95458,50,5,45,2
95459,43,2,41,2
95460,47,10,37,2
95461,58,2,56,2
95462,51,8,43,2
95463,55,10,45,2
95464,58,5,53,2
95465,59,4,55,2
95466,51,7,44,2
95467,53,10,43,2
95468,63,6,57,2
95469,45,6,39,2
95470,47,6,41,2
95471,51,7,44,2
95472,61,6,55,2
95473,45,5,40,2
95474,54,12,42,2
95475,46,8,38,2
95476,53,5,48,2
95477,50,7,43,2
95478,57,6,51,2
95479,49,4,45,2
95480,59,9,50,2
95481,42,5,37,2
95482,57,3,54,2
95483,44,8,36,2
95484,66,5,61,2
95485,56,11,45,2
95486,53,5,48,2
95487,63,3,60,2
95488,58,4,54,2
95489,47,5,42,2
95490,47,5,42,2
95491,70,8,62,2
95492,45,7,38,2
95493,48,7,41,2
95494,55,5,50,2
95495,53,8,45,2
95496,50,6,44,2
95497,49,4,45,2
95498,58,7,51,2
95499,63,5,58,2
95500,65,9,56,2
95501,49,1,48,2
95502,53,3,50,2
95503,54,9,45,2
95504,48,9,39,2
95505,55,6,49,2
95506,59,3,56,2
95507,46,7,39,2
95508,44,4,40,2
95509,54,4,50,2
95510,63,10,53,2
95511,53,7,46,2
95512,47,5,42,2
95513,56,9,47,2
95514,52,9,43,2
95515,47,4,43,2
95516,67,8,59,2
95517,60,7,53,2
95518,62,9,53,2
95519,60,5,55,2
95520,51,8,43,2
95521,60,4,56,2
95522,59,7,52,2
95523,57,9,48,2
95524,44,4,40,2
95525,66,6,60,2
95526,70,9,61,2
95527,59,9,50,2
95528,42,7,35,2
95529,46,7,39,2
95530,51,5,46,2
95531,55,8,47,2
95532,48,4,44,2
95533,54,8,46,2
95534,46,6,40,2
95535,54,3,51,2
95536,57,8,49,2
95537,44,4,40,2
95538,45,7,38,2
95539,53,4,49,2
95540,66,6,60,2
95541,67,10,57,2
95542,53,3,50,2
95543,49,4,45,2
95544,57,10,47,2
95545,61,8,53,2
95546,42,8,34,2
95547,61,7,54,2
95548,52,5,47,2
95549,49,3,46,2
95550,64,7,57,2
95551,49,9,40,2
95552,55,3,52,2
95553,61,9,52,2
95554,58,13,45,2
95555,48,6,42,2
95556,60,1,59,2
95557,59,11,48,2
95558,50,6,44,2
95559,45,10,35,2
95560,47,6,41,2
95561,56,4,52,2
95562,51,2,49,2
95563,52,3,49,2
95564,47,4,43,2
95565,51,6,45,2
95566,61,5,56,2
95568,63,8,55,2
95569,52,11,41,2
95570,48,9,39,2
95571,48,3,45,2
95572,57,5,52,2
95573,59,12,47,2
95574,52,4,48,2
95576,45,4,41,2
95577,53,6,47,2
95578,57,8,49,2
95579,56,10,46,2
95580,75,9,66,2
95581,51,2,49,2
95582,54,10,44,2
95583,48,8,40,2
95584,67,10,57,2
95585,64,4,60,2
95586,55,10,45,2
95587,53,4,49,2
95588,52,5,47,2
95589,51,6,45,2
95590,51,0,51,1
95591,46,3,43,2
95592,61,13,48,2
95593,58,7,51,2
95594,52,7,45,2
95595,39,6,33,2
95596,50,4,46,2
95597,56,8,48,2
95598,54,11,43,2
95599,46,8,38,2
95600,56,7,49,2
95601,51,10,41,2
95602,55,5,50,2
95603,47,4,43,2
95604,58,3,55,2
95605,58,3,55,2
95606,48,4,44,2
95607,55,8,47,2
95608,57,7,50,2
95609,64,8,56,2
95610,56,9,47,2
95611,59,8,51,2
95612,49,3,46,2
95613,49,10,39,2
95614,58,7,51,2
95615,54,6,48,2
95616,54,5,49,2
95617,51,5,46,2
95618,67,10,57,2
95619,56,9,47,2
95620,59,6,53,2
95621,47,5,42,2
95622,60,11,49,2
95623,68,8,60,2
95624,58,8,50,2
95625,54,6,48,2
95626,59,5,54,2
95627,52,3,49,2
95628,53,6,47,2
95629,53,6,47,2
95630,62,6,56,2
95631,51,6,45,2
95632,45,4,41,2
95633,52,7,45,2
95634,50,12,38,2
95635,50,4,46,2
95636,67,7,60,2
95637,52,8,44,2
95638,71,6,65,2
95639,71,8,63,2
95640,46,6,40,2
95641,41,3,38,2
95642,49,10,39,2
95643,49,2,47,2
95644,57,8,49,2
95645,54,2,52,2
95646,61,11,50,2
95647,53,7,46,2
95648,52,5,47,2
95649,46,7,39,2
95650,54,9,45,2
95651,50,6,44,2
95652,57,5,52,2
95653,49,2,47,2
95654,67,4,63,2
95655,44,4,40,2
95656,50,8,42,2
95657,62,10,52,2
95658,61,8,53,2
95659,63,8,55,2
95660,52,7,45,2
95661,66,11,55,2
95662,52,7,45,2
95663,48,9,39,2
95664,47,4,43,2
95665,65,4,61,2
95666,53,4,49,2
95667,56,6,50,2
95668,64,11,53,2
95669,53,7,46,2
95670,59,6,53,2
95671,55,4,51,2
95672,56,5,51,2
95673,53,3,50,2
95674,57,5,52,2
95675,62,9,53,2
95676,75,7,68,2
95677,54,6,48,2
95678,60,9,51,2
95679,48,6,42,2
95680,63,5,58,2
95681,46,2,44,2
95682,52,3,49,2
95683,46,7,39,2
95684,61,6,55,2
95685,58,7,51,2
95686,55,3,52,2
95687,60,5,55,2
95688,54,5,49,2
95689,45,9,36,2
95690,51,5,46,2
95691,61,7,54,2
95692,64,6,58,2
95693,58,6,52,2
95694,59,7,52,2
95695,55,7,48,2
95696,74,10,64,2
95697,51,8,43,2
95698,51,4,47,2
95699,44,8,36,2
95700,65,12,53,2
95701,60,7,53,2
95702,58,4,54,2
95703,57,10,47,2
95704,55,8,47,2
95705,48,3,45,2
95706,43,2,41,2
95707,53,8,45,2
95708,44,5,39,2
95709,51,7,44,2
95710,48,2,46,2
95711,53,5,48,2
95712,70,12,58,2
95713,42,6,36,2
95714,51,4,47,2
95715,49,7,42,2
95716,51,3,48,2
95717,54,7,47,2
95718,53,11,42,2
95719,47,9,38,2
95720,53,5,48,2
95721,50,8,42,2
95722,46,7,39,2
95723,49,6,43,2
95724,55,8,47,2
95725,55,5,50,2
95726,67,11,56,2
95727,76,10,66,2
95728,49,5,44,2
95729,51,4,47,2
95730,59,7,52,2
95731,62,8,54,2
95732,43,5,38,2
95733,50,4,46,2
95734,47,9,38,2
95735,58,7,51,2
95736,54,7,47,2
95737,59,11,48,2
95738,54,1,53,2
95739,49,4,45,2
95740,64,6,58,2
95741,46,5,41,2
95742,52,6,46,2
95743,54,13,41,2
95744,65,8,57,2
95745,57,10,47,2
95746,47,3,44,2
95747,49,7,42,2
95748,49,7,42,2
95749,60,7,53,2
95750,58,2,56,2
95751,65,5,60,2
95752,53,8,45,2
95753,50,5,45,2
95754,55,4,51,2
95755,47,4,43,2
95756,56,6,50,2
95757,68,9,59,2
95758,46,7,39,2
95759,42,5,37,2
95760,55,7,48,2
95761,63,10,53,2
95762,49,7,42,2
95763,41,4,37,2
95764,62,6,56,2
95765,44,4,40,2
95766,55,8,47,2
95767,75,11,64,2
95768,48,2,46,2
95769,54,6,48,2
95770,45,7,38,2
95771,47,3,44,2
95772,46,5,41,2
95773,50,6,44,2
95774,40,3,37,2
95775,49,2,47,2
95776,67,8,59,2
95777,46,5,41,2
95778,62,5,57,2
95779,62,10,52,2
95780,54,6,48,2
95781,70,11,59,2
95782,46,6,40,2
95783,63,5,58,2
95784,61,10,51,2
95785,60,9,51,2
95786,51,5,46,2
95787,53,9,44,2
95788,42,3,39,2
95789,65,6,59,2
95790,70,11,59,2
95791,59,7,52,2
95792,56,5,51,2
95793,55,4,51,2
95794,53,4,49,2
95795,73,3,70,2
95796,56,10,46,2
95797,53,10,43,2
95798,58,6,52,2
95799,52,6,46,2
95800,38,5,33,2
95801,45,7,38,2
95802,60,1,59,2
95803,56,4,52,2
95804,49,3,46,2
95805,44,4,40,2
95806,62,8,54,2
95807,50,9,41,2
95808,67,8,59,2
95809,52,8,44,2
95810,61,6,55,2
95811,60,6,54,2
95812,59,5,54,2
95813,43,10,33,2
95814,69,12,57,2
95815,56,4,52,2
95816,60,2,58,2
95817,53,5,48,2
95818,53,7,46,2
95819,59,7,52,2
95820,51,6,45,2
95821,52,4,48,2
95822,57,7,50,2
95823,49,3,46,2
95824,46,8,38,2
95825,54,5,49,2
95826,46,9,37,2
95827,69,9,60,2
95828,45,7,38,2
95829,46,3,43,2
95830,52,4,48,2
95831,41,8,33,2
95832,60,5,55,2
95833,53,3,50,2
95834,63,7,56,2
95835,60,3,57,2
95836,58,7,51,2
95837,52,7,45,2
95838,67,6,61,2
95839,57,5,52,2
95840,58,6,52,2
95841,55,5,50,2
95842,49,7,42,2
95843,69,8,61,2
95844,51,4,47,2
95845,53,6,47,2
95846,64,2,62,2
95847,43,6,37,2
95848,42,2,40,2
95849,57,8,49,2
95850,58,10,48,2
95851,62,8,54,2
95852,45,1,44,2
95853,59,6,53,2
95854,43,4,39,2
95855,49,7,42,2
95856,61,6,55,2
95857,56,7,49,2
95858,59,3,56,2
95859,65,9,56,2
95860,56,3,53,2
95861,65,6,59,2
95862,53,5,48,2
95863,51,6,45,2
95864,60,7,53,2
95865,48,8,40,2
95866,60,8,52,2
95867,43,4,39,2
95868,61,8,53,2
95869,57,12,45,2
95870,53,6,47,2
95871,46,3,43,2
95872,63,8,55,2
95873,50,7,43,2
95874,52,4,48,2
95875,48,4,44,2
95876,54,5,49,2
95877,49,5,44,2
95878,46,7,39,2
95879,48,9,39,2
95880,59,10,49,2
95881,63,8,55,2
95882,63,7,56,2
95883,61,7,54,2
95884,57,5,52,2
95885,57,6,51,2
95886,56,9,47,2
95887,46,10,36,2
95888,61,8,53,2
95889,58,5,53,2
95890,42,11,31,2
95891,51,9,42,2
95892,61,8,53,2
95893,45,3,42,2
95894,56,7,49,2
95895,47,7,40,2
95896,57,7,50,2
95897,49,3,46,2
95898,71,6,65,2
95899,49,6,43,2
95900,59,8,51,2
95901,48,3,45,2
95902,70,6,64,2
95903,65,5,60,2
95904,46,3,43,2
95905,59,7,52,2
95906,53,4,49,2
95907,50,7,43,2
95908,53,7,46,2
95909,43,3,40,2
95910,56,7,49,2
95911,42,5,37,2
95912,52,6,46,2
95913,65,8,57,2
95914,51,6,45,2
95915,56,11,45,2
95916,53,7,46,2
95917,39,0,39,1
95918,52,6,46,2
95919,57,10,47,2
95920,62,10,52,2
95921,62,5,57,2
95922,64,10,54,2
95923,54,12,42,2
95924,44,4,40,2
95925,65,10,55,2
95926,60,7,53,2
95927,55,6,49,2
95928,66,3,63,2
95929,54,10,44,2
95930,58,5,53,2
95931,54,10,44,2
95932,72,5,67,2
95933,56,7,49,2
95934,47,6,41,2
95935,46,10,36,2
95936,53,6,47,2
95937,53,4,49,2
95938,39,7,32,2
95939,52,5,47,2
95940,63,8,55,2
95941,51,6,45,2
95942,55,9,46,2
95943,44,6,38,2
95944,73,10,63,2
95945,63,11,52,2
95946,55,8,47,2
95947,48,7,41,2
95948,51,6,45,2
95949,51,9,42,2
95950,57,8,49,2
95951,44,5,39,2
95952,56,4,52,2
95953,53,2,51,2
95954,61,10,51,2
95955,44,6,38,2
95956,43,7,36,2
95957,47,8,39,2
95958,64,14,50,2
95959,69,6,63,2
95960,50,5,45,2
95961,72,9,63,2
95962,57,12,45,2
95963,50,6,44,2
95964,48,6,42,2
95965,50,12,38,2
95966,50,2,48,2
95967,54,6,48,2
95968,59,10,49,2
95969,52,5,47,2
95970,59,4,55,2
95971,66,8,58,2
95972,58,9,49,2
95973,52,6,46,2
95974,62,8,54,2
95975,57,4,53,2
95976,61,12,49,2
95977,51,8,43,2
95978,61,4,57,2
95979,56,7,49,2
95980,42,4,38,2
95981,60,4,56,2
95982,54,6,48,2
95983,41,5,36,2
95984,56,6,50,2
95985,52,7,45,2
95986,53,9,44,2
95987,61,7,54,2
95988,65,7,58,2
95989,37,5,32,2
95990,48,2,46,2
95991,60,6,54,2
95992,65,8,57,2
95993,48,7,41,2
95994,50,7,43,2
95995,57,10,47,2
95996,51,9,42,2
95997,54,7,47,2
95998,47,2,45,2
95999,46,1,45,2
96000,55,5,50,2
96001,59,7,52,2
96002,50,6,44,2
96003,68,4,64,2
96004,57,7,50,2
96005,56,2,54,2
96006,53,2,51,2
96007,53,5,48,2
96008,55,8,47,2
96009,62,5,57,2
96010,47,10,37,2
96011,42,8,34,2
96012,36,6,30,2
96013,45,6,39,2
96014,45,8,37,2
96015,61,4,57,2
96016,70,3,67,2
96017,56,6,50,2
96018,54,8,46,2
96019,54,3,51,2
96020,55,8,47,2
96021,46,5,41,2
96022,56,8,48,2
96023,60,6,54,2
96024,47,5,42,2
96025,44,8,36,2
96026,52,5,47,2
96027,47,6,41,2
96028,52,10,42,2
96029,49,5,44,2
96030,50,6,44,2
96031,49,6,43,2
96032,51,7,44,2
96033,62,5,57,2
96034,54,7,47,2
96035,60,5,55,2
96036,50,4,46,2
96037,45,12,33,2
96038,44,7,37,2
96039,65,8,57,2
96040,64,9,55,2
96041,56,9,47,2
96042,57,6,51,2
96043,59,4,55,2
96044,51,9,42,2
96045,57,10,47,2
96046,58,6,52,2
96047,68,10,58,2
96048,58,9,49,2
96049,66,5,61,2
96050,43,8,35,2
96051,68,9,59,2
96052,48,6,42,2
96053,62,7,55,2
96054,48,3,45,2
96055,50,5,45,2
96056,64,11,53,2
96057,47,7,40,2
96058,60,8,52,2
96059,64,11,53,2
96060,68,9,59,2
96061,60,4,56,2
96062,53,10,43,2
96063,41,2,39,2
96064,57,7,50,2
96065,69,11,58,2
96066,51,3,48,2
96067,51,7,44,2
96068,46,6,40,2
96069,58,6,52,2
96070,53,7,46,2
96071,53,6,47,2
96072,55,7,48,2
96073,55,12,43,2
96074,65,9,56,2
96075,49,6,43,2
96076,60,8,52,2
96077,46,1,45,2
96078,52,6,46,2
96079,51,6,45,2
96080,54,6,48,2
96081,52,6,46,2
96082,55,8,47,2
96083,63,9,54,2
96084,47,4,43,2
96085,58,6,52,2
96086,56,6,50,2
96087,50,4,46,2
96088,54,7,47,2
96089,50,3,47,2
96090,47,3,44,2
96091,46,5,41,2
96092,58,4,54,2
96093,54,7,47,2
96094,68,6,62,2
96095,65,8,57,2
96096,49,9,40,2
96097,83,6,77,2
96098,40,3,37,2
96099,62,10,52,2
96100,59,9,50,2
96101,54,9,45,2
96102,64,6,58,2
96103,48,9,39,2
96104,45,9,36,2
96105,45,8,37,2
96106,52,6,46,2
96107,63,3,60,2
96108,54,10,44,2
96109,47,7,40,2
96110,52,3,49,2
96111,58,5,53,2
96112,58,11,47,2
96113,35,3,32,2
96114,52,6,46,2
96115,46,5,41,2
96116,49,4,45,2
96117,69,7,62,2
96118,41,5,36,2
96119,47,9,38,2
96120,49,6,43,2
96121,34,3,31,2
96122,48,4,44,2
96123,61,5,56,2
96124,59,4,55,2
96125,43,8,35,2
96126,62,8,54,2
96127,63,9,54,2
96128,52,6,46,2
96129,47,4,43,2
96130,55,8,47,2
96131,67,6,61,2
96132,35,4,31,2
96133,59,7,52,2
96134,52,7,45,2
96135,55,8,47,2
96136,49,2,47,2
96137,68,8,60,2
96138,57,7,50,2
96139,63,7,56,2
96140,43,8,35,2
96141,62,9,53,2
96142,49,4,45,2
96143,50,6,44,2
96144,47,1,46,2
96145,44,2,42,2
96146,54,6,48,2
96147,46,9,37,2
96148,36,2,34,2
96149,42,4,38,2
96150,64,12,52,2
96151,51,3,48,2
96152,58,12,46,2
96153,53,1,52,2
96154,41,5,36,2
96155,47,6,41,2
96156,50,6,44,2
96157,37,4,33,2
96158,49,8,41,2
96159,56,8,48,2
96160,54,8,46,2
96161,58,5,53,2
96162,51,4,47,2
96163,45,8,37,2
96164,45,5,40,2
96165,60,7,53,2
96166,64,8,56,2
96167,53,6,47,2
96168,43,1,42,2
96169,54,9,45,2
96170,66,11,55,2
96171,56,3,53,2
96172,51,7,44,2
96173,55,6,49,2
96174,56,4,52,2
96175,57,2,55,2
96176,55,11,44,2
96177,64,7,57,2
96178,60,7,53,2
96179,47,9,38,2
96180,55,8,47,2
96181,38,6,32,2
96182,58,12,46,2
96183,40,5,35,2
96184,51,2,49,2
96185,56,7,49,2
96186,58,6,52,2
96187,59,9,50,2
96188,51,4,47,2
96189,38,4,34,2
96190,50,9,41,2
96191,53,8,45,2
96192,54,11,43,2
96193,57,6,51,2
96194,54,8,46,2
96195,35,4,31,2
96196,45,2,43,2
96197,53,7,46,2
96198,46,3,43,2
96199,63,11,52,2
96200,60,7,53,2
96201,63,5,58,2
96202,59,9,50,2
96203,59,6,53,2
96204,55,11,44,2
96205,62,2,60,2
96206,59,8,51,2
96207,60,5,55,2
96208,46,8,38,2
96209,50,3,47,2
96210,50,9,41,2
96211,55,8,47,2
96212,63,8,55,2
96213,57,8,49,2
96214,54,3,51,2
96215,58,6,52,2
96216,66,5,61,2
96217,55,3,52,2
96218,47,8,39,2
96219,60,10,50,2
96220,61,12,49,2
96221,53,6,47,2
96222,59,4,55,2
96223,57,7,50,2
96224,51,3,48,2
96225,51,7,44,2
96226,59,8,51,2
96227,59,8,51,2
96228,49,9,40,2
96229,65,8,57,2
96230,50,9,41,2
96231,51,5,46,2
96232,47,3,44,2
96233,47,6,41,2
96234,65,7,58,2
96235,49,6,43,2
96236,51,4,47,2
96237,56,5,51,2
96238,48,7,41,2
96239,62,11,51,2
96240,51,5,46,2
96241,51,5,46,2
96242,52,5,47,2
96243,53,7,46,2
96244,55,7,48,2
96245,56,9,47,2
96246,53,4,49,2
96247,56,7,49,2
96248,55,5,50,2
96249,50,5,45,2
96250,68,11,57,2
96251,41,4,37,2
96252,55,5,50,2
96253,51,6,45,2
96254,48,4,44,2
96255,54,4,50,2
96256,55,1,54,2
96257,69,6,63,2
96258,46,6,40,2
96259,52,4,48,2
96260,48,4,44,2
96261,50,10,40,2
96262,48,3,45,2
96263,66,2,64,2
96264,45,6,39,2
96265,63,7,56,2
96266,55,10,45,2
96267,51,7,44,2
96268,62,4,58,2
96269,50,8,42,2
96270,45,5,40,2
96271,59,3,56,2
96272,63,5,58,2
96273,66,8,58,2
96274,55,4,51,2
96275,43,6,37,2
96276,53,9,44,2
96277,47,3,44,2
96278,60,9,51,2
96279,45,5,40,2
96280,54,7,47,2
96281,67,5,62,2
96282,55,5,50,2
96283,59,8,51,2
96284,65,6,59,2
96285,58,12,46,2
96286,51,2,49,2
96287,59,10,49,2
96288,58,5,53,2
96289,49,6,43,2
96290,57,6,51,2
96291,55,7,48,2
96292,61,10,51,2
96293,44,6,38,2
96294,45,2,43,2
96295,49,4,45,2
96296,56,12,44,2
96297,55,9,46,2
96298,57,8,49,2
96299,51,5,46,2
96300,47,5,42,2
96301,57,8,49,2
96302,52,4,48,2
96303,47,3,44,2
96304,49,4,45,2
96305,59,7,52,2
96306,46,6,40,2
96307,40,1,39,2
96308,45,8,37,2
96309,49,5,44,2
96310,53,3,50,2
96311,43,8,35,2
96312,46,6,40,2
96313,50,6,44,2
96314,57,2,55,2
96315,77,8,69,2
96316,45,10,35,2
96317,42,8,34,2
96318,52,4,48,2
96319,63,9,54,2
96320,48,3,45,2
96321,56,5,51,2
96322,59,4,55,2
96323,53,7,46,2
96324,60,7,53,2
96325,57,8,49,2
96326,52,7,45,2
96327,51,4,47,2
96328,40,5,35,2
96329,58,10,48,2
96330,58,7,51,2
96331,54,7,47,2
96332,58,9,49,2
96333,54,6,48,2
96334,51,6,45,2
96335,65,11,54,2
96336,55,7,48,2
96337,42,5,37,2
96338,47,6,41,2
96339,49,4,45,2
96340,60,10,50,2
96341,45,4,41,2
96342,54,5,49,2
96343,49,5,44,2
96344,63,3,60,2
96345,57,5,52,2
96346,63,12,51,2
96347,52,5,47,2
96348,47,9,38,2
96349,67,4,63,2
96350,54,5,49,2
96351,62,7,55,2
96352,57,10,47,2
96353,63,9,54,2
96354,58,11,47,2
96355,54,10,44,2
96356,57,6,51,2
96357,67,6,61,2
96358,58,7,51,2
96359,42,10,32,2
96360,70,13,57,2
96361,48,4,44,2
96362,45,4,41,2
96363,52,8,44,2
96364,48,4,44,2
96365,51,6,45,2
96366,48,4,44,2
96367,61,5,56,2
96368,60,3,57,2
96369,45,3,42,2
96370,61,7,54,2
96371,61,8,53,2
96372,45,5,40,2
96373,53,7,46,2
96374,39,5,34,2
96375,52,7,45,2
96376,64,7,57,2
96377,63,8,55,2
96378,61,9,52,2
96379,45,6,39,2
96380,51,6,45,2
96381,59,4,55,2
96382,52,10,42,2
96383,54,6,48,2
96384,60,1,59,2
96385,58,8,50,2
96386,57,3,54,2
96387,62,12,50,2
96388,49,5,44,2
96389,55,7,48,2
96390,57,9,48,2
96391,52,10,42,2
96392,62,7,55,2
96393,54,3,51,2
96394,54,7,47,2
96395,52,4,48,2
96396,58,7,51,2
96397,49,8,41,2
96398,64,7,57,2
96399,39,6,33,2
96400,58,4,54,2
96401,55,10,45,2
96402,55,10,45,2
96403,45,7,38,2
96404,51,9,42,2
96405,55,6,49,2
96406,51,5,46,2
96407,68,2,66,2
96408,47,5,42,2
96409,64,9,55,2
96410,57,8,49,2
96411,55,2,53,2
96412,71,9,62,2
96413,47,9,38,2
96414,63,6,57,2
96415,54,6,48,2
96416,51,3,48,2
96417,47,3,44,2
96418,50,6,44,2
96419,63,6,57,2
96420,50,6,44,2
96421,62,7,55,2
96422,47,10,37,2
96423,57,3,54,2
96424,56,13,43,2
96425,54,10,44,2
96426,67,9,58,2
96427,52,7,45,2
96428,39,5,34,2
96429,52,3,49,2
96430,64,10,54,2
96431,53,6,47,2
96432,46,8,38,2
96433,57,8,49,2
96434,59,1,58,2
96435,56,3,53,2
96436,65,6,59,2
96437,48,3,45,2
96438,50,4,46,2
96439,50,4,46,2
96440,52,10,42,2
96441,69,8,61,2
96442,43,5,38,2
96443,61,7,54,2
96444,50,7,43,2
96445,52,6,46,2
96446,60,11,49,2
96447,65,10,55,2
96448,58,8,50,2
96449,52,10,42,2
96450,51,6,45,2
96451,59,6,53,2
96452,67,6,61,2
96453,54,5,49,2
96454,55,4,51,2
96455,54,1,53,2
96456,64,5,59,2
96457,62,9,53,2
96458,57,5,52,2
96459,54,5,49,2
96460,53,5,48,2
96461,60,6,54,2
96462,54,8,46,2
96463,59,5,54,2
96464,56,7,49,2
96465,57,1,56,2
96466,47,4,43,2
96467,48,1,47,2
96468,74,11,63,2
96469,60,5,55,2
96470,55,10,45,2
96471,65,11,54,2
96472,48,4,44,2
96473,39,5,34,2
96474,56,8,48,2
96475,48,4,44,2
96476,52,9,43,2
96477,61,14,47,2
96478,54,8,46,2
96479,61,5,56,2
96480,53,6,47,2
96481,61,9,52,2
96482,58,11,47,2
96483,67,11,56,2
96484,72,9,63,2
96485,42,6,36,2
96486,51,5,46,2
96487,54,8,46,2
96488,58,11,47,2
96489,60,5,55,2
96490,56,7,49,2
96491,60,4,56,2
96492,57,8,49,2
96493,61,12,49,2
96494,58,8,50,2
96495,64,6,58,2
96496,50,8,42,2
96497,78,11,67,2
96498,52,6,46,2
96499,56,7,49,2
96500,54,8,46,2
96501,51,7,44,2
96502,52,3,49,2
96503,59,6,53,2
96504,52,5,47,2
96505,53,7,46,2
96506,46,2,44,2
96507,56,5,51,2
96508,46,8,38,2
96509,51,4,47,2
96510,51,6,45,2
96511,60,6,54,2
96512,52,6,46,2
96513,58,7,51,2
96514,44,8,36,2
96515,51,8,43,2
96516,45,3,42,2
96517,54,7,47,2
96518,63,4,59,2
96519,62,12,50,2
96520,56,6,50,2
96521,45,3,42,2
96522,51,4,47,2
96523,59,6,53,2
96524,52,5,47,2
96525,50,7,43,2
96526,53,7,46,2
96527,57,6,51,2
96528,55,6,49,2
96529,40,3,37,2
96530,49,5,44,2
96531,59,6,53,2
96532,49,5,44,2
96533,61,8,53,2
96534,53,6,47,2
96535,51,5,46,2
96536,53,7,46,2
96537,62,11,51,2
96538,50,5,45,2
96539,58,10,48,2
96540,46,7,39,2
96541,52,6,46,2
96542,47,5,42,2
96543,46,2,44,2
96544,63,13,50,2
96545,47,2,45,2
96546,64,12,52,2
96547,45,4,41,2
96548,58,8,50,2
96549,62,6,56,2
96550,57,8,49,2
96551,46,3,43,2
96552,62,2,60,2
96553,50,13,37,2
96554,49,2,47,2
96555,56,10,46,2
96556,52,4,48,2
96557,57,9,48,2
96558,54,4,50,2
96559,50,3,47,2
96560,61,3,58,2
96561,50,8,42,2
96562,56,9,47,2
96563,57,8,49,2
96564,54,8,46,2
96565,39,8,31,2
96566,60,14,46,2
96567,65,7,58,2
96568,51,3,48,2
96569,58,8,50,2
96570,58,6,52,2
96571,45,6,39,2
96572,58,5,53,2
96573,59,6,53,2
96574,61,8,53,2
96575,51,3,48,2
96576,46,4,42,2
96577,56,12,44,2
96578,51,5,46,2
96579,57,5,52,2
96580,53,7,46,2
96581,53,10,43,2
96582,47,7,40,2
96583,49,6,43,2
96584,53,10,43,2
96585,42,1,41,2
96586,55,7,48,2
96587,48,6,42,2
96588,44,3,41,2
96589,54,12,42,2
96590,54,8,46,2
96591,58,3,55,2
96592,58,3,55,2
96593,55,7,48,2
96594,71,8,63,2
96595,52,4,48,2
96596,49,9,40,2
96597,53,7,46,2
96598,45,7,38,2
96599,45,3,42,2
96600,42,3,39,2
96601,52,9,43,2
96602,54,4,50,2
96603,59,11,48,2
96604,55,8,47,2
96605,55,6,49,2
96606,57,7,50,2
96607,50,3,47,2
96608,53,1,52,2
96609,53,4,49,2
96610,74,6,68,2
96611,50,8,42,2
96612,62,5,57,2
96613,57,9,48,2
96614,55,3,52,2
96615,60,5,55,2
96616,54,11,43,2
96617,48,3,45,2
96618,60,4,56,2
96619,46,6,40,2
96620,54,4,50,2
96621,52,2,50,2
96622,49,9,40,2
96623,54,10,44,2
96624,50,5,45,2
96625,48,7,41,2
96626,55,4,51,2
96627,48,10,38,2
96628,52,5,47,2
96629,62,7,55,2
96630,67,6,61,2
96631,59,9,50,2
96632,54,7,47,2
96633,54,10,44,2
96634,60,9,51,2
96635,48,8,40,2
96636,56,2,54,2
96637,63,4,59,2
96638,37,8,29,2
96639,65,9,56,2
96640,42,9,33,2
96641,55,7,48,2
96642,63,8,55,2
96643,41,6,35,2
96644,55,7,48,2
96645,49,6,43,2
96646,56,6,50,2
96647,47,9,38,2
96648,58,7,51,2
96649,51,5,46,2
96650,42,6,36,2
96651,46,3,43,2
96652,62,7,55,2
96653,59,6,53,2
96654,45,4,41,2
96655,43,5,38,2
96656,51,4,47,2
96657,50,4,46,2
96658,55,7,48,2
96659,64,13,51,2
96660,50,7,43,2
96661,59,6,53,2
96662,58,9,49,2
96663,40,4,36,2
96664,45,5,40,2
96665,49,5,44,2
96666,56,4,52,2
96667,52,7,45,2
96668,54,7,47,2
96669,45,4,41,2
96670,62,9,53,2
96671,43,10,33,2
96672,48,3,45,2
96673,58,4,54,2
96674,65,8,57,2
96675,57,6,51,2
96676,67,9,58,2
96677,61,7,54,2
96678,64,6,58,2
96679,54,10,44,2
96680,54,8,46,2
96681,61,3,58,2
96682,63,2,61,2
96683,54,5,49,2
96684,60,6,54,2
96685,68,5,63,2
96686,71,4,67,2
96687,50,8,42,2
96688,53,8,45,2
96689,52,6,46,2
96690,47,5,42,2
96691,61,10,51,2
96692,45,5,40,2
96693,58,10,48,2
96694,46,6,40,2
96695,59,9,50,2
96696,69,4,65,2
96697,60,5,55,2
96698,59,7,52,2
96700,58,7,51,2
96701,40,6,34,2
96702,51,9,42,2
96703,50,8,42,2
96704,49,8,41,2
96705,63,5,58,2
96706,51,10,41,2
96707,59,8,51,2
96708,57,6,51,2
96709,62,5,57,2
96710,58,7,51,2
96711,54,8,46,2
96712,59,7,52,2
96713,58,7,51,2
96714,63,10,53,2
96715,64,7,57,2
96716,58,8,50,2
96717,48,4,44,2
96718,43,7,36,2
96719,60,6,54,2
96720,49,4,45,2
96721,50,7,43,2
96722,51,6,45,2
96723,48,6,42,2
96724,53,12,41,2
96725,52,7,45,2
96726,56,6,50,2
96727,47,7,40,2
96728,54,10,44,2
96729,58,3,55,2
96730,61,6,55,2
96731,43,7,36,2
96732,63,8,55,2
96733,56,4,52,2
96734,57,8,49,2
96735,50,7,43,2
96736,73,11,62,2
96737,62,13,49,2
96738,42,5,37,2
96739,65,11,54,2
96740,49,4,45,2
96741,44,9,35,2
96742,61,8,53,2
96743,43,4,39,2
96744,53,5,48,2
96745,45,4,41,2
96746,57,11,46,2
96747,56,7,49,2
96748,54,2,52,2
96749,52,7,45,2
96750,58,11,47,2
96751,50,7,43,2
96752,40,6,34,2
96753,59,7,52,2
96754,51,5,46,2
96755,45,3,42,2
96756,61,7,54,2
96757,57,4,53,2
96758,59,6,53,2
96759,47,6,41,2
96760,40,4,36,2
96761,54,5,49,2
96762,59,5,54,2
96763,50,11,39,2
96764,53,8,45,2
96765,64,9,55,2
96766,49,5,44,2
96767,70,11,59,2
96768,63,9,54,2
96769,47,3,44,2
96770,65,7,58,2
96771,49,3,46,2
96772,74,9,65,2
96773,60,8,52,2
96774,67,12,55,2
96776,53,8,45,2
96777,48,6,42,2
96778,48,5,43,2
96779,59,6,53,2
96780,57,10,47,2
96781,46,3,43,2
96782,55,7,48,2
96783,44,5,39,2
96784,60,8,52,2
96785,53,9,44,2
96786,51,5,46,2
96787,66,10,56,2
96788,75,11,64,2
96789,50,3,47,2
96790,55,6,49,2
96791,47,9,38,2
96792,73,4,69,2
96793,57,5,52,2
96794,62,6,56,2
96795,60,8,52,2
96796,48,5,43,2
96797,58,9,49,2
96798,54,4,50,2
96799,51,7,44,2
96800,57,10,47,2
96801,45,2,43,2
96802,54,8,46,2
96803,58,6,52,2
96804,55,8,47,2
96805,62,8,54,2
96806,58,7,51,2
96807,60,9,51,2
96808,52,8,44,2
96809,63,8,55,2
96810,48,7,41,2
96811,51,7,44,2
96812,57,4,53,2
96813,38,4,34,2
96814,47,4,43,2
96815,58,6,52,2
96816,53,1,52,2
96817,61,7,54,2
96818,45,8,37,2
96819,54,4,50,2
96820,56,4,52,2
96821,58,8,50,2
96822,52,2,50,2
96823,44,6,38,2
96824,57,12,45,2
96825,55,11,44,2
96826,52,7,45,2
96827,54,9,45,2
96828,58,8,50,2
96829,57,8,49,2
96830,63,6,57,2
96831,44,5,39,2
96832,42,7,35,2
96833,53,3,50,2
96834,53,9,44,2
96835,54,6,48,2
96836,51,6,45,2
96837,52,5,47,2
96838,46,4,42,2
96839,52,7,45,2
96840,60,5,55,2
96841,47,5,42,2
96842,52,2,50,2
96843,64,6,58,2
96845,46,3,43,2
96846,58,3,55,2
96847,54,7,47,2
96848,68,6,62,2
96849,56,4,52,2
96850,56,12,44,2
96851,59,5,54,2
96852,51,3,48,2
96853,50,7,43,2
96854,61,14,47,2
96855,48,6,42,2
96856,48,5,43,2
96857,52,6,46,2
96858,55,9,46,2
96859,48,5,43,2
96860,49,8,41,2
96861,60,6,54,2
96862,57,6,51,2
96863,56,10,46,2
96864,50,5,45,2
96865,50,2,48,2
96866,57,8,49,2
96867,53,5,48,2
96868,63,14,49,2
96869,57,7,50,2
96870,50,4,46,2
96871,62,8,54,2
96872,55,4,51,2
96873,61,3,58,2
96874,56,9,47,2
96875,65,14,51,2
96876,45,8,37,2
96877,60,12,48,2
96878,45,5,40,2
96879,37,6,31,2
96880,45,4,41,2
96881,53,7,46,2
96882,53,6,47,2
96883,62,6,56,2
96884,52,5,47,2
96885,60,6,54,2
96886,51,6,45,2
96887,44,1,43,2
96888,59,7,52,2
96889,47,5,42,2
96890,37,7,30,2
96891,60,8,52,2
96892,49,5,44,2
96893,54,7,47,2
96894,55,10,45,2
96895,63,6,57,2
96896,51,8,43,2
96897,54,6,48,2
96898,37,7,30,2
96899,68,7,61,2
96900,58,8,50,2
96901,53,9,44,2
96902,45,4,41,2
96903,52,7,45,2
96904,43,5,38,2
96905,51,7,44,2
96906,64,8,56,2
96907,46,2,44,2
96908,43,7,36,2
96909,49,7,42,2
96910,51,8,43,2
96911,45,4,41,2
96912,56,8,48,2
96913,62,7,55,2
96914,60,6,54,2
96915,71,6,65,2
96916,54,7,47,2
96917,49,7,42,2
96918,49,7,42,2
96919,68,8,60,2
96920,50,1,49,2
96921,47,5,42,2
96922,59,5,54,2
96923,65,15,50,2
96924,53,4,49,2
96925,58,11,47,2
96926,62,8,54,2
96927,47,6,41,2
96928,59,7,52,2
96929,48,12,36,2
96930,63,6,57,2
96931,51,2,49,2
96932,54,7,47,2
96933,59,7,52,2
96934,50,5,45,2
96935,46,9,37,2
96936,60,8,52,2
96937,58,5,53,2
96938,57,8,49,2
96939,55,7,48,2
96940,62,8,54,2
96941,59,7,52,2
96942,51,4,47,2
96943,52,7,45,2
96944,54,8,46,2
96945,55,9,46,2
96946,59,7,52,2
96947,52,5,47,2
96948,77,16,61,2
96949,62,5,57,2
96950,56,6,50,2
96951,69,7,62,2
96952,49,3,46,2
96953,57,4,53,2
96954,65,12,53,2
96955,59,9,50,2
96956,54,6,48,2
96957,63,6,57,2
96958,50,7,43,2
96959,54,7,47,2
96960,54,2,52,2
96961,47,6,41,2
96962,64,8,56,2
96963,41,3,38,2
96964,63,9,54,2
96965,62,6,56,2
96966,60,6,54,2
96967,55,12,43,2
96968,58,10,48,2
96969,44,3,41,2
96970,61,9,52,2
96971,49,10,39,2
96972,49,1,48,2
96973,60,2,58,2
96974,64,8,56,2
96975,54,2,52,2
96976,56,7,49,2
96977,63,6,57,2
96978,46,4,42,2
96979,49,8,41,2
96980,57,9,48,2
96981,64,7,57,2
96982,62,9,53,2
96983,64,5,59,2
96984,42,3,39,2
96985,67,5,62,2
96986,41,4,37,2
96987,67,8,59,2
96988,55,7,48,2
96989,51,10,41,2
96990,55,2,53,2
96991,71,6,65,2
96992,54,7,47,2
96993,46,9,37,2
96994,53,3,50,2
96995,53,5,48,2
96996,57,9,48,2
96997,67,11,56,2
96998,59,9,50,2
96999,55,10,45,2
97000,58,6,52,2
97001,57,8,49,2
97002,62,10,52,2
97003,51,3,48,2
97004,49,5,44,2
97005,58,6,52,2
97006,60,7,53,2
97007,58,7,51,2
97008,56,10,46,2
97009,53,6,47,2
97010,52,3,49,2
97011,58,6,52,2
97012,52,9,43,2
97013,50,5,45,2
97014,56,8,48,2
97015,54,8,46,2
97016,54,9,45,2
97017,44,6,38,2
97018,50,3,47,2
97019,54,7,47,2
97020,41,4,37,2
97021,60,3,57,2
97022,38,1,37,2
97023,53,2,51,2
97024,67,4,63,2
97025,52,7,45,2
97026,40,6,34,2
97027,52,5,47,2
97028,53,3,50,2
97029,54,5,49,2
97030,49,3,46,2
97031,57,5,52,2
97032,58,6,52,2
97033,59,3,56,2
97034,54,7,47,2
97035,43,8,35,2
97036,54,10,44,2
97037,43,8,35,2
97038,60,4,56,2
97039,57,8,49,2
97040,55,7,48,2
97041,55,7,48,2
97042,43,3,40,2
97043,56,7,49,2
97044,51,9,42,2
97045,64,12,52,2
97046,64,7,57,2
97047,53,6,47,2
97048,47,7,40,2
97049,50,9,41,2
97050,60,2,58,2
97051,63,8,55,2
97052,57,9,48,2
97053,55,8,47,2
97054,60,9,51,2
97055,41,7,34,2
97056,57,8,49,2
97057,60,11,49,2
97058,46,8,38,2
97059,53,6,47,2
97060,61,8,53,2
97061,45,6,39,2
97062,56,6,50,2
97063,44,5,39,2
97064,47,6,41,2
97065,57,10,47,2
97066,54,8,46,2
97067,46,5,41,2
97068,54,7,47,2
97069,54,10,44,2
97070,53,9,44,2
97071,45,9,36,2
97072,53,7,46,2
97073,55,10,45,2
97074,44,9,35,2
97075,42,4,38,2
97076,55,9,46,2
97077,49,7,42,2
97078,47,6,41,2
97079,63,5,58,2
97080,59,6,53,2
97081,49,11,38,2
97082,52,5,47,2
97083,46,4,42,2
97084,46,7,39,2
97085,63,10,53,2
97086,71,4,67,2
97087,42,3,39,2
97088,46,6,40,2
97089,57,5,52,2
97090,47,5,42,2
97091,51,3,48,2
97092,50,5,45,2
97093,59,7,52,2
97094,46,3,43,2
97095,48,2,46,2
97096,45,8,37,2
97097,56,5,51,2
97098,52,4,48,2
97099,57,7,50,2
97100,66,5,61,2
97101,63,9,54,2
97102,63,7,56,2
97103,54,9,45,2
97104,57,5,52,2
97105,64,3,61,2
97106,47,3,44,2
97107,61,8,53,2
97108,51,7,44,2
97109,56,4,52,2
97110,48,7,41,2
97111,58,9,49,2
97112,52,5,47,2
97113,51,5,46,2
97114,48,6,42,2
97115,59,6,53,2
97116,61,6,55,2
97117,48,5,43,2
97118,46,4,42,2
97119,45,7,38,2
97120,51,3,48,2
97121,51,6,45,2
97122,59,8,51,2
97123,52,4,48,2
97124,64,7,57,2
97125,43,3,40,2
97126,51,9,42,2
97127,51,2,49,2
97128,56,7,49,2
97129,56,8,48,2
97130,49,4,45,2
97131,46,3,43,2
97132,50,6,44,2
97133,60,9,51,2
97134,59,9,50,2
97135,48,6,42,2
97136,68,7,61,2
97137,59,5,54,2
97138,49,6,43,2
97139,61,8,53,2
97140,54,6,48,2
97141,37,2,35,2
97142,55,3,52,2
97143,62,9,53,2
97144,48,4,44,2
97145,47,1,46,2
97146,67,10,57,2
97147,56,4,52,2
97148,57,6,51,2
97149,47,2,45,2
97150,55,6,49,2
97151,64,6,58,2
97152,51,7,44,2
97153,50,9,41,2
97154,64,6,58,2
97155,54,3,51,2
97156,54,9,45,2
97157,38,5,33,2
97158,49,4,45,2
97159,61,7,54,2
97160,61,6,55,2
97161,63,4,59,2
97162,66,9,57,2
97163,50,6,44,2
97164,55,9,46,2
97165,49,9,40,2
97166,52,7,45,2
97167,47,8,39,2
97168,49,11,38,2
97169,49,3,46,2
97170,51,5,46,2
97171,44,7,37,2
97172,59,8,51,2
97173,52,5,47,2
97174,39,6,33,2
97175,61,3,58,2
97176,51,14,37,2
97177,50,2,48,2
97178,62,3,59,2
97179,52,3,49,2
97180,44,4,40,2
97181,58,5,53,2
97182,47,5,42,2
97183,48,3,45,2
97184,63,6,57,2
97185,57,2,55,2
97186,55,4,51,2
97187,61,10,51,2
97188,69,7,62,2
97189,55,7,48,2
97190,49,6,43,2
97191,57,4,53,2
97192,44,7,37,2
97193,47,4,43,2
97194,79,8,71,2
97195,44,2,42,2
97196,47,5,42,2
97197,52,6,46,2
97198,55,6,49,2
97199,54,8,46,2
97200,51,8,43,2
97201,59,11,48,2
97202,55,12,43,2
97203,52,7,45,2
97204,49,6,43,2
97205,46,3,43,2
97206,49,5,44,2
97207,49,5,44,2
97208,67,7,60,2
97209,58,5,53,2
97210,59,5,54,2
97211,39,3,36,2
97212,56,9,47,2
97213,44,8,36,2
97214,48,13,35,2
97215,51,8,43,2
97216,60,7,53,2
97217,62,3,59,2
97218,52,2,50,2
97219,70,12,58,2
97220,58,8,50,2
97221,67,6,61,2
97222,46,4,42,2
97223,52,6,46,2
97224,37,3,34,2
97225,44,7,37,2
97226,53,8,45,2
97227,59,5,54,2
97228,51,5,46,2
97229,48,7,41,2
97230,52,8,44,2
97231,59,8,51,2
97232,57,4,53,2
97233,53,6,47,2
97234,36,7,29,2
97235,49,6,43,2
97236,45,7,38,2
97237,59,5,54,2
97238,48,8,40,2
97239,40,3,37,2
97240,69,3,66,2
97241,55,9,46,2
97242,49,7,42,2
97243,63,9,54,2
97244,64,8,56,2
97245,49,5,44,2
97246,69,11,58,2
97247,57,3,54,2
97248,51,6,45,2
97249,53,5,48,2
97250,57,9,48,2
97251,57,11,46,2
97252,45,5,40,2
97253,57,4,53,2
97254,38,3,35,2
97255,64,9,55,2
97256,50,9,41,2
97257,53,5,48,2
97258,54,4,50,2
97259,59,6,53,2
97260,50,6,44,2
97261,51,9,42,2
97262,49,3,46,2
97263,52,6,46,2
97264,50,7,43,2
97265,54,1,53,2
97266,70,7,63,2
97267,56,4,52,2
97268,63,7,56,2
97269,65,8,57,2
97270,54,4,50,2
97271,59,4,55,2
97272,60,9,51,2
97273,56,4,52,2
97274,60,7,53,2
97275,50,9,41,2
97276,75,8,67,2
97277,54,9,45,2
97278,64,4,60,2
97279,51,1,50,2
97280,53,8,45,2
97281,61,8,53,2
97282,57,13,44,2
97283,55,6,49,2
97284,53,5,48,2
97285,51,9,42,2
97286,50,2,48,2
97287,60,9,51,2
97288,55,7,48,2
97289,58,6,52,2
97290,58,3,55,2
97291,39,3,36,2
97292,68,5,63,2
97293,61,8,53,2
97294,58,7,51,2
97295,61,13,48,2
97296,57,6,51,2
97297,47,8,39,2
97298,59,6,53,2
97299,57,8,49,2
97300,55,10,45,2
97301,54,8,46,2
97302,60,6,54,2
97303,63,8,55,2
97304,52,6,46,2
97305,50,8,42,2
97306,62,7,55,2
97307,48,7,41,2
97308,46,5,41,2
97309,73,8,65,2
97310,51,7,44,2
97311,46,5,41,2
97312,63,8,55,2
97313,50,2,48,2
97314,53,3,50,2
97315,52,7,45,2
97316,47,5,42,2
97317,47,4,43,2
97318,73,9,64,2
97319,57,6,51,2
97320,54,6,48,2
97321,55,5,50,2
97322,52,5,47,2
97323,69,6,63,2
97324,57,7,50,2
97325,58,6,52,2
97326,52,6,46,2
97327,65,4,61,2
97328,54,6,48,2
97329,52,4,48,2
97330,59,3,56,2
97331,51,6,45,2
97332,58,7,51,2
97333,44,4,40,2
97334,52,7,45,2
97335,48,6,42,2
97336,56,5,51,2
97337,58,9,49,2
97338,56,6,50,2
97339,59,6,53,2
97340,46,12,34,2
97341,67,6,61,2
97342,55,4,51,2
97343,56,2,54,2
97344,53,9,44,2
97345,51,5,46,2
97346,53,5,48,2
97347,60,5,55,2
97348,52,7,45,2
97349,66,7,59,2
97350,65,7,58,2
97351,66,9,57,2
97353,53,7,46,2
97354,44,6,38,2
97355,56,5,51,2
97356,67,5,62,2
97357,60,6,54,2
97358,59,4,55,2
97359,49,7,42,2
97360,52,7,45,2
97361,54,9,45,2
97362,48,3,45,2
97363,55,10,45,2
97364,55,6,49,2
97365,46,8,38,2
97366,67,6,61,2
97367,61,8,53,2
97368,63,10,53,2
97369,44,9,35,2
97370,53,10,43,2
97371,64,6,58,2
97372,40,6,34,2
97373,50,3,47,2
97374,53,9,44,2
97375,47,6,41,2
97376,56,8,48,2
97377,70,7,63,2
97378,48,9,39,2
97379,66,9,57,2
97380,44,5,39,2
97381,60,4,56,2
97382,49,4,45,2
97383,44,7,37,2
97384,59,5,54,2
97385,59,5,54,2
97386,58,7,51,2
97387,48,10,38,2
97388,54,4,50,2
97389,50,8,42,2
97390,55,7,48,2
97391,59,5,54,2
97392,49,3,46,2
97393,63,11,52,2
97394,53,6,47,2
97395,61,11,50,2
97396,46,7,39,2
97397,60,5,55,2
97398,56,7,49,2
97399,65,7,58,2
97400,62,8,54,2
97401,45,4,41,2
97402,54,8,46,2
97403,65,9,56,2
97404,44,4,40,2
97405,44,3,41,2
97406,56,10,46,2
97407,51,8,43,2
97408,52,4,48,2
97409,61,7,54,2
97410,45,2,43,2
97411,69,8,61,2
97412,47,4,43,2
97413,50,9,41,2
97414,50,4,46,2
97415,56,8,48,2
97416,59,7,52,2
97417,56,5,51,2
97418,61,7,54,2
97419,51,5,46,2
97420,53,5,48,2
97421,54,4,50,2
97422,52,3,49,2
97423,64,6,58,2
97424,40,2,38,2
97425,67,10,57,2
97426,56,4,52,2
97427,51,8,43,2
97428,61,7,54,2
97429,59,9,50,2
97430,62,9,53,2
97431,56,7,49,2
97432,68,10,58,2
97433,65,7,58,2
97434,59,7,52,2
97435,63,11,52,2
97436,75,9,66,2
97437,44,5,39,2
97438,52,7,45,2
97439,40,5,35,2
97440,54,4,50,2
97441,45,5,40,2
97442,48,5,43,2
97443,53,4,49,2
97444,57,5,52,2
97445,62,12,50,2
97446,44,6,38,2
97447,50,7,43,2
97448,38,2,36,2
97449,47,4,43,2
97450,47,3,44,2
97451,56,6,50,2
97452,48,4,44,2
97453,47,5,42,2
97454,65,9,56,2
97455,60,5,55,2
97456,50,11,39,2
97457,56,7,49,2
97458,56,10,46,2
97459,46,3,43,2
97460,65,10,55,2
97461,54,10,44,2
97462,62,7,55,2
97463,44,2,42,2
97464,56,8,48,2
97465,49,7,42,2
97466,57,8,49,2
97467,46,2,44,2
97468,58,7,51,2
97469,51,7,44,2
97470,55,8,47,2
97471,53,6,47,2
97472,58,7,51,2
97473,64,4,60,2
97474,72,9,63,2
97475,58,6,52,2
97476,57,5,52,2
97477,69,8,61,2
97478,52,9,43,2
97479,43,7,36,2
97480,56,9,47,2
97481,50,3,47,2
97482,50,6,44,2
97483,53,7,46,2
97484,64,7,57,2
97485,68,10,58,2
97486,59,10,49,2
97487,52,2,50,2
97488,58,7,51,2
97489,55,11,44,2
97490,69,6,63,2
97491,61,8,53,2
97492,62,10,52,2
97493,55,6,49,2
97494,47,7,40,2
97495,51,4,47,2
97496,54,7,47,2
97497,58,6,52,2
97498,69,10,59,2
97499,40,5,35,2
97500,55,6,49,2
97501,52,2,50,2
97502,59,8,51,2
97503,57,9,48,2
97504,42,6,36,2
97505,41,2,39,2
97506,49,5,44,2
97507,62,7,55,2
97508,51,5,46,2
97509,69,11,58,2
97510,55,7,48,2
97511,55,5,50,2
97512,46,2,44,2
97513,56,6,50,2
97514,57,8,49,2
97515,45,7,38,2
97516,53,4,49,2
97517,47,5,42,2
97518,57,4,53,2
97519,48,7,41,2
97520,57,8,49,2
97521,51,6,45,2
97522,57,10,47,2
97523,61,8,53,2
97524,47,5,42,2
97525,52,4,48,2
97526,53,7,46,2
97527,50,6,44,2
97528,60,7,53,2
97529,34,2,32,2
97530,71,7,64,2
97531,62,8,54,2
97533,37,7,30,2
97534,50,8,42,2
97535,53,6,47,2
97536,51,6,45,2
97537,63,9,54,2
97538,46,3,43,2
97539,56,7,49,2
97540,65,10,55,2
97541,59,11,48,2
97542,55,6,49,2
97543,49,7,42,2
97544,59,2,57,2
97545,63,7,56,2
97546,48,2,46,2
97547,61,8,53,2
97548,63,6,57,2
97549,52,5,47,2
97550,57,3,54,2
97551,52,3,49,2
97552,68,6,62,2
97553,40,6,34,2
97554,44,4,40,2
97555,61,6,55,2
97556,54,4,50,2
97557,53,5,48,2
97558,47,3,44,2
97559,44,12,32,2
97560,64,10,54,2
97561,48,4,44,2
97562,60,7,53,2
97563,56,9,47,2
97564,45,8,37,2
97565,46,7,39,2
97566,59,7,52,2
97567,52,6,46,2
97568,52,6,46,2
97569,45,11,34,2
97570,42,7,35,2
97571,61,5,56,2
97572,68,5,63,2
97573,52,6,46,2
97574,54,9,45,2
97575,63,7,56,2
97576,59,8,51,2
97577,49,8,41,2
97578,48,3,45,2
97579,55,2,53,2
97580,73,13,60,2
97581,59,6,53,2
97582,55,3,52,2
97583,42,4,38,2
97584,45,4,41,2
97585,46,5,41,2
97586,64,5,59,2
97587,49,9,40,2
97588,56,12,44,2
97589,62,12,50,2
97590,51,3,48,2
97591,50,7,43,2
97592,54,3,51,2
97593,49,8,41,2
97594,55,7,48,2
97595,60,6,54,2
97596,59,4,55,2
97597,65,14,51,2
97598,55,9,46,2
97599,50,4,46,2
97600,62,10,52,2
97601,51,3,48,2
97602,55,7,48,2
97603,46,7,39,2
97604,46,8,38,2
97605,54,6,48,2
97606,48,6,42,2
97607,56,5,51,2
97608,66,9,57,2
97609,36,3,33,2
97610,43,12,31,2
97611,49,6,43,2
97612,44,2,42,2
97613,38,4,34,2
97614,53,7,46,2
97615,61,7,54,2
97616,68,9,59,2
97617,48,9,39,2
97618,46,2,44,2
97619,50,9,41,2
97620,64,7,57,2
97621,62,8,54,2
97622,66,6,60,2
97623,62,1,61,2
97624,53,16,37,2
97625,50,9,41,2
97626,53,6,47,2
97627,43,3,40,2
97628,56,7,49,2
97629,54,3,51,2
97630,52,8,44,2
97631,53,6,47,2
97632,77,9,68,2
97633,59,9,50,2
97634,51,8,43,2
97635,54,2,52,2
97636,49,7,42,2
97637,63,10,53,2
97638,43,5,38,2
97639,66,6,60,2
97640,51,5,46,2
97641,60,6,54,2
97642,59,9,50,2
97643,58,7,51,2
97644,58,7,51,2
97645,59,7,52,2
97646,50,5,45,2
97647,56,4,52,2
97648,50,9,41,2
97649,53,4,49,2
97650,53,6,47,2
97651,44,5,39,2
97652,70,2,68,2
97653,47,6,41,2
97654,57,8,49,2
97655,51,8,43,2
97656,49,6,43,2
97657,61,7,54,2
97658,46,7,39,2
97659,56,9,47,2
97660,65,8,57,2
97661,54,7,47,2
97662,48,8,40,2
97663,60,8,52,2
97664,55,2,53,2
97665,47,5,42,2
97666,62,7,55,2
97667,52,3,49,2
97668,55,5,50,2
97669,53,6,47,2
97670,39,4,35,2
97671,70,11,59,2
97672,50,6,44,2
97673,60,7,53,2
97674,50,5,45,2
97675,58,8,50,2
97676,55,7,48,2
97677,46,7,39,2
97678,65,9,56,2
97679,53,3,50,2
97680,41,4,37,2
97681,57,8,49,2
97682,50,7,43,2
97683,57,6,51,2
97684,55,6,49,2
97685,54,8,46,2
97686,42,6,36,2
97687,63,5,58,2
97688,46,5,41,2
97689,61,5,56,2
97690,65,9,56,2
97691,52,7,45,2
97692,63,9,54,2
97693,53,5,48,2
97694,64,5,59,2
97695,47,7,40,2
97696,42,6,36,2
97697,48,7,41,2
97698,60,15,45,2
97699,59,9,50,2
97700,71,12,59,2
97701,58,5,53,2
97702,57,1,56,2
97703,59,4,55,2
97704,55,10,45,2
97705,60,11,49,2
97706,59,7,52,2
97707,63,5,58,2
97708,69,12,57,2
97709,61,1,60,2
97710,47,8,39,2
97711,50,5,45,2
97712,55,4,51,2
97713,62,6,56,2
97714,49,5,44,2
97715,54,5,49,2
97716,60,7,53,2
97717,51,7,44,2
97718,67,5,62,2
97719,53,4,49,2
97720,58,9,49,2
97721,47,3,44,2
97722,72,13,59,2
97723,63,7,56,2
97724,63,9,54,2
97725,66,12,54,2
97726,61,6,55,2
97727,55,9,46,2
97728,60,3,57,2
97729,63,7,56,2
97730,55,7,48,2
97731,69,9,60,2
97732,44,4,40,2
97733,56,7,49,2
97734,58,11,47,2
97735,55,7,48,2
97736,56,6,50,2
97737,44,4,40,2
97738,52,8,44,2
97739,49,4,45,2
97740,59,10,49,2
97741,64,6,58,2
97742,68,12,56,2
97743,51,5,46,2
97744,62,11,51,2
97745,51,4,47,2
97746,63,7,56,2
97747,67,11,56,2
97748,55,4,51,2
97749,42,8,34,2
97750,59,8,51,2
97751,51,8,43,2
97752,51,7,44,2
97753,52,9,43,2
97754,66,12,54,2
97755,44,6,38,2
97756,63,8,55,2
97757,64,6,58,2
97758,47,6,41,2
97759,54,9,45,2
97760,51,10,41,2
97761,60,6,54,2
97762,44,5,39,2
97763,58,8,50,2
97764,43,9,34,2
97765,49,1,48,2
97766,45,4,41,2
97767,43,4,39,2
97768,42,6,36,2
97769,51,3,48,2
97771,48,6,42,2
97772,46,6,40,2
97773,40,6,34,2
97774,58,9,49,2
97775,53,8,45,2
97776,48,3,45,2
97777,50,10,40,2
97778,61,11,50,2
97779,47,2,45,2
97780,62,8,54,2
97781,56,5,51,2
97782,51,9,42,2
97783,50,2,48,2
97784,62,10,52,2
97785,53,7,46,2
97786,48,7,41,2
97787,76,11,65,2
97788,50,5,45,2
97789,70,7,63,2
97790,55,8,47,2
97791,50,7,43,2
97792,51,3,48,2
97793,54,6,48,2
97794,51,11,40,2
97795,56,6,50,2
97796,51,7,44,2
97797,52,4,48,2
97798,64,8,56,2
97799,54,8,46,2
97800,63,5,58,2
97801,61,8,53,2
97802,60,5,55,2
97803,56,6,50,2
97804,52,7,45,2
97805,51,5,46,2
97806,63,8,55,2
97807,53,3,50,2
97808,60,5,55,2
97809,50,5,45,2
97810,37,7,30,2
97811,50,7,43,2
97812,48,9,39,2
97813,61,5,56,2
97814,59,7,52,2
97815,67,7,60,2
97816,52,3,49,2
97817,50,4,46,2
97818,53,6,47,2
97819,42,2,40,2
97820,50,5,45,2
97821,55,6,49,2
97822,54,8,46,2
97823,59,3,56,2
97824,51,5,46,2
97825,46,5,41,2
97826,54,4,50,2
97827,35,6,29,2
97828,51,8,43,2
97829,57,9,48,2
97830,67,8,59,2
97831,49,11,38,2
97832,46,5,41,2
97833,61,6,55,2
97834,57,10,47,2
97835,54,13,41,2
97836,54,4,50,2
97837,70,12,58,2
97838,65,7,58,2
97839,63,4,59,2
97840,50,3,47,2
97841,66,10,56,2
97842,56,7,49,2
97843,50,7,43,2
97844,64,5,59,2
97845,52,3,49,2
97846,55,5,50,2
97847,72,7,65,2
97848,57,10,47,2
97849,53,5,48,2
97850,54,5,49,2
97851,52,8,44,2
97852,47,5,42,2
97853,56,8,48,2
97854,52,4,48,2
97855,59,3,56,2
97856,62,8,54,2
97857,59,5,54,2
97858,48,4,44,2
97859,52,4,48,2
97860,47,5,42,2
97861,54,14,40,2
97862,48,5,43,2
97863,68,8,60,2
97864,49,6,43,2
97865,66,9,57,2
97866,48,5,43,2
97867,45,5,40,2
97868,58,7,51,2
97869,57,3,54,2
97870,45,8,37,2
97871,42,5,37,2
97872,48,8,40,2
97873,60,9,51,2
97874,64,9,55,2
97875,46,8,38,2
97876,48,6,42,2
97877,61,7,54,2
97878,59,1,58,2
97879,47,7,40,2
97880,50,2,48,2
97881,50,6,44,2
97882,59,8,51,2
97883,68,9,59,2
97884,40,5,35,2
97885,65,9,56,2
97886,51,9,42,2
97887,42,4,38,2
97888,50,1,49,2
97889,51,7,44,2
97890,61,6,55,2
97891,46,8,38,2
97892,57,4,53,2
97893,48,5,43,2
97894,52,7,45,2
97895,55,7,48,2
97896,59,12,47,2
97897,54,9,45,2
97898,54,11,43,2
97899,50,9,41,2
97900,61,12,49,2
97901,54,6,48,2
97902,53,8,45,2
97903,51,8,43,2
97904,48,8,40,2
97905,46,9,37,2
97906,47,7,40,2
97907,53,3,50,2
97908,51,6,45,2
97909,53,8,45,2
97910,50,7,43,2
97911,57,11,46,2
97912,52,6,46,2
97913,57,5,52,2
97914,55,5,50,2
97915,42,5,37,2
97916,43,8,35,2
97917,54,8,46,2
97918,50,5,45,2
97919,54,6,48,2
97920,41,1,40,2
97921,56,5,51,2
97922,55,8,47,2
97923,60,6,54,2
97924,62,8,54,2
97925,63,7,56,2
97926,43,2,41,2
97927,48,9,39,2
97928,52,9,43,2
97929,68,8,60,2
97930,53,9,44,2
97931,51,8,43,2
97932,57,8,49,2
97933,59,8,51,2
97934,41,7,34,2
97935,45,7,38,2
97936,55,4,51,2
97937,51,6,45,2
97938,56,5,51,2
97939,52,9,43,2
97940,50,9,41,2
97941,62,5,57,2
97942,54,5,49,2
97943,46,6,40,2
97944,40,5,35,2
97945,58,3,55,2
97946,53,1,52,2
97947,49,6,43,2
97948,45,6,39,2
97949,45,5,40,2
97950,58,8,50,2
97951,41,5,36,2
97952,69,6,63,2
97953,45,8,37,2
97954,59,5,54,2
97955,62,3,59,2
97956,67,8,59,2
97957,49,8,41,2
97958,54,6,48,2
97959,56,8,48,2
97960,41,3,38,2
97961,48,3,45,2
97962,64,13,51,2
97963,54,12,42,2
97964,56,9,47,2
97965,61,6,55,2
97966,53,2,51,2
97967,57,5,52,2
97968,55,5,50,2
97969,51,5,46,2
97970,49,7,42,2
97971,63,7,56,2
97972,61,6,55,2
97973,57,8,49,2
97974,57,7,50,2
97975,60,3,57,2
97976,41,3,38,2
97977,48,8,40,2
97978,68,8,60,2
97980,54,6,48,2
97981,57,6,51,2
97982,48,5,43,2
97983,54,7,47,2
97984,65,9,56,2
97985,55,1,54,2
97986,57,8,49,2
97987,69,8,61,2
97988,56,2,54,2
97989,55,11,44,2
97990,58,6,52,2
97991,70,10,60,2
97992,65,11,54,2
97993,51,7,44,2
97994,53,8,45,2
97995,58,6,52,2
97996,50,5,45,2
97997,54,5,49,2
97998,53,10,43,2
97999,52,8,44,2
98000,49,2,47,2
98001,50,2,48,2
98002,66,8,58,2
98003,61,5,56,2
98004,55,7,48,2
98005,52,4,48,2
98006,57,7,50,2
98007,59,7,52,2
98008,60,5,55,2
98009,57,7,50,2
98010,59,6,53,2
98011,52,7,45,2
98012,49,0,49,1
98013,49,6,43,2
98014,70,13,57,2
98015,52,8,44,2
98016,55,7,48,2
98017,43,3,40,2
98018,54,5,49,2
98019,61,4,57,2
98020,68,7,61,2
98021,70,7,63,2
98022,48,7,41,2
98023,49,10,39,2
98024,53,5,48,2
98025,44,5,39,2
98026,59,10,49,2
98027,46,5,41,2
98028,52,3,49,2
98029,51,9,42,2
98030,67,4,63,2
98031,53,7,46,2
98032,49,9,40,2
98033,59,11,48,2
98034,49,5,44,2
98035,50,1,49,2
98036,53,7,46,2
98037,47,5,42,2
98038,47,6,41,2
98039,54,4,50,2
98040,56,4,52,2
98041,59,11,48,2
98042,53,4,49,2
98043,58,7,51,2
98044,61,6,55,2
98045,55,4,51,2
98046,54,5,49,2
98047,49,7,42,2
98048,45,11,34,2
98049,55,8,47,2
98050,56,4,52,2
98051,50,5,45,2
98052,49,7,42,2
98053,52,5,47,2
98054,54,3,51,2
98055,41,5,36,2
98056,40,3,37,2
98057,57,9,48,2
98058,57,6,51,2
98059,51,4,47,2
98060,51,8,43,2
98061,56,6,50,2
98062,50,5,45,2
98063,46,4,42,2
98064,53,4,49,2
98065,59,5,54,2
98066,48,7,41,2
98067,57,8,49,2
98068,44,7,37,2
98069,49,3,46,2
98070,59,6,53,2
98071,54,5,49,2
98072,62,5,57,2
98073,66,2,64,2
98074,62,12,50,2
98075,61,7,54,2
98076,70,13,57,2
98077,52,4,48,2
98078,58,5,53,2
98079,70,10,60,2
98080,48,10,38,2
98081,52,4,48,2
98082,50,8,42,2
98083,56,8,48,2
98084,48,7,41,2
98085,47,4,43,2
98086,53,2,51,2
98087,48,3,45,2
98088,44,8,36,2
98089,60,6,54,2
98090,42,1,41,2
98091,14,0,14,1
98092,54,4,50,2
98093,71,11,60,2
98094,52,7,45,2
98095,65,11,54,2
98096,51,5,46,2
98097,52,6,46,2
98098,43,11,32,2
98099,50,4,46,2
98100,62,8,54,2
98101,50,3,47,2
98102,60,2,58,2
98103,61,8,53,2
98104,48,3,45,2
98105,57,9,48,2
98106,64,9,55,2
98107,46,3,43,2
98108,67,11,56,2
98109,59,7,52,2
98110,61,7,54,2
98111,48,4,44,2
98112,47,7,40,2
98113,67,7,60,2
98114,56,6,50,2
98115,51,4,47,2
98116,61,7,54,2
98117,77,7,70,2
98118,63,5,58,2
98119,56,9,47,2
98120,47,3,44,2
98121,61,8,53,2
98122,57,6,51,2
98123,59,13,46,2
98124,65,4,61,2
98125,57,6,51,2
98126,52,6,46,2
98127,55,5,50,2
98128,48,5,43,2
98129,62,3,59,2
98130,53,7,46,2
98131,59,9,50,2
98132,59,12,47,2
98133,54,6,48,2
98134,69,6,63,2
98135,46,4,42,2
98136,70,13,57,2
98137,65,4,61,2
98138,68,4,64,2
98139,52,7,45,2
98140,59,6,53,2
98141,48,6,42,2
98142,58,7,51,2
98143,47,4,43,2
98144,52,8,44,2
98145,63,8,55,2
98146,56,9,47,2
98147,70,3,67,2
98148,59,7,52,2
98149,51,4,47,2
98150,58,9,49,2
98151,66,4,62,2
98152,48,8,40,2
98153,55,8,47,2
98154,53,5,48,2
98155,57,6,51,2
98156,58,6,52,2
98157,47,3,44,2
98158,70,4,66,2
98159,40,4,36,2
98160,61,5,56,2
98161,57,15,42,2
98162,57,4,53,2
98163,46,8,38,2
98164,57,7,50,2
98165,59,4,55,2
98166,54,3,51,2
98167,35,6,29,2
98168,54,8,46,2
98169,61,5,56,2
98170,50,6,44,2
98171,58,5,53,2
98172,52,8,44,2
98173,58,6,52,2
98174,66,11,55,2
98175,54,4,50,2
98176,46,6,40,2
98177,58,5,53,2
98178,58,13,45,2
98179,65,11,54,2
98180,43,5,38,2
98181,50,5,45,2
98182,61,6,55,2
98183,50,5,45,2
98184,58,6,52,2
98185,55,5,50,2
98186,56,8,48,2
98187,49,4,45,2
98188,51,6,45,2
98189,65,6,59,2
98190,61,7,54,2
98191,60,8,52,2
98192,68,8,60,2
98193,60,9,51,2
98194,57,3,54,2
98195,47,8,39,2
98196,66,9,57,2
98197,55,5,50,2
98198,53,10,43,2
98199,59,8,51,2
98200,67,4,63,2
98201,40,3,37,2
98202,51,4,47,2
98203,63,6,57,2
98204,48,2,46,2
98205,66,12,54,2
98206,47,9,38,2
98207,49,6,43,2
98208,67,7,60,2
98209,64,12,52,2
98210,58,6,52,2
98211,53,10,43,2
98212,51,5,46,2
98213,62,7,55,2
98214,57,10,47,2
98215,53,7,46,2
98216,50,7,43,2
98217,54,9,45,2
98218,55,6,49,2
98219,59,8,51,2
98220,53,5,48,2
98221,49,7,42,2
98222,58,9,49,2
98223,51,7,44,2
98224,44,3,41,2
98225,51,4,47,2
98226,64,5,59,2
98227,54,8,46,2
98228,62,10,52,2
98229,62,6,56,2
98230,52,6,46,2
98231,56,8,48,2
98232,72,8,64,2
98233,60,11,49,2
98234,59,6,53,2
98235,49,4,45,2
98236,59,6,53,2
98237,72,8,64,2
98238,55,8,47,2
98239,61,8,53,2
98240,48,9,39,2
98241,57,5,52,2
98242,56,4,52,2
98243,52,8,44,2
98244,55,7,48,2
98245,58,7,51,2
98246,49,3,46,2
98247,61,5,56,2
98248,37,6,31,2
98249,61,6,55,2
98250,63,13,50,2
98251,48,8,40,2
98252,55,6,49,2
98253,56,3,53,2
98254,48,8,40,2
98255,57,4,53,2
98256,46,5,41,2
98257,46,3,43,2
98258,54,7,47,2
98259,44,2,42,2
98260,52,6,46,2
98261,69,7,62,2
98262,53,6,47,2
98263,53,7,46,2
98264,43,5,38,2
98265,58,4,54,2
98266,51,8,43,2
98267,51,10,41,2
98268,47,1,46,2
98269,57,6,51,2
98270,51,9,42,2
98271,57,8,49,2
98272,46,5,41,2
98273,61,7,54,2
98274,58,7,51,2
98275,55,3,52,2
98276,58,3,55,2
98277,58,6,52,2
98278,53,4,49,2
98279,52,10,42,2
98280,49,5,44,2
98281,58,8,50,2
98282,49,7,42,2
98283,57,5,52,2
98284,62,10,52,2
98285,59,5,54,2
98286,53,6,47,2
98287,42,3,39,2
98288,57,4,53,2
98289,59,9,50,2
98290,52,5,47,2
98291,49,5,44,2
98292,49,5,44,2
98293,40,4,36,2
98294,54,9,45,2
98295,50,3,47,2
98296,52,4,48,2
98297,60,9,51,2
98298,52,7,45,2
98299,52,4,48,2
98300,51,6,45,2
98301,52,6,46,2
98302,57,6,51,2
98303,36,1,35,2
98304,37,4,33,2
98305,64,9,55,2
98306,64,12,52,2
98307,59,7,52,2
98308,48,6,42,2
98309,53,8,45,2
98310,75,10,65,2
98311,53,9,44,2
98312,49,4,45,2
98313,54,4,50,2
98314,45,3,42,2
98315,58,8,50,2
98316,63,3,60,2
98317,59,7,52,2
98318,64,6,58,2
98319,58,4,54,2
98320,61,10,51,2
98321,77,6,71,2
98322,62,6,56,2
98323,55,5,50,2
98324,55,10,45,2
98325,55,6,49,2
98326,53,4,49,2
98327,54,9,45,2
98328,58,11,47,2
98329,50,9,41,2
98330,55,6,49,2
98331,48,2,46,2
98332,53,4,49,2
98333,61,9,52,2
98334,52,6,46,2
98335,48,5,43,2
98336,51,7,44,2
98337,73,13,60,2
98338,45,8,37,2
98339,55,7,48,2
98340,47,5,42,2
98341,46,7,39,2
98342,59,4,55,2
98343,54,7,47,2
98344,47,6,41,2
98345,50,5,45,2
98346,58,8,50,2
98347,40,7,33,2
98348,61,8,53,2
98349,50,8,42,2
98350,54,7,47,2
98351,55,4,51,2
98352,51,2,49,2
98353,48,5,43,2
98354,55,6,49,2
98355,53,6,47,2
98356,44,4,40,2
98357,45,2,43,2
98358,53,8,45,2
98359,60,5,55,2
98360,64,6,58,2
98361,52,9,43,2
98362,42,4,38,2
98363,56,7,49,2
98364,55,4,51,2
98365,55,9,46,2
98366,59,8,51,2
98367,48,8,40,2
98368,43,7,36,2
98369,52,6,46,2
98370,61,10,51,2
98371,48,4,44,2
98372,45,6,39,2
98373,52,6,46,2
98374,48,6,42,2
98375,56,8,48,2
98376,61,7,54,2
98377,46,8,38,2
98378,56,10,46,2
98379,53,7,46,2
98380,62,10,52,2
98381,49,8,41,2
98382,55,9,46,2
98383,58,9,49,2
98384,58,8,50,2
98385,47,7,40,2
98386,60,9,51,2
98387,60,7,53,2
98388,52,6,46,2
98389,75,9,66,2
98390,55,13,42,2
98391,62,6,56,2
98392,58,6,52,2
98393,46,3,43,2
98394,61,5,56,2
98395,62,6,56,2
98396,72,9,63,2
98397,57,7,50,2
98398,59,11,48,2
98399,61,8,53,2
98400,57,5,52,2
98401,54,8,46,2
98402,64,3,61,2
98403,69,9,60,2
98404,51,8,43,2
98405,48,4,44,2
98406,44,7,37,2
98407,52,9,43,2
98408,58,9,49,2
98409,52,3,49,2
98410,54,5,49,2
98411,66,8,58,2
98412,55,9,46,2
98413,45,7,38,2
98414,57,8,49,2
98415,51,8,43,2
98416,50,8,42,2
98417,50,7,43,2
98418,52,7,45,2
98419,56,5,51,2
98420,54,6,48,2
98421,42,5,37,2
98422,58,10,48,2
98423,69,6,63,2
98424,73,9,64,2
98425,52,9,43,2
98426,55,5,50,2
98427,54,9,45,2
98428,54,11,43,2
98429,45,3,42,2
98430,55,5,50,2
98431,36,5,31,2
98432,59,12,47,2
98433,37,3,34,2
98434,64,10,54,2
98435,75,12,63,2
98436,67,10,57,2
98437,63,7,56,2
98438,58,9,49,2
98439,50,5,45,2
98440,43,7,36,2
98441,54,6,48,2
98442,46,5,41,2
98443,42,5,37,2
98444,64,7,57,2
98445,51,5,46,2
98446,53,4,49,2
98447,77,4,73,2
98448,50,9,41,2
98449,49,4,45,2
98450,65,7,58,2
98451,58,6,52,2
98452,51,8,43,2
98453,50,6,44,2
98454,53,6,47,2
98455,50,4,46,2
98456,56,8,48,2
98457,41,4,37,2
98458,43,8,35,2
98459,53,7,46,2
98460,42,9,33,2
98461,51,6,45,2
98462,60,12,48,2
98463,59,6,53,2
98464,53,6,47,2
98465,52,4,48,2
98466,61,10,51,2
98467,45,2,43,2
98468,49,6,43,2
98469,49,6,43,2
98470,49,3,46,2
98471,58,7,51,2
98472,73,6,67,2
98473,70,8,62,2
98474,53,9,44,2
98475,66,6,60,2
98476,66,9,57,2
98477,55,2,53,2
98478,56,9,47,2
98479,39,5,34,2
98480,45,7,38,2
98481,52,4,48,2
98482,55,7,48,2
98483,50,8,42,2
98484,60,6,54,2
98485,64,6,58,2
98486,61,8,53,2
98487,54,12,42,2
98488,44,7,37,2
98489,51,3,48,2
98490,70,7,63,2
98491,64,7,57,2
98492,49,4,45,2
98493,57,6,51,2
98494,49,6,43,2
98495,64,9,55,2
98496,52,5,47,2
98497,51,7,44,2
98498,51,5,46,2
98499,50,12,38,2
98500,47,4,43,2
98501,57,6,51,2
98502,60,4,56,2
98503,57,4,53,2
98504,49,3,46,2
98505,55,6,49,2
98506,59,14,45,2
98507,72,7,65,2
98508,65,12,53,2
98509,63,10,53,2
98510,52,5,47,2
98511,54,3,51,2
98512,49,7,42,2
98513,53,5,48,2
98514,49,5,44,2
98515,46,8,38,2
98516,60,11,49,2
98517,62,11,51,2
98518,56,5,51,2
98519,60,6,54,2
98520,57,7,50,2
98521,52,4,48,2
98522,59,5,54,2
98523,46,8,38,2
98524,44,5,39,2
98525,57,6,51,2
98526,47,5,42,2
98527,63,6,57,2
98528,68,5,63,2
98529,51,6,45,2
98530,45,12,33,2
98531,66,7,59,2
98532,48,6,42,2
98533,45,7,38,2
98534,59,4,55,2
98535,60,4,56,2
98536,51,6,45,2
98537,69,4,65,2
98538,55,2,53,2
98539,56,3,53,2
98540,42,6,36,2
98541,60,6,54,2
98542,48,10,38,2
98543,43,2,41,2
98544,55,9,46,2
98545,47,5,42,2
98546,41,0,41,1
98547,51,6,45,2
98548,53,7,46,2
98549,65,9,56,2
98550,54,8,46,2
98551,50,4,46,2
98552,51,9,42,2
98553,49,7,42,2
98554,54,4,50,2
98555,60,6,54,2
98556,62,10,52,2
98557,48,12,36,2
98558,49,4,45,2
98559,59,7,52,2
98560,61,5,56,2
98561,50,7,43,2
98562,45,4,41,2
98563,62,2,60,2
98564,45,7,38,2
98565,45,1,44,2
98566,49,7,42,2
98567,60,7,53,2
98568,45,5,40,2
98569,50,6,44,2
98570,57,4,53,2
98571,46,5,41,2
98572,50,6,44,2
98573,47,5,42,2
98574,61,7,54,2
98575,47,6,41,2
98576,50,3,47,2
98577,59,3,56,2
98578,62,9,53,2
98579,47,6,41,2
98580,57,5,52,2
98581,44,4,40,2
98582,49,7,42,2
98583,58,4,54,2
98584,65,6,59,2
98585,55,7,48,2
98586,47,6,41,2
98587,51,7,44,2
98588,42,4,38,2
98589,55,4,51,2
98590,46,4,42,2
98591,47,1,46,2
98592,53,8,45,2
98593,53,9,44,2
98594,57,4,53,2
98595,60,7,53,2
98596,53,8,45,2
98597,60,10,50,2
98598,67,7,60,2
98599,57,7,50,2
98600,45,6,39,2
98601,66,8,58,2
98602,60,8,52,2
98603,54,3,51,2
98604,48,5,43,2
98605,61,10,51,2
98606,60,5,55,2
98607,57,8,49,2
98608,57,8,49,2
98609,59,8,51,2
98610,63,7,56,2
98611,54,5,49,2
98612,56,9,47,2
98613,63,4,59,2
98614,47,8,39,2
98615,64,6,58,2
98616,58,4,54,2
98617,54,8,46,2
98618,60,8,52,2
98619,48,10,38,2
98620,43,6,37,2
98621,58,5,53,2
98622,52,6,46,2
98623,52,5,47,2
98624,54,3,51,2
98625,70,14,56,2
98626,53,9,44,2
98627,67,11,56,2
98628,41,8,33,2
98629,53,5,48,2
98630,55,7,48,2
98631,49,4,45,2
98632,71,4,67,2
98633,49,3,46,2
98634,45,6,39,2
98635,57,9,48,2
98636,57,5,52,2
98637,54,12,42,2
98638,58,5,53,2
98639,60,5,55,2
98640,62,5,57,2
98641,50,2,48,2
98642,45,4,41,2
98643,52,2,50,2
98644,52,11,41,2
98645,57,9,48,2
98646,40,8,32,2
98647,46,2,44,2
98648,53,7,46,2
98649,59,6,53,2
98650,47,6,41,2
98651,41,7,34,2
98652,62,3,59,2
98653,44,9,35,2
98654,54,5,49,2
98655,60,4,56,2
98656,56,8,48,2
98657,54,4,50,2
98658,49,8,41,2
98659,59,10,49,2
98660,54,11,43,2
98661,65,6,59,2
98662,63,8,55,2
98663,48,4,44,2
98664,63,9,54,2
98665,47,5,42,2
98666,48,4,44,2
98667,47,2,45,2
98668,44,5,39,2
98669,53,6,47,2
98670,47,6,41,2
98671,49,3,46,2
98672,60,8,52,2
98673,64,8,56,2
98675,65,5,60,2
98676,46,8,38,2
98677,61,7,54,2
98678,55,7,48,2
98679,44,5,39,2
98680,46,4,42,2
98681,52,10,42,2
98682,53,4,49,2
98683,51,4,47,2
98684,50,7,43,2
98685,56,8,48,2
98686,51,5,46,2
98687,60,9,51,2
98688,44,12,32,2
98689,45,9,36,2
98690,60,7,53,2
98691,58,8,50,2
98692,59,3,56,2
98693,45,5,40,2
98694,66,13,53,2
98695,54,9,45,2
98696,58,6,52,2
98697,53,5,48,2
98698,57,10,47,2
98699,51,4,47,2
98700,59,10,49,2
98701,49,7,42,2
98702,53,4,49,2
98703,58,9,49,2
98704,49,7,42,2
98705,53,7,46,2
98706,70,13,57,2
98707,52,7,45,2
98708,40,4,36,2
98709,60,6,54,2
98710,55,3,52,2
98711,54,8,46,2
98712,44,4,40,2
98713,69,7,62,2
98714,62,6,56,2
98715,52,3,49,2
98716,57,7,50,2
98717,68,15,53,2
98718,65,6,59,2
98719,64,8,56,2
98720,55,8,47,2
98721,48,4,44,2
98722,45,5,40,2
98723,58,11,47,2
98724,38,3,35,2
98725,49,5,44,2
98726,40,8,32,2
98727,43,6,37,2
98728,48,3,45,2
98729,56,5,51,2
98730,55,5,50,2
98731,57,9,48,2
98732,53,3,50,2
98733,67,10,57,2
98734,58,8,50,2
98735,47,2,45,2
98736,57,5,52,2
98737,47,5,42,2
98738,48,12,36,2
98739,57,9,48,2
98740,52,3,49,2
98741,61,5,56,2
98742,55,10,45,2
98743,61,9,52,2
98744,55,8,47,2
98745,56,4,52,2
98746,62,6,56,2
98747,57,7,50,2
98748,57,7,50,2
98749,55,10,45,2
98750,59,6,53,2
98751,57,13,44,2
98752,53,10,43,2
98753,63,5,58,2
98754,48,9,39,2
98755,48,4,44,2
98756,75,10,65,2
98757,49,7,42,2
98758,52,7,45,2
98759,54,6,48,2
98760,51,5,46,2
98761,53,4,49,2
98762,58,12,46,2
98763,69,8,61,2
98764,54,6,48,2
98765,36,2,34,2
98766,50,7,43,2
98767,71,11,60,2
98768,40,8,32,2
98769,61,7,54,2
98770,42,6,36,2
98771,59,9,50,2
98772,54,6,48,2
98773,47,4,43,2
98774,59,5,54,2
98775,44,6,38,2
98776,65,7,58,2
98777,42,2,40,2
98778,50,9,41,2
98779,65,4,61,2
98780,45,3,42,2
98781,57,3,54,2
98782,50,6,44,2
98783,60,10,50,2
98784,46,8,38,2
98785,64,6,58,2
98786,50,7,43,2
98787,57,6,51,2
98788,66,9,57,2
98789,50,7,43,2
98790,45,3,42,2
98791,64,8,56,2
98792,60,4,56,2
98793,60,0,60,1
98794,44,3,41,2
98795,46,3,43,2
98796,55,8,47,2
98797,57,6,51,2
98798,54,7,47,2
98799,71,7,64,2
98800,46,4,42,2
98801,52,4,48,2
98802,56,7,49,2
98803,59,7,52,2
98804,52,7,45,2
98805,49,8,41,2
98806,41,4,37,2
98807,39,3,36,2
98808,47,5,42,2
98809,51,3,48,2
98810,64,7,57,2
98811,48,6,42,2
98812,56,5,51,2
98813,52,6,46,2
98814,60,7,53,2
98815,59,12,47,2
98816,56,8,48,2
98817,55,5,50,2
98818,61,7,54,2
98819,61,9,52,2
98820,50,9,41,2
98821,49,4,45,2
98822,53,5,48,2
98823,51,4,47,2
98824,57,8,49,2
98825,63,7,56,2
98826,58,12,46,2
98827,52,8,44,2
98828,55,5,50,2
98829,45,5,40,2
98830,55,11,44,2
98831,49,5,44,2
98832,58,4,54,2
98833,52,7,45,2
98834,50,6,44,2
98835,61,7,54,2
98836,45,7,38,2
98837,55,9,46,2
98838,61,7,54,2
98839,56,4,52,2
98840,62,4,58,2
98841,57,7,50,2
98842,55,8,47,2
98843,54,8,46,2
98844,51,7,44,2
98845,56,8,48,2
98846,51,8,43,2
98847,37,5,32,2
98848,56,7,49,2
98849,46,7,39,2
98850,50,5,45,2
98851,43,7,36,2
98852,47,3,44,2
98853,58,9,49,2
98854,60,6,54,2
98855,45,7,38,2
98856,52,6,46,2
98857,60,8,52,2
98858,67,7,60,2
98859,53,7,46,2
98861,66,6,60,2
98862,64,12,52,2
98863,49,7,42,2
98864,51,6,45,2
98865,49,7,42,2
98866,64,8,56,2
98867,53,2,51,2
98868,57,6,51,2
98869,53,7,46,2
98870,64,9,55,2
98871,47,6,41,2
98872,61,7,54,2
98873,61,9,52,2
98874,55,8,47,2
98875,58,6,52,2
98876,54,7,47,2
98877,50,7,43,2
98878,54,11,43,2
98879,43,5,38,2
98880,56,7,49,2
98881,46,8,38,2
98882,50,4,46,2
98883,45,6,39,2
98884,60,3,57,2
98885,53,8,45,2
98886,59,8,51,2
98887,44,3,41,2
98888,52,8,44,2
98889,67,7,60,2
98890,62,4,58,2
98891,58,6,52,2
98892,44,8,36,2
98893,54,10,44,2
98894,62,8,54,2
98895,70,12,58,2
98896,56,5,51,2
98897,47,9,38,2
98898,66,9,57,2
98899,53,3,50,2
98900,45,5,40,2
98901,49,6,43,2
98902,67,11,56,2
98903,76,7,69,2
98904,63,4,59,2
98905,47,8,39,2
98906,43,7,36,2
98907,71,4,67,2
98908,58,3,55,2
98909,56,11,45,2
98910,61,9,52,2
98911,67,6,61,2
98912,48,10,38,2
98913,61,9,52,2
98914,47,8,39,2
98915,43,4,39,2
98916,56,9,47,2
98917,34,6,28,2
98918,54,7,47,2
98919,61,9,52,2
98920,63,9,54,2
98921,44,5,39,2
98922,54,6,48,2
98923,54,5,49,2
98924,59,2,57,2
98925,60,8,52,2
98926,58,5,53,2
98927,54,8,46,2
98928,65,8,57,2
98929,53,8,45,2
98930,46,6,40,2
98931,54,6,48,2
98932,65,10,55,2
98933,61,9,52,2
98934,55,6,49,2
98935,46,6,40,2
98936,69,4,65,2
98937,59,6,53,2
98938,54,9,45,2
98939,48,5,43,2
98940,52,4,48,2
98941,59,8,51,2
98942,66,7,59,2
98943,47,6,41,2
98944,51,6,45,2
98945,59,3,56,2
98946,52,4,48,2
98947,50,5,45,2
98948,50,11,39,2
98949,46,3,43,2
98950,55,5,50,2
98951,40,9,31,2
98952,69,6,63,2
98953,57,7,50,2
98954,64,8,56,2
98955,55,9,46,2
98956,56,6,50,2
98957,62,4,58,2
98958,58,2,56,2
98959,61,7,54,2
98960,41,4,37,2
98961,39,7,32,2
98962,47,6,41,2
98963,63,7,56,2
98964,58,6,52,2
98965,47,8,39,2
98966,50,5,45,2
98967,49,7,42,2
98968,69,9,60,2
98969,65,5,60,2
98971,48,7,41,2
98972,62,6,56,2
98973,53,6,47,2
98974,68,8,60,2
98975,56,8,48,2
98976,56,4,52,2
98977,46,5,41,2
98978,50,7,43,2
98979,42,6,36,2
98980,51,11,40,2
98981,61,6,55,2
98982,67,5,62,2
98983,54,9,45,2
98984,51,8,43,2
98985,63,10,53,2
98986,51,4,47,2
98987,50,7,43,2
98988,49,8,41,2
98989,50,6,44,2
98990,51,5,46,2
98992,54,10,44,2
98993,56,5,51,2
98994,53,6,47,2
98995,44,6,38,2
98996,47,8,39,2
98997,61,10,51,2
98998,65,9,56,2
98999,50,5,45,2
99000,49,7,42,2
99001,53,6,47,2
99002,53,3,50,2
99003,58,6,52,2
99004,40,6,34,2
99005,61,6,55,2
99006,52,5,47,2
99007,67,4,63,2
99008,61,6,55,2
99009,53,5,48,2
99010,39,4,35,2
99011,54,6,48,2
99012,51,9,42,2
99013,38,8,30,2
99014,48,1,47,2
99015,58,9,49,2
99016,44,7,37,2
99017,43,7,36,2
99018,65,5,60,2
99019,49,3,46,2
99020,45,4,41,2
99021,55,4,51,2
99022,63,3,60,2
99023,62,9,53,2
99024,51,9,42,2
99025,52,8,44,2
99026,40,7,33,2
99027,67,6,61,2
99028,54,8,46,2
99029,56,5,51,2
99030,56,5,51,2
99031,51,8,43,2
99032,51,5,46,2
99033,53,6,47,2
99034,55,9,46,2
99035,38,1,37,2
99036,53,6,47,2
99037,46,7,39,2
99038,42,6,36,2
99039,60,7,53,2
99040,75,6,69,2
99041,57,6,51,2
99042,48,3,45,2
99043,56,8,48,2
99044,61,10,51,2
99045,57,7,50,2
99046,40,4,36,2
99047,55,5,50,2
99048,42,4,38,2
99049,50,6,44,2
99050,53,8,45,2
99051,47,4,43,2
99052,66,5,61,2
99053,46,4,42,2
99054,50,8,42,2
99055,45,7,38,2
99056,45,4,41,2
99057,54,7,47,2
99058,50,7,43,2
99059,57,3,54,2
99060,46,6,40,2
99062,63,11,52,2
99063,53,2,51,2
99064,53,11,42,2
99065,62,9,53,2
99066,53,5,48,2
99067,58,4,54,2
99068,52,8,44,2
99069,68,7,61,2
99070,67,7,60,2
99071,60,5,55,2
99072,41,3,38,2
99073,59,7,52,2
99074,57,10,47,2
99075,58,7,51,2
99076,56,7,49,2
99077,60,4,56,2
99078,62,5,57,2
99079,53,5,48,2
99080,70,4,66,2
99081,56,9,47,2
99082,48,3,45,2
99083,48,7,41,2
99084,56,5,51,2
99085,55,8,47,2
99086,44,6,38,2
99087,44,8,36,2
99088,62,4,58,2
99089,59,5,54,2
99090,47,4,43,2
99091,49,5,44,2
99092,61,8,53,2
99093,52,8,44,2
99094,40,5,35,2
99095,41,1,40,2
99096,64,4,60,2
99097,59,1,58,2
99098,53,6,47,2
99099,60,6,54,2
99100,61,10,51,2
99101,59,5,54,2
99102,51,4,47,2
99103,56,4,52,2
99104,63,5,58,2
99105,56,8,48,2
99106,54,6,48,2
99107,67,4,63,2
99108,55,10,45,2
99109,52,5,47,2
99110,38,4,34,2
99111,50,7,43,2
99112,51,8,43,2
99113,55,9,46,2
99114,46,8,38,2
99115,46,10,36,2
99116,64,9,55,2
99117,39,5,34,2
99118,52,4,48,2
99119,45,4,41,2
99120,48,6,42,2
99121,60,7,53,2
99122,54,5,49,2
99123,57,10,47,2
99124,45,8,37,2
99125,55,6,49,2
99126,57,7,50,2
99127,69,7,62,2
99128,49,4,45,2
99129,61,8,53,2
99130,40,3,37,2
99131,59,10,49,2
99132,50,10,40,2
99133,57,7,50,2
99134,45,8,37,2
99135,50,3,47,2
99136,49,6,43,2
99137,53,7,46,2
99138,46,3,43,2
99139,60,6,54,2
99140,59,6,53,2
99141,47,7,40,2
99142,52,9,43,2
99143,53,5,48,2
99144,46,3,43,2
99145,52,7,45,2
99146,46,2,44,2
99147,45,7,38,2
99148,55,7,48,2
99149,56,5,51,2
99150,61,10,51,2
99151,55,8,47,2
99152,58,6,52,2
99153,50,4,46,2
99154,49,6,43,2
99155,53,8,45,2
99156,52,9,43,2
99157,46,2,44,2
99158,54,11,43,2
99159,66,8,58,2
99160,60,11,49,2
99161,53,7,46,2
99162,55,6,49,2
99163,37,4,33,2
99164,61,4,57,2
99165,45,3,42,2
99166,56,7,49,2
99167,72,8,64,2
99168,72,5,67,2
99169,48,4,44,2
99170,53,3,50,2
99171,58,2,56,2
99172,61,5,56,2
99173,53,6,47,2
99174,50,7,43,2
99175,50,2,48,2
99176,56,7,49,2
99177,59,7,52,2
99178,57,11,46,2
99179,55,6,49,2
99180,61,5,56,2
99181,57,5,52,2
99182,66,9,57,2
99183,49,5,44,2
99184,48,7,41,2
99185,52,6,46,2
99186,62,7,55,2
99187,38,10,28,2
99188,59,10,49,2
99189,55,3,52,2
99190,68,5,63,2
99191,55,7,48,2
99192,51,9,42,2
99193,55,6,49,2
99194,49,10,39,2
99195,61,2,59,2
99196,53,7,46,2
99197,40,6,34,2
99198,58,9,49,2
99199,46,4,42,2
99200,45,5,40,2
99201,55,4,51,2
99202,59,7,52,2
99203,55,9,46,2
99204,58,4,54,2
99205,58,5,53,2
99206,62,8,54,2
99207,57,4,53,2
99208,38,4,34,2
99209,61,5,56,2
99210,44,8,36,2
99211,60,6,54,2
99212,66,13,53,2
99213,68,9,59,2
99214,54,6,48,2
99215,59,9,50,2
99216,44,9,35,2
99217,59,3,56,2
99218,47,6,41,2
99219,43,4,39,2
99220,42,4,38,2
99221,62,7,55,2
99222,49,8,41,2
99223,50,6,44,2
99224,52,5,47,2
99225,54,7,47,2
99226,51,9,42,2
99227,46,6,40,2
99228,53,8,45,2
99229,53,8,45,2
99230,60,7,53,2
99231,47,6,41,2
99232,55,3,52,2
99233,59,7,52,2
99234,46,10,36,2
99235,58,11,47,2
99236,58,4,54,2
99237,49,3,46,2
99238,57,7,50,2
99239,63,6,57,2
99240,53,2,51,2
99241,39,4,35,2
99242,51,7,44,2
99243,67,7,60,2
99244,59,6,53,2
99245,60,8,52,2
99246,59,13,46,2
99247,47,6,41,2
99248,60,6,54,2
99249,52,8,44,2
99250,51,5,46,2
99251,65,8,57,2
99252,48,5,43,2
99253,46,5,41,2
99254,52,5,47,2
99255,62,4,58,2
99256,65,11,54,2
99257,60,3,57,2
99258,49,6,43,2
99259,57,7,50,2
99260,59,5,54,2
99261,61,4,57,2
99262,67,8,59,2
99263,49,4,45,2
99264,43,9,34,2
99265,46,3,43,2
99266,41,2,39,2
99267,53,6,47,2
99268,47,5,42,2
99269,56,2,54,2
99270,58,6,52,2
99271,56,7,49,2
99272,53,5,48,2
99273,47,5,42,2
99274,57,6,51,2
99275,58,7,51,2
99276,65,12,53,2
99277,61,3,58,2
99278,40,5,35,2
99279,57,11,46,2
99280,51,5,46,2
99281,48,9,39,2
99282,42,5,37,2
99283,66,13,53,2
99284,57,3,54,2
99285,52,10,42,2
99286,68,10,58,2
99287,53,5,48,2
99288,49,7,42,2
99289,67,9,58,2
99290,57,10,47,2
99291,64,8,56,2
99292,47,7,40,2
99293,67,8,59,2
99294,43,7,36,2
99295,56,10,46,2
99296,47,8,39,2
99297,52,8,44,2
99298,50,7,43,2
99299,51,11,40,2
99300,54,5,49,2
99301,64,14,50,2
99302,53,4,49,2
99303,53,4,49,2
99304,52,5,47,2
99305,49,5,44,2
99306,46,7,39,2
99307,65,8,57,2
99308,55,0,55,1
99309,63,12,51,2
99310,41,8,33,2
99311,42,8,34,2
99312,61,6,55,2
99313,53,7,46,2
99314,55,8,47,2
99315,57,9,48,2
99316,62,5,57,2
99317,48,2,46,2
99318,61,8,53,2
99319,56,6,50,2
99320,59,7,52,2
99321,48,4,44,2
99322,58,6,52,2
99323,49,6,43,2
99324,53,7,46,2
99325,55,5,50,2
99326,70,8,62,2
99327,55,3,52,2
99328,54,11,43,2
99329,41,7,34,2
99330,64,11,53,2
99331,53,6,47,2
99332,52,7,45,2
99333,51,10,41,2
99334,63,6,57,2
99335,55,5,50,2
99336,48,4,44,2
99337,46,2,44,2
99338,47,5,42,2
99339,48,7,41,2
99340,54,6,48,2
99341,49,7,42,2
99342,61,9,52,2
99343,53,8,45,2
99344,62,7,55,2
99345,69,11,58,2
99346,54,7,47,2
99347,55,5,50,2
99348,46,7,39,2
99349,60,7,53,2
99350,65,4,61,2
99351,53,7,46,2
99352,55,10,45,2
99353,55,3,52,2
99354,57,4,53,2
99355,62,11,51,2
99356,62,5,57,2
99357,49,4,45,2
99358,54,4,50,2
99359,69,11,58,2
99360,58,6,52,2
99361,51,3,48,2
99362,46,1,45,2
99363,44,4,40,2
99364,59,7,52,2
99365,60,8,52,2
99366,63,9,54,2
99367,51,3,48,2
99368,54,9,45,2
99369,59,4,55,2
99370,54,9,45,2
99371,56,7,49,2
99372,50,7,43,2
99373,60,9,51,2
99374,73,5,68,2
99375,53,6,47,2
99376,57,5,52,2
99377,55,6,49,2
99378,58,5,53,2
99379,53,5,48,2
99380,58,1,57,2
99381,51,5,46,2
99382,50,8,42,2
99383,54,5,49,2
99384,56,7,49,2
99385,56,7,49,2
99386,63,3,60,2
99387,57,9,48,2
99388,51,8,43,2
99389,63,3,60,2
99390,49,11,38,2
99391,46,5,41,2
99392,61,5,56,2
99393,61,2,59,2
99394,63,8,55,2
99395,62,5,57,2
99396,51,8,43,2
99397,68,12,56,2
99398,63,5,58,2
99399,61,10,51,2
99400,48,8,40,2
99401,50,5,45,2
99402,54,6,48,2
99403,52,8,44,2
99404,68,7,61,2
99405,35,4,31,2
99406,65,9,56,2
99407,59,6,53,2
99408,64,9,55,2
99409,61,10,51,2
99410,49,4,45,2
99411,42,6,36,2
99412,57,5,52,2
99413,39,4,35,2
99414,60,6,54,2
99415,52,6,46,2
99416,63,6,57,2
99417,62,9,53,2
99418,53,5,48,2
99419,48,4,44,2
99420,60,6,54,2
99421,68,7,61,2
99422,43,5,38,2
99423,48,8,40,2
99424,67,8,59,2
99425,49,5,44,2
99426,52,7,45,2
99427,58,4,54,2
99428,70,10,60,2
99429,50,8,42,2
99430,44,5,39,2
99431,48,4,44,2
99432,49,6,43,2
99433,47,5,42,2
99434,52,5,47,2
99435,51,6,45,2
99436,53,7,46,2
99437,45,1,44,2
99438,61,8,53,2
99439,65,9,56,2
99440,52,9,43,2
99441,69,7,62,2
99442,48,5,43,2
99443,50,3,47,2
99444,33,6,27,2
99445,55,7,48,2
99446,57,3,54,2
99447,54,8,46,2
99448,60,10,50,2
99449,43,9,34,2
99450,62,6,56,2
99451,56,5,51,2
99452,68,9,59,2
99453,47,5,42,2
99454,61,6,55,2
99455,64,4,60,2
99456,49,5,44,2
99457,45,7,38,2
99458,49,2,47,2
99459,135,135,0,1
99460,45,2,43,2
99461,64,6,58,2
99462,65,8,57,2
99463,57,8,49,2
99464,49,5,44,2
99465,59,9,50,2
99466,58,7,51,2
99467,42,1,41,2
99468,50,2,48,2
99469,51,5,46,2
99470,50,9,41,2
99471,55,7,48,2
99472,61,7,54,2
99473,65,14,51,2
99474,40,3,37,2
99475,48,4,44,2
99476,47,8,39,2
99477,49,4,45,2
99478,56,6,50,2
99479,47,6,41,2
99480,47,7,40,2
99481,68,10,58,2
99482,58,7,51,2
99483,70,7,63,2
99484,52,7,45,2
99485,57,5,52,2
99486,53,6,47,2
99487,44,4,40,2
99488,47,10,37,2
99489,54,4,50,2
99490,53,6,47,2
99491,67,8,59,2
99492,57,9,48,2
99493,60,11,49,2
99494,47,6,41,2
99495,63,5,58,2
99496,57,3,54,2
99497,56,8,48,2
99498,51,4,47,2
99499,70,11,59,2
99500,54,8,46,2
99501,73,7,66,2
99502,50,9,41,2
99503,55,5,50,2
99504,54,5,49,2
99505,60,7,53,2
99506,50,6,44,2
99507,56,8,48,2
99508,72,8,64,2
99509,53,6,47,2
99510,55,5,50,2
99511,67,9,58,2
99512,40,2,38,2
99513,56,8,48,2
99514,48,7,41,2
99515,48,6,42,2
99516,61,8,53,2
99517,45,2,43,2
99518,49,5,44,2
99519,59,4,55,2
99520,50,6,44,2
99521,47,5,42,2
99522,48,7,41,2
99523,51,4,47,2
99524,49,8,41,2
99525,53,5,48,2
99526,44,5,39,2
99527,65,7,58,2
99528,45,7,38,2
99529,60,7,53,2
99530,69,10,59,2
99531,61,7,54,2
99532,65,10,55,2
99533,56,8,48,2
99534,47,1,46,2
99535,49,8,41,2
99536,55,10,45,2
99537,65,7,58,2
99538,68,8,60,2
99539,62,6,56,2
99540,57,8,49,2
99541,51,6,45,2
99542,51,7,44,2
99543,53,5,48,2
99544,52,5,47,2
99545,48,7,41,2
99546,57,6,51,2
99547,51,8,43,2
99548,78,11,67,2
99549,56,7,49,2
99550,52,6,46,2
99551,48,5,43,2
99552,54,7,47,2
99553,53,6,47,2
99554,57,10,47,2
99555,49,5,44,2
99556,69,5,64,2
99557,56,7,49,2
99558,60,7,53,2
99559,63,8,55,2
99560,56,3,53,2
99561,57,7,50,2
99562,62,9,53,2
99563,48,7,41,2
99564,65,3,62,2
99565,49,7,42,2
99566,43,8,35,2
99567,59,6,53,2
99568,55,12,43,2
99569,57,7,50,2
99570,53,5,48,2
99571,46,2,44,2
99572,56,5,51,2
99573,54,9,45,2
99574,56,5,51,2
99575,67,12,55,2
99576,45,6,39,2
99577,58,8,50,2
99578,54,5,49,2
99579,52,9,43,2
99580,59,9,50,2
99581,53,7,46,2
99582,52,3,49,2
99583,48,5,43,2
99584,44,12,32,2
99585,53,4,49,2
99586,43,4,39,2
99587,58,5,53,2
99588,55,4,51,2
99589,52,7,45,2
99590,57,9,48,2
99591,52,9,43,2
99592,49,6,43,2
99593,47,6,41,2
99594,53,10,43,2
99595,54,8,46,2
99596,63,5,58,2
99597,66,15,51,2
99598,64,10,54,2
99599,47,5,42,2
99600,45,8,37,2
99601,56,5,51,2
99602,68,6,62,2
99603,61,10,51,2
99604,47,3,44,2
99605,48,13,35,2
99606,62,6,56,2
99607,57,3,54,2
99608,64,9,55,2
99609,64,11,53,2
99610,63,5,58,2
99611,51,5,46,2
99612,65,12,53,2
99613,51,5,46,2
99614,45,7,38,2
99615,42,1,41,2
99616,45,4,41,2
99617,41,1,40,2
99618,53,7,46,2
99619,52,7,45,2
99620,41,6,35,2
99621,44,10,34,2
99622,61,7,54,2
99623,47,6,41,2
99624,57,7,50,2
99625,50,5,45,2
99626,39,5,34,2
99627,63,4,59,2
99628,55,5,50,2
99629,48,3,45,2
99630,53,1,52,2
99631,43,6,37,2
99632,54,9,45,2
99633,56,5,51,2
99634,45,5,40,2
99635,61,8,53,2
99636,44,3,41,2
99637,73,5,68,2
99638,50,7,43,2
99639,64,8,56,2
99640,58,7,51,2
99641,50,3,47,2
99642,58,6,52,2
99643,47,3,44,2
99644,61,5,56,2
99645,48,5,43,2
99646,42,6,36,2
99647,63,7,56,2
99648,54,6,48,2
99649,54,10,44,2
99650,48,6,42,2
99651,61,5,56,2
99652,50,5,45,2
99653,46,4,42,2
99654,54,8,46,2
99655,43,5,38,2
99656,53,9,44,2
99657,40,7,33,2
99658,44,6,38,2
99659,44,6,38,2
99660,49,9,40,2
99661,60,9,51,2
99662,60,4,56,2
99663,42,3,39,2
99664,47,3,44,2
99665,51,10,41,2
99666,56,6,50,2
99667,58,10,48,2
99668,48,3,45,2
99669,60,11,49,2
99670,52,4,48,2
99671,41,7,34,2
99672,52,5,47,2
99673,43,3,40,2
99674,45,0,45,1
99675,60,6,54,2
99676,40,8,32,2
99677,41,2,39,2
99678,61,8,53,2
99679,43,12,31,2
99680,52,4,48,2
99681,59,5,54,2
99682,50,6,44,2
99683,45,5,40,2
99684,61,8,53,2
99685,49,4,45,2
99686,59,8,51,2
99687,61,7,54,2
99688,52,5,47,2
99689,54,5,49,2
99690,57,8,49,2
99691,52,7,45,2
99692,55,7,48,2
99693,50,2,48,2
99694,61,4,57,2
99695,44,6,38,2
99696,56,7,49,2
99697,43,8,35,2
99698,62,12,50,2
99699,55,8,47,2
99700,47,6,41,2
99701,59,9,50,2
99702,62,4,58,2
99703,65,12,53,2
99704,53,5,48,2
99705,44,4,40,2
99706,46,6,40,2
99707,52,8,44,2
99708,63,9,54,2
99709,44,8,36,2
99710,65,11,54,2
99711,58,6,52,2
99712,55,8,47,2
99713,50,4,46,2
99714,45,5,40,2
99715,51,3,48,2
99716,59,7,52,2
99717,62,5,57,2
99718,49,6,43,2
99719,65,9,56,2
99720,54,4,50,2
99721,46,4,42,2
99722,51,3,48,2
99723,59,7,52,2
99724,37,5,32,2
99725,51,4,47,2
99726,57,6,51,2
99727,62,4,58,2
99728,62,9,53,2
99729,54,6,48,2
99730,52,1,51,2
99731,57,6,51,2
99732,57,4,53,2
99733,63,7,56,2
99734,52,5,47,2
99735,61,4,57,2
99736,44,4,40,2
99737,50,5,45,2
99738,54,7,47,2
99739,44,8,36,2
99740,51,5,46,2
99741,53,6,47,2
99742,51,7,44,2
99743,51,7,44,2
99744,51,5,46,2
99745,50,5,45,2
99746,49,6,43,2
99747,56,8,48,2
99748,45,3,42,2
99749,55,6,49,2
99750,64,6,58,2
99751,49,4,45,2
99752,53,5,48,2
99753,46,4,42,2
99754,56,8,48,2
99755,55,11,44,2
99756,56,3,53,2
99757,60,6,54,2
99758,67,13,54,2
99759,57,6,51,2
99760,57,4,53,2
99761,59,7,52,2
99762,49,2,47,2
99763,52,5,47,2
99764,55,6,49,2
99765,43,5,38,2
99766,40,8,32,2
99767,69,7,62,2
99768,62,6,56,2
99769,49,6,43,2
99770,56,4,52,2
99771,63,5,58,2
99772,53,6,47,2
99773,44,2,42,2
99774,58,4,54,2
99775,53,4,49,2
99776,53,3,50,2
99777,53,9,44,2
99778,61,7,54,2
99779,62,9,53,2
99780,63,4,59,2
99781,68,8,60,2
99782,70,9,61,2
99783,59,5,54,2
99784,42,3,39,2
99785,56,10,46,2
99786,48,4,44,2
99787,40,5,35,2
99788,48,8,40,2
99789,59,5,54,2
99790,41,4,37,2
99791,62,9,53,2
99792,58,4,54,2
99793,47,8,39,2
99794,44,6,38,2
99795,46,3,43,2
99796,46,9,37,2
99797,54,4,50,2
99798,39,7,32,2
99799,51,6,45,2
99800,48,4,44,2
99801,61,6,55,2
99802,73,8,65,2
99803,55,10,45,2
99804,48,15,33,2
99805,54,5,49,2
99806,39,6,33,2
99807,47,4,43,2
99808,57,9,48,2
99809,57,8,49,2
99810,58,9,49,2
99811,56,7,49,2
99812,51,8,43,2
99813,58,8,50,2
99814,60,4,56,2
99815,50,11,39,2
99816,62,8,54,2
99817,53,6,47,2
99818,54,7,47,2
99819,55,7,48,2
99820,56,7,49,2
99821,49,5,44,2
99822,51,7,44,2
99823,60,4,56,2
99824,57,9,48,2
99825,49,6,43,2
99826,61,4,57,2
99827,57,5,52,2
99828,53,7,46,2
99829,34,5,29,2
99830,52,4,48,2
99831,57,4,53,2
99832,55,9,46,2
99833,57,4,53,2
99834,56,8,48,2
99835,53,8,45,2
99836,48,2,46,2
99837,55,3,52,2
99838,49,2,47,2
99839,51,6,45,2
99840,51,8,43,2
99841,54,3,51,2
99842,52,5,47,2
99843,59,7,52,2
99844,54,4,50,2
99845,48,8,40,2
99846,57,6,51,2
99847,52,4,48,2
99848,51,5,46,2
99849,58,8,50,2
99850,45,7,38,2
99851,55,8,47,2
99852,51,7,44,2
99853,43,5,38,2
99854,52,8,44,2
99855,62,10,52,2
99856,62,6,56,2
99857,65,5,60,2
99858,60,9,51,2
99859,53,6,47,2
99860,53,5,48,2
99861,51,5,46,2
99862,56,6,50,2
99863,55,8,47,2
99864,58,8,50,2
99865,58,7,51,2
99866,57,6,51,2
99867,74,6,68,2
99868,36,3,33,2
99869,61,11,50,2
99870,56,5,51,2
99871,63,9,54,2
99872,48,6,42,2
99873,55,7,48,2
99874,55,3,52,2
99875,63,6,57,2
99876,55,4,51,2
99877,54,6,48,2
99878,72,6,66,2
99879,56,7,49,2
99880,57,8,49,2
99881,58,6,52,2
99882,71,7,64,2
99883,45,7,38,2
99884,72,14,58,2
99885,58,12,46,2
99886,61,11,50,2
99887,49,8,41,2
99888,51,5,46,2
99889,61,7,54,2
99890,49,5,44,2
99891,55,5,50,2
99892,41,7,34,2
99893,62,4,58,2
99894,58,8,50,2
99895,54,3,51,2
99896,63,7,56,2
99897,53,7,46,2
99898,47,6,41,2
99899,56,9,47,2
99900,65,9,56,2
99901,49,9,40,2
99902,52,5,47,2
99903,50,7,43,2
99904,42,2,40,2
99905,63,5,58,2
99906,47,3,44,2
99907,62,7,55,2
99908,60,7,53,2
99909,68,8,60,2
99910,66,6,60,2
99911,56,7,49,2
99912,49,5,44,2
99913,59,7,52,2
99914,43,7,36,2
99915,57,11,46,2
99916,62,10,52,2
99917,48,6,42,2
99918,54,5,49,2
99919,42,3,39,2
99920,45,6,39,2
99921,63,5,58,2
99922,50,3,47,2
99923,50,6,44,2
99924,62,9,53,2
99925,55,5,50,2
99926,55,6,49,2
99927,54,7,47,2
99928,70,1,69,2
99929,58,8,50,2
99930,67,11,56,2
99931,55,8,47,2
99932,57,5,52,2
99933,53,4,49,2
99934,54,9,45,2
99935,54,8,46,2
99936,51,4,47,2
99937,47,3,44,2
99938,61,9,52,2
99939,54,6,48,2
99940,51,6,45,2
99941,51,3,48,2
99942,56,7,49,2
99943,53,6,47,2
99944,58,5,53,2
99945,54,8,46,2
99946,47,7,40,2
99947,50,4,46,2
99948,54,6,48,2
99949,50,7,43,2
99950,52,7,45,2
99951,59,7,52,2
99952,58,4,54,2
99953,59,5,54,2
99954,43,7,36,2
99955,67,7,60,2
99956,50,5,45,2
99957,48,5,43,2
99958,55,5,50,2
99959,63,6,57,2
99960,62,8,54,2
99961,60,6,54,2
99962,64,7,57,2
99963,49,7,42,2
99965,45,9,36,2
99966,58,6,52,2
99967,45,8,37,2
99968,61,7,54,2
99969,50,6,44,2
99970,54,4,50,2
99971,46,2,44,2
99972,49,4,45,2
99973,51,4,47,2
99974,63,10,53,2
99975,48,7,41,2
99976,55,4,51,2
99977,63,11,52,2
99978,56,5,51,2
99979,63,4,59,2
99980,51,6,45,2
99981,45,7,38,2
99982,54,12,42,2
99983,45,6,39,2
99984,56,4,52,2
99985,53,5,48,2
99986,56,7,49,2
99987,49,3,46,2
99988,62,10,52,2
99989,44,3,41,2
99990,52,3,49,2
99991,60,4,56,2
99992,52,5,47,2
99993,43,9,34,2
99994,49,7,42,2
99995,50,7,43,2
99996,70,8,62,2
99997,59,9,50,2
99998,46,6,40,2
99999,41,6,35,2
100000,71,8,63,2
100001,46,6,40,2
100002,42,9,33,2
100003,51,9,42,2
100004,53,4,49,2
100005,54,6,48,2
100006,54,9,45,2
100007,55,11,44,2
100008,48,1,47,2
100009,43,2,41,2
100010,56,8,48,2
100011,49,2,47,2
100012,61,6,55,2
100013,57,7,50,2
100014,56,6,50,2
100015,45,6,39,2
100016,51,4,47,2
100017,49,7,42,2
100018,59,5,54,2
100019,42,5,37,2
100020,59,4,55,2
100021,44,5,39,2
100022,63,11,52,2
100023,59,10,49,2
100024,61,2,59,2
100025,59,9,50,2
100026,38,5,33,2
100027,56,9,47,2
100028,50,7,43,2
100029,49,4,45,2
100030,68,10,58,2
100031,53,3,50,2
100032,54,7,47,2
100033,61,5,56,2
100034,56,8,48,2
100035,43,5,38,2
100036,53,10,43,2
100037,51,5,46,2
100038,54,13,41,2
100039,54,8,46,2
100040,52,10,42,2
100041,59,12,47,2
100042,61,8,53,2
100043,43,0,43,1
100044,46,6,40,2
100045,64,11,53,2
100046,53,3,50,2
100047,56,7,49,2
100048,64,7,57,2
100049,58,5,53,2
100050,36,3,33,2
100051,52,6,46,2
100052,56,9,47,2
100053,57,9,48,2
100054,56,7,49,2
100055,63,10,53,2
100056,49,4,45,2
100057,45,3,42,2
100058,52,6,46,2
100059,56,5,51,2
100060,59,8,51,2
100061,52,6,46,2
100062,63,7,56,2
100063,62,7,55,2
100064,52,8,44,2
100065,49,4,45,2
100066,54,9,45,2
100067,48,7,41,2
100068,50,5,45,2
100069,52,3,49,2
100070,69,8,61,2
100071,50,7,43,2
100072,59,8,51,2
100073,53,4,49,2
100074,50,6,44,2
100075,55,7,48,2
100076,63,8,55,2
100077,57,9,48,2
100078,37,4,33,2
100079,58,4,54,2
100080,49,8,41,2
100081,44,4,40,2
100082,44,3,41,2
100083,57,12,45,2
100084,61,10,51,2
100085,46,10,36,2
100086,60,7,53,2
100087,45,5,40,2
100088,68,11,57,2
100089,50,8,42,2
100090,45,7,38,2
100091,53,3,50,2
100092,50,9,41,2
100093,61,5,56,2
100094,49,4,45,2
100095,59,7,52,2
100096,66,6,60,2
100097,49,9,40,2
100098,46,4,42,2
100099,54,8,46,2
100100,52,4,48,2
100101,67,3,64,2
100102,65,3,62,2
100103,52,6,46,2
100104,61,9,52,2
100105,66,10,56,2
100106,51,7,44,2
100107,58,10,48,2
100108,49,6,43,2
100109,62,8,54,2
100110,59,8,51,2
100111,51,11,40,2
100112,44,4,40,2
100113,58,3,55,2
100114,49,4,45,2
100115,53,6,47,2
100116,60,6,54,2
100117,59,3,56,2
100118,53,7,46,2
100119,47,7,40,2
100120,47,7,40,2
100121,53,7,46,2
100122,54,5,49,2
100123,53,9,44,2
100124,53,3,50,2
100125,56,7,49,2
100126,55,4,51,2
100127,56,4,52,2
100128,48,4,44,2
100129,65,7,58,2
100130,50,9,41,2
100131,51,6,45,2
100132,54,7,47,2
100133,52,4,48,2
100134,36,8,28,2
100135,51,4,47,2
100136,64,9,55,2
100137,54,4,50,2
100138,49,6,43,2
100139,49,9,40,2
100140,54,4,50,2
100141,53,12,41,2
100142,53,8,45,2
100143,39,5,34,2
100144,51,6,45,2
100145,51,8,43,2
100146,54,9,45,2
100147,46,6,40,2
100148,44,5,39,2
100149,53,6,47,2
100150,57,10,47,2
100151,49,6,43,2
100152,52,7,45,2
100153,58,7,51,2
100154,63,9,54,2
100155,52,7,45,2
100156,54,6,48,2
100157,53,7,46,2
100158,54,12,42,2
100159,55,7,48,2
100160,61,8,53,2
100161,53,6,47,2
100162,49,4,45,2
100163,54,6,48,2
100164,54,7,47,2
100165,65,7,58,2
100166,44,5,39,2
100167,56,6,50,2
100168,45,2,43,2
100169,55,9,46,2
100170,58,10,48,2
100171,62,10,52,2
100172,45,4,41,2
100173,63,7,56,2
100174,56,10,46,2
100175,64,2,62,2
100176,45,1,44,2
100177,50,5,45,2
100178,65,10,55,2
100179,48,6,42,2
100180,47,6,41,2
100181,69,10,59,2
100182,49,7,42,2
100183,59,12,47,2
100184,47,5,42,2
100185,61,5,56,2
100186,34,3,31,2
100187,55,6,49,2
100188,60,12,48,2
100189,68,4,64,2
100190,52,3,49,2
100191,54,4,50,2
100192,53,5,48,2
100193,50,4,46,2
100194,49,4,45,2
100195,64,9,55,2
100196,50,5,45,2
100197,52,0,52,1
100198,53,3,50,2
100199,49,8,41,2
100200,44,0,44,1
100201,65,6,59,2
100202,54,3,51,2
100203,54,6,48,2
100204,78,15,63,2
100205,51,2,49,2
100206,49,5,44,2
100207,72,13,59,2
100208,56,11,45,2
100210,67,10,57,2
100211,61,11,50,2
100212,58,8,50,2
100213,46,3,43,2
100214,54,4,50,2
100215,59,9,50,2
100216,69,9,60,2
100217,59,7,52,2
100218,49,9,40,2
100219,43,6,37,2
100220,52,5,47,2
100221,49,9,40,2
100222,58,11,47,2
100223,64,8,56,2
100224,48,4,44,2
100225,43,2,41,2
100226,44,10,34,2
100227,56,10,46,2
100228,50,7,43,2
100229,64,10,54,2
100230,56,6,50,2
100231,54,8,46,2
100232,59,8,51,2
100233,70,7,63,2
100234,45,4,41,2
100235,58,9,49,2
100236,43,3,40,2
100237,60,5,55,2
100238,57,10,47,2
100239,54,6,48,2
100240,63,8,55,2
100241,57,8,49,2
100242,68,6,62,2
100243,50,6,44,2
100244,42,4,38,2
100245,53,7,46,2
100246,50,12,38,2
100247,49,4,45,2
100248,44,3,41,2
100249,60,7,53,2
100250,50,6,44,2
100251,64,6,58,2
100252,59,9,50,2
100253,50,4,46,2
100254,65,2,63,2
100255,46,5,41,2
100256,60,10,50,2
100257,54,9,45,2
100258,52,6,46,2
100259,61,7,54,2
100260,48,7,41,2
100261,58,8,50,2
100262,44,6,38,2
100263,62,5,57,2
100264,44,5,39,2
100265,44,6,38,2
100266,67,11,56,2
100267,63,6,57,2
100268,61,3,58,2
100269,55,6,49,2
100270,60,11,49,2
100271,52,6,46,2
100272,60,6,54,2
100273,60,6,54,2
100274,55,6,49,2
100275,55,3,52,2
100276,46,4,42,2
100277,64,3,61,2
100278,57,8,49,2
100279,58,3,55,2
100280,54,6,48,2
100281,55,10,45,2
100282,61,10,51,2
100283,49,7,42,2
100284,46,6,40,2
100285,53,10,43,2
100286,53,7,46,2
100287,63,4,59,2
100288,53,6,47,2
100289,49,3,46,2
100290,46,5,41,2
100291,51,6,45,2
100292,53,5,48,2
100293,48,7,41,2
100294,52,7,45,2
100295,43,4,39,2
100296,48,2,46,2
100297,58,9,49,2
100298,58,5,53,2
100299,57,5,52,2
100300,58,0,58,1
100301,45,5,40,2
100302,52,5,47,2
100303,57,8,49,2
100304,54,5,49,2
100305,55,5,50,2
100306,59,6,53,2
100307,54,7,47,2
100308,47,3,44,2
100309,45,2,43,2
100310,55,7,48,2
100311,59,9,50,2
100312,45,6,39,2
100313,60,9,51,2
100314,48,7,41,2
100315,54,4,50,2
100316,54,9,45,2
100317,52,4,48,2
100318,55,8,47,2
100319,49,7,42,2
100320,60,5,55,2
100321,49,4,45,2
100322,50,4,46,2
100323,55,4,51,2
100324,65,2,63,2
100325,60,6,54,2
100326,67,5,62,2
100327,53,5,48,2
100328,50,3,47,2
100329,47,8,39,2
100330,63,9,54,2
100331,47,3,44,2
100332,59,7,52,2
100333,56,4,52,2
100334,62,5,57,2
100335,49,6,43,2
100336,62,8,54,2
100337,60,4,56,2
100338,45,7,38,2
100339,56,5,51,2
100340,45,5,40,2
100341,40,6,34,2
100342,54,9,45,2
100343,56,9,47,2
100344,51,5,46,2
100345,48,5,43,2
100346,55,5,50,2
100347,51,3,48,2
100348,50,2,48,2
100349,62,6,56,2
100350,55,11,44,2
100351,35,5,30,2
100352,44,4,40,2
100353,61,6,55,2
100354,49,7,42,2
100355,57,7,50,2
100356,68,5,63,2
100357,43,8,35,2
100358,53,7,46,2
100359,47,4,43,2
100360,53,6,47,2
100361,45,2,43,2
100362,50,4,46,2
100363,51,9,42,2
100364,65,5,60,2
100365,54,6,48,2
100366,65,8,57,2
100367,49,9,40,2
100368,55,5,50,2
100369,51,4,47,2
100370,59,7,52,2
100371,50,4,46,2
100372,54,3,51,2
100373,54,10,44,2
100374,50,4,46,2
100375,63,9,54,2
100376,55,8,47,2
100377,52,4,48,2
100378,53,5,48,2
100379,45,6,39,2
100380,56,8,48,2
100381,70,9,61,2
100382,45,5,40,2
100383,56,6,50,2
100384,56,6,50,2
100385,58,6,52,2
100386,54,7,47,2
100387,45,7,38,2
100388,48,6,42,2
100389,71,12,59,2
100390,53,3,50,2
100391,59,6,53,2
100392,42,7,35,2
100393,47,7,40,2
100394,47,2,45,2
100395,69,3,66,2
100396,58,8,50,2
100397,60,7,53,2
100398,63,5,58,2
100399,48,4,44,2
100400,70,7,63,2
100401,47,8,39,2
100402,50,7,43,2
100403,57,7,50,2
100404,41,8,33,2
100405,53,8,45,2
100406,54,3,51,2
100407,62,7,55,2
100408,49,6,43,2
100409,49,5,44,2
100410,66,11,55,2
100411,49,5,44,2
100412,50,7,43,2
100413,48,3,45,2
100414,52,7,45,2
100415,47,0,47,1
100416,41,7,34,2
100417,40,1,39,2
100418,68,13,55,2
100419,47,6,41,2
100420,78,12,66,2
100421,51,7,44,2
100422,50,10,40,2
100423,64,7,57,2
100424,49,2,47,2
100425,61,8,53,2
100426,66,4,62,2
100427,53,7,46,2
100428,59,5,54,2
100429,53,6,47,2
100430,51,7,44,2
100431,56,5,51,2
100432,67,9,58,2
100433,58,5,53,2
100434,52,9,43,2
100435,51,5,46,2
100436,55,11,44,2
100437,56,4,52,2
100438,50,7,43,2
100439,68,14,54,2
100440,46,11,35,2
100441,69,12,57,2
100442,43,3,40,2
100443,46,4,42,2
100444,45,9,36,2
100445,47,7,40,2
100446,47,11,36,2
100447,60,7,53,2
100448,57,7,50,2
100449,60,10,50,2
100450,71,8,63,2
100451,63,6,57,2
100452,67,9,58,2
100453,44,4,40,2
100454,53,5,48,2
100455,49,7,42,2
100456,48,4,44,2
100457,61,7,54,2
100458,56,5,51,2
100459,44,6,38,2
100460,66,6,60,2
100461,56,5,51,2
100462,52,16,36,2
100463,52,6,46,2
100464,59,11,48,2
100465,45,2,43,2
100466,52,7,45,2
100467,53,6,47,2
100468,52,8,44,2
100469,56,5,51,2
100470,52,9,43,2
100471,50,2,48,2
100472,51,6,45,2
100473,45,6,39,2
100474,62,7,55,2
100475,66,5,61,2
100476,65,7,58,2
100477,62,7,55,2
100478,63,8,55,2
100479,51,7,44,2
100480,55,12,43,2
100481,42,3,39,2
100482,59,5,54,2
100483,39,4,35,2
100484,71,10,61,2
100485,51,6,45,2
100486,48,4,44,2
100487,55,7,48,2
100488,61,8,53,2
100489,50,6,44,2
100490,57,2,55,2
100491,57,8,49,2
100492,50,7,43,2
100493,38,3,35,2
100494,64,6,58,2
100495,54,2,52,2
100496,58,6,52,2
100497,58,11,47,2
100498,59,4,55,2
100499,41,3,38,2
100500,60,5,55,2
100501,55,6,49,2
100502,49,6,43,2
100503,47,3,44,2
100504,51,4,47,2
100505,41,2,39,2
100506,49,3,46,2
100507,47,6,41,2
100508,55,5,50,2
100509,59,6,53,2
100510,53,2,51,2
100511,51,7,44,2
100512,46,8,38,2
100513,51,6,45,2
100514,63,5,58,2
100515,63,7,56,2
100516,71,10,61,2
100517,51,6,45,2
100518,61,9,52,2
100519,50,3,47,2
100520,52,6,46,2
100521,51,8,43,2
100522,57,8,49,2
100523,48,5,43,2
100524,57,5,52,2
100525,46,4,42,2
100526,52,10,42,2
100527,52,11,41,2
100528,64,7,57,2
100529,49,8,41,2
100530,49,4,45,2
100531,60,7,53,2
100532,47,1,46,2
100533,54,5,49,2
100534,58,3,55,2
100535,46,7,39,2
100536,64,5,59,2
100537,50,2,48,2
100538,57,6,51,2
100539,53,2,51,2
100540,55,7,48,2
100541,38,5,33,2
100542,46,11,35,2
100543,40,4,36,2
100544,52,4,48,2
100545,49,3,46,2
100546,65,9,56,2
100547,45,8,37,2
100548,48,7,41,2
100549,51,8,43,2
100550,51,7,44,2
100551,46,6,40,2
100552,60,14,46,2
100553,59,7,52,2
100554,53,7,46,2
100555,51,4,47,2
100556,40,4,36,2
100557,54,5,49,2
100558,50,7,43,2
100559,40,5,35,2
100560,56,11,45,2
100561,54,8,46,2
100562,52,11,41,2
100563,59,4,55,2
100564,55,3,52,2
100565,50,6,44,2
100566,63,8,55,2
100567,63,5,58,2
100568,62,6,56,2
100569,48,6,42,2
100570,49,7,42,2
100571,45,2,43,2
100572,46,8,38,2
100573,50,3,47,2
100574,47,3,44,2
100575,68,8,60,2
100576,46,3,43,2
100577,60,7,53,2
100578,48,5,43,2
100579,47,3,44,2
100580,54,5,49,2
100581,44,4,40,2
100582,64,6,58,2
100583,51,7,44,2
100584,53,4,49,2
100585,64,9,55,2
100586,61,10,51,2
100587,73,7,66,2
100588,52,12,40,2
100589,51,6,45,2
100590,66,11,55,2
100591,52,5,47,2
100592,51,2,49,2
100593,51,5,46,2
100594,63,5,58,2
100595,62,10,52,2
100596,64,4,60,2
100597,56,5,51,2
100598,50,8,42,2
100599,57,5,52,2
100600,47,6,41,2
100601,54,7,47,2
100602,45,6,39,2
100604,52,4,48,2
100605,50,14,36,2
100606,52,5,47,2
100607,55,5,50,2
100608,67,11,56,2
100609,52,10,42,2
100610,43,4,39,2
100611,51,4,47,2
100612,53,3,50,2
100613,47,8,39,2
100614,48,5,43,2
100615,48,10,38,2
100616,61,5,56,2
100617,64,5,59,2
100618,54,6,48,2
100619,46,6,40,2
100620,61,5,56,2
100621,47,1,46,2
100622,57,6,51,2
100623,52,6,46,2
100625,64,13,51,2
100626,46,5,41,2
100627,54,6,48,2
100628,57,8,49,2
100629,54,6,48,2
100630,64,9,55,2
100631,50,0,50,1
100632,63,12,51,2
100633,57,5,52,2
100634,56,6,50,2
100635,46,7,39,2
100636,60,5,55,2
100637,69,8,61,2
100638,72,6,66,2
100639,50,4,46,2
100640,49,6,43,2
100641,52,2,50,2
100642,63,6,57,2
100643,49,10,39,2
100644,59,6,53,2
100645,54,7,47,2
100646,56,7,49,2
100647,83,9,74,2
100648,62,7,55,2
100649,58,6,52,2
100650,61,5,56,2
100651,55,6,49,2
100652,53,8,45,2
100653,64,8,56,2
100654,75,7,68,2
100655,67,9,58,2
100656,59,7,52,2
100657,69,6,63,2
100658,56,8,48,2
100659,50,5,45,2
100660,46,6,40,2
100661,62,5,57,2
100662,58,10,48,2
100663,54,7,47,2
100664,50,6,44,2
100665,68,14,54,2
100666,56,7,49,2
100667,45,7,38,2
100668,75,9,66,2
100669,57,9,48,2
100670,51,7,44,2
100671,65,6,59,2
100672,57,8,49,2
100673,59,7,52,2
100674,64,6,58,2
100675,58,6,52,2
100676,51,6,45,2
100677,46,11,35,2
100678,50,4,46,2
100679,63,7,56,2
100680,58,12,46,2
100681,65,8,57,2
100682,51,5,46,2
100683,54,4,50,2
100684,62,10,52,2
100685,60,5,55,2
100686,73,9,64,2
100687,49,3,46,2
100688,54,8,46,2
100689,66,10,56,2
100690,54,6,48,2
100691,56,6,50,2
100692,66,9,57,2
100693,54,10,44,2
100694,51,4,47,2
100695,46,5,41,2
100696,59,6,53,2
100697,54,6,48,2
100698,52,1,51,2
100699,53,3,50,2
100700,53,7,46,2
100701,56,7,49,2
100702,53,5,48,2
100703,54,7,47,2
100704,52,5,47,2
100705,57,5,52,2
100706,51,7,44,2
100707,46,3,43,2
100708,54,1,53,2
100709,55,6,49,2
100710,59,11,48,2
100711,47,6,41,2
100712,62,13,49,2
100713,38,38,0,1
100714,60,6,54,2
100715,62,6,56,2
100716,51,7,44,2
100717,54,9,45,2
100718,48,5,43,2
100719,57,4,53,2
100720,54,6,48,2
100721,55,3,52,2
100722,53,7,46,2
100723,56,8,48,2
100724,49,8,41,2
100725,56,3,53,2
100726,54,4,50,2
100727,59,8,51,2
100728,59,8,51,2
100729,53,6,47,2
100730,56,5,51,2
100731,71,6,65,2
100732,61,3,58,2
100733,58,9,49,2
100734,60,7,53,2
100735,54,5,49,2
100736,57,5,52,2
100737,62,6,56,2
100738,68,8,60,2
100739,41,4,37,2
100740,70,7,63,2
100741,70,8,62,2
100742,46,6,40,2
100743,54,5,49,2
100744,51,9,42,2
100745,64,6,58,2
100746,46,3,43,2
100747,59,6,53,2
100748,59,10,49,2
100749,61,9,52,2
100750,53,7,46,2
100751,56,6,50,2
100752,57,7,50,2
100753,70,11,59,2
100754,58,9,49,2
100755,57,11,46,2
100756,48,2,46,2
100757,57,6,51,2
100758,41,6,35,2
100759,59,6,53,2
100760,43,8,35,2
100761,49,8,41,2
100762,60,7,53,2
100763,64,7,57,2
100764,49,7,42,2
100765,61,9,52,2
100766,58,6,52,2
100767,54,8,46,2
100768,59,6,53,2
100769,51,5,46,2
100770,50,7,43,2
100771,55,5,50,2
100772,65,8,57,2
100773,53,5,48,2
100774,59,9,50,2
100775,63,8,55,2
100776,64,9,55,2
100777,56,11,45,2
100778,49,5,44,2
100779,58,8,50,2
100780,74,11,63,2
100781,54,2,52,2
100782,62,8,54,2
100783,52,5,47,2
100784,54,4,50,2
100785,52,9,43,2
100786,45,5,40,2
100787,59,6,53,2
100788,49,6,43,2
100789,46,7,39,2
100790,49,9,40,2
100791,63,10,53,2
100792,50,6,44,2
100793,40,5,35,2
100794,45,7,38,2
100795,58,4,54,2
100796,60,6,54,2
100797,62,14,48,2
100798,44,5,39,2
100799,53,5,48,2
100800,70,8,62,2
100801,65,7,58,2
100802,56,7,49,2
100803,60,8,52,2
100804,63,8,55,2
100805,49,4,45,2
100806,63,3,60,2
100807,58,6,52,2
100808,46,5,41,2
100809,53,8,45,2
100810,38,7,31,2
100811,51,8,43,2
100812,62,6,56,2
100813,51,7,44,2
100814,61,9,52,2
100815,53,5,48,2
100816,50,7,43,2
100817,45,8,37,2
100818,51,8,43,2
100819,44,3,41,2
100820,45,7,38,2
100821,46,4,42,2
100822,41,3,38,2
100823,41,4,37,2
100824,58,7,51,2
100825,45,6,39,2
100826,52,3,49,2
100827,62,11,51,2
100828,57,6,51,2
100829,51,5,46,2
100830,57,6,51,2
100831,57,8,49,2
100832,46,6,40,2
100833,58,7,51,2
100834,64,8,56,2
100835,59,6,53,2
100836,51,6,45,2
100837,60,8,52,2
100838,52,4,48,2
100839,45,8,37,2
100840,63,15,48,2
100841,41,11,30,2
100842,53,5,48,2
100843,44,5,39,2
100844,62,2,60,2
100845,70,10,60,2
100846,68,8,60,2
100847,78,13,65,2
100848,60,8,52,2
100849,49,6,43,2
100850,56,8,48,2
100851,60,7,53,2
100852,53,6,47,2
100853,48,6,42,2
100854,70,7,63,2
100855,49,3,46,2
100856,63,9,54,2
100857,40,1,39,2
100858,54,3,51,2
100859,61,8,53,2
100860,76,6,70,2
100861,63,15,48,2
100862,51,8,43,2
100863,58,6,52,2
100864,58,8,50,2
100865,56,5,51,2
100866,52,10,42,2
100867,54,7,47,2
100868,50,6,44,2
100869,47,4,43,2
100870,63,7,56,2
100871,56,9,47,2
100872,49,8,41,2
100873,58,7,51,2
100874,59,11,48,2
100875,45,1,44,2
100876,45,3,42,2
100877,51,5,46,2
100878,59,6,53,2
100879,68,7,61,2
100880,51,10,41,2
100881,51,6,45,2
100882,61,11,50,2
100883,59,9,50,2
100884,56,4,52,2
100885,68,6,62,2
100886,55,6,49,2
100887,53,7,46,2
100888,54,3,51,2
100889,57,3,54,2
100890,68,11,57,2
100891,58,9,49,2
100892,47,10,37,2
100893,73,10,63,2
100894,52,8,44,2
100895,50,4,46,2
100896,63,6,57,2
100897,53,7,46,2
100898,56,11,45,2
100899,62,3,59,2
100900,56,9,47,2
100901,61,6,55,2
100902,64,10,54,2
100903,43,5,38,2
100904,59,5,54,2
100905,59,6,53,2
100906,54,7,47,2
100907,55,10,45,2
100908,59,1,58,2
100909,57,3,54,2
100910,49,9,40,2
100911,40,5,35,2
100912,55,8,47,2
100913,54,11,43,2
100914,63,11,52,2
100915,42,4,38,2
100916,52,10,42,2
100917,59,8,51,2
100918,57,6,51,2
100919,61,7,54,2
100920,53,4,49,2
100921,54,9,45,2
100922,50,6,44,2
100923,40,4,36,2
100924,50,6,44,2
100925,51,3,48,2
100926,57,3,54,2
100927,62,8,54,2
100928,55,6,49,2
100929,50,4,46,2
100930,56,4,52,2
100931,50,5,45,2
100932,48,8,40,2
100933,41,4,37,2
100934,51,9,42,2
100935,54,4,50,2
100936,55,7,48,2
100937,62,8,54,2
100938,51,5,46,2
100939,58,3,55,2
100940,46,7,39,2
100941,58,8,50,2
100942,55,8,47,2
100943,64,8,56,2
100944,48,6,42,2
100945,50,7,43,2
100946,52,8,44,2
100947,46,4,42,2
100948,66,8,58,2
100949,53,9,44,2
100950,43,6,37,2
100951,55,9,46,2
100952,47,4,43,2
100953,74,7,67,2
100954,41,4,37,2
100955,69,8,61,2
100956,60,7,53,2
100957,55,3,52,2
100958,49,8,41,2
100959,52,3,49,2
100960,48,5,43,2
100961,54,3,51,2
100962,65,9,56,2
100963,58,5,53,2
100964,45,4,41,2
100965,40,6,34,2
100966,50,4,46,2
100967,49,4,45,2
100968,63,6,57,2
100969,54,6,48,2
100970,55,6,49,2
100971,51,8,43,2
100972,57,7,50,2
100973,63,7,56,2
100974,54,3,51,2
100975,66,3,63,2
100976,51,9,42,2
100977,63,5,58,2
100978,51,8,43,2
100979,53,3,50,2
100980,66,10,56,2
100981,64,12,52,2
100982,61,5,56,2
100983,62,3,59,2
100984,75,6,69,2
100985,60,12,48,2
100986,57,11,46,2
100987,74,6,68,2
100988,63,7,56,2
100989,50,5,45,2
100990,51,2,49,2
100991,73,4,69,2
100992,55,8,47,2
100993,42,1,41,2
100994,46,3,43,2
100995,55,4,51,2
100996,61,5,56,2
100997,48,9,39,2
100998,64,9,55,2
100999,58,3,55,2
101000,43,7,36,2
101001,48,7,41,2
101002,57,5,52,2
101003,43,5,38,2
101004,42,7,35,2
101005,60,8,52,2
101006,46,4,42,2
101007,52,9,43,2
101008,59,6,53,2
101009,55,6,49,2
101010,55,6,49,2
101011,65,12,53,2
101012,43,3,40,2
101013,48,10,38,2
101014,59,9,50,2
101015,40,6,34,2
101016,51,6,45,2
101017,53,5,48,2
101018,43,7,36,2
101019,55,5,50,2
101020,69,7,62,2
101021,46,5,41,2
101022,61,5,56,2
101023,58,8,50,2
101024,61,14,47,2
101025,57,8,49,2
101026,56,5,51,2
101027,51,5,46,2
101028,65,12,53,2
101029,41,6,35,2
101030,46,7,39,2
101031,59,8,51,2
101032,58,10,48,2
101033,49,8,41,2
101034,50,9,41,2
101035,61,9,52,2
101036,55,9,46,2
101037,45,7,38,2
101038,64,11,53,2
101039,59,6,53,2
101040,44,4,40,2
101041,64,11,53,2
101042,57,9,48,2
101043,58,6,52,2
101044,61,7,54,2
101045,65,7,58,2
101046,53,8,45,2
101047,48,12,36,2
101048,43,6,37,2
101049,49,8,41,2
101050,57,10,47,2
101051,74,11,63,2
101052,48,5,43,2
101053,58,2,56,2
101054,58,2,56,2
101055,44,6,38,2
101056,51,9,42,2
101057,53,11,42,2
101058,61,3,58,2
101059,55,8,47,2
101060,51,5,46,2
101061,45,2,43,2
101062,64,5,59,2
101063,44,7,37,2
101064,58,7,51,2
101065,52,4,48,2
101066,63,6,57,2
101067,48,7,41,2
101068,58,4,54,2
101069,69,9,60,2
101070,59,11,48,2
101071,39,2,37,2
101072,52,5,47,2
101073,58,4,54,2
101074,63,5,58,2
101075,48,11,37,2
101076,47,10,37,2
101077,48,6,42,2
101078,43,4,39,2
101079,51,2,49,2
101080,55,5,50,2
101081,50,6,44,2
101082,57,17,40,2
101083,55,8,47,2
101084,64,11,53,2
101085,50,10,40,2
101086,72,12,60,2
101087,49,2,47,2
101088,60,10,50,2
101089,54,5,49,2
101090,61,8,53,2
101091,52,11,41,2
101092,55,8,47,2
101093,38,3,35,2
101094,57,8,49,2
101095,44,7,37,2
101096,53,3,50,2
101097,56,5,51,2
101098,50,8,42,2
101099,59,4,55,2
101100,57,6,51,2
101101,56,7,49,2
101102,69,9,60,2
101103,59,10,49,2
101104,54,8,46,2
101105,54,6,48,2
101106,60,5,55,2
101107,68,4,64,2
101108,64,5,59,2
101109,52,7,45,2
101110,57,8,49,2
101111,57,3,54,2
101112,50,7,43,2
101113,42,3,39,2
101114,50,3,47,2
101115,43,5,38,2
101116,66,8,58,2
101117,45,8,37,2
101118,37,3,34,2
101119,51,8,43,2
101120,49,12,37,2
101121,45,4,41,2
101122,46,4,42,2
101123,42,7,35,2
101124,56,6,50,2
101125,47,11,36,2
101126,58,3,55,2
101127,46,5,41,2
101128,54,6,48,2
101129,58,3,55,2
101130,61,11,50,2
101131,56,5,51,2
101132,55,5,50,2
101133,60,4,56,2
101134,51,1,50,2
101135,53,7,46,2
101136,43,3,40,2
101137,59,7,52,2
101138,52,6,46,2
101139,50,5,45,2
101140,70,4,66,2
101141,57,7,50,2
101142,48,6,42,2
101143,47,4,43,2
101144,60,6,54,2
101145,40,3,37,2
101146,54,2,52,2
101147,50,4,46,2
101148,56,6,50,2
101149,58,8,50,2
101150,43,5,38,2
101151,48,5,43,2
101152,50,10,40,2
101153,66,7,59,2
101154,64,5,59,2
101155,54,8,46,2
101156,42,4,38,2
101157,61,13,48,2
101158,58,6,52,2
101159,45,8,37,2
101160,49,5,44,2
101161,48,2,46,2
101162,48,7,41,2
101163,61,4,57,2
101164,46,1,45,2
101165,56,9,47,2
101166,48,8,40,2
101167,59,5,54,2
101168,56,4,52,2
101169,47,4,43,2
101170,47,3,44,2
101171,59,8,51,2
101172,53,5,48,2
101173,37,5,32,2
101174,59,8,51,2
101175,56,8,48,2
101176,61,11,50,2
101177,56,11,45,2
101178,67,4,63,2
101179,52,6,46,2
101180,52,7,45,2
101181,44,10,34,2
101182,53,6,47,2
101183,58,3,55,2
101184,61,3,58,2
101185,53,11,42,2
101186,53,7,46,2
101187,58,13,45,2
101188,56,10,46,2
101189,46,5,41,2
101190,52,4,48,2
101191,49,4,45,2
101192,64,8,56,2
101193,53,4,49,2
101194,69,12,57,2
101195,59,12,47,2
101196,63,5,58,2
101197,53,6,47,2
101198,59,4,55,2
101199,62,9,53,2
101200,71,7,64,2
101201,57,2,55,2
101202,67,9,58,2
101203,59,13,46,2
101204,56,8,48,2
101205,71,0,71,1
101206,49,6,43,2
101207,62,7,55,2
101208,61,9,52,2
101209,53,8,45,2
101210,48,8,40,2
101211,48,5,43,2
101212,39,4,35,2
101213,52,10,42,2
101214,69,10,59,2
101215,60,10,50,2
101216,49,7,42,2
101217,48,7,41,2
101218,61,8,53,2
101219,64,9,55,2
101220,40,6,34,2
101221,55,4,51,2
101222,53,5,48,2
101223,53,5,48,2
101224,56,1,55,2
101225,56,5,51,2
101226,60,6,54,2
101227,55,7,48,2
101228,54,7,47,2
101229,46,3,43,2
101230,47,6,41,2
101231,63,5,58,2
101232,72,9,63,2
101233,47,4,43,2
101234,51,4,47,2
101235,54,8,46,2
101236,43,3,40,2
101237,48,5,43,2
101238,51,4,47,2
101239,41,6,35,2
101240,45,4,41,2
101241,61,8,53,2
101242,53,9,44,2
101243,52,12,40,2
101244,51,5,46,2
101245,51,6,45,2
101246,46,1,45,2
101247,53,6,47,2
101248,38,1,37,2
101249,68,14,54,2
101250,48,5,43,2
101251,44,12,32,2
101252,52,5,47,2
101253,64,7,57,2
101254,53,6,47,2
101255,57,8,49,2
101256,69,5,64,2
101257,61,9,52,2
101258,45,8,37,2
101259,51,5,46,2
101260,53,5,48,2
101261,64,5,59,2
101262,68,7,61,2
101263,56,6,50,2
101264,60,7,53,2
101265,62,5,57,2
101266,47,6,41,2
101267,43,6,37,2
101268,67,7,60,2
101269,73,11,62,2
101270,61,5,56,2
101271,57,8,49,2
101272,67,6,61,2
101273,52,3,49,2
101274,60,9,51,2
101275,58,8,50,2
101276,59,8,51,2
101277,47,6,41,2
101278,62,2,60,2
101279,64,7,57,2
101280,47,3,44,2
101281,56,6,50,2
101282,60,11,49,2
101283,53,3,50,2
101284,51,4,47,2
101285,60,8,52,2
101286,62,7,55,2
101287,38,2,36,2
101288,54,6,48,2
101289,56,5,51,2
101290,53,3,50,2
101291,50,4,46,2
101292,62,4,58,2
101293,56,5,51,2
101294,54,4,50,2
101295,50,9,41,2
101296,66,8,58,2
101297,50,1,49,2
101298,48,7,41,2
101299,54,1,53,2
101300,61,6,55,2
101301,63,5,58,2
101302,55,6,49,2
101303,52,5,47,2
101304,48,8,40,2
101305,52,6,46,2
101306,70,8,62,2
101307,58,5,53,2
101308,67,7,60,2
101309,59,6,53,2
101310,58,8,50,2
101311,51,5,46,2
101312,55,4,51,2
101313,52,5,47,2
101314,76,9,67,2
101315,58,7,51,2
101316,65,8,57,2
101317,63,14,49,2
101318,45,5,40,2
101319,63,7,56,2
101320,50,3,47,2
101321,67,9,58,2
101322,49,6,43,2
101323,68,7,61,2
101324,59,3,56,2
101325,55,6,49,2
101326,70,13,57,2
101327,58,7,51,2
101328,54,9,45,2
101329,44,3,41,2
101330,44,5,39,2
101331,47,3,44,2
101332,57,6,51,2
101333,51,8,43,2
101334,52,6,46,2
101335,51,6,45,2
101336,71,9,62,2
101337,67,9,58,2
101338,56,2,54,2
101339,61,10,51,2
101340,55,10,45,2
101341,52,7,45,2
101342,66,9,57,2
101343,60,6,54,2
101344,49,7,42,2
101345,39,4,35,2
101346,55,6,49,2
101347,50,2,48,2
101348,46,5,41,2
101349,55,9,46,2
101350,51,4,47,2
101351,49,9,40,2
101352,52,9,43,2
101353,65,7,58,2
101354,58,12,46,2
101355,48,6,42,2
101356,45,5,40,2
101357,55,6,49,2
101358,51,9,42,2
101359,52,10,42,2
101360,46,2,44,2
101361,52,7,45,2
101362,52,3,49,2
101363,53,9,44,2
101364,48,4,44,2
101365,53,5,48,2
101366,54,5,49,2
101367,56,6,50,2
101368,52,6,46,2
101369,41,4,37,2
101370,52,9,43,2
101371,73,10,63,2
101372,49,8,41,2
101373,51,9,42,2
101374,47,6,41,2
101375,53,4,49,2
101376,70,6,64,2
101377,63,6,57,2
101378,64,4,60,2
101379,57,4,53,2
101380,56,6,50,2
101381,43,7,36,2
101382,51,3,48,2
101383,55,8,47,2
101384,58,12,46,2
101385,56,5,51,2
101386,45,6,39,2
101387,45,2,43,2
101388,57,6,51,2
101389,58,9,49,2
101390,53,6,47,2
101391,59,6,53,2
101392,51,6,45,2
101393,42,5,37,2
101394,44,7,37,2
101395,57,8,49,2
101396,49,4,45,2
101397,56,10,46,2
101398,59,5,54,2
101399,58,10,48,2
101400,55,2,53,2
101401,51,6,45,2
101402,50,4,46,2
101403,57,11,46,2
101404,68,7,61,2
101405,47,7,40,2
101406,56,5,51,2
101407,49,5,44,2
101408,60,6,54,2
101409,53,9,44,2
101410,55,7,48,2
101411,51,6,45,2
101412,54,3,51,2
101413,55,8,47,2
101414,56,5,51,2
101415,53,6,47,2
101416,59,12,47,2
101417,50,5,45,2
101418,50,8,42,2
101419,61,7,54,2
101420,56,9,47,2
101421,60,11,49,2
101422,53,6,47,2
101423,51,9,42,2
101424,58,10,48,2
101425,44,7,37,2
101426,49,9,40,2
101427,43,8,35,2
101428,62,10,52,2
101430,58,6,52,2
101431,51,5,46,2
101432,56,4,52,2
101433,50,2,48,2
101434,68,8,60,2
101435,54,12,42,2
101436,50,9,41,2
101437,51,3,48,2
101438,47,6,41,2
101439,62,6,56,2
101440,55,5,50,2
101441,58,9,49,2
101442,54,6,48,2
101443,67,7,60,2
101444,46,5,41,2
101445,55,5,50,2
101446,51,4,47,2
101447,68,9,59,2
101448,45,4,41,2
101449,62,6,56,2
101450,51,7,44,2
101451,63,2,61,2
101452,53,4,49,2
101453,53,5,48,2
101454,60,7,53,2
101455,65,8,57,2
101456,50,6,44,2
101457,52,4,48,2
101458,50,7,43,2
101459,66,7,59,2
101460,61,3,58,2
101461,64,3,61,2
101462,56,5,51,2
101463,52,10,42,2
101464,61,11,50,2
101465,60,8,52,2
101466,48,5,43,2
101467,52,4,48,2
101468,67,6,61,2
101469,61,6,55,2
101470,61,5,56,2
101471,42,5,37,2
101472,50,8,42,2
101473,51,10,41,2
101474,54,6,48,2
101475,54,6,48,2
101476,48,6,42,2
101477,48,7,41,2
101478,56,10,46,2
101479,51,7,44,2
101480,51,7,44,2
101481,53,4,49,2
101482,61,12,49,2
101483,54,3,51,2
101484,59,4,55,2
101485,62,6,56,2
101486,59,6,53,2
101487,51,3,48,2
101488,66,9,57,2
101489,50,7,43,2
101490,51,4,47,2
101491,63,12,51,2
101492,49,4,45,2
101493,54,5,49,2
101494,57,6,51,2
101495,54,6,48,2
101496,51,7,44,2
101497,69,10,59,2
101498,65,7,58,2
101499,58,9,49,2
101500,55,3,52,2
101501,41,9,32,2
101502,49,5,44,2
101503,52,6,46,2
101504,61,4,57,2
101505,50,8,42,2
101506,59,11,48,2
101507,48,7,41,2
101508,77,11,66,2
101509,53,5,48,2
101510,43,4,39,2
101511,61,11,50,2
101512,43,3,40,2
101513,67,10,57,2
101514,53,6,47,2
101515,52,6,46,2
101516,63,7,56,2
101517,56,5,51,2
101518,53,5,48,2
101519,43,2,41,2
101520,42,5,37,2
101521,50,3,47,2
101522,53,8,45,2
101523,53,10,43,2
101524,55,6,49,2
101525,49,3,46,2
101526,58,6,52,2
101527,55,13,42,2
101528,72,8,64,2
101529,61,6,55,2
101530,67,7,60,2
101531,47,6,41,2
101532,56,6,50,2
101533,44,5,39,2
101534,56,9,47,2
101535,50,8,42,2
101536,53,4,49,2
101537,63,9,54,2
101538,53,6,47,2
101539,59,2,57,2
101540,45,3,42,2
101541,32,5,27,2
101542,40,4,36,2
101543,46,5,41,2
101544,49,2,47,2
101545,66,6,60,2
101546,64,6,58,2
101547,69,9,60,2
101548,58,6,52,2
101549,48,8,40,2
101550,53,7,46,2
101551,53,7,46,2
101552,60,10,50,2
101553,53,4,49,2
101554,52,9,43,2
101555,59,6,53,2
101556,39,4,35,2
101557,62,10,52,2
101558,62,7,55,2
101559,57,6,51,2
101560,56,8,48,2
101561,47,7,40,2
101562,57,6,51,2
101563,54,6,48,2
101564,47,5,42,2
101565,53,8,45,2
101566,63,6,57,2
101567,51,10,41,2
101568,58,9,49,2
101569,63,7,56,2
101570,65,5,60,2
101571,59,5,54,2
101572,67,3,64,2
101573,50,6,44,2
101574,43,6,37,2
101575,55,2,53,2
101576,58,7,51,2
101577,55,10,45,2
101578,53,5,48,2
101579,60,11,49,2
101580,46,7,39,2
101581,56,9,47,2
101582,53,8,45,2
101583,63,6,57,2
101584,54,11,43,2
101585,43,4,39,2
101586,46,7,39,2
101587,46,8,38,2
101588,57,7,50,2
101589,52,5,47,2
101590,66,7,59,2
101591,45,3,42,2
101592,57,6,51,2
101593,49,5,44,2
101594,61,7,54,2
101595,53,8,45,2
101596,71,10,61,2
101597,58,12,46,2
101598,57,5,52,2
101599,53,5,48,2
101600,47,3,44,2
101601,53,6,47,2
101602,66,8,58,2
101603,52,6,46,2
101604,45,9,36,2
101605,51,7,44,2
101606,54,3,51,2
101607,65,12,53,2
101608,52,5,47,2
101609,53,5,48,2
101610,45,4,41,2
101611,55,6,49,2
101612,55,7,48,2
101613,56,6,50,2
101614,44,6,38,2
101615,64,9,55,2
101616,61,8,53,2
101617,52,7,45,2
101618,62,11,51,2
101619,46,6,40,2
101620,59,4,55,2
101621,50,6,44,2
101622,47,6,41,2
101623,43,4,39,2
101624,58,7,51,2
101625,47,4,43,2
101626,56,7,49,2
101627,58,5,53,2
101628,55,6,49,2
101629,58,10,48,2
101630,38,3,35,2
101631,55,7,48,2
101632,60,7,53,2
101633,48,8,40,2
101634,59,6,53,2
101635,51,4,47,2
101636,52,9,43,2
101637,55,6,49,2
101638,48,3,45,2
101639,50,5,45,2
101640,54,6,48,2
101641,58,8,50,2
101642,56,5,51,2
101643,55,3,52,2
101644,60,6,54,2
101645,69,10,59,2
101646,55,10,45,2
101647,58,5,53,2
101648,50,10,40,2
101649,56,5,51,2
101650,42,3,39,2
101651,62,13,49,2
101652,62,9,53,2
101653,53,0,53,1
101654,42,7,35,2
101655,54,5,49,2
101656,64,5,59,2
101657,61,5,56,2
101658,60,9,51,2
101659,59,7,52,2
101660,47,3,44,2
101661,54,7,47,2
101662,55,6,49,2
101663,54,7,47,2
101664,50,4,46,2
101665,54,6,48,2
101666,52,7,45,2
101667,47,8,39,2
101668,66,9,57,2
101669,59,6,53,2
101670,42,10,32,2
101671,53,3,50,2
101672,44,5,39,2
101673,62,8,54,2
101674,63,8,55,2
101675,56,4,52,2
101676,52,2,50,2
101677,40,6,34,2
101678,61,10,51,2
101679,49,6,43,2
101680,60,8,52,2
101681,58,6,52,2
101682,46,5,41,2
101683,47,5,42,2
101684,47,10,37,2
101685,54,12,42,2
101686,57,7,50,2
101687,59,9,50,2
101688,53,3,50,2
101689,65,12,53,2
101690,42,7,35,2
101691,60,6,54,2
101692,69,4,65,2
101693,46,4,42,2
101694,66,4,62,2
101695,49,9,40,2
101696,64,6,58,2
101697,61,6,55,2
101698,64,6,58,2
101699,58,6,52,2
101700,55,7,48,2
101701,52,3,49,2
101702,63,6,57,2
101703,40,4,36,2
101704,59,7,52,2
101705,61,7,54,2
101706,44,7,37,2
101707,48,2,46,2
101708,47,6,41,2
101709,60,13,47,2
101710,56,8,48,2
101711,56,6,50,2
101712,59,9,50,2
101713,42,2,40,2
101714,48,4,44,2
101715,51,4,47,2
101716,41,4,37,2
101717,56,9,47,2
101718,50,9,41,2
101719,62,7,55,2
101720,53,5,48,2
101721,60,8,52,2
101722,55,4,51,2
101723,55,8,47,2
101724,68,9,59,2
101725,47,5,42,2
101726,56,7,49,2
101727,49,3,46,2
101728,54,5,49,2
101729,56,6,50,2
101730,59,7,52,2
101731,55,7,48,2
101732,46,6,40,2
101733,60,8,52,2
101734,51,8,43,2
101735,58,10,48,2
101736,51,3,48,2
101737,60,15,45,2
101738,61,5,56,2
101739,56,9,47,2
101740,57,11,46,2
101741,49,5,44,2
101742,48,8,40,2
101743,57,5,52,2
101744,54,4,50,2
101745,44,6,38,2
101746,59,10,49,2
101747,57,6,51,2
101748,53,5,48,2
101749,53,3,50,2
101750,56,6,50,2
101751,67,13,54,2
101752,71,5,66,2
101753,50,8,42,2
101754,59,2,57,2
101755,43,3,40,2
101756,51,5,46,2
101757,45,7,38,2
101758,66,9,57,2
101759,67,6,61,2
101760,65,11,54,2
101761,50,4,46,2
101762,57,5,52,2
101763,51,4,47,2
101764,42,5,37,2
101765,55,10,45,2
101766,46,7,39,2
101767,48,3,45,2
101768,56,5,51,2
101769,58,8,50,2
101770,45,4,41,2
101771,56,6,50,2
101772,67,10,57,2
101773,40,4,36,2
101774,56,5,51,2
101775,62,5,57,2
101776,54,5,49,2
101777,52,7,45,2
101778,46,7,39,2
101779,59,8,51,2
101780,60,7,53,2
101781,47,9,38,2
101782,61,6,55,2
101783,52,5,47,2
101784,55,9,46,2
101785,51,4,47,2
101786,63,8,55,2
101787,56,4,52,2
101788,61,6,55,2
101789,63,8,55,2
101790,49,8,41,2
101791,61,8,53,2
101792,58,3,55,2
101793,59,10,49,2
101794,53,7,46,2
101795,57,6,51,2
101796,60,9,51,2
101797,58,5,53,2
101798,51,4,47,2
101799,53,5,48,2
101800,47,8,39,2
101801,47,4,43,2
101802,55,7,48,2
101803,48,7,41,2
101804,69,9,60,2
101805,56,6,50,2
101806,48,6,42,2
101807,50,11,39,2
101808,47,7,40,2
101809,63,8,55,2
101810,64,12,52,2
101811,66,17,49,2
101812,66,4,62,2
101813,54,3,51,2
101814,60,3,57,2
101815,52,2,50,2
101816,42,5,37,2
101817,57,11,46,2
101818,64,6,58,2
101819,60,11,49,2
101820,59,7,52,2
101821,59,6,53,2
101822,52,8,44,2
101823,50,3,47,2
101824,45,6,39,2
101825,55,8,47,2
101826,54,7,47,2
101827,55,8,47,2
101828,55,6,49,2
101829,53,5,48,2
101830,47,3,44,2
101831,52,3,49,2
101832,62,8,54,2
101833,55,4,51,2
101834,52,6,46,2
101835,53,10,43,2
101836,67,4,63,2
101837,64,9,55,2
101838,48,10,38,2
101839,58,6,52,2
101840,63,9,54,2
101841,53,4,49,2
101842,53,7,46,2
101843,66,13,53,2
101844,46,6,40,2
101845,64,5,59,2
101846,58,4,54,2
101847,54,5,49,2
101848,50,3,47,2
101849,62,7,55,2
101850,41,4,37,2
101851,55,10,45,2
101852,59,6,53,2
101853,56,11,45,2
101854,51,9,42,2
101855,53,6,47,2
101856,45,4,41,2
101857,54,4,50,2
101858,62,8,54,2
101859,42,3,39,2
101860,51,5,46,2
101861,62,5,57,2
101862,55,7,48,2
101863,51,9,42,2
101864,44,4,40,2
101865,54,6,48,2
101866,49,8,41,2
101867,57,7,50,2
101868,48,5,43,2
101869,49,6,43,2
101870,47,6,41,2
101871,60,7,53,2
101872,57,2,55,2
101873,64,6,58,2
101874,59,8,51,2
101875,43,6,37,2
101876,52,5,47,2
101877,46,4,42,2
101878,40,4,36,2
101879,62,11,51,2
101880,62,9,53,2
101881,65,8,57,2
101882,54,8,46,2
101883,57,6,51,2
101884,58,3,55,2
101885,64,5,59,2
101886,78,8,70,2
101887,37,2,35,2
101888,58,11,47,2
101889,50,4,46,2
101890,57,9,48,2
101891,57,6,51,2
101892,55,7,48,2
101893,58,6,52,2
101894,56,6,50,2
101895,37,7,30,2
101896,56,6,50,2
101897,68,4,64,2
101898,43,10,33,2
101899,51,5,46,2
101900,57,8,49,2
101901,55,4,51,2
101902,48,2,46,2
101903,56,5,51,2
101904,59,7,52,2
101905,64,8,56,2
101906,48,3,45,2
101907,50,5,45,2
101908,58,5,53,2
101909,41,4,37,2
101910,52,4,48,2
101911,52,6,46,2
101912,62,5,57,2
101913,59,6,53,2
101914,50,4,46,2
101915,52,9,43,2
101916,60,10,50,2
101917,49,6,43,2
101918,55,7,48,2
101919,62,3,59,2
101920,47,4,43,2
101921,47,7,40,2
101922,43,7,36,2
101923,53,7,46,2
101924,44,12,32,2
101925,57,4,53,2
101926,54,7,47,2
101927,48,3,45,2
101928,56,5,51,2
101929,50,6,44,2
101930,53,8,45,2
101931,53,6,47,2
101932,56,9,47,2
101933,42,5,37,2
101934,58,9,49,2
101935,63,6,57,2
101936,51,6,45,2
101937,64,3,61,2
101938,65,7,58,2
101939,61,8,53,2
101940,68,4,64,2
101941,59,5,54,2
101942,67,13,54,2
101943,57,3,54,2
101944,51,5,46,2
101945,53,6,47,2
101947,48,8,40,2
101948,56,8,48,2
101949,44,5,39,2
101950,62,5,57,2
101951,54,7,47,2
101952,48,4,44,2
101953,43,4,39,2
101954,51,3,48,2
101955,61,6,55,2
101956,57,9,48,2
101957,53,3,50,2
101958,55,9,46,2
101959,67,9,58,2
101960,54,9,45,2
101961,51,7,44,2
101962,51,2,49,2
101963,67,6,61,2
101964,55,5,50,2
101965,71,10,61,2
101966,60,3,57,2
101967,49,4,45,2
101968,65,14,51,2
101969,60,3,57,2
101970,54,4,50,2
101971,45,8,37,2
101972,74,14,60,2
101973,46,7,39,2
101974,55,6,49,2
101975,46,8,38,2
101976,57,5,52,2
101977,44,7,37,2
101978,57,7,50,2
101979,49,5,44,2
101980,47,3,44,2
101981,59,9,50,2
101982,45,6,39,2
101983,47,8,39,2
101984,56,5,51,2
101985,60,6,54,2
101986,54,5,49,2
101987,50,6,44,2
101988,52,4,48,2
101989,51,6,45,2
101990,70,7,63,2
101991,50,6,44,2
101992,53,5,48,2
101993,48,8,40,2
101994,71,6,65,2
101995,58,10,48,2
101996,56,3,53,2
101997,52,5,47,2
101998,48,3,45,2
101999,54,6,48,2
102000,56,4,52,2
102001,61,4,57,2
102002,49,10,39,2
102003,60,7,53,2
102004,62,11,51,2
102005,53,3,50,2
102006,60,10,50,2
102007,55,14,41,2
102008,58,6,52,2
102009,45,1,44,2
102010,50,4,46,2
102011,49,5,44,2
102012,68,9,59,2
102013,55,9,46,2
102014,55,8,47,2
102015,62,10,52,2
102016,69,8,61,2
102017,59,8,51,2
102018,51,6,45,2
102019,60,10,50,2
102020,45,2,43,2
102021,63,7,56,2
102022,51,9,42,2
102023,56,13,43,2
102024,59,3,56,2
102025,54,5,49,2
102026,46,4,42,2
102027,56,8,48,2
102028,50,4,46,2
102029,38,5,33,2
102030,52,5,47,2
102031,56,9,47,2
102032,56,7,49,2
102033,62,6,56,2
102034,73,10,63,2
102035,50,4,46,2
102036,71,6,65,2
102037,50,11,39,2
102038,52,7,45,2
102039,75,7,68,2
102040,54,4,50,2
102041,68,6,62,2
102042,61,7,54,2
102043,63,9,54,2
102044,58,5,53,2
102045,46,7,39,2
102046,64,8,56,2
102047,52,8,44,2
102048,59,8,51,2
102049,54,5,49,2
102050,51,8,43,2
102051,73,12,61,2
102052,54,11,43,2
102053,37,5,32,2
102054,41,6,35,2
102055,50,3,47,2
102056,55,8,47,2
102057,56,5,51,2
102058,48,7,41,2
102059,39,6,33,2
102060,74,5,69,2
102061,55,5,50,2
102062,61,7,54,2
102063,45,5,40,2
102064,53,4,49,2
102065,43,2,41,2
102066,65,3,62,2
102067,43,4,39,2
102068,48,7,41,2
102069,56,10,46,2
102070,55,7,48,2
102071,70,6,64,2
102072,59,6,53,2
102073,48,5,43,2
102074,65,4,61,2
102075,38,8,30,2
102076,67,7,60,2
102077,54,8,46,2
102078,61,4,57,2
102079,55,3,52,2
102080,43,8,35,2
102081,61,9,52,2
102082,51,5,46,2
102083,46,10,36,2
102084,57,4,53,2
102085,45,2,43,2
102086,59,4,55,2
102087,54,6,48,2
102088,42,5,37,2
102089,47,6,41,2
102090,52,7,45,2
102091,62,10,52,2
102092,58,11,47,2
102093,50,5,45,2
102094,57,3,54,2
102095,60,3,57,2
102096,48,4,44,2
102097,57,11,46,2
102098,43,4,39,2
102099,61,7,54,2
102100,55,9,46,2
102101,52,4,48,2
102102,40,4,36,2
102103,52,5,47,2
102104,48,3,45,2
102105,57,11,46,2
102106,55,6,49,2
102107,53,4,49,2
102108,51,7,44,2
102109,62,7,55,2
102110,50,10,40,2
102111,51,5,46,2
102112,46,5,41,2
102113,55,6,49,2
102114,60,7,53,2
102115,53,7,46,2
102116,55,7,48,2
102117,62,8,54,2
102118,56,6,50,2
102119,64,7,57,2
102120,54,9,45,2
102121,48,8,40,2
102122,50,6,44,2
102123,54,11,43,2
102124,63,2,61,2
102125,57,5,52,2
102126,57,7,50,2
102127,53,6,47,2
102128,59,7,52,2
102129,50,5,45,2
102130,57,7,50,2
102131,53,7,46,2
102132,44,5,39,2
102133,64,11,53,2
102134,52,4,48,2
102135,47,2,45,2
102136,51,4,47,2
102137,63,15,48,2
102138,63,10,53,2
102139,61,5,56,2
102140,69,3,66,2
102141,60,4,56,2
102142,63,6,57,2
102143,52,4,48,2
102144,63,8,55,2
102145,52,10,42,2
102146,50,11,39,2
102147,55,5,50,2
102148,53,11,42,2
102149,40,8,32,2
102150,58,6,52,2
102151,47,7,40,2
102152,60,6,54,2
102153,53,5,48,2
102154,45,4,41,2
102155,53,6,47,2
102156,53,7,46,2
102157,52,5,47,2
102158,67,9,58,2
102159,48,9,39,2
102160,54,5,49,2
102161,55,6,49,2
102162,44,8,36,2
102163,51,7,44,2
102164,60,11,49,2
102165,53,5,48,2
102166,51,10,41,2
102167,53,2,51,2
102168,57,7,50,2
102169,50,9,41,2
102170,54,2,52,2
102171,51,4,47,2
102172,53,4,49,2
102173,59,12,47,2
102174,56,6,50,2
102175,66,10,56,2
102176,48,5,43,2
102177,48,5,43,2
102178,44,3,41,2
102179,48,2,46,2
102180,44,5,39,2
102181,74,8,66,2
102182,42,3,39,2
102183,47,6,41,2
102184,66,8,58,2
102185,54,5,49,2
102186,64,9,55,2
102187,46,4,42,2
102188,50,4,46,2
102189,58,4,54,2
102190,63,7,56,2
102191,50,5,45,2
102192,55,9,46,2
102193,62,5,57,2
102194,58,4,54,2
102195,62,8,54,2
102196,61,7,54,2
102197,51,4,47,2
102198,60,4,56,2
102199,47,9,38,2
102200,54,6,48,2
102201,52,8,44,2
102202,50,5,45,2
102203,57,6,51,2
102204,56,2,54,2
102205,50,8,42,2
102206,44,4,40,2
102207,38,5,33,2
102208,47,7,40,2
102209,52,7,45,2
102210,50,7,43,2
102211,59,6,53,2
102212,39,6,33,2
102213,57,6,51,2
102214,67,8,59,2
102215,48,5,43,2
102216,57,8,49,2
102217,57,6,51,2
102218,43,5,38,2
102219,43,2,41,2
102220,56,4,52,2
102221,57,2,55,2
102222,39,5,34,2
102223,51,5,46,2
102224,43,5,38,2
102225,62,10,52,2
102226,47,6,41,2
102227,49,4,45,2
102228,44,5,39,2
102229,46,7,39,2
102230,46,1,45,2
102231,52,8,44,2
102232,52,6,46,2
102233,52,7,45,2
102234,58,8,50,2
102235,61,5,56,2
102236,57,7,50,2
102237,53,8,45,2
102238,53,9,44,2
102239,53,6,47,2
102240,53,5,48,2
102241,56,14,42,2
102242,62,8,54,2
102243,52,4,48,2
102244,54,7,47,2
102245,75,7,68,2
102246,59,6,53,2
102247,61,8,53,2
102248,57,7,50,2
102249,48,4,44,2
102250,58,3,55,2
102251,54,2,52,2
102252,52,7,45,2
102253,67,8,59,2
102254,51,4,47,2
102255,61,6,55,2
102256,48,6,42,2
102257,47,6,41,2
102258,46,3,43,2
102259,61,9,52,2
102260,63,7,56,2
102261,60,7,53,2
102262,47,7,40,2
102263,43,0,43,1
102264,47,3,44,2
102265,57,11,46,2
102266,60,5,55,2
102267,42,6,36,2
102268,65,7,58,2
102269,54,4,50,2
102270,62,8,54,2
102271,46,8,38,2
102272,49,4,45,2
102273,63,6,57,2
102274,63,18,45,2
102275,46,3,43,2
102276,71,13,58,2
102277,43,6,37,2
102278,52,3,49,2
102279,54,8,46,2
102280,59,12,47,2
102281,42,6,36,2
102282,54,3,51,2
102283,58,14,44,2
102284,66,7,59,2
102285,46,9,37,2
102286,54,6,48,2
102287,62,9,53,2
102288,48,6,42,2
102289,61,5,56,2
102290,49,5,44,2
102291,55,6,49,2
102292,48,4,44,2
102293,43,5,38,2
102294,52,5,47,2
102295,59,3,56,2
102296,48,5,43,2
102297,60,9,51,2
102298,52,5,47,2
102299,45,4,41,2
102300,65,13,52,2
102301,54,8,46,2
102302,54,6,48,2
102303,60,5,55,2
102304,62,5,57,2
102305,63,13,50,2
102306,55,6,49,2
102307,58,5,53,2
102308,51,11,40,2
102309,37,4,33,2
102310,50,7,43,2
102311,54,3,51,2
102312,62,9,53,2
102313,46,8,38,2
102314,61,8,53,2
102315,60,7,53,2
102316,52,4,48,2
102317,36,6,30,2
102318,57,4,53,2
102319,52,8,44,2
102320,55,6,49,2
102321,53,6,47,2
102322,59,10,49,2
102323,54,4,50,2
102324,59,9,50,2
102325,54,7,47,2
102326,53,4,49,2
102327,48,8,40,2
102328,53,10,43,2
102329,55,7,48,2
102330,54,5,49,2
102331,49,5,44,2
102332,37,5,32,2
102333,63,6,57,2
102334,63,7,56,2
102335,52,7,45,2
102336,55,8,47,2
102337,57,2,55,2
102338,62,9,53,2
102339,52,9,43,2
102340,72,12,60,2
102341,51,9,42,2
102342,39,3,36,2
102343,43,3,40,2
102344,43,3,40,2
102345,41,4,37,2
102346,56,6,50,2
102347,54,7,47,2
102348,54,9,45,2
102349,57,11,46,2
102350,53,1,52,2
102351,61,5,56,2
102352,51,3,48,2
102353,59,9,50,2
102354,56,3,53,2
102355,47,5,42,2
102356,68,6,62,2
102357,49,3,46,2
102358,55,8,47,2
102359,56,9,47,2
102360,45,3,42,2
102361,63,9,54,2
102362,45,8,37,2
102363,47,4,43,2
102364,50,2,48,2
102365,51,10,41,2
102366,50,4,46,2
102367,53,4,49,2
102368,72,10,62,2
102369,64,6,58,2
102370,59,7,52,2
102371,54,4,50,2
102372,46,10,36,2
102373,51,6,45,2
102374,51,7,44,2
102375,52,3,49,2
102376,41,5,36,2
102377,59,11,48,2
102378,54,4,50,2
102379,70,11,59,2
102380,63,5,58,2
102381,52,1,51,2
102382,53,5,48,2
102383,47,9,38,2
102384,60,9,51,2
102385,55,4,51,2
102386,57,7,50,2
102387,54,8,46,2
102388,52,9,43,2
102389,49,6,43,2
102390,51,6,45,2
102391,53,4,49,2
102392,43,4,39,2
102393,58,6,52,2
102394,45,2,43,2
102395,54,6,48,2
102396,40,8,32,2
102397,47,5,42,2
102398,41,1,40,2
102399,54,4,50,2
102400,57,10,47,2
102401,47,4,43,2
102402,60,2,58,2
102403,55,9,46,2
102404,43,5,38,2
102405,58,13,45,2
102406,47,4,43,2
102407,64,8,56,2
102408,61,10,51,2
102409,60,10,50,2
102410,52,8,44,2
102411,45,4,41,2
102412,38,7,31,2
102413,53,8,45,2
102414,49,4,45,2
102415,52,12,40,2
102416,51,2,49,2
102417,56,10,46,2
102418,48,6,42,2
102419,60,8,52,2
102420,60,6,54,2
102421,59,8,51,2
102422,55,9,46,2
102423,54,9,45,2
102424,46,8,38,2
102425,71,5,66,2
102426,68,6,62,2
102427,50,3,47,2
102428,51,6,45,2
102429,60,7,53,2
102430,50,7,43,2
102431,50,6,44,2
102432,63,11,52,2
102433,55,6,49,2
102434,61,11,50,2
102435,63,4,59,2
102436,55,5,50,2
102437,57,7,50,2
102438,58,9,49,2
102439,54,3,51,2
102440,53,4,49,2
102441,65,11,54,2
102442,51,6,45,2
102443,68,11,57,2
102444,51,7,44,2
102445,59,11,48,2
102446,52,3,49,2
102447,46,5,41,2
102448,77,8,69,2
102449,47,3,44,2
102450,57,8,49,2
102451,52,4,48,2
102452,60,6,54,2
102453,44,7,37,2
102454,51,6,45,2
102455,51,8,43,2
102456,52,5,47,2
102457,54,8,46,2
102458,62,11,51,2
102459,49,4,45,2
102460,62,8,54,2
102461,56,7,49,2
102462,55,8,47,2
102463,59,5,54,2
102464,58,6,52,2
102465,64,6,58,2
102466,50,4,46,2
102467,46,5,41,2
102468,59,3,56,2
102469,47,5,42,2
102470,60,7,53,2
102471,56,4,52,2
102472,52,4,48,2
102473,48,3,45,2
102474,64,9,55,2
102475,57,4,53,2
102476,69,12,57,2
102477,53,2,51,2
102478,55,5,50,2
102479,58,6,52,2
102480,53,4,49,2
102481,58,9,49,2
102482,61,4,57,2
102483,57,3,54,2
102484,52,10,42,2
102485,62,7,55,2
102486,74,7,67,2
102487,47,5,42,2
102488,50,7,43,2
102489,55,8,47,2
102490,62,4,58,2
102491,56,6,50,2
102492,46,3,43,2
102493,54,4,50,2
102494,46,5,41,2
102495,53,6,47,2
102496,44,7,37,2
102497,58,11,47,2
102498,51,4,47,2
102499,53,7,46,2
102500,56,3,53,2
102501,56,8,48,2
102502,52,9,43,2
102503,47,1,46,2
102504,53,5,48,2
102505,51,7,44,2
102506,61,6,55,2
102507,50,5,45,2
102508,61,13,48,2
102509,67,3,64,2
102510,52,6,46,2
102511,66,8,58,2
102512,56,3,53,2
102513,63,9,54,2
102514,57,8,49,2
102515,37,5,32,2
102516,66,8,58,2
102517,36,2,34,2
102518,53,4,49,2
102519,59,6,53,2
102520,58,7,51,2
102521,50,5,45,2
102522,49,5,44,2
102523,45,3,42,2
102524,54,6,48,2
102525,66,8,58,2
102526,66,6,60,2
102527,49,10,39,2
102528,61,10,51,2
102529,49,9,40,2
102530,52,8,44,2
102531,50,5,45,2
102532,54,4,50,2
102533,57,6,51,2
102534,58,8,50,2
102535,49,6,43,2
102536,38,5,33,2
102537,57,10,47,2
102538,55,6,49,2
102539,37,5,32,2
102540,58,7,51,2
102541,61,9,52,2
102542,63,5,58,2
102543,55,4,51,2
102544,63,4,59,2
102545,55,6,49,2
102546,47,3,44,2
102547,67,9,58,2
102548,51,8,43,2
102549,56,6,50,2
102550,65,5,60,2
102551,50,5,45,2
102552,63,11,52,2
102553,56,5,51,2
102554,50,5,45,2
102555,48,7,41,2
102556,48,5,43,2
102557,52,4,48,2
102558,42,5,37,2
102559,71,5,66,2
102560,54,4,50,2
102561,46,2,44,2
102562,49,2,47,2
102563,58,10,48,2
102564,52,6,46,2
102565,58,6,52,2
102566,66,9,57,2
102567,50,5,45,2
102568,56,3,53,2
102569,48,5,43,2
102570,62,5,57,2
102571,67,7,60,2
102572,58,7,51,2
102573,64,14,50,2
102574,41,5,36,2
102575,61,11,50,2
102576,56,6,50,2
102577,56,5,51,2
102578,47,3,44,2
102579,49,5,44,2
102580,57,5,52,2
102581,67,6,61,2
102582,53,5,48,2
102583,54,3,51,2
102584,44,4,40,2
102585,48,4,44,2
102586,64,6,58,2
102587,54,7,47,2
102588,55,7,48,2
102589,64,12,52,2
102590,54,4,50,2
102591,55,5,50,2
102592,46,4,42,2
102593,57,7,50,2
102594,42,5,37,2
102595,51,8,43,2
102596,56,3,53,2
102597,55,5,50,2
102598,67,7,60,2
102599,49,8,41,2
102600,57,5,52,2
102601,62,7,55,2
102602,58,3,55,2
102603,62,3,59,2
102604,57,7,50,2
102605,50,4,46,2
102606,59,7,52,2
102607,68,8,60,2
102608,58,8,50,2
102609,66,12,54,2
102610,58,4,54,2
102611,56,7,49,2
102612,57,5,52,2
102613,62,2,60,2
102614,67,9,58,2
102615,56,12,44,2
102616,61,10,51,2
102617,50,11,39,2
102618,48,1,47,2
102619,46,4,42,2
102620,63,11,52,2
102621,45,3,42,2
102622,46,8,38,2
102623,46,3,43,2
102624,51,11,40,2
102625,66,9,57,2
102626,57,7,50,2
102627,55,6,49,2
102628,52,4,48,2
102629,62,4,58,2
102630,53,2,51,2
102631,49,4,45,2
102632,47,7,40,2
102633,57,7,50,2
102634,50,6,44,2
102635,56,5,51,2
102636,47,6,41,2
102637,67,10,57,2
102638,46,2,44,2
102639,51,7,44,2
102640,60,8,52,2
102641,58,6,52,2
102642,58,6,52,2
102643,54,7,47,2
102644,47,6,41,2
102645,48,7,41,2
102646,67,4,63,2
102647,45,7,38,2
102648,53,7,46,2
102649,70,8,62,2
102650,51,6,45,2
102651,58,8,50,2
102652,52,10,42,2
102653,40,0,40,1
102654,50,6,44,2
102655,62,5,57,2
102656,61,8,53,2
102657,50,3,47,2
102658,57,5,52,2
102659,61,10,51,2
102660,49,5,44,2
102661,63,9,54,2
102662,48,10,38,2
102663,59,8,51,2
102664,54,7,47,2
102665,46,7,39,2
102666,49,3,46,2
102667,54,6,48,2
102668,53,9,44,2
102669,48,9,39,2
102670,54,8,46,2
102671,46,5,41,2
102672,36,5,31,2
102673,43,7,36,2
102674,47,4,43,2
102675,44,4,40,2
102676,58,7,51,2
102677,53,3,50,2
102678,60,8,52,2
102679,57,6,51,2
102680,46,6,40,2
102681,56,7,49,2
102682,60,7,53,2
102683,66,9,57,2
102684,51,6,45,2
102685,53,8,45,2
102686,50,6,44,2
102687,47,4,43,2
102688,50,5,45,2
102689,61,4,57,2
102690,50,2,48,2
102691,65,9,56,2
102692,65,7,58,2
102693,57,7,50,2
102694,53,6,47,2
102695,53,4,49,2
102696,53,11,42,2
102697,52,6,46,2
102698,63,11,52,2
102699,50,3,47,2
102700,51,5,46,2
102701,58,7,51,2
102702,55,7,48,2
102703,56,6,50,2
102704,53,13,40,2
102705,64,9,55,2
102706,62,10,52,2
102707,56,7,49,2
102708,38,4,34,2
102709,53,5,48,2
102710,52,4,48,2
102711,59,7,52,2
102712,54,3,51,2
102713,68,9,59,2
102714,56,6,50,2
102715,56,11,45,2
102716,51,9,42,2
102717,45,6,39,2
102718,46,10,36,2
102719,58,7,51,2
102720,35,4,31,2
102721,47,4,43,2
102722,60,8,52,2
102723,49,6,43,2
102724,62,10,52,2
102725,55,5,50,2
102726,53,5,48,2
102727,53,5,48,2
102728,48,8,40,2
102729,49,7,42,2
102730,57,5,52,2
102731,47,3,44,2
102732,54,6,48,2
102733,53,11,42,2
102734,60,8,52,2
102735,72,8,64,2
102736,48,7,41,2
102737,50,6,44,2
102738,61,11,50,2
102739,50,9,41,2
102740,60,8,52,2
102741,48,7,41,2
102742,52,7,45,2
102743,56,4,52,2
102744,53,9,44,2
102745,54,6,48,2
102746,45,5,40,2
102747,50,5,45,2
102748,64,4,60,2
102749,51,5,46,2
102750,46,2,44,2
102751,59,10,49,2
102752,50,5,45,2
102754,69,11,58,2
102755,60,10,50,2
102756,55,9,46,2
102757,51,7,44,2
102758,50,8,42,2
102759,57,10,47,2
102760,49,5,44,2
102761,68,15,53,2
102762,53,6,47,2
102763,57,4,53,2
102764,50,4,46,2
102765,59,4,55,2
102766,45,8,37,2
102767,61,6,55,2
102768,56,11,45,2
102769,49,8,41,2
102770,51,8,43,2
102771,57,6,51,2
102772,61,9,52,2
102773,62,5,57,2
102774,46,4,42,2
102775,60,7,53,2
102776,51,8,43,2
102777,63,7,56,2
102778,46,6,40,2
102779,56,7,49,2
102780,56,4,52,2
102781,57,7,50,2
102782,68,10,58,2
102783,59,10,49,2
102784,34,5,29,2
102785,61,4,57,2
102786,58,9,49,2
102787,52,3,49,2
102788,54,11,43,2
102789,56,6,50,2
102790,49,3,46,2
102791,48,4,44,2
102792,61,8,53,2
102793,58,10,48,2
102794,52,5,47,2
102795,67,5,62,2
102796,65,5,60,2
102797,55,6,49,2
102798,56,7,49,2
102799,48,7,41,2
102800,52,5,47,2
102801,46,5,41,2
102802,66,9,57,2
102803,79,6,73,2
102804,69,7,62,2
102805,46,5,41,2
102806,59,6,53,2
102807,56,4,52,2
102808,54,3,51,2
102809,52,2,50,2
102810,51,4,47,2
102811,42,8,34,2
102812,55,3,52,2
102813,47,5,42,2
102814,52,6,46,2
102815,56,7,49,2
102816,54,5,49,2
102817,47,4,43,2
102818,59,11,48,2
102819,58,10,48,2
102820,49,5,44,2
102821,60,10,50,2
102822,57,9,48,2
102823,53,6,47,2
102824,59,9,50,2
102825,65,6,59,2
102826,60,6,54,2
102827,69,14,55,2
102828,63,9,54,2
102829,50,6,44,2
102830,49,5,44,2
102831,53,8,45,2
102832,51,5,46,2
102833,48,12,36,2
102834,59,5,54,2
102835,42,4,38,2
102836,54,7,47,2
102837,56,1,55,2
102838,72,5,67,2
102839,37,5,32,2
102840,58,3,55,2
102841,59,8,51,2
102842,40,7,33,2
102843,60,6,54,2
102844,67,7,60,2
102845,45,3,42,2
102846,64,12,52,2
102847,59,2,57,2
102848,47,6,41,2
102849,42,2,40,2
102850,52,7,45,2
102851,58,6,52,2
102852,60,8,52,2
102853,48,7,41,2
102854,64,13,51,2
102855,46,5,41,2
102856,50,4,46,2
102857,44,6,38,2
102858,49,6,43,2
102859,50,9,41,2
102860,58,10,48,2
102861,45,4,41,2
102862,71,8,63,2
102863,61,7,54,2
102864,48,3,45,2
102865,76,6,70,2
102866,58,5,53,2
102867,50,4,46,2
102868,46,7,39,2
102869,51,6,45,2
102870,53,4,49,2
102871,52,6,46,2
102872,57,4,53,2
102873,50,6,44,2
102874,43,5,38,2
102875,63,8,55,2
102876,51,6,45,2
102877,57,6,51,2
102878,48,10,38,2
102879,58,6,52,2
102880,61,10,51,2
102881,63,9,54,2
102882,59,8,51,2
102883,45,7,38,2
102884,54,8,46,2
102885,69,10,59,2
102886,70,7,63,2
102887,53,8,45,2
102888,43,3,40,2
102889,42,0,42,1
102890,53,8,45,2
102891,73,5,68,2
102892,70,9,61,2
102893,45,8,37,2
102894,50,8,42,2
102895,52,8,44,2
102896,50,3,47,2
102897,48,5,43,2
102898,52,7,45,2
102899,61,7,54,2
102900,45,3,42,2
102901,52,6,46,2
102902,50,6,44,2
102903,46,6,40,2
102904,55,9,46,2
102905,60,7,53,2
102906,61,9,52,2
102907,55,7,48,2
102908,50,5,45,2
102909,50,5,45,2
102910,58,8,50,2
102911,46,9,37,2
102912,51,6,45,2
102913,45,6,39,2
102914,58,5,53,2
102915,67,7,60,2
102916,62,5,57,2
102917,74,9,65,2
102918,45,5,40,2
102919,64,5,59,2
102920,50,7,43,2
102921,55,6,49,2
102922,59,8,51,2
102923,54,6,48,2
102924,52,8,44,2
102925,52,6,46,2
102926,49,4,45,2
102927,52,5,47,2
102928,48,6,42,2
102929,67,9,58,2
102930,51,2,49,2
102931,60,7,53,2
102932,59,7,52,2
102933,56,5,51,2
102934,66,5,61,2
102935,54,10,44,2
102936,57,12,45,2
102937,63,9,54,2
102938,57,5,52,2
102939,50,8,42,2
102940,47,3,44,2
102941,47,5,42,2
102942,48,5,43,2
102943,48,6,42,2
102944,50,7,43,2
102945,66,8,58,2
102946,49,5,44,2
102947,58,3,55,2
102948,71,10,61,2
102949,55,5,50,2
102950,44,5,39,2
102951,63,7,56,2
102952,48,6,42,2
102953,51,4,47,2
102954,64,9,55,2
102955,43,2,41,2
102956,50,8,42,2
102957,63,8,55,2
102958,52,6,46,2
102959,55,7,48,2
102960,47,2,45,2
102961,50,3,47,2
102962,39,2,37,2
102963,44,2,42,2
102964,48,8,40,2
102965,39,4,35,2
102966,52,5,47,2
102967,44,4,40,2
102968,62,14,48,2
102969,44,6,38,2
102970,50,5,45,2
102971,53,7,46,2
102972,61,5,56,2
102973,60,4,56,2
102974,50,6,44,2
102975,47,6,41,2
102976,46,5,41,2
102977,51,5,46,2
102978,52,4,48,2
102979,67,10,57,2
102980,55,6,49,2
102981,47,2,45,2
102982,50,5,45,2
102983,46,3,43,2
102984,53,4,49,2
102985,47,7,40,2
102986,50,5,45,2
102987,58,6,52,2
102988,52,6,46,2
102989,61,4,57,2
102990,58,4,54,2
102991,57,7,50,2
102992,52,8,44,2
102993,62,7,55,2
102994,55,6,49,2
102995,52,4,48,2
102996,44,5,39,2
102997,55,8,47,2
102998,55,6,49,2
102999,30,1,29,2
103000,45,7,38,2
103001,68,13,55,2
103002,58,6,52,2
103003,50,6,44,2
103004,61,5,56,2
103005,47,9,38,2
103006,51,6,45,2
103007,52,4,48,2
103008,61,3,58,2
103009,57,5,52,2
103010,52,5,47,2
103011,53,6,47,2
103012,62,6,56,2
103013,55,6,49,2
103014,57,5,52,2
103015,65,6,59,2
103016,62,12,50,2
103017,49,5,44,2
103018,55,8,47,2
103019,62,5,57,2
103020,60,6,54,2
103021,56,7,49,2
103022,56,7,49,2
103023,51,6,45,2
103024,57,6,51,2
103025,46,5,41,2
103026,51,5,46,2
103027,42,8,34,2
103028,53,7,46,2
103029,43,5,38,2
103030,54,5,49,2
103031,42,5,37,2
103032,56,7,49,2
103033,52,4,48,2
103034,50,8,42,2
103035,49,7,42,2
103036,41,9,32,2
103037,63,8,55,2
103038,58,12,46,2
103039,55,8,47,2
103040,51,5,46,2
103041,58,4,54,2
103042,59,5,54,2
103043,53,11,42,2
103044,52,3,49,2
103045,52,8,44,2
103046,50,5,45,2
103047,40,4,36,2
103048,59,11,48,2
103049,54,11,43,2
103050,50,5,45,2
103051,59,4,55,2
103052,54,4,50,2
103053,64,6,58,2
103054,54,6,48,2
103055,63,8,55,2
103056,61,9,52,2
103057,46,4,42,2
103058,62,3,59,2
103059,58,7,51,2
103060,51,4,47,2
103061,71,8,63,2
103062,52,11,41,2
103063,54,6,48,2
103064,59,10,49,2
103065,59,11,48,2
103066,47,2,45,2
103067,53,7,46,2
103068,49,9,40,2
103069,46,4,42,2
103070,56,9,47,2
103071,82,6,76,2
103072,54,5,49,2
103073,66,5,61,2
103074,58,2,56,2
103075,52,8,44,2
103076,63,7,56,2
103077,54,7,47,2
103078,49,9,40,2
103079,48,13,35,2
103080,60,7,53,2
103081,41,3,38,2
103082,53,8,45,2
103083,63,7,56,2
103084,58,9,49,2
103085,54,5,49,2
103086,53,5,48,2
103087,66,9,57,2
103088,40,7,33,2
103089,47,5,42,2
103090,59,6,53,2
103091,54,7,47,2
103092,64,10,54,2
103093,57,5,52,2
103094,53,5,48,2
103095,44,7,37,2
103096,42,3,39,2
103097,52,10,42,2
103098,52,10,42,2
103099,56,7,49,2
103100,45,8,37,2
103101,58,3,55,2
103102,45,7,38,2
103103,51,7,44,2
103104,47,6,41,2
103105,43,6,37,2
103106,60,8,52,2
103107,56,3,53,2
103108,62,4,58,2
103109,56,4,52,2
103110,50,7,43,2
103111,50,4,46,2
103112,43,8,35,2
103113,75,6,69,2
103114,54,5,49,2
103115,56,5,51,2
103116,64,6,58,2
103117,47,5,42,2
103118,64,9,55,2
103119,50,4,46,2
103120,55,6,49,2
103121,67,4,63,2
103122,45,9,36,2
103123,48,8,40,2
103124,56,5,51,2
103125,73,5,68,2
103126,51,7,44,2
103127,39,4,35,2
103128,62,12,50,2
103129,58,7,51,2
103130,53,9,44,2
103131,70,17,53,2
103132,52,7,45,2
103133,49,6,43,2
103134,54,10,44,2
103135,50,9,41,2
103136,57,6,51,2
103137,46,4,42,2
103138,41,5,36,2
103139,45,7,38,2
103140,60,3,57,2
103141,48,4,44,2
103142,52,5,47,2
103143,59,6,53,2
103144,52,4,48,2
103145,60,11,49,2
103146,45,4,41,2
103147,56,2,54,2
103148,75,10,65,2
103149,58,3,55,2
103150,52,11,41,2
103151,65,12,53,2
103152,67,6,61,2
103153,47,2,45,2
103154,53,6,47,2
103155,62,6,56,2
103156,59,10,49,2
103157,46,8,38,2
103158,60,7,53,2
103159,63,5,58,2
103160,49,10,39,2
103161,57,8,49,2
103162,64,7,57,2
103163,51,6,45,2
103164,61,10,51,2
103165,53,6,47,2
103166,54,4,50,2
103167,66,11,55,2
103168,49,6,43,2
103169,61,6,55,2
103170,53,5,48,2
103171,67,9,58,2
103172,62,6,56,2
103173,65,3,62,2
103174,41,3,38,2
103175,61,9,52,2
103176,62,4,58,2
103177,61,5,56,2
103178,50,6,44,2
103179,53,1,52,2
103180,54,10,44,2
103181,42,4,38,2
103182,64,7,57,2
103183,44,6,38,2
103184,46,4,42,2
103185,60,9,51,2
103186,55,4,51,2
103187,56,3,53,2
103188,57,10,47,2
103189,66,8,58,2
103190,54,5,49,2
103191,60,3,57,2
103192,48,7,41,2
103193,55,3,52,2
103194,62,8,54,2
103195,52,3,49,2
103196,55,6,49,2
103197,46,0,46,1
103198,45,3,42,2
103199,56,8,48,2
103200,63,9,54,2
103201,62,8,54,2
103202,60,9,51,2
103203,45,4,41,2
103204,63,8,55,2
103205,63,8,55,2
103206,61,11,50,2
103207,44,2,42,2
103208,56,4,52,2
103209,45,6,39,2
103210,48,8,40,2
103211,53,8,45,2
103212,45,3,42,2
103213,67,8,59,2
103214,71,7,64,2
103215,63,5,58,2
103216,58,4,54,2
103217,52,2,50,2
103218,44,8,36,2
103219,59,6,53,2
103220,48,6,42,2
103221,74,8,66,2
103222,60,1,59,2
103223,55,5,50,2
103224,51,4,47,2
103225,59,10,49,2
103226,66,12,54,2
103227,51,9,42,2
103228,67,6,61,2
103229,60,10,50,2
103230,55,2,53,2
103231,55,6,49,2
103232,49,6,43,2
103233,62,11,51,2
103234,46,4,42,2
103235,60,8,52,2
103236,49,3,46,2
103237,59,12,47,2
103238,46,3,43,2
103239,55,10,45,2
103240,48,8,40,2
103241,46,7,39,2
103242,52,5,47,2
103243,56,9,47,2
103244,54,6,48,2
103245,39,8,31,2
103246,47,4,43,2
103247,59,6,53,2
103248,65,8,57,2
103249,63,2,61,2
103250,64,9,55,2
103251,50,7,43,2
103252,51,8,43,2
103253,52,5,47,2
103254,57,12,45,2
103255,40,17,23,2
103256,52,8,44,2
103257,46,6,40,2
103258,39,8,31,2
103259,53,6,47,2
103260,38,3,35,2
103261,56,5,51,2
103262,53,6,47,2
103263,52,8,44,2
103264,53,6,47,2
103265,62,7,55,2
103266,58,7,51,2
103267,49,5,44,2
103268,74,6,68,2
103269,51,2,49,2
103270,52,12,40,2
103271,55,9,46,2
103272,54,9,45,2
103273,48,6,42,2
103274,61,7,54,2
103275,46,6,40,2
103276,58,5,53,2
103277,55,11,44,2
103278,63,10,53,2
103279,72,12,60,2
103280,67,9,58,2
103281,48,4,44,2
103282,60,15,45,2
103283,55,7,48,2
103284,56,9,47,2
103285,54,4,50,2
103286,55,4,51,2
103287,53,8,45,2
103288,62,5,57,2
103289,51,4,47,2
103290,61,6,55,2
103291,56,9,47,2
103292,74,7,67,2
103293,55,4,51,2
103294,65,10,55,2
103295,49,6,43,2
103296,59,9,50,2
103297,62,12,50,2
103298,49,5,44,2
103299,46,6,40,2
103300,58,8,50,2
103301,44,4,40,2
103302,54,5,49,2
103303,59,7,52,2
103304,74,10,64,2
103305,56,13,43,2
103306,53,4,49,2
103307,63,5,58,2
103308,61,10,51,2
103309,55,5,50,2
103310,49,6,43,2
103311,57,6,51,2
103312,60,8,52,2
103313,59,10,49,2
103314,57,4,53,2
103315,52,10,42,2
103316,41,5,36,2
103317,55,4,51,2
103318,52,9,43,2
103319,51,2,49,2
103320,67,6,61,2
103321,64,8,56,2
103322,38,4,34,2
103323,57,7,50,2
103324,64,8,56,2
103325,56,7,49,2
103326,55,3,52,2
103327,67,5,62,2
103328,52,7,45,2
103329,54,3,51,2
103330,46,4,42,2
103331,51,4,47,2
103332,56,5,51,2
103333,63,7,56,2
103334,57,6,51,2
103335,67,10,57,2
103336,51,14,37,2
103337,66,1,65,2
103338,59,5,54,2
103339,51,9,42,2
103340,56,4,52,2
103341,51,9,42,2
103342,57,7,50,2
103343,54,6,48,2
103344,54,8,46,2
103345,51,7,44,2
103346,66,10,56,2
103347,43,6,37,2
103348,59,9,50,2
103349,58,4,54,2
103350,48,7,41,2
103351,66,7,59,2
103352,61,10,51,2
103353,65,8,57,2
103354,56,4,52,2
103355,53,6,47,2
103356,65,9,56,2
103357,58,3,55,2
103358,64,7,57,2
103359,47,7,40,2
103360,46,6,40,2
103361,52,2,50,2
103362,51,4,47,2
103363,67,7,60,2
103364,56,8,48,2
103365,71,8,63,2
103366,59,4,55,2
103367,40,3,37,2
103368,47,2,45,2
103369,59,4,55,2
103370,55,4,51,2
103371,66,6,60,2
103372,60,9,51,2
103373,46,8,38,2
103374,49,2,47,2
103375,43,4,39,2
103376,59,5,54,2
103377,67,7,60,2
103378,47,9,38,2
103379,57,9,48,2
103380,51,10,41,2
103381,49,8,41,2
103382,53,2,51,2
103383,54,3,51,2
103384,59,6,53,2
103385,52,6,46,2
103386,53,3,50,2
103387,56,5,51,2
103388,50,6,44,2
103389,44,8,36,2
103390,57,9,48,2
103391,65,8,57,2
103392,53,4,49,2
103393,58,13,45,2
103394,58,4,54,2
103395,66,12,54,2
103396,39,4,35,2
103397,53,2,51,2
103398,56,9,47,2
103399,57,6,51,2
103401,40,8,32,2
103402,56,6,50,2
103403,66,6,60,2
103404,54,5,49,2
103405,66,8,58,2
103406,54,8,46,2
103407,49,7,42,2
103408,48,5,43,2
103409,44,6,38,2
103410,58,9,49,2
103411,54,4,50,2
103412,60,5,55,2
103413,47,6,41,2
103414,46,6,40,2
103415,42,6,36,2
103416,43,6,37,2
103417,48,4,44,2
103418,47,7,40,2
103419,52,8,44,2
103420,64,5,59,2
103421,48,6,42,2
103422,64,7,57,2
103423,41,3,38,2
103424,65,8,57,2
103425,49,6,43,2
103426,59,13,46,2
103427,47,3,44,2
103428,58,11,47,2
103429,56,4,52,2
103430,54,7,47,2
103431,56,6,50,2
103432,57,7,50,2
103433,46,8,38,2
103434,51,9,42,2
103435,61,10,51,2
103436,64,10,54,2
103437,61,9,52,2
103438,52,7,45,2
103439,63,9,54,2
103440,59,6,53,2
103441,59,7,52,2
103442,67,9,58,2
103443,51,3,48,2
103444,50,3,47,2
103445,57,4,53,2
103446,57,8,49,2
103447,64,8,56,2
103448,40,5,35,2
103449,64,9,55,2
103450,52,6,46,2
103451,52,3,49,2
103452,60,5,55,2
103453,64,10,54,2
103454,56,7,49,2
103455,61,9,52,2
103456,55,6,49,2
103457,64,6,58,2
103458,55,6,49,2
103459,40,2,38,2
103460,61,5,56,2
103461,84,6,78,2
103462,54,7,47,2
103463,48,5,43,2
103464,48,4,44,2
103465,45,6,39,2
103466,60,9,51,2
103467,51,5,46,2
103468,52,6,46,2
103469,49,8,41,2
103470,43,1,42,2
103471,54,4,50,2
103472,57,10,47,2
103473,52,10,42,2
103474,55,5,50,2
103475,65,8,57,2
103476,52,5,47,2
103477,57,7,50,2
103478,52,9,43,2
103479,53,8,45,2
103480,58,6,52,2
103481,50,9,41,2
103482,65,9,56,2
103483,56,8,48,2
103484,49,6,43,2
103485,47,8,39,2
103486,56,3,53,2
103487,44,4,40,2
103488,61,3,58,2
103489,47,3,44,2
103490,47,11,36,2
103491,65,7,58,2
103492,56,6,50,2
103493,48,5,43,2
103494,55,7,48,2
103495,51,10,41,2
103496,57,6,51,2
103497,62,10,52,2
103498,52,5,47,2
103499,53,3,50,2
103500,49,5,44,2
103501,55,4,51,2
103502,51,4,47,2
103503,50,7,43,2
103504,53,6,47,2
103505,51,6,45,2
103506,59,7,52,2
103507,54,5,49,2
103508,61,10,51,2
103509,52,3,49,2
103510,51,10,41,2
103511,57,8,49,2
103512,54,5,49,2
103513,56,7,49,2
103514,56,5,51,2
103515,59,12,47,2
103516,72,6,66,2
103517,54,7,47,2
103518,52,8,44,2
103519,72,7,65,2
103520,53,9,44,2
103521,65,5,60,2
103522,45,4,41,2
103523,56,6,50,2
103524,59,7,52,2
103525,56,8,48,2
103526,56,5,51,2
103527,47,7,40,2
103528,51,8,43,2
103529,59,8,51,2
103530,50,6,44,2
103531,60,3,57,2
103532,64,11,53,2
103533,63,11,52,2
103534,51,8,43,2
103535,60,10,50,2
103536,58,9,49,2
103537,55,5,50,2
103538,39,4,35,2
103539,45,5,40,2
103540,34,7,27,2
103541,57,7,50,2
103542,56,6,50,2
103543,64,7,57,2
103544,62,9,53,2
103545,56,6,50,2
103546,50,7,43,2
103547,46,7,39,2
103548,68,8,60,2
103549,41,4,37,2
103550,56,9,47,2
103551,73,9,64,2
103552,41,1,40,2
103553,46,4,42,2
103554,51,12,39,2
103555,50,7,43,2
103556,59,8,51,2
103557,54,7,47,2
103558,66,8,58,2
103559,55,4,51,2
103560,57,6,51,2
103561,57,6,51,2
103562,56,4,52,2
103563,51,2,49,2
103564,49,4,45,2
103565,52,10,42,2
103566,52,6,46,2
103567,58,7,51,2
103568,44,9,35,2
103569,46,5,41,2
103570,49,6,43,2
103571,56,8,48,2
103572,54,8,46,2
103573,52,3,49,2
103574,58,10,48,2
103575,71,7,64,2
103576,53,4,49,2
103577,59,8,51,2
103578,50,9,41,2
103579,48,11,37,2
103580,50,4,46,2
103581,50,7,43,2
103582,63,5,58,2
103583,54,8,46,2
103584,46,2,44,2
103585,49,6,43,2
103586,47,6,41,2
103587,57,9,48,2
103588,60,7,53,2
103589,47,0,47,1
103590,55,7,48,2
103591,60,11,49,2
103592,69,7,62,2
103593,51,3,48,2
103594,61,8,53,2
103595,52,2,50,2
103596,55,12,43,2
103597,56,9,47,2
103598,51,9,42,2
103599,48,5,43,2
103600,57,9,48,2
103601,49,10,39,2
103602,73,6,67,2
103603,67,10,57,2
103604,57,7,50,2
103605,42,2,40,2
103606,55,8,47,2
103607,58,5,53,2
103608,53,9,44,2
103609,59,6,53,2
103610,56,4,52,2
103611,59,7,52,2
103612,49,4,45,2
103613,59,3,56,2
103614,44,4,40,2
103615,58,8,50,2
103616,59,5,54,2
103617,63,9,54,2
103618,50,6,44,2
103619,66,13,53,2
103620,54,7,47,2
103621,49,8,41,2
103622,63,8,55,2
103623,51,6,45,2
103624,56,7,49,2
103625,57,7,50,2
103626,47,7,40,2
103627,58,9,49,2
103628,48,3,45,2
103629,34,3,31,2
103630,46,6,40,2
103631,60,8,52,2
103632,59,9,50,2
103633,57,6,51,2
103634,56,9,47,2
103635,58,8,50,2
103636,76,9,67,2
103637,57,5,52,2
103638,44,3,41,2
103639,57,9,48,2
103640,64,10,54,2
103641,46,5,41,2
103642,58,2,56,2
103643,51,9,42,2
103644,60,4,56,2
103645,47,6,41,2
103646,58,8,50,2
103647,46,6,40,2
103648,58,6,52,2
103649,60,6,54,2
103650,49,6,43,2
103651,42,9,33,2
103652,46,7,39,2
103653,50,8,42,2
103654,47,5,42,2
103655,56,1,55,2
103656,67,11,56,2
103657,63,9,54,2
103658,52,12,40,2
103659,57,7,50,2
103660,60,14,46,2
103661,49,11,38,2
103662,58,6,52,2
103663,56,4,52,2
103664,53,7,46,2
103665,64,5,59,2
103666,59,7,52,2
103667,61,10,51,2
103668,55,7,48,2
103669,45,4,41,2
103670,60,10,50,2
103671,60,4,56,2
103672,40,4,36,2
103673,59,7,52,2
103674,50,8,42,2
103675,54,4,50,2
103676,43,8,35,2
103677,44,2,42,2
103678,54,8,46,2
103679,60,7,53,2
103680,50,8,42,2
103681,54,5,49,2
103682,49,8,41,2
103683,45,3,42,2
103684,47,12,35,2
103685,42,5,37,2
103686,56,7,49,2
103687,58,5,53,2
103688,60,6,54,2
103689,61,5,56,2
103690,61,13,48,2
103691,55,3,52,2
103692,53,5,48,2
103693,57,6,51,2
103694,48,7,41,2
103695,47,5,42,2
103696,62,4,58,2
103697,54,6,48,2
103698,53,7,46,2
103699,53,6,47,2
103700,51,7,44,2
103701,56,4,52,2
103702,46,6,40,2
103703,55,8,47,2
103704,55,8,47,2
103705,57,8,49,2
103706,63,5,58,2
103707,40,4,36,2
103708,50,2,48,2
103709,50,8,42,2
103710,50,6,44,2
103711,62,10,52,2
103712,56,5,51,2
103713,59,8,51,2
103714,59,3,56,2
103715,39,3,36,2
103716,70,6,64,2
103717,54,8,46,2
103718,49,3,46,2
103719,56,6,50,2
103720,56,6,50,2
103721,48,4,44,2
103722,40,3,37,2
103723,61,7,54,2
103724,54,3,51,2
103725,65,4,61,2
103726,45,5,40,2
103727,60,12,48,2
103728,51,9,42,2
103729,53,3,50,2
103730,44,8,36,2
103731,58,5,53,2
103732,61,6,55,2
103733,50,10,40,2
103734,54,6,48,2
103735,52,6,46,2
103736,58,5,53,2
103737,44,2,42,2
103738,45,5,40,2
103739,54,7,47,2
103740,55,8,47,2
103741,55,8,47,2
103742,16,0,16,1
103743,71,8,63,2
103744,60,7,53,2
103745,42,5,37,2
103746,55,4,51,2
103747,51,4,47,2
103748,70,4,66,2
103749,52,6,46,2
103750,52,7,45,2
103751,57,5,52,2
103752,51,5,46,2
103753,48,8,40,2
103754,58,7,51,2
103755,61,10,51,2
103756,66,7,59,2
103757,59,11,48,2
103758,64,7,57,2
103759,63,10,53,2
103760,70,5,65,2
103761,57,6,51,2
103762,57,7,50,2
103763,41,6,35,2
103764,51,3,48,2
103765,55,10,45,2
103766,56,5,51,2
103767,12,12,0,1
103768,57,3,54,2
103769,58,7,51,2
103770,62,10,52,2
103771,43,7,36,2
103772,51,6,45,2
103773,59,3,56,2
103774,51,6,45,2
103775,56,12,44,2
103776,43,5,38,2
103777,61,2,59,2
103778,49,9,40,2
103779,59,3,56,2
103780,64,6,58,2
103781,39,4,35,2
103782,43,3,40,2
103783,61,5,56,2
103784,53,6,47,2
103785,50,7,43,2
103786,57,6,51,2
103787,53,6,47,2
103788,49,6,43,2
103789,58,6,52,2
103790,46,5,41,2
103791,58,7,51,2
103792,57,7,50,2
103793,66,8,58,2
103794,46,9,37,2
103795,50,4,46,2
103796,66,12,54,2
103797,55,4,51,2
103798,46,6,40,2
103799,57,5,52,2
103800,36,2,34,2
103801,33,3,30,2
103802,61,6,55,2
103803,59,7,52,2
103804,58,7,51,2
103805,58,5,53,2
103806,55,8,47,2
103807,56,2,54,2
103808,54,3,51,2
103809,46,7,39,2
103810,46,1,45,2
103811,55,8,47,2
103812,50,6,44,2
103813,53,2,51,2
103814,50,7,43,2
103815,41,4,37,2
103816,63,6,57,2
103817,52,7,45,2
103818,42,5,37,2
103819,47,5,42,2
103820,68,8,60,2
103821,64,7,57,2
103822,53,7,46,2
103823,39,5,34,2
103824,58,7,51,2
103825,55,5,50,2
103826,51,9,42,2
103827,52,7,45,2
103828,53,7,46,2
103829,50,7,43,2
103830,42,5,37,2
103831,52,7,45,2
103832,52,5,47,2
103833,57,3,54,2
103834,62,10,52,2
103835,49,13,36,2
103836,54,8,46,2
103837,56,6,50,2
103838,65,9,56,2
103839,66,6,60,2
103840,53,10,43,2
103841,50,4,46,2
103842,68,11,57,2
103843,48,9,39,2
103844,60,8,52,2
103845,56,12,44,2
103846,56,4,52,2
103847,50,7,43,2
103848,52,6,46,2
103849,72,12,60,2
103850,56,5,51,2
103851,62,5,57,2
103852,54,10,44,2
103853,61,11,50,2
103854,45,1,44,2
103855,51,9,42,2
103856,60,9,51,2
103857,63,4,59,2
103858,57,5,52,2
103859,65,7,58,2
103860,61,8,53,2
103861,52,6,46,2
103862,51,6,45,2
103863,49,4,45,2
103864,47,8,39,2
103865,47,8,39,2
103866,54,1,53,2
103867,56,3,53,2
103868,55,6,49,2
103869,62,6,56,2
103870,55,6,49,2
103871,44,3,41,2
103872,57,5,52,2
103873,58,6,52,2
103874,61,5,56,2
103875,58,5,53,2
103876,56,9,47,2
103877,59,7,52,2
103878,46,6,40,2
103879,47,4,43,2
103880,58,4,54,2
103881,48,7,41,2
103882,67,7,60,2
103883,73,11,62,2
103884,50,6,44,2
103885,58,4,54,2
103886,48,5,43,2
103887,38,4,34,2
103888,49,8,41,2
103889,50,3,47,2
103890,50,5,45,2
103891,43,4,39,2
103892,63,5,58,2
103893,50,4,46,2
103894,56,8,48,2
103895,49,7,42,2
103896,51,5,46,2
103897,63,9,54,2
103898,60,8,52,2
103899,53,12,41,2
103900,62,6,56,2
103901,64,7,57,2
103902,54,7,47,2
103903,57,6,51,2
103904,50,6,44,2
103905,49,6,43,2
103906,67,10,57,2
103907,50,4,46,2
103908,62,6,56,2
103909,52,7,45,2
103910,64,8,56,2
103911,47,5,42,2
103912,68,9,59,2
103913,51,4,47,2
103914,59,8,51,2
103915,53,7,46,2
103916,44,3,41,2
103917,61,7,54,2
103918,60,11,49,2
103919,58,8,50,2
103920,50,6,44,2
103921,60,12,48,2
103922,46,9,37,2
103923,63,5,58,2
103924,55,3,52,2
103925,60,5,55,2
103926,55,6,49,2
103927,56,4,52,2
103928,55,6,49,2
103929,70,8,62,2
103930,64,8,56,2
103931,54,4,50,2
103932,66,8,58,2
103933,53,4,49,2
103934,57,7,50,2
103935,61,6,55,2
103936,49,8,41,2
103937,46,4,42,2
103938,56,13,43,2
103939,59,11,48,2
103940,61,5,56,2
103941,45,5,40,2
103942,48,7,41,2
103943,45,6,39,2
103944,51,6,45,2
103945,62,8,54,2
103946,51,7,44,2
103947,60,5,55,2
103948,54,7,47,2
103949,43,4,39,2
103950,60,10,50,2
103951,44,5,39,2
103952,48,7,41,2
103953,56,7,49,2
103954,48,5,43,2
103955,51,10,41,2
103956,35,1,34,2
103957,51,5,46,2
103958,56,11,45,2
103959,47,5,42,2
103960,49,8,41,2
103961,54,4,50,2
103962,63,7,56,2
103963,57,9,48,2
103964,55,8,47,2
103965,57,4,53,2
103966,49,6,43,2
103967,60,11,49,2
103968,50,4,46,2
103969,60,4,56,2
103970,59,7,52,2
103971,56,8,48,2
103972,52,7,45,2
103973,42,1,41,2
103974,54,7,47,2
103975,68,9,59,2
103976,56,4,52,2
103977,57,10,47,2
103978,50,1,49,2
103979,55,6,49,2
103980,30,6,24,2
103981,64,3,61,2
103982,53,5,48,2
103983,56,8,48,2
103984,37,4,33,2
103985,57,13,44,2
103986,65,4,61,2
103987,61,7,54,2
103988,64,8,56,2
103989,57,3,54,2
103990,62,5,57,2
103991,55,8,47,2
103992,47,2,45,2
103993,61,8,53,2
103994,46,6,40,2
103995,53,10,43,2
103996,69,8,61,2
103997,62,6,56,2
103998,43,6,37,2
103999,61,4,57,2
104000,56,5,51,2
104001,52,6,46,2
104002,63,7,56,2
104003,63,6,57,2
104004,38,5,33,2
104005,67,8,59,2
104006,60,5,55,2
104007,47,6,41,2
104008,61,6,55,2
104009,55,8,47,2
104010,57,7,50,2
104011,56,2,54,2
104012,55,9,46,2
104013,67,6,61,2
104014,44,6,38,2
104015,51,3,48,2
104016,57,5,52,2
104017,52,7,45,2
104018,56,8,48,2
104019,55,3,52,2
104020,52,9,43,2
104021,53,4,49,2
104022,64,7,57,2
104023,45,4,41,2
104024,45,11,34,2
104025,73,7,66,2
104026,51,7,44,2
104027,49,5,44,2
104028,57,5,52,2
104029,53,7,46,2
104030,61,6,55,2
104031,59,5,54,2
104032,43,7,36,2
104033,49,6,43,2
104034,51,4,47,2
104035,48,7,41,2
104036,60,5,55,2
104037,53,4,49,2
104038,58,10,48,2
104039,51,7,44,2
104040,73,8,65,2
104041,66,8,58,2
104042,51,4,47,2
104043,47,6,41,2
104044,54,5,49,2
104045,44,8,36,2
104046,38,3,35,2
104047,48,6,42,2
104048,52,6,46,2
104049,52,3,49,2
104050,42,2,40,2
104051,47,4,43,2
104052,52,8,44,2
104053,55,3,52,2
104054,57,4,53,2
104055,66,9,57,2
104056,46,1,45,2
104057,64,8,56,2
104058,50,6,44,2
104059,51,4,47,2
104060,60,10,50,2
104061,56,8,48,2
104062,49,5,44,2
104063,54,4,50,2
104064,58,5,53,2
104065,68,9,59,2
104066,48,6,42,2
104067,54,6,48,2
104068,39,3,36,2
104069,53,6,47,2
104070,50,6,44,2
104071,53,8,45,2
104072,51,4,47,2
104073,51,4,47,2
104074,65,10,55,2
104075,61,9,52,2
104076,63,7,56,2
104077,50,9,41,2
104078,46,5,41,2
104079,51,3,48,2
104080,68,9,59,2
104081,52,4,48,2
104082,51,7,44,2
104083,53,12,41,2
104084,56,6,50,2
104085,58,8,50,2
104086,56,6,50,2
104087,47,3,44,2
104088,58,3,55,2
104089,68,7,61,2
104090,64,5,59,2
104091,50,6,44,2
104092,62,7,55,2
104093,48,8,40,2
104094,44,7,37,2
104095,56,6,50,2
104096,59,7,52,2
104097,55,6,49,2
104098,49,6,43,2
104099,58,6,52,2
104100,58,4,54,2
104101,54,6,48,2
104102,59,8,51,2
104103,42,6,36,2
104104,63,6,57,2
104105,49,6,43,2
104106,51,4,47,2
104107,44,6,38,2
104108,56,3,53,2
104109,60,5,55,2
104110,58,2,56,2
104111,47,7,40,2
104112,62,8,54,2
104113,53,3,50,2
104114,51,8,43,2
104115,49,10,39,2
104116,63,9,54,2
104117,47,9,38,2
104118,42,2,40,2
104119,46,4,42,2
104120,60,8,52,2
104121,61,8,53,2
104122,59,7,52,2
104123,57,7,50,2
104124,48,2,46,2
104125,53,4,49,2
104126,46,5,41,2
104127,56,4,52,2
104128,55,5,50,2
104129,75,8,67,2
104130,51,5,46,2
104131,62,12,50,2
104132,59,8,51,2
104133,50,8,42,2
104134,52,5,47,2
104135,52,7,45,2
104136,44,5,39,2
104137,59,3,56,2
104138,46,4,42,2
104139,54,7,47,2
104140,36,2,34,2
104141,47,4,43,2
104142,49,3,46,2
104143,49,4,45,2
104144,52,2,50,2
104145,60,9,51,2
104146,53,8,45,2
104147,44,6,38,2
104148,49,5,44,2
104149,43,5,38,2
104150,44,4,40,2
104151,47,7,40,2
104152,57,6,51,2
104153,69,5,64,2
104154,46,2,44,2
104155,45,7,38,2
104156,47,1,46,2
104157,59,8,51,2
104158,62,12,50,2
104159,39,2,37,2
104160,46,8,38,2
104161,46,3,43,2
104162,54,9,45,2
104163,47,4,43,2
104164,57,2,55,2
104165,47,7,40,2
104166,50,6,44,2
104167,80,7,73,2
104168,56,16,40,2
104169,59,4,55,2
104170,67,10,57,2
104171,51,5,46,2
104172,51,4,47,2
104173,46,6,40,2
104174,75,12,63,2
104175,49,4,45,2
104176,50,2,48,2
104177,52,5,47,2
104178,52,6,46,2
104179,45,5,40,2
104180,44,2,42,2
104181,46,8,38,2
104182,62,7,55,2
104183,57,11,46,2
104184,46,1,45,2
104185,68,6,62,2
104186,50,9,41,2
104187,47,3,44,2
104188,51,4,47,2
104189,48,9,39,2
104190,62,9,53,2
104191,55,4,51,2
104192,46,7,39,2
104193,55,5,50,2
104194,48,10,38,2
104195,48,5,43,2
104196,52,3,49,2
104197,52,7,45,2
104198,51,7,44,2
104199,57,7,50,2
104200,52,2,50,2
104201,61,5,56,2
104202,54,2,52,2
104203,54,4,50,2
104204,58,8,50,2
104205,54,5,49,2
104206,45,5,40,2
104207,42,5,37,2
104208,55,5,50,2
104209,62,4,58,2
104210,60,6,54,2
104211,47,2,45,2
104212,48,5,43,2
104213,61,7,54,2
104214,63,11,52,2
104215,45,5,40,2
104216,60,7,53,2
104217,48,5,43,2
104218,55,4,51,2
104219,57,8,49,2
104220,43,9,34,2
104221,57,8,49,2
104222,49,8,41,2
104223,62,3,59,2
104224,62,5,57,2
104225,50,6,44,2
104226,37,5,32,2
104227,49,5,44,2
104228,58,11,47,2
104229,45,4,41,2
104230,59,11,48,2
104231,55,5,50,2
104232,63,11,52,2
104233,50,6,44,2
104234,51,8,43,2
104235,61,13,48,2
104236,52,6,46,2
104237,52,6,46,2
104238,50,7,43,2
104239,57,6,51,2
104240,46,3,43,2
104241,71,15,56,2
104242,51,5,46,2
104243,52,10,42,2
104244,51,7,44,2
104245,52,4,48,2
104246,61,8,53,2
104247,57,8,49,2
104248,52,7,45,2
104249,53,7,46,2
104250,57,6,51,2
104251,53,7,46,2
104252,64,9,55,2
104253,59,8,51,2
104254,55,9,46,2
104255,63,11,52,2
104256,64,7,57,2
104257,44,6,38,2
104258,43,4,39,2
104259,50,3,47,2
104260,40,4,36,2
104261,64,7,57,2
104262,45,1,44,2
104263,67,8,59,2
104264,58,9,49,2
104265,50,5,45,2
104266,39,4,35,2
104267,60,9,51,2
104268,48,7,41,2
104269,54,3,51,2
104270,68,9,59,2
104271,50,7,43,2
104272,53,4,49,2
104273,58,6,52,2
104274,55,7,48,2
104275,58,9,49,2
104276,57,8,49,2
104277,51,5,46,2
104278,63,10,53,2
104279,47,5,42,2
104280,45,2,43,2
104281,62,12,50,2
104282,53,5,48,2
104283,49,5,44,2
104284,48,1,47,2
104285,55,5,50,2
104286,50,7,43,2
104287,63,8,55,2
104288,54,5,49,2
104289,51,10,41,2
104290,56,6,50,2
104291,43,2,41,2
104292,54,6,48,2
104293,52,8,44,2
104294,63,7,56,2
104295,52,4,48,2
104296,61,8,53,2
104297,44,5,39,2
104298,58,10,48,2
104299,61,5,56,2
104300,42,3,39,2
104301,53,5,48,2
104302,51,7,44,2
104303,60,3,57,2
104304,76,9,67,2
104305,51,5,46,2
104306,59,12,47,2
104307,57,6,51,2
104308,47,6,41,2
104309,62,6,56,2
104310,50,8,42,2
104311,52,6,46,2
104312,48,6,42,2
104313,59,7,52,2
104314,48,5,43,2
104315,49,5,44,2
104316,46,2,44,2
104317,59,3,56,2
104318,61,7,54,2
104319,43,6,37,2
104320,59,3,56,2
104321,65,7,58,2
104322,56,7,49,2
104323,52,11,41,2
104324,52,5,47,2
104325,76,10,66,2
104326,51,3,48,2
104327,63,12,51,2
104328,58,5,53,2
104329,45,10,35,2
104330,62,9,53,2
104331,65,7,58,2
104332,56,11,45,2
104333,63,9,54,2
104334,66,2,64,2
104335,38,5,33,2
104336,58,6,52,2
104337,53,5,48,2
104338,53,4,49,2
104339,61,6,55,2
104340,53,6,47,2
104341,62,11,51,2
104342,50,7,43,2
104343,53,5,48,2
104344,53,6,47,2
104345,68,5,63,2
104346,47,4,43,2
104347,62,8,54,2
104348,50,5,45,2
104349,52,4,48,2
104350,56,6,50,2
104351,47,7,40,2
104352,48,9,39,2
104353,57,8,49,2
104354,36,6,30,2
104355,48,7,41,2
104356,52,4,48,2
104357,52,6,46,2
104358,51,3,48,2
104359,58,9,49,2
104360,57,6,51,2
104361,39,3,36,2
104362,71,6,65,2
104363,68,6,62,2
104364,54,5,49,2
104365,48,6,42,2
104366,56,7,49,2
104367,50,10,40,2
104368,57,7,50,2
104369,44,4,40,2
104370,47,5,42,2
104371,65,10,55,2
104372,53,4,49,2
104373,47,3,44,2
104374,50,6,44,2
104375,53,10,43,2
104376,56,4,52,2
104377,61,5,56,2
104378,59,11,48,2
104379,53,7,46,2
104380,51,11,40,2
104381,48,8,40,2
104382,52,4,48,2
104383,55,8,47,2
104384,56,5,51,2
104385,53,3,50,2
104386,67,6,61,2
104387,44,6,38,2
104388,61,4,57,2
104389,58,7,51,2
104390,54,5,49,2
104391,45,2,43,2
104392,62,12,50,2
104393,45,7,38,2
104394,46,9,37,2
104395,63,4,59,2
104396,56,5,51,2
104397,56,7,49,2
104398,55,6,49,2
104399,70,7,63,2
104400,50,4,46,2
104401,58,8,50,2
104402,56,7,49,2
104403,76,13,63,2
104404,59,7,52,2
104405,47,6,41,2
104406,51,4,47,2
104407,47,2,45,2
104408,67,12,55,2
104409,53,11,42,2
104410,50,7,43,2
104411,64,9,55,2
104412,53,8,45,2
104413,52,5,47,2
104414,45,6,39,2
104415,53,4,49,2
104416,53,8,45,2
104417,51,9,42,2
104418,62,3,59,2
104419,48,6,42,2
104420,59,5,54,2
104421,65,8,57,2
104422,57,8,49,2
104423,57,8,49,2
104424,52,5,47,2
104425,56,8,48,2
104426,68,10,58,2
104427,53,11,42,2
104428,54,7,47,2
104429,50,4,46,2
104430,39,7,32,2
104431,57,8,49,2
104432,66,11,55,2
104433,58,6,52,2
104434,58,11,47,2
104435,66,7,59,2
104436,62,8,54,2
104437,51,13,38,2
104438,55,8,47,2
104439,65,7,58,2
104440,60,5,55,2
104441,63,7,56,2
104442,65,14,51,2
104443,39,7,32,2
104444,51,8,43,2
104445,64,8,56,2
104446,52,5,47,2
104447,43,8,35,2
104448,79,8,71,2
104449,60,11,49,2
104450,54,4,50,2
104451,60,10,50,2
104452,63,14,49,2
104453,51,5,46,2
104454,66,2,64,2
104455,65,13,52,2
104456,54,6,48,2
104457,62,4,58,2
104458,48,5,43,2
104459,45,5,40,2
104460,65,9,56,2
104461,46,4,42,2
104462,58,8,50,2
104463,43,1,42,2
104464,47,3,44,2
104465,43,4,39,2
104466,57,6,51,2
104467,50,8,42,2
104468,52,9,43,2
104469,59,9,50,2
104470,51,5,46,2
104471,51,5,46,2
104472,59,8,51,2
104473,70,9,61,2
104474,63,8,55,2
104475,55,4,51,2
104476,50,4,46,2
104477,55,4,51,2
104478,55,4,51,2
104479,51,7,44,2
104480,65,7,58,2
104481,56,6,50,2
104482,65,7,58,2
104483,43,12,31,2
104484,45,7,38,2
104485,48,3,45,2
104486,63,5,58,2
104487,58,8,50,2
104488,61,8,53,2
104489,56,5,51,2
104490,74,6,68,2
104491,57,7,50,2
104492,54,7,47,2
104493,58,6,52,2
104494,40,1,39,2
104495,58,10,48,2
104496,49,8,41,2
104497,54,4,50,2
104498,53,5,48,2
104499,44,5,39,2
104500,61,10,51,2
104501,56,9,47,2
104502,53,4,49,2
104503,60,5,55,2
104504,39,5,34,2
104505,63,11,52,2
104506,60,9,51,2
104507,55,7,48,2
104508,66,16,50,2
104509,62,12,50,2
104510,58,12,46,2
104511,57,8,49,2
104512,52,11,41,2
104513,43,6,37,2
104514,59,9,50,2
104515,55,2,53,2
104516,58,5,53,2
104517,46,5,41,2
104518,43,4,39,2
104519,49,8,41,2
104520,57,4,53,2
104521,50,8,42,2
104522,67,3,64,2
104523,65,8,57,2
104524,68,9,59,2
104525,52,6,46,2
104526,63,10,53,2
104527,49,8,41,2
104528,50,7,43,2
104529,42,7,35,2
104530,48,4,44,2
104531,57,7,50,2
104532,44,6,38,2
104533,43,7,36,2
104534,54,9,45,2
104535,54,5,49,2
104536,56,4,52,2
104537,56,8,48,2
104538,48,3,45,2
104539,56,6,50,2
104540,55,10,45,2
104541,49,7,42,2
104542,51,7,44,2
104543,51,4,47,2
104544,61,11,50,2
104545,52,3,49,2
104546,59,9,50,2
104547,62,10,52,2
104548,51,3,48,2
104549,65,6,59,2
104550,62,5,57,2
104551,47,5,42,2
104552,49,6,43,2
104553,56,7,49,2
104554,55,7,48,2
104555,53,9,44,2
104556,52,6,46,2
104557,55,5,50,2
104558,57,11,46,2
104559,58,6,52,2
104560,53,9,44,2
104561,57,11,46,2
104562,56,6,50,2
104563,60,7,53,2
104564,58,7,51,2
104565,50,3,47,2
104566,69,11,58,2
104567,58,7,51,2
104568,55,7,48,2
104569,48,4,44,2
104570,60,11,49,2
104571,51,2,49,2
104572,54,3,51,2
104573,55,12,43,2
104574,48,9,39,2
104575,47,10,37,2
104576,39,5,34,2
104577,62,7,55,2
104578,58,7,51,2
104579,47,11,36,2
104580,44,3,41,2
104581,64,10,54,2
104582,47,3,44,2
104583,52,5,47,2
104584,54,6,48,2
104585,60,4,56,2
104586,51,5,46,2
104587,50,4,46,2
104588,67,5,62,2
104589,56,4,52,2
104590,52,4,48,2
104591,55,7,48,2
104592,58,6,52,2
104593,43,4,39,2
104594,62,12,50,2
104595,58,9,49,2
104596,51,11,40,2
104597,56,8,48,2
104598,45,5,40,2
104599,42,2,40,2
104600,59,3,56,2
104601,61,2,59,2
104602,60,10,50,2
104603,51,4,47,2
104604,67,3,64,2
104605,46,4,42,2
104606,67,7,60,2
104607,49,4,45,2
104608,54,7,47,2
104609,60,5,55,2
104610,52,4,48,2
104611,50,6,44,2
104612,58,10,48,2
104613,50,5,45,2
104614,55,5,50,2
104615,56,6,50,2
104616,64,14,50,2
104617,59,7,52,2
104618,49,9,40,2
104619,53,7,46,2
104620,65,10,55,2
104621,55,5,50,2
104622,51,4,47,2
104623,59,4,55,2
104624,53,14,39,2
104625,59,4,55,2
104626,59,9,50,2
104627,43,7,36,2
104628,52,2,50,2
104629,51,6,45,2
104630,43,5,38,2
104631,80,13,67,2
104632,55,7,48,2
104633,59,10,49,2
104634,56,13,43,2
104635,49,7,42,2
104636,53,6,47,2
104637,55,4,51,2
104638,52,3,49,2
104639,51,9,42,2
104640,47,3,44,2
104641,61,7,54,2
104642,65,3,62,2
104643,46,4,42,2
104644,51,3,48,2
104645,50,5,45,2
104646,52,8,44,2
104647,51,3,48,2
104648,58,1,57,2
104649,49,8,41,2
104650,44,5,39,2
104651,56,7,49,2
104652,72,6,66,2
104653,48,9,39,2
104654,60,14,46,2
104655,66,7,59,2
104656,59,5,54,2
104657,54,6,48,2
104658,58,7,51,2
104659,45,6,39,2
104660,54,10,44,2
104661,60,8,52,2
104662,56,8,48,2
104663,39,1,38,2
104664,56,8,48,2
104665,49,6,43,2
104666,59,9,50,2
104667,51,6,45,2
104668,63,8,55,2
104669,58,4,54,2
104670,56,6,50,2
104671,42,6,36,2
104672,60,7,53,2
104673,46,4,42,2
104674,47,8,39,2
104675,51,5,46,2
104676,64,6,58,2
104677,54,4,50,2
104678,63,8,55,2
104679,56,7,49,2
104680,62,12,50,2
104681,47,10,37,2
104682,71,9,62,2
104683,44,4,40,2
104684,41,3,38,2
104685,57,9,48,2
104686,6,0,6,1
104687,55,7,48,2
104688,59,2,57,2
104689,61,8,53,2
104690,52,9,43,2
104691,52,6,46,2
104692,50,5,45,2
104693,49,11,38,2
104694,59,7,52,2
104695,39,1,38,2
104696,39,4,35,2
104697,59,7,52,2
104698,64,7,57,2
104699,55,6,49,2
104700,64,7,57,2
104701,57,7,50,2
104702,55,8,47,2
104703,45,5,40,2
104704,49,6,43,2
104705,64,8,56,2
104706,42,5,37,2
104707,53,8,45,2
104708,51,5,46,2
104709,56,10,46,2
104710,45,7,38,2
104711,61,8,53,2
104712,63,8,55,2
104713,63,7,56,2
104714,63,12,51,2
104715,71,10,61,2
104716,62,9,53,2
104717,46,9,37,2
104718,52,6,46,2
104719,60,5,55,2
104720,69,12,57,2
104721,67,9,58,2
104722,45,5,40,2
104723,61,3,58,2
104724,55,9,46,2
104725,54,5,49,2
104726,46,4,42,2
104727,59,3,56,2
104728,50,6,44,2
104729,48,3,45,2
104730,49,6,43,2
104731,50,1,49,2
104732,50,7,43,2
104733,49,4,45,2
104734,42,7,35,2
104735,59,6,53,2
104736,50,3,47,2
104737,48,8,40,2
104738,68,6,62,2
104739,59,4,55,2
104740,59,11,48,2
104741,45,6,39,2
104742,47,6,41,2
104743,63,7,56,2
104744,61,7,54,2
104745,60,11,49,2
104746,58,2,56,2
104747,61,12,49,2
104748,62,7,55,2
104749,52,6,46,2
104750,67,9,58,2
104751,64,6,58,2
104752,49,5,44,2
104753,53,3,50,2
104754,49,4,45,2
104755,77,9,68,2
104756,47,8,39,2
104757,48,7,41,2
104758,53,8,45,2
104759,61,6,55,2
104760,55,3,52,2
104761,63,5,58,2
104762,59,8,51,2
104763,54,9,45,2
104764,46,7,39,2
104765,47,6,41,2
104766,48,6,42,2
104767,52,8,44,2
104768,57,12,45,2
104769,51,4,47,2
104770,42,8,34,2
104771,53,4,49,2
104772,62,11,51,2
104773,48,6,42,2
104774,58,14,44,2
104775,49,7,42,2
104776,43,8,35,2
104777,62,7,55,2
104778,57,8,49,2
104779,46,3,43,2
104780,39,1,38,2
104781,46,6,40,2
104782,55,4,51,2
104783,50,5,45,2
104784,61,6,55,2
104785,54,7,47,2
104786,53,6,47,2
104787,47,4,43,2
104788,69,7,62,2
104789,59,5,54,2
104790,56,4,52,2
104791,62,11,51,2
104792,55,5,50,2
104793,57,5,52,2
104794,57,3,54,2
104795,57,3,54,2
104796,51,5,46,2
104797,64,10,54,2
104798,62,6,56,2
104799,44,5,39,2
104800,54,4,50,2
104801,57,5,52,2
104802,55,7,48,2
104803,48,8,40,2
104804,53,3,50,2
104805,60,10,50,2
104806,48,4,44,2
104807,62,9,53,2
104808,52,3,49,2
104809,63,6,57,2
104810,62,5,57,2
104811,53,7,46,2
104812,47,3,44,2
104813,46,6,40,2
104814,52,3,49,2
104815,57,5,52,2
104816,42,5,37,2
104817,61,8,53,2
104818,60,3,57,2
104819,49,8,41,2
104820,41,6,35,2
104821,66,11,55,2
104822,50,4,46,2
104823,56,8,48,2
104824,53,8,45,2
104825,46,8,38,2
104826,56,4,52,2
104827,54,6,48,2
104828,54,2,52,2
104829,46,5,41,2
104830,49,5,44,2
104831,60,5,55,2
104832,49,5,44,2
104833,68,7,61,2
104834,63,6,57,2
104835,56,6,50,2
104836,48,4,44,2
104837,54,9,45,2
104838,57,6,51,2
104839,56,2,54,2
104840,46,9,37,2
104841,44,5,39,2
104842,52,10,42,2
104843,55,3,52,2
104844,57,6,51,2
104845,51,6,45,2
104846,61,6,55,2
104847,44,3,41,2
104848,63,11,52,2
104849,57,7,50,2
104850,46,6,40,2
104851,57,6,51,2
104852,66,10,56,2
104853,45,6,39,2
104854,45,8,37,2
104855,72,7,65,2
104856,58,7,51,2
104857,64,7,57,2
104858,66,7,59,2
104859,59,8,51,2
104860,58,9,49,2
104861,67,7,60,2
104862,46,4,42,2
104863,59,9,50,2
104864,48,4,44,2
104865,50,2,48,2
104866,48,7,41,2
104867,50,6,44,2
104868,48,7,41,2
104869,54,2,52,2
104870,50,8,42,2
104871,50,8,42,2
104872,63,7,56,2
104873,64,12,52,2
104874,48,7,41,2
104875,56,4,52,2
104876,59,7,52,2
104877,53,4,49,2
104878,51,9,42,2
104879,47,9,38,2
104880,52,6,46,2
104881,60,11,49,2
104882,51,5,46,2
104883,65,9,56,2
104884,42,5,37,2
104885,56,5,51,2
104886,64,10,54,2
104887,52,6,46,2
104888,58,4,54,2
104889,51,4,47,2
104890,54,8,46,2
104891,48,10,38,2
104892,63,8,55,2
104893,52,9,43,2
104894,68,10,58,2
104895,53,11,42,2
104896,48,4,44,2
104897,54,4,50,2
104898,48,10,38,2
104899,52,11,41,2
104900,46,5,41,2
104901,61,6,55,2
104902,57,6,51,2
104903,54,4,50,2
104904,73,14,59,2
104905,58,7,51,2
104906,51,7,44,2
104907,57,5,52,2
104908,40,3,37,2
104909,60,9,51,2
104910,61,5,56,2
104911,54,8,46,2
104912,41,9,32,2
104913,52,5,47,2
104914,64,5,59,2
104915,70,4,66,2
104916,50,5,45,2
104917,66,9,57,2
104918,66,7,59,2
104919,73,9,64,2
104920,59,7,52,2
104921,58,7,51,2
104922,62,8,54,2
104923,62,5,57,2
104924,61,4,57,2
104925,64,13,51,2
104926,54,6,48,2
104927,46,6,40,2
104928,46,7,39,2
104929,50,6,44,2
104930,48,7,41,2
104931,56,6,50,2
104932,63,9,54,2
104933,45,3,42,2
104934,53,3,50,2
104935,55,4,51,2
104936,76,10,66,2
104937,46,5,41,2
104938,54,7,47,2
104939,58,11,47,2
104940,53,10,43,2
104941,51,4,47,2
104942,58,5,53,2
104943,58,6,52,2
104944,53,6,47,2
104945,59,10,49,2
104946,47,6,41,2
104947,55,9,46,2
104948,50,6,44,2
104949,51,6,45,2
104950,73,4,69,2
104951,55,4,51,2
104952,49,4,45,2
104953,62,8,54,2
104954,43,7,36,2
104955,61,7,54,2
104956,53,6,47,2
104957,62,8,54,2
104958,49,5,44,2
104959,59,7,52,2
104960,56,7,49,2
104961,59,6,53,2
104962,55,6,49,2
104963,54,6,48,2
104964,67,4,63,2
104965,51,7,44,2
104966,36,2,34,2
104967,58,10,48,2
104968,57,5,52,2
104969,46,8,38,2
104970,70,8,62,2
104971,52,8,44,2
104972,57,9,48,2
104973,55,3,52,2
104974,61,1,60,2
104975,72,7,65,2
104976,52,5,47,2
104977,59,7,52,2
104978,60,6,54,2
104979,61,4,57,2
104980,43,4,39,2
104981,60,8,52,2
104982,67,8,59,2
104983,69,7,62,2
104984,58,6,52,2
104985,52,1,51,2
104986,64,11,53,2
104987,40,7,33,2
104988,60,3,57,2
104989,54,8,46,2
104990,56,6,50,2
104991,61,4,57,2
104992,55,9,46,2
104993,51,8,43,2
104994,60,8,52,2
104995,56,8,48,2
104996,46,4,42,2
104997,55,7,48,2
104998,57,3,54,2
104999,52,10,42,2
105000,66,10,56,2
105001,47,8,39,2
105002,54,4,50,2
105003,66,10,56,2
105004,49,9,40,2
105005,55,5,50,2
105006,54,5,49,2
105007,67,12,55,2
105008,57,8,49,2
105009,59,6,53,2
105010,49,3,46,2
105011,57,6,51,2
105012,46,4,42,2
105013,46,12,34,2
105014,58,7,51,2
105015,51,2,49,2
105016,51,4,47,2
105017,60,10,50,2
105018,61,6,55,2
105019,62,9,53,2
105020,49,9,40,2
105021,59,7,52,2
105022,65,7,58,2
105023,43,4,39,2
105024,46,7,39,2
105025,51,4,47,2
105026,59,6,53,2
105027,69,9,60,2
105028,64,11,53,2
105029,47,5,42,2
105030,46,4,42,2
105031,63,11,52,2
105032,63,10,53,2
105033,71,5,66,2
105034,42,1,41,2
105035,64,5,59,2
105036,60,7,53,2
105037,66,12,54,2
105038,50,9,41,2
105039,52,7,45,2
105040,59,6,53,2
105041,58,9,49,2
105042,56,5,51,2
105043,63,6,57,2
105044,50,6,44,2
105045,68,9,59,2
105046,41,4,37,2
105047,62,12,50,2
105048,56,8,48,2
105049,43,6,37,2
105050,66,12,54,2
105051,62,4,58,2
105052,64,7,57,2
105053,65,8,57,2
105054,82,8,74,2
105055,61,9,52,2
105056,75,13,62,2
105057,42,6,36,2
105058,42,5,37,2
105059,57,8,49,2
105060,48,9,39,2
105061,72,7,65,2
105062,62,8,54,2
105063,49,4,45,2
105064,56,9,47,2
105065,68,4,64,2
105066,51,3,48,2
105067,58,7,51,2
105068,46,5,41,2
105069,59,5,54,2
105070,69,7,62,2
105071,57,12,45,2
105072,58,5,53,2
105073,45,6,39,2
105074,54,7,47,2
105075,48,5,43,2
105076,50,5,45,2
105077,44,1,43,2
105078,55,5,50,2
105079,67,6,61,2
105080,52,10,42,2
105081,61,7,54,2
105082,58,4,54,2
105083,51,4,47,2
105084,55,10,45,2
105085,60,11,49,2
105086,55,7,48,2
105087,46,4,42,2
105088,56,7,49,2
105089,56,3,53,2
105090,66,13,53,2
105091,59,5,54,2
105092,50,2,48,2
105093,53,10,43,2
105094,49,4,45,2
105095,51,4,47,2
105096,52,3,49,2
105097,60,4,56,2
105098,53,7,46,2
105099,52,7,45,2
105100,52,9,43,2
105101,52,6,46,2
105102,51,3,48,2
105103,50,2,48,2
105104,47,8,39,2
105105,53,10,43,2
105106,61,11,50,2
105107,57,10,47,2
105108,77,10,67,2
105109,58,5,53,2
105110,55,4,51,2
105111,44,10,34,2
105112,53,5,48,2
105113,55,8,47,2
105114,48,3,45,2
105115,56,9,47,2
105116,53,5,48,2
105117,56,6,50,2
105118,44,7,37,2
105119,42,4,38,2
105120,46,2,44,2
105121,57,9,48,2
105122,42,10,32,2
105123,55,6,49,2
105124,59,2,57,2
105125,56,6,50,2
105126,60,6,54,2
105127,63,8,55,2
105128,58,10,48,2
105129,57,4,53,2
105130,51,2,49,2
105131,51,4,47,2
105132,59,10,49,2
105133,42,7,35,2
105134,52,5,47,2
105135,59,10,49,2
105136,51,4,47,2
105137,54,6,48,2
105138,40,2,38,2
105139,49,7,42,2
105140,50,9,41,2
105141,62,11,51,2
105142,56,7,49,2
105143,49,7,42,2
105144,61,10,51,2
105145,43,7,36,2
105146,57,8,49,2
105147,56,9,47,2
105148,50,5,45,2
105149,53,4,49,2
105150,71,6,65,2
105151,54,4,50,2
105152,52,7,45,2
105153,56,6,50,2
105154,60,10,50,2
105155,63,11,52,2
105156,35,3,32,2
105157,59,5,54,2
105158,60,9,51,2
105159,54,5,49,2
105160,51,7,44,2
105161,52,6,46,2
105162,53,5,48,2
105163,61,6,55,2
105164,57,7,50,2
105165,52,6,46,2
105166,51,10,41,2
105167,47,4,43,2
105168,66,6,60,2
105169,62,6,56,2
105170,54,7,47,2
105171,45,4,41,2
105172,58,8,50,2
105173,54,4,50,2
105174,51,11,40,2
105175,54,10,44,2
105176,61,8,53,2
105177,48,6,42,2
105178,39,3,36,2
105179,51,9,42,2
105180,56,5,51,2
105181,54,6,48,2
105182,52,5,47,2
105183,47,4,43,2
105184,61,8,53,2
105185,55,8,47,2
105186,47,7,40,2
105187,50,8,42,2
105188,45,7,38,2
105189,44,7,37,2
105190,30,3,27,2
105191,60,3,57,2
105192,38,6,32,2
105193,54,7,47,2
105194,57,7,50,2
105195,60,5,55,2
105196,70,11,59,2
105197,41,5,36,2
105198,50,6,44,2
105199,55,4,51,2
105200,56,9,47,2
105201,45,7,38,2
105202,66,8,58,2
105203,55,5,50,2
105204,42,6,36,2
105205,51,6,45,2
105206,49,9,40,2
105207,66,8,58,2
105208,54,5,49,2
105209,55,3,52,2
105210,41,2,39,2
105211,61,4,57,2
105212,59,4,55,2
105213,50,4,46,2
105214,50,4,46,2
105215,61,7,54,2
105216,46,2,44,2
105217,58,8,50,2
105218,66,8,58,2
105219,58,4,54,2
105220,57,6,51,2
105221,54,8,46,2
105222,64,8,56,2
105223,59,10,49,2
105224,50,7,43,2
105225,53,4,49,2
105226,57,8,49,2
105227,64,6,58,2
105228,61,7,54,2
105229,73,10,63,2
105230,53,5,48,2
105231,50,4,46,2
105232,55,12,43,2
105233,47,4,43,2
105234,48,8,40,2
105235,59,7,52,2
105236,48,10,38,2
105237,61,7,54,2
105238,64,5,59,2
105239,56,7,49,2
105240,41,6,35,2
105241,64,3,61,2
105242,65,6,59,2
105243,53,6,47,2
105244,65,12,53,2
105245,74,7,67,2
105246,48,4,44,2
105247,43,4,39,2
105248,50,7,43,2
105249,49,4,45,2
105250,47,4,43,2
105251,55,6,49,2
105252,49,5,44,2
105253,40,3,37,2
105254,66,6,60,2
105255,49,3,46,2
105256,44,0,44,1
105257,62,11,51,2
105258,41,7,34,2
105259,63,5,58,2
105260,64,13,51,2
105261,54,5,49,2
105262,58,7,51,2
105263,45,6,39,2
105264,67,10,57,2
105265,53,5,48,2
105266,57,7,50,2
105267,49,6,43,2
105268,53,9,44,2
105269,52,4,48,2
105270,55,6,49,2
105271,56,6,50,2
105272,57,9,48,2
105273,53,7,46,2
105274,58,7,51,2
105275,56,5,51,2
105276,53,3,50,2
105277,63,9,54,2
105278,57,7,50,2
105279,57,7,50,2
105280,57,5,52,2
105281,56,11,45,2
105282,57,6,51,2
105283,70,6,64,2
105284,58,8,50,2
105285,61,3,58,2
105286,56,6,50,2
105287,57,6,51,2
105288,44,5,39,2
105289,43,5,38,2
105290,65,8,57,2
105291,43,5,38,2
105292,64,9,55,2
105293,48,6,42,2
105294,58,4,54,2
105295,50,7,43,2
105296,69,7,62,2
105297,45,5,40,2
105298,59,7,52,2
105299,47,9,38,2
105300,57,5,52,2
105301,54,9,45,2
105302,52,9,43,2
105303,41,4,37,2
105304,55,7,48,2
105305,52,10,42,2
105306,46,6,40,2
105307,61,8,53,2
105308,49,6,43,2
105309,58,6,52,2
105310,59,3,56,2
105311,59,4,55,2
105312,68,8,60,2
105313,63,9,54,2
105314,59,9,50,2
105315,55,6,49,2
105316,66,12,54,2
105317,59,6,53,2
105318,61,6,55,2
105319,54,7,47,2
105320,59,7,52,2
105321,52,9,43,2
105322,56,7,49,2
105323,53,8,45,2
105324,66,4,62,2
105325,45,4,41,2
105326,46,3,43,2
105327,70,12,58,2
105328,77,8,69,2
105329,58,9,49,2
105330,60,4,56,2
105331,68,9,59,2
105332,48,7,41,2
105333,57,7,50,2
105334,54,6,48,2
105335,60,7,53,2
105336,52,9,43,2
105337,45,5,40,2
105338,47,3,44,2
105339,62,8,54,2
105340,60,6,54,2
105341,55,5,50,2
105342,56,8,48,2
105343,51,5,46,2
105344,52,7,45,2
105345,57,8,49,2
105346,50,6,44,2
105347,66,15,51,2
105348,52,8,44,2
105349,67,11,56,2
105350,57,7,50,2
105351,66,7,59,2
105352,58,12,46,2
105353,45,2,43,2
105354,55,6,49,2
105355,51,5,46,2
105356,47,3,44,2
105357,45,6,39,2
105358,49,9,40,2
105359,56,7,49,2
105360,73,12,61,2
105361,69,8,61,2
105362,55,5,50,2
105363,44,2,42,2
105364,46,4,42,2
105365,57,11,46,2
105366,66,9,57,2
105367,54,6,48,2
105368,51,2,49,2
105369,58,5,53,2
105370,45,3,42,2
105371,63,10,53,2
105372,53,5,48,2
105373,55,8,47,2
105374,53,3,50,2
105375,67,5,62,2
105376,48,7,41,2
105377,51,6,45,2
105378,57,8,49,2
105379,57,11,46,2
105380,58,3,55,2
105381,53,2,51,2
105382,44,2,42,2
105383,45,3,42,2
105384,49,3,46,2
105385,52,4,48,2
105386,49,7,42,2
105387,64,4,60,2
105388,44,6,38,2
105389,68,6,62,2
105390,45,4,41,2
105391,58,11,47,2
105392,42,4,38,2
105393,65,6,59,2
105394,61,8,53,2
105395,61,10,51,2
105396,66,7,59,2
105397,50,4,46,2
105398,41,5,36,2
105399,54,5,49,2
105400,62,7,55,2
105401,54,8,46,2
105402,48,5,43,2
105403,56,9,47,2
105404,69,7,62,2
105405,49,7,42,2
105406,62,10,52,2
105407,56,9,47,2
105408,59,7,52,2
105409,54,9,45,2
105410,58,9,49,2
105411,53,5,48,2
105412,52,10,42,2
105413,55,4,51,2
105414,51,4,47,2
105415,66,5,61,2
105416,46,6,40,2
105417,56,3,53,2
105418,58,5,53,2
105419,54,4,50,2
105420,47,3,44,2
105421,48,2,46,2
105422,58,10,48,2
105423,57,5,52,2
105424,55,7,48,2
105425,65,4,61,2
105426,55,4,51,2
105427,51,7,44,2
105428,52,5,47,2
105429,63,5,58,2
105430,52,8,44,2
105431,46,2,44,2
105432,56,7,49,2
105433,56,5,51,2
105434,53,13,40,2
105435,67,15,52,2
105436,44,3,41,2
105437,60,6,54,2
105438,66,3,63,2
105439,47,4,43,2
105440,55,9,46,2
105441,57,9,48,2
105442,46,5,41,2
105443,47,7,40,2
105444,52,4,48,2
105445,52,4,48,2
105446,51,4,47,2
105447,50,5,45,2
105448,57,9,48,2
105449,59,2,57,2
105450,41,4,37,2
105451,45,7,38,2
105452,61,10,51,2
105453,53,4,49,2
105454,71,6,65,2
105455,51,3,48,2
105456,50,3,47,2
105457,57,9,48,2
105458,55,7,48,2
105459,69,5,64,2
105460,54,8,46,2
105461,53,6,47,2
105462,48,6,42,2
105463,60,10,50,2
105464,57,8,49,2
105465,45,6,39,2
105466,48,5,43,2
105467,56,4,52,2
105468,48,5,43,2
105469,48,9,39,2
105470,45,10,35,2
105471,65,5,60,2
105472,54,7,47,2
105473,59,8,51,2
105474,49,7,42,2
105475,58,6,52,2
105476,59,7,52,2
105477,48,7,41,2
105478,64,9,55,2
105479,45,5,40,2
105480,45,3,42,2
105481,56,6,50,2
105482,58,6,52,2
105483,69,6,63,2
105484,41,5,36,2
105485,51,6,45,2
105486,51,11,40,2
105487,40,3,37,2
105488,50,4,46,2
105489,52,5,47,2
105490,53,5,48,2
105491,59,3,56,2
105492,53,7,46,2
105493,58,4,54,2
105494,54,4,50,2
105495,61,7,54,2
105496,64,8,56,2
105497,51,8,43,2
105498,52,9,43,2
105499,56,6,50,2
105500,72,6,66,2
105501,50,2,48,2
105502,40,3,37,2
105503,45,4,41,2
105504,70,8,62,2
105505,49,4,45,2
105506,60,11,49,2
105507,57,4,53,2
105508,59,8,51,2
105509,51,8,43,2
105510,48,6,42,2
105511,61,6,55,2
105512,45,5,40,2
105513,58,10,48,2
105514,63,8,55,2
105515,60,4,56,2
105516,60,10,50,2
105517,62,6,56,2
105518,64,6,58,2
105519,40,6,34,2
105520,59,9,50,2
105521,57,8,49,2
105522,56,3,53,2
105523,53,4,49,2
105524,58,8,50,2
105525,57,8,49,2
105526,53,7,46,2
105527,47,11,36,2
105528,55,6,49,2
105529,74,9,65,2
105530,52,9,43,2
105531,57,10,47,2
105532,44,2,42,2
105533,60,10,50,2
105534,54,5,49,2
105535,75,12,63,2
105536,59,9,50,2
105537,54,11,43,2
105538,60,7,53,2
105539,55,4,51,2
105540,46,4,42,2
105541,46,3,43,2
105542,62,11,51,2
105543,58,4,54,2
105544,58,6,52,2
105545,52,3,49,2
105546,52,6,46,2
105547,61,7,54,2
105548,48,2,46,2
105549,49,8,41,2
105550,51,8,43,2
105551,45,9,36,2
105552,55,4,51,2
105553,53,9,44,2
105554,57,4,53,2
105555,50,5,45,2
105556,60,12,48,2
105557,41,5,36,2
105558,59,5,54,2
105559,56,3,53,2
105560,51,9,42,2
105561,55,9,46,2
105562,66,6,60,2
105563,60,6,54,2
105564,56,3,53,2
105565,44,6,38,2
105566,50,6,44,2
105567,43,9,34,2
105568,45,12,33,2
105569,44,5,39,2
105570,51,8,43,2
105571,51,7,44,2
105572,55,5,50,2
105573,49,8,41,2
105574,57,8,49,2
105575,62,5,57,2
105576,53,3,50,2
105577,44,1,43,2
105578,55,8,47,2
105579,51,7,44,2
105580,58,7,51,2
105581,52,10,42,2
105582,56,9,47,2
105583,55,6,49,2
105584,65,7,58,2
105585,56,6,50,2
105586,54,3,51,2
105587,57,7,50,2
105588,53,5,48,2
105589,36,3,33,2
105590,55,4,51,2
105591,44,5,39,2
105592,49,5,44,2
105593,56,5,51,2
105594,57,5,52,2
105595,56,8,48,2
105596,56,4,52,2
105597,50,3,47,2
105598,56,4,52,2
105599,55,8,47,2
105600,39,7,32,2
105601,45,3,42,2
105602,54,8,46,2
105603,51,6,45,2
105604,58,9,49,2
105605,54,4,50,2
105606,58,4,54,2
105607,65,8,57,2
105608,49,3,46,2
105609,46,4,42,2
105610,56,5,51,2
105611,76,12,64,2
105612,58,8,50,2
105613,48,6,42,2
105614,52,5,47,2
105615,62,5,57,2
105616,52,5,47,2
105617,50,3,47,2
105618,56,11,45,2
105619,49,4,45,2
105620,54,3,51,2
105621,58,10,48,2
105622,62,6,56,2
105623,44,3,41,2
105624,47,4,43,2
105625,53,10,43,2
105626,55,5,50,2
105627,43,5,38,2
105628,66,11,55,2
105629,45,5,40,2
105630,60,9,51,2
105631,52,7,45,2
105632,45,4,41,2
105633,60,6,54,2
105634,53,4,49,2
105635,47,5,42,2
105636,56,6,50,2
105637,50,3,47,2
105638,52,5,47,2
105639,61,9,52,2
105640,61,11,50,2
105641,47,8,39,2
105642,39,3,36,2
105643,71,8,63,2
105644,46,7,39,2
105645,46,5,41,2
105646,46,5,41,2
105647,47,8,39,2
105648,53,5,48,2
105649,52,4,48,2
105650,53,6,47,2
105651,54,9,45,2
105652,48,4,44,2
105653,54,6,48,2
105654,62,6,56,2
105655,51,3,48,2
105656,61,9,52,2
105657,49,3,46,2
105658,56,4,52,2
105659,45,1,44,2
105660,58,7,51,2
105661,54,3,51,2
105662,54,8,46,2
105663,54,7,47,2
105664,46,5,41,2
105665,53,4,49,2
105666,53,7,46,2
105667,50,6,44,2
105668,61,7,54,2
105669,55,14,41,2
105670,62,3,59,2
105671,74,4,70,2
105672,44,10,34,2
105673,51,5,46,2
105674,40,5,35,2
105675,51,1,50,2
105676,51,7,44,2
105677,64,7,57,2
105678,56,7,49,2
105679,65,10,55,2
105680,56,4,52,2
105681,47,3,44,2
105682,62,9,53,2
105683,53,7,46,2
105684,52,7,45,2
105685,53,8,45,2
105686,55,11,44,2
105687,44,4,40,2
105688,50,2,48,2
105689,49,3,46,2
105690,39,7,32,2
105691,60,3,57,2
105692,59,7,52,2
105693,54,6,48,2
105694,60,8,52,2
105695,57,6,51,2
105696,42,10,32,2
105697,66,13,53,2
105698,53,3,50,2
105699,54,8,46,2
105700,51,6,45,2
105701,55,11,44,2
105702,43,7,36,2
105703,53,5,48,2
105704,50,5,45,2
105705,49,4,45,2
105706,68,10,58,2
105707,50,8,42,2
105708,68,9,59,2
105709,53,7,46,2
105710,55,8,47,2
105711,48,7,41,2
105712,68,14,54,2
105713,63,8,55,2
105714,67,9,58,2
105715,60,8,52,2
105716,54,5,49,2
105717,58,8,50,2
105718,51,8,43,2
105719,35,5,30,2
105720,50,6,44,2
105721,49,8,41,2
105722,53,5,48,2
105723,52,3,49,2
105724,55,6,49,2
105725,47,8,39,2
105726,52,7,45,2
105727,48,3,45,2
105728,54,7,47,2
105729,53,5,48,2
105730,61,8,53,2
105731,69,9,60,2
105732,66,10,56,2
105733,65,5,60,2
105734,49,4,45,2
105735,46,4,42,2
105736,66,11,55,2
105737,62,8,54,2
105738,46,3,43,2
105739,54,5,49,2
105740,53,4,49,2
105741,49,3,46,2
105742,54,7,47,2
105743,52,6,46,2
105744,69,8,61,2
105745,54,5,49,2
105746,47,6,41,2
105747,54,10,44,2
105748,54,2,52,2
105749,69,10,59,2
105750,63,8,55,2
105751,59,12,47,2
105752,57,6,51,2
105753,51,8,43,2
105754,42,2,40,2
105755,50,1,49,2
105756,61,8,53,2
105757,49,6,43,2
105758,52,8,44,2
105759,57,7,50,2
105760,34,2,32,2
105761,49,4,45,2
105762,68,6,62,2
105763,44,0,44,1
105764,60,4,56,2
105765,44,8,36,2
105766,38,7,31,2
105767,53,6,47,2
105768,54,3,51,2
105769,49,6,43,2
105770,49,4,45,2
105771,49,6,43,2
105772,51,5,46,2
105773,60,10,50,2
105774,71,10,61,2
105775,64,9,55,2
105776,48,6,42,2
105777,56,12,44,2
105778,47,6,41,2
105779,68,7,61,2
105780,50,7,43,2
105781,64,8,56,2
105782,53,7,46,2
105783,49,14,35,2
105784,56,6,50,2
105785,59,8,51,2
105786,56,9,47,2
105787,65,8,57,2
105788,68,8,60,2
105789,55,5,50,2
105790,56,10,46,2
105791,71,10,61,2
105792,53,7,46,2
105793,53,8,45,2
105794,70,10,60,2
105795,53,7,46,2
105796,56,8,48,2
105797,41,2,39,2
105798,62,8,54,2
105799,52,7,45,2
105800,53,3,50,2
105801,57,4,53,2
105802,55,4,51,2
105803,59,4,55,2
105804,52,3,49,2
105805,46,5,41,2
105806,46,4,42,2
105807,52,7,45,2
105808,53,8,45,2
105809,53,4,49,2
105810,55,8,47,2
105811,49,6,43,2
105812,58,12,46,2
105813,50,6,44,2
105814,61,7,54,2
105815,60,2,58,2
105816,48,9,39,2
105817,50,7,43,2
105818,51,4,47,2
105819,50,10,40,2
105820,72,18,54,2
105821,49,10,39,2
105822,54,8,46,2
105823,53,7,46,2
105824,58,6,52,2
105825,63,9,54,2
105826,55,11,44,2
105827,50,5,45,2
105828,60,7,53,2
105829,61,10,51,2
105830,58,2,56,2
105831,60,5,55,2
105832,57,12,45,2
105833,40,3,37,2
105834,48,10,38,2
105835,47,2,45,2
105836,47,4,43,2
105837,49,5,44,2
105838,53,6,47,2
105839,48,5,43,2
105840,53,7,46,2
105841,52,5,47,2
105842,60,9,51,2
105843,54,8,46,2
105844,56,5,51,2
105845,47,6,41,2
105846,57,9,48,2
105847,50,3,47,2
105848,48,4,44,2
105849,56,7,49,2
105850,56,5,51,2
105851,33,6,27,2
105852,54,10,44,2
105853,57,5,52,2
105854,73,8,65,2
105855,42,5,37,2
105856,68,15,53,2
105857,55,4,51,2
105858,62,5,57,2
105859,57,9,48,2
105860,51,6,45,2
105861,53,4,49,2
105862,50,10,40,2
105863,48,8,40,2
105864,51,13,38,2
105865,48,5,43,2
105866,47,2,45,2
105867,49,4,45,2
105868,44,11,33,2
105869,53,7,46,2
105870,51,6,45,2
105871,52,7,45,2
105872,50,4,46,2
105873,51,6,45,2
105874,42,8,34,2
105875,60,3,57,2
105876,51,4,47,2
105877,64,8,56,2
105878,63,9,54,2
105879,51,5,46,2
105880,47,7,40,2
105881,65,7,58,2
105882,47,6,41,2
105883,50,7,43,2
105884,54,9,45,2
105885,57,6,51,2
105886,54,1,53,2
105887,60,7,53,2
105888,54,9,45,2
105889,49,9,40,2
105890,58,9,49,2
105891,44,4,40,2
105892,61,6,55,2
105893,49,4,45,2
105894,50,6,44,2
105895,54,6,48,2
105896,46,6,40,2
105897,64,4,60,2
105898,57,9,48,2
105899,60,6,54,2
105900,56,4,52,2
105901,73,12,61,2
105902,49,6,43,2
105903,65,13,52,2
105904,45,5,40,2
105905,65,7,58,2
105906,57,5,52,2
105907,62,9,53,2
105908,61,2,59,2
105909,56,7,49,2
105910,68,10,58,2
105911,53,6,47,2
105912,57,5,52,2
105913,57,7,50,2
105914,54,5,49,2
105915,56,8,48,2
105916,58,6,52,2
105917,54,4,50,2
105918,51,4,47,2
105919,60,7,53,2
105920,46,5,41,2
105921,56,6,50,2
105922,52,9,43,2
105923,51,3,48,2
105924,57,6,51,2
105925,52,5,47,2
105926,55,6,49,2
105927,62,5,57,2
105928,66,16,50,2
105929,67,5,62,2
105930,50,9,41,2
105931,53,6,47,2
105932,49,10,39,2
105933,55,5,50,2
105934,61,6,55,2
105935,50,8,42,2
105936,56,5,51,2
105937,48,3,45,2
105938,53,6,47,2
105939,62,8,54,2
105940,54,7,47,2
105941,65,6,59,2
105942,66,11,55,2
105943,58,4,54,2
105944,56,8,48,2
105945,48,8,40,2
105946,57,11,46,2
105947,55,9,46,2
105948,49,6,43,2
105949,46,4,42,2
105950,52,7,45,2
105951,53,6,47,2
105952,43,5,38,2
105953,66,12,54,2
105954,59,10,49,2
105955,59,5,54,2
105956,56,4,52,2
105957,54,9,45,2
105958,57,5,52,2
105959,57,8,49,2
105960,63,5,58,2
105961,61,9,52,2
105962,65,1,64,2
105963,61,14,47,2
105964,56,3,53,2
105965,55,7,48,2
105966,59,8,51,2
105967,55,8,47,2
105968,59,5,54,2
105969,57,8,49,2
105970,43,3,40,2
105971,56,4,52,2
105972,56,9,47,2
105973,57,8,49,2
105974,63,5,58,2
105975,46,7,39,2
105976,59,5,54,2
105977,56,5,51,2
105978,46,7,39,2
105979,59,5,54,2
105980,53,9,44,2
105981,57,9,48,2
105982,60,7,53,2
105983,57,7,50,2
105984,55,2,53,2
105985,41,3,38,2
105986,62,7,55,2
105987,54,8,46,2
105988,49,2,47,2
105989,48,7,41,2
105990,49,10,39,2
105991,61,8,53,2
105992,55,10,45,2
105993,64,2,62,2
105994,61,5,56,2
105995,58,10,48,2
105996,56,8,48,2
105997,48,8,40,2
105998,68,5,63,2
105999,57,4,53,2
106000,51,6,45,2
106001,55,5,50,2
106002,43,3,40,2
106003,40,5,35,2
106004,60,10,50,2
106005,63,11,52,2
106006,50,5,45,2
106007,56,8,48,2
106008,53,10,43,2
106009,59,5,54,2
106010,50,5,45,2
106011,45,8,37,2
106012,60,4,56,2
106013,53,5,48,2
106014,55,8,47,2
106015,59,7,52,2
106016,54,5,49,2
106017,50,8,42,2
106018,65,10,55,2
106019,58,10,48,2
106020,60,9,51,2
106021,54,8,46,2
106022,49,3,46,2
106023,49,5,44,2
106024,54,6,48,2
106025,48,7,41,2
106026,40,6,34,2
106027,52,9,43,2
106028,55,8,47,2
106029,47,5,42,2
106030,63,8,55,2
106031,53,11,42,2
106032,74,3,71,2
106033,54,4,50,2
106034,60,11,49,2
106035,72,7,65,2
106036,65,10,55,2
106037,52,8,44,2
106038,51,4,47,2
106039,57,8,49,2
106040,53,6,47,2
106041,67,8,59,2
106042,47,10,37,2
106043,51,7,44,2
106044,42,3,39,2
106045,52,6,46,2
106046,50,3,47,2
106047,48,8,40,2
106048,63,4,59,2
106049,60,7,53,2
106050,48,3,45,2
106051,57,6,51,2
106052,53,6,47,2
106053,69,7,62,2
106054,43,4,39,2
106055,53,5,48,2
106056,50,6,44,2
106057,48,3,45,2
106058,46,6,40,2
106059,50,7,43,2
106060,63,5,58,2
106061,53,1,52,2
106062,61,9,52,2
106063,36,5,31,2
106064,56,8,48,2
106065,61,12,49,2
106066,52,12,40,2
106067,52,11,41,2
106068,41,9,32,2
106069,58,6,52,2
106070,52,7,45,2
106071,48,5,43,2
106072,56,6,50,2
106073,56,6,50,2
106074,46,6,40,2
106075,56,4,52,2
106076,40,1,39,2
106077,72,11,61,2
106078,59,10,49,2
106079,59,6,53,2
106080,50,4,46,2
106081,56,4,52,2
106082,58,7,51,2
106083,66,11,55,2
106084,52,3,49,2
106085,56,9,47,2
106086,62,8,54,2
106087,56,6,50,2
106088,64,10,54,2
106089,63,9,54,2
106090,53,4,49,2
106091,53,4,49,2
106092,61,8,53,2
106093,49,10,39,2
106094,60,9,51,2
106095,50,4,46,2
106096,69,6,63,2
106097,55,5,50,2
106098,54,5,49,2
106099,68,6,62,2
106100,62,5,57,2
106101,53,8,45,2
106102,43,4,39,2
106103,59,10,49,2
106104,70,11,59,2
106105,59,4,55,2
106106,50,8,42,2
106107,48,4,44,2
106108,44,6,38,2
106109,64,10,54,2
106110,52,6,46,2
106111,51,5,46,2
106112,54,2,52,2
106113,69,13,56,2
106114,56,2,54,2
106115,44,6,38,2
106116,51,5,46,2
106117,62,12,50,2
106118,53,8,45,2
106119,66,5,61,2
106120,50,5,45,2
106121,48,7,41,2
106122,65,12,53,2
106123,58,5,53,2
106124,55,8,47,2
106125,53,5,48,2
106126,62,5,57,2
106127,59,7,52,2
106128,50,6,44,2
106129,68,10,58,2
106130,53,8,45,2
106131,60,7,53,2
106132,56,6,50,2
106133,55,4,51,2
106134,42,5,37,2
106135,63,15,48,2
106136,56,5,51,2
106137,64,4,60,2
106138,61,8,53,2
106139,55,6,49,2
106140,60,11,49,2
106141,45,7,38,2
106142,60,7,53,2
106143,61,6,55,2
106144,46,6,40,2
106145,42,6,36,2
106146,52,7,45,2
106147,52,12,40,2
106148,59,7,52,2
106149,53,5,48,2
106150,71,11,60,2
106151,50,4,46,2
106152,58,7,51,2
106153,49,5,44,2
106154,65,9,56,2
106155,56,3,53,2
106156,52,7,45,2
106157,55,7,48,2
106158,52,5,47,2
106159,45,4,41,2
106160,56,11,45,2
106161,53,5,48,2
106162,55,6,49,2
106163,43,4,39,2
106164,60,11,49,2
106165,46,2,44,2
106166,49,4,45,2
106167,72,12,60,2
106168,42,8,34,2
106169,58,6,52,2
106170,35,4,31,2
106171,54,12,42,2
106172,61,3,58,2
106173,59,5,54,2
106174,53,8,45,2
106175,43,4,39,2
106176,55,6,49,2
106177,39,3,36,2
106178,59,3,56,2
106179,56,7,49,2
106180,57,8,49,2
106181,64,7,57,2
106182,58,9,49,2
106183,58,5,53,2
106184,47,2,45,2
106185,62,7,55,2
106186,44,6,38,2
106187,59,6,53,2
106188,58,6,52,2
106189,48,8,40,2
106190,54,8,46,2
106191,53,2,51,2
106192,60,12,48,2
106193,58,8,50,2
106194,69,8,61,2
106195,46,10,36,2
106196,65,8,57,2
106197,48,2,46,2
106198,45,6,39,2
106199,47,4,43,2
106200,64,9,55,2
106201,61,6,55,2
106202,49,5,44,2
106203,51,2,49,2
106204,50,6,44,2
106205,61,7,54,2
106206,72,10,62,2
106207,40,4,36,2
106208,55,7,48,2
106209,60,5,55,2
106210,65,12,53,2
106211,59,7,52,2
106212,56,9,47,2
106213,53,6,47,2
106214,44,5,39,2
106215,60,6,54,2
106216,78,14,64,2
106217,49,9,40,2
106218,51,9,42,2
106219,50,2,48,2
106220,52,8,44,2
106221,53,6,47,2
106222,76,12,64,2
106223,47,6,41,2
106224,57,7,50,2
106225,57,6,51,2
106226,52,4,48,2
106227,46,3,43,2
106228,55,8,47,2
106229,65,9,56,2
106230,56,9,47,2
106231,57,4,53,2
106232,55,5,50,2
106233,43,6,37,2
106234,48,2,46,2
106235,66,10,56,2
106236,58,6,52,2
106237,59,7,52,2
106238,52,3,49,2
106239,60,9,51,2
106240,64,6,58,2
106241,43,6,37,2
106242,63,7,56,2
106243,51,3,48,2
106244,37,3,34,2
106245,52,7,45,2
106246,57,8,49,2
106247,43,8,35,2
106248,49,5,44,2
106249,57,6,51,2
106250,55,9,46,2
106251,60,15,45,2
106252,53,4,49,2
106253,52,7,45,2
106254,48,4,44,2
106255,49,6,43,2
106256,64,9,55,2
106257,56,6,50,2
106258,54,6,48,2
106259,50,6,44,2
106260,57,5,52,2
106261,54,7,47,2
106262,73,8,65,2
106263,53,10,43,2
106264,52,8,44,2
106265,45,4,41,2
106266,66,3,63,2
106267,44,5,39,2
106268,44,8,36,2
106269,43,7,36,2
106270,47,6,41,2
106271,50,3,47,2
106272,50,6,44,2
106273,51,3,48,2
106274,67,8,59,2
106275,43,4,39,2
106276,47,7,40,2
106277,50,6,44,2
106278,48,5,43,2
106279,54,4,50,2
106280,56,7,49,2
106281,59,5,54,2
106282,54,5,49,2
106283,44,4,40,2
106284,48,6,42,2
106285,63,6,57,2
106286,48,4,44,2
106287,71,9,62,2
106288,48,7,41,2
106289,55,6,49,2
106290,51,9,42,2
106291,44,5,39,2
106292,51,6,45,2
106293,60,9,51,2
106294,58,8,50,2
106295,58,11,47,2
106296,55,9,46,2
106297,45,9,36,2
106298,59,5,54,2
106299,59,8,51,2
106300,53,10,43,2
106301,68,9,59,2
106302,67,7,60,2
106303,56,5,51,2
106304,56,5,51,2
106305,60,9,51,2
106306,48,6,42,2
106307,60,13,47,2
106308,51,5,46,2
106309,64,4,60,2
106310,46,4,42,2
106311,47,6,41,2
106312,60,10,50,2
106313,42,1,41,2
106314,46,5,41,2
106315,68,6,62,2
106316,49,9,40,2
106317,46,4,42,2
106318,48,8,40,2
106319,53,7,46,2
106320,45,6,39,2
106321,52,7,45,2
106322,55,7,48,2
106323,55,6,49,2
106324,65,9,56,2
106325,42,3,39,2
106326,76,13,63,2
106327,59,6,53,2
106328,58,6,52,2
106329,46,5,41,2
106330,57,9,48,2
106331,46,5,41,2
106332,59,7,52,2
106333,43,3,40,2
106334,65,7,58,2
106335,48,5,43,2
106336,60,7,53,2
106337,56,10,46,2
106338,38,5,33,2
106339,55,2,53,2
106340,57,4,53,2
106341,56,4,52,2
106342,56,6,50,2
106343,55,6,49,2
106344,61,4,57,2
106345,63,7,56,2
106346,30,6,24,2
106347,54,6,48,2
106348,58,6,52,2
106349,56,3,53,2
106350,47,6,41,2
106351,46,6,40,2
106352,48,5,43,2
106353,63,8,55,2
106354,69,12,57,2
106355,40,6,34,2
106356,52,7,45,2
106357,60,3,57,2
106358,55,5,50,2
106359,44,4,40,2
106360,56,5,51,2
106361,52,5,47,2
106362,49,7,42,2
106363,54,8,46,2
106364,62,9,53,2
106365,50,9,41,2
106366,44,3,41,2
106367,51,8,43,2
106368,68,9,59,2
106369,52,8,44,2
106370,43,5,38,2
106371,52,2,50,2
106372,65,7,58,2
106373,58,9,49,2
106374,53,6,47,2
106375,77,5,72,2
106376,53,9,44,2
106377,53,6,47,2
106378,44,5,39,2
106379,51,6,45,2
106380,48,8,40,2
106381,57,4,53,2
106382,55,3,52,2
106383,58,7,51,2
106384,60,4,56,2
106385,57,6,51,2
106386,47,7,40,2
106387,56,8,48,2
106388,57,8,49,2
106389,50,2,48,2
106390,54,7,47,2
106391,52,12,40,2
106392,61,7,54,2
106393,69,8,61,2
106394,44,4,40,2
106395,59,11,48,2
106396,55,8,47,2
106397,57,7,50,2
106398,49,6,43,2
106399,49,5,44,2
106400,59,5,54,2
106401,72,12,60,2
106402,40,1,39,2
106403,37,4,33,2
106404,57,4,53,2
106405,56,3,53,2
106406,56,3,53,2
106407,43,3,40,2
106408,60,7,53,2
106409,68,7,61,2
106410,66,6,60,2
106411,56,9,47,2
106412,64,6,58,2
106413,52,6,46,2
106414,64,8,56,2
106415,57,11,46,2
106416,59,5,54,2
106417,67,9,58,2
106418,58,5,53,2
106419,61,7,54,2
106420,44,8,36,2
106421,41,4,37,2
106422,49,6,43,2
106423,64,8,56,2
106424,58,8,50,2
106425,62,6,56,2
106426,45,8,37,2
106427,56,5,51,2
106428,67,9,58,2
106429,57,5,52,2
106430,60,7,53,2
106431,47,7,40,2
106432,48,7,41,2
106433,52,7,45,2
106434,46,4,42,2
106435,57,7,50,2
106436,47,4,43,2
106437,46,0,46,1
106438,56,6,50,2
106439,50,7,43,2
106440,50,7,43,2
106441,47,3,44,2
106442,53,4,49,2
106443,47,9,38,2
106444,51,4,47,2
106445,57,3,54,2
106446,53,4,49,2
106447,61,6,55,2
106448,43,5,38,2
106449,51,3,48,2
106450,47,3,44,2
106451,55,10,45,2
106452,52,10,42,2
106453,51,3,48,2
106454,51,6,45,2
106455,59,6,53,2
106456,60,9,51,2
106457,59,7,52,2
106458,47,5,42,2
106459,47,7,40,2
106460,61,8,53,2
106461,65,12,53,2
106462,75,11,64,2
106463,53,5,48,2
106464,56,9,47,2
106465,53,9,44,2
106466,46,3,43,2
106468,56,6,50,2
106469,40,4,36,2
106470,47,3,44,2
106471,61,6,55,2
106472,42,4,38,2
106473,50,7,43,2
106474,54,6,48,2
106475,38,7,31,2
106476,52,6,46,2
106477,52,7,45,2
106478,65,11,54,2
106479,42,5,37,2
106480,56,5,51,2
106481,49,5,44,2
106482,59,5,54,2
106483,55,6,49,2
106484,39,5,34,2
106485,55,7,48,2
106486,48,5,43,2
106487,59,10,49,2
106488,54,7,47,2
106489,47,6,41,2
106490,50,5,45,2
106491,55,13,42,2
106492,52,7,45,2
106493,76,13,63,2
106494,47,2,45,2
106495,46,4,42,2
106496,69,11,58,2
106497,53,3,50,2
106498,47,5,42,2
106499,55,4,51,2
106500,50,9,41,2
106501,46,4,42,2
106502,56,11,45,2
106503,51,8,43,2
106504,63,4,59,2
106505,54,8,46,2
106506,44,5,39,2
106507,52,4,48,2
106508,48,6,42,2
106509,60,4,56,2
106510,42,5,37,2
106511,64,7,57,2
106512,46,2,44,2
106513,46,3,43,2
106514,48,3,45,2
106515,55,2,53,2
106516,53,9,44,2
106517,47,13,34,2
106518,45,4,41,2
106519,40,7,33,2
106520,61,10,51,2
106521,67,6,61,2
106522,47,6,41,2
106523,75,8,67,2
106524,59,14,45,2
106525,54,7,47,2
106526,61,5,56,2
106527,51,7,44,2
106528,59,4,55,2
106529,55,5,50,2
106530,53,8,45,2
106531,53,4,49,2
106532,52,5,47,2
106533,48,3,45,2
106534,59,8,51,2
106535,62,6,56,2
106536,51,8,43,2
106537,52,10,42,2
106538,63,4,59,2
106539,42,3,39,2
106540,62,7,55,2
106541,48,6,42,2
106542,53,8,45,2
106543,58,11,47,2
106544,47,5,42,2
106545,66,10,56,2
106546,58,3,55,2
106547,63,7,56,2
106548,48,7,41,2
106549,51,1,50,2
106550,50,9,41,2
106551,50,9,41,2
106552,64,5,59,2
106553,54,8,46,2
106554,51,4,47,2
106555,66,7,59,2
106556,59,7,52,2
106557,61,4,57,2
106558,50,7,43,2
106559,60,8,52,2
106560,60,10,50,2
106561,55,7,48,2
106562,63,5,58,2
106563,47,4,43,2
106564,52,7,45,2
106565,55,6,49,2
106566,46,6,40,2
106567,69,7,62,2
106568,61,7,54,2
106569,56,7,49,2
106570,53,9,44,2
106571,65,10,55,2
106572,57,12,45,2
106573,53,5,48,2
106574,52,4,48,2
106575,63,6,57,2
106576,65,8,57,2
106577,64,9,55,2
106578,50,8,42,2
106579,40,6,34,2
106580,51,7,44,2
106581,58,8,50,2
106582,49,3,46,2
106583,64,2,62,2
106584,64,6,58,2
106585,38,4,34,2
106586,63,7,56,2
106587,58,14,44,2
106588,55,4,51,2
106589,57,8,49,2
106590,63,10,53,2
106591,53,5,48,2
106592,53,4,49,2
106593,49,8,41,2
106594,45,4,41,2
106595,62,7,55,2
106596,59,6,53,2
106597,53,6,47,2
106598,56,7,49,2
106599,54,5,49,2
106600,65,4,61,2
106601,43,5,38,2
106602,54,7,47,2
106603,62,8,54,2
106604,74,3,71,2
106605,54,3,51,2
106606,45,4,41,2
106607,60,8,52,2
106608,67,11,56,2
106609,53,8,45,2
106610,56,6,50,2
106611,56,9,47,2
106612,63,8,55,2
106613,49,10,39,2
106614,42,6,36,2
106615,59,8,51,2
106616,65,5,60,2
106617,61,6,55,2
106618,47,6,41,2
106619,49,8,41,2
106620,62,8,54,2
106621,59,9,50,2
106622,50,5,45,2
106623,50,4,46,2
106624,44,6,38,2
106625,62,8,54,2
106626,57,4,53,2
106627,45,4,41,2
106628,58,10,48,2
106629,62,6,56,2
106630,61,7,54,2
106631,59,6,53,2
106632,46,8,38,2
106633,55,8,47,2
106634,58,9,49,2
106635,60,10,50,2
106636,50,6,44,2
106637,51,6,45,2
106638,58,5,53,2
106639,50,6,44,2
106640,64,12,52,2
106641,50,5,45,2
106642,64,5,59,2
106643,51,5,46,2
106644,63,9,54,2
106645,50,6,44,2
106646,48,4,44,2
106647,53,10,43,2
106648,48,7,41,2
106649,65,6,59,2
106650,60,14,46,2
106651,53,8,45,2
106652,56,6,50,2
106653,52,6,46,2
106654,39,7,32,2
106655,60,11,49,2
106656,51,6,45,2
106657,61,4,57,2
106658,57,9,48,2
106659,51,3,48,2
106660,50,8,42,2
106661,53,8,45,2
106662,56,7,49,2
106663,54,9,45,2
106664,42,4,38,2
106665,53,7,46,2
106666,56,4,52,2
106667,61,10,51,2
106668,57,9,48,2
106669,52,6,46,2
106670,55,10,45,2
106671,57,8,49,2
106672,57,4,53,2
106673,33,4,29,2
106674,55,7,48,2
106675,55,5,50,2
106676,51,4,47,2
106677,54,4,50,2
106678,52,8,44,2
106679,56,4,52,2
106680,55,11,44,2
106681,55,9,46,2
106682,40,6,34,2
106683,46,4,42,2
106684,67,8,59,2
106685,39,8,31,2
106686,48,7,41,2
106687,44,6,38,2
106688,66,8,58,2
106689,52,4,48,2
106690,58,4,54,2
106691,65,10,55,2
106692,47,5,42,2
106693,54,8,46,2
106694,64,6,58,2
106695,39,3,36,2
106696,52,4,48,2
106697,48,6,42,2
106698,68,7,61,2
106699,46,3,43,2
106700,56,8,48,2
106701,55,6,49,2
106702,63,5,58,2
106703,48,7,41,2
106704,59,4,55,2
106705,60,9,51,2
106706,60,3,57,2
106707,58,4,54,2
106708,45,12,33,2
106709,56,4,52,2
106710,56,9,47,2
106711,53,5,48,2
106712,54,6,48,2
106713,63,8,55,2
106714,54,10,44,2
106715,58,12,46,2
106716,57,5,52,2
106717,54,6,48,2
106718,47,7,40,2
106719,57,8,49,2
106720,49,7,42,2
106721,57,12,45,2
106722,67,8,59,2
106723,56,9,47,2
106724,57,8,49,2
106725,45,5,40,2
106726,55,9,46,2
106727,65,7,58,2
106728,54,2,52,2
106729,55,6,49,2
106730,55,5,50,2
106731,47,4,43,2
106732,65,6,59,2
106733,38,5,33,2
106734,57,7,50,2
106735,51,7,44,2
106736,73,11,62,2
106737,62,7,55,2
106738,64,8,56,2
106739,67,7,60,2
106740,39,4,35,2
106741,49,5,44,2
106742,58,6,52,2
106743,56,6,50,2
106744,49,6,43,2
106745,68,10,58,2
106746,57,8,49,2
106747,55,6,49,2
106748,48,6,42,2
106749,61,3,58,2
106750,60,10,50,2
106751,60,10,50,2
106752,45,5,40,2
106753,56,4,52,2
106754,54,4,50,2
106755,51,4,47,2
106756,62,3,59,2
106757,60,8,52,2
106758,59,7,52,2
106759,63,7,56,2
106760,71,5,66,2
106761,60,7,53,2
106762,47,8,39,2
106763,59,12,47,2
106764,56,6,50,2
106765,47,7,40,2
106766,49,6,43,2
106767,49,6,43,2
106768,61,3,58,2
106769,47,1,46,2
106770,49,6,43,2
106771,45,3,42,2
106772,48,7,41,2
106773,48,4,44,2
106774,52,8,44,2
106775,56,10,46,2
106776,76,12,64,2
106777,59,8,51,2
106778,56,5,51,2
106779,52,6,46,2
106780,54,4,50,2
106781,60,8,52,2
106782,67,3,64,2
106783,54,4,50,2
106784,55,3,52,2
106785,55,11,44,2
106786,52,9,43,2
106787,45,5,40,2
106788,64,15,49,2
106789,59,7,52,2
106790,58,11,47,2
106791,58,9,49,2
106792,61,6,55,2
106793,52,4,48,2
106794,59,8,51,2
106795,67,5,62,2
106796,51,6,45,2
106797,73,10,63,2
106798,53,5,48,2
106799,61,6,55,2
106800,53,11,42,2
106801,55,6,49,2
106802,62,11,51,2
106803,62,9,53,2
106804,58,4,54,2
106805,62,10,52,2
106806,57,4,53,2
106807,55,7,48,2
106808,48,5,43,2
106809,53,11,42,2
106810,49,4,45,2
106811,63,12,51,2
106812,65,7,58,2
106813,47,6,41,2
106814,50,10,40,2
106815,56,5,51,2
106816,68,10,58,2
106817,52,7,45,2
106818,36,4,32,2
106819,60,4,56,2
106820,56,6,50,2
106821,58,6,52,2
106822,72,9,63,2
106823,45,4,41,2
106824,61,5,56,2
106825,42,8,34,2
106826,51,3,48,2
106827,53,8,45,2
106828,61,10,51,2
106829,49,4,45,2
106830,49,9,40,2
106831,56,12,44,2
106832,62,8,54,2
106833,62,5,57,2
106834,55,9,46,2
106835,56,6,50,2
106836,56,9,47,2
106837,39,5,34,2
106838,60,10,50,2
106839,60,8,52,2
106840,49,10,39,2
106841,54,11,43,2
106842,50,7,43,2
106843,53,2,51,2
106844,63,2,61,2
106845,54,9,45,2
106846,53,1,52,2
106847,61,4,57,2
106848,62,7,55,2
106849,48,7,41,2
106850,57,9,48,2
106851,52,6,46,2
106852,76,8,68,2
106853,51,6,45,2
106854,47,5,42,2
106855,61,10,51,2
106856,50,9,41,2
106857,46,3,43,2
106858,62,7,55,2
106859,52,10,42,2
106860,65,9,56,2
106861,61,10,51,2
106862,46,4,42,2
106863,49,6,43,2
106864,55,5,50,2
106865,59,9,50,2
106866,53,6,47,2
106867,54,5,49,2
106868,50,6,44,2
106869,56,12,44,2
106870,61,8,53,2
106871,37,7,30,2
106872,51,3,48,2
106873,57,8,49,2
106874,52,2,50,2
106875,46,4,42,2
106876,56,8,48,2
106877,47,5,42,2
106878,59,12,47,2
106879,58,5,53,2
106880,61,12,49,2
106881,53,4,49,2
106882,52,7,45,2
106883,54,9,45,2
106884,58,8,50,2
106885,43,6,37,2
106886,44,10,34,2
106887,52,4,48,2
106888,46,6,40,2
106889,41,8,33,2
106890,40,4,36,2
106891,62,5,57,2
106892,54,4,50,2
106893,52,4,48,2
106894,50,4,46,2
106895,59,6,53,2
106896,59,8,51,2
106897,68,11,57,2
106898,57,5,52,2
106899,51,7,44,2
106900,53,8,45,2
106901,60,8,52,2
106902,51,4,47,2
106903,45,4,41,2
106904,53,2,51,2
106905,49,6,43,2
106906,41,5,36,2
106907,53,7,46,2
106908,59,7,52,2
106909,56,7,49,2
106910,46,7,39,2
106911,50,7,43,2
106912,43,6,37,2
106913,58,7,51,2
106914,54,7,47,2
106915,41,3,38,2
106916,59,4,55,2
106917,50,5,45,2
106918,40,6,34,2
106919,63,5,58,2
106920,49,7,42,2
106921,47,7,40,2
106922,46,9,37,2
106923,56,6,50,2
106924,59,5,54,2
106925,54,11,43,2
106926,59,6,53,2
106927,55,4,51,2
106928,49,5,44,2
106929,29,3,26,2
106930,46,5,41,2
106931,43,3,40,2
106932,56,7,49,2
106933,62,8,54,2
106934,51,7,44,2
106935,51,2,49,2
106936,56,6,50,2
106937,50,10,40,2
106938,50,4,46,2
106939,50,6,44,2
106940,53,10,43,2
106941,52,7,45,2
106942,61,6,55,2
106943,56,8,48,2
106944,48,6,42,2
106945,50,7,43,2
106946,51,5,46,2
106947,56,4,52,2
106948,56,4,52,2
106949,64,6,58,2
106950,48,6,42,2
106951,49,5,44,2
106952,54,2,52,2
106953,38,3,35,2
106954,42,7,35,2
106955,49,6,43,2
106956,38,4,34,2
106957,57,8,49,2
106958,38,5,33,2
106959,56,5,51,2
106960,56,6,50,2
106961,56,7,49,2
106962,42,4,38,2
106963,54,7,47,2
106964,82,8,74,2
106965,46,2,44,2
106966,42,4,38,2
106967,65,9,56,2
106968,46,5,41,2
106969,73,9,64,2
106970,59,9,50,2
106971,43,4,39,2
106972,64,7,57,2
106973,56,4,52,2
106974,54,11,43,2
106975,42,3,39,2
106976,57,9,48,2
106977,43,1,42,2
106978,59,8,51,2
106979,51,5,46,2
106980,67,8,59,2
106981,48,10,38,2
106982,50,4,46,2
106983,55,5,50,2
106984,63,5,58,2
106985,59,5,54,2
106986,56,6,50,2
106987,35,2,33,2
106988,45,7,38,2
106989,52,6,46,2
106990,62,9,53,2
106991,44,7,37,2
106992,63,12,51,2
106993,58,4,54,2
106994,62,4,58,2
106995,57,7,50,2
106996,44,3,41,2
106997,56,9,47,2
106998,49,3,46,2
106999,59,5,54,2
107000,57,7,50,2
107001,56,10,46,2
107002,48,4,44,2
107003,53,6,47,2
107004,56,5,51,2
107005,62,5,57,2
107006,61,5,56,2
107007,60,7,53,2
107008,34,4,30,2
107009,63,6,57,2
107010,80,7,73,2
107011,61,10,51,2
107012,60,6,54,2
107013,47,7,40,2
107014,56,3,53,2
107015,58,8,50,2
107016,63,6,57,2
107017,54,3,51,2
107018,62,8,54,2
107019,62,6,56,2
107020,62,7,55,2
107021,50,7,43,2
107022,44,6,38,2
107023,55,7,48,2
107024,56,9,47,2
107025,64,8,56,2
107026,56,6,50,2
107027,60,11,49,2
107028,58,8,50,2
107029,44,3,41,2
107030,58,13,45,2
107031,53,4,49,2
107032,47,8,39,2
107033,73,10,63,2
107034,44,3,41,2
107035,54,6,48,2
107036,48,7,41,2
107037,59,10,49,2
107038,59,8,51,2
107039,55,9,46,2
107040,47,2,45,2
107041,50,9,41,2
107042,60,6,54,2
107043,39,6,33,2
107044,41,3,38,2
107045,38,8,30,2
107046,74,13,61,2
107047,55,10,45,2
107048,53,5,48,2
107049,59,9,50,2
107050,50,3,47,2
107051,58,5,53,2
107052,56,5,51,2
107053,56,5,51,2
107054,58,12,46,2
107055,45,5,40,2
107056,45,7,38,2
107057,45,6,39,2
107058,56,15,41,2
107059,45,6,39,2
107060,64,5,59,2
107061,53,4,49,2
107062,61,7,54,2
107063,53,4,49,2
107064,45,8,37,2
107065,55,7,48,2
107066,61,10,51,2
107067,57,6,51,2
107068,67,9,58,2
107069,55,4,51,2
107070,55,7,48,2
107071,55,3,52,2
107072,61,9,52,2
107073,51,8,43,2
107074,58,5,53,2
107075,45,8,37,2
107076,67,5,62,2
107077,48,9,39,2
107078,44,2,42,2
107079,47,4,43,2
107080,62,5,57,2
107081,50,5,45,2
107082,45,4,41,2
107083,49,2,47,2
107084,59,6,53,2
107085,65,8,57,2
107086,55,8,47,2
107087,60,8,52,2
107088,66,7,59,2
107089,65,6,59,2
107090,54,4,50,2
107091,54,5,49,2
107092,58,6,52,2
107093,51,2,49,2
107094,53,3,50,2
107095,55,4,51,2
107096,60,3,57,2
107097,62,5,57,2
107098,50,10,40,2
107099,54,3,51,2
107100,54,2,52,2
107101,51,7,44,2
107102,46,5,41,2
107103,47,7,40,2
107104,63,9,54,2
107105,55,5,50,2
107106,52,4,48,2
107107,68,11,57,2
107108,58,5,53,2
107109,51,4,47,2
107110,53,5,48,2
107111,60,5,55,2
107112,57,5,52,2
107113,56,9,47,2
107114,59,4,55,2
107115,57,7,50,2
107116,66,9,57,2
107117,52,5,47,2
107118,58,8,50,2
107119,65,13,52,2
107120,59,3,56,2
107121,57,8,49,2
107122,59,4,55,2
107123,48,4,44,2
107124,59,8,51,2
107125,61,6,55,2
107126,62,7,55,2
107127,58,8,50,2
107128,56,7,49,2
107129,60,9,51,2
107130,58,6,52,2
107131,63,4,59,2
107132,54,6,48,2
107133,41,9,32,2
107134,43,6,37,2
107135,58,8,50,2
107136,50,4,46,2
107137,46,6,40,2
107138,60,5,55,2
107139,37,4,33,2
107140,47,7,40,2
107141,48,7,41,2
107142,77,7,70,2
107143,52,4,48,2
107144,54,3,51,2
107145,51,6,45,2
107146,51,5,46,2
107147,61,12,49,2
107148,57,7,50,2
107149,55,5,50,2
107150,56,10,46,2
107151,50,7,43,2
107152,52,4,48,2
107153,48,5,43,2
107154,40,4,36,2
107155,52,6,46,2
107156,48,8,40,2
107157,57,7,50,2
107158,46,8,38,2
107159,47,5,42,2
107160,52,5,47,2
107161,48,3,45,2
107162,56,7,49,2
107163,63,7,56,2
107164,63,6,57,2
107165,59,5,54,2
107166,59,6,53,2
107167,55,6,49,2
107168,51,10,41,2
107169,50,3,47,2
107170,64,7,57,2
107171,57,4,53,2
107172,51,5,46,2
107173,66,7,59,2
107174,58,5,53,2
107175,57,11,46,2
107176,57,5,52,2
107177,62,10,52,2
107178,52,8,44,2
107179,50,5,45,2
107180,60,6,54,2
107181,47,6,41,2
107182,61,9,52,2
107183,61,5,56,2
107184,52,9,43,2
107185,62,5,57,2
107186,52,6,46,2
107187,52,8,44,2
107188,49,7,42,2
107189,53,8,45,2
107190,54,7,47,2
107191,49,3,46,2
107192,47,9,38,2
107193,55,7,48,2
107194,52,10,42,2
107195,52,8,44,2
107196,58,7,51,2
107197,42,7,35,2
107198,49,5,44,2
107199,49,6,43,2
107200,63,7,56,2
107201,63,6,57,2
107202,52,6,46,2
107203,50,4,46,2
107204,70,12,58,2
107205,46,5,41,2
107206,58,5,53,2
107207,48,9,39,2
107208,56,10,46,2
107209,61,5,56,2
107210,62,3,59,2
107211,50,7,43,2
107212,49,5,44,2
107213,51,4,47,2
107214,51,9,42,2
107215,50,2,48,2
107216,58,5,53,2
107217,53,8,45,2
107218,65,9,56,2
107219,53,4,49,2
107220,51,6,45,2
107221,56,4,52,2
107222,60,7,53,2
107223,66,9,57,2
107224,62,4,58,2
107225,48,6,42,2
107226,54,5,49,2
107227,48,5,43,2
107228,64,5,59,2
107229,57,8,49,2
107230,64,5,59,2
107231,56,9,47,2
107232,59,9,50,2
107233,55,3,52,2
107234,55,8,47,2
107235,61,8,53,2
107236,61,7,54,2
107237,60,9,51,2
107238,63,9,54,2
107239,65,6,59,2
107240,58,6,52,2
107241,54,12,42,2
107242,55,4,51,2
107243,66,6,60,2
107244,59,5,54,2
107245,48,6,42,2
107246,51,5,46,2
107247,69,10,59,2
107248,54,6,48,2
107249,49,4,45,2
107250,63,5,58,2
107251,51,5,46,2
107252,66,6,60,2
107253,40,8,32,2
107254,60,8,52,2
107255,56,4,52,2
107256,55,5,50,2
107257,58,7,51,2
107258,61,7,54,2
107259,54,6,48,2
107260,60,8,52,2
107261,44,4,40,2
107262,62,7,55,2
107263,63,11,52,2
107264,69,12,57,2
107265,54,5,49,2
107266,43,2,41,2
107267,55,5,50,2
107268,62,6,56,2
107269,54,5,49,2
107270,37,7,30,2
107271,64,10,54,2
107272,44,12,32,2
107273,62,8,54,2
107274,49,4,45,2
107275,62,6,56,2
107276,56,2,54,2
107277,47,6,41,2
107278,57,7,50,2
107279,69,8,61,2
107280,57,4,53,2
107281,40,6,34,2
107282,54,11,43,2
107283,50,5,45,2
107284,53,6,47,2
107285,56,8,48,2
107286,51,3,48,2
107287,42,4,38,2
107288,55,6,49,2
107289,59,11,48,2
107290,52,5,47,2
107291,67,9,58,2
107292,56,9,47,2
107293,59,5,54,2
107294,49,0,49,1
107295,55,6,49,2
107296,63,9,54,2
107297,51,8,43,2
107298,43,3,40,2
107299,49,5,44,2
107300,53,9,44,2
107301,47,10,37,2
107302,49,4,45,2
107303,47,5,42,2
107304,60,8,52,2
107305,48,7,41,2
107306,49,6,43,2
107307,49,9,40,2
107308,61,3,58,2
107309,73,8,65,2
107310,44,2,42,2
107311,43,4,39,2
107312,49,6,43,2
107313,54,6,48,2
107314,55,2,53,2
107315,56,6,50,2
107316,49,4,45,2
107317,41,6,35,2
107318,54,5,49,2
107319,43,10,33,2
107320,59,9,50,2
107321,55,8,47,2
107322,41,8,33,2
107323,61,6,55,2
107324,68,9,59,2
107325,45,3,42,2
107326,48,6,42,2
107327,69,9,60,2
107328,45,2,43,2
107329,46,2,44,2
107330,70,10,60,2
107331,53,4,49,2
107332,43,5,38,2
107333,46,4,42,2
107334,44,6,38,2
107335,53,4,49,2
107336,64,9,55,2
107337,45,3,42,2
107338,64,9,55,2
107339,57,7,50,2
107340,59,10,49,2
107341,51,5,46,2
107342,63,6,57,2
107343,47,3,44,2
107344,49,6,43,2
107345,63,9,54,2
107346,52,5,47,2
107347,50,7,43,2
107348,51,7,44,2
107349,46,6,40,2
107350,61,9,52,2
107351,61,7,54,2
107352,65,8,57,2
107353,49,4,45,2
107354,60,3,57,2
107355,58,6,52,2
107356,47,5,42,2
107357,44,6,38,2
107358,63,7,56,2
107359,45,3,42,2
107360,51,8,43,2
107361,46,7,39,2
107362,56,6,50,2
107363,56,6,50,2
107364,49,6,43,2
107365,50,6,44,2
107366,65,14,51,2
107367,52,8,44,2
107368,66,8,58,2
107369,59,7,52,2
107370,56,6,50,2
107371,59,7,52,2
107372,62,8,54,2
107373,54,6,48,2
107374,56,3,53,2
107375,60,8,52,2
107376,51,9,42,2
107377,67,7,60,2
107378,62,4,58,2
107379,63,4,59,2
107380,53,8,45,2
107381,47,3,44,2
107382,51,7,44,2
107383,60,7,53,2
107384,57,6,51,2
107385,64,6,58,2
107386,52,4,48,2
107387,49,5,44,2
107388,64,7,57,2
107389,41,3,38,2
107390,48,5,43,2
107391,56,4,52,2
107392,37,5,32,2
107393,49,5,44,2
107394,60,7,53,2
107395,48,4,44,2
107396,63,7,56,2
107397,54,5,49,2
107398,54,6,48,2
107399,50,2,48,2
107400,43,3,40,2
107401,47,6,41,2
107402,64,9,55,2
107403,49,7,42,2
107404,49,4,45,2
107405,42,4,38,2
107406,58,5,53,2
107407,63,5,58,2
107408,48,7,41,2
107409,60,10,50,2
107410,48,5,43,2
107411,61,4,57,2
107412,66,6,60,2
107413,59,12,47,2
107414,54,3,51,2
107415,57,7,50,2
107416,53,6,47,2
107417,42,7,35,2
107418,57,9,48,2
107419,61,9,52,2
107420,49,6,43,2
107421,51,7,44,2
107422,61,8,53,2
107423,56,8,48,2
107424,51,3,48,2
107425,42,4,38,2
107426,66,9,57,2
107427,51,4,47,2
107428,34,3,31,2
107429,65,6,59,2
107430,51,7,44,2
107431,59,6,53,2
107432,59,7,52,2
107433,45,5,40,2
107434,48,8,40,2
107435,55,5,50,2
107436,54,10,44,2
107437,68,8,60,2
107438,51,11,40,2
107439,56,7,49,2
107440,53,7,46,2
107441,64,5,59,2
107442,63,8,55,2
107443,49,9,40,2
107444,58,7,51,2
107445,43,6,37,2
107446,59,3,56,2
107447,61,8,53,2
107448,53,6,47,2
107449,56,3,53,2
107450,55,10,45,2
107451,57,7,50,2
107452,42,8,34,2
107453,37,6,31,2
107454,54,8,46,2
107455,60,9,51,2
107456,58,7,51,2
107457,64,8,56,2
107458,63,7,56,2
107459,58,8,50,2
107460,50,9,41,2
107461,60,2,58,2
107462,65,11,54,2
107463,61,7,54,2
107464,61,13,48,2
107465,57,5,52,2
107466,55,6,49,2
107467,60,5,55,2
107468,59,4,55,2
107469,57,7,50,2
107470,65,6,59,2
107471,61,8,53,2
107472,56,10,46,2
107473,58,7,51,2
107474,57,5,52,2
107475,53,3,50,2
107476,50,3,47,2
107477,50,7,43,2
107478,55,8,47,2
107479,51,4,47,2
107480,60,15,45,2
107481,53,6,47,2
107482,63,10,53,2
107483,58,9,49,2
107484,66,9,57,2
107485,62,4,58,2
107486,48,6,42,2
107487,44,5,39,2
107488,48,5,43,2
107489,65,7,58,2
107490,64,8,56,2
107491,56,6,50,2
107492,62,4,58,2
107493,49,6,43,2
107494,39,4,35,2
107495,54,8,46,2
107496,58,6,52,2
107497,50,5,45,2
107498,57,4,53,2
107499,59,8,51,2
107500,49,8,41,2
107501,61,8,53,2
107502,51,9,42,2
107503,65,11,54,2
107504,54,7,47,2
107505,61,5,56,2
107506,50,5,45,2
107507,48,2,46,2
107508,48,4,44,2
107509,53,9,44,2
107510,49,7,42,2
107511,47,3,44,2
107512,59,11,48,2
107513,62,3,59,2
107514,51,6,45,2
107515,60,6,54,2
107516,52,10,42,2
107517,60,11,49,2
107518,44,5,39,2
107519,46,4,42,2
107520,45,6,39,2
107521,48,5,43,2
107522,66,6,60,2
107523,44,3,41,2
107524,43,9,34,2
107525,54,3,51,2
107526,45,3,42,2
107527,46,5,41,2
107528,54,3,51,2
107529,51,3,48,2
107530,65,11,54,2
107531,54,6,48,2
107532,42,6,36,2
107533,54,8,46,2
107534,62,9,53,2
107535,53,11,42,2
107536,53,5,48,2
107537,62,5,57,2
107538,54,7,47,2
107539,42,6,36,2
107540,56,9,47,2
107541,47,11,36,2
107542,44,6,38,2
107543,64,9,55,2
107544,50,5,45,2
107545,41,2,39,2
107546,54,3,51,2
107547,52,8,44,2
107548,49,6,43,2
107549,52,4,48,2
107550,51,4,47,2
107551,66,11,55,2
107552,46,10,36,2
107553,47,8,39,2
107554,53,7,46,2
107555,67,9,58,2
107556,56,8,48,2
107557,55,5,50,2
107558,40,1,39,2
107559,59,5,54,2
107560,52,8,44,2
107561,57,11,46,2
107562,57,7,50,2
107563,54,6,48,2
107564,52,6,46,2
107565,47,5,42,2
107566,47,6,41,2
107567,49,5,44,2
107568,45,4,41,2
107569,38,3,35,2
107570,47,7,40,2
107571,47,6,41,2
107572,51,7,44,2
107573,62,11,51,2
107574,61,8,53,2
107575,71,9,62,2
107576,60,10,50,2
107577,58,6,52,2
107578,47,7,40,2
107579,61,4,57,2
107580,52,7,45,2
107581,63,6,57,2
107582,56,1,55,2
107583,74,6,68,2
107584,55,5,50,2
107585,40,6,34,2
107586,47,10,37,2
107587,57,7,50,2
107588,49,6,43,2
107589,51,4,47,2
107590,42,5,37,2
107591,51,7,44,2
107592,59,8,51,2
107593,50,8,42,2
107594,63,13,50,2
107595,46,6,40,2
107596,51,9,42,2
107597,48,4,44,2
107598,46,5,41,2
107599,45,4,41,2
107600,54,10,44,2
107601,47,6,41,2
107602,52,2,50,2
107603,69,6,63,2
107604,46,3,43,2
107605,50,3,47,2
107606,61,6,55,2
107607,54,7,47,2
107608,63,7,56,2
107609,42,6,36,2
107610,54,5,49,2
107611,46,5,41,2
107612,49,3,46,2
107613,52,2,50,2
107614,61,7,54,2
107615,53,12,41,2
107616,52,7,45,2
107617,57,8,49,2
107618,60,9,51,2
107619,52,2,50,2
107620,62,5,57,2
107621,46,7,39,2
107622,54,9,45,2
107623,55,3,52,2
107624,59,2,57,2
107625,48,7,41,2
107626,52,4,48,2
107627,48,3,45,2
107628,60,7,53,2
107629,57,8,49,2
107630,63,7,56,2
107631,60,8,52,2
107632,47,8,39,2
107633,48,3,45,2
107634,54,6,48,2
107635,50,1,49,2
107636,51,7,44,2
107637,57,8,49,2
107638,53,6,47,2
107639,59,8,51,2
107640,71,9,62,2
107641,47,7,40,2
107642,48,3,45,2
107643,56,5,51,2
107644,41,5,36,2
107645,54,3,51,2
107646,51,6,45,2
107647,56,4,52,2
107648,48,7,41,2
107649,55,6,49,2
107650,45,4,41,2
107651,55,3,52,2
107652,44,5,39,2
107653,57,5,52,2
107654,54,2,52,2
107655,48,9,39,2
107656,59,9,50,2
107657,59,6,53,2
107658,54,5,49,2
107659,52,4,48,2
107660,62,7,55,2
107661,58,7,51,2
107662,54,5,49,2
107663,61,7,54,2
107664,56,8,48,2
107665,54,8,46,2
107666,59,8,51,2
107667,48,5,43,2
107668,56,8,48,2
107669,61,6,55,2
107670,56,5,51,2
107671,53,8,45,2
107672,69,6,63,2
107673,52,6,46,2
107674,58,8,50,2
107675,50,5,45,2
107676,53,8,45,2
107677,50,8,42,2
107678,48,2,46,2
107679,60,6,54,2
107680,52,8,44,2
107681,51,6,45,2
107682,62,5,57,2
107683,46,4,42,2
107684,57,9,48,2
107685,56,7,49,2
107686,54,8,46,2
107687,59,8,51,2
107688,60,2,58,2
107689,51,8,43,2
107690,55,10,45,2
107691,47,6,41,2
107692,63,10,53,2
107694,58,2,56,2
107695,55,5,50,2
107696,47,7,40,2
107697,52,5,47,2
107698,53,3,50,2
107699,60,4,56,2
107700,60,8,52,2
107701,50,4,46,2
107702,57,4,53,2
107703,70,6,64,2
107704,52,7,45,2
107705,60,12,48,2
107706,52,11,41,2
107707,62,9,53,2
107708,66,9,57,2
107709,49,8,41,2
107710,43,2,41,2
107711,45,9,36,2
107712,59,7,52,2
107713,72,15,57,2
107714,64,8,56,2
107715,41,5,36,2
107716,58,6,52,2
107717,52,11,41,2
107718,49,4,45,2
107719,51,9,42,2
107720,55,6,49,2
107721,48,4,44,2
107722,71,9,62,2
107723,58,10,48,2
107724,60,11,49,2
107725,56,9,47,2
107726,54,7,47,2
107727,70,10,60,2
107728,44,3,41,2
107729,50,5,45,2
107730,56,7,49,2
107731,57,2,55,2
107732,59,3,56,2
107733,54,6,48,2
107734,64,9,55,2
107735,68,6,62,2
107736,49,7,42,2
107737,45,8,37,2
107738,51,8,43,2
107739,66,5,61,2
107740,57,6,51,2
107741,59,4,55,2
107742,56,12,44,2
107743,59,7,52,2
107744,52,6,46,2
107745,62,9,53,2
107746,57,6,51,2
107747,48,7,41,2
107748,57,9,48,2
107749,61,7,54,2
107750,51,6,45,2
107751,58,8,50,2
107752,52,9,43,2
107753,45,5,40,2
107754,47,6,41,2
107755,49,3,46,2
107756,58,6,52,2
107757,50,6,44,2
107758,61,7,54,2
107759,54,9,45,2
107760,44,7,37,2
107761,49,7,42,2
107762,53,4,49,2
107763,66,5,61,2
107764,58,8,50,2
107765,78,10,68,2
107766,53,10,43,2
107767,53,8,45,2
107768,67,8,59,2
107769,51,5,46,2
107770,68,9,59,2
107771,47,9,38,2
107772,52,8,44,2
107773,52,3,49,2
107774,61,6,55,2
107775,62,5,57,2
107776,55,7,48,2
107777,42,4,38,2
107778,56,7,49,2
107779,57,5,52,2
107780,54,10,44,2
107781,49,11,38,2
107782,48,11,37,2
107783,50,5,45,2
107784,51,6,45,2
107785,56,9,47,2
107786,52,7,45,2
107787,47,5,42,2
107788,63,5,58,2
107789,53,5,48,2
107790,63,4,59,2
107791,51,6,45,2
107792,48,6,42,2
107793,50,10,40,2
107794,54,4,50,2
107795,61,7,54,2
107796,40,2,38,2
107797,53,7,46,2
107798,56,4,52,2
107799,58,5,53,2
107800,43,6,37,2
107801,55,3,52,2
107802,43,6,37,2
107803,65,12,53,2
107804,47,5,42,2
107805,48,3,45,2
107806,56,5,51,2
107807,45,4,41,2
107808,42,8,34,2
107809,61,3,58,2
107810,59,10,49,2
107811,49,5,44,2
107812,56,8,48,2
107813,49,5,44,2
107814,66,11,55,2
107815,54,6,48,2
107816,45,7,38,2
107817,50,8,42,2
107818,56,10,46,2
107819,52,7,45,2
107820,52,10,42,2
107821,53,5,48,2
107822,55,10,45,2
107823,56,6,50,2
107824,46,8,38,2
107825,54,7,47,2
107826,57,14,43,2
107827,51,6,45,2
107828,58,8,50,2
107829,70,8,62,2
107830,56,7,49,2
107831,49,7,42,2
107832,49,5,44,2
107833,50,5,45,2
107834,55,8,47,2
107835,48,11,37,2
107836,49,6,43,2
107837,53,11,42,2
107838,53,10,43,2
107839,46,3,43,2
107840,50,10,40,2
107841,49,4,45,2
107842,54,3,51,2
107843,49,10,39,2
107844,66,6,60,2
107845,57,8,49,2
107846,46,8,38,2
107847,68,6,62,2
107848,55,8,47,2
107849,46,6,40,2
107850,44,6,38,2
107851,54,7,47,2
107852,74,11,63,2
107853,51,5,46,2
107854,55,6,49,2
107855,48,7,41,2
107856,48,8,40,2
107857,57,6,51,2
107858,55,5,50,2
107859,53,11,42,2
107860,55,5,50,2
107861,52,8,44,2
107862,55,13,42,2
107863,62,5,57,2
107864,52,3,49,2
107865,53,7,46,2
107866,62,7,55,2
107867,55,4,51,2
107868,62,12,50,2
107869,54,11,43,2
107870,53,3,50,2
107871,44,5,39,2
107872,58,9,49,2
107873,76,11,65,2
107874,55,8,47,2
107875,59,4,55,2
107876,52,4,48,2
107877,52,3,49,2
107878,55,9,46,2
107879,59,4,55,2
107880,43,6,37,2
107881,50,8,42,2
107882,69,7,62,2
107883,59,3,56,2
107884,67,4,63,2
107885,54,6,48,2
107886,59,4,55,2
107887,45,8,37,2
107888,49,6,43,2
107889,53,4,49,2
107890,67,6,61,2
107891,58,7,51,2
107892,58,9,49,2
107893,60,8,52,2
107894,50,5,45,2
107895,47,5,42,2
107896,64,6,58,2
107897,57,4,53,2
107898,57,8,49,2
107899,57,2,55,2
107900,58,6,52,2
107901,71,10,61,2
107902,57,7,50,2
107903,49,3,46,2
107904,44,7,37,2
107905,70,4,66,2
107906,51,9,42,2
107907,57,14,43,2
107908,45,6,39,2
107909,52,8,44,2
107910,48,3,45,2
107911,52,6,46,2
107912,62,11,51,2
107913,50,6,44,2
107914,45,6,39,2
107915,61,8,53,2
107916,50,5,45,2
107917,57,3,54,2
107918,39,6,33,2
107919,51,6,45,2
107920,62,4,58,2
107921,57,5,52,2
107922,54,5,49,2
107923,46,9,37,2
107924,44,3,41,2
107925,54,10,44,2
107926,54,11,43,2
107927,45,6,39,2
107928,45,8,37,2
107929,73,4,69,2
107930,45,6,39,2
107931,50,9,41,2
107932,61,7,54,2
107933,62,6,56,2
107934,51,7,44,2
107935,53,6,47,2
107936,61,2,59,2
107937,48,4,44,2
107938,53,6,47,2
107939,55,10,45,2
107940,57,4,53,2
107941,39,2,37,2
107942,59,4,55,2
107943,50,10,40,2
107944,45,9,36,2
107945,38,5,33,2
107946,44,7,37,2
107947,52,6,46,2
107948,53,9,44,2
107949,63,6,57,2
107950,43,7,36,2
107951,50,5,45,2
107952,43,7,36,2
107953,57,6,51,2
107954,61,7,54,2
107955,50,5,45,2
107956,60,7,53,2
107957,65,6,59,2
107958,52,3,49,2
107959,63,7,56,2
107960,56,6,50,2
107961,61,10,51,2
107962,71,8,63,2
107963,53,12,41,2
107964,49,6,43,2
107965,54,6,48,2
107966,63,10,53,2
107967,54,12,42,2
107968,48,8,40,2
107969,52,13,39,2
107970,48,7,41,2
107971,46,7,39,2
107972,52,3,49,2
107973,61,4,57,2
107974,53,4,49,2
107975,52,5,47,2
107976,52,7,45,2
107977,49,11,38,2
107978,58,10,48,2
107979,51,4,47,2
107980,55,6,49,2
107981,50,6,44,2
107982,57,0,57,1
107983,36,5,31,2
107984,54,13,41,2
107985,62,7,55,2
107986,51,6,45,2
107987,53,7,46,2
107988,48,5,43,2
107989,62,8,54,2
107990,58,6,52,2
107991,51,5,46,2
107992,55,5,50,2
107993,53,6,47,2
107994,57,8,49,2
107995,57,8,49,2
107996,52,9,43,2
107997,56,6,50,2
107998,46,4,42,2
107999,57,5,52,2
108000,48,10,38,2
108001,52,8,44,2
108002,58,9,49,2
108003,49,7,42,2
108004,66,8,58,2
108005,57,6,51,2
108006,47,7,40,2
108007,51,5,46,2
108008,61,8,53,2
108009,49,8,41,2
108010,55,4,51,2
108011,45,3,42,2
108012,52,5,47,2
108013,55,7,48,2
108014,64,8,56,2
108015,41,8,33,2
108016,63,9,54,2
108017,52,0,52,1
108018,57,6,51,2
108019,53,5,48,2
108020,53,3,50,2
108021,46,5,41,2
108022,54,3,51,2
108023,54,12,42,2
108024,69,11,58,2
108025,59,10,49,2
108026,56,5,51,2
108027,58,9,49,2
108028,66,5,61,2
108029,48,2,46,2
108030,52,8,44,2
108031,49,11,38,2
108032,42,5,37,2
108033,56,3,53,2
108034,44,4,40,2
108035,47,6,41,2
108036,65,8,57,2
108037,51,2,49,2
108038,63,8,55,2
108039,53,12,41,2
108040,55,5,50,2
108041,49,3,46,2
108042,46,4,42,2
108043,46,7,39,2
108044,73,11,62,2
108045,64,6,58,2
108046,58,7,51,2
108047,61,11,50,2
108048,45,4,41,2
108049,49,9,40,2
108050,43,6,37,2
108051,45,3,42,2
108052,46,3,43,2
108053,50,5,45,2
108054,58,4,54,2
108055,53,10,43,2
108056,63,9,54,2
108057,60,9,51,2
108058,69,7,62,2
108059,44,7,37,2
108060,55,6,49,2
108061,62,5,57,2
108062,60,10,50,2
108063,60,6,54,2
108064,54,8,46,2
108065,52,10,42,2
108066,50,6,44,2
108067,54,6,48,2
108068,62,5,57,2
108069,51,6,45,2
108070,51,4,47,2
108071,61,5,56,2
108072,44,5,39,2
108073,63,6,57,2
108074,46,6,40,2
108075,69,6,63,2
108076,62,11,51,2
108077,45,1,44,2
108078,48,6,42,2
108079,38,2,36,2
108080,50,5,45,2
108081,52,4,48,2
108082,50,8,42,2
108083,45,6,39,2
108084,44,5,39,2
108085,51,7,44,2
108086,55,10,45,2
108087,59,7,52,2
108088,71,9,62,2
108089,54,5,49,2
108090,57,10,47,2
108091,58,8,50,2
108092,49,5,44,2
108093,50,3,47,2
108094,51,5,46,2
108095,63,10,53,2
108096,46,4,42,2
108097,47,4,43,2
108098,54,8,46,2
108099,50,7,43,2
108100,59,8,51,2
108101,51,5,46,2
108102,49,9,40,2
108103,54,5,49,2
108104,51,9,42,2
108105,75,8,67,2
108106,65,6,59,2
108107,65,7,58,2
108108,43,7,36,2
108109,56,2,54,2
108110,61,13,48,2
108111,63,9,54,2
108112,62,5,57,2
108113,44,8,36,2
108114,66,7,59,2
108115,66,7,59,2
108116,60,10,50,2
108117,49,4,45,2
108118,45,6,39,2
108119,69,5,64,2
108120,41,6,35,2
108121,48,5,43,2
108122,55,5,50,2
108123,63,6,57,2
108124,55,3,52,2
108125,59,7,52,2
108126,56,10,46,2
108127,63,9,54,2
108128,49,6,43,2
108129,60,8,52,2
108130,57,2,55,2
108131,66,12,54,2
108132,52,3,49,2
108133,57,11,46,2
108134,65,8,57,2
108135,59,8,51,2
108136,55,8,47,2
108137,53,5,48,2
108138,47,9,38,2
108139,64,9,55,2
108140,56,6,50,2
108141,60,7,53,2
108142,56,7,49,2
108143,52,8,44,2
108144,47,5,42,2
108145,52,4,48,2
108146,53,8,45,2
108147,49,5,44,2
108148,54,9,45,2
108149,56,7,49,2
108150,60,6,54,2
108151,63,8,55,2
108152,50,6,44,2
108153,46,5,41,2
108154,46,11,35,2
108155,42,4,38,2
108156,54,8,46,2
108157,65,5,60,2
108158,57,5,52,2
108159,53,6,47,2
108160,55,7,48,2
108161,55,4,51,2
108162,58,5,53,2
108163,51,5,46,2
108164,61,4,57,2
108165,76,6,70,2
108166,57,4,53,2
108167,59,4,55,2
108168,41,2,39,2
108169,56,7,49,2
108170,58,10,48,2
108171,53,7,46,2
108172,73,14,59,2
108173,57,2,55,2
108174,50,4,46,2
108175,53,5,48,2
108176,57,8,49,2
108177,53,6,47,2
108178,52,7,45,2
108179,56,7,49,2
108180,55,6,49,2
108181,53,7,46,2
108182,38,5,33,2
108183,50,5,45,2
108184,62,2,60,2
108185,52,7,45,2
108186,49,4,45,2
108187,58,3,55,2
108188,58,3,55,2
108189,60,10,50,2
108190,64,6,58,2
108191,58,10,48,2
108192,43,6,37,2
108193,51,5,46,2
108194,53,3,50,2
108195,66,9,57,2
108196,63,9,54,2
108197,59,7,52,2
108198,67,10,57,2
108199,43,7,36,2
108200,53,5,48,2
108201,60,6,54,2
108202,57,7,50,2
108203,62,9,53,2
108204,57,7,50,2
108205,53,6,47,2
108206,46,8,38,2
108207,52,6,46,2
108208,53,3,50,2
108209,51,8,43,2
108210,47,6,41,2
108211,63,6,57,2
108212,59,9,50,2
108213,47,7,40,2
108214,65,7,58,2
108215,56,9,47,2
108216,43,1,42,2
108217,58,5,53,2
108218,62,9,53,2
108219,51,8,43,2
108220,48,6,42,2
108221,50,9,41,2
108222,43,7,36,2
108223,57,3,54,2
108224,48,7,41,2
108225,49,6,43,2
108226,46,8,38,2
108227,45,5,40,2
108228,48,7,41,2
108229,48,6,42,2
108230,61,11,50,2
108231,70,6,64,2
108232,46,5,41,2
108233,50,7,43,2
108234,59,13,46,2
108235,58,6,52,2
108236,48,10,38,2
108237,57,15,42,2
108238,60,8,52,2
108239,52,7,45,2
108240,54,8,46,2
108241,43,2,41,2
108242,60,7,53,2
108243,46,6,40,2
108244,51,1,50,2
108245,69,7,62,2
108246,47,7,40,2
108247,58,10,48,2
108248,52,8,44,2
108249,54,6,48,2
108250,67,9,58,2
108251,69,4,65,2
108252,60,8,52,2
108253,63,9,54,2
108254,57,6,51,2
108255,58,10,48,2
108256,67,9,58,2
108257,64,7,57,2
108258,53,10,43,2
108259,54,7,47,2
108260,48,4,44,2
108261,52,6,46,2
108262,57,10,47,2
108263,70,14,56,2
108264,63,6,57,2
108265,58,3,55,2
108266,48,7,41,2
108267,61,7,54,2
108268,45,2,43,2
108269,51,5,46,2
108270,60,12,48,2
108271,64,6,58,2
108272,63,11,52,2
108273,48,7,41,2
108274,57,13,44,2
108275,63,8,55,2
108276,50,7,43,2
108277,55,5,50,2
108278,56,7,49,2
108279,40,8,32,2
108280,48,6,42,2
108281,52,2,50,2
108282,48,5,43,2
108283,53,9,44,2
108284,45,7,38,2
108285,58,7,51,2
108286,44,8,36,2
108287,55,3,52,2
108288,60,5,55,2
108289,67,11,56,2
108290,57,4,53,2
108291,58,5,53,2
108292,62,9,53,2
108293,58,10,48,2
108294,62,5,57,2
108295,49,2,47,2
108296,46,5,41,2
108297,47,8,39,2
108298,47,7,40,2
108299,51,5,46,2
108300,58,9,49,2
108301,59,4,55,2
108302,53,8,45,2
108303,47,9,38,2
108304,61,11,50,2
108305,58,4,54,2
108306,63,9,54,2
108307,57,2,55,2
108308,57,6,51,2
108309,52,13,39,2
108310,46,4,42,2
108311,47,7,40,2
108312,70,8,62,2
108313,67,6,61,2
108314,47,7,40,2
108315,49,8,41,2
108316,60,7,53,2
108317,64,9,55,2
108318,45,5,40,2
108319,47,4,43,2
108320,63,9,54,2
108321,50,4,46,2
108322,58,6,52,2
108323,47,4,43,2
108324,59,9,50,2
108325,54,6,48,2
108326,47,4,43,2
108327,61,6,55,2
108328,60,5,55,2
108329,53,8,45,2
108330,44,4,40,2
108331,53,8,45,2
108332,49,5,44,2
108333,57,11,46,2
108334,58,10,48,2
108335,57,5,52,2
108336,48,7,41,2
108337,51,4,47,2
108338,60,9,51,2
108339,44,5,39,2
108340,61,7,54,2
108341,64,9,55,2
108342,62,13,49,2
108343,48,4,44,2
108344,58,7,51,2
108345,66,9,57,2
108346,57,7,50,2
108347,46,4,42,2
108348,51,7,44,2
108349,53,10,43,2
108350,56,6,50,2
108351,47,8,39,2
108352,52,7,45,2
108353,48,3,45,2
108354,56,5,51,2
108355,47,5,42,2
108356,59,6,53,2
108357,50,6,44,2
108358,61,4,57,2
108359,48,4,44,2
108360,49,6,43,2
108361,57,7,50,2
108362,47,8,39,2
108363,45,6,39,2
108364,50,5,45,2
108365,66,4,62,2
108366,49,3,46,2
108367,48,9,39,2
108368,42,6,36,2
108369,52,4,48,2
108370,60,7,53,2
108371,59,9,50,2
108372,60,5,55,2
108373,43,2,41,2
108374,48,3,45,2
108375,43,2,41,2
108376,64,4,60,2
108377,50,9,41,2
108378,47,8,39,2
108379,35,1,34,2
108380,51,5,46,2
108381,47,5,42,2
108382,48,5,43,2
108383,50,3,47,2
108384,52,7,45,2
108385,61,9,52,2
108386,48,3,45,2
108387,45,3,42,2
108388,54,10,44,2
108389,54,7,47,2
108390,51,5,46,2
108391,58,7,51,2
108392,53,5,48,2
108393,69,11,58,2
108394,65,5,60,2
108395,65,7,58,2
108396,51,5,46,2
108397,53,11,42,2
108398,55,5,50,2
108399,61,7,54,2
108400,45,8,37,2
108401,56,6,50,2
108402,48,5,43,2
108403,65,8,57,2
108404,51,7,44,2
108405,64,6,58,2
108406,49,10,39,2
108407,53,7,46,2
108408,51,10,41,2
108409,46,3,43,2
108410,48,6,42,2
108411,59,11,48,2
108412,52,8,44,2
108413,56,8,48,2
108414,56,6,50,2
108415,56,5,51,2
108416,50,4,46,2
108417,53,4,49,2
108418,56,7,49,2
108419,27,25,2,2
108420,49,8,41,2
108421,52,3,49,2
108422,48,2,46,2
108423,62,6,56,2
108424,55,8,47,2
108425,55,9,46,2
108426,45,5,40,2
108427,47,5,42,2
108428,40,7,33,2
108429,51,6,45,2
108430,67,14,53,2
108431,67,7,60,2
108432,59,7,52,2
108433,57,6,51,2
108434,57,7,50,2
108435,59,4,55,2
108436,46,4,42,2
108437,48,7,41,2
108438,64,6,58,2
108439,59,6,53,2
108440,54,4,50,2
108441,44,5,39,2
108442,52,7,45,2
108443,47,5,42,2
108444,53,4,49,2
108445,53,10,43,2
108446,59,10,49,2
108447,52,7,45,2
108448,49,6,43,2
108449,45,6,39,2
108450,70,8,62,2
108451,43,8,35,2
108452,70,10,60,2
108453,55,7,48,2
108454,69,10,59,2
108455,49,11,38,2
108456,43,3,40,2
108457,55,5,50,2
108458,57,12,45,2
108459,66,8,58,2
108460,59,6,53,2
108461,53,7,46,2
108462,58,2,56,2
108463,47,6,41,2
108464,43,6,37,2
108465,55,8,47,2
108466,60,5,55,2
108467,61,8,53,2
108468,48,4,44,2
108469,63,7,56,2
108470,55,11,44,2
108471,48,8,40,2
108472,57,6,51,2
108473,48,4,44,2
108474,57,4,53,2
108475,64,16,48,2
108476,57,4,53,2
108477,41,2,39,2
108478,53,4,49,2
108479,61,10,51,2
108480,57,6,51,2
108481,57,1,56,2
108482,45,5,40,2
108483,64,13,51,2
108484,65,4,61,2
108485,55,8,47,2
108486,66,10,56,2
108487,56,4,52,2
108488,47,6,41,2
108489,62,8,54,2
108490,58,8,50,2
108491,50,6,44,2
108492,44,6,38,2
108493,49,6,43,2
108494,72,14,58,2
108495,60,10,50,2
108496,68,6,62,2
108497,42,6,36,2
108498,38,2,36,2
108499,59,8,51,2
108500,61,4,57,2
108501,74,7,67,2
108502,51,7,44,2
108503,62,9,53,2
108504,60,7,53,2
108505,58,4,54,2
108506,53,9,44,2
108507,48,9,39,2
108508,63,12,51,2
108509,52,5,47,2
108510,61,8,53,2
108511,68,8,60,2
108512,64,12,52,2
108513,46,4,42,2
108514,59,10,49,2
108515,50,11,39,2
108516,52,4,48,2
108517,55,4,51,2
108518,61,9,52,2
108519,63,9,54,2
108520,58,4,54,2
108521,56,8,48,2
108522,45,6,39,2
108523,55,7,48,2
108524,55,6,49,2
108525,51,4,47,2
108526,53,6,47,2
108527,55,6,49,2
108528,64,9,55,2
108529,63,7,56,2
108530,61,5,56,2
108531,55,6,49,2
108532,59,6,53,2
108533,53,6,47,2
108534,53,6,47,2
108535,58,8,50,2
108536,50,2,48,2
108537,49,6,43,2
108538,60,7,53,2
108539,66,11,55,2
108540,60,8,52,2
108541,57,7,50,2
108542,55,5,50,2
108543,52,6,46,2
108544,50,2,48,2
108545,58,6,52,2
108546,51,11,40,2
108547,61,5,56,2
108548,58,4,54,2
108549,52,7,45,2
108550,55,7,48,2
108551,67,7,60,2
108552,65,5,60,2
108553,59,6,53,2
108554,51,3,48,2
108555,54,6,48,2
108556,59,8,51,2
108557,56,8,48,2
108558,42,3,39,2
108559,42,2,40,2
108560,64,10,54,2
108561,47,6,41,2
108562,45,3,42,2
108563,59,4,55,2
108564,61,2,59,2
108565,55,11,44,2
108566,64,7,57,2
108567,50,5,45,2
108568,42,7,35,2
108569,41,6,35,2
108570,56,2,54,2
108571,62,10,52,2
108572,53,4,49,2
108573,50,9,41,2
108574,50,7,43,2
108575,51,6,45,2
108576,69,4,65,2
108577,59,6,53,2
108578,46,5,41,2
108579,50,4,46,2
108580,64,9,55,2
108581,65,11,54,2
108582,47,4,43,2
108583,44,5,39,2
108584,51,6,45,2
108585,51,8,43,2
108586,47,5,42,2
108587,51,5,46,2
108588,55,5,50,2
108589,49,4,45,2
108590,51,5,46,2
108591,38,5,33,2
108592,58,4,54,2
108593,48,4,44,2
108594,39,5,34,2
108595,51,0,51,1
108596,56,3,53,2
108597,55,9,46,2
108598,65,10,55,2
108599,47,6,41,2
108600,58,9,49,2
108601,52,6,46,2
108602,65,10,55,2
108603,42,3,39,2
108604,62,8,54,2
108605,65,6,59,2
108606,56,5,51,2
108607,56,8,48,2
108608,58,5,53,2
108609,65,9,56,2
108610,58,6,52,2
108611,60,5,55,2
108612,59,6,53,2
108613,59,5,54,2
108614,62,8,54,2
108615,49,6,43,2
108616,45,11,34,2
108617,50,6,44,2
108618,47,6,41,2
108619,44,4,40,2
108620,51,8,43,2
108621,53,4,49,2
108622,61,9,52,2
108623,54,6,48,2
108624,60,5,55,2
108625,68,5,63,2
108626,59,10,49,2
108627,54,6,48,2
108628,42,8,34,2
108629,58,5,53,2
108630,54,5,49,2
108631,41,8,33,2
108632,56,8,48,2
108633,52,6,46,2
108634,56,6,50,2
108635,59,7,52,2
108636,52,6,46,2
108637,52,10,42,2
108638,58,6,52,2
108639,32,2,30,2
108640,50,6,44,2
108641,55,5,50,2
108642,69,6,63,2
108643,42,3,39,2
108644,53,6,47,2
108645,59,11,48,2
108646,68,8,60,2
108647,51,8,43,2
108648,60,6,54,2
108649,49,5,44,2
108650,69,11,58,2
108651,49,5,44,2
108652,60,8,52,2
108653,53,4,49,2
108654,57,8,49,2
108655,51,6,45,2
108656,66,7,59,2
108657,59,8,51,2
108658,51,10,41,2
108659,44,5,39,2
108660,65,4,61,2
108661,42,5,37,2
108662,57,4,53,2
108663,40,5,35,2
108664,40,8,32,2
108665,53,1,52,2
108666,52,6,46,2
108667,52,6,46,2
108668,67,5,62,2
108669,41,5,36,2
108670,68,8,60,2
108671,48,7,41,2
108672,48,6,42,2
108673,52,8,44,2
108674,56,9,47,2
108675,60,2,58,2
108676,52,6,46,2
108677,47,6,41,2
108678,54,6,48,2
108679,45,4,41,2
108680,50,3,47,2
108681,47,7,40,2
108682,57,13,44,2
108683,45,9,36,2
108684,49,4,45,2
108685,56,5,51,2
108686,66,14,52,2
108687,45,3,42,2
108688,44,6,38,2
108689,59,10,49,2
108690,52,6,46,2
108691,53,8,45,2
108692,59,7,52,2
108693,50,8,42,2
108694,50,2,48,2
108695,45,6,39,2
108696,42,2,40,2
108697,65,15,50,2
108698,50,6,44,2
108699,45,4,41,2
108700,50,9,41,2
108701,63,8,55,2
108702,45,4,41,2
108703,51,2,49,2
108704,58,6,52,2
108705,60,10,50,2
108706,70,7,63,2
108707,52,6,46,2
108708,51,4,47,2
108709,53,9,44,2
108710,48,2,46,2
108711,65,8,57,2
108712,51,8,43,2
108713,47,2,45,2
108714,63,4,59,2
108715,53,6,47,2
108716,50,5,45,2
108717,40,4,36,2
108718,62,13,49,2
108719,72,6,66,2
108720,57,6,51,2
108721,55,5,50,2
108722,58,6,52,2
108723,68,4,64,2
108724,57,7,50,2
108725,62,6,56,2
108726,45,5,40,2
108727,50,5,45,2
108729,43,8,35,2
108730,43,2,41,2
108731,50,8,42,2
108732,45,8,37,2
108733,44,5,39,2
108734,54,6,48,2
108735,57,10,47,2
108736,60,5,55,2
108737,50,4,46,2
108738,49,7,42,2
108739,55,9,46,2
108740,53,9,44,2
108741,54,13,41,2
108742,55,6,49,2
108743,55,7,48,2
108744,53,6,47,2
108745,61,7,54,2
108746,48,6,42,2
108747,54,3,51,2
108748,53,8,45,2
108749,64,8,56,2
108750,81,9,72,2
108751,54,9,45,2
108752,63,14,49,2
108753,48,8,40,2
108754,66,10,56,2
108755,46,6,40,2
108756,60,6,54,2
108757,51,7,44,2
108758,59,4,55,2
108759,62,7,55,2
108760,56,5,51,2
108761,45,3,42,2
108762,46,4,42,2
108763,62,6,56,2
108764,52,10,42,2
108765,61,7,54,2
108766,58,11,47,2
108767,38,3,35,2
108768,52,7,45,2
108769,63,15,48,2
108770,42,10,32,2
108771,53,5,48,2
108772,46,5,41,2
108773,52,6,46,2
108774,53,4,49,2
108775,57,7,50,2
108776,71,12,59,2
108777,59,6,53,2
108778,71,9,62,2
108779,65,9,56,2
108780,55,5,50,2
108781,51,9,42,2
108782,53,6,47,2
108783,53,4,49,2
108784,53,7,46,2
108785,59,7,52,2
108786,53,6,47,2
108787,53,4,49,2
108788,58,11,47,2
108789,55,6,49,2
108790,52,10,42,2
108791,48,10,38,2
108792,59,8,51,2
108793,36,7,29,2
108794,61,7,54,2
108795,53,7,46,2
108796,42,5,37,2
108797,52,9,43,2
108798,41,8,33,2
108799,56,5,51,2
108800,50,5,45,2
108801,58,9,49,2
108802,60,5,55,2
108803,54,6,48,2
108804,53,4,49,2
108805,45,8,37,2
108806,43,7,36,2
108807,61,9,52,2
108808,51,7,44,2
108809,42,6,36,2
108810,62,5,57,2
108811,72,3,69,2
108812,51,7,44,2
108813,44,4,40,2
108814,47,6,41,2
108815,57,7,50,2
108816,59,5,54,2
108817,48,1,47,2
108818,55,6,49,2
108819,48,5,43,2
108821,60,3,57,2
108822,56,10,46,2
108823,53,5,48,2
108824,48,9,39,2
108825,52,6,46,2
108826,46,2,44,2
108827,47,9,38,2
108828,54,6,48,2
108829,57,11,46,2
108830,52,5,47,2
108831,50,5,45,2
108832,56,7,49,2
108833,58,8,50,2
108834,50,6,44,2
108835,63,6,57,2
108836,65,8,57,2
108837,51,6,45,2
108838,44,3,41,2
108839,50,7,43,2
108840,44,8,36,2
108841,60,7,53,2
108842,49,5,44,2
108843,52,4,48,2
108844,54,8,46,2
108845,67,15,52,2
108846,45,5,40,2
108847,52,8,44,2
108848,56,8,48,2
108849,61,3,58,2
108850,58,5,53,2
108851,71,15,56,2
108852,51,3,48,2
108853,55,14,41,2
108854,64,2,62,2
108855,64,9,55,2
108856,44,6,38,2
108857,62,7,55,2
108858,44,7,37,2
108859,58,2,56,2
108860,66,9,57,2
108861,57,13,44,2
108862,64,5,59,2
108863,53,11,42,2
108864,47,4,43,2
108865,57,3,54,2
108866,47,3,44,2
108867,44,5,39,2
108868,54,7,47,2
108869,61,6,55,2
108870,57,6,51,2
108871,52,6,46,2
108872,58,8,50,2
108873,68,9,59,2
108874,56,4,52,2
108875,49,8,41,2
108876,55,5,50,2
108877,48,8,40,2
108878,43,2,41,2
108879,62,7,55,2
108880,53,8,45,2
108881,62,6,56,2
108882,56,7,49,2
108883,55,8,47,2
108884,64,5,59,2
108886,51,7,44,2
108887,51,6,45,2
108888,52,4,48,2
108889,49,5,44,2
108890,52,6,46,2
108891,60,10,50,2
108892,59,3,56,2
108893,48,1,47,2
108894,55,8,47,2
108895,52,4,48,2
108896,58,10,48,2
108897,46,6,40,2
108898,52,5,47,2
108899,56,7,49,2
108900,53,7,46,2
108901,53,3,50,2
108902,55,7,48,2
108903,43,3,40,2
108904,51,5,46,2
108905,56,6,50,2
108906,59,5,54,2
108907,58,7,51,2
108908,52,5,47,2
108909,50,3,47,2
108910,62,11,51,2
108911,58,6,52,2
108912,74,9,65,2
108913,58,6,52,2
108914,53,5,48,2
108915,51,4,47,2
108916,63,6,57,2
108917,62,12,50,2
108918,48,10,38,2
108919,64,8,56,2
108920,48,6,42,2
108921,55,4,51,2
108922,58,7,51,2
108923,58,8,50,2
108924,54,7,47,2
108925,67,8,59,2
108926,49,3,46,2
108927,51,6,45,2
108928,55,5,50,2
108929,49,6,43,2
108930,41,2,39,2
108931,57,3,54,2
108932,63,3,60,2
108933,52,10,42,2
108934,44,4,40,2
108935,56,10,46,2
108936,57,6,51,2
108937,51,6,45,2
108938,49,8,41,2
108939,52,9,43,2
108940,50,8,42,2
108941,57,9,48,2
108942,58,12,46,2
108943,50,4,46,2
108944,63,4,59,2
108945,47,6,41,2
108946,54,9,45,2
108947,60,7,53,2
108948,51,3,48,2
108949,57,8,49,2
108950,65,7,58,2
108951,48,5,43,2
108952,57,9,48,2
108953,54,2,52,2
108954,63,6,57,2
108955,51,4,47,2
108956,51,8,43,2
108957,44,5,39,2
108958,48,10,38,2
108959,67,8,59,2
108960,44,6,38,2
108961,63,11,52,2
108962,65,6,59,2
108963,42,6,36,2
108964,61,6,55,2
108965,40,6,34,2
108966,50,3,47,2
108967,46,3,43,2
108968,46,5,41,2
108969,63,9,54,2
108970,38,3,35,2
108971,51,5,46,2
108972,50,5,45,2
108973,50,4,46,2
108974,54,7,47,2
108975,62,11,51,2
108976,56,10,46,2
108977,49,5,44,2
108978,53,6,47,2
108979,49,5,44,2
108980,67,8,59,2
108981,42,9,33,2
108982,43,4,39,2
108983,56,8,48,2
108984,50,7,43,2
108985,51,7,44,2
108986,68,5,63,2
108987,50,4,46,2
108988,57,5,52,2
108989,62,8,54,2
108990,44,6,38,2
108991,54,5,49,2
108992,55,9,46,2
108993,57,8,49,2
108994,63,4,59,2
108995,53,7,46,2
108996,52,6,46,2
108997,65,9,56,2
108998,57,6,51,2
108999,48,8,40,2
109000,60,5,55,2
109001,46,5,41,2
109002,75,8,67,2
109003,53,6,47,2
109004,51,7,44,2
109005,48,7,41,2
109006,53,7,46,2
109007,44,5,39,2
109008,47,6,41,2
109009,51,4,47,2
109010,53,8,45,2
109011,65,8,57,2
109012,54,4,50,2
109013,52,5,47,2
109014,63,8,55,2
109015,41,6,35,2
109016,53,5,48,2
109017,41,4,37,2
109018,53,9,44,2
109019,58,7,51,2
109020,55,8,47,2
109021,48,6,42,2
109022,46,5,41,2
109023,57,5,52,2
109024,55,6,49,2
109025,59,5,54,2
109026,60,3,57,2
109027,58,6,52,2
109028,60,7,53,2
109029,52,9,43,2
109030,52,10,42,2
109031,52,2,50,2
109032,49,6,43,2
109033,64,9,55,2
109034,46,6,40,2
109035,40,3,37,2
109036,37,8,29,2
109037,53,13,40,2
109038,37,3,34,2
109039,49,11,38,2
109040,69,13,56,2
109041,50,7,43,2
109042,54,3,51,2
109043,50,2,48,2
109044,71,8,63,2
109045,56,8,48,2
109046,70,9,61,2
109047,50,6,44,2
109048,45,9,36,2
109049,56,7,49,2
109050,61,7,54,2
109051,80,14,66,2
109052,54,7,47,2
109053,52,7,45,2
109054,58,7,51,2
109055,52,6,46,2
109056,55,8,47,2
109057,60,6,54,2
109058,34,5,29,2
109059,53,7,46,2
109060,55,8,47,2
109061,55,6,49,2
109062,57,11,46,2
109063,48,9,39,2
109064,53,0,53,1
109065,62,5,57,2
109066,53,5,48,2
109067,50,5,45,2
109068,59,5,54,2
109069,56,11,45,2
109070,45,2,43,2
109071,56,8,48,2
109072,52,6,46,2
109073,38,3,35,2
109074,48,3,45,2
109075,50,5,45,2
109076,71,12,59,2
109077,54,7,47,2
109078,58,10,48,2
109079,63,6,57,2
109080,66,5,61,2
109081,71,8,63,2
109082,65,15,50,2
109083,66,7,59,2
109084,54,2,52,2
109085,56,8,48,2
109086,45,5,40,2
109087,58,7,51,2
109088,47,7,40,2
109089,54,11,43,2
109090,49,8,41,2
109091,51,7,44,2
109092,57,12,45,2
109093,48,4,44,2
109094,54,7,47,2
109095,58,4,54,2
109096,54,6,48,2
109097,52,8,44,2
109098,64,8,56,2
109099,60,10,50,2
109100,64,5,59,2
109101,60,10,50,2
109102,43,2,41,2
109103,50,3,47,2
109104,64,4,60,2
109105,48,8,40,2
109106,58,8,50,2
109107,58,5,53,2
109108,57,4,53,2
109109,52,5,47,2
109110,65,7,58,2
109111,52,6,46,2
109112,55,5,50,2
109113,59,9,50,2
109114,53,5,48,2
109115,53,8,45,2
109116,61,5,56,2
109117,66,8,58,2
109118,52,9,43,2
109119,50,5,45,2
109120,50,5,45,2
109121,50,6,44,2
109122,37,6,31,2
109123,61,7,54,2
109124,54,5,49,2
109125,50,8,42,2
109126,53,7,46,2
109127,54,6,48,2
109128,50,5,45,2
109129,42,4,38,2
109130,46,3,43,2
109131,63,6,57,2
109132,59,8,51,2
109133,53,5,48,2
109134,61,6,55,2
109135,59,10,49,2
109136,67,5,62,2
109137,46,7,39,2
109138,58,4,54,2
109139,61,8,53,2
109140,56,10,46,2
109141,50,6,44,2
109142,65,6,59,2
109143,49,5,44,2
109144,46,5,41,2
109145,53,5,48,2
109146,65,10,55,2
109147,47,4,43,2
109148,53,5,48,2
109149,44,5,39,2
109150,62,7,55,2
109151,43,6,37,2
109152,47,5,42,2
109153,48,10,38,2
109154,45,5,40,2
109155,50,3,47,2
109156,48,8,40,2
109157,53,3,50,2
109158,54,5,49,2
109159,57,7,50,2
109160,62,9,53,2
109161,61,7,54,2
109162,58,6,52,2
109163,56,8,48,2
109164,54,10,44,2
109165,55,7,48,2
109166,54,6,48,2
109167,69,6,63,2
109168,59,7,52,2
109169,58,9,49,2
109170,44,5,39,2
109171,50,7,43,2
109172,53,3,50,2
109173,65,6,59,2
109174,56,13,43,2
109175,47,4,43,2
109176,50,8,42,2
109177,51,6,45,2
109178,63,4,59,2
109179,62,6,56,2
109180,56,9,47,2
109181,57,7,50,2
109182,53,8,45,2
109183,63,7,56,2
109184,59,3,56,2
109185,56,8,48,2
109186,58,5,53,2
109187,47,6,41,2
109188,62,5,57,2
109189,54,4,50,2
109190,59,13,46,2
109191,52,7,45,2
109192,62,7,55,2
109193,55,6,49,2
109194,61,3,58,2
109195,62,7,55,2
109196,69,2,67,2
109197,65,10,55,2
109198,59,2,57,2
109199,41,3,38,2
109200,59,7,52,2
109201,51,8,43,2
109202,43,12,31,2
109203,46,6,40,2
109204,51,7,44,2
109205,50,5,45,2
109206,53,7,46,2
109207,48,7,41,2
109208,63,6,57,2
109209,59,5,54,2
109210,65,6,59,2
109211,49,7,42,2
109212,56,7,49,2
109213,47,7,40,2
109214,57,10,47,2
109215,55,3,52,2
109216,50,7,43,2
109217,50,2,48,2
109218,69,4,65,2
109219,58,8,50,2
109220,57,8,49,2
109221,45,8,37,2
109222,61,7,54,2
109223,47,6,41,2
109224,57,5,52,2
109225,57,8,49,2
109226,58,8,50,2
109227,59,9,50,2
109228,64,9,55,2
109229,60,9,51,2
109230,45,1,44,2
109231,62,7,55,2
109232,52,9,43,2
109233,59,4,55,2
109234,48,7,41,2
109235,41,3,38,2
109236,53,4,49,2
109237,43,5,38,2
109238,56,6,50,2
109239,47,3,44,2
109240,58,4,54,2
109241,54,8,46,2
109242,43,4,39,2
109243,65,11,54,2
109244,49,5,44,2
109245,47,8,39,2
109246,52,8,44,2
109247,46,3,43,2
109248,39,3,36,2
109249,56,3,53,2
109250,50,6,44,2
109251,53,8,45,2
109252,59,8,51,2
109253,52,5,47,2
109254,52,4,48,2
109255,57,13,44,2
109256,60,5,55,2
109257,47,3,44,2
109258,42,7,35,2
109259,54,8,46,2
109260,58,2,56,2
109261,51,5,46,2
109262,59,10,49,2
109263,53,7,46,2
109264,55,10,45,2
109265,58,4,54,2
109266,55,3,52,2
109267,44,8,36,2
109268,53,8,45,2
109269,66,11,55,2
109270,50,4,46,2
109271,55,4,51,2
109272,64,5,59,2
109273,64,6,58,2
109274,74,9,65,2
109275,55,8,47,2
109276,50,7,43,2
109277,60,10,50,2
109278,58,8,50,2
109279,50,4,46,2
109280,50,4,46,2
109281,39,5,34,2
109282,54,10,44,2
109283,58,3,55,2
109284,60,3,57,2
109285,46,5,41,2
109286,43,6,37,2
109287,57,6,51,2
109288,52,3,49,2
109289,41,2,39,2
109290,59,5,54,2
109291,51,4,47,2
109292,56,6,50,2
109293,49,6,43,2
109294,44,10,34,2
109295,39,3,36,2
109296,43,5,38,2
109297,62,9,53,2
109298,61,10,51,2
109299,53,9,44,2
109300,48,5,43,2
109301,53,5,48,2
109302,52,8,44,2
109303,57,9,48,2
109304,54,6,48,2
109305,54,9,45,2
109306,47,5,42,2
109307,52,7,45,2
109308,57,7,50,2
109309,59,5,54,2
109310,47,5,42,2
109311,55,7,48,2
109312,52,7,45,2
109313,52,2,50,2
109314,55,7,48,2
109315,41,5,36,2
109316,56,3,53,2
109317,49,8,41,2
109318,52,7,45,2
109319,54,8,46,2
109320,48,6,42,2
109321,56,9,47,2
109322,47,4,43,2
109323,59,7,52,2
109324,64,12,52,2
109325,48,4,44,2
109326,61,2,59,2
109327,47,4,43,2
109328,43,6,37,2
109329,66,11,55,2
109330,55,7,48,2
109331,51,6,45,2
109332,51,10,41,2
109333,46,9,37,2
109334,46,12,34,2
109335,43,4,39,2
109336,61,6,55,2
109337,45,4,41,2
109338,39,4,35,2
109339,52,8,44,2
109340,57,9,48,2
109341,44,8,36,2
109342,64,5,59,2
109343,50,8,42,2
109344,64,4,60,2
109345,60,6,54,2
109346,48,3,45,2
109347,55,9,46,2
109348,57,5,52,2
109349,51,2,49,2
109350,48,5,43,2
109351,46,8,38,2
109352,44,6,38,2
109353,55,7,48,2
109354,70,15,55,2
109355,45,11,34,2
109356,51,8,43,2
109357,49,8,41,2
109358,50,7,43,2
109359,52,6,46,2
109360,59,5,54,2
109361,53,4,49,2
109362,53,5,48,2
109363,63,10,53,2
109364,63,12,51,2
109365,60,8,52,2
109366,62,7,55,2
109367,53,7,46,2
109368,61,7,54,2
109369,50,5,45,2
109370,62,12,50,2
109371,56,8,48,2
109372,57,3,54,2
109373,58,6,52,2
109374,41,6,35,2
109375,62,5,57,2
109376,42,3,39,2
109377,54,3,51,2
109378,47,5,42,2
109379,53,7,46,2
109380,65,7,58,2
109381,56,7,49,2
109382,50,3,47,2
109383,57,10,47,2
109384,51,3,48,2
109385,59,8,51,2
109386,57,8,49,2
109387,66,10,56,2
109388,62,11,51,2
109389,53,10,43,2
109390,51,8,43,2
109391,46,5,41,2
109392,58,4,54,2
109393,48,5,43,2
109394,42,1,41,2
109395,46,5,41,2
109396,46,5,41,2
109397,55,9,46,2
109398,57,5,52,2
109399,45,9,36,2
109400,48,7,41,2
109401,65,10,55,2
109402,53,3,50,2
109403,55,5,50,2
109404,55,4,51,2
109405,54,6,48,2
109406,50,4,46,2
109407,50,5,45,2
109408,61,11,50,2
109409,58,8,50,2
109410,60,4,56,2
109411,43,7,36,2
109412,54,5,49,2
109413,44,6,38,2
109414,49,9,40,2
109415,41,4,37,2
109416,47,8,39,2
109417,53,9,44,2
109418,58,8,50,2
109419,54,4,50,2
109420,51,2,49,2
109421,63,9,54,2
109422,46,5,41,2
109423,47,9,38,2
109424,65,9,56,2
109425,47,3,44,2
109426,51,8,43,2
109427,64,10,54,2
109428,41,6,35,2
109429,48,4,44,2
109430,62,9,53,2
109431,56,6,50,2
109432,56,8,48,2
109433,61,7,54,2
109434,47,6,41,2
109435,64,9,55,2
109436,53,4,49,2
109437,50,7,43,2
109438,60,7,53,2
109439,51,7,44,2
109440,45,7,38,2
109441,57,7,50,2
109442,62,3,59,2
109443,53,5,48,2
109444,49,5,44,2
109445,44,5,39,2
109446,55,7,48,2
109447,62,5,57,2
109448,48,7,41,2
109449,58,7,51,2
109450,49,2,47,2
109451,70,12,58,2
109452,57,7,50,2
109453,53,7,46,2
109454,60,9,51,2
109455,50,7,43,2
109456,57,5,52,2
109457,66,9,57,2
109458,60,4,56,2
109459,54,4,50,2
109460,55,5,50,2
109461,48,5,43,2
109462,59,7,52,2
109463,53,7,46,2
109464,49,4,45,2
109465,49,6,43,2
109466,68,11,57,2
109467,58,7,51,2
109468,59,12,47,2
109469,42,8,34,2
109470,61,7,54,2
109471,60,7,53,2
109472,50,5,45,2
109473,45,6,39,2
109474,71,13,58,2
109475,47,5,42,2
109476,58,8,50,2
109477,46,5,41,2
109478,57,6,51,2
109479,55,4,51,2
109480,51,8,43,2
109481,47,6,41,2
109482,59,8,51,2
109483,51,5,46,2
109484,52,3,49,2
109485,42,5,37,2
109486,47,6,41,2
109487,57,5,52,2
109488,57,5,52,2
109489,53,10,43,2
109490,53,5,48,2
109491,51,8,43,2
109492,52,8,44,2
109493,58,7,51,2
109494,51,6,45,2
109495,51,6,45,2
109496,63,4,59,2
109497,64,6,58,2
109498,67,12,55,2
109499,66,7,59,2
109500,50,4,46,2
109501,56,9,47,2
109502,55,7,48,2
109503,71,10,61,2
109504,57,4,53,2
109505,45,5,40,2
109506,60,8,52,2
109507,55,7,48,2
109508,55,6,49,2
109509,58,9,49,2
109510,47,6,41,2
109511,51,10,41,2
109512,53,6,47,2
109513,49,5,44,2
109514,57,8,49,2
109515,48,6,42,2
109516,59,1,58,2
109517,53,9,44,2
109518,57,6,51,2
109519,55,0,55,1
109520,69,7,62,2
109521,54,4,50,2
109522,54,9,45,2
109523,58,7,51,2
109524,58,3,55,2
109525,40,6,34,2
109526,53,7,46,2
109527,62,5,57,2
109528,64,9,55,2
109529,55,6,49,2
109530,59,3,56,2
109531,56,4,52,2
109532,46,6,40,2
109533,53,8,45,2
109534,48,5,43,2
109535,48,3,45,2
109536,50,5,45,2
109537,54,10,44,2
109538,63,10,53,2
109539,53,9,44,2
109540,53,2,51,2
109541,57,5,52,2
109542,52,9,43,2
109543,52,1,51,2
109544,40,3,37,2
109545,53,8,45,2
109546,65,6,59,2
109547,56,6,50,2
109548,47,7,40,2
109549,46,4,42,2
109550,58,6,52,2
109551,66,8,58,2
109552,49,7,42,2
109553,68,8,60,2
109554,52,8,44,2
109555,57,7,50,2
109556,61,6,55,2
109557,51,6,45,2
109558,55,7,48,2
109559,52,3,49,2
109560,55,8,47,2
109561,60,12,48,2
109562,61,9,52,2
109563,59,6,53,2
109564,52,9,43,2
109565,43,6,37,2
109566,55,4,51,2
109567,54,16,38,2
109568,53,7,46,2
109569,38,2,36,2
109570,44,4,40,2
109571,49,6,43,2
109572,51,6,45,2
109573,60,7,53,2
109574,62,5,57,2
109575,56,8,48,2
109576,37,7,30,2
109577,58,7,51,2
109578,36,7,29,2
109579,58,8,50,2
109580,61,3,58,2
109581,59,4,55,2
109582,58,3,55,2
109583,66,6,60,2
109584,50,9,41,2
109585,60,8,52,2
109586,58,9,49,2
109587,46,1,45,2
109588,44,3,41,2
109589,47,7,40,2
109590,56,10,46,2
109591,49,10,39,2
109592,55,7,48,2
109593,59,5,54,2
109594,54,3,51,2
109595,55,7,48,2
109596,62,8,54,2
109597,64,9,55,2
109598,50,5,45,2
109599,53,5,48,2
109600,48,6,42,2
109601,59,8,51,2
109602,47,3,44,2
109603,52,6,46,2
109604,43,4,39,2
109605,42,6,36,2
109606,53,8,45,2
109607,49,10,39,2
109608,52,3,49,2
109609,60,8,52,2
109610,58,4,54,2
109611,66,8,58,2
109612,46,2,44,2
109613,53,11,42,2
109614,55,5,50,2
109615,56,8,48,2
109616,48,3,45,2
109617,54,10,44,2
109618,39,3,36,2
109619,50,6,44,2
109620,74,13,61,2
109621,43,6,37,2
109622,57,6,51,2
109623,53,6,47,2
109624,58,3,55,2
109625,54,5,49,2
109626,49,8,41,2
109627,59,7,52,2
109628,44,6,38,2
109629,59,2,57,2
109630,66,9,57,2
109631,61,6,55,2
109632,65,9,56,2
109633,55,6,49,2
109634,58,4,54,2
109635,56,6,50,2
109636,41,8,33,2
109637,54,3,51,2
109638,49,5,44,2
109639,50,7,43,2
109640,43,4,39,2
109641,47,3,44,2
109642,48,10,38,2
109643,47,5,42,2
109644,52,3,49,2
109645,55,7,48,2
109646,69,7,62,2
109647,49,6,43,2
109648,59,7,52,2
109649,51,5,46,2
109650,52,7,45,2
109651,55,4,51,2
109652,51,4,47,2
109653,58,8,50,2
109654,55,10,45,2
109655,65,8,57,2
109656,63,7,56,2
109657,62,5,57,2
109658,51,7,44,2
109659,52,7,45,2
109660,49,6,43,2
109661,65,11,54,2
109662,58,9,49,2
109663,69,7,62,2
109664,58,8,50,2
109665,50,4,46,2
109666,58,12,46,2
109667,50,2,48,2
109668,66,7,59,2
109669,55,8,47,2
109670,53,9,44,2
109671,60,7,53,2
109672,50,3,47,2
109673,41,5,36,2
109674,56,2,54,2
109675,44,7,37,2
109676,58,5,53,2
109677,58,8,50,2
109678,53,4,49,2
109679,58,6,52,2
109680,57,8,49,2
109681,54,7,47,2
109682,49,8,41,2
109683,59,3,56,2
109684,50,8,42,2
109685,62,10,52,2
109686,63,9,54,2
109687,51,2,49,2
109688,49,8,41,2
109689,64,5,59,2
109690,45,3,42,2
109691,48,7,41,2
109692,53,7,46,2
109693,55,7,48,2
109694,48,4,44,2
109695,59,4,55,2
109696,49,10,39,2
109697,45,8,37,2
109698,55,7,48,2
109699,48,5,43,2
109700,50,4,46,2
109701,69,10,59,2
109702,60,8,52,2
109703,49,10,39,2
109704,54,7,47,2
109705,55,4,51,2
109706,46,6,40,2
109707,51,4,47,2
109708,56,7,49,2
109709,57,4,53,2
109710,63,9,54,2
109711,72,12,60,2
109712,56,9,47,2
109713,43,6,37,2
109714,64,6,58,2
109715,58,7,51,2
109716,72,8,64,2
109717,52,2,50,2
109718,50,2,48,2
109719,66,4,62,2
109720,53,7,46,2
109721,55,6,49,2
109722,52,6,46,2
109723,48,6,42,2
109724,59,12,47,2
109725,58,9,49,2
109726,68,9,59,2
109727,46,4,42,2
109728,51,6,45,2
109729,51,5,46,2
109730,57,8,49,2
109731,46,6,40,2
109732,45,4,41,2
109733,57,6,51,2
109734,56,7,49,2
109735,51,3,48,2
109736,54,5,49,2
109737,45,4,41,2
109738,43,6,37,2
109739,55,4,51,2
109740,55,6,49,2
109741,57,7,50,2
109742,47,11,36,2
109743,52,5,47,2
109744,59,5,54,2
109745,60,5,55,2
109746,47,5,42,2
109747,47,5,42,2
109748,66,4,62,2
109749,51,5,46,2
109750,57,5,52,2
109751,49,9,40,2
109752,50,7,43,2
109753,64,12,52,2
109754,52,5,47,2
109755,48,5,43,2
109756,57,9,48,2
109757,62,7,55,2
109758,70,7,63,2
109759,65,7,58,2
109760,58,5,53,2
109761,54,4,50,2
109762,57,10,47,2
109763,64,9,55,2
109764,72,5,67,2
109765,52,3,49,2
109766,47,5,42,2
109767,60,7,53,2
109768,61,11,50,2
109769,44,2,42,2
109770,48,7,41,2
109771,58,12,46,2
109772,52,9,43,2
109773,55,3,52,2
109774,69,6,63,2
109775,62,4,58,2
109776,59,8,51,2
109777,53,5,48,2
109778,61,8,53,2
109779,52,3,49,2
109780,60,5,55,2
109781,51,8,43,2
109782,45,6,39,2
109783,56,9,47,2
109784,44,3,41,2
109785,43,6,37,2
109786,58,3,55,2
109787,60,11,49,2
109788,53,9,44,2
109789,54,10,44,2
109790,51,6,45,2
109791,60,8,52,2
109792,61,12,49,2
109793,56,4,52,2
109794,62,11,51,2
109795,53,6,47,2
109796,41,5,36,2
109797,68,12,56,2
109798,55,6,49,2
109799,65,4,61,2
109800,71,4,67,2
109801,50,6,44,2
109802,70,11,59,2
109803,56,6,50,2
109804,65,9,56,2
109805,57,10,47,2
109806,43,4,39,2
109807,64,5,59,2
109808,49,4,45,2
109809,53,9,44,2
109810,56,8,48,2
109811,54,10,44,2
109812,39,2,37,2
109813,56,9,47,2
109814,54,7,47,2
109815,60,9,51,2
109816,58,9,49,2
109817,75,7,68,2
109818,54,4,50,2
109819,55,5,50,2
109820,60,6,54,2
109821,43,6,37,2
109822,59,8,51,2
109823,67,10,57,2
109824,42,6,36,2
109825,54,7,47,2
109826,45,5,40,2
109827,50,5,45,2
109828,48,5,43,2
109829,61,9,52,2
109830,60,7,53,2
109831,59,6,53,2
109832,63,7,56,2
109833,66,15,51,2
109834,59,11,48,2
109835,57,9,48,2
109836,66,6,60,2
109837,52,4,48,2
109838,51,7,44,2
109839,49,6,43,2
109840,54,7,47,2
109841,51,4,47,2
109842,56,10,46,2
109843,45,5,40,2
109844,55,3,52,2
109845,48,1,47,2
109846,48,8,40,2
109847,55,12,43,2
109848,44,6,38,2
109849,59,8,51,2
109850,51,8,43,2
109851,55,5,50,2
109852,58,6,52,2
109853,50,4,46,2
109854,54,8,46,2
109855,56,3,53,2
109856,58,9,49,2
109857,46,4,42,2
109858,65,8,57,2
109859,60,5,55,2
109860,64,7,57,2
109861,53,4,49,2
109862,49,14,35,2
109863,55,11,44,2
109864,46,4,42,2
109865,57,5,52,2
109866,45,5,40,2
109867,55,4,51,2
109868,59,6,53,2
109869,49,4,45,2
109870,56,9,47,2
109871,64,4,60,2
109872,51,6,45,2
109873,41,5,36,2
109874,60,4,56,2
109875,54,5,49,2
109876,50,7,43,2
109877,42,5,37,2
109878,58,10,48,2
109879,52,5,47,2
109880,55,4,51,2
109881,51,3,48,2
109882,54,5,49,2
109883,49,2,47,2
109884,62,4,58,2
109885,52,6,46,2
109886,66,10,56,2
109887,64,4,60,2
109888,43,6,37,2
109889,61,3,58,2
109890,53,6,47,2
109891,55,2,53,2
109892,54,9,45,2
109893,49,5,44,2
109894,51,5,46,2
109895,50,4,46,2
109896,47,6,41,2
109897,56,7,49,2
109898,38,3,35,2
109899,53,9,44,2
109900,59,6,53,2
109901,49,2,47,2
109902,58,6,52,2
109903,48,5,43,2
109904,66,6,60,2
109905,54,11,43,2
109906,57,6,51,2
109907,52,0,52,1
109908,54,7,47,2
109909,73,12,61,2
109910,44,2,42,2
109911,41,2,39,2
109912,43,5,38,2
109913,51,9,42,2
109914,51,6,45,2
109915,63,8,55,2
109916,63,8,55,2
109917,58,8,50,2
109918,49,2,47,2
109919,54,10,44,2
109920,65,19,46,2
109921,56,6,50,2
109922,73,7,66,2
109923,70,8,62,2
109924,60,7,53,2
109925,56,9,47,2
109926,62,6,56,2
109927,51,10,41,2
109928,56,2,54,2
109929,55,3,52,2
109930,57,5,52,2
109931,53,3,50,2
109932,58,5,53,2
109933,55,5,50,2
109934,55,7,48,2
109935,63,7,56,2
109936,44,4,40,2
109937,51,9,42,2
109938,55,5,50,2
109939,41,2,39,2
109940,63,7,56,2
109941,57,11,46,2
109942,44,4,40,2
109943,43,6,37,2
109944,41,5,36,2
109945,57,3,54,2
109946,58,8,50,2
109947,57,12,45,2
109948,46,8,38,2
109949,51,10,41,2
109950,47,7,40,2
109951,54,4,50,2
109952,53,7,46,2
109953,65,10,55,2
109954,54,8,46,2
109955,57,7,50,2
109956,56,7,49,2
109957,51,3,48,2
109958,54,4,50,2
109959,52,5,47,2
109960,57,5,52,2
109961,54,5,49,2
109962,44,3,41,2
109963,53,5,48,2
109964,53,9,44,2
109965,44,6,38,2
109966,46,3,43,2
109967,46,6,40,2
109968,58,5,53,2
109969,62,7,55,2
109970,54,6,48,2
109971,53,11,42,2
109972,59,7,52,2
109973,45,6,39,2
109974,64,11,53,2
109975,51,5,46,2
109976,47,8,39,2
109977,50,7,43,2
109978,71,7,64,2
109979,59,7,52,2
109980,59,13,46,2
109981,74,10,64,2
109982,54,5,49,2
109983,55,10,45,2
109984,62,10,52,2
109985,59,5,54,2
109986,51,3,48,2
109987,68,6,62,2
109988,55,7,48,2
109989,41,9,32,2
109990,55,8,47,2
109991,61,7,54,2
109992,52,10,42,2
109993,54,12,42,2
109994,63,9,54,2
109995,51,5,46,2
109996,52,4,48,2
109997,59,7,52,2
109998,52,5,47,2
109999,56,8,48,2
110000,44,7,37,2
110001,52,11,41,2
110002,47,5,42,2
110003,58,10,48,2
110004,64,9,55,2
110005,61,9,52,2
110006,55,4,51,2
110007,69,9,60,2
110008,56,8,48,2
110009,46,6,40,2
110010,55,5,50,2
110011,53,5,48,2
110012,47,5,42,2
110013,54,8,46,2
110014,61,10,51,2
110015,55,7,48,2
110016,62,5,57,2
110017,50,10,40,2
110018,54,3,51,2
110019,49,5,44,2
110020,52,6,46,2
110021,50,4,46,2
110022,49,5,44,2
110023,51,5,46,2
110024,56,8,48,2
110025,57,5,52,2
110026,54,4,50,2
110027,45,5,40,2
110028,66,9,57,2
110029,38,3,35,2
110030,70,10,60,2
110031,60,8,52,2
110032,69,10,59,2
110033,54,7,47,2
110034,50,7,43,2
110035,50,3,47,2
110036,52,6,46,2
110037,51,8,43,2
110038,47,3,44,2
110039,55,6,49,2
110040,59,11,48,2
110041,44,5,39,2
110042,39,0,39,1
110043,54,13,41,2
110044,57,6,51,2
110045,62,9,53,2
110046,52,8,44,2
110047,64,8,56,2
110048,67,9,58,2
110049,53,7,46,2
110050,59,7,52,2
110051,66,9,57,2
110052,58,9,49,2
110053,65,10,55,2
110054,61,7,54,2
110055,53,6,47,2
110056,55,9,46,2
110057,61,13,48,2
110058,41,7,34,2
110059,48,9,39,2
110060,49,4,45,2
110061,60,5,55,2
110062,61,11,50,2
110063,47,0,47,1
110064,54,3,51,2
110065,40,6,34,2
110066,51,5,46,2
110067,52,8,44,2
110068,59,8,51,2
110069,55,8,47,2
110070,53,5,48,2
110071,63,9,54,2
110072,61,10,51,2
110073,55,6,49,2
110074,54,9,45,2
110075,55,8,47,2
110076,51,8,43,2
110077,60,15,45,2
110078,48,4,44,2
110079,60,6,54,2
110080,59,8,51,2
110081,51,5,46,2
110082,56,10,46,2
110083,63,6,57,2
110084,57,9,48,2
110085,45,7,38,2
110086,39,5,34,2
110087,57,8,49,2
110088,46,5,41,2
110089,68,5,63,2
110090,58,6,52,2
110091,53,8,45,2
110092,55,4,51,2
110093,61,7,54,2
110094,41,8,33,2
110095,48,6,42,2
110096,68,6,62,2
110097,64,10,54,2
110098,54,7,47,2
110099,52,8,44,2
110100,53,8,45,2
110101,45,6,39,2
110102,67,10,57,2
110103,59,5,54,2
110104,60,5,55,2
110105,57,8,49,2
110106,47,2,45,2
110107,57,11,46,2
110108,58,7,51,2
110109,69,9,60,2
110110,53,6,47,2
110111,60,7,53,2
110112,54,5,49,2
110113,61,5,56,2
110114,53,8,45,2
110115,53,8,45,2
110116,49,5,44,2
110117,62,3,59,2
110118,58,14,44,2
110119,44,6,38,2
110120,53,6,47,2
110121,58,4,54,2
110122,49,11,38,2
110123,41,5,36,2
110124,59,7,52,2
110125,59,9,50,2
110126,53,8,45,2
110127,51,4,47,2
110128,42,2,40,2
110129,48,6,42,2
110130,53,5,48,2
110131,53,6,47,2
110132,48,5,43,2
110133,56,14,42,2
110134,51,8,43,2
110135,49,7,42,2
110136,41,8,33,2
110137,50,4,46,2
110138,54,8,46,2
110139,47,6,41,2
110140,58,6,52,2
110141,45,6,39,2
110142,52,5,47,2
110143,44,6,38,2
110144,41,4,37,2
110145,54,8,46,2
110146,53,8,45,2
110147,45,6,39,2
110148,44,9,35,2
110149,59,7,52,2
110150,50,5,45,2
110151,61,8,53,2
110152,62,5,57,2
110153,66,7,59,2
110154,46,3,43,2
110155,44,5,39,2
110156,47,7,40,2
110157,60,3,57,2
110158,54,6,48,2
110159,50,4,46,2
110160,54,4,50,2
110161,51,4,47,2
110162,1,1,0,1
110163,72,10,62,2
110164,60,6,54,2
110165,58,11,47,2
110166,59,4,55,2
110167,58,7,51,2
110168,45,6,39,2
110169,44,9,35,2
110170,62,13,49,2
110171,54,5,49,2
110172,54,6,48,2
110173,64,7,57,2
110174,50,2,48,2
110175,66,11,55,2
110176,67,13,54,2
110177,52,5,47,2
110178,67,14,53,2
110179,51,5,46,2
110180,58,9,49,2
110181,63,7,56,2
110182,54,8,46,2
110183,55,6,49,2
110184,57,8,49,2
110185,50,9,41,2
110186,54,4,50,2
110187,46,5,41,2
110188,51,8,43,2
110189,58,9,49,2
110190,43,5,38,2
110191,52,5,47,2
110192,54,6,48,2
110193,53,8,45,2
110194,58,9,49,2
110195,53,3,50,2
110196,61,7,54,2
110197,56,7,49,2
110198,50,4,46,2
110199,67,8,59,2
110200,63,7,56,2
110201,52,4,48,2
110202,61,6,55,2
110203,51,10,41,2
110204,52,6,46,2
110205,49,7,42,2
110206,62,3,59,2
110207,49,6,43,2
110208,53,9,44,2
110209,48,5,43,2
110210,61,7,54,2
110211,51,5,46,2
110212,60,7,53,2
110213,49,4,45,2
110214,54,10,44,2
110215,51,6,45,2
110216,48,7,41,2
110217,51,7,44,2
110218,39,2,37,2
110219,67,9,58,2
110220,46,6,40,2
110221,61,6,55,2
110222,43,2,41,2
110223,54,6,48,2
110224,71,8,63,2
110225,56,8,48,2
110226,43,4,39,2
110227,44,7,37,2
110228,60,5,55,2
110229,55,7,48,2
110230,51,6,45,2
110231,55,5,50,2
110232,48,8,40,2
110233,49,5,44,2
110234,61,5,56,2
110235,53,7,46,2
110236,54,9,45,2
110237,57,5,52,2
110238,57,6,51,2
110239,56,8,48,2
110240,60,4,56,2
110241,56,6,50,2
110242,57,7,50,2
110243,58,6,52,2
110244,54,6,48,2
110245,53,4,49,2
110246,47,3,44,2
110247,53,4,49,2
110248,56,7,49,2
110249,56,6,50,2
110250,70,12,58,2
110251,58,6,52,2
110252,60,10,50,2
110253,55,7,48,2
110254,45,2,43,2
110255,62,6,56,2
110256,76,6,70,2
110257,60,12,48,2
110258,50,9,41,2
110259,48,4,44,2
110260,53,4,49,2
110261,63,7,56,2
110262,55,9,46,2
110263,53,2,51,2
110264,51,6,45,2
110265,55,5,50,2
110266,57,3,54,2
110267,65,7,58,2
110268,51,8,43,2
110269,52,6,46,2
110270,61,7,54,2
110271,48,6,42,2
110272,57,8,49,2
110273,54,7,47,2
110274,58,8,50,2
110275,57,6,51,2
110276,51,4,47,2
110277,45,9,36,2
110278,61,8,53,2
110279,46,3,43,2
110280,58,12,46,2
110281,63,7,56,2
110282,42,2,40,2
110283,54,8,46,2
110284,53,5,48,2
110285,50,7,43,2
110286,60,7,53,2
110287,62,10,52,2
110288,62,7,55,2
110289,51,5,46,2
110290,56,5,51,2
110291,57,10,47,2
110292,61,8,53,2
110293,51,4,47,2
110294,40,6,34,2
110295,48,8,40,2
110296,57,8,49,2
110297,50,5,45,2
110298,57,6,51,2
110299,53,4,49,2
110300,42,6,36,2
110301,60,4,56,2
110302,54,4,50,2
110303,48,5,43,2
110304,56,5,51,2
110305,52,4,48,2
110306,44,5,39,2
110307,49,7,42,2
110308,53,6,47,2
110309,58,10,48,2
110310,60,6,54,2
110311,57,11,46,2
110312,56,7,49,2
110313,41,7,34,2
110314,68,12,56,2
110315,45,4,41,2
110316,52,7,45,2
110317,55,9,46,2
110318,55,3,52,2
110319,53,10,43,2
110320,47,5,42,2
110321,49,4,45,2
110322,49,6,43,2
110323,48,8,40,2
110324,47,5,42,2
110325,50,7,43,2
110326,55,7,48,2
110327,49,8,41,2
110328,50,6,44,2
110329,58,4,54,2
110330,68,9,59,2
110331,56,7,49,2
110332,58,5,53,2
110333,48,1,47,2
110334,56,3,53,2
110335,46,3,43,2
110336,69,7,62,2
110337,48,6,42,2
110338,48,4,44,2
110339,53,4,49,2
110340,47,9,38,2
110341,56,4,52,2
110342,70,9,61,2
110343,47,3,44,2
110344,57,5,52,2
110345,54,7,47,2
110346,52,7,45,2
110347,55,9,46,2
110348,56,10,46,2
110349,54,7,47,2
110350,54,6,48,2
110351,64,6,58,2
110352,52,5,47,2
110353,45,7,38,2
110354,42,11,31,2
110355,42,3,39,2
110356,48,5,43,2
110357,58,7,51,2
110358,47,5,42,2
110359,45,4,41,2
110360,54,11,43,2
110361,56,9,47,2
110362,49,7,42,2
110363,36,7,29,2
110364,38,4,34,2
110365,51,5,46,2
110366,53,6,47,2
110367,71,4,67,2
110368,52,4,48,2
110369,52,9,43,2
110370,38,3,35,2
110371,61,7,54,2
110372,63,12,51,2
110373,67,10,57,2
110374,57,7,50,2
110375,67,6,61,2
110376,56,9,47,2
110377,58,6,52,2
110378,49,5,44,2
110379,56,9,47,2
110380,59,9,50,2
110381,46,5,41,2
110382,59,10,49,2
110383,60,11,49,2
110384,64,10,54,2
110385,67,3,64,2
110386,49,3,46,2
110387,54,7,47,2
110388,54,5,49,2
110389,51,3,48,2
110390,47,5,42,2
110391,57,6,51,2
110392,64,11,53,2
110393,61,8,53,2
110394,52,4,48,2
110395,59,7,52,2
110396,64,11,53,2
110397,57,6,51,2
110398,58,11,47,2
110399,60,5,55,2
110400,49,6,43,2
110401,67,10,57,2
110402,56,8,48,2
110403,45,4,41,2
110404,45,9,36,2
110405,59,5,54,2
110406,53,8,45,2
110407,48,7,41,2
110408,48,5,43,2
110409,62,8,54,2
110410,57,5,52,2
110411,64,8,56,2
110412,55,5,50,2
110413,55,6,49,2
110414,59,7,52,2
110415,57,7,50,2
110416,65,10,55,2
110417,56,9,47,2
110418,55,10,45,2
110419,56,7,49,2
110420,50,4,46,2
110421,54,5,49,2
110422,62,8,54,2
110423,49,7,42,2
110424,56,6,50,2
110425,78,5,73,2
110426,48,5,43,2
110427,47,10,37,2
110428,52,5,47,2
110429,48,9,39,2
110430,66,4,62,2
110431,50,7,43,2
110432,51,6,45,2
110433,48,6,42,2
110434,44,8,36,2
110435,62,4,58,2
110436,59,9,50,2
110437,54,10,44,2
110438,39,3,36,2
110439,46,6,40,2
110440,61,10,51,2
110441,51,6,45,2
110442,52,6,46,2
110443,57,9,48,2
110444,42,4,38,2
110445,54,8,46,2
110446,54,8,46,2
110447,60,9,51,2
110448,53,5,48,2
110449,64,10,54,2
110450,59,6,53,2
110451,64,7,57,2
110452,52,4,48,2
110453,47,4,43,2
110454,45,6,39,2
110455,56,5,51,2
110456,50,10,40,2
110457,48,3,45,2
110458,53,5,48,2
110459,77,13,64,2
110460,49,8,41,2
110461,60,5,55,2
110462,36,1,35,2
110463,45,5,40,2
110464,46,4,42,2
110465,57,6,51,2
110466,39,2,37,2
110467,50,4,46,2
110468,47,5,42,2
110469,51,10,41,2
110470,51,6,45,2
110471,44,1,43,2
110472,50,4,46,2
110473,43,2,41,2
110474,46,3,43,2
110475,53,7,46,2
110476,39,4,35,2
110477,56,2,54,2
110478,58,9,49,2
110479,57,7,50,2
110480,55,3,52,2
110481,44,6,38,2
110482,63,8,55,2
110483,56,9,47,2
110484,55,7,48,2
110485,56,7,49,2
110486,67,9,58,2
110487,56,8,48,2
110488,56,8,48,2
110489,55,8,47,2
110490,55,4,51,2
110491,47,5,42,2
110492,59,10,49,2
110493,63,3,60,2
110494,61,7,54,2
110495,55,7,48,2
110496,61,7,54,2
110497,67,5,62,2
110498,72,6,66,2
110499,48,8,40,2
110500,58,11,47,2
110501,62,4,58,2
110502,51,11,40,2
110503,57,8,49,2
110504,43,3,40,2
110505,50,4,46,2
110506,59,10,49,2
110507,49,4,45,2
110508,59,4,55,2
110509,61,6,55,2
110510,53,3,50,2
110511,58,6,52,2
110512,68,4,64,2
110513,54,7,47,2
110514,63,2,61,2
110515,72,15,57,2
110516,61,8,53,2
110517,55,9,46,2
110518,42,3,39,2
110519,59,2,57,2
110521,58,4,54,2
110522,62,7,55,2
110523,54,3,51,2
110524,52,7,45,2
110525,67,11,56,2
110526,56,6,50,2
110527,68,4,64,2
110528,43,5,38,2
110529,41,7,34,2
110530,58,8,50,2
110531,47,3,44,2
110532,48,4,44,2
110533,64,6,58,2
110534,56,6,50,2
110535,47,2,45,2
110536,49,4,45,2
110537,52,8,44,2
110538,50,7,43,2
110539,62,3,59,2
110540,62,13,49,2
110541,46,3,43,2
110542,54,3,51,2
110543,67,11,56,2
110544,56,10,46,2
110545,40,6,34,2
110546,60,8,52,2
110547,53,7,46,2
110548,59,5,54,2
110549,58,7,51,2
110550,61,6,55,2
110551,46,7,39,2
110552,46,4,42,2
110553,50,8,42,2
110554,54,2,52,2
110555,65,13,52,2
110556,64,16,48,2
110557,44,3,41,2
110558,56,6,50,2
110559,63,7,56,2
110560,45,1,44,2
110561,51,3,48,2
110562,71,11,60,2
110563,54,6,48,2
110564,51,3,48,2
110565,35,8,27,2
110566,54,7,47,2
110567,56,3,53,2
110568,60,8,52,2
110569,59,7,52,2
110570,53,3,50,2
110571,47,4,43,2
110572,54,10,44,2
110573,57,7,50,2
110574,67,9,58,2
110575,64,10,54,2
110576,59,8,51,2
110577,51,5,46,2
110579,49,9,40,2
110580,66,10,56,2
110581,57,6,51,2
110582,48,8,40,2
110583,62,5,57,2
110584,52,5,47,2
110585,44,5,39,2
110586,54,9,45,2
110587,63,9,54,2
110588,45,6,39,2
110589,63,8,55,2
110590,40,3,37,2
110591,47,4,43,2
110592,57,8,49,2
110593,54,3,51,2
110594,55,9,46,2
110595,39,4,35,2
110596,58,11,47,2
110597,53,6,47,2
110598,50,8,42,2
110599,58,4,54,2
110600,49,4,45,2
110601,57,1,56,2
110602,49,7,42,2
110603,47,6,41,2
110604,58,4,54,2
110605,46,3,43,2
110606,69,8,61,2
110607,56,6,50,2
110608,49,7,42,2
110609,55,7,48,2
110610,48,3,45,2
110611,61,8,53,2
110612,63,9,54,2
110613,74,5,69,2
110614,53,4,49,2
110615,61,14,47,2
110616,54,5,49,2
110617,51,5,46,2
110618,47,5,42,2
110619,59,7,52,2
110620,55,8,47,2
110621,53,5,48,2
110622,45,6,39,2
110623,66,4,62,2
110624,46,4,42,2
110625,52,4,48,2
110626,47,7,40,2
110627,68,10,58,2
110628,34,2,32,2
110629,54,4,50,2
110630,59,10,49,2
110631,52,11,41,2
110632,47,8,39,2
110633,47,4,43,2
110634,49,6,43,2
110635,51,3,48,2
110636,47,5,42,2
110637,49,9,40,2
110638,54,9,45,2
110639,52,10,42,2
110640,51,2,49,2
110641,53,6,47,2
110642,57,5,52,2
110643,57,5,52,2
110644,51,5,46,2
110645,61,9,52,2
110646,61,3,58,2
110647,58,4,54,2
110648,55,4,51,2
110649,61,10,51,2
110650,57,4,53,2
110651,57,5,52,2
110652,57,2,55,2
110653,59,6,53,2
110654,37,1,36,2
110655,51,8,43,2
110656,44,8,36,2
110657,53,10,43,2
110658,56,4,52,2
110659,57,12,45,2
110660,69,7,62,2
110661,49,4,45,2
110662,61,7,54,2
110663,43,7,36,2
110664,54,3,51,2
110665,49,6,43,2
110666,55,2,53,2
110667,46,4,42,2
110668,62,4,58,2
110669,58,6,52,2
110670,55,5,50,2
110671,51,6,45,2
110672,54,2,52,2
110673,55,5,50,2
110674,54,9,45,2
110675,52,5,47,2
110676,47,3,44,2
110677,50,10,40,2
110678,61,11,50,2
110679,46,5,41,2
110680,41,4,37,2
110681,57,3,54,2
110682,51,6,45,2
110683,60,6,54,2
110684,45,8,37,2
110685,56,10,46,2
110686,53,4,49,2
110687,51,6,45,2
110688,50,4,46,2
110689,47,3,44,2
110690,51,5,46,2
110691,55,5,50,2
110692,60,6,54,2
110693,46,2,44,2
110694,60,8,52,2
110695,53,5,48,2
110696,59,7,52,2
110697,45,4,41,2
110698,42,4,38,2
110699,63,10,53,2
110700,64,7,57,2
110701,57,5,52,2
110702,47,6,41,2
110703,57,11,46,2
110704,47,3,44,2
110705,48,3,45,2
110706,57,5,52,2
110707,54,8,46,2
110708,49,6,43,2
110709,52,7,45,2
110710,59,7,52,2
110711,43,7,36,2
110712,51,10,41,2
110713,63,7,56,2
110714,52,2,50,2
110715,56,5,51,2
110716,58,9,49,2
110717,55,6,49,2
110718,54,7,47,2
110719,59,11,48,2
110720,70,8,62,2
110721,46,6,40,2
110722,40,9,31,2
110723,57,5,52,2
110724,60,10,50,2
110725,58,8,50,2
110726,56,5,51,2
110727,71,7,64,2
110728,69,5,64,2
110729,54,6,48,2
110730,53,1,52,2
110731,47,6,41,2
110732,56,9,47,2
110733,42,2,40,2
110734,55,5,50,2
110735,52,6,46,2
110736,50,5,45,2
110737,51,3,48,2
110738,51,9,42,2
110739,63,8,55,2
110740,54,9,45,2
110741,51,3,48,2
110742,52,6,46,2
110743,66,11,55,2
110744,60,11,49,2
110745,61,9,52,2
110747,50,8,42,2
110748,62,8,54,2
110749,63,6,57,2
110750,41,3,38,2
110751,39,2,37,2
110752,56,6,50,2
110753,65,6,59,2
110754,60,10,50,2
110755,57,5,52,2
110756,48,9,39,2
110757,64,8,56,2
110758,53,4,49,2
110759,59,10,49,2
110760,52,10,42,2
110761,56,11,45,2
110762,60,6,54,2
110763,55,10,45,2
110764,69,4,65,2
110765,60,8,52,2
110766,74,11,63,2
110767,41,6,35,2
110768,61,3,58,2
110769,66,13,53,2
110770,53,8,45,2
110771,49,4,45,2
110772,54,8,46,2
110773,62,7,55,2
110774,45,7,38,2
110775,63,11,52,2
110776,61,7,54,2
110777,47,6,41,2
110778,40,5,35,2
110779,49,5,44,2
110780,51,6,45,2
110781,70,9,61,2
110782,46,3,43,2
110783,60,5,55,2
110784,56,7,49,2
110785,62,6,56,2
110786,56,9,47,2
110787,62,9,53,2
110788,53,2,51,2
110789,46,7,39,2
110790,55,4,51,2
110791,60,8,52,2
110792,62,6,56,2
110793,59,6,53,2
110794,55,10,45,2
110795,56,6,50,2
110796,65,7,58,2
110797,50,7,43,2
110798,55,8,47,2
110799,50,8,42,2
110800,66,1,65,2
110801,45,10,35,2
110802,77,16,61,2
110803,52,7,45,2
110804,52,5,47,2
110805,34,5,29,2
110806,54,7,47,2
110807,65,1,64,2
110808,51,9,42,2
110809,46,1,45,2
110810,60,7,53,2
110811,58,8,50,2
110812,41,4,37,2
110813,43,7,36,2
110814,62,9,53,2
110815,55,4,51,2
110816,52,4,48,2
110817,52,6,46,2
110818,51,7,44,2
110819,58,3,55,2
110820,56,5,51,2
110821,66,10,56,2
110822,48,6,42,2
110823,56,7,49,2
110824,54,9,45,2
110825,58,2,56,2
110826,45,10,35,2
110827,69,13,56,2
110828,49,3,46,2
110829,58,7,51,2
110830,52,6,46,2
110831,60,6,54,2
110832,45,7,38,2
110833,57,7,50,2
110834,56,6,50,2
110835,57,5,52,2
110836,57,5,52,2
110837,49,5,44,2
110838,69,15,54,2
110839,58,5,53,2
110840,58,7,51,2
110841,58,5,53,2
110842,59,8,51,2
110843,45,2,43,2
110844,56,4,52,2
110845,54,4,50,2
110846,59,5,54,2
110847,47,8,39,2
110848,57,9,48,2
110849,59,6,53,2
110850,54,1,53,2
110851,54,10,44,2
110852,54,7,47,2
110853,52,6,46,2
110854,71,11,60,2
110855,48,6,42,2
110856,55,1,54,2
110857,58,10,48,2
110858,65,6,59,2
110859,47,3,44,2
110860,61,13,48,2
110861,65,6,59,2
110862,60,2,58,2
110863,48,3,45,2
110864,64,10,54,2
110865,42,6,36,2
110866,50,6,44,2
110867,47,7,40,2
110868,59,4,55,2
110869,51,7,44,2
110870,43,7,36,2
110871,60,9,51,2
110872,65,10,55,2
110873,47,5,42,2
110874,47,4,43,2
110875,44,3,41,2
110876,48,7,41,2
110877,61,3,58,2
110878,53,4,49,2
110879,54,5,49,2
110880,42,6,36,2
110881,53,7,46,2
110882,45,3,42,2
110883,44,6,38,2
110884,52,6,46,2
110885,49,4,45,2
110886,58,8,50,2
110887,61,9,52,2
110888,63,14,49,2
110889,67,7,60,2
110890,58,7,51,2
110891,45,4,41,2
110892,58,7,51,2
110893,58,6,52,2
110894,48,1,47,2
110895,55,10,45,2
110896,44,2,42,2
110897,53,7,46,2
110898,43,6,37,2
110899,52,6,46,2
110900,58,7,51,2
110901,50,8,42,2
110902,70,9,61,2
110903,50,5,45,2
110904,48,3,45,2
110905,60,7,53,2
110906,46,4,42,2
110907,71,10,61,2
110908,62,9,53,2
110909,73,14,59,2
110910,50,4,46,2
110911,47,5,42,2
110912,52,7,45,2
110913,56,7,49,2
110914,44,3,41,2
110915,54,3,51,2
110916,59,4,55,2
110917,49,4,45,2
110918,60,5,55,2
110919,49,5,44,2
110920,61,9,52,2
110921,65,9,56,2
110922,50,8,42,2
110923,48,4,44,2
110924,54,6,48,2
110925,52,5,47,2
110926,64,5,59,2
110927,68,7,61,2
110928,65,6,59,2
110929,47,4,43,2
110930,51,8,43,2
110931,53,6,47,2
110932,53,9,44,2
110933,58,5,53,2
110934,48,3,45,2
110935,63,11,52,2
110936,49,8,41,2
110937,65,12,53,2
110938,58,7,51,2
110939,58,13,45,2
110940,66,6,60,2
110941,64,7,57,2
110942,48,5,43,2
110943,42,6,36,2
110944,42,4,38,2
110945,57,6,51,2
110946,52,7,45,2
110947,61,5,56,2
110948,47,1,46,2
110949,49,4,45,2
110950,52,13,39,2
110951,60,6,54,2
110952,49,7,42,2
110953,49,7,42,2
110954,61,8,53,2
110955,43,4,39,2
110956,51,5,46,2
110957,56,7,49,2
110958,46,5,41,2
110959,55,4,51,2
110960,58,6,52,2
110961,58,5,53,2
110962,59,8,51,2
110963,54,2,52,2
110964,53,10,43,2
110965,63,6,57,2
110966,52,3,49,2
110967,48,3,45,2
110968,60,10,50,2
110969,55,5,50,2
110970,56,4,52,2
110971,44,5,39,2
110972,49,8,41,2
110973,61,7,54,2
110974,55,7,48,2
110975,54,8,46,2
110976,59,6,53,2
110977,45,2,43,2
110978,55,7,48,2
110979,66,7,59,2
110980,58,10,48,2
110981,53,4,49,2
110982,50,6,44,2
110983,51,4,47,2
110984,56,5,51,2
110985,55,6,49,2
110986,43,5,38,2
110987,68,11,57,2
110988,45,8,37,2
110989,59,5,54,2
110990,82,16,66,2
110991,50,4,46,2
110992,56,11,45,2
110993,53,6,47,2
110994,57,5,52,2
110995,50,6,44,2
110996,50,7,43,2
110997,64,6,58,2
110998,60,9,51,2
110999,59,7,52,2
111000,57,4,53,2
111001,55,5,50,2
111002,41,3,38,2
111003,59,7,52,2
111004,60,9,51,2
111005,59,5,54,2
111006,44,5,39,2
111007,62,6,56,2
111008,52,7,45,2
111009,54,7,47,2
111010,59,6,53,2
111011,60,9,51,2
111012,50,9,41,2
111013,56,6,50,2
111014,50,6,44,2
111015,54,2,52,2
111016,66,3,63,2
111017,45,3,42,2
111018,57,5,52,2
111019,50,6,44,2
111020,49,4,45,2
111021,60,8,52,2
111022,51,5,46,2
111023,46,4,42,2
111024,49,5,44,2
111025,39,2,37,2
111026,48,4,44,2
111027,56,6,50,2
111028,51,12,39,2
111029,44,5,39,2
111030,52,3,49,2
111031,61,7,54,2
111032,55,5,50,2
111033,57,7,50,2
111034,42,7,35,2
111035,49,5,44,2
111036,58,9,49,2
111037,62,12,50,2
111038,55,7,48,2
111039,41,5,36,2
111040,44,5,39,2
111041,49,4,45,2
111042,51,9,42,2
111043,70,7,63,2
111044,54,8,46,2
111045,63,4,59,2
111046,44,3,41,2
111047,50,8,42,2
111048,43,4,39,2
111049,65,8,57,2
111050,42,1,41,2
111051,48,10,38,2
111052,62,8,54,2
111053,53,11,42,2
111054,44,9,35,2
111055,43,7,36,2
111056,47,6,41,2
111057,59,7,52,2
111058,51,7,44,2
111059,66,6,60,2
111060,48,7,41,2
111061,51,7,44,2
111062,45,6,39,2
111063,50,4,46,2
111064,50,2,48,2
111065,38,3,35,2
111066,62,9,53,2
111067,59,10,49,2
111068,51,5,46,2
111069,40,7,33,2
111070,71,8,63,2
111071,58,5,53,2
111072,60,6,54,2
111073,56,10,46,2
111074,67,11,56,2
111075,47,4,43,2
111076,53,2,51,2
111077,43,4,39,2
111078,51,8,43,2
111079,57,12,45,2
111080,59,9,50,2
111081,72,11,61,2
111082,52,7,45,2
111083,59,9,50,2
111084,53,10,43,2
111085,46,8,38,2
111086,53,5,48,2
111087,58,3,55,2
111088,56,6,50,2
111089,55,4,51,2
111090,59,4,55,2
111091,58,6,52,2
111092,49,8,41,2
111093,45,7,38,2
111094,46,7,39,2
111095,63,5,58,2
111096,48,3,45,2
111097,61,4,57,2
111098,69,6,63,2
111099,56,11,45,2
111100,49,9,40,2
111101,50,6,44,2
111102,45,7,38,2
111103,58,11,47,2
111104,47,7,40,2
111105,50,2,48,2
111106,58,5,53,2
111107,56,6,50,2
111108,64,8,56,2
111109,60,6,54,2
111110,47,3,44,2
111111,57,4,53,2
111112,58,8,50,2
111113,57,11,46,2
111114,41,6,35,2
111115,58,6,52,2
111116,52,5,47,2
111117,53,6,47,2
111118,46,3,43,2
111119,54,13,41,2
111120,46,6,40,2
111121,62,7,55,2
111122,63,9,54,2
111123,62,8,54,2
111124,47,5,42,2
111125,69,11,58,2
111126,51,9,42,2
111127,52,9,43,2
111128,46,6,40,2
111129,58,9,49,2
111130,53,6,47,2
111131,51,3,48,2
111132,51,7,44,2
111133,58,9,49,2
111134,55,1,54,2
111135,52,8,44,2
111136,58,3,55,2
111137,58,3,55,2
111138,48,6,42,2
111139,58,8,50,2
111140,59,8,51,2
111141,60,11,49,2
111142,56,4,52,2
111143,53,8,45,2
111144,51,6,45,2
111145,63,4,59,2
111146,54,8,46,2
111147,45,8,37,2
111148,69,10,59,2
111150,55,4,51,2
111151,66,8,58,2
111152,44,3,41,2
111153,56,8,48,2
111154,55,9,46,2
111155,59,6,53,2
111156,58,7,51,2
111157,46,7,39,2
111158,52,7,45,2
111159,61,8,53,2
111160,67,8,59,2
111161,55,8,47,2
111162,49,7,42,2
111163,57,8,49,2
111164,54,4,50,2
111165,60,3,57,2
111166,42,6,36,2
111167,58,9,49,2
111168,49,8,41,2
111169,63,3,60,2
111170,53,4,49,2
111171,66,4,62,2
111172,58,9,49,2
111173,57,3,54,2
111174,45,6,39,2
111175,61,5,56,2
111176,62,5,57,2
111177,61,6,55,2
111178,62,10,52,2
111179,54,6,48,2
111180,52,6,46,2
111181,52,6,46,2
111182,59,6,53,2
111183,47,3,44,2
111184,57,11,46,2
111185,45,5,40,2
111186,71,11,60,2
111187,63,9,54,2
111188,52,7,45,2
111189,49,7,42,2
111190,57,10,47,2
111191,52,9,43,2
111192,56,9,47,2
111193,51,4,47,2
111194,57,6,51,2
111195,68,8,60,2
111196,66,10,56,2
111197,44,3,41,2
111198,50,5,45,2
111199,68,11,57,2
111200,46,4,42,2
111201,72,10,62,2
111202,60,12,48,2
111203,77,10,67,2
111204,45,4,41,2
111205,50,4,46,2
111206,63,5,58,2
111207,53,6,47,2
111208,70,7,63,2
111209,60,6,54,2
111210,48,6,42,2
111211,59,4,55,2
111212,36,2,34,2
111213,44,6,38,2
111214,49,7,42,2
111215,59,7,52,2
111216,53,6,47,2
111217,50,7,43,2
111218,57,5,52,2
111219,69,6,63,2
111220,67,7,60,2
111221,64,8,56,2
111222,56,9,47,2
111223,56,5,51,2
111224,51,4,47,2
111225,66,7,59,2
111226,57,5,52,2
111227,55,8,47,2
111228,68,7,61,2
111229,62,6,56,2
111230,49,8,41,2
111231,55,6,49,2
111232,55,9,46,2
111233,55,10,45,2
111234,58,6,52,2
111235,58,8,50,2
111236,52,3,49,2
111237,56,7,49,2
111238,51,4,47,2
111239,56,6,50,2
111240,60,7,53,2
111241,56,6,50,2
111242,56,9,47,2
111243,54,9,45,2
111244,55,13,42,2
111245,73,11,62,2
111246,48,10,38,2
111247,60,5,55,2
111248,64,8,56,2
111249,50,6,44,2
111250,53,5,48,2
111251,44,3,41,2
111252,50,7,43,2
111253,60,4,56,2
111254,64,6,58,2
111255,59,6,53,2
111256,45,5,40,2
111257,55,13,42,2
111258,56,9,47,2
111259,45,8,37,2
111260,49,6,43,2
111261,50,11,39,2
111262,51,4,47,2
111263,59,5,54,2
111264,59,8,51,2
111265,63,8,55,2
111266,54,9,45,2
111267,45,8,37,2
111268,58,12,46,2
111269,60,4,56,2
111270,59,6,53,2
111271,57,8,49,2
111272,54,5,49,2
111273,55,9,46,2
111274,50,12,38,2
111275,46,10,36,2
111276,52,6,46,2
111277,64,8,56,2
111278,56,4,52,2
111279,37,6,31,2
111280,65,11,54,2
111281,45,6,39,2
111282,49,3,46,2
111283,54,3,51,2
111284,59,8,51,2
111285,50,3,47,2
111286,61,9,52,2
111287,65,12,53,2
111288,55,3,52,2
111289,58,6,52,2
111290,63,3,60,2
111291,67,7,60,2
111292,48,9,39,2
111293,54,6,48,2
111294,48,6,42,2
111295,47,2,45,2
111296,43,9,34,2
111297,55,7,48,2
111298,48,4,44,2
111299,54,3,51,2
111300,54,5,49,2
111301,50,9,41,2
111302,56,8,48,2
111303,54,4,50,2
111304,56,5,51,2
111305,48,9,39,2
111306,48,9,39,2
111307,49,0,49,1
111308,48,7,41,2
111309,50,6,44,2
111310,44,10,34,2
111311,47,3,44,2
111312,45,2,43,2
111313,66,11,55,2
111314,54,3,51,2
111315,60,2,58,2
111316,44,5,39,2
111317,48,4,44,2
111318,54,7,47,2
111319,55,8,47,2
111320,53,8,45,2
111321,57,3,54,2
111322,50,7,43,2
111323,41,4,37,2
111324,64,8,56,2
111325,50,11,39,2
111326,58,8,50,2
111327,56,9,47,2
111328,65,14,51,2
111329,56,6,50,2
111330,48,4,44,2
111331,42,2,40,2
111332,58,8,50,2
111333,58,5,53,2
111334,52,11,41,2
111335,51,9,42,2
111336,46,7,39,2
111337,47,5,42,2
111338,54,6,48,2
111339,59,9,50,2
111340,63,9,54,2
111341,43,5,38,2
111342,49,7,42,2
111343,39,8,31,2
111344,55,9,46,2
111345,59,12,47,2
111346,42,7,35,2
111347,55,8,47,2
111348,50,5,45,2
111349,56,5,51,2
111350,56,4,52,2
111351,61,5,56,2
111352,53,7,46,2
111353,56,6,50,2
111354,44,5,39,2
111355,62,8,54,2
111356,61,7,54,2
111357,65,11,54,2
111358,49,5,44,2
111359,59,5,54,2
111360,60,10,50,2
111361,49,5,44,2
111362,50,6,44,2
111363,46,5,41,2
111364,56,8,48,2
111365,55,3,52,2
111366,55,4,51,2
111367,51,7,44,2
111368,56,5,51,2
111369,47,12,35,2
111370,45,6,39,2
111371,50,5,45,2
111372,49,9,40,2
111373,51,8,43,2
111374,61,3,58,2
111375,40,5,35,2
111376,58,6,52,2
111377,57,9,48,2
111378,56,8,48,2
111379,46,6,40,2
111380,64,9,55,2
111381,56,7,49,2
111382,43,6,37,2
111383,55,11,44,2
111384,65,9,56,2
111385,53,8,45,2
111386,59,11,48,2
111387,59,3,56,2
111388,52,2,50,2
111389,51,5,46,2
111390,56,6,50,2
111391,57,7,50,2
111392,44,7,37,2
111393,52,7,45,2
111394,61,8,53,2
111395,54,6,48,2
111396,55,5,50,2
111397,44,6,38,2
111398,50,6,44,2
111399,59,5,54,2
111400,58,10,48,2
111401,39,8,31,2
111402,45,7,38,2
111403,59,12,47,2
111404,53,9,44,2
111405,69,8,61,2
111406,36,7,29,2
111407,58,5,53,2
111408,43,6,37,2
111409,49,7,42,2
111410,58,9,49,2
111411,46,5,41,2
111412,44,7,37,2
111413,62,13,49,2
111414,54,9,45,2
111415,61,10,51,2
111416,55,5,50,2
111417,58,10,48,2
111418,39,3,36,2
111419,52,4,48,2
111420,73,10,63,2
111421,50,6,44,2
111422,55,5,50,2
111423,53,4,49,2
111424,48,5,43,2
111425,62,10,52,2
111426,50,9,41,2
111427,61,6,55,2
111428,57,7,50,2
111429,58,8,50,2
111430,55,10,45,2
111431,55,6,49,2
111432,48,10,38,2
111433,54,5,49,2
111434,59,7,52,2
111435,38,7,31,2
111436,58,8,50,2
111437,52,8,44,2
111438,40,6,34,2
111439,57,7,50,2
111440,66,8,58,2
111441,47,10,37,2
111442,60,11,49,2
111443,59,6,53,2
111444,54,5,49,2
111445,62,4,58,2
111446,57,4,53,2
111447,53,7,46,2
111448,54,6,48,2
111449,64,10,54,2
111450,58,3,55,2
111451,36,4,32,2
111452,61,9,52,2
111453,60,9,51,2
111454,55,9,46,2
111455,53,4,49,2
111456,56,5,51,2
111457,57,5,52,2
111458,52,7,45,2
111459,59,3,56,2
111460,57,4,53,2
111461,61,3,58,2
111462,49,4,45,2
111463,55,9,46,2
111464,49,6,43,2
111465,52,6,46,2
111466,54,1,53,2
111467,38,4,34,2
111468,72,5,67,2
111469,52,7,45,2
111470,51,8,43,2
111471,46,7,39,2
111472,68,12,56,2
111473,54,7,47,2
111474,50,5,45,2
111475,55,2,53,2
111476,66,7,59,2
111477,42,2,40,2
111478,67,8,59,2
111479,58,5,53,2
111480,67,11,56,2
111481,54,9,45,2
111482,59,9,50,2
111483,58,9,49,2
111484,47,4,43,2
111485,58,6,52,2
111486,51,5,46,2
111487,47,3,44,2
111488,47,6,41,2
111489,49,4,45,2
111490,57,3,54,2
111491,59,7,52,2
111492,47,4,43,2
111493,50,6,44,2
111494,61,12,49,2
111495,54,9,45,2
111496,48,7,41,2
111497,47,6,41,2
111498,58,6,52,2
111499,63,14,49,2
111500,61,6,55,2
111501,57,7,50,2
111502,40,4,36,2
111503,49,9,40,2
111504,70,7,63,2
111505,59,3,56,2
111506,61,12,49,2
111507,58,5,53,2
111508,48,6,42,2
111509,55,8,47,2
111510,53,4,49,2
111511,58,3,55,2
111512,54,9,45,2
111513,68,9,59,2
111514,66,6,60,2
111515,48,6,42,2
111516,59,5,54,2
111517,54,5,49,2
111518,53,6,47,2
111519,48,6,42,2
111520,49,9,40,2
111521,55,6,49,2
111522,50,9,41,2
111523,49,3,46,2
111524,54,6,48,2
111525,55,7,48,2
111526,53,4,49,2
111527,42,7,35,2
111528,52,7,45,2
111529,50,11,39,2
111530,51,3,48,2
111531,50,3,47,2
111532,50,7,43,2
111533,57,7,50,2
111534,51,8,43,2
111535,64,8,56,2
111536,55,6,49,2
111537,44,5,39,2
111538,37,3,34,2
111539,55,5,50,2
111540,55,8,47,2
111541,52,11,41,2
111542,59,7,52,2
111543,60,11,49,2
111544,47,6,41,2
111545,56,9,47,2
111546,50,11,39,2
111547,61,8,53,2
111548,56,6,50,2
111549,63,5,58,2
111550,45,4,41,2
111551,54,8,46,2
111552,53,7,46,2
111553,55,5,50,2
111554,60,5,55,2
111555,56,7,49,2
111556,42,7,35,2
111557,51,6,45,2
111558,64,5,59,2
111559,52,12,40,2
111560,43,7,36,2
111561,43,3,40,2
111562,59,10,49,2
111563,47,5,42,2
111564,59,6,53,2
111565,47,7,40,2
111566,50,6,44,2
111567,55,8,47,2
111568,61,6,55,2
111569,40,3,37,2
111570,45,9,36,2
111571,57,6,51,2
111572,59,2,57,2
111573,51,4,47,2
111574,49,6,43,2
111575,53,5,48,2
111576,49,5,44,2
111577,59,3,56,2
111578,49,12,37,2
111579,40,4,36,2
111580,55,6,49,2
111581,50,5,45,2
111582,61,7,54,2
111583,44,3,41,2
111584,58,6,52,2
111585,59,3,56,2
111586,44,3,41,2
111587,60,8,52,2
111588,49,2,47,2
111589,55,7,48,2
111590,42,3,39,2
111591,47,8,39,2
111592,44,1,43,2
111593,54,4,50,2
111594,44,3,41,2
111595,64,8,56,2
111596,49,4,45,2
111597,50,4,46,2
111598,63,3,60,2
111599,64,8,56,2
111600,53,4,49,2
111601,45,5,40,2
111602,50,8,42,2
111603,58,7,51,2
111604,47,9,38,2
111605,55,7,48,2
111606,55,7,48,2
111607,57,4,53,2
111608,57,8,49,2
111609,69,5,64,2
111610,50,7,43,2
111611,59,9,50,2
111612,52,9,43,2
111613,51,6,45,2
111614,43,7,36,2
111615,61,9,52,2
111616,46,2,44,2
111617,59,6,53,2
111618,60,5,55,2
111619,55,7,48,2
111620,54,7,47,2
111621,59,7,52,2
111622,49,2,47,2
111623,63,9,54,2
111624,52,2,50,2
111625,52,5,47,2
111626,52,8,44,2
111627,40,4,36,2
111628,52,5,47,2
111629,47,8,39,2
111630,47,9,38,2
111631,57,6,51,2
111632,45,3,42,2
111633,53,9,44,2
111634,50,7,43,2
111635,64,9,55,2
111636,59,6,53,2
111637,53,7,46,2
111638,53,6,47,2
111639,44,5,39,2
111640,55,7,48,2
111641,53,4,49,2
111642,63,7,56,2
111643,41,5,36,2
111644,47,3,44,2
111645,60,5,55,2
111646,53,6,47,2
111647,64,5,59,2
111648,63,8,55,2
111649,61,8,53,2
111650,47,5,42,2
111651,60,3,57,2
111652,50,4,46,2
111653,48,6,42,2
111654,53,5,48,2
111655,67,10,57,2
111656,55,5,50,2
111657,64,5,59,2
111658,52,9,43,2
111659,55,9,46,2
111660,57,9,48,2
111661,53,5,48,2
111662,56,7,49,2
111663,59,3,56,2
111664,61,9,52,2
111665,42,5,37,2
111666,45,5,40,2
111667,53,8,45,2
111668,53,3,50,2
111669,43,5,38,2
111670,64,7,57,2
111672,43,8,35,2
111673,58,8,50,2
111674,42,3,39,2
111675,47,8,39,2
111676,46,10,36,2
111677,60,7,53,2
111678,61,10,51,2
111679,64,5,59,2
111680,58,10,48,2
111681,53,6,47,2
111682,58,4,54,2
111683,50,10,40,2
111684,56,9,47,2
111685,59,7,52,2
111686,47,6,41,2
111687,63,9,54,2
111688,43,6,37,2
111689,52,4,48,2
111690,54,1,53,2
111691,52,4,48,2
111692,59,4,55,2
111693,62,7,55,2
111694,60,8,52,2
111695,50,3,47,2
111696,61,5,56,2
111697,59,10,49,2
111698,53,2,51,2
111699,47,7,40,2
111700,60,6,54,2
111701,57,11,46,2
111702,76,6,70,2
111703,63,14,49,2
111705,60,7,53,2
111706,59,5,54,2
111707,65,6,59,2
111708,47,2,45,2
111709,61,10,51,2
111710,57,4,53,2
111711,60,5,55,2
111712,54,7,47,2
111713,52,6,46,2
111714,63,6,57,2
111715,57,6,51,2
111716,48,5,43,2
111717,62,12,50,2
111718,71,11,60,2
111719,61,10,51,2
111720,55,9,46,2
111721,48,7,41,2
111722,61,6,55,2
111723,42,7,35,2
111724,57,4,53,2
111725,41,6,35,2
111726,55,6,49,2
111727,53,3,50,2
111728,53,3,50,2
111729,48,8,40,2
111730,50,4,46,2
111731,47,6,41,2
111732,64,8,56,2
111733,46,3,43,2
111734,55,6,49,2
111735,59,6,53,2
111736,57,8,49,2
111737,47,6,41,2
111738,52,7,45,2
111739,51,6,45,2
111740,53,4,49,2
111741,59,8,51,2
111742,48,6,42,2
111743,50,9,41,2
111744,65,7,58,2
111745,56,11,45,2
111746,47,9,38,2
111747,46,5,41,2
111748,59,9,50,2
111749,46,5,41,2
111750,49,2,47,2
111751,64,9,55,2
111752,55,6,49,2
111753,58,5,53,2
111754,50,6,44,2
111755,50,11,39,2
111756,49,11,38,2
111757,59,5,54,2
111758,65,9,56,2
111759,56,7,49,2
111760,53,5,48,2
111761,58,8,50,2
111762,58,6,52,2
111763,55,6,49,2
111764,61,7,54,2
111765,54,2,52,2
111766,50,4,46,2
111767,50,5,45,2
111768,60,6,54,2
111769,57,13,44,2
111770,53,6,47,2
111771,49,5,44,2
111772,59,11,48,2
111773,56,5,51,2
111774,58,9,49,2
111775,66,3,63,2
111776,56,4,52,2
111777,44,5,39,2
111778,49,12,37,2
111779,54,4,50,2
111780,51,6,45,2
111781,51,2,49,2
111782,48,4,44,2
111783,53,7,46,2
111784,61,8,53,2
111785,47,6,41,2
111786,59,9,50,2
111787,68,7,61,2
111788,61,8,53,2
111789,37,0,37,1
111790,50,6,44,2
111791,51,6,45,2
111792,56,5,51,2
111793,45,8,37,2
111794,62,3,59,2
111795,61,10,51,2
111796,52,8,44,2
111797,59,6,53,2
111798,57,8,49,2
111799,54,4,50,2
111800,53,3,50,2
111801,52,6,46,2
111802,63,8,55,2
111803,61,6,55,2
111804,64,8,56,2
111805,53,9,44,2
111806,42,5,37,2
111807,58,9,49,2
111808,53,4,49,2
111809,61,6,55,2
111810,58,7,51,2
111811,59,5,54,2
111812,45,4,41,2
111813,45,11,34,2
111814,58,12,46,2
111815,52,4,48,2
111816,48,9,39,2
111817,64,12,52,2
111818,62,8,54,2
111819,58,2,56,2
111820,51,6,45,2
111821,55,9,46,2
111822,48,4,44,2
111823,49,7,42,2
111824,48,3,45,2
111825,51,5,46,2
111826,54,8,46,2
111827,53,6,47,2
111828,69,8,61,2
111829,60,7,53,2
111830,50,6,44,2
111831,64,6,58,2
111832,41,4,37,2
111833,59,4,55,2
111834,53,8,45,2
111835,41,5,36,2
111836,59,9,50,2
111837,61,8,53,2
111838,51,4,47,2
111839,42,4,38,2
111840,60,7,53,2
111841,47,9,38,2
111842,58,5,53,2
111843,66,8,58,2
111844,63,5,58,2
111845,51,7,44,2
111846,70,8,62,2
111847,60,8,52,2
111848,57,6,51,2
111849,67,7,60,2
111850,54,6,48,2
111851,39,10,29,2
111852,65,9,56,2
111853,57,4,53,2
111854,52,5,47,2
111855,62,3,59,2
111857,51,7,44,2
111858,47,7,40,2
111859,57,3,54,2
111860,46,4,42,2
111861,65,10,55,2
111862,56,8,48,2
111863,54,4,50,2
111864,62,6,56,2
111865,47,4,43,2
111866,53,7,46,2
111867,57,4,53,2
111868,50,8,42,2
111869,56,8,48,2
111870,47,4,43,2
111871,61,9,52,2
111872,54,11,43,2
111873,59,7,52,2
111874,47,6,41,2
111875,55,3,52,2
111876,50,5,45,2
111877,53,5,48,2
111878,64,7,57,2
111879,48,6,42,2
111880,58,9,49,2
111881,48,7,41,2
111882,54,6,48,2
111883,59,6,53,2
111884,63,10,53,2
111885,62,5,57,2
111886,54,8,46,2
111887,67,10,57,2
111888,74,6,68,2
111889,58,8,50,2
111890,50,4,46,2
111891,56,7,49,2
111892,59,8,51,2
111893,54,4,50,2
111894,54,5,49,2
111895,54,9,45,2
111896,41,3,38,2
111897,47,4,43,2
111898,59,10,49,2
111899,40,2,38,2
111900,47,6,41,2
111901,55,7,48,2
111902,55,11,44,2
111903,50,5,45,2
111904,56,5,51,2
111905,54,5,49,2
111906,61,10,51,2
111907,45,8,37,2
111908,50,6,44,2
111909,52,7,45,2
111910,50,5,45,2
111911,41,3,38,2
111912,39,7,32,2
111913,57,8,49,2
111914,48,4,44,2
111915,57,4,53,2
111916,47,8,39,2
111917,54,6,48,2
111918,54,4,50,2
111919,59,2,57,2
111920,46,5,41,2
111921,39,3,36,2
111922,58,5,53,2
111923,55,6,49,2
111924,62,5,57,2
111925,46,1,45,2
111926,54,10,44,2
111927,75,10,65,2
111928,61,10,51,2
111929,53,7,46,2
111930,55,5,50,2
111931,48,7,41,2
111932,51,6,45,2
111933,48,6,42,2
111934,50,5,45,2
111935,62,3,59,2
111936,51,6,45,2
111937,69,16,53,2
111938,53,2,51,2
111939,67,6,61,2
111940,52,6,46,2
111941,54,5,49,2
111942,72,7,65,2
111943,55,10,45,2
111944,62,5,57,2
111945,43,3,40,2
111946,57,7,50,2
111947,48,7,41,2
111948,41,4,37,2
111949,61,3,58,2
111950,62,8,54,2
111951,55,8,47,2
111952,37,3,34,2
111953,52,10,42,2
111954,44,2,42,2
111955,62,9,53,2
111956,56,7,49,2
111957,56,11,45,2
111958,50,7,43,2
111959,66,11,55,2
111960,50,7,43,2
111961,64,11,53,2
111962,57,9,48,2
111963,45,7,38,2
111964,57,7,50,2
111965,54,8,46,2
111966,60,8,52,2
111967,45,6,39,2
111968,56,4,52,2
111969,51,8,43,2
111970,56,5,51,2
111971,60,4,56,2
111972,58,9,49,2
111973,53,1,52,2
111974,53,7,46,2
111975,58,8,50,2
111976,53,7,46,2
111977,56,2,54,2
111978,69,11,58,2
111979,53,5,48,2
111980,53,7,46,2
111981,52,4,48,2
111982,47,6,41,2
111983,53,3,50,2
111984,53,6,47,2
111985,57,7,50,2
111986,59,10,49,2
111987,59,7,52,2
111988,53,6,47,2
111989,65,8,57,2
111990,38,4,34,2
111991,60,6,54,2
111992,59,6,53,2
111993,47,4,43,2
111994,55,12,43,2
111995,57,10,47,2
111996,60,8,52,2
111997,57,3,54,2
111998,49,5,44,2
111999,48,3,45,2
112000,56,7,49,2
112001,55,4,51,2
112002,68,7,61,2
112003,63,9,54,2
112004,55,4,51,2
112005,45,2,43,2
112006,40,4,36,2
112007,62,10,52,2
112008,50,5,45,2
112009,46,8,38,2
112010,60,10,50,2
112011,49,7,42,2
112012,54,9,45,2
112013,75,5,70,2
112014,48,5,43,2
112015,58,4,54,2
112016,58,5,53,2
112017,64,10,54,2
112018,54,7,47,2
112019,60,5,55,2
112020,44,5,39,2
112021,44,2,42,2
112022,42,6,36,2
112023,48,4,44,2
112024,53,6,47,2
112025,65,4,61,2
112026,54,7,47,2
112027,62,8,54,2
112028,60,8,52,2
112029,54,8,46,2
112030,50,5,45,2
112031,61,6,55,2
112032,51,10,41,2
112033,53,3,50,2
112034,49,12,37,2
112035,50,6,44,2
112036,44,4,40,2
112037,49,8,41,2
112038,54,2,52,2
112039,56,7,49,2
112040,55,8,47,2
112041,51,7,44,2
112042,40,6,34,2
112043,61,6,55,2
112044,59,7,52,2
112045,59,9,50,2
112046,73,9,64,2
112047,41,7,34,2
112048,56,2,54,2
112049,51,4,47,2
112050,53,5,48,2
112051,40,3,37,2
112052,55,9,46,2
112053,55,6,49,2
112054,56,7,49,2
112055,45,4,41,2
112056,53,5,48,2
112057,44,5,39,2
112058,54,13,41,2
112059,70,9,61,2
112060,53,4,49,2
112061,48,8,40,2
112062,58,13,45,2
112063,56,6,50,2
112064,49,5,44,2
112065,53,2,51,2
112066,72,7,65,2
112067,64,4,60,2
112068,49,4,45,2
112069,43,1,42,2
112070,61,8,53,2
112071,49,4,45,2
112072,57,10,47,2
112073,52,5,47,2
112074,58,9,49,2
112075,54,5,49,2
112076,55,8,47,2
112077,42,5,37,2
112078,54,7,47,2
112079,54,5,49,2
112080,75,17,58,2
112081,56,9,47,2
112082,56,6,50,2
112083,53,7,46,2
112084,50,7,43,2
112085,53,6,47,2
112086,58,7,51,2
112088,46,2,44,2
112089,42,5,37,2
112090,54,1,53,2
112091,68,11,57,2
112092,59,10,49,2
112093,58,6,52,2
112094,52,6,46,2
112095,51,5,46,2
112096,42,2,40,2
112097,63,9,54,2
112098,54,6,48,2
112099,52,7,45,2
112100,52,9,43,2
112101,68,10,58,2
112102,57,5,52,2
112103,57,7,50,2
112104,39,6,33,2
112105,52,7,45,2
112106,47,4,43,2
112107,58,5,53,2
112108,40,2,38,2
112109,49,3,46,2
112110,60,8,52,2
112111,51,6,45,2
112112,62,5,57,2
112113,72,8,64,2
112114,41,2,39,2
112115,62,10,52,2
112116,47,5,42,2
112117,57,6,51,2
112118,49,4,45,2
112119,59,6,53,2
112120,68,6,62,2
112121,43,4,39,2
112122,57,8,49,2
112123,57,4,53,2
112124,43,6,37,2
112125,76,9,67,2
112126,63,5,58,2
112127,54,6,48,2
112128,52,10,42,2
112129,44,6,38,2
112130,61,6,55,2
112131,56,3,53,2
112132,53,7,46,2
112133,48,7,41,2
112134,68,6,62,2
112135,50,5,45,2
112136,51,6,45,2
112137,57,7,50,2
112138,59,8,51,2
112139,53,10,43,2
112140,55,7,48,2
112141,48,8,40,2
112142,53,3,50,2
112143,55,3,52,2
112144,57,5,52,2
112145,71,7,64,2
112146,64,6,58,2
112147,52,6,46,2
112148,53,4,49,2
112149,60,8,52,2
112150,60,7,53,2
112151,56,12,44,2
112152,55,9,46,2
112153,59,9,50,2
112154,63,8,55,2
112155,59,5,54,2
112156,50,9,41,2
112157,47,6,41,2
112158,48,5,43,2
112159,61,6,55,2
112160,68,9,59,2
112161,51,4,47,2
112162,41,1,40,2
112163,61,7,54,2
112164,50,7,43,2
112165,45,5,40,2
112166,56,4,52,2
112167,43,4,39,2
112168,46,3,43,2
112169,42,4,38,2
112170,49,2,47,2
112171,59,8,51,2
112172,52,9,43,2
112173,52,9,43,2
112174,70,8,62,2
112175,43,4,39,2
112176,44,4,40,2
112177,39,3,36,2
112178,54,3,51,2
112179,53,9,44,2
112180,52,9,43,2
112181,52,4,48,2
112182,65,3,62,2
112183,46,6,40,2
112184,66,13,53,2
112185,55,4,51,2
112186,59,3,56,2
112187,52,7,45,2
112188,48,4,44,2
112189,38,5,33,2
112190,46,6,40,2
112191,67,6,61,2
112192,61,3,58,2
112193,52,5,47,2
112194,55,6,49,2
112195,44,4,40,2
112196,67,9,58,2
112197,59,7,52,2
112198,54,5,49,2
112199,51,9,42,2
112200,59,10,49,2
112201,48,5,43,2
112202,54,6,48,2
112203,45,5,40,2
112204,51,4,47,2
112205,46,4,42,2
112206,61,8,53,2
112207,58,8,50,2
112208,60,8,52,2
112209,59,8,51,2
112210,45,6,39,2
112211,58,6,52,2
112212,53,6,47,2
112213,39,4,35,2
112214,45,5,40,2
112215,46,7,39,2
112216,66,9,57,2
112217,54,10,44,2
112218,68,5,63,2
112219,59,3,56,2
112220,39,3,36,2
112221,52,7,45,2
112222,54,2,52,2
112223,48,7,41,2
112224,58,2,56,2
112225,64,3,61,2
112226,53,11,42,2
112227,50,8,42,2
112228,44,5,39,2
112229,65,5,60,2
112230,57,8,49,2
112231,42,4,38,2
112232,56,7,49,2
112233,50,5,45,2
112234,47,5,42,2
112235,58,4,54,2
112236,45,3,42,2
112237,53,7,46,2
112238,50,6,44,2
112239,72,7,65,2
112240,53,7,46,2
112241,54,5,49,2
112242,55,8,47,2
112243,46,6,40,2
112244,64,8,56,2
112245,49,3,46,2
112246,50,4,46,2
112247,58,6,52,2
112248,69,7,62,2
112249,49,5,44,2
112250,64,9,55,2
112251,48,6,42,2
112252,51,7,44,2
112253,68,9,59,2
112254,55,8,47,2
112255,67,13,54,2
112256,54,7,47,2
112257,50,3,47,2
112258,49,10,39,2
112259,55,6,49,2
112260,56,5,51,2
112261,47,8,39,2
112262,51,6,45,2
112263,66,4,62,2
112264,56,7,49,2
112265,45,6,39,2
112266,55,6,49,2
112267,49,6,43,2
112268,52,5,47,2
112269,55,8,47,2
112270,49,3,46,2
112271,55,1,54,2
112272,51,11,40,2
112273,56,8,48,2
112274,63,6,57,2
112275,51,9,42,2
112276,54,7,47,2
112277,52,3,49,2
112278,43,7,36,2
112279,49,6,43,2
112280,67,7,60,2
112281,54,5,49,2
112282,65,11,54,2
112283,50,8,42,2
112284,49,7,42,2
112285,48,10,38,2
112286,48,6,42,2
112287,43,5,38,2
112288,52,9,43,2
112289,53,10,43,2
112290,51,3,48,2
112291,60,6,54,2
112292,56,8,48,2
112293,58,5,53,2
112294,55,4,51,2
112295,47,6,41,2
112296,64,8,56,2
112297,59,5,54,2
112298,57,6,51,2
112299,53,6,47,2
112300,44,5,39,2
112301,50,6,44,2
112302,57,10,47,2
112303,62,2,60,2
112305,67,7,60,2
112306,42,7,35,2
112307,49,8,41,2
112308,56,7,49,2
112309,47,4,43,2
112310,58,3,55,2
112311,56,4,52,2
112312,60,4,56,2
112313,48,5,43,2
112314,68,8,60,2
112315,48,7,41,2
112316,45,6,39,2
112317,47,10,37,2
112318,60,7,53,2
112319,46,3,43,2
112320,62,7,55,2
112321,58,5,53,2
112322,47,5,42,2
112323,48,5,43,2
112324,57,8,49,2
112325,54,4,50,2
112326,60,6,54,2
112327,62,4,58,2
112328,47,6,41,2
112329,51,6,45,2
112330,63,6,57,2
112331,49,3,46,2
112332,60,11,49,2
112333,58,8,50,2
112334,62,5,57,2
112335,57,7,50,2
112336,55,11,44,2
112337,53,7,46,2
112338,54,5,49,2
112339,47,9,38,2
112340,51,5,46,2
112341,51,3,48,2
112342,54,5,49,2
112343,48,5,43,2
112344,59,8,51,2
112345,59,9,50,2
112346,51,5,46,2
112347,52,8,44,2
112348,50,4,46,2
112349,43,3,40,2
112350,46,9,37,2
112351,49,6,43,2
112352,61,9,52,2
112353,56,6,50,2
112354,57,6,51,2
112355,58,8,50,2
112356,46,7,39,2
112357,62,6,56,2
112358,44,2,42,2
112359,50,4,46,2
112360,54,6,48,2
112361,76,7,69,2
112362,48,9,39,2
112363,52,8,44,2
112364,56,7,49,2
112365,65,13,52,2
112366,59,13,46,2
112367,40,3,37,2
112368,62,4,58,2
112369,58,6,52,2
112370,55,9,46,2
112371,51,8,43,2
112372,50,2,48,2
112373,54,3,51,2
112374,39,3,36,2
112375,58,7,51,2
112376,51,11,40,2
112377,46,5,41,2
112378,43,4,39,2
112379,46,6,40,2
112380,56,7,49,2
112381,47,3,44,2
112382,59,7,52,2
112383,39,3,36,2
112384,55,5,50,2
112385,60,10,50,2
112386,63,8,55,2
112387,57,6,51,2
112388,52,4,48,2
112389,68,11,57,2
112390,53,9,44,2
112391,48,5,43,2
112392,66,15,51,2
112393,50,4,46,2
112394,50,8,42,2
112395,56,5,51,2
112396,53,4,49,2
112397,75,12,63,2
112398,55,8,47,2
112399,63,8,55,2
112400,49,5,44,2
112401,49,8,41,2
112402,63,4,59,2
112403,63,1,62,2
112404,62,7,55,2
112405,62,14,48,2
112406,70,9,61,2
112407,51,5,46,2
112408,66,8,58,2
112409,54,6,48,2
112410,50,7,43,2
112411,47,3,44,2
112412,53,11,42,2
112413,46,10,36,2
112414,62,6,56,2
112415,42,12,30,2
112416,54,6,48,2
112417,61,4,57,2
112418,58,10,48,2
112419,54,10,44,2
112420,49,5,44,2
112421,63,12,51,2
112422,73,8,65,2
112423,64,7,57,2
112424,54,4,50,2
112425,49,8,41,2
112426,53,6,47,2
112427,46,6,40,2
112428,40,4,36,2
112429,55,10,45,2
112430,54,6,48,2
112431,44,6,38,2
112432,40,5,35,2
112433,60,3,57,2
112434,58,10,48,2
112435,64,9,55,2
112436,58,5,53,2
112437,50,4,46,2
112438,44,7,37,2
112439,54,4,50,2
112440,44,7,37,2
112441,52,10,42,2
112442,62,4,58,2
112443,58,7,51,2
112444,59,9,50,2
112445,56,5,51,2
112446,54,10,44,2
112447,58,8,50,2
112448,49,3,46,2
112449,56,4,52,2
112450,65,7,58,2
112451,56,11,45,2
112452,42,2,40,2
112453,64,5,59,2
112454,57,9,48,2
112455,49,10,39,2
112456,61,9,52,2
112457,46,3,43,2
112458,41,3,38,2
112459,53,6,47,2
112460,41,10,31,2
112461,53,11,42,2
112462,55,6,49,2
112463,51,6,45,2
112464,45,5,40,2
112465,51,5,46,2
112466,44,3,41,2
112467,63,4,59,2
112468,54,7,47,2
112469,50,5,45,2
112470,64,12,52,2
112471,49,6,43,2
112472,63,6,57,2
112473,45,7,38,2
112474,57,7,50,2
112475,52,8,44,2
112476,54,8,46,2
112477,70,10,60,2
112478,54,10,44,2
112479,54,1,53,2
112480,44,6,38,2
112481,52,5,47,2
112482,73,9,64,2
112483,64,10,54,2
112484,57,10,47,2
112485,69,11,58,2
112486,58,10,48,2
112487,55,7,48,2
112488,56,8,48,2
112489,50,6,44,2
112490,63,7,56,2
112491,41,1,40,2
112492,67,13,54,2
112493,51,3,48,2
112494,67,8,59,2
112495,47,5,42,2
112496,56,9,47,2
112497,63,8,55,2
112498,50,4,46,2
112499,51,7,44,2
112500,59,8,51,2
112501,52,8,44,2
112502,57,9,48,2
112503,57,2,55,2
112504,61,7,54,2
112505,66,2,64,2
112506,62,6,56,2
112507,46,8,38,2
112508,55,8,47,2
112509,43,7,36,2
112510,57,3,54,2
112511,64,16,48,2
112512,36,2,34,2
112513,62,5,57,2
112514,66,8,58,2
112515,54,6,48,2
112516,49,6,43,2
112517,54,5,49,2
112518,72,10,62,2
112519,59,4,55,2
112520,50,6,44,2
112521,62,7,55,2
112522,54,5,49,2
112523,59,10,49,2
112524,60,7,53,2
112525,57,9,48,2
112526,44,4,40,2
112527,54,6,48,2
112528,53,8,45,2
112529,52,5,47,2
112530,55,2,53,2
112531,54,8,46,2
112532,64,9,55,2
112533,60,10,50,2
112534,49,6,43,2
112535,60,7,53,2
112536,49,3,46,2
112537,49,4,45,2
112538,56,8,48,2
112539,56,7,49,2
112540,70,9,61,2
112541,59,6,53,2
112542,55,9,46,2
112543,44,8,36,2
112544,51,6,45,2
112545,65,7,58,2
112546,47,6,41,2
112547,64,2,62,2
112548,59,7,52,2
112549,55,4,51,2
112550,38,3,35,2
112551,60,9,51,2
112552,53,6,47,2
112553,51,5,46,2
112554,63,5,58,2
112555,45,6,39,2
112556,52,6,46,2
112557,54,5,49,2
112558,43,8,35,2
112559,45,7,38,2
112560,55,12,43,2
112561,51,5,46,2
112562,54,3,51,2
112563,66,9,57,2
112564,46,3,43,2
112565,66,7,59,2
112566,59,8,51,2
112567,67,8,59,2
112568,57,11,46,2
112569,44,8,36,2
112570,56,8,48,2
112571,73,6,67,2
112572,44,6,38,2
112573,54,5,49,2
112574,58,9,49,2
112575,54,6,48,2
112576,47,8,39,2
112577,48,6,42,2
112578,56,6,50,2
112579,60,6,54,2
112580,48,5,43,2
112581,48,6,42,2
112582,68,5,63,2
112583,62,7,55,2
112584,61,8,53,2
112585,46,10,36,2
112586,52,5,47,2
112587,62,8,54,2
112588,57,6,51,2
112589,55,7,48,2
112590,61,3,58,2
112591,59,2,57,2
112592,53,7,46,2
112593,47,6,41,2
112594,59,9,50,2
112595,54,7,47,2
112596,54,4,50,2
112597,47,4,43,2
112598,56,8,48,2
112599,50,6,44,2
112600,51,8,43,2
112601,54,5,49,2
112602,36,5,31,2
112603,45,7,38,2
112604,40,5,35,2
112605,56,10,46,2
112606,52,5,47,2
112607,62,7,55,2
112608,54,5,49,2
112609,46,7,39,2
112610,56,6,50,2
112611,59,9,50,2
112612,62,10,52,2
112613,54,9,45,2
112614,58,4,54,2
112615,46,11,35,2
112616,51,4,47,2
112617,60,8,52,2
112618,63,6,57,2
112619,61,6,55,2
112620,61,6,55,2
112621,42,2,40,2
112622,57,7,50,2
112623,47,11,36,2
112624,51,4,47,2
112625,70,9,61,2
112626,44,5,39,2
112627,61,4,57,2
112628,59,7,52,2
112629,52,7,45,2
112630,42,5,37,2
112631,49,3,46,2
112632,54,8,46,2
112633,63,6,57,2
112634,63,5,58,2
112635,48,5,43,2
112636,58,10,48,2
112637,51,5,46,2
112638,49,2,47,2
112639,65,9,56,2
112640,57,6,51,2
112641,55,5,50,2
112642,67,10,57,2
112643,66,8,58,2
112644,71,1,70,2
112645,61,9,52,2
112646,56,3,53,2
112647,53,2,51,2
112648,53,8,45,2
112649,53,7,46,2
112650,44,4,40,2
112651,55,5,50,2
112652,51,6,45,2
112653,64,10,54,2
112654,60,8,52,2
112655,59,5,54,2
112656,48,4,44,2
112657,56,8,48,2
112658,55,9,46,2
112659,53,1,52,2
112660,60,9,51,2
112661,63,7,56,2
112662,63,7,56,2
112663,68,12,56,2
112664,51,8,43,2
112665,74,15,59,2
112666,56,5,51,2
112667,44,5,39,2
112668,62,8,54,2
112669,45,6,39,2
112670,60,6,54,2
112671,45,7,38,2
112672,63,3,60,2
112673,71,11,60,2
112674,43,5,38,2
112675,53,7,46,2
112676,51,7,44,2
112677,55,9,46,2
112678,63,8,55,2
112679,65,9,56,2
112680,57,10,47,2
112681,51,7,44,2
112682,49,5,44,2
112683,50,5,45,2
112684,47,5,42,2
112685,47,4,43,2
112686,51,10,41,2
112687,53,6,47,2
112688,55,8,47,2
112689,61,7,54,2
112690,57,8,49,2
112691,65,9,56,2
112692,46,0,46,1
112693,52,4,48,2
112694,52,8,44,2
112695,62,2,60,2
112696,57,8,49,2
112697,50,5,45,2
112698,55,7,48,2
112699,56,4,52,2
112700,62,9,53,2
112701,45,5,40,2
112702,61,8,53,2
112703,49,5,44,2
112704,61,8,53,2
112705,59,6,53,2
112706,68,8,60,2
112707,63,8,55,2
112708,55,11,44,2
112709,58,8,50,2
112710,47,3,44,2
112711,71,11,60,2
112712,52,10,42,2
112713,58,8,50,2
112714,64,8,56,2
112715,65,6,59,2
112716,53,6,47,2
112717,50,4,46,2
112718,57,7,50,2
112719,46,5,41,2
112720,57,8,49,2
112721,54,9,45,2
112722,55,5,50,2
112723,59,3,56,2
112724,49,8,41,2
112725,56,6,50,2
112726,68,7,61,2
112727,48,6,42,2
112728,52,9,43,2
112729,52,8,44,2
112730,52,8,44,2
112731,58,7,51,2
112732,65,5,60,2
112733,49,7,42,2
112734,50,6,44,2
112735,51,8,43,2
112736,45,3,42,2
112737,41,6,35,2
112738,50,9,41,2
112739,60,8,52,2
112740,47,7,40,2
112741,53,5,48,2
112742,51,4,47,2
112743,49,5,44,2
112744,59,9,50,2
112745,56,7,49,2
112746,45,4,41,2
112747,61,5,56,2
112748,61,7,54,2
112749,69,11,58,2
112750,68,8,60,2
112751,50,10,40,2
112752,56,6,50,2
112753,67,10,57,2
112754,47,3,44,2
112755,68,5,63,2
112756,59,3,56,2
112757,48,4,44,2
112758,60,8,52,2
112759,55,5,50,2
112760,54,10,44,2
112761,51,11,40,2
112762,68,11,57,2
112763,52,6,46,2
112764,45,7,38,2
112765,66,11,55,2
112766,50,4,46,2
112767,51,7,44,2
112768,48,7,41,2
112769,36,2,34,2
112770,61,6,55,2
112771,61,8,53,2
112772,61,6,55,2
112773,62,4,58,2
112774,58,8,50,2
112775,51,3,48,2
112776,53,3,50,2
112777,43,4,39,2
112778,55,5,50,2
112779,48,5,43,2
112780,50,7,43,2
112781,59,8,51,2
112782,68,8,60,2
112783,48,4,44,2
112784,52,8,44,2
112785,68,8,60,2
112786,51,2,49,2
112787,59,6,53,2
112788,57,9,48,2
112789,50,6,44,2
112790,48,8,40,2
112791,46,5,41,2
112792,61,8,53,2
112793,53,4,49,2
112794,50,4,46,2
112795,63,11,52,2
112796,58,8,50,2
112797,50,5,45,2
112798,50,5,45,2
112799,52,5,47,2
112800,55,9,46,2
112801,51,8,43,2
112802,61,5,56,2
112803,42,5,37,2
112804,60,9,51,2
112805,63,5,58,2
112806,68,6,62,2
112807,56,10,46,2
112808,61,3,58,2
112809,58,7,51,2
112810,47,6,41,2
112811,51,4,47,2
112812,53,4,49,2
112813,49,7,42,2
112814,62,10,52,2
112815,57,6,51,2
112816,48,6,42,2
112817,60,8,52,2
112818,52,3,49,2
112819,40,4,36,2
112820,67,6,61,2
112821,51,6,45,2
112822,59,5,54,2
112823,56,7,49,2
112824,56,5,51,2
112825,56,4,52,2
112826,59,2,57,2
112827,53,2,51,2
112828,57,10,47,2
112829,60,5,55,2
112830,53,6,47,2
112831,51,7,44,2
112832,63,10,53,2
112833,55,7,48,2
112834,46,6,40,2
112835,61,4,57,2
112836,68,7,61,2
112837,57,11,46,2
112838,58,8,50,2
112839,62,5,57,2
112840,47,12,35,2
112841,59,7,52,2
112842,71,16,55,2
112843,70,10,60,2
112844,53,3,50,2
112845,52,7,45,2
112846,49,10,39,2
112847,53,9,44,2
112848,54,11,43,2
112849,47,10,37,2
112850,48,6,42,2
112851,47,3,44,2
112852,46,1,45,2
112853,62,6,56,2
112854,67,5,62,2
112855,63,10,53,2
112856,49,2,47,2
112857,66,15,51,2
112858,63,9,54,2
112859,62,9,53,2
112860,51,5,46,2
112861,53,10,43,2
112862,67,8,59,2
112863,49,10,39,2
112864,48,8,40,2
112865,52,7,45,2
112866,42,6,36,2
112867,50,7,43,2
112868,59,7,52,2
112869,53,5,48,2
112870,62,11,51,2
112871,50,4,46,2
112872,57,6,51,2
112873,50,11,39,2
112874,61,8,53,2
112875,58,3,55,2
112876,51,7,44,2
112877,52,9,43,2
112878,61,7,54,2
112879,59,10,49,2
112880,48,4,44,2
112881,42,9,33,2
112882,56,7,49,2
112883,48,6,42,2
112884,48,4,44,2
112885,50,5,45,2
112886,47,4,43,2
112887,53,2,51,2
112888,47,2,45,2
112889,51,7,44,2
112890,58,7,51,2
112891,55,2,53,2
112892,52,8,44,2
112893,72,9,63,2
112894,54,8,46,2
112895,52,8,44,2
112896,51,6,45,2
112897,54,6,48,2
112898,61,6,55,2
112899,38,4,34,2
112900,48,2,46,2
112901,53,7,46,2
112902,56,11,45,2
112903,49,3,46,2
112904,56,11,45,2
112905,53,4,49,2
112906,47,7,40,2
112907,44,8,36,2
112908,54,8,46,2
112909,44,9,35,2
112910,49,7,42,2
112911,56,4,52,2
112912,57,9,48,2
112913,52,4,48,2
112914,55,8,47,2
112915,41,8,33,2
112916,61,12,49,2
112917,49,5,44,2
112918,51,7,44,2
112919,52,10,42,2
112920,51,6,45,2
112921,53,7,46,2
112922,53,3,50,2
112923,74,12,62,2
112924,62,12,50,2
112925,56,5,51,2
112926,62,9,53,2
112927,55,8,47,2
112928,47,6,41,2
112929,59,7,52,2
112930,52,5,47,2
112931,57,5,52,2
112932,55,5,50,2
112933,56,7,49,2
112934,59,9,50,2
112935,52,8,44,2
112936,50,4,46,2
112937,39,1,38,2
112938,50,7,43,2
112939,47,7,40,2
112940,46,9,37,2
112941,44,7,37,2
112942,54,7,47,2
112943,53,2,51,2
112944,62,9,53,2
112945,47,7,40,2
112946,3,1,2,2
112947,51,0,51,1
112948,41,2,39,2
112949,55,6,49,2
112950,46,5,41,2
112951,56,9,47,2
112952,55,5,50,2
112953,52,5,47,2
112954,57,15,42,2
112955,60,4,56,2
112956,49,7,42,2
112957,55,6,49,2
112958,40,6,34,2
112959,52,7,45,2
112960,64,12,52,2
112961,46,5,41,2
112962,52,7,45,2
112963,46,5,41,2
112964,50,9,41,2
112965,57,5,52,2
112966,61,5,56,2
112967,49,4,45,2
112968,46,9,37,2
112969,65,6,59,2
112970,56,10,46,2
112971,41,6,35,2
112972,66,5,61,2
112973,55,5,50,2
112974,61,6,55,2
112975,45,8,37,2
112976,50,7,43,2
112977,61,10,51,2
112978,52,4,48,2
112979,49,6,43,2
112980,49,7,42,2
112981,62,5,57,2
112982,60,11,49,2
112983,62,4,58,2
112984,71,7,64,2
112985,52,4,48,2
112986,51,5,46,2
112987,58,7,51,2
112988,54,7,47,2
112989,64,5,59,2
112990,60,16,44,2
112991,50,4,46,2
112992,52,3,49,2
112993,71,8,63,2
112994,52,11,41,2
112995,61,9,52,2
112996,47,2,45,2
112997,60,10,50,2
112998,51,8,43,2
112999,56,9,47,2
113000,61,10,51,2
113001,62,7,55,2
113002,61,10,51,2
113003,52,4,48,2
113004,66,10,56,2
113005,57,6,51,2
113006,50,9,41,2
113007,64,8,56,2
113008,49,5,44,2
113009,55,5,50,2
113010,63,7,56,2
113011,46,6,40,2
113012,64,4,60,2
113013,72,16,56,2
113014,49,6,43,2
113015,41,2,39,2
113016,41,2,39,2
113017,48,5,43,2
113018,59,6,53,2
113019,54,6,48,2
113020,71,7,64,2
113021,58,9,49,2
113022,51,6,45,2
113023,50,9,41,2
113024,52,8,44,2
113025,52,7,45,2
113026,45,6,39,2
113027,55,4,51,2
113028,59,9,50,2
113029,61,7,54,2
113030,58,4,54,2
113031,45,6,39,2
113032,54,7,47,2
113033,75,9,66,2
113034,41,5,36,2
113035,68,14,54,2
113036,52,5,47,2
113037,44,5,39,2
113038,43,8,35,2
113039,52,6,46,2
113040,58,8,50,2
113041,56,14,42,2
113042,48,6,42,2
113043,53,5,48,2
113044,58,3,55,2
113045,61,6,55,2
113046,61,6,55,2
113047,57,4,53,2
113048,71,11,60,2
113049,56,7,49,2
113050,60,6,54,2
113051,58,5,53,2
113052,66,9,57,2
113053,50,6,44,2
113054,55,6,49,2
113055,46,5,41,2
113056,47,3,44,2
113057,61,11,50,2
113058,50,2,48,2
113059,49,10,39,2
113060,54,4,50,2
113061,47,4,43,2
113062,47,5,42,2
113063,51,9,42,2
113064,75,11,64,2
113065,57,6,51,2
113066,62,6,56,2
113067,58,6,52,2
113068,66,8,58,2
113069,55,6,49,2
113070,54,9,45,2
113071,58,7,51,2
113072,49,1,48,2
113073,52,5,47,2
113074,65,8,57,2
113075,47,5,42,2
113076,57,7,50,2
113077,43,5,38,2
113078,47,7,40,2
113079,52,5,47,2
113080,49,6,43,2
113081,46,2,44,2
113082,53,4,49,2
113083,57,3,54,2
113084,41,6,35,2
113085,61,5,56,2
113086,50,2,48,2
113087,68,13,55,2
113088,65,9,56,2
113089,50,6,44,2
113090,54,8,46,2
113091,45,3,42,2
113092,42,11,31,2
113093,56,8,48,2
113094,57,10,47,2
113095,54,6,48,2
113096,49,6,43,2
113097,40,3,37,2
113098,61,7,54,2
113099,63,4,59,2
113100,62,6,56,2
113101,55,10,45,2
113102,51,9,42,2
113103,59,8,51,2
113104,44,6,38,2
113105,49,6,43,2
113106,60,5,55,2
113107,58,7,51,2
113108,48,10,38,2
113109,56,3,53,2
113110,66,8,58,2
113111,59,10,49,2
113112,61,7,54,2
113113,45,7,38,2
113114,60,4,56,2
113115,53,8,45,2
113116,53,6,47,2
113117,57,8,49,2
113118,47,6,41,2
113119,51,3,48,2
113120,61,12,49,2
113121,52,7,45,2
113122,52,4,48,2
113123,53,7,46,2
113124,64,12,52,2
113125,52,12,40,2
113126,53,5,48,2
113127,55,6,49,2
113128,52,8,44,2
113129,56,8,48,2
113130,64,9,55,2
113131,46,9,37,2
113132,54,5,49,2
113133,50,2,48,2
113134,54,5,49,2
113135,46,5,41,2
113136,56,6,50,2
113137,52,7,45,2
113138,57,5,52,2
113139,51,6,45,2
113140,57,5,52,2
113141,53,6,47,2
113142,56,12,44,2
113143,55,6,49,2
113144,58,8,50,2
113145,58,9,49,2
113146,55,8,47,2
113147,49,6,43,2
113148,55,8,47,2
113149,43,10,33,2
113150,58,9,49,2
113151,59,6,53,2
113152,66,10,56,2
113153,51,8,43,2
113154,52,6,46,2
113155,44,6,38,2
113156,69,7,62,2
113157,60,9,51,2
113158,64,10,54,2
113159,48,9,39,2
113160,63,11,52,2
113161,58,7,51,2
113162,50,6,44,2
113163,56,5,51,2
113164,45,6,39,2
113165,48,8,40,2
113166,42,10,32,2
113167,50,3,47,2
113168,66,11,55,2
113169,48,8,40,2
113170,46,10,36,2
113172,54,4,50,2
113173,63,10,53,2
113174,71,7,64,2
113175,51,7,44,2
113176,50,7,43,2
113177,47,9,38,2
113178,60,6,54,2
113179,50,2,48,2
113180,56,7,49,2
113181,58,8,50,2
113182,67,7,60,2
113183,49,5,44,2
113184,73,13,60,2
113185,62,7,55,2
113186,64,5,59,2
113187,57,5,52,2
113188,55,7,48,2
113189,48,7,41,2
113190,53,8,45,2
113191,57,7,50,2
113192,52,8,44,2
113193,53,9,44,2
113194,49,9,40,2
113195,59,5,54,2
113196,56,3,53,2
113197,50,9,41,2
113198,45,2,43,2
113199,39,1,38,2
113200,43,5,38,2
113201,64,11,53,2
113202,48,1,47,2
113203,48,10,38,2
113204,51,4,47,2
113205,60,6,54,2
113206,57,10,47,2
113207,53,2,51,2
113208,59,5,54,2
113209,53,10,43,2
113210,49,6,43,2
113211,65,8,57,2
113212,46,4,42,2
113213,41,8,33,2
113214,53,2,51,2
113215,45,5,40,2
113216,48,5,43,2
113217,58,7,51,2
113218,40,2,38,2
113219,51,7,44,2
113220,58,8,50,2
113221,56,6,50,2
113222,52,6,46,2
113223,56,6,50,2
113224,50,5,45,2
113225,55,3,52,2
113226,42,5,37,2
113227,49,4,45,2
113228,55,6,49,2
113229,44,9,35,2
113230,39,6,33,2
113231,60,10,50,2
113232,51,7,44,2
113233,52,8,44,2
113234,61,6,55,2
113235,60,9,51,2
113236,60,9,51,2
113237,59,5,54,2
113238,59,5,54,2
113239,54,7,47,2
113240,56,6,50,2
113241,50,6,44,2
113242,52,8,44,2
113243,65,6,59,2
113244,49,6,43,2
113245,52,4,48,2
113246,59,5,54,2
113247,55,5,50,2
113248,57,7,50,2
113249,57,8,49,2
113250,63,10,53,2
113251,54,7,47,2
113252,61,7,54,2
113253,47,7,40,2
113254,66,5,61,2
113255,51,9,42,2
113256,47,4,43,2
113257,57,5,52,2
113258,59,6,53,2
113259,56,4,52,2
113260,51,9,42,2
113261,63,11,52,2
113262,65,11,54,2
113263,57,12,45,2
113264,44,2,42,2
113265,59,5,54,2
113266,59,6,53,2
113267,54,6,48,2
113268,59,8,51,2
113269,64,11,53,2
113270,52,3,49,2
113271,46,5,41,2
113272,65,3,62,2
113273,49,4,45,2
113274,43,6,37,2
113275,50,8,42,2
113276,39,5,34,2
113277,52,7,45,2
113278,67,7,60,2
113279,50,6,44,2
113280,46,13,33,2
113281,60,7,53,2
113282,47,6,41,2
113283,43,5,38,2
113284,55,5,50,2
113285,60,5,55,2
113286,55,6,49,2
113287,60,9,51,2
113288,68,9,59,2
113289,54,7,47,2
113290,69,11,58,2
113291,47,7,40,2
113292,51,5,46,2
113293,54,7,47,2
113294,62,5,57,2
113295,59,6,53,2
113296,52,7,45,2
113297,52,6,46,2
113298,69,8,61,2
113299,63,7,56,2
113300,59,10,49,2
113301,4,2,2,2
113302,73,6,67,2
113303,59,7,52,2
113304,65,8,57,2
113305,76,8,68,2
113306,53,4,49,2
113307,63,15,48,2
113308,65,9,56,2
113309,55,11,44,2
113310,54,7,47,2
113311,56,8,48,2
113312,54,4,50,2
113313,60,6,54,2
113314,56,6,50,2
113315,62,9,53,2
113316,60,11,49,2
113317,50,8,42,2
113318,49,2,47,2
113319,63,11,52,2
113320,56,7,49,2
113321,55,7,48,2
113322,49,4,45,2
113323,43,8,35,2
113324,55,7,48,2
113325,47,8,39,2
113326,63,7,56,2
113327,54,5,49,2
113328,65,6,59,2
113329,58,10,48,2
113330,42,6,36,2
113331,53,5,48,2
113332,43,3,40,2
113333,51,7,44,2
113334,48,5,43,2
113335,49,5,44,2
113336,64,9,55,2
113337,61,7,54,2
113338,62,9,53,2
113339,49,6,43,2
113340,63,6,57,2
113341,47,4,43,2
113342,52,6,46,2
113343,49,4,45,2
113344,64,12,52,2
113345,49,6,43,2
113346,54,8,46,2
113347,63,5,58,2
113348,53,6,47,2
113349,57,8,49,2
113350,64,8,56,2
113351,73,10,63,2
113352,55,4,51,2
113353,54,7,47,2
113354,43,5,38,2
113355,54,8,46,2
113356,58,8,50,2
113357,47,6,41,2
113358,46,7,39,2
113359,47,11,36,2
113360,59,7,52,2
113361,55,9,46,2
113362,46,5,41,2
113363,80,11,69,2
113364,53,10,43,2
113365,53,5,48,2
113366,51,4,47,2
113367,47,5,42,2
113368,60,5,55,2
113369,56,7,49,2
113370,13,13,0,1
113371,56,10,46,2
113372,62,4,58,2
113373,57,1,56,2
113374,50,4,46,2
113375,59,5,54,2
113376,58,7,51,2
113377,57,7,50,2
113378,60,8,52,2
113379,43,5,38,2
113380,53,3,50,2
113381,62,9,53,2
113382,46,4,42,2
113383,64,11,53,2
113384,42,3,39,2
113385,63,4,59,2
113386,43,7,36,2
113387,43,9,34,2
113388,42,6,36,2
113389,54,6,48,2
113390,52,6,46,2
113391,39,4,35,2
113392,58,8,50,2
113393,53,9,44,2
113394,59,7,52,2
113395,56,9,47,2
113396,60,9,51,2
113397,51,10,41,2
113398,54,3,51,2
113399,48,1,47,2
113400,59,5,54,2
113401,56,5,51,2
113402,63,9,54,2
113403,63,4,59,2
113404,49,9,40,2
113405,61,8,53,2
113406,39,1,38,2
113407,57,8,49,2
113408,53,4,49,2
113409,47,5,42,2
113410,49,4,45,2
113411,54,6,48,2
113412,58,10,48,2
113413,65,6,59,2
113414,61,6,55,2
113415,64,4,60,2
113416,44,2,42,2
113417,58,8,50,2
113418,47,2,45,2
113419,54,4,50,2
113420,43,5,38,2
113421,48,5,43,2
113422,54,6,48,2
113423,64,10,54,2
113424,46,6,40,2
113425,63,4,59,2
113426,56,4,52,2
113427,50,8,42,2
113428,42,3,39,2
113429,52,7,45,2
113430,43,5,38,2
113431,50,6,44,2
113432,59,6,53,2
113433,63,12,51,2
113434,64,8,56,2
113435,43,3,40,2
113436,58,9,49,2
113437,57,9,48,2
113438,55,12,43,2
113439,53,4,49,2
113440,45,5,40,2
113441,38,3,35,2
113442,48,5,43,2
113443,50,5,45,2
113444,45,2,43,2
113445,51,6,45,2
113446,54,5,49,2
113447,38,3,35,2
113448,55,5,50,2
113449,69,7,62,2
113450,52,6,46,2
113451,65,6,59,2
113452,57,6,51,2
113453,50,5,45,2
113454,56,6,50,2
113455,68,8,60,2
113456,64,7,57,2
113457,63,11,52,2
113458,57,9,48,2
113459,47,5,42,2
113460,56,9,47,2
113461,61,7,54,2
113462,51,5,46,2
113463,53,7,46,2
113464,50,7,43,2
113465,64,10,54,2
113466,57,9,48,2
113467,61,9,52,2
113468,58,6,52,2
113469,52,5,47,2
113470,65,4,61,2
113471,53,4,49,2
113472,60,11,49,2
113473,72,7,65,2
113474,56,7,49,2
113475,47,7,40,2
113476,57,4,53,2
113477,48,6,42,2
113478,49,5,44,2
113479,62,7,55,2
113480,59,11,48,2
113481,54,5,49,2
113482,59,5,54,2
113483,56,7,49,2
113484,36,3,33,2
113485,54,7,47,2
113486,45,6,39,2
113487,46,10,36,2
113488,63,11,52,2
113489,55,4,51,2
113490,49,8,41,2
113491,49,4,45,2
113492,58,10,48,2
113493,62,9,53,2
113494,62,5,57,2
113495,48,6,42,2
113496,63,7,56,2
113497,47,4,43,2
113498,56,6,50,2
113499,45,3,42,2
113500,44,7,37,2
113501,59,8,51,2
113502,60,7,53,2
113503,64,13,51,2
113504,57,10,47,2
113505,56,6,50,2
113506,54,7,47,2
113507,52,4,48,2
113508,53,5,48,2
113509,45,4,41,2
113510,64,11,53,2
113511,48,5,43,2
113512,51,5,46,2
113513,37,2,35,2
113514,64,7,57,2
113515,62,10,52,2
113516,65,8,57,2
113517,64,10,54,2
113518,53,8,45,2
113519,56,3,53,2
113520,67,12,55,2
113521,53,10,43,2
113522,41,4,37,2
113523,67,8,59,2
113524,48,5,43,2
113525,43,6,37,2
113526,47,7,40,2
113527,44,5,39,2
113528,67,8,59,2
113529,57,7,50,2
113530,44,5,39,2
113531,61,10,51,2
113532,41,5,36,2
113533,58,8,50,2
113534,60,8,52,2
113535,53,6,47,2
113536,42,5,37,2
113537,62,6,56,2
113538,66,10,56,2
113539,62,10,52,2
113540,53,11,42,2
113541,43,4,39,2
113542,61,4,57,2
113543,44,8,36,2
113544,52,8,44,2
113545,45,7,38,2
113546,50,3,47,2
113547,46,5,41,2
113548,50,10,40,2
113549,69,9,60,2
113550,62,11,51,2
113551,60,7,53,2
113552,62,8,54,2
113553,57,3,54,2
113554,49,6,43,2
113555,53,5,48,2
113556,57,5,52,2
113557,53,12,41,2
113558,53,5,48,2
113559,54,6,48,2
113560,44,3,41,2
113561,63,5,58,2
113562,49,3,46,2
113563,69,9,60,2
113564,46,7,39,2
113565,57,9,48,2
113566,54,8,46,2
113567,64,10,54,2
113568,49,4,45,2
113569,51,8,43,2
113570,43,3,40,2
113571,45,4,41,2
113572,48,5,43,2
113573,51,5,46,2
113574,61,5,56,2
113575,54,9,45,2
113576,52,6,46,2
113577,60,8,52,2
113578,41,6,35,2
113579,46,6,40,2
113580,56,6,50,2
113581,49,3,46,2
113582,58,6,52,2
113583,61,4,57,2
113584,48,7,41,2
113585,65,5,60,2
113586,46,2,44,2
113587,71,9,62,2
113588,35,6,29,2
113589,49,6,43,2
113590,45,7,38,2
113591,50,8,42,2
113592,59,5,54,2
113593,56,8,48,2
113594,52,7,45,2
113595,64,5,59,2
113596,52,12,40,2
113597,52,9,43,2
113598,69,9,60,2
113599,59,10,49,2
113600,47,6,41,2
113601,51,3,48,2
113602,59,7,52,2
113603,39,1,38,2
113604,57,2,55,2
113605,53,6,47,2
113606,55,7,48,2
113607,65,7,58,2
113608,66,8,58,2
113609,59,10,49,2
113610,59,12,47,2
113611,63,11,52,2
113612,59,10,49,2
113613,57,8,49,2
113614,61,7,54,2
113615,61,5,56,2
113616,51,7,44,2
113617,46,8,38,2
113618,65,14,51,2
113619,58,9,49,2
113620,59,8,51,2
113621,43,7,36,2
113622,42,8,34,2
113623,64,3,61,2
113624,71,11,60,2
113625,54,5,49,2
113626,58,10,48,2
113627,56,6,50,2
113628,49,9,40,2
113629,55,7,48,2
113630,53,4,49,2
113631,54,9,45,2
113632,61,9,52,2
113633,76,10,66,2
113634,48,3,45,2
113635,64,5,59,2
113636,56,5,51,2
113637,65,4,61,2
113638,44,8,36,2
113639,48,7,41,2
113640,53,3,50,2
113641,60,7,53,2
113642,54,5,49,2
113643,64,3,61,2
113644,59,8,51,2
113645,45,4,41,2
113646,56,10,46,2
113647,48,6,42,2
113648,59,10,49,2
113649,48,5,43,2
113650,51,8,43,2
113651,55,8,47,2
113652,61,10,51,2
113653,55,6,49,2
113654,43,3,40,2
113655,55,7,48,2
113656,47,9,38,2
113657,49,7,42,2
113658,55,4,51,2
113659,58,5,53,2
113660,62,9,53,2
113661,56,3,53,2
113662,53,8,45,2
113663,61,7,54,2
113664,60,10,50,2
113665,59,4,55,2
113666,64,7,57,2
113667,58,9,49,2
113668,48,7,41,2
113669,59,5,54,2
113670,50,2,48,2
113671,63,1,62,2
113672,52,13,39,2
113673,53,6,47,2
113674,64,7,57,2
113675,43,3,40,2
113676,45,3,42,2
113677,39,4,35,2
113678,54,5,49,2
113679,49,4,45,2
113680,54,7,47,2
113681,56,7,49,2
113682,50,7,43,2
113683,59,9,50,2
113684,48,9,39,2
113685,54,8,46,2
113686,42,3,39,2
113687,54,9,45,2
113688,49,5,44,2
113689,66,5,61,2
113690,65,6,59,2
113691,56,7,49,2
113692,55,4,51,2
113693,50,6,44,2
113694,44,3,41,2
113695,65,10,55,2
113696,66,8,58,2
113697,55,8,47,2
113698,58,5,53,2
113699,60,8,52,2
113700,55,9,46,2
113701,48,5,43,2
113702,57,10,47,2
113703,50,6,44,2
113704,53,6,47,2
113705,53,7,46,2
113706,62,7,55,2
113707,58,8,50,2
113708,48,9,39,2
113709,51,6,45,2
113710,57,9,48,2
113711,62,10,52,2
113712,57,9,48,2
113713,56,8,48,2
113714,54,8,46,2
113715,66,9,57,2
113716,49,6,43,2
113717,59,8,51,2
113718,51,9,42,2
113719,57,5,52,2
113720,58,4,54,2
113721,44,10,34,2
113722,53,9,44,2
113723,66,9,57,2
113724,51,7,44,2
113725,49,8,41,2
113726,40,0,40,1
113727,53,7,46,2
113728,54,5,49,2
113729,68,11,57,2
113730,57,10,47,2
113731,60,9,51,2
113732,59,6,53,2
113733,62,7,55,2
113734,48,3,45,2
113735,55,8,47,2
113736,60,11,49,2
113737,63,11,52,2
113738,55,4,51,2
113739,68,9,59,2
113740,64,8,56,2
113741,56,8,48,2
113742,49,7,42,2
113743,39,7,32,2
113744,44,6,38,2
113745,48,8,40,2
113746,58,6,52,2
113747,39,6,33,2
113748,60,9,51,2
113749,48,5,43,2
113750,57,4,53,2
113751,60,6,54,2
113752,52,7,45,2
113753,61,6,55,2
113754,57,5,52,2
113755,50,6,44,2
113756,56,6,50,2
113757,66,6,60,2
113758,50,10,40,2
113759,75,9,66,2
113760,53,9,44,2
113761,66,7,59,2
113762,55,7,48,2
113763,57,7,50,2
113764,57,2,55,2
113765,57,10,47,2
113766,56,7,49,2
113767,58,4,54,2
113768,50,4,46,2
113769,51,3,48,2
113770,51,6,45,2
113771,57,6,51,2
113772,47,6,41,2
113773,55,7,48,2
113774,70,13,57,2
113775,53,4,49,2
113776,57,6,51,2
113777,62,3,59,2
113778,43,3,40,2
113779,52,4,48,2
113780,56,5,51,2
113781,54,6,48,2
113782,50,3,47,2
113783,61,5,56,2
113784,64,10,54,2
113785,48,10,38,2
113786,63,8,55,2
113787,49,4,45,2
113788,58,8,50,2
113789,53,5,48,2
113790,62,9,53,2
113791,53,6,47,2
113792,54,4,50,2
113793,54,9,45,2
113794,56,9,47,2
113795,69,6,63,2
113796,60,7,53,2
113797,53,3,50,2
113798,70,9,61,2
113799,61,4,57,2
113800,57,10,47,2
113801,49,6,43,2
113802,49,4,45,2
113803,45,4,41,2
113804,54,6,48,2
113805,61,8,53,2
113806,52,7,45,2
113807,64,8,56,2
113808,39,7,32,2
113809,47,3,44,2
113810,59,5,54,2
113811,67,3,64,2
113812,51,6,45,2
113813,66,6,60,2
113814,61,9,52,2
113815,59,7,52,2
113816,60,6,54,2
113817,51,1,50,2
113818,53,7,46,2
113819,59,9,50,2
113820,74,6,68,2
113821,58,6,52,2
113822,61,6,55,2
113823,60,12,48,2
113824,61,5,56,2
113825,61,7,54,2
113826,58,3,55,2
113827,54,5,49,2
113828,56,6,50,2
113829,54,12,42,2
113830,46,13,33,2
113831,49,1,48,2
113832,65,12,53,2
113833,67,11,56,2
113834,54,9,45,2
113835,58,6,52,2
113836,56,6,50,2
113837,44,2,42,2
113838,60,10,50,2
113839,56,7,49,2
113840,51,5,46,2
113841,54,3,51,2
113842,54,7,47,2
113843,51,5,46,2
113844,61,5,56,2
113845,46,6,40,2
113846,63,9,54,2
113847,55,6,49,2
113848,51,3,48,2
113849,58,9,49,2
113850,53,3,50,2
113851,46,4,42,2
113852,44,7,37,2
113853,40,7,33,2
113854,62,4,58,2
113855,74,9,65,2
113856,48,8,40,2
113857,59,7,52,2
113858,72,6,66,2
113859,54,4,50,2
113860,56,10,46,2
113861,53,6,47,2
113862,52,5,47,2
113863,66,13,53,2
113864,61,1,60,2
113865,54,4,50,2
113866,69,10,59,2
113867,54,8,46,2
113868,57,6,51,2
113869,60,1,59,2
113870,51,5,46,2
113871,51,7,44,2
113872,46,8,38,2
113873,57,4,53,2
113874,48,4,44,2
113875,65,9,56,2
113876,52,5,47,2
113877,63,7,56,2
113878,45,5,40,2
113879,57,7,50,2
113880,56,8,48,2
113881,50,3,47,2
113882,58,12,46,2
113883,69,8,61,2
113884,50,6,44,2
113885,56,10,46,2
113886,43,7,36,2
113887,54,8,46,2
113888,63,11,52,2
113889,61,5,56,2
113890,43,6,37,2
113891,47,5,42,2
113892,56,11,45,2
113893,60,7,53,2
113894,56,8,48,2
113895,44,4,40,2
113896,52,11,41,2
113897,60,6,54,2
113898,46,8,38,2
113899,52,3,49,2
113900,69,12,57,2
113901,55,8,47,2
113902,49,7,42,2
113903,51,6,45,2
113904,59,5,54,2
113905,54,4,50,2
113906,62,9,53,2
113907,58,11,47,2
113908,60,6,54,2
113909,46,5,41,2
113910,54,4,50,2
113911,57,7,50,2
113912,60,5,55,2
113913,51,4,47,2
113914,53,4,49,2
113915,55,3,52,2
113916,60,9,51,2
113917,52,4,48,2
113918,56,2,54,2
113919,50,4,46,2
113920,45,10,35,2
113921,48,8,40,2
113922,52,7,45,2
113923,56,8,48,2
113924,64,4,60,2
113925,63,8,55,2
113926,49,1,48,2
113927,58,6,52,2
113928,62,5,57,2
113929,55,5,50,2
113930,69,16,53,2
113931,52,5,47,2
113932,55,8,47,2
113933,66,7,59,2
113934,54,2,52,2
113935,56,8,48,2
113936,57,8,49,2
113937,66,5,61,2
113938,59,5,54,2
113939,54,10,44,2
113940,56,8,48,2
113941,55,9,46,2
113942,59,6,53,2
113943,53,4,49,2
113944,59,10,49,2
113945,66,7,59,2
113946,57,6,51,2
113947,34,2,32,2
113948,48,5,43,2
113949,53,8,45,2
113950,65,9,56,2
113951,60,7,53,2
113952,56,5,51,2
113953,51,6,45,2
113954,52,5,47,2
113955,48,7,41,2
113956,61,8,53,2
113957,53,9,44,2
113958,46,8,38,2
113959,62,8,54,2
113960,50,6,44,2
113961,50,3,47,2
113962,57,4,53,2
113963,55,4,51,2
113964,49,5,44,2
113965,53,3,50,2
113966,57,9,48,2
113967,44,7,37,2
113968,42,9,33,2
113969,58,8,50,2
113970,43,7,36,2
113971,55,6,49,2
113972,46,4,42,2
113973,66,7,59,2
113974,62,6,56,2
113975,54,3,51,2
113976,51,7,44,2
113977,54,5,49,2
113978,52,8,44,2
113979,59,5,54,2
113980,54,4,50,2
113981,48,5,43,2
113982,55,8,47,2
113983,49,5,44,2
113984,58,5,53,2
113985,51,9,42,2
113986,57,2,55,2
113987,60,8,52,2
113988,49,6,43,2
113989,62,8,54,2
113990,64,6,58,2
113991,61,10,51,2
113992,58,5,53,2
113993,51,8,43,2
113994,51,7,44,2
113995,54,5,49,2
113996,52,8,44,2
113997,61,10,51,2
113998,46,7,39,2
113999,53,3,50,2
114000,72,6,66,2
114001,53,2,51,2
114002,61,9,52,2
114003,45,7,38,2
114004,44,7,37,2
114005,45,6,39,2
114006,60,6,54,2
114007,41,4,37,2
114008,66,3,63,2
114009,50,4,46,2
114010,48,5,43,2
114011,48,4,44,2
114012,54,3,51,2
114013,53,6,47,2
114014,54,5,49,2
114015,45,5,40,2
114016,34,6,28,2
114017,48,5,43,2
114018,58,5,53,2
114019,55,15,40,2
114020,48,9,39,2
114021,49,5,44,2
114022,45,4,41,2
114023,58,7,51,2
114024,53,7,46,2
114025,54,8,46,2
114026,69,7,62,2
114027,66,10,56,2
114028,53,4,49,2
114029,69,6,63,2
114030,60,8,52,2
114031,58,10,48,2
114032,70,6,64,2
114033,57,5,52,2
114034,56,7,49,2
114035,60,6,54,2
114036,55,5,50,2
114037,52,7,45,2
114038,59,8,51,2
114039,60,12,48,2
114040,46,1,45,2
114041,60,8,52,2
114042,54,13,41,2
114043,51,7,44,2
114044,53,5,48,2
114045,54,6,48,2
114046,52,7,45,2
114047,63,6,57,2
114048,37,5,32,2
114049,58,5,53,2
114050,56,8,48,2
114051,40,3,37,2
114052,55,3,52,2
114053,62,8,54,2
114054,55,9,46,2
114055,74,12,62,2
114056,61,10,51,2
114057,60,7,53,2
114058,54,8,46,2
114059,44,6,38,2
114060,59,11,48,2
114061,57,7,50,2
114062,54,10,44,2
114063,43,8,35,2
114064,46,4,42,2
114065,52,6,46,2
114066,59,6,53,2
114067,52,7,45,2
114068,54,7,47,2
114069,44,4,40,2
114070,48,4,44,2
114071,58,1,57,2
114072,70,8,62,2
114073,59,6,53,2
114074,49,9,40,2
114075,60,4,56,2
114076,56,4,52,2
114077,44,4,40,2
114078,50,9,41,2
114079,54,7,47,2
114080,54,5,49,2
114081,48,6,42,2
114082,46,8,38,2
114083,60,7,53,2
114084,62,10,52,2
114085,58,4,54,2
114086,56,8,48,2
114087,56,8,48,2
114088,57,1,56,2
114089,53,5,48,2
114090,54,5,49,2
114091,62,10,52,2
114092,53,4,49,2
114093,54,6,48,2
114094,55,7,48,2
114095,41,3,38,2
114096,68,9,59,2
114097,54,8,46,2
114098,45,10,35,2
114099,52,7,45,2
114100,56,4,52,2
114101,52,4,48,2
114102,55,12,43,2
114103,68,10,58,2
114104,39,3,36,2
114105,39,3,36,2
114106,51,3,48,2
114107,55,11,44,2
114108,46,7,39,2
114109,61,9,52,2
114110,66,8,58,2
114111,48,7,41,2
114112,50,1,49,2
114113,44,7,37,2
114114,53,8,45,2
114115,54,6,48,2
114116,78,11,67,2
114117,71,5,66,2
114118,41,6,35,2
114119,45,8,37,2
114120,61,9,52,2
114121,56,5,51,2
114122,57,4,53,2
114123,74,14,60,2
114124,60,7,53,2
114125,55,8,47,2
114126,50,3,47,2
114127,61,8,53,2
114128,41,4,37,2
114129,51,11,40,2
114130,41,8,33,2
114131,62,8,54,2
114132,45,11,34,2
114133,58,8,50,2
114134,59,3,56,2
114135,77,12,65,2
114136,53,6,47,2
114137,53,10,43,2
114138,56,8,48,2
114139,53,2,51,2
114140,50,7,43,2
114141,62,7,55,2
114142,56,12,44,2
114143,57,6,51,2
114144,41,8,33,2
114145,48,6,42,2
114146,51,9,42,2
114147,55,7,48,2
114148,55,6,49,2
114149,53,3,50,2
114150,52,8,44,2
114151,56,4,52,2
114152,63,5,58,2
114153,43,2,41,2
114154,59,12,47,2
114155,58,6,52,2
114156,54,8,46,2
114157,51,3,48,2
114158,45,2,43,2
114159,58,6,52,2
114160,51,5,46,2
114161,67,3,64,2
114162,61,7,54,2
114163,53,7,46,2
114164,50,4,46,2
114165,57,7,50,2
114166,52,8,44,2
114167,52,7,45,2
114168,52,8,44,2
114169,51,4,47,2
114170,61,5,56,2
114171,66,7,59,2
114172,63,9,54,2
114173,45,3,42,2
114174,55,9,46,2
114175,65,10,55,2
114176,61,4,57,2
114177,46,8,38,2
114178,66,1,65,2
114179,50,5,45,2
114180,62,5,57,2
114181,60,5,55,2
114182,61,9,52,2
114183,45,6,39,2
114184,57,6,51,2
114185,54,6,48,2
114186,54,6,48,2
114187,58,9,49,2
114188,59,8,51,2
114189,49,3,46,2
114190,56,6,50,2
114191,57,7,50,2
114192,52,8,44,2
114193,50,9,41,2
114194,67,8,59,2
114195,57,5,52,2
114196,69,5,64,2
114197,53,2,51,2
114198,65,5,60,2
114199,72,12,60,2
114200,53,7,46,2
114201,47,5,42,2
114202,60,3,57,2
114203,49,7,42,2
114204,71,6,65,2
114205,43,7,36,2
114206,56,12,44,2
114207,58,5,53,2
114208,64,8,56,2
114209,59,6,53,2
114210,62,6,56,2
114211,49,9,40,2
114212,43,6,37,2
114213,59,3,56,2
114214,49,4,45,2
114215,55,9,46,2
114216,51,5,46,2
114217,53,5,48,2
114218,58,8,50,2
114219,57,5,52,2
114220,64,10,54,2
114221,68,10,58,2
114222,56,9,47,2
114223,70,9,61,2
114224,57,4,53,2
114225,62,7,55,2
114226,50,1,49,2
114227,50,11,39,2
114228,42,5,37,2
114229,57,5,52,2
114230,55,7,48,2
114231,48,6,42,2
114232,44,7,37,2
114233,56,5,51,2
114234,51,6,45,2
114235,41,4,37,2
114236,43,2,41,2
114237,56,4,52,2
114238,52,7,45,2
114239,61,5,56,2
114240,50,6,44,2
114241,48,4,44,2
114242,52,7,45,2
114243,60,10,50,2
114244,49,7,42,2
114245,52,7,45,2
114246,60,5,55,2
114247,45,9,36,2
114248,45,7,38,2
114249,70,12,58,2
114250,45,6,39,2
114251,60,8,52,2
114252,65,6,59,2
114253,49,7,42,2
114254,51,7,44,2
114255,54,6,48,2
114256,64,7,57,2
114257,55,9,46,2
114258,50,4,46,2
114259,38,8,30,2
114260,50,10,40,2
114261,64,4,60,2
114262,55,4,51,2
114263,76,8,68,2
114264,47,6,41,2
114265,35,1,34,2
114266,63,4,59,2
114267,50,7,43,2
114268,49,6,43,2
114269,57,10,47,2
114270,64,10,54,2
114271,66,7,59,2
114272,55,7,48,2
114273,69,10,59,2
114274,50,4,46,2
114275,67,9,58,2
114276,58,9,49,2
114277,48,4,44,2
114278,44,2,42,2
114279,56,8,48,2
114280,56,5,51,2
114281,45,5,40,2
114282,50,6,44,2
114283,48,6,42,2
114284,65,13,52,2
114285,53,1,52,2
114286,53,4,49,2
114287,60,5,55,2
114288,57,7,50,2
114289,70,10,60,2
114290,63,4,59,2
114291,49,4,45,2
114292,42,5,37,2
114293,70,9,61,2
114294,63,8,55,2
114295,58,6,52,2
114296,47,8,39,2
114297,63,7,56,2
114298,47,5,42,2
114299,67,6,61,2
114300,68,12,56,2
114301,51,6,45,2
114302,59,6,53,2
114303,67,5,62,2
114304,51,10,41,2
114305,47,6,41,2
114306,63,8,55,2
114307,48,4,44,2
114308,57,4,53,2
114309,47,9,38,2
114310,59,5,54,2
114311,54,7,47,2
114312,54,9,45,2
114313,46,6,40,2
114314,63,10,53,2
114315,54,5,49,2
114316,37,8,29,2
114317,51,6,45,2
114318,66,5,61,2
114319,51,6,45,2
114320,54,6,48,2
114321,36,5,31,2
114322,57,6,51,2
114323,66,12,54,2
114324,51,7,44,2
114325,47,10,37,2
114326,50,6,44,2
114327,53,5,48,2
114328,58,8,50,2
114329,48,3,45,2
114330,59,11,48,2
114331,48,6,42,2
114332,57,12,45,2
114333,53,4,49,2
114334,50,12,38,2
114335,62,4,58,2
114336,62,7,55,2
114337,52,6,46,2
114338,52,11,41,2
114339,58,4,54,2
114340,53,5,48,2
114341,49,4,45,2
114342,46,11,35,2
114343,60,7,53,2
114344,66,12,54,2
114345,48,7,41,2
114346,56,6,50,2
114347,41,8,33,2
114348,61,5,56,2
114349,46,6,40,2
114350,47,6,41,2
114351,63,4,59,2
114352,52,5,47,2
114353,55,8,47,2
114354,57,5,52,2
114355,59,5,54,2
114356,46,8,38,2
114357,56,8,48,2
114358,53,9,44,2
114359,55,5,50,2
114360,40,5,35,2
114361,49,7,42,2
114362,52,8,44,2
114363,66,9,57,2
114364,46,2,44,2
114365,75,12,63,2
114366,49,5,44,2
114367,48,3,45,2
114368,52,8,44,2
114369,51,7,44,2
114370,50,9,41,2
114371,72,14,58,2
114372,64,11,53,2
114373,72,11,61,2
114374,58,3,55,2
114375,47,7,40,2
114376,56,8,48,2
114377,61,9,52,2
114378,50,5,45,2
114379,58,5,53,2
114380,58,7,51,2
114381,53,4,49,2
114382,49,5,44,2
114383,48,9,39,2
114384,51,6,45,2
114385,62,2,60,2
114386,61,15,46,2
114387,56,6,50,2
114388,57,10,47,2
114389,51,8,43,2
114390,56,9,47,2
114391,60,7,53,2
114392,49,1,48,2
114393,57,6,51,2
114394,56,9,47,2
114395,51,5,46,2
114396,52,7,45,2
114397,65,9,56,2
114398,63,6,57,2
114399,50,3,47,2
114400,49,6,43,2
114401,67,11,56,2
114402,64,9,55,2
114403,52,3,49,2
114404,49,4,45,2
114405,49,6,43,2
114406,54,6,48,2
114407,58,7,51,2
114408,53,3,50,2
114409,61,7,54,2
114410,65,9,56,2
114411,46,10,36,2
114412,54,7,47,2
114413,57,7,50,2
114414,61,8,53,2
114415,60,7,53,2
114416,68,7,61,2
114417,49,4,45,2
114418,41,5,36,2
114419,63,7,56,2
114420,54,3,51,2
114421,53,8,45,2
114422,61,9,52,2
114423,65,8,57,2
114424,53,7,46,2
114425,58,7,51,2
114426,55,5,50,2
114427,46,7,39,2
114428,45,10,35,2
114429,48,5,43,2
114430,52,9,43,2
114431,54,10,44,2
114432,71,10,61,2
114433,57,5,52,2
114434,45,5,40,2
114435,59,8,51,2
114436,44,7,37,2
114437,47,9,38,2
114438,35,3,32,2
114439,52,6,46,2
114440,57,7,50,2
114441,52,3,49,2
114442,65,6,59,2
114443,49,3,46,2
114444,53,6,47,2
114445,43,7,36,2
114446,58,5,53,2
114447,50,5,45,2
114448,62,2,60,2
114449,43,8,35,2
114450,68,14,54,2
114451,62,9,53,2
114452,51,6,45,2
114453,53,11,42,2
114454,60,5,55,2
114455,51,6,45,2
114456,60,3,57,2
114457,43,7,36,2
114458,53,4,49,2
114459,52,6,46,2
114460,63,4,59,2
114461,55,3,52,2
114462,57,7,50,2
114463,62,8,54,2
114464,46,6,40,2
114465,58,4,54,2
114466,52,7,45,2
114467,54,9,45,2
114468,40,8,32,2
114469,51,4,47,2
114470,43,6,37,2
114471,73,10,63,2
114472,68,3,65,2
114473,65,7,58,2
114474,46,4,42,2
114475,46,7,39,2
114476,47,6,41,2
114477,52,7,45,2
114478,58,7,51,2
114479,43,3,40,2
114480,48,6,42,2
114481,56,6,50,2
114482,44,8,36,2
114483,52,12,40,2
114484,47,8,39,2
114485,58,3,55,2
114486,66,10,56,2
114487,40,10,30,2
114488,60,5,55,2
114489,48,12,36,2
114490,49,2,47,2
114491,49,4,45,2
114492,60,6,54,2
114493,57,5,52,2
114494,56,3,53,2
114495,64,3,61,2
114496,63,8,55,2
114497,54,5,49,2
114498,41,8,33,2
114499,68,8,60,2
114500,58,8,50,2
114501,58,5,53,2
114502,59,5,54,2
114503,46,7,39,2
114504,41,4,37,2
114505,53,4,49,2
114506,57,8,49,2
114507,57,10,47,2
114508,54,8,46,2
114509,53,4,49,2
114510,62,7,55,2
114511,59,9,50,2
114512,49,10,39,2
114513,59,10,49,2
114514,58,11,47,2
114515,57,6,51,2
114516,68,7,61,2
114517,47,7,40,2
114518,51,10,41,2
114519,59,3,56,2
114520,60,8,52,2
114521,66,12,54,2
114522,60,5,55,2
114523,58,8,50,2
114524,62,9,53,2
114525,61,9,52,2
114526,53,7,46,2
114527,50,6,44,2
114528,56,4,52,2
114529,46,10,36,2
114530,55,9,46,2
114531,45,8,37,2
114532,52,6,46,2
114533,47,6,41,2
114534,54,2,52,2
114535,56,10,46,2
114536,55,9,46,2
114537,54,9,45,2
114538,68,3,65,2
114539,57,6,51,2
114540,42,4,38,2
114541,51,7,44,2
114542,49,13,36,2
114543,56,6,50,2
114544,46,7,39,2
114545,58,9,49,2
114546,51,5,46,2
114547,49,7,42,2
114548,45,6,39,2
114549,51,6,45,2
114550,61,7,54,2
114551,65,9,56,2
114552,50,3,47,2
114553,68,6,62,2
114554,66,12,54,2
114555,55,6,49,2
114556,53,13,40,2
114557,51,7,44,2
114558,45,3,42,2
114559,59,3,56,2
114560,59,4,55,2
114561,66,9,57,2
114562,47,4,43,2
114563,49,9,40,2
114564,66,8,58,2
114565,59,7,52,2
114566,55,5,50,2
114567,52,4,48,2
114568,52,8,44,2
114569,53,7,46,2
114570,67,7,60,2
114571,59,4,55,2
114572,59,4,55,2
114573,61,7,54,2
114574,56,7,49,2
114575,49,6,43,2
114576,42,4,38,2
114577,55,9,46,2
114578,57,8,49,2
114579,53,7,46,2
114580,48,3,45,2
114581,53,6,47,2
114582,61,8,53,2
114583,52,2,50,2
114584,57,7,50,2
114585,44,7,37,2
114586,42,4,38,2
114587,55,4,51,2
114588,49,6,43,2
114589,57,5,52,2
114590,56,6,50,2
114591,58,10,48,2
114592,62,9,53,2
114593,53,5,48,2
114594,56,8,48,2
114595,52,7,45,2
114596,60,8,52,2
114597,51,3,48,2
114598,53,5,48,2
114599,47,3,44,2
114600,52,6,46,2
114601,52,6,46,2
114602,60,3,57,2
114603,64,4,60,2
114604,47,8,39,2
114605,66,7,59,2
114606,37,4,33,2
114607,53,7,46,2
114608,57,9,48,2
114609,65,11,54,2
114610,60,11,49,2
114611,45,6,39,2
114612,53,6,47,2
114613,65,7,58,2
114614,54,9,45,2
114615,50,6,44,2
114616,57,10,47,2
114617,56,11,45,2
114618,64,6,58,2
114619,56,9,47,2
114620,54,7,47,2
114621,50,3,47,2
114622,57,12,45,2
114623,48,6,42,2
114624,51,6,45,2
114625,43,5,38,2
114626,47,6,41,2
114627,72,11,61,2
114628,53,3,50,2
114629,49,9,40,2
114630,55,2,53,2
114631,43,2,41,2
114632,53,4,49,2
114633,58,8,50,2
114634,62,10,52,2
114635,56,3,53,2
114636,50,4,46,2
114637,44,7,37,2
114638,54,6,48,2
114639,64,10,54,2
114640,52,5,47,2
114641,54,9,45,2
114642,67,11,56,2
114643,56,7,49,2
114644,57,8,49,2
114645,42,5,37,2
114646,42,7,35,2
114647,57,8,49,2
114648,52,5,47,2
114649,58,4,54,2
114650,56,7,49,2
114651,64,13,51,2
114652,59,5,54,2
114653,53,4,49,2
114654,53,8,45,2
114655,55,5,50,2
114656,53,7,46,2
114657,66,11,55,2
114658,55,5,50,2
114659,53,6,47,2
114660,52,8,44,2
114661,50,7,43,2
114662,53,3,50,2
114663,56,9,47,2
114664,58,7,51,2
114665,50,7,43,2
114666,51,6,45,2
114667,44,5,39,2
114668,57,10,47,2
114669,65,11,54,2
114670,50,5,45,2
114671,54,10,44,2
114672,43,8,35,2
114673,61,8,53,2
114674,49,9,40,2
114675,51,4,47,2
114676,55,7,48,2
114677,55,7,48,2
114678,69,9,60,2
114679,63,2,61,2
114680,57,6,51,2
114681,54,7,47,2
114682,52,9,43,2
114683,64,7,57,2
114684,59,10,49,2
114685,60,7,53,2
114686,58,4,54,2
114687,65,8,57,2
114688,54,4,50,2
114689,49,6,43,2
114690,52,4,48,2
114691,66,10,56,2
114692,60,8,52,2
114693,52,2,50,2
114694,64,13,51,2
114695,50,3,47,2
114696,57,12,45,2
114697,61,5,56,2
114698,64,4,60,2
114699,64,3,61,2
114700,53,7,46,2
114701,59,6,53,2
114702,54,9,45,2
114703,59,5,54,2
114704,49,5,44,2
114705,55,7,48,2
114706,57,2,55,2
114707,50,5,45,2
114708,68,5,63,2
114709,52,8,44,2
114710,56,7,49,2
114711,58,7,51,2
114712,55,7,48,2
114713,52,6,46,2
114714,46,7,39,2
114715,57,8,49,2
114716,50,4,46,2
114717,64,7,57,2
114718,49,5,44,2
114719,50,6,44,2
114720,51,6,45,2
114721,63,7,56,2
114722,57,8,49,2
114723,64,9,55,2
114724,56,8,48,2
114725,60,4,56,2
114726,53,5,48,2
114727,49,3,46,2
114728,60,6,54,2
114729,63,2,61,2
114730,55,11,44,2
114731,57,7,50,2
114732,51,6,45,2
114733,62,6,56,2
114734,50,5,45,2
114735,56,10,46,2
114736,75,5,70,2
114737,42,10,32,2
114738,55,6,49,2
114739,47,6,41,2
114740,62,1,61,2
114741,63,8,55,2
114742,50,10,40,2
114743,54,7,47,2
114744,58,8,50,2
114745,47,8,39,2
114746,59,5,54,2
114747,52,3,49,2
114748,52,3,49,2
114749,68,8,60,2
114750,44,2,42,2
114751,65,6,59,2
114752,51,7,44,2
114753,54,8,46,2
114754,54,7,47,2
114755,54,6,48,2
114756,51,4,47,2
114757,55,5,50,2
114758,52,9,43,2
114759,56,3,53,2
114760,46,6,40,2
114761,56,8,48,2
114762,50,5,45,2
114763,50,9,41,2
114764,48,9,39,2
114765,46,3,43,2
114766,50,4,46,2
114767,72,10,62,2
114768,64,7,57,2
114769,59,4,55,2
114770,54,7,47,2
114771,54,8,46,2
114772,63,8,55,2
114773,42,9,33,2
114774,58,6,52,2
114775,50,6,44,2
114776,60,5,55,2
114777,56,6,50,2
114778,55,4,51,2
114779,46,5,41,2
114780,64,6,58,2
114781,65,6,59,2
114782,49,2,47,2
114783,44,4,40,2
114784,57,11,46,2
114785,52,4,48,2
114786,65,6,59,2
114787,51,6,45,2
114788,51,8,43,2
114789,47,3,44,2
114790,42,4,38,2
114791,51,7,44,2
114792,52,8,44,2
114793,51,7,44,2
114794,57,3,54,2
114795,51,5,46,2
114796,62,7,55,2
114797,67,10,57,2
114798,47,2,45,2
114799,63,7,56,2
114800,55,6,49,2
114801,71,7,64,2
114802,65,9,56,2
114803,47,9,38,2
114804,50,4,46,2
114805,62,5,57,2
114806,53,8,45,2
114807,60,8,52,2
114808,51,6,45,2
114809,48,10,38,2
114810,52,4,48,2
114811,53,6,47,2
114812,58,11,47,2
114813,46,5,41,2
114814,51,3,48,2
114815,48,6,42,2
114816,47,6,41,2
114817,47,12,35,2
114818,47,8,39,2
114819,42,8,34,2
114820,50,7,43,2
114821,48,12,36,2
114822,60,3,57,2
114823,67,9,58,2
114824,53,4,49,2
114825,58,9,49,2
114826,51,2,49,2
114827,60,8,52,2
114828,50,3,47,2
114829,45,8,37,2
114830,57,5,52,2
114831,51,9,42,2
114832,49,2,47,2
114833,49,3,46,2
114834,59,7,52,2
114835,51,6,45,2
114836,54,10,44,2
114837,46,5,41,2
114838,56,8,48,2
114839,57,10,47,2
114840,60,7,53,2
114841,45,4,41,2
114842,56,11,45,2
114843,66,10,56,2
114844,51,4,47,2
114845,37,3,34,2
114846,42,2,40,2
114847,68,4,64,2
114848,56,5,51,2
114849,59,7,52,2
114850,76,9,67,2
114851,71,4,67,2
114852,60,11,49,2
114853,58,7,51,2
114854,54,9,45,2
114855,71,11,60,2
114856,39,2,37,2
114857,46,6,40,2
114858,53,10,43,2
114859,51,8,43,2
114860,63,7,56,2
114861,52,5,47,2
114862,47,10,37,2
114863,40,3,37,2
114864,59,6,53,2
114865,57,6,51,2
114866,49,5,44,2
114867,55,5,50,2
114868,61,10,51,2
114869,49,2,47,2
114870,47,1,46,2
114871,56,6,50,2
114872,53,3,50,2
114873,52,10,42,2
114874,53,7,46,2
114875,58,6,52,2
114876,67,7,60,2
114877,50,8,42,2
114878,55,5,50,2
114879,47,8,39,2
114880,41,5,36,2
114881,80,19,61,2
114882,54,8,46,2
114883,49,12,37,2
114884,56,9,47,2
114885,57,2,55,2
114886,57,6,51,2
114887,42,2,40,2
114888,68,9,59,2
114889,48,4,44,2
114890,47,5,42,2
114891,53,8,45,2
114892,46,8,38,2
114893,58,10,48,2
114894,58,7,51,2
114895,57,10,47,2
114896,44,4,40,2
114897,61,9,52,2
114898,40,6,34,2
114899,52,9,43,2
114900,55,4,51,2
114901,47,2,45,2
114902,52,8,44,2
114903,60,6,54,2
114904,63,5,58,2
114905,43,6,37,2
114906,43,7,36,2
114907,53,8,45,2
114908,51,7,44,2
114909,50,7,43,2
114910,60,6,54,2
114911,56,11,45,2
114912,46,3,43,2
114913,66,6,60,2
114914,55,11,44,2
114915,50,4,46,2
114916,69,8,61,2
114917,73,6,67,2
114918,53,8,45,2
114919,47,4,43,2
114920,47,3,44,2
114921,43,10,33,2
114922,54,5,49,2
114923,64,3,61,2
114924,63,12,51,2
114925,58,5,53,2
114926,47,4,43,2
114927,49,8,41,2
114928,62,6,56,2
114929,63,5,58,2
114930,50,4,46,2
114931,49,2,47,2
114932,49,3,46,2
114933,66,7,59,2
114934,62,4,58,2
114935,48,7,41,2
114936,55,10,45,2
114937,51,7,44,2
114938,56,3,53,2
114939,57,6,51,2
114940,57,5,52,2
114941,56,5,51,2
114942,51,8,43,2
114943,45,6,39,2
114944,55,6,49,2
114945,39,5,34,2
114946,57,5,52,2
114947,52,5,47,2
114948,55,9,46,2
114949,67,3,64,2
114950,77,12,65,2
114951,45,4,41,2
114952,48,3,45,2
114953,43,7,36,2
114954,61,5,56,2
114955,54,5,49,2
114956,56,9,47,2
114957,57,8,49,2
114958,50,6,44,2
114959,48,8,40,2
114960,67,10,57,2
114961,57,5,52,2
114962,70,6,64,2
114963,67,7,60,2
114964,59,6,53,2
114965,53,4,49,2
114966,51,5,46,2
114967,51,6,45,2
114968,55,6,49,2
114969,68,6,62,2
114970,62,8,54,2
114971,67,3,64,2
114972,51,5,46,2
114973,65,11,54,2
114974,53,6,47,2
114975,48,7,41,2
114976,56,7,49,2
114977,48,9,39,2
114978,59,4,55,2
114979,54,6,48,2
114980,45,6,39,2
114981,57,1,56,2
114982,55,8,47,2
114983,52,6,46,2
114984,56,9,47,2
114985,43,7,36,2
114986,51,5,46,2
114987,64,5,59,2
114988,48,5,43,2
114989,56,7,49,2
114990,50,8,42,2
114991,64,6,58,2
114992,48,5,43,2
114993,44,5,39,2
114994,50,7,43,2
114995,46,7,39,2
114996,63,8,55,2
114997,52,8,44,2
114998,51,9,42,2
114999,71,9,62,2
115000,46,8,38,2
115001,57,6,51,2
115002,45,5,40,2
115003,42,10,32,2
115004,46,12,34,2
115005,52,7,45,2
115006,51,5,46,2
115007,57,7,50,2
115008,61,10,51,2
115009,67,10,57,2
115010,66,3,63,2
115011,67,7,60,2
115012,54,9,45,2
115013,61,6,55,2
115014,50,12,38,2
115015,51,5,46,2
115016,44,2,42,2
115017,70,8,62,2
115018,56,8,48,2
115020,52,7,45,2
115021,58,5,53,2
115022,58,5,53,2
115023,50,6,44,2
115024,61,9,52,2
115025,73,7,66,2
115026,62,7,55,2
115027,45,7,38,2
115028,62,5,57,2
115029,43,9,34,2
115030,52,3,49,2
115031,58,4,54,2
115032,47,3,44,2
115033,56,11,45,2
115034,50,3,47,2
115035,52,3,49,2
115036,54,5,49,2
115037,51,8,43,2
115038,41,5,36,2
115039,50,6,44,2
115040,57,7,50,2
115041,57,9,48,2
115042,53,6,47,2
115043,56,6,50,2
115044,50,6,44,2
115045,64,7,57,2
115046,51,8,43,2
115047,62,8,54,2
115048,52,6,46,2
115049,64,5,59,2
115050,54,9,45,2
115051,47,4,43,2
115052,59,5,54,2
115053,58,6,52,2
115054,61,15,46,2
115055,61,3,58,2
115056,44,8,36,2
115057,49,8,41,2
115058,51,7,44,2
115059,40,2,38,2
115060,55,10,45,2
115061,35,3,32,2
115062,51,5,46,2
115063,67,7,60,2
115064,66,11,55,2
115065,51,6,45,2
115066,56,6,50,2
115067,50,4,46,2
115068,47,5,42,2
115069,50,4,46,2
115070,47,0,47,1
115071,48,3,45,2
115072,57,9,48,2
115073,62,11,51,2
115074,60,5,55,2
115075,42,8,34,2
115076,60,6,54,2
115077,50,4,46,2
115078,51,8,43,2
115079,65,3,62,2
115080,60,9,51,2
115081,49,6,43,2
115082,62,12,50,2
115083,59,5,54,2
115084,55,8,47,2
115085,58,9,49,2
115086,49,3,46,2
115087,51,6,45,2
115088,45,6,39,2
115089,43,6,37,2
115090,50,2,48,2
115091,69,8,61,2
115092,55,5,50,2
115093,56,4,52,2
115094,60,9,51,2
115095,60,8,52,2
115096,60,6,54,2
115097,51,8,43,2
115098,50,6,44,2
115099,61,8,53,2
115100,49,8,41,2
115101,56,8,48,2
115102,57,5,52,2
115103,68,6,62,2
115104,55,9,46,2
115105,59,5,54,2
115106,54,6,48,2
115107,55,8,47,2
115108,51,5,46,2
115109,48,5,43,2
115110,55,4,51,2
115111,62,6,56,2
115112,65,10,55,2
115113,48,4,44,2
115114,60,8,52,2
115115,43,5,38,2
115116,54,6,48,2
115117,49,13,36,2
115118,49,7,42,2
115119,57,5,52,2
115120,69,9,60,2
115121,61,7,54,2
115122,45,8,37,2
115123,43,6,37,2
115124,67,10,57,2
115125,45,7,38,2
115126,48,3,45,2
115127,50,5,45,2
115128,45,3,42,2
115129,66,4,62,2
115130,44,10,34,2
115131,56,7,49,2
115132,59,8,51,2
115133,56,8,48,2
115134,59,8,51,2
115135,66,9,57,2
115136,38,4,34,2
115137,63,6,57,2
115138,46,2,44,2
115139,53,4,49,2
115140,44,5,39,2
115141,54,6,48,2
115142,50,6,44,2
115143,52,8,44,2
115144,54,9,45,2
115145,66,8,58,2
115146,39,2,37,2
115147,72,6,66,2
115148,54,5,49,2
115149,68,7,61,2
115150,59,7,52,2
115151,56,12,44,2
115152,68,10,58,2
115153,60,8,52,2
115154,48,6,42,2
115155,58,8,50,2
115156,55,7,48,2
115157,59,8,51,2
115158,66,10,56,2
115159,46,5,41,2
115160,52,5,47,2
115161,62,6,56,2
115162,42,3,39,2
115163,54,3,51,2
115164,42,1,41,2
115165,54,9,45,2
115166,52,2,50,2
115167,55,6,49,2
115168,50,4,46,2
115169,67,5,62,2
115170,49,8,41,2
115171,49,8,41,2
115172,53,11,42,2
115173,61,7,54,2
115174,63,8,55,2
115175,54,6,48,2
115176,59,6,53,2
115177,66,7,59,2
115178,52,8,44,2
115179,47,6,41,2
115180,53,5,48,2
115181,49,5,44,2
115182,51,5,46,2
115183,55,5,50,2
115184,55,6,49,2
115185,49,4,45,2
115186,59,6,53,2
115187,58,9,49,2
115188,54,5,49,2
115189,78,12,66,2
115190,59,5,54,2
115191,69,10,59,2
115192,46,6,40,2
115193,58,8,50,2
115194,46,5,41,2
115195,55,9,46,2
115196,57,9,48,2
115197,70,14,56,2
115198,57,4,53,2
115199,46,6,40,2
115200,52,3,49,2
115201,58,8,50,2
115202,72,8,64,2
115203,55,6,49,2
115204,47,5,42,2
115205,42,9,33,2
115206,56,10,46,2
115207,57,5,52,2
115208,54,10,44,2
115209,57,2,55,2
115210,56,8,48,2
115211,50,8,42,2
115212,64,9,55,2
115213,57,8,49,2
115214,67,11,56,2
115215,40,4,36,2
115216,70,10,60,2
115217,44,8,36,2
115218,43,6,37,2
115219,55,15,40,2
115220,48,5,43,2
115221,56,10,46,2
115222,63,8,55,2
115223,61,12,49,2
115224,57,7,50,2
115225,53,10,43,2
115226,58,9,49,2
115227,51,6,45,2
115228,58,8,50,2
115229,53,7,46,2
115230,56,10,46,2
115231,50,6,44,2
115232,52,9,43,2
115233,42,3,39,2
115234,54,3,51,2
115235,61,6,55,2
115236,44,4,40,2
115237,45,5,40,2
115238,57,7,50,2
115239,58,6,52,2
115240,61,9,52,2
115241,49,2,47,2
115242,57,7,50,2
115243,47,6,41,2
115244,1,0,1,1
115245,57,7,50,2
115246,49,9,40,2
115247,71,7,64,2
115248,56,4,52,2
115249,69,4,65,2
115250,65,3,62,2
115251,62,3,59,2
115252,57,8,49,2
115253,62,8,54,2
115254,58,4,54,2
115255,46,4,42,2
115256,45,6,39,2
115257,49,10,39,2
115258,56,7,49,2
115259,51,9,42,2
115260,59,8,51,2
115261,57,6,51,2
115262,39,5,34,2
115263,53,6,47,2
115264,61,6,55,2
115265,51,4,47,2
115266,52,5,47,2
115267,54,2,52,2
115268,55,7,48,2
115269,66,11,55,2
115270,39,7,32,2
115271,59,13,46,2
115272,62,11,51,2
115273,63,7,56,2
115274,46,2,44,2
115275,66,10,56,2
115276,45,3,42,2
115277,41,6,35,2
115278,58,5,53,2
115279,71,4,67,2
115280,63,8,55,2
115281,47,6,41,2
115282,45,4,41,2
115283,49,5,44,2
115284,60,6,54,2
115285,49,5,44,2
115286,69,10,59,2
115287,53,8,45,2
115288,50,9,41,2
115289,58,10,48,2
115290,54,4,50,2
115291,49,2,47,2
115292,68,12,56,2
115293,52,6,46,2
115294,66,9,57,2
115295,60,6,54,2
115296,46,7,39,2
115297,52,8,44,2
115298,62,9,53,2
115299,57,12,45,2
115300,36,2,34,2
115301,58,3,55,2
115302,71,10,61,2
115303,50,4,46,2
115304,46,10,36,2
115305,62,8,54,2
115306,45,3,42,2
115307,50,7,43,2
115308,55,3,52,2
115309,49,7,42,2
115310,45,4,41,2
115311,52,7,45,2
115312,51,2,49,2
115313,46,3,43,2
115314,48,6,42,2
115315,56,5,51,2
115316,40,4,36,2
115317,51,9,42,2
115318,58,8,50,2
115319,62,8,54,2
115320,61,11,50,2
115321,52,1,51,2
115322,62,4,58,2
115323,55,4,51,2
115324,51,6,45,2
115325,64,6,58,2
115326,50,5,45,2
115327,54,6,48,2
115328,57,7,50,2
115329,58,5,53,2
115330,56,11,45,2
115331,57,9,48,2
115332,42,9,33,2
115333,79,14,65,2
115334,55,5,50,2
115335,59,7,52,2
115336,54,4,50,2
115337,48,5,43,2
115338,69,7,62,2
115339,39,6,33,2
115340,51,5,46,2
115341,61,12,49,2
115342,51,7,44,2
115343,54,2,52,2
115344,47,4,43,2
115345,48,7,41,2
115346,55,7,48,2
115347,49,6,43,2
115348,68,14,54,2
115349,46,4,42,2
115350,55,6,49,2
115351,45,9,36,2
115352,59,8,51,2
115353,52,2,50,2
115354,56,1,55,2
115355,64,8,56,2
115356,44,6,38,2
115357,56,9,47,2
115358,35,2,33,2
115359,58,6,52,2
115360,55,2,53,2
115361,46,8,38,2
115362,49,9,40,2
115363,54,5,49,2
115364,55,6,49,2
115365,46,6,40,2
115366,42,8,34,2
115367,49,4,45,2
115368,55,11,44,2
115369,62,8,54,2
115370,52,11,41,2
115371,60,5,55,2
115372,66,4,62,2
115373,55,7,48,2
115374,59,5,54,2
115375,64,13,51,2
115376,70,7,63,2
115377,65,8,57,2
115378,52,7,45,2
115379,49,12,37,2
115380,62,9,53,2
115381,70,7,63,2
115382,47,9,38,2
115383,61,9,52,2
115384,46,6,40,2
115385,62,4,58,2
115386,59,8,51,2
115387,41,4,37,2
115388,68,10,58,2
115389,57,7,50,2
115390,67,11,56,2
115391,42,7,35,2
115392,56,5,51,2
115393,50,6,44,2
115394,45,5,40,2
115395,50,6,44,2
115396,53,6,47,2
115397,44,3,41,2
115398,55,9,46,2
115399,54,3,51,2
115400,56,5,51,2
115401,57,9,48,2
115402,61,4,57,2
115403,57,9,48,2
115404,54,6,48,2
115405,64,7,57,2
115406,44,7,37,2
115407,54,10,44,2
115408,59,8,51,2
115409,52,2,50,2
115410,57,4,53,2
115411,56,5,51,2
115412,53,9,44,2
115413,46,8,38,2
115414,69,11,58,2
115415,48,3,45,2
115416,44,5,39,2
115417,57,7,50,2
115418,52,9,43,2
115419,62,5,57,2
115420,61,10,51,2
115421,61,11,50,2
115422,55,4,51,2
115423,60,6,54,2
115424,39,5,34,2
115425,56,5,51,2
115426,64,12,52,2
115427,65,11,54,2
115428,52,2,50,2
115429,58,7,51,2
115430,55,6,49,2
115431,36,5,31,2
115432,56,5,51,2
115433,51,6,45,2
115434,47,1,46,2
115435,61,9,52,2
115436,51,3,48,2
115437,52,3,49,2
115438,61,7,54,2
115439,56,8,48,2
115440,51,10,41,2
115441,64,7,57,2
115442,59,8,51,2
115443,45,12,33,2
115444,62,5,57,2
115445,51,10,41,2
115446,44,7,37,2
115447,52,7,45,2
115448,60,7,53,2
115449,50,11,39,2
115450,55,4,51,2
115451,57,6,51,2
115452,52,9,43,2
115453,48,6,42,2
115454,67,6,61,2
115455,53,7,46,2
115456,50,6,44,2
115457,65,4,61,2
115458,42,5,37,2
115459,60,7,53,2
115460,54,6,48,2
115461,61,8,53,2
115462,49,8,41,2
115463,52,5,47,2
115464,61,11,50,2
115465,49,7,42,2
115466,59,7,52,2
115467,54,3,51,2
115468,63,6,57,2
115469,75,14,61,2
115470,61,5,56,2
115471,64,6,58,2
115472,56,10,46,2
115473,57,15,42,2
115474,63,7,56,2
115475,49,5,44,2
115476,51,7,44,2
115477,50,7,43,2
115478,62,9,53,2
115479,49,4,45,2
115480,55,9,46,2
115481,63,11,52,2
115482,59,3,56,2
115483,57,8,49,2
115484,37,4,33,2
115485,37,7,30,2
115486,48,9,39,2
115487,54,6,48,2
115488,60,9,51,2
115489,60,9,51,2
115490,51,4,47,2
115491,51,5,46,2
115492,67,15,52,2
115493,56,7,49,2
115494,42,7,35,2
115495,47,5,42,2
115496,54,8,46,2
115497,49,6,43,2
115498,49,6,43,2
115499,47,3,44,2
115500,62,5,57,2
115501,65,6,59,2
115502,53,7,46,2
115503,44,4,40,2
115504,42,6,36,2
115505,50,11,39,2
115506,61,7,54,2
115507,56,4,52,2
115508,46,3,43,2
115509,45,4,41,2
115510,56,6,50,2
115511,50,10,40,2
115512,49,11,38,2
115513,60,9,51,2
115514,42,8,34,2
115515,50,7,43,2
115516,57,6,51,2
115517,54,8,46,2
115518,48,3,45,2
115519,61,4,57,2
115520,61,6,55,2
115521,63,10,53,2
115522,58,9,49,2
115523,55,6,49,2
115524,54,6,48,2
115525,37,6,31,2
115526,57,6,51,2
115527,62,10,52,2
115528,50,5,45,2
115529,58,8,50,2
115530,52,1,51,2
115531,48,6,42,2
115532,49,4,45,2
115533,42,3,39,2
115534,51,8,43,2
115535,49,11,38,2
115536,50,7,43,2
115537,50,6,44,2
115538,61,9,52,2
115539,60,6,54,2
115540,52,8,44,2
115541,48,7,41,2
115542,62,4,58,2
115543,68,10,58,2
115544,62,7,55,2
115545,41,9,32,2
115546,53,7,46,2
115547,54,14,40,2
115548,60,3,57,2
115549,50,5,45,2
115550,59,5,54,2
115551,52,4,48,2
115552,65,11,54,2
115553,50,4,46,2
115554,55,6,49,2
115555,67,9,58,2
115556,53,2,51,2
115557,58,8,50,2
115558,57,6,51,2
115559,59,11,48,2
115560,53,8,45,2
115561,57,2,55,2
115562,55,3,52,2
115563,45,2,43,2
115564,53,7,46,2
115565,74,5,69,2
115566,56,4,52,2
115567,51,6,45,2
115568,43,5,38,2
115569,60,9,51,2
115570,66,6,60,2
115571,45,7,38,2
115572,47,5,42,2
115573,61,14,47,2
115574,70,7,63,2
115575,50,8,42,2
115576,46,4,42,2
115577,47,7,40,2
115578,43,4,39,2
115579,39,6,33,2
115580,62,7,55,2
115581,56,8,48,2
115582,45,6,39,2
115583,52,2,50,2
115584,60,4,56,2
115585,53,6,47,2
115586,43,5,38,2
115587,53,5,48,2
115588,44,6,38,2
115589,47,7,40,2
115590,52,9,43,2
115591,58,6,52,2
115592,68,6,62,2
115593,58,7,51,2
115594,57,5,52,2
115595,59,5,54,2
115596,64,11,53,2
115597,62,6,56,2
115598,50,6,44,2
115599,51,6,45,2
115600,54,1,53,2
115601,57,12,45,2
115602,66,8,58,2
115603,42,6,36,2
115604,46,13,33,2
115605,64,3,61,2
115606,45,6,39,2
115607,54,7,47,2
115608,56,7,49,2
115609,48,7,41,2
115610,46,3,43,2
115611,52,8,44,2
115612,52,8,44,2
115613,46,3,43,2
115614,53,10,43,2
115615,57,5,52,2
115616,38,8,30,2
115617,40,4,36,2
115618,58,6,52,2
115619,56,6,50,2
115620,59,5,54,2
115621,46,9,37,2
115622,58,4,54,2
115623,56,4,52,2
115624,45,3,42,2
115625,53,8,45,2
115626,54,3,51,2
115627,52,8,44,2
115628,65,10,55,2
115629,56,6,50,2
115630,72,17,55,2
115631,41,4,37,2
115632,57,6,51,2
115633,59,8,51,2
115634,42,7,35,2
115635,47,5,42,2
115636,54,3,51,2
115637,60,10,50,2
115638,65,7,58,2
115639,57,6,51,2
115640,66,9,57,2
115641,49,6,43,2
115642,43,6,37,2
115643,57,9,48,2
115644,54,10,44,2
115645,51,6,45,2
115646,63,9,54,2
115647,54,5,49,2
115648,49,7,42,2
115649,46,5,41,2
115650,58,8,50,2
115651,46,7,39,2
115652,62,9,53,2
115653,45,7,38,2
115654,54,6,48,2
115655,59,3,56,2
115656,58,14,44,2
115657,61,6,55,2
115658,49,4,45,2
115659,51,5,46,2
115660,55,6,49,2
115661,56,3,53,2
115662,52,5,47,2
115663,52,5,47,2
115664,64,8,56,2
115665,66,8,58,2
115666,52,6,46,2
115667,60,4,56,2
115668,47,3,44,2
115669,54,6,48,2
115670,57,5,52,2
115671,47,7,40,2
115672,55,6,49,2
115673,49,7,42,2
115674,47,5,42,2
115675,52,2,50,2
115676,54,10,44,2
115677,53,6,47,2
115678,54,7,47,2
115679,73,9,64,2
115680,64,10,54,2
115681,59,6,53,2
115682,44,4,40,2
115683,56,8,48,2
115684,56,8,48,2
115685,62,6,56,2
115686,41,1,40,2
115687,68,12,56,2
115688,66,6,60,2
115689,67,4,63,2
115690,71,12,59,2
115691,50,7,43,2
115692,49,4,45,2
115693,56,8,48,2
115694,43,2,41,2
115695,60,9,51,2
115696,58,7,51,2
115697,50,4,46,2
115698,62,7,55,2
115699,60,9,51,2
115700,61,4,57,2
115701,46,10,36,2
115702,63,10,53,2
115703,61,7,54,2
115704,68,5,63,2
115705,50,10,40,2
115706,55,4,51,2
115707,44,7,37,2
115708,53,7,46,2
115709,54,6,48,2
115710,51,7,44,2
115711,56,4,52,2
115712,64,9,55,2
115713,57,7,50,2
115714,56,5,51,2
115715,53,9,44,2
115716,55,8,47,2
115717,54,9,45,2
115718,40,7,33,2
115719,60,6,54,2
115720,66,8,58,2
115721,45,3,42,2
115722,43,6,37,2
115723,57,7,50,2
115724,52,6,46,2
115725,57,7,50,2
115726,51,9,42,2
115727,51,7,44,2
115728,50,4,46,2
115729,54,7,47,2
115730,38,3,35,2
115731,50,4,46,2
115732,63,9,54,2
115733,53,4,49,2
115734,61,7,54,2
115735,44,9,35,2
115736,60,6,54,2
115737,51,8,43,2
115738,58,4,54,2
115739,42,4,38,2
115740,63,14,49,2
115741,50,3,47,2
115742,49,8,41,2
115743,52,6,46,2
115744,63,3,60,2
115745,65,5,60,2
115746,54,5,49,2
115747,53,9,44,2
115748,51,5,46,2
115749,53,10,43,2
115750,53,4,49,2
115751,55,7,48,2
115752,65,10,55,2
115753,59,9,50,2
115754,56,5,51,2
115755,60,11,49,2
115756,59,7,52,2
115757,47,8,39,2
115758,50,11,39,2
115759,49,4,45,2
115760,58,10,48,2
115761,49,6,43,2
115762,49,2,47,2
115763,61,4,57,2
115764,59,13,46,2
115765,49,4,45,2
115766,50,7,43,2
115767,60,9,51,2
115768,58,5,53,2
115769,49,6,43,2
115770,43,5,38,2
115771,57,3,54,2
115772,48,3,45,2
115773,51,5,46,2
115774,55,9,46,2
115775,76,7,69,2
115776,58,9,49,2
115777,41,2,39,2
115778,44,5,39,2
115779,48,2,46,2
115780,65,8,57,2
115781,57,3,54,2
115782,48,5,43,2
115783,67,12,55,2
115784,60,7,53,2
115785,63,3,60,2
115786,48,8,40,2
115787,52,6,46,2
115788,46,7,39,2
115789,53,5,48,2
115790,58,7,51,2
115791,47,5,42,2
115792,56,11,45,2
115793,62,4,58,2
115794,73,15,58,2
115795,52,5,47,2
115796,54,10,44,2
115797,61,5,56,2
115798,54,1,53,2
115799,51,7,44,2
115800,51,8,43,2
115801,50,8,42,2
115802,48,6,42,2
115803,60,7,53,2
115804,47,6,41,2
115805,56,9,47,2
115806,56,11,45,2
115807,47,5,42,2
115808,54,6,48,2
115809,60,4,56,2
115810,51,9,42,2
115811,56,6,50,2
115812,54,8,46,2
115813,57,5,52,2
115814,52,5,47,2
115815,53,4,49,2
115816,45,6,39,2
115817,51,5,46,2
115818,58,8,50,2
115819,57,7,50,2
115820,54,9,45,2
115821,57,8,49,2
115822,58,5,53,2
115823,58,5,53,2
115824,49,7,42,2
115825,55,6,49,2
115826,67,4,63,2
115827,60,10,50,2
115828,52,8,44,2
115829,52,6,46,2
115830,46,3,43,2
115831,55,3,52,2
115832,45,11,34,2
115833,53,7,46,2
115834,46,3,43,2
115835,59,9,50,2
115836,56,3,53,2
115837,55,9,46,2
115838,46,9,37,2
115839,60,5,55,2
115840,64,10,54,2
115841,57,5,52,2
115842,70,5,65,2
115843,47,3,44,2
115844,59,8,51,2
115845,56,9,47,2
115846,57,6,51,2
115847,70,8,62,2
115848,55,7,48,2
115849,65,1,64,2
115850,54,4,50,2
115851,72,8,64,2
115852,52,5,47,2
115853,51,3,48,2
115854,47,5,42,2
115855,48,7,41,2
115856,46,6,40,2
115857,38,5,33,2
115858,70,8,62,2
115859,58,10,48,2
115860,56,13,43,2
115861,60,10,50,2
115862,62,7,55,2
115863,54,6,48,2
115864,50,4,46,2
115865,69,2,67,2
115866,53,6,47,2
115867,54,3,51,2
115868,62,8,54,2
115869,55,6,49,2
115870,57,9,48,2
115871,63,11,52,2
115872,54,8,46,2
115873,68,10,58,2
115874,61,7,54,2
115875,50,4,46,2
115876,46,4,42,2
115877,45,6,39,2
115878,60,7,53,2
115879,51,7,44,2
115880,68,6,62,2
115881,54,9,45,2
115882,65,8,57,2
115883,41,8,33,2
115884,47,5,42,2
115885,41,5,36,2
115886,50,6,44,2
115887,59,4,55,2
115889,52,5,47,2
115890,54,6,48,2
115891,60,12,48,2
115892,47,8,39,2
115893,66,9,57,2
115894,53,9,44,2
115895,46,1,45,2
115896,57,4,53,2
115897,66,6,60,2
115898,47,5,42,2
115899,61,5,56,2
115900,50,2,48,2
115901,60,11,49,2
115902,52,7,45,2
115903,57,7,50,2
115904,58,5,53,2
115905,54,7,47,2
115906,59,6,53,2
115907,59,6,53,2
115908,69,4,65,2
115909,58,6,52,2
115910,48,3,45,2
115911,55,6,49,2
115912,42,8,34,2
115913,55,5,50,2
115914,52,5,47,2
115915,45,6,39,2
115916,50,6,44,2
115917,43,2,41,2
115918,44,4,40,2
115919,58,7,51,2
115920,57,5,52,2
115921,55,5,50,2
115922,60,4,56,2
115923,45,5,40,2
115924,48,5,43,2
115925,55,7,48,2
115926,61,4,57,2
115927,42,7,35,2
115928,65,5,60,2
115929,55,6,49,2
115930,52,11,41,2
115931,67,7,60,2
115932,48,6,42,2
115933,62,8,54,2
115934,58,7,51,2
115935,66,11,55,2
115936,57,12,45,2
115937,63,12,51,2
115938,59,7,52,2
115939,55,8,47,2
115940,56,5,51,2
115941,51,5,46,2
115942,45,3,42,2
115943,57,8,49,2
115944,48,5,43,2
115945,54,5,49,2
115946,54,4,50,2
115947,56,4,52,2
115948,60,9,51,2
115949,38,4,34,2
115950,45,3,42,2
115951,72,13,59,2
115952,59,8,51,2
115953,57,7,50,2
115954,50,6,44,2
115955,64,5,59,2
115956,45,5,40,2
115957,57,6,51,2
115958,53,5,48,2
115959,52,2,50,2
115960,53,6,47,2
115961,60,5,55,2
115962,65,5,60,2
115963,39,2,37,2
115964,65,5,60,2
115965,60,6,54,2
115966,56,10,46,2
115967,52,4,48,2
115968,56,6,50,2
115969,52,4,48,2
115970,51,9,42,2
115971,59,11,48,2
115972,45,5,40,2
115973,53,4,49,2
115974,65,12,53,2
115975,56,7,49,2
115976,44,3,41,2
115977,63,7,56,2
115978,38,4,34,2
115979,50,11,39,2
115980,73,3,70,2
115981,54,6,48,2
115982,48,6,42,2
115983,47,6,41,2
115984,55,6,49,2
115985,49,6,43,2
115986,59,6,53,2
115987,53,7,46,2
115989,61,8,53,2
115990,58,8,50,2
115991,43,8,35,2
115992,44,5,39,2
115993,58,11,47,2
115994,49,6,43,2
115995,50,7,43,2
115996,51,7,44,2
115997,60,8,52,2
115998,67,7,60,2
115999,58,6,52,2
116000,59,8,51,2
116001,65,8,57,2
116002,61,6,55,2
116003,59,4,55,2
116004,53,7,46,2
116005,65,9,56,2
116006,50,4,46,2
116007,52,9,43,2
116008,63,4,59,2
116009,48,7,41,2
116010,54,8,46,2
116011,46,9,37,2
116012,58,7,51,2
116013,43,10,33,2
116014,56,7,49,2
116015,42,3,39,2
116016,68,11,57,2
116017,44,7,37,2
116018,47,6,41,2
116019,58,4,54,2
116020,59,7,52,2
116021,52,4,48,2
116022,47,4,43,2
116023,41,6,35,2
116024,54,6,48,2
116025,60,6,54,2
116026,55,7,48,2
116027,45,6,39,2
116028,53,7,46,2
116029,53,1,52,2
116030,49,8,41,2
116031,46,6,40,2
116032,60,11,49,2
116033,60,8,52,2
116034,75,6,69,2
116035,42,2,40,2
116036,52,7,45,2
116037,59,8,51,2
116038,49,11,38,2
116039,54,5,49,2
116040,52,4,48,2
116041,51,7,44,2
116042,54,5,49,2
116043,47,4,43,2
116044,46,2,44,2
116045,46,8,38,2
116046,58,10,48,2
116047,58,7,51,2
116048,51,5,46,2
116049,51,6,45,2
116050,51,6,45,2
116051,52,3,49,2
116052,54,5,49,2
116053,50,4,46,2
116054,50,9,41,2
116055,67,12,55,2
116056,51,12,39,2
116057,60,11,49,2
116058,58,9,49,2
116059,46,5,41,2
116060,57,6,51,2
116061,52,6,46,2
116062,64,12,52,2
116063,51,6,45,2
116064,42,5,37,2
116065,45,4,41,2
116066,71,6,65,2
116067,42,7,35,2
116068,43,7,36,2
116069,46,1,45,2
116070,69,7,62,2
116071,64,10,54,2
116072,76,8,68,2
116073,54,6,48,2
116074,64,6,58,2
116075,56,7,49,2
116076,2,1,1,2
116077,57,7,50,2
116078,70,4,66,2
116079,58,6,52,2
116080,53,7,46,2
116081,59,6,53,2
116082,41,3,38,2
116083,53,7,46,2
116084,49,5,44,2
116085,54,6,48,2
116086,55,4,51,2
116087,3,0,3,1
116088,48,8,40,2
116089,47,7,40,2
116090,52,11,41,2
116091,50,6,44,2
116092,58,4,54,2
116093,56,8,48,2
116094,65,11,54,2
116095,42,3,39,2
116096,50,3,47,2
116097,43,5,38,2
116098,50,7,43,2
116099,45,8,37,2
116100,71,5,66,2
116101,46,7,39,2
116102,46,3,43,2
116103,55,5,50,2
116104,65,6,59,2
116105,52,5,47,2
116106,41,5,36,2
116107,57,11,46,2
116108,60,11,49,2
116109,74,12,62,2
116110,55,7,48,2
116111,58,6,52,2
116112,59,7,52,2
116113,49,9,40,2
116114,53,6,47,2
116115,51,4,47,2
116116,41,4,37,2
116117,65,7,58,2
116118,60,6,54,2
116119,53,4,49,2
116120,56,10,46,2
116121,45,4,41,2
116122,53,7,46,2
116123,43,10,33,2
116124,60,6,54,2
116125,58,9,49,2
116126,71,3,68,2
116127,56,8,48,2
116128,57,10,47,2
116129,66,8,58,2
116130,50,3,47,2
116131,54,8,46,2
116132,49,4,45,2
116133,63,7,56,2
116134,53,4,49,2
116135,53,10,43,2
116136,46,5,41,2
116137,52,6,46,2
116138,56,10,46,2
116139,57,11,46,2
116140,55,4,51,2
116141,58,7,51,2
116142,40,7,33,2
116143,59,7,52,2
116144,72,9,63,2
116145,56,4,52,2
116146,45,4,41,2
116147,70,7,63,2
116148,46,4,42,2
116149,66,9,57,2
116150,61,9,52,2
116151,73,6,67,2
116152,55,10,45,2
116153,49,5,44,2
116154,58,5,53,2
116155,49,8,41,2
116156,48,7,41,2
116157,55,5,50,2
116158,47,3,44,2
116159,61,7,54,2
116160,64,6,58,2
116161,60,13,47,2
116162,49,3,46,2
116163,49,2,47,2
116164,62,9,53,2
116165,37,2,35,2
116166,44,6,38,2
116167,65,8,57,2
116168,52,5,47,2
116169,68,10,58,2
116170,51,6,45,2
116171,51,5,46,2
116172,52,2,50,2
116173,39,6,33,2
116174,49,4,45,2
116175,65,9,56,2
116176,59,7,52,2
116177,66,9,57,2
116178,51,7,44,2
116179,50,11,39,2
116180,50,4,46,2
116181,54,5,49,2
116182,54,3,51,2
116183,70,6,64,2
116184,57,8,49,2
116185,55,8,47,2
116186,51,7,44,2
116187,58,7,51,2
116188,52,5,47,2
116189,54,7,47,2
116190,54,8,46,2
116191,63,2,61,2
116192,63,6,57,2
116193,57,6,51,2
116194,53,5,48,2
116195,53,4,49,2
116196,60,8,52,2
116197,51,6,45,2
116198,48,9,39,2
116199,41,7,34,2
116200,75,10,65,2
116201,67,11,56,2
116202,57,9,48,2
116203,64,12,52,2
116204,42,1,41,2
116205,54,3,51,2
116206,55,4,51,2
116207,40,3,37,2
116208,67,2,65,2
116209,56,10,46,2
116210,54,7,47,2
116211,57,9,48,2
116212,46,6,40,2
116213,55,9,46,2
116214,65,10,55,2
116215,49,5,44,2
116216,51,6,45,2
116217,57,4,53,2
116218,63,5,58,2
116219,55,3,52,2
116220,43,6,37,2
116221,61,7,54,2
116222,58,7,51,2
116223,48,12,36,2
116224,49,4,45,2
116225,58,10,48,2
116226,59,1,58,2
116227,54,8,46,2
116228,68,11,57,2
116229,41,3,38,2
116230,49,5,44,2
116231,54,5,49,2
116232,43,2,41,2
116233,57,10,47,2
116234,49,5,44,2
116235,51,8,43,2
116236,44,4,40,2
116237,52,7,45,2
116238,53,10,43,2
116239,64,5,59,2
116240,55,4,51,2
116241,40,11,29,2
116242,66,5,61,2
116243,62,10,52,2
116244,43,3,40,2
116245,57,9,48,2
116246,66,9,57,2
116247,51,10,41,2
116248,54,3,51,2
116249,54,5,49,2
116250,50,9,41,2
116251,65,7,58,2
116252,40,1,39,2
116253,53,6,47,2
116254,49,9,40,2
116255,54,7,47,2
116256,59,6,53,2
116257,45,6,39,2
116258,63,8,55,2
116259,53,5,48,2
116260,57,4,53,2
116261,53,4,49,2
116262,52,7,45,2
116263,44,5,39,2
116264,53,12,41,2
116265,64,11,53,2
116266,44,6,38,2
116267,59,12,47,2
116268,64,6,58,2
116269,50,4,46,2
116270,54,7,47,2
116271,54,2,52,2
116272,49,6,43,2
116273,48,4,44,2
116274,59,3,56,2
116275,58,6,52,2
116276,67,14,53,2
116277,53,10,43,2
116278,54,10,44,2
116279,58,4,54,2
116280,69,8,61,2
116281,54,10,44,2
116282,57,4,53,2
116283,55,7,48,2
116284,71,13,58,2
116285,59,4,55,2
116286,59,4,55,2
116287,53,9,44,2
116288,64,10,54,2
116289,60,4,56,2
116290,45,4,41,2
116291,58,4,54,2
116292,56,11,45,2
116293,56,3,53,2
116294,63,4,59,2
116295,53,2,51,2
116296,57,6,51,2
116297,69,11,58,2
116298,52,7,45,2
116299,59,8,51,2
116300,64,13,51,2
116301,53,5,48,2
116302,49,6,43,2
116303,57,6,51,2
116304,66,7,59,2
116305,62,8,54,2
116306,50,5,45,2
116307,67,7,60,2
116308,49,8,41,2
116309,40,9,31,2
116310,51,4,47,2
116311,53,7,46,2
116312,49,6,43,2
116313,57,5,52,2
116314,71,3,68,2
116315,51,6,45,2
116316,48,4,44,2
116317,51,7,44,2
116318,53,4,49,2
116319,54,4,50,2
116320,45,5,40,2
116321,61,13,48,2
116322,53,4,49,2
116323,68,8,60,2
116324,46,6,40,2
116325,55,4,51,2
116326,53,7,46,2
116327,51,4,47,2
116328,56,7,49,2
116329,51,6,45,2
116330,61,5,56,2
116331,64,7,57,2
116332,51,11,40,2
116333,45,2,43,2
116334,71,7,64,2
116335,44,2,42,2
116336,53,7,46,2
116337,78,11,67,2
116338,55,5,50,2
116339,46,6,40,2
116340,47,3,44,2
116341,57,10,47,2
116342,51,1,50,2
116343,46,1,45,2
116344,64,11,53,2
116345,52,5,47,2
116346,52,2,50,2
116347,61,7,54,2
116348,61,8,53,2
116349,49,4,45,2
116350,58,4,54,2
116351,44,0,44,1
116352,58,15,43,2
116353,64,4,60,2
116354,66,7,59,2
116355,59,5,54,2
116356,57,5,52,2
116357,60,10,50,2
116358,56,9,47,2
116359,61,7,54,2
116360,57,8,49,2
116361,62,5,57,2
116362,49,8,41,2
116363,58,6,52,2
116364,65,9,56,2
116365,49,5,44,2
116366,58,5,53,2
116367,48,9,39,2
116368,57,10,47,2
116369,55,7,48,2
116370,51,7,44,2
116371,50,5,45,2
116372,48,4,44,2
116373,58,9,49,2
116374,51,4,47,2
116375,52,4,48,2
116376,52,7,45,2
116377,62,10,52,2
116378,60,11,49,2
116379,58,9,49,2
116380,59,8,51,2
116381,62,5,57,2
116382,61,7,54,2
116383,44,6,38,2
116384,53,7,46,2
116385,57,4,53,2
116386,40,4,36,2
116387,52,3,49,2
116388,54,8,46,2
116389,48,8,40,2
116390,51,3,48,2
116391,49,5,44,2
116392,58,9,49,2
116393,63,5,58,2
116394,52,5,47,2
116395,54,3,51,2
116396,52,11,41,2
116397,51,7,44,2
116398,63,6,57,2
116399,48,5,43,2
116400,50,4,46,2
116401,50,7,43,2
116402,52,7,45,2
116403,46,5,41,2
116404,64,5,59,2
116405,54,6,48,2
116406,56,2,54,2
116407,56,6,50,2
116408,48,4,44,2
116409,55,7,48,2
116410,45,2,43,2
116411,59,10,49,2
116412,49,9,40,2
116413,42,7,35,2
116414,60,6,54,2
116415,60,6,54,2
116416,56,6,50,2
116417,60,6,54,2
116418,51,9,42,2
116419,66,8,58,2
116420,64,3,61,2
116421,55,3,52,2
116422,53,10,43,2
116423,60,12,48,2
116424,54,7,47,2
116425,65,10,55,2
116426,62,9,53,2
116427,61,10,51,2
116428,64,10,54,2
116429,52,10,42,2
116430,54,13,41,2
116431,46,3,43,2
116432,58,6,52,2
116433,55,5,50,2
116434,63,8,55,2
116435,69,11,58,2
116436,59,5,54,2
116437,64,11,53,2
116438,57,8,49,2
116439,55,5,50,2
116440,41,4,37,2
116441,53,9,44,2
116442,59,5,54,2
116443,46,5,41,2
116444,66,3,63,2
116445,51,4,47,2
116446,49,4,45,2
116447,50,7,43,2
116448,79,9,70,2
116449,54,5,49,2
116450,69,11,58,2
116451,40,6,34,2
116452,49,7,42,2
116453,50,10,40,2
116454,55,6,49,2
116455,39,3,36,2
116456,47,7,40,2
116457,56,5,51,2
116458,44,5,39,2
116459,42,5,37,2
116460,50,6,44,2
116461,58,7,51,2
116462,67,11,56,2
116463,44,0,44,1
116464,48,6,42,2
116465,53,8,45,2
116466,45,4,41,2
116467,62,8,54,2
116468,58,10,48,2
116469,49,7,42,2
116470,53,5,48,2
116471,41,3,38,2
116472,49,4,45,2
116473,54,11,43,2
116474,48,7,41,2
116475,55,5,50,2
116476,57,7,50,2
116477,59,5,54,2
116478,51,9,42,2
116479,76,13,63,2
116480,53,10,43,2
116481,69,8,61,2
116482,56,6,50,2
116483,62,7,55,2
116484,52,7,45,2
116485,52,7,45,2
116486,49,4,45,2
116487,64,6,58,2
116488,57,12,45,2
116489,65,9,56,2
116490,61,7,54,2
116491,61,9,52,2
116492,42,3,39,2
116493,46,9,37,2
116494,49,3,46,2
116495,58,3,55,2
116496,62,7,55,2
116497,55,14,41,2
116498,79,12,67,2
116499,61,8,53,2
116500,53,3,50,2
116501,44,5,39,2
116502,51,5,46,2
116503,63,8,55,2
116504,52,5,47,2
116505,66,8,58,2
116506,53,6,47,2
116507,45,7,38,2
116508,53,7,46,2
116509,55,6,49,2
116510,55,10,45,2
116511,49,8,41,2
116512,46,6,40,2
116513,63,8,55,2
116514,54,9,45,2
116515,48,8,40,2
116516,52,8,44,2
116517,58,9,49,2
116518,61,4,57,2
116519,53,4,49,2
116520,46,3,43,2
116521,49,6,43,2
116522,50,7,43,2
116523,48,6,42,2
116524,58,9,49,2
116525,54,4,50,2
116526,64,6,58,2
116527,54,7,47,2
116528,50,7,43,2
116529,54,5,49,2
116530,59,9,50,2
116531,41,4,37,2
116532,61,8,53,2
116533,43,2,41,2
116534,70,5,65,2
116535,41,9,32,2
116536,64,5,59,2
116537,47,5,42,2
116538,67,8,59,2
116539,60,6,54,2
116540,66,7,59,2
116541,58,5,53,2
116542,48,3,45,2
116543,47,7,40,2
116544,46,5,41,2
116545,55,9,46,2
116546,65,9,56,2
116547,50,5,45,2
116548,43,5,38,2
116549,60,8,52,2
116550,49,8,41,2
116551,49,4,45,2
116552,52,8,44,2
116553,41,5,36,2
116554,60,8,52,2
116555,61,7,54,2
116556,50,4,46,2
116557,59,6,53,2
116558,40,7,33,2
116559,57,5,52,2
116560,49,8,41,2
116561,54,6,48,2
116562,37,4,33,2
116563,54,6,48,2
116564,59,10,49,2
116565,66,10,56,2
116566,41,5,36,2
116567,45,6,39,2
116568,62,10,52,2
116569,52,3,49,2
116570,55,5,50,2
116571,47,6,41,2
116572,45,5,40,2
116574,50,7,43,2
116575,70,7,63,2
116576,60,4,56,2
116577,46,6,40,2
116578,50,5,45,2
116579,48,5,43,2
116580,52,10,42,2
116581,43,5,38,2
116582,51,4,47,2
116583,61,12,49,2
116584,57,3,54,2
116585,58,10,48,2
116586,54,5,49,2
116587,65,7,58,2
116588,53,5,48,2
116589,73,8,65,2
116590,59,8,51,2
116591,41,4,37,2
116592,61,9,52,2
116593,52,5,47,2
116594,54,5,49,2
116595,59,4,55,2
116596,52,8,44,2
116597,42,6,36,2
116598,51,2,49,2
116599,61,10,51,2
116600,54,7,47,2
116601,67,5,62,2
116602,52,5,47,2
116603,47,7,40,2
116604,57,9,48,2
116605,44,8,36,2
116606,54,8,46,2
116607,55,5,50,2
116608,53,4,49,2
116609,60,6,54,2
116610,56,7,49,2
116611,47,6,41,2
116612,59,6,53,2
116613,54,10,44,2
116614,53,4,49,2
116615,53,10,43,2
116616,52,5,47,2
116617,58,7,51,2
116618,40,7,33,2
116619,57,3,54,2
116620,53,6,47,2
116621,65,4,61,2
116622,51,6,45,2
116623,54,5,49,2
116624,53,9,44,2
116625,55,7,48,2
116626,50,5,45,2
116627,48,5,43,2
116628,62,5,57,2
116629,47,7,40,2
116630,58,5,53,2
116631,57,6,51,2
116632,47,7,40,2
116633,54,10,44,2
116634,52,8,44,2
116635,51,7,44,2
116636,55,5,50,2
116637,39,7,32,2
116638,54,5,49,2
116639,63,2,61,2
116640,49,6,43,2
116641,50,6,44,2
116642,45,4,41,2
116643,45,3,42,2
116644,71,15,56,2
116645,48,2,46,2
116646,52,4,48,2
116647,56,6,50,2
116648,47,10,37,2
116649,51,3,48,2
116650,50,9,41,2
116651,44,5,39,2
116652,51,2,49,2
116653,62,15,47,2
116654,42,4,38,2
116655,51,4,47,2
116656,55,7,48,2
116657,47,7,40,2
116658,52,6,46,2
116659,49,8,41,2
116660,54,8,46,2
116661,41,6,35,2
116662,52,11,41,2
116663,46,2,44,2
116664,57,7,50,2
116665,61,9,52,2
116666,69,4,65,2
116667,54,7,47,2
116668,56,8,48,2
116669,70,11,59,2
116670,61,9,52,2
116671,43,8,35,2
116672,63,4,59,2
116673,46,10,36,2
116674,39,4,35,2
116675,53,7,46,2
116676,48,3,45,2
116677,51,2,49,2
116678,42,6,36,2
116679,54,10,44,2
116680,51,3,48,2
116681,49,8,41,2
116682,63,2,61,2
116683,56,8,48,2
116684,60,8,52,2
116685,48,4,44,2
116686,54,4,50,2
116687,47,4,43,2
116688,53,11,42,2
116689,58,6,52,2
116690,66,10,56,2
116691,54,7,47,2
116692,52,5,47,2
116693,60,4,56,2
116694,39,4,35,2
116695,54,5,49,2
116696,61,6,55,2
116697,59,6,53,2
116698,44,7,37,2
116699,47,7,40,2
116700,51,8,43,2
116701,43,6,37,2
116702,57,11,46,2
116703,57,14,43,2
116704,51,5,46,2
116705,47,2,45,2
116706,52,7,45,2
116707,48,3,45,2
116708,48,5,43,2
116709,52,5,47,2
116710,42,3,39,2
116711,55,9,46,2
116712,59,11,48,2
116713,50,6,44,2
116714,68,8,60,2
116715,58,4,54,2
116716,54,6,48,2
116717,57,6,51,2
116718,49,9,40,2
116719,49,6,43,2
116720,50,6,44,2
116721,68,7,61,2
116722,50,4,46,2
116723,46,6,40,2
116724,50,8,42,2
116725,50,8,42,2
116726,47,5,42,2
116727,72,11,61,2
116728,64,9,55,2
116729,49,5,44,2
116730,42,5,37,2
116731,55,3,52,2
116732,63,5,58,2
116733,64,12,52,2
116734,57,6,51,2
116735,57,9,48,2
116736,52,6,46,2
116737,61,7,54,2
116738,49,5,44,2
116739,55,3,52,2
116740,55,3,52,2
116742,56,8,48,2
116743,40,1,39,2
116744,60,8,52,2
116745,60,8,52,2
116746,57,6,51,2
116747,58,9,49,2
116748,49,5,44,2
116749,53,5,48,2
116750,41,4,37,2
116751,45,5,40,2
116752,56,4,52,2
116753,54,7,47,2
116754,56,4,52,2
116755,61,6,55,2
116756,47,9,38,2
116757,56,11,45,2
116758,45,2,43,2
116759,47,5,42,2
116760,56,6,50,2
116761,53,6,47,2
116762,56,7,49,2
116763,49,4,45,2
116764,42,7,35,2
116765,52,6,46,2
116766,58,2,56,2
116767,45,6,39,2
116768,54,8,46,2
116769,52,7,45,2
116770,54,7,47,2
116771,49,3,46,2
116772,63,7,56,2
116773,47,6,41,2
116774,54,11,43,2
116775,55,6,49,2
116776,45,3,42,2
116777,53,5,48,2
116778,53,7,46,2
116779,62,7,55,2
116780,56,4,52,2
116781,58,8,50,2
116782,44,5,39,2
116783,69,9,60,2
116784,56,11,45,2
116785,64,7,57,2
116786,61,8,53,2
116787,56,5,51,2
116788,55,6,49,2
116789,44,5,39,2
116790,55,7,48,2
116791,58,4,54,2
116792,54,5,49,2
116793,73,10,63,2
116794,64,4,60,2
116795,58,7,51,2
116796,52,4,48,2
116797,56,4,52,2
116798,54,8,46,2
116799,50,4,46,2
116800,50,7,43,2
116801,47,7,40,2
116803,71,11,60,2
116804,54,4,50,2
116805,46,4,42,2
116806,56,4,52,2
116807,59,10,49,2
116808,48,6,42,2
116809,52,3,49,2
116810,51,11,40,2
116811,45,3,42,2
116812,51,7,44,2
116813,75,10,65,2
116814,62,8,54,2
116815,46,3,43,2
116816,58,10,48,2
116817,62,7,55,2
116818,45,5,40,2
116819,58,3,55,2
116820,39,6,33,2
116821,52,4,48,2
116822,58,10,48,2
116823,57,8,49,2
116824,57,3,54,2
116825,64,7,57,2
116826,65,10,55,2
116827,59,6,53,2
116828,71,4,67,2
116829,53,6,47,2
116830,64,4,60,2
116831,61,6,55,2
116832,52,7,45,2
116833,61,5,56,2
116834,53,5,48,2
116835,66,10,56,2
116836,59,5,54,2
116837,57,6,51,2
116838,53,3,50,2
116839,66,9,57,2
116840,50,7,43,2
116841,46,5,41,2
116842,66,5,61,2
116843,51,8,43,2
116844,46,2,44,2
116845,56,7,49,2
116846,48,8,40,2
116847,58,6,52,2
116848,53,7,46,2
116849,50,9,41,2
116850,53,9,44,2
116851,43,3,40,2
116852,64,9,55,2
116853,44,4,40,2
116854,51,4,47,2
116855,63,3,60,2
116856,51,12,39,2
116857,52,5,47,2
116858,63,8,55,2
116859,39,5,34,2
116860,62,8,54,2
116861,55,4,51,2
116862,50,4,46,2
116863,56,5,51,2
116864,45,8,37,2
116865,61,8,53,2
116866,62,12,50,2
116867,56,9,47,2
116868,54,10,44,2
116869,65,10,55,2
116870,60,8,52,2
116871,40,6,34,2
116872,57,9,48,2
116873,41,6,35,2
116874,50,6,44,2
116875,54,7,47,2
116876,55,5,50,2
116877,59,4,55,2
116878,50,14,36,2
116879,57,8,49,2
116880,50,9,41,2
116881,54,8,46,2
116882,66,10,56,2
116883,47,7,40,2
116884,43,6,37,2
116885,51,6,45,2
116886,36,1,35,2
116887,39,3,36,2
116888,54,10,44,2
116889,48,8,40,2
116890,57,1,56,2
116891,43,10,33,2
116892,60,8,52,2
116893,48,11,37,2
116894,61,7,54,2
116895,62,8,54,2
116896,50,9,41,2
116897,55,6,49,2
116898,51,3,48,2
116899,50,5,45,2
116900,73,5,68,2
116901,47,4,43,2
116902,58,10,48,2
116903,67,9,58,2
116904,66,8,58,2
116905,47,6,41,2
116906,62,3,59,2
116907,52,3,49,2
116908,50,9,41,2
116909,59,7,52,2
116910,65,8,57,2
116911,52,5,47,2
116912,54,2,52,2
116913,73,7,66,2
116914,53,6,47,2
116915,58,7,51,2
116916,48,4,44,2
116917,52,5,47,2
116918,59,8,51,2
116919,46,5,41,2
116920,52,4,48,2
116921,65,8,57,2
116922,61,8,53,2
116923,55,10,45,2
116924,61,12,49,2
116925,43,4,39,2
116926,56,6,50,2
116927,58,7,51,2
116928,53,6,47,2
116929,52,3,49,2
116930,54,2,52,2
116931,66,4,62,2
116932,50,9,41,2
116933,50,8,42,2
116934,51,10,41,2
116935,49,6,43,2
116936,52,6,46,2
116937,58,9,49,2
116938,60,12,48,2
116939,53,8,45,2
116940,73,6,67,2
116941,52,6,46,2
116942,51,5,46,2
116943,46,6,40,2
116944,48,2,46,2
116945,51,3,48,2
116946,54,9,45,2
116947,54,6,48,2
116948,45,5,40,2
116949,56,9,47,2
116950,51,6,45,2
116951,43,7,36,2
116952,49,7,42,2
116953,63,6,57,2
116954,44,6,38,2
116955,59,8,51,2
116956,61,7,54,2
116957,54,9,45,2
116958,56,7,49,2
116959,52,7,45,2
116960,45,5,40,2
116961,50,5,45,2
116962,55,11,44,2
116963,52,4,48,2
116964,57,7,50,2
116965,50,6,44,2
116966,45,7,38,2
116967,66,5,61,2
116968,68,7,61,2
116969,48,13,35,2
116970,67,5,62,2
116971,45,8,37,2
116972,50,8,42,2
116973,57,8,49,2
116974,55,11,44,2
116975,52,5,47,2
116976,55,4,51,2
116977,48,7,41,2
116978,57,11,46,2
116979,51,7,44,2
116980,50,6,44,2
116981,38,6,32,2
116982,58,8,50,2
116983,51,8,43,2
116984,46,4,42,2
116985,54,4,50,2
116986,57,10,47,2
116987,71,5,66,2
116988,59,9,50,2
116989,56,7,49,2
116990,42,5,37,2
116991,59,8,51,2
116992,55,6,49,2
116993,56,4,52,2
116994,60,8,52,2
116995,59,7,52,2
116996,54,8,46,2
116997,57,4,53,2
116998,55,6,49,2
116999,52,5,47,2
117000,49,5,44,2
117001,63,10,53,2
117002,57,9,48,2
117003,66,7,59,2
117004,52,4,48,2
117005,57,7,50,2
117006,54,6,48,2
117007,56,7,49,2
117008,62,7,55,2
117009,68,7,61,2
117010,45,6,39,2
117011,58,6,52,2
117012,65,7,58,2
117013,58,7,51,2
117014,64,8,56,2
117015,56,4,52,2
117016,66,7,59,2
117017,49,5,44,2
117018,46,3,43,2
117019,43,6,37,2
117020,59,4,55,2
117021,56,6,50,2
117022,51,9,42,2
117023,49,6,43,2
117024,72,5,67,2
117025,56,10,46,2
117026,48,9,39,2
117027,57,8,49,2
117028,60,7,53,2
117029,44,7,37,2
117030,60,2,58,2
117031,46,6,40,2
117032,65,8,57,2
117033,60,7,53,2
117034,67,11,56,2
117035,50,7,43,2
117036,57,3,54,2
117037,63,9,54,2
117038,53,6,47,2
117039,45,11,34,2
117040,42,4,38,2
117041,59,5,54,2
117042,74,8,66,2
117043,45,4,41,2
117044,63,7,56,2
117045,50,7,43,2
117046,58,7,51,2
117047,66,3,63,2
117048,48,4,44,2
117049,51,10,41,2
117050,62,5,57,2
117051,52,5,47,2
117052,62,5,57,2
117053,45,4,41,2
117054,49,10,39,2
117055,57,8,49,2
117056,60,11,49,2
117057,64,8,56,2
117058,62,8,54,2
117059,62,7,55,2
117060,55,11,44,2
117061,50,2,48,2
117062,66,5,61,2
117063,45,6,39,2
117064,63,7,56,2
117065,55,6,49,2
117066,44,5,39,2
117067,47,4,43,2
117068,33,7,26,2
117069,54,4,50,2
117070,59,6,53,2
117071,60,3,57,2
117072,56,4,52,2
117073,55,3,52,2
117074,42,5,37,2
117075,61,5,56,2
117076,54,3,51,2
117077,55,6,49,2
117078,70,5,65,2
117079,57,4,53,2
117080,55,4,51,2
117081,44,8,36,2
117082,63,11,52,2
117083,66,7,59,2
117084,58,13,45,2
117085,55,4,51,2
117086,43,5,38,2
117087,48,11,37,2
117088,49,6,43,2
117089,53,4,49,2
117090,63,10,53,2
117091,51,7,44,2
117092,49,6,43,2
117093,55,10,45,2
117094,56,6,50,2
117095,50,6,44,2
117096,63,7,56,2
117097,62,7,55,2
117098,56,2,54,2
117099,55,5,50,2
117100,49,2,47,2
117101,52,1,51,2
117102,53,5,48,2
117103,60,7,53,2
117104,61,6,55,2
117105,61,7,54,2
117106,44,8,36,2
117107,61,11,50,2
117108,77,12,65,2
117109,51,7,44,2
117110,45,5,40,2
117111,62,8,54,2
117112,57,9,48,2
117113,65,8,57,2
117114,39,3,36,2
117115,56,7,49,2
117116,47,4,43,2
117117,69,11,58,2
117118,56,9,47,2
117119,46,8,38,2
117120,46,5,41,2
117121,47,4,43,2
117122,53,8,45,2
117123,50,5,45,2
117124,61,2,59,2
117125,57,6,51,2
117126,48,5,43,2
117127,54,7,47,2
117128,52,6,46,2
117129,67,9,58,2
117130,38,4,34,2
117131,60,8,52,2
117132,68,13,55,2
117133,65,11,54,2
117134,57,6,51,2
117135,52,6,46,2
117136,60,6,54,2
117137,63,8,55,2
117138,60,7,53,2
117139,54,4,50,2
117140,51,5,46,2
117141,63,9,54,2
117142,79,11,68,2
117143,50,7,43,2
117144,48,3,45,2
117145,43,3,40,2
117146,64,8,56,2
117147,55,2,53,2
117148,54,6,48,2
117149,58,5,53,2
117150,46,3,43,2
117151,53,6,47,2
117152,62,7,55,2
117153,53,6,47,2
117154,37,3,34,2
117155,54,7,47,2
117156,48,4,44,2
117157,41,7,34,2
117158,54,5,49,2
117159,68,7,61,2
117160,43,6,37,2
117161,57,9,48,2
117162,56,6,50,2
117163,55,10,45,2
117164,47,3,44,2
117165,49,8,41,2
117166,54,6,48,2
117167,60,6,54,2
117168,64,6,58,2
117169,43,4,39,2
117170,70,7,63,2
117171,53,4,49,2
117172,63,6,57,2
117173,56,6,50,2
117174,49,5,44,2
117175,46,6,40,2
117176,49,6,43,2
117177,57,6,51,2
117178,62,11,51,2
117179,51,12,39,2
117180,47,9,38,2
117181,57,6,51,2
117182,62,6,56,2
117183,49,7,42,2
117184,49,5,44,2
117185,52,8,44,2
117186,54,5,49,2
117187,51,4,47,2
117188,62,9,53,2
117189,54,8,46,2
117190,57,5,52,2
117191,60,6,54,2
117192,54,7,47,2
117193,41,7,34,2
117194,50,5,45,2
117195,49,5,44,2
117196,64,4,60,2
117197,45,4,41,2
117198,58,4,54,2
117199,46,9,37,2
117200,52,6,46,2
117201,56,7,49,2
117202,55,9,46,2
117203,58,4,54,2
117204,58,8,50,2
117205,62,10,52,2
117206,57,4,53,2
117207,59,6,53,2
117208,55,11,44,2
117209,51,4,47,2
117210,43,5,38,2
117211,45,3,42,2
117212,37,6,31,2
117213,53,6,47,2
117214,63,5,58,2
117215,50,9,41,2
117216,59,12,47,2
117217,62,13,49,2
117218,62,11,51,2
117219,37,8,29,2
117220,46,4,42,2
117221,54,6,48,2
117222,69,7,62,2
117223,56,4,52,2
117224,52,12,40,2
117225,43,3,40,2
117226,62,6,56,2
117227,65,10,55,2
117228,46,8,38,2
117229,54,7,47,2
117230,55,7,48,2
117231,65,5,60,2
117232,57,5,52,2
117233,61,8,53,2
117234,45,7,38,2
117235,55,7,48,2
117236,56,6,50,2
117237,50,12,38,2
117238,56,6,50,2
117239,46,7,39,2
117240,50,3,47,2
117241,59,5,54,2
117242,60,7,53,2
117243,54,6,48,2
117244,52,3,49,2
117245,51,5,46,2
117246,56,5,51,2
117247,38,2,36,2
117248,43,3,40,2
117249,61,4,57,2
117250,57,6,51,2
117251,50,10,40,2
117252,67,10,57,2
117253,46,6,40,2
117254,39,3,36,2
117255,56,5,51,2
117256,61,3,58,2
117257,56,5,51,2
117258,48,6,42,2
117259,59,4,55,2
117260,52,4,48,2
117261,55,8,47,2
117262,58,9,49,2
117263,51,8,43,2
117264,52,7,45,2
117265,67,5,62,2
117266,68,6,62,2
117267,60,10,50,2
117268,56,4,52,2
117269,49,4,45,2
117270,49,9,40,2
117271,58,5,53,2
117272,48,3,45,2
117273,63,8,55,2
117274,63,8,55,2
117275,54,7,47,2
117276,52,5,47,2
117277,75,12,63,2
117278,64,13,51,2
117279,50,6,44,2
117280,59,8,51,2
117281,65,4,61,2
117282,54,7,47,2
117283,35,7,28,2
117284,64,5,59,2
117285,35,5,30,2
117286,53,7,46,2
117287,53,3,50,2
117288,50,5,45,2
117289,62,5,57,2
117290,60,8,52,2
117291,59,6,53,2
117292,49,6,43,2
117293,53,9,44,2
117294,51,4,47,2
117295,59,5,54,2
117296,57,6,51,2
117297,70,6,64,2
117298,57,5,52,2
117299,57,6,51,2
117300,58,6,52,2
117301,61,4,57,2
117302,51,11,40,2
117303,48,3,45,2
117304,56,2,54,2
117305,68,8,60,2
117306,77,8,69,2
117307,58,4,54,2
117308,64,5,59,2
117309,58,5,53,2
117310,49,6,43,2
117311,60,12,48,2
117312,48,3,45,2
117313,52,13,39,2
117314,46,6,40,2
117315,47,6,41,2
117316,70,11,59,2
117317,54,7,47,2
117318,49,8,41,2
117319,57,6,51,2
117320,54,4,50,2
117321,57,8,49,2
117322,65,9,56,2
117323,61,9,52,2
117324,58,6,52,2
117325,36,6,30,2
117326,59,5,54,2
117327,61,4,57,2
117328,54,5,49,2
117329,46,7,39,2
117330,56,9,47,2
117331,58,7,51,2
117332,59,4,55,2
117333,66,9,57,2
117334,50,6,44,2
117335,52,5,47,2
117336,55,9,46,2
117337,48,4,44,2
117338,50,5,45,2
117339,58,5,53,2
117340,50,8,42,2
117341,53,8,45,2
117342,54,8,46,2
117343,70,13,57,2
117344,60,2,58,2
117345,51,3,48,2
117346,57,6,51,2
117347,48,5,43,2
117348,67,6,61,2
117349,60,4,56,2
117350,43,4,39,2
117351,68,3,65,2
117352,48,4,44,2
117353,63,13,50,2
117354,51,6,45,2
117355,66,9,57,2
117356,66,6,60,2
117357,61,11,50,2
117358,61,5,56,2
117359,56,6,50,2
117360,58,6,52,2
117361,47,4,43,2
117362,58,10,48,2
117363,52,4,48,2
117364,49,8,41,2
117365,44,6,38,2
117366,49,6,43,2
117367,48,4,44,2
117368,69,9,60,2
117369,49,8,41,2
117370,55,8,47,2
117371,45,5,40,2
117372,60,6,54,2
117373,70,11,59,2
117374,34,4,30,2
117375,62,10,52,2
117376,53,4,49,2
117377,49,6,43,2
117378,41,5,36,2
117379,44,5,39,2
117380,53,7,46,2
117381,49,8,41,2
117382,58,7,51,2
117383,54,3,51,2
117384,61,9,52,2
117385,69,10,59,2
117386,57,6,51,2
117387,54,5,49,2
117388,59,6,53,2
117389,53,1,52,2
117390,66,11,55,2
117391,74,7,67,2
117392,55,11,44,2
117393,53,7,46,2
117394,49,4,45,2
117395,57,6,51,2
117396,61,10,51,2
117397,52,3,49,2
117398,63,4,59,2
117399,53,3,50,2
117400,49,9,40,2
117401,49,9,40,2
117402,64,11,53,2
117403,58,6,52,2
117404,57,9,48,2
117405,61,7,54,2
117406,58,2,56,2
117407,60,8,52,2
117408,56,8,48,2
117409,51,6,45,2
117410,59,5,54,2
117411,46,9,37,2
117412,60,10,50,2
117413,50,6,44,2
117414,42,2,40,2
117415,44,7,37,2
117416,47,8,39,2
117417,69,6,63,2
117418,51,2,49,2
117419,43,3,40,2
117420,47,5,42,2
117421,70,12,58,2
117422,59,7,52,2
117423,62,5,57,2
117424,50,5,45,2
117425,50,7,43,2
117426,33,5,28,2
117427,52,11,41,2
117428,55,8,47,2
117429,49,5,44,2
117430,49,6,43,2
117431,55,9,46,2
117432,66,7,59,2
117433,60,9,51,2
117434,57,3,54,2
117435,57,4,53,2
117436,47,2,45,2
117437,60,7,53,2
117438,58,3,55,2
117439,61,7,54,2
117440,48,3,45,2
117441,50,5,45,2
117442,68,9,59,2
117443,42,4,38,2
117444,50,7,43,2
117445,65,4,61,2
117446,49,9,40,2
117447,50,4,46,2
117448,55,10,45,2
117449,48,5,43,2
117450,66,8,58,2
117451,63,11,52,2
117452,55,4,51,2
117453,45,5,40,2
117454,48,7,41,2
117455,53,4,49,2
117456,61,16,45,2
117457,60,9,51,2
117458,45,3,42,2
117459,57,8,49,2
117460,42,3,39,2
117461,70,5,65,2
117462,50,6,44,2
117463,44,9,35,2
117464,48,3,45,2
117465,50,6,44,2
117466,54,6,48,2
117467,47,3,44,2
117468,46,7,39,2
117469,49,5,44,2
117470,78,7,71,2
117471,62,6,56,2
117472,52,7,45,2
117473,54,4,50,2
117474,46,7,39,2
117475,61,12,49,2
117476,48,3,45,2
117477,52,10,42,2
117478,60,5,55,2
117479,46,3,43,2
117480,54,9,45,2
117481,50,6,44,2
117482,55,2,53,2
117483,51,8,43,2
117484,52,7,45,2
117485,62,6,56,2
117486,48,8,40,2
117487,57,10,47,2
117488,56,5,51,2
117489,58,7,51,2
117490,60,8,52,2
117491,59,10,49,2
117492,48,4,44,2
117493,56,7,49,2
117494,66,11,55,2
117495,38,2,36,2
117496,58,5,53,2
117497,57,6,51,2
117498,51,11,40,2
117499,48,5,43,2
117500,47,1,46,2
117501,52,4,48,2
117502,55,6,49,2
117503,31,4,27,2
117504,60,6,54,2
117505,53,3,50,2
117506,52,6,46,2
117507,62,8,54,2
117508,53,12,41,2
117509,58,5,53,2
117510,48,5,43,2
117511,45,4,41,2
117512,61,8,53,2
117513,49,3,46,2
117514,65,10,55,2
117515,51,5,46,2
117516,48,3,45,2
117517,49,6,43,2
117518,63,6,57,2
117519,61,9,52,2
117520,53,7,46,2
117521,47,6,41,2
117522,53,7,46,2
117523,65,12,53,2
117524,49,7,42,2
117525,53,11,42,2
117526,61,3,58,2
117527,50,7,43,2
117528,55,7,48,2
117529,62,10,52,2
117530,45,5,40,2
117531,68,7,61,2
117532,72,10,62,2
117533,60,6,54,2
117534,54,6,48,2
117535,55,7,48,2
117536,50,4,46,2
117537,53,6,47,2
117538,65,7,58,2
117539,56,7,49,2
117540,70,9,61,2
117541,45,5,40,2
117542,71,11,60,2
117543,70,11,59,2
117544,53,6,47,2
117545,42,2,40,2
117546,52,5,47,2
117547,58,6,52,2
117548,58,7,51,2
117549,66,7,59,2
117550,49,6,43,2
117551,51,4,47,2
117552,57,9,48,2
117553,52,6,46,2
117554,51,6,45,2
117555,55,4,51,2
117556,58,8,50,2
117557,53,5,48,2
117558,66,4,62,2
117559,56,4,52,2
117560,63,4,59,2
117561,48,5,43,2
117562,47,10,37,2
117563,71,9,62,2
117564,65,5,60,2
117565,43,4,39,2
117566,50,5,45,2
117567,52,7,45,2
117568,58,9,49,2
117569,54,6,48,2
117570,50,6,44,2
117571,51,3,48,2
117572,58,7,51,2
117573,59,7,52,2
117574,64,5,59,2
117575,48,7,41,2
117576,69,8,61,2
117577,66,5,61,2
117578,41,3,38,2
117579,49,6,43,2
117580,56,5,51,2
117581,53,8,45,2
117582,56,8,48,2
117583,63,10,53,2
117584,64,9,55,2
117585,62,5,57,2
117586,66,7,59,2
117587,59,8,51,2
117588,54,6,48,2
117589,49,13,36,2
117590,58,8,50,2
117591,65,5,60,2
117592,49,3,46,2
117593,51,4,47,2
117594,51,3,48,2
117595,65,7,58,2
117596,56,9,47,2
117597,59,11,48,2
117599,68,5,63,2
117600,48,9,39,2
117601,40,8,32,2
117602,45,7,38,2
117603,49,4,45,2
117604,70,10,60,2
117605,50,2,48,2
117606,54,3,51,2
117607,52,5,47,2
117608,52,8,44,2
117609,54,3,51,2
117610,51,11,40,2
117611,54,9,45,2
117612,44,3,41,2
117613,48,5,43,2
117614,52,5,47,2
117615,55,3,52,2
117616,53,6,47,2
117617,52,6,46,2
117618,56,7,49,2
117619,48,6,42,2
117620,61,7,54,2
117621,55,6,49,2
117622,60,8,52,2
117623,53,5,48,2
117624,48,4,44,2
117625,57,6,51,2
117626,53,3,50,2
117627,51,7,44,2
117628,65,10,55,2
117629,59,7,52,2
117630,54,5,49,2
117631,51,8,43,2
117632,64,7,57,2
117633,54,7,47,2
117634,59,7,52,2
117635,58,12,46,2
117636,56,3,53,2
117637,55,4,51,2
117638,57,6,51,2
117639,66,12,54,2
117640,47,7,40,2
117641,43,6,37,2
117642,55,4,51,2
117643,63,13,50,2
117644,62,8,54,2
117645,38,5,33,2
117646,38,3,35,2
117647,61,6,55,2
117648,56,5,51,2
117649,55,4,51,2
117650,61,9,52,2
117651,52,5,47,2
117652,73,8,65,2
117653,51,6,45,2
117654,55,4,51,2
117655,53,7,46,2
117656,56,9,47,2
117657,65,7,58,2
117658,48,10,38,2
117659,52,6,46,2
117660,63,8,55,2
117661,61,9,52,2
117662,46,9,37,2
117663,51,9,42,2
117664,78,12,66,2
117665,50,7,43,2
117666,59,10,49,2
117667,53,6,47,2
117668,62,7,55,2
117669,53,6,47,2
117670,56,4,52,2
117671,64,6,58,2
117672,57,3,54,2
117673,48,4,44,2
117674,53,5,48,2
117675,68,13,55,2
117676,49,4,45,2
117677,67,8,59,2
117678,62,6,56,2
117679,50,6,44,2
117680,52,6,46,2
117681,49,8,41,2
117682,50,7,43,2
117683,47,8,39,2
117684,48,8,40,2
117685,58,8,50,2
117686,61,15,46,2
117687,54,7,47,2
117688,43,4,39,2
117689,52,5,47,2
117690,53,2,51,2
117691,56,4,52,2
117692,47,8,39,2
117693,54,6,48,2
117694,48,7,41,2
117695,56,5,51,2
117696,55,11,44,2
117697,47,7,40,2
117698,65,5,60,2
117699,41,2,39,2
117700,56,9,47,2
117701,73,15,58,2
117702,68,3,65,2
117703,48,5,43,2
117704,40,7,33,2
117705,57,7,50,2
117706,56,8,48,2
117707,57,7,50,2
117708,39,1,38,2
117709,57,8,49,2
117710,61,12,49,2
117711,65,10,55,2
117712,58,5,53,2
117713,48,7,41,2
117714,55,10,45,2
117715,44,8,36,2
117716,59,8,51,2
117717,66,5,61,2
117718,48,4,44,2
117719,60,5,55,2
117720,57,5,52,2
117721,52,8,44,2
117722,59,7,52,2
117723,53,6,47,2
117724,58,6,52,2
117725,55,9,46,2
117726,63,4,59,2
117727,56,10,46,2
117728,47,5,42,2
117729,52,4,48,2
117730,54,6,48,2
117731,53,5,48,2
117732,63,10,53,2
117733,65,7,58,2
117734,59,8,51,2
117735,45,6,39,2
117736,52,6,46,2
117737,46,7,39,2
117738,60,6,54,2
117739,55,8,47,2
117740,54,5,49,2
117741,44,4,40,2
117742,53,7,46,2
117743,50,8,42,2
117744,62,9,53,2
117745,51,4,47,2
117746,55,11,44,2
117747,61,6,55,2
117748,56,7,49,2
117749,67,8,59,2
117750,52,6,46,2
117751,54,4,50,2
117752,63,9,54,2
117753,52,5,47,2
117754,67,7,60,2
117755,61,8,53,2
117756,48,4,44,2
117757,56,6,50,2
117758,40,6,34,2
117759,53,7,46,2
117760,47,8,39,2
117761,48,3,45,2
117762,58,6,52,2
117763,50,4,46,2
117764,55,7,48,2
117765,51,4,47,2
117766,67,8,59,2
117767,61,8,53,2
117768,59,6,53,2
117769,64,12,52,2
117770,62,9,53,2
117771,44,3,41,2
117772,62,6,56,2
117773,56,4,52,2
117774,49,4,45,2
117775,62,7,55,2
117776,58,3,55,2
117777,61,8,53,2
117778,64,11,53,2
117779,62,10,52,2
117780,42,4,38,2
117781,62,7,55,2
117782,60,11,49,2
117783,56,9,47,2
117784,59,8,51,2
117785,55,6,49,2
117786,57,4,53,2
117787,52,9,43,2
117788,62,3,59,2
117789,53,6,47,2
117790,56,2,54,2
117791,52,11,41,2
117792,43,4,39,2
117793,58,7,51,2
117794,67,12,55,2
117795,66,7,59,2
117796,52,7,45,2
117797,56,6,50,2
117798,58,10,48,2
117799,54,4,50,2
117800,62,7,55,2
117801,51,8,43,2
117802,56,6,50,2
117803,55,6,49,2
117804,64,8,56,2
117805,62,11,51,2
117806,69,11,58,2
117807,51,3,48,2
117808,50,2,48,2
117809,63,9,54,2
117810,60,8,52,2
117811,64,8,56,2
117812,57,8,49,2
117813,43,5,38,2
117814,63,4,59,2
117815,46,4,42,2
117816,48,1,47,2
117817,54,2,52,2
117818,60,9,51,2
117819,53,9,44,2
117820,66,9,57,2
117821,46,4,42,2
117822,57,5,52,2
117823,57,7,50,2
117824,61,10,51,2
117825,76,3,73,2
117826,64,8,56,2
117827,56,7,49,2
117828,60,8,52,2
117829,59,12,47,2
117830,55,6,49,2
117831,60,7,53,2
117832,48,7,41,2
117833,60,9,51,2
117834,59,5,54,2
117835,53,8,45,2
117836,51,5,46,2
117837,64,8,56,2
117838,61,7,54,2
117839,45,6,39,2
117840,57,7,50,2
117841,40,4,36,2
117842,60,4,56,2
117843,59,8,51,2
117844,69,12,57,2
117845,56,6,50,2
117846,56,3,53,2
117847,61,4,57,2
117848,51,4,47,2
117849,53,3,50,2
117850,50,5,45,2
117851,47,8,39,2
117852,53,6,47,2
117853,60,8,52,2
117854,53,5,48,2
117855,52,7,45,2
117856,45,5,40,2
117857,63,10,53,2
117858,45,4,41,2
117859,43,5,38,2
117860,46,5,41,2
117861,67,12,55,2
117862,65,9,56,2
117863,58,8,50,2
117864,52,7,45,2
117865,68,11,57,2
117866,55,5,50,2
117867,54,6,48,2
117868,55,4,51,2
117869,57,10,47,2
117870,51,8,43,2
117871,45,9,36,2
117872,63,9,54,2
117873,71,14,57,2
117874,74,5,69,2
117875,59,12,47,2
117876,48,7,41,2
117877,53,8,45,2
117878,44,6,38,2
117879,48,7,41,2
117880,52,11,41,2
117881,41,3,38,2
117882,57,9,48,2
117883,59,6,53,2
117884,61,12,49,2
117885,58,6,52,2
117886,58,11,47,2
117887,56,6,50,2
117888,55,6,49,2
117889,59,3,56,2
117890,53,7,46,2
117891,63,9,54,2
117892,71,6,65,2
117893,55,4,51,2
117894,60,4,56,2
117895,61,6,55,2
117896,43,9,34,2
117897,44,3,41,2
117898,49,4,45,2
117899,54,7,47,2
117900,56,7,49,2
117901,51,6,45,2
117902,46,6,40,2
117903,69,1,68,2
117904,64,7,57,2
117905,43,4,39,2
117906,51,8,43,2
117907,56,5,51,2
117908,58,7,51,2
117909,62,8,54,2
117910,62,8,54,2
117911,60,6,54,2
117912,51,6,45,2
117913,61,4,57,2
117914,54,4,50,2
117915,62,6,56,2
117916,72,4,68,2
117917,56,7,49,2
117918,58,6,52,2
117919,47,3,44,2
117920,53,10,43,2
117921,45,6,39,2
117922,54,11,43,2
117923,49,3,46,2
117924,64,9,55,2
117925,44,5,39,2
117926,46,4,42,2
117927,62,4,58,2
117928,56,7,49,2
117929,50,5,45,2
117930,61,7,54,2
117931,52,4,48,2
117932,60,9,51,2
117933,52,8,44,2
117934,55,8,47,2
117935,54,4,50,2
117936,48,5,43,2
117937,60,12,48,2
117938,40,6,34,2
117939,45,6,39,2
117940,59,8,51,2
117941,54,2,52,2
117942,57,5,52,2
117943,63,9,54,2
117944,51,5,46,2
117945,53,10,43,2
117946,40,6,34,2
117947,47,9,38,2
117948,53,6,47,2
117949,50,5,45,2
117950,43,6,37,2
117951,60,10,50,2
117952,52,7,45,2
117953,50,5,45,2
117954,48,8,40,2
117955,51,9,42,2
117956,55,6,49,2
117957,45,4,41,2
117958,55,5,50,2
117959,61,4,57,2
117960,52,6,46,2
117961,60,5,55,2
117962,53,8,45,2
117963,44,7,37,2
117964,61,6,55,2
117965,51,8,43,2
117966,51,8,43,2
117967,56,8,48,2
117968,41,4,37,2
117969,47,5,42,2
117970,67,8,59,2
117971,57,7,50,2
117972,45,9,36,2
117973,56,6,50,2
117974,62,11,51,2
117975,48,10,38,2
117976,66,12,54,2
117977,73,6,67,2
117978,55,8,47,2
117979,44,6,38,2
117980,56,4,52,2
117981,47,4,43,2
117982,42,4,38,2
117983,57,9,48,2
117984,58,8,50,2
117985,61,9,52,2
117986,56,8,48,2
117987,47,2,45,2
117988,52,8,44,2
117989,55,7,48,2
117990,71,11,60,2
117991,54,4,50,2
117992,56,9,47,2
117993,44,6,38,2
117994,54,8,46,2
117995,55,12,43,2
117996,46,9,37,2
117997,51,7,44,2
117998,54,6,48,2
117999,60,4,56,2
118000,48,6,42,2
118001,47,7,40,2
118002,50,4,46,2
118003,58,10,48,2
118004,53,6,47,2
118005,46,4,42,2
118006,52,7,45,2
118007,54,5,49,2
118008,49,6,43,2
118009,50,10,40,2
118010,55,4,51,2
118011,53,5,48,2
118012,51,5,46,2
118013,47,7,40,2
118014,63,6,57,2
118015,48,8,40,2
118016,55,7,48,2
118017,51,5,46,2
118018,49,4,45,2
118019,53,11,42,2
118020,50,6,44,2
118021,57,6,51,2
118022,58,5,53,2
118023,47,5,42,2
118024,52,12,40,2
118025,57,7,50,2
118026,53,8,45,2
118027,41,4,37,2
118028,49,4,45,2
118029,44,5,39,2
118030,47,3,44,2
118031,58,6,52,2
118032,51,4,47,2
118033,47,4,43,2
118034,57,8,49,2
118035,62,8,54,2
118036,48,4,44,2
118037,56,8,48,2
118038,63,12,51,2
118039,63,4,59,2
118040,54,6,48,2
118041,43,4,39,2
118042,45,11,34,2
118043,46,4,42,2
118044,52,5,47,2
118045,57,8,49,2
118046,57,8,49,2
118047,44,7,37,2
118048,67,4,63,2
118049,59,7,52,2
118050,57,6,51,2
118051,44,4,40,2
118052,54,11,43,2
118053,44,5,39,2
118054,61,9,52,2
118055,54,9,45,2
118056,54,8,46,2
118057,54,6,48,2
118058,50,8,42,2
118059,61,5,56,2
118060,70,10,60,2
118061,63,8,55,2
118062,47,10,37,2
118063,40,3,37,2
118064,65,11,54,2
118065,64,7,57,2
118066,57,12,45,2
118067,51,6,45,2
118068,51,7,44,2
118069,53,6,47,2
118070,50,7,43,2
118071,48,5,43,2
118072,49,6,43,2
118073,48,7,41,2
118074,47,5,42,2
118075,56,7,49,2
118076,42,2,40,2
118077,56,5,51,2
118078,50,8,42,2
118079,65,11,54,2
118080,61,9,52,2
118081,54,9,45,2
118082,49,6,43,2
118083,56,8,48,2
118084,49,5,44,2
118085,63,5,58,2
118086,66,9,57,2
118087,42,4,38,2
118088,49,5,44,2
118089,54,9,45,2
118090,51,4,47,2
118091,56,4,52,2
118092,61,4,57,2
118093,53,1,52,2
118094,56,8,48,2
118095,56,4,52,2
118096,56,8,48,2
118097,64,6,58,2
118098,49,5,44,2
118099,61,10,51,2
118100,52,7,45,2
118101,51,8,43,2
118102,29,1,28,2
118103,57,8,49,2
118104,54,6,48,2
118105,58,11,47,2
118106,70,8,62,2
118107,44,3,41,2
118108,51,4,47,2
118110,40,1,39,2
118111,49,6,43,2
118112,58,8,50,2
118113,63,4,59,2
118114,50,8,42,2
118115,57,4,53,2
118116,61,8,53,2
118117,56,5,51,2
118118,49,4,45,2
118119,64,7,57,2
118120,53,7,46,2
118121,63,4,59,2
118122,68,8,60,2
118123,54,6,48,2
118124,74,6,68,2
118125,64,7,57,2
118126,57,8,49,2
118127,56,5,51,2
118128,52,2,50,2
118129,56,3,53,2
118130,49,5,44,2
118131,67,9,58,2
118132,52,4,48,2
118133,48,5,43,2
118134,46,7,39,2
118135,47,4,43,2
118136,70,4,66,2
118137,59,4,55,2
118138,52,6,46,2
118139,56,4,52,2
118140,56,8,48,2
118141,62,5,57,2
118142,51,4,47,2
118143,60,9,51,2
118144,50,3,47,2
118145,54,7,47,2
118146,46,2,44,2
118147,50,7,43,2
118148,55,6,49,2
118149,42,4,38,2
118150,51,7,44,2
118151,52,5,47,2
118152,50,8,42,2
118153,52,7,45,2
118154,59,8,51,2
118155,51,9,42,2
118156,59,5,54,2
118157,58,13,45,2
118158,50,4,46,2
118159,47,2,45,2
118160,65,13,52,2
118161,43,4,39,2
118162,54,6,48,2
118163,51,9,42,2
118164,51,8,43,2
118165,59,8,51,2
118166,55,6,49,2
118167,61,7,54,2
118168,47,4,43,2
118169,48,3,45,2
118170,68,6,62,2
118171,56,10,46,2
118172,61,6,55,2
118173,63,5,58,2
118174,54,5,49,2
118175,68,7,61,2
118176,47,8,39,2
118177,59,4,55,2
118178,54,5,49,2
118179,56,7,49,2
118180,64,12,52,2
118181,52,2,50,2
118182,37,3,34,2
118183,48,8,40,2
118184,53,9,44,2
118185,51,9,42,2
118186,58,14,44,2
118187,57,5,52,2
118188,67,4,63,2
118189,58,4,54,2
118190,57,3,54,2
118191,63,7,56,2
118192,68,11,57,2
118193,58,6,52,2
118194,55,10,45,2
118195,59,4,55,2
118196,50,3,47,2
118197,65,11,54,2
118198,49,9,40,2
118199,52,6,46,2
118200,57,8,49,2
118201,48,5,43,2
118202,55,4,51,2
118203,57,6,51,2
118204,56,8,48,2
118205,53,4,49,2
118206,54,6,48,2
118207,49,7,42,2
118208,55,4,51,2
118209,55,6,49,2
118210,57,3,54,2
118211,55,5,50,2
118212,50,6,44,2
118213,60,8,52,2
118214,53,6,47,2
118215,52,6,46,2
118216,46,5,41,2
118217,68,3,65,2
118218,52,8,44,2
118219,37,4,33,2
118220,52,9,43,2
118221,57,6,51,2
118222,56,6,50,2
118223,60,3,57,2
118224,61,5,56,2
118225,69,6,63,2
118226,63,10,53,2
118227,64,6,58,2
118228,59,6,53,2
118229,60,8,52,2
118230,57,8,49,2
118231,56,8,48,2
118232,56,7,49,2
118233,56,8,48,2
118234,71,5,66,2
118235,51,4,47,2
118236,52,8,44,2
118237,44,2,42,2
118238,54,4,50,2
118239,62,13,49,2
118240,58,3,55,2
118241,55,9,46,2
118242,55,10,45,2
118243,53,6,47,2
118244,42,8,34,2
118245,62,10,52,2
118246,46,1,45,2
118247,62,8,54,2
118248,55,7,48,2
118249,52,3,49,2
118250,61,4,57,2
118251,47,4,43,2
118252,43,4,39,2
118253,45,5,40,2
118254,57,5,52,2
118255,56,6,50,2
118256,67,6,61,2
118257,53,8,45,2
118258,59,11,48,2
118259,57,5,52,2
118260,49,6,43,2
118261,56,13,43,2
118262,57,7,50,2
118263,54,11,43,2
118264,62,6,56,2
118265,64,5,59,2
118266,60,3,57,2
118267,50,7,43,2
118268,49,3,46,2
118269,65,4,61,2
118270,53,6,47,2
118271,64,6,58,2
118272,45,5,40,2
118273,48,7,41,2
118274,40,6,34,2
118275,51,6,45,2
118276,56,4,52,2
118277,60,5,55,2
118278,56,5,51,2
118279,56,5,51,2
118280,42,3,39,2
118281,49,4,45,2
118282,59,4,55,2
118283,62,5,57,2
118284,57,5,52,2
118285,48,3,45,2
118286,63,6,57,2
118287,60,8,52,2
118288,47,4,43,2
118289,48,5,43,2
118290,71,6,65,2
118291,53,6,47,2
118292,59,7,52,2
118293,39,5,34,2
118294,72,11,61,2
118295,57,6,51,2
118296,43,2,41,2
118297,58,7,51,2
118298,56,6,50,2
118299,54,3,51,2
118301,49,8,41,2
118302,54,6,48,2
118303,46,7,39,2
118304,53,8,45,2
118305,49,5,44,2
118306,48,7,41,2
118307,54,12,42,2
118308,53,7,46,2
118309,40,5,35,2
118310,55,6,49,2
118311,60,5,55,2
118312,52,8,44,2
118313,56,6,50,2
118314,50,7,43,2
118315,44,7,37,2
118316,62,8,54,2
118317,50,0,50,1
118318,64,8,56,2
118319,77,9,68,2
118320,56,10,46,2
118321,53,8,45,2
118322,53,11,42,2
118323,48,5,43,2
118324,49,8,41,2
118325,59,3,56,2
118326,62,5,57,2
118327,54,7,47,2
118328,44,3,41,2
118329,49,10,39,2
118330,52,4,48,2
118331,61,8,53,2
118332,53,5,48,2
118333,48,4,44,2
118334,44,10,34,2
118335,41,4,37,2
118336,57,9,48,2
118337,51,10,41,2
118338,55,6,49,2
118339,72,7,65,2
118340,47,8,39,2
118341,60,6,54,2
118342,54,6,48,2
118343,50,4,46,2
118344,47,7,40,2
118345,59,9,50,2
118346,61,3,58,2
118347,40,3,37,2
118348,65,10,55,2
118349,68,13,55,2
118350,50,7,43,2
118351,52,6,46,2
118352,44,9,35,2
118353,57,8,49,2
118354,56,6,50,2
118355,67,11,56,2
118356,56,7,49,2
118357,63,6,57,2
118358,44,7,37,2
118359,54,8,46,2
118360,55,10,45,2
118361,55,7,48,2
118362,61,11,50,2
118363,57,6,51,2
118364,51,11,40,2
118365,50,4,46,2
118366,45,2,43,2
118367,42,2,40,2
118368,53,4,49,2
118369,56,10,46,2
118370,48,7,41,2
118371,42,4,38,2
118372,60,4,56,2
118373,56,9,47,2
118374,71,10,61,2
118375,42,6,36,2
118376,55,5,50,2
118377,53,4,49,2
118378,57,10,47,2
118379,54,7,47,2
118380,52,3,49,2
118381,48,6,42,2
118382,61,4,57,2
118383,55,11,44,2
118384,49,11,38,2
118385,63,9,54,2
118386,55,5,50,2
118387,42,6,36,2
118388,54,8,46,2
118389,52,6,46,2
118390,53,7,46,2
118391,52,7,45,2
118392,55,3,52,2
118393,67,5,62,2
118394,65,6,59,2
118395,56,4,52,2
118396,58,6,52,2
118397,44,6,38,2
118398,58,4,54,2
118399,48,9,39,2
118400,50,2,48,2
118401,51,4,47,2
118402,42,6,36,2
118403,68,7,61,2
118404,57,7,50,2
118405,43,4,39,2
118406,56,11,45,2
118407,61,4,57,2
118408,68,7,61,2
118409,50,8,42,2
118410,50,5,45,2
118411,67,3,64,2
118412,41,5,36,2
118413,61,6,55,2
118414,63,13,50,2
118415,50,3,47,2
118416,61,7,54,2
118417,66,12,54,2
118418,52,10,42,2
118419,58,9,49,2
118420,62,10,52,2
118421,51,5,46,2
118422,48,7,41,2
118423,69,8,61,2
118424,46,5,41,2
118425,41,7,34,2
118426,49,8,41,2
118427,47,12,35,2
118428,49,4,45,2
118429,61,6,55,2
118430,56,7,49,2
118431,48,3,45,2
118432,54,5,49,2
118433,55,8,47,2
118434,48,1,47,2
118435,61,6,55,2
118436,58,8,50,2
118437,44,7,37,2
118438,53,8,45,2
118439,64,6,58,2
118440,53,9,44,2
118441,64,5,59,2
118442,53,6,47,2
118443,64,8,56,2
118444,53,6,47,2
118445,41,5,36,2
118446,50,6,44,2
118447,60,5,55,2
118448,43,4,39,2
118449,49,4,45,2
118450,49,5,44,2
118451,46,5,41,2
118452,48,8,40,2
118453,54,5,49,2
118454,39,5,34,2
118455,53,7,46,2
118456,59,8,51,2
118457,63,6,57,2
118458,64,4,60,2
118459,55,7,48,2
118460,47,8,39,2
118461,61,7,54,2
118462,61,6,55,2
118463,57,11,46,2
118464,47,8,39,2
118465,57,5,52,2
118466,52,7,45,2
118467,61,10,51,2
118468,53,8,45,2
118469,61,4,57,2
118470,43,4,39,2
118471,68,6,62,2
118472,71,7,64,2
118473,49,6,43,2
118474,53,3,50,2
118475,48,3,45,2
118476,55,4,51,2
118477,66,8,58,2
118478,66,3,63,2
118479,66,7,59,2
118480,52,6,46,2
118481,63,11,52,2
118482,52,7,45,2
118483,69,3,66,2
118484,54,6,48,2
118485,73,6,67,2
118486,43,3,40,2
118487,62,8,54,2
118488,51,4,47,2
118489,51,6,45,2
118490,55,5,50,2
118491,52,5,47,2
118492,41,5,36,2
118493,49,8,41,2
118494,64,5,59,2
118495,53,6,47,2
118496,49,6,43,2
118497,67,9,58,2
118498,48,5,43,2
118499,40,5,35,2
118500,56,6,50,2
118501,64,5,59,2
118502,62,7,55,2
118503,51,9,42,2
118504,61,11,50,2
118505,55,4,51,2
118506,47,3,44,2
118507,45,6,39,2
118508,53,5,48,2
118509,57,7,50,2
118510,60,10,50,2
118511,47,5,42,2
118512,70,10,60,2
118513,48,7,41,2
118514,47,7,40,2
118515,60,8,52,2
118516,71,10,61,2
118517,75,9,66,2
118518,50,6,44,2
118519,59,8,51,2
118520,58,6,52,2
118521,70,7,63,2
118522,61,10,51,2
118523,49,9,40,2
118524,62,6,56,2
118525,58,5,53,2
118526,47,7,40,2
118527,48,4,44,2
118528,61,6,55,2
118529,53,3,50,2
118530,54,7,47,2
118531,47,4,43,2
118532,52,4,48,2
118533,62,10,52,2
118534,63,8,55,2
118535,49,9,40,2
118536,50,2,48,2
118537,61,9,52,2
118538,62,6,56,2
118539,51,7,44,2
118540,64,9,55,2
118541,50,5,45,2
118542,48,2,46,2
118543,51,9,42,2
118544,51,9,42,2
118545,58,4,54,2
118546,51,6,45,2
118547,48,10,38,2
118548,48,4,44,2
118549,65,5,60,2
118550,50,8,42,2
118551,61,10,51,2
118552,60,8,52,2
118553,46,8,38,2
118554,50,10,40,2
118555,38,5,33,2
118556,58,10,48,2
118557,60,12,48,2
118558,54,6,48,2
118559,55,4,51,2
118560,54,10,44,2
118561,53,6,47,2
118562,51,8,43,2
118563,69,9,60,2
118564,58,6,52,2
118565,47,5,42,2
118566,58,9,49,2
118567,50,7,43,2
118568,42,5,37,2
118569,54,5,49,2
118570,57,5,52,2
118571,51,7,44,2
118572,56,2,54,2
118573,45,4,41,2
118574,50,7,43,2
118575,49,7,42,2
118576,46,6,40,2
118577,60,7,53,2
118578,48,5,43,2
118579,63,7,56,2
118580,57,10,47,2
118581,58,8,50,2
118582,57,7,50,2
118583,57,6,51,2
118584,47,7,40,2
118585,63,9,54,2
118586,61,4,57,2
118587,58,8,50,2
118588,56,9,47,2
118589,58,9,49,2
118590,50,4,46,2
118591,55,8,47,2
118592,56,3,53,2
118593,59,7,52,2
118594,47,3,44,2
118595,58,10,48,2
118596,75,11,64,2
118597,65,11,54,2
118598,54,6,48,2
118599,64,5,59,2
118600,55,3,52,2
118601,60,3,57,2
118602,42,6,36,2
118603,48,4,44,2
118604,66,10,56,2
118605,48,7,41,2
118606,55,1,54,2
118607,52,3,49,2
118608,52,6,46,2
118609,58,8,50,2
118610,71,7,64,2
118611,56,6,50,2
118612,63,5,58,2
118613,50,2,48,2
118614,56,9,47,2
118615,51,6,45,2
118616,66,11,55,2
118617,56,4,52,2
118618,51,8,43,2
118619,46,10,36,2
118620,52,8,44,2
118621,50,5,45,2
118622,55,4,51,2
118623,53,7,46,2
118624,46,6,40,2
118625,46,7,39,2
118626,52,5,47,2
118627,57,5,52,2
118628,55,10,45,2
118629,65,7,58,2
118630,60,1,59,2
118631,45,6,39,2
118632,59,8,51,2
118633,56,9,47,2
118634,55,6,49,2
118635,65,13,52,2
118636,71,11,60,2
118637,59,5,54,2
118638,52,5,47,2
118639,52,4,48,2
118640,43,3,40,2
118641,55,6,49,2
118642,51,7,44,2
118643,50,8,42,2
118644,56,8,48,2
118645,45,9,36,2
118646,64,6,58,2
118647,63,9,54,2
118648,50,3,47,2
118649,52,4,48,2
118650,61,9,52,2
118651,53,10,43,2
118652,55,10,45,2
118653,59,4,55,2
118654,60,8,52,2
118655,63,11,52,2
118656,60,6,54,2
118657,52,5,47,2
118658,51,6,45,2
118659,49,8,41,2
118660,60,6,54,2
118661,61,9,52,2
118662,55,5,50,2
118663,59,4,55,2
118664,63,5,58,2
118665,66,10,56,2
118666,54,7,47,2
118667,47,6,41,2
118668,49,3,46,2
118669,51,5,46,2
118670,48,4,44,2
118671,53,8,45,2
118672,50,5,45,2
118673,50,5,45,2
118674,61,5,56,2
118675,51,2,49,2
118676,62,5,57,2
118677,48,3,45,2
118678,60,7,53,2
118679,43,5,38,2
118680,53,6,47,2
118681,67,6,61,2
118682,44,8,36,2
118683,44,8,36,2
118684,57,8,49,2
118685,67,8,59,2
118686,60,5,55,2
118687,50,8,42,2
118688,41,6,35,2
118689,57,13,44,2
118690,67,9,58,2
118691,51,5,46,2
118692,56,4,52,2
118693,57,3,54,2
118694,54,10,44,2
118695,53,9,44,2
118696,54,3,51,2
118697,59,8,51,2
118698,47,5,42,2
118699,47,4,43,2
118700,45,4,41,2
118701,61,6,55,2
118702,51,9,42,2
118703,53,5,48,2
118704,64,11,53,2
118705,66,5,61,2
118706,55,8,47,2
118707,51,8,43,2
118708,55,6,49,2
118709,51,7,44,2
118710,44,4,40,2
118711,47,8,39,2
118712,35,3,32,2
118713,55,4,51,2
118714,61,3,58,2
118715,56,5,51,2
118716,60,6,54,2
118717,51,2,49,2
118718,55,7,48,2
118719,56,10,46,2
118720,55,4,51,2
118721,63,6,57,2
118722,50,6,44,2
118723,67,10,57,2
118724,52,5,47,2
118725,56,3,53,2
118726,41,2,39,2
118727,55,6,49,2
118728,47,7,40,2
118729,54,2,52,2
118730,43,2,41,2
118731,59,3,56,2
118732,43,6,37,2
118733,43,5,38,2
118734,50,6,44,2
118735,55,5,50,2
118736,43,3,40,2
118737,49,8,41,2
118738,59,4,55,2
118739,57,7,50,2
118740,51,8,43,2
118741,48,4,44,2
118742,53,7,46,2
118743,46,5,41,2
118744,67,7,60,2
118745,48,4,44,2
118746,38,3,35,2
118747,63,6,57,2
118748,54,6,48,2
118749,60,7,53,2
118750,55,6,49,2
118751,64,7,57,2
118752,56,4,52,2
118753,60,10,50,2
118754,64,7,57,2
118755,58,8,50,2
118756,67,11,56,2
118757,55,10,45,2
118758,55,8,47,2
118759,67,9,58,2
118760,63,4,59,2
118761,49,5,44,2
118762,62,4,58,2
118763,54,8,46,2
118764,59,7,52,2
118765,44,4,40,2
118766,56,9,47,2
118767,51,5,46,2
118768,58,7,51,2
118769,52,5,47,2
118770,52,10,42,2
118771,51,6,45,2
118772,42,5,37,2
118773,48,7,41,2
118774,55,3,52,2
118775,43,5,38,2
118776,53,7,46,2
118777,51,3,48,2
118778,62,10,52,2
118779,42,3,39,2
118780,45,2,43,2
118781,61,7,54,2
118782,65,7,58,2
118783,49,6,43,2
118784,53,7,46,2
118785,56,9,47,2
118786,57,6,51,2
118787,49,4,45,2
118788,44,8,36,2
118789,57,7,50,2
118790,59,9,50,2
118791,55,5,50,2
118792,62,12,50,2
118793,50,10,40,2
118794,46,5,41,2
118795,52,4,48,2
118796,60,7,53,2
118797,69,5,64,2
118798,62,11,51,2
118799,55,4,51,2
118800,50,6,44,2
118801,53,6,47,2
118802,55,9,46,2
118803,51,4,47,2
118804,47,8,39,2
118805,65,13,52,2
118806,47,5,42,2
118807,48,5,43,2
118808,65,6,59,2
118809,54,4,50,2
118810,54,6,48,2
118811,62,7,55,2
118812,53,7,46,2
118813,57,6,51,2
118814,55,6,49,2
118815,59,9,50,2
118816,53,5,48,2
118817,62,7,55,2
118818,67,9,58,2
118819,52,11,41,2
118820,50,8,42,2
118821,41,7,34,2
118822,62,7,55,2
118823,59,7,52,2
118824,55,4,51,2
118825,60,7,53,2
118826,51,7,44,2
118827,43,6,37,2
118828,47,4,43,2
118829,58,4,54,2
118830,49,6,43,2
118831,57,5,52,2
118832,61,9,52,2
118833,65,11,54,2
118834,51,5,46,2
118835,65,10,55,2
118836,68,8,60,2
118837,56,5,51,2
118838,61,7,54,2
118839,74,9,65,2
118840,50,4,46,2
118841,52,6,46,2
118842,54,3,51,2
118843,54,10,44,2
118844,60,9,51,2
118845,51,8,43,2
118846,51,5,46,2
118847,50,5,45,2
118848,65,3,62,2
118849,50,4,46,2
118850,49,7,42,2
118851,43,3,40,2
118852,43,5,38,2
118853,66,7,59,2
118854,60,3,57,2
118855,56,2,54,2
118856,61,7,54,2
118857,48,4,44,2
118858,71,8,63,2
118859,56,5,51,2
118860,48,5,43,2
118861,57,10,47,2
118862,68,7,61,2
118863,65,9,56,2
118864,56,6,50,2
118865,70,7,63,2
118866,58,8,50,2
118867,48,8,40,2
118868,48,7,41,2
118869,47,7,40,2
118870,56,4,52,2
118871,66,6,60,2
118872,53,4,49,2
118873,46,9,37,2
118874,50,3,47,2
118875,65,8,57,2
118876,45,6,39,2
118877,64,10,54,2
118878,63,4,59,2
118879,64,8,56,2
118880,50,6,44,2
118881,43,1,42,2
118882,59,4,55,2
118883,56,6,50,2
118884,50,6,44,2
118885,50,8,42,2
118886,49,7,42,2
118887,55,11,44,2
118888,46,3,43,2
118889,53,8,45,2
118890,59,7,52,2
118891,49,3,46,2
118892,58,8,50,2
118893,59,9,50,2
118894,44,6,38,2
118895,58,9,49,2
118896,49,7,42,2
118897,50,8,42,2
118898,44,5,39,2
118899,55,8,47,2
118900,49,11,38,2
118901,49,3,46,2
118902,64,9,55,2
118903,40,4,36,2
118904,47,6,41,2
118905,49,7,42,2
118906,61,9,52,2
118907,50,9,41,2
118908,49,8,41,2
118909,65,9,56,2
118910,56,9,47,2
118911,52,11,41,2
118912,55,7,48,2
118913,42,5,37,2
118914,56,10,46,2
118915,38,4,34,2
118916,45,5,40,2
118917,47,3,44,2
118918,50,6,44,2
118919,46,2,44,2
118920,58,4,54,2
118921,49,6,43,2
118922,52,5,47,2
118923,58,5,53,2
118924,68,7,61,2
118925,62,9,53,2
118926,63,6,57,2
118927,69,8,61,2
118928,52,10,42,2
118929,58,4,54,2
118931,51,1,50,2
118932,50,5,45,2
118933,60,11,49,2
118934,54,6,48,2
118935,62,4,58,2
118936,61,7,54,2
118937,43,4,39,2
118938,65,10,55,2
118939,54,7,47,2
118940,52,8,44,2
118941,50,8,42,2
118942,48,7,41,2
118943,50,5,45,2
118944,53,8,45,2
118945,55,7,48,2
118946,54,5,49,2
118947,54,3,51,2
118948,47,7,40,2
118949,51,12,39,2
118950,52,6,46,2
118951,65,6,59,2
118952,54,7,47,2
118953,47,7,40,2
118954,58,6,52,2
118955,47,7,40,2
118956,54,3,51,2
118957,64,6,58,2
118958,60,8,52,2
118959,53,7,46,2
118960,47,4,43,2
118961,59,9,50,2
118962,55,8,47,2
118963,73,12,61,2
118964,60,11,49,2
118965,57,8,49,2
118966,57,3,54,2
118967,62,7,55,2
118968,63,6,57,2
118969,52,6,46,2
118970,57,9,48,2
118971,54,4,50,2
118972,59,6,53,2
118973,54,7,47,2
118974,54,6,48,2
118975,46,4,42,2
118976,50,4,46,2
118977,49,4,45,2
118978,53,8,45,2
118979,54,7,47,2
118980,53,4,49,2
118981,46,6,40,2
118982,61,13,48,2
118983,51,6,45,2
118984,49,5,44,2
118985,48,4,44,2
118986,56,4,52,2
118987,62,7,55,2
118988,63,10,53,2
118989,65,9,56,2
118990,66,5,61,2
118991,50,2,48,2
118992,50,7,43,2
118993,57,6,51,2
118994,44,5,39,2
118995,60,12,48,2
118996,58,2,56,2
118997,58,6,52,2
118998,59,9,50,2
118999,51,5,46,2
119000,58,5,53,2
119001,60,7,53,2
119002,63,10,53,2
119003,58,10,48,2
119004,56,10,46,2
119005,51,11,40,2
119006,48,4,44,2
119007,53,7,46,2
119008,59,1,58,2
119009,66,6,60,2
119010,45,7,38,2
119011,43,6,37,2
119012,54,6,48,2
119013,47,5,42,2
119014,42,7,35,2
119015,60,4,56,2
119016,56,5,51,2
119017,55,9,46,2
119018,58,4,54,2
119019,62,7,55,2
119020,44,2,42,2
119021,51,2,49,2
119022,73,10,63,2
119023,40,3,37,2
119024,68,10,58,2
119025,51,8,43,2
119026,52,4,48,2
119027,55,7,48,2
119028,68,9,59,2
119029,68,7,61,2
119030,66,6,60,2
119031,43,4,39,2
119032,61,11,50,2
119033,56,7,49,2
119034,58,8,50,2
119035,61,10,51,2
119036,59,9,50,2
119037,43,7,36,2
119038,46,5,41,2
119039,55,5,50,2
119040,63,7,56,2
119041,57,9,48,2
119042,64,8,56,2
119043,57,5,52,2
119044,68,10,58,2
119045,51,6,45,2
119046,55,10,45,2
119047,53,10,43,2
119048,58,6,52,2
119049,57,9,48,2
119050,60,11,49,2
119051,51,7,44,2
119052,51,5,46,2
119053,48,6,42,2
119054,52,5,47,2
119055,61,6,55,2
119056,49,4,45,2
119057,65,7,58,2
119058,53,2,51,2
119059,53,11,42,2
119060,41,5,36,2
119061,51,5,46,2
119062,50,6,44,2
119063,68,8,60,2
119064,50,6,44,2
119065,45,8,37,2
119066,58,5,53,2
119067,52,9,43,2
119068,46,3,43,2
119069,50,6,44,2
119070,46,6,40,2
119071,54,5,49,2
119072,45,7,38,2
119073,44,6,38,2
119074,63,8,55,2
119075,70,8,62,2
119076,47,7,40,2
119077,66,8,58,2
119078,53,5,48,2
119079,50,5,45,2
119080,58,13,45,2
119081,60,7,53,2
119082,58,9,49,2
119083,60,9,51,2
119084,52,3,49,2
119085,63,5,58,2
119086,51,6,45,2
119087,59,8,51,2
119088,62,3,59,2
119089,49,3,46,2
119090,50,7,43,2
119091,53,6,47,2
119092,50,5,45,2
119093,60,7,53,2
119094,53,5,48,2
119095,59,9,50,2
119096,63,8,55,2
119097,49,7,42,2
119098,50,7,43,2
119099,64,6,58,2
119100,51,5,46,2
119101,56,5,51,2
119102,63,8,55,2
119103,60,8,52,2
119104,61,12,49,2
119105,59,11,48,2
119106,58,5,53,2
119107,67,10,57,2
119108,37,3,34,2
119109,56,5,51,2
119110,71,7,64,2
119111,50,7,43,2
119112,75,10,65,2
119113,46,6,40,2
119114,47,6,41,2
119115,48,5,43,2
119116,41,8,33,2
119117,54,9,45,2
119118,56,9,47,2
119119,67,6,61,2
119120,56,10,46,2
119121,54,7,47,2
119122,55,5,50,2
119123,58,6,52,2
119124,61,5,56,2
119125,60,9,51,2
119126,46,6,40,2
119127,46,5,41,2
119128,53,5,48,2
119129,62,5,57,2
119130,53,4,49,2
119131,68,15,53,2
119132,64,8,56,2
119133,61,7,54,2
119134,54,7,47,2
119135,56,6,50,2
119136,51,8,43,2
119137,43,10,33,2
119138,48,10,38,2
119139,68,7,61,2
119140,54,6,48,2
119141,53,9,44,2
119142,56,9,47,2
119143,51,7,44,2
119144,47,4,43,2
119145,57,7,50,2
119146,72,12,60,2
119147,61,7,54,2
119148,55,8,47,2
119149,57,6,51,2
119150,63,6,57,2
119151,51,7,44,2
119152,57,7,50,2
119153,50,6,44,2
119154,42,5,37,2
119155,48,3,45,2
119156,43,5,38,2
119157,59,6,53,2
119158,71,14,57,2
119159,46,6,40,2
119160,62,10,52,2
119161,54,7,47,2
119162,46,5,41,2
119163,51,5,46,2
119164,54,6,48,2
119165,57,3,54,2
119166,43,5,38,2
119167,55,6,49,2
119168,58,6,52,2
119169,56,8,48,2
119170,44,3,41,2
119171,51,7,44,2
119172,43,4,39,2
119173,67,9,58,2
119174,68,7,61,2
119175,67,7,60,2
119176,52,5,47,2
119177,58,6,52,2
119178,55,3,52,2
119179,44,3,41,2
119180,53,11,42,2
119181,42,4,38,2
119182,50,4,46,2
119183,53,7,46,2
119184,55,5,50,2
119185,51,8,43,2
119186,50,4,46,2
119187,56,5,51,2
119188,53,3,50,2
119189,67,11,56,2
119190,51,7,44,2
119191,62,11,51,2
119192,51,5,46,2
119193,64,8,56,2
119194,44,0,44,1
119195,62,6,56,2
119196,58,8,50,2
119197,50,5,45,2
119198,38,4,34,2
119199,55,3,52,2
119200,58,9,49,2
119201,49,6,43,2
119202,47,8,39,2
119203,56,9,47,2
119204,59,8,51,2
119205,59,6,53,2
119206,51,7,44,2
119207,52,9,43,2
119208,56,7,49,2
119209,51,9,42,2
119210,60,10,50,2
119211,46,4,42,2
119212,56,7,49,2
119213,59,7,52,2
119214,53,1,52,2
119215,56,9,47,2
119216,54,7,47,2
119217,55,13,42,2
119218,58,4,54,2
119219,57,9,48,2
119220,45,4,41,2
119221,48,5,43,2
119222,53,10,43,2
119223,60,6,54,2
119224,63,6,57,2
119225,52,10,42,2
119226,50,6,44,2
119227,58,5,53,2
119228,59,10,49,2
119229,52,6,46,2
119230,57,6,51,2
119231,46,8,38,2
119232,53,5,48,2
119233,58,12,46,2
119234,57,2,55,2
119235,57,5,52,2
119236,49,11,38,2
119237,53,8,45,2
119238,47,6,41,2
119239,52,6,46,2
119240,51,4,47,2
119241,50,11,39,2
119242,66,8,58,2
119243,51,5,46,2
119244,49,7,42,2
119245,50,7,43,2
119246,69,7,62,2
119247,55,7,48,2
119248,64,0,64,1
119249,47,5,42,2
119250,40,4,36,2
119251,52,4,48,2
119252,64,6,58,2
119253,56,10,46,2
119254,55,7,48,2
119255,47,3,44,2
119256,69,13,56,2
119257,50,5,45,2
119258,41,3,38,2
119259,62,5,57,2
119260,57,7,50,2
119261,50,5,45,2
119262,58,6,52,2
119263,70,8,62,2
119264,57,5,52,2
119265,54,5,49,2
119266,57,4,53,2
119267,53,5,48,2
119268,48,5,43,2
119269,55,8,47,2
119270,45,3,42,2
119271,52,7,45,2
119272,43,7,36,2
119273,60,11,49,2
119274,68,4,64,2
119275,59,5,54,2
119276,51,8,43,2
119277,44,4,40,2
119278,52,13,39,2
119279,65,7,58,2
119280,62,5,57,2
119281,44,13,31,2
119282,60,12,48,2
119283,49,8,41,2
119284,54,6,48,2
119285,52,6,46,2
119286,44,5,39,2
119287,55,4,51,2
119288,58,12,46,2
119289,37,1,36,2
119290,48,7,41,2
119291,60,9,51,2
119292,56,4,52,2
119293,63,7,56,2
119294,45,6,39,2
119295,50,6,44,2
119296,52,5,47,2
119297,53,2,51,2
119298,57,12,45,2
119299,50,4,46,2
119300,52,4,48,2
119301,54,6,48,2
119302,58,7,51,2
119303,47,7,40,2
119304,48,5,43,2
119305,47,8,39,2
119306,55,5,50,2
119307,47,2,45,2
119308,59,3,56,2
119309,48,5,43,2
119310,58,5,53,2
119311,65,9,56,2
119312,39,3,36,2
119313,66,4,62,2
119314,47,7,40,2
119315,56,3,53,2
119316,51,11,40,2
119317,50,9,41,2
119318,60,5,55,2
119319,60,8,52,2
119320,59,7,52,2
119321,46,3,43,2
119322,45,6,39,2
119323,67,10,57,2
119324,60,7,53,2
119325,45,4,41,2
119326,61,9,52,2
119327,69,4,65,2
119328,69,12,57,2
119329,44,6,38,2
119330,57,7,50,2
119331,53,6,47,2
119332,54,7,47,2
119333,54,7,47,2
119334,45,3,42,2
119335,50,6,44,2
119336,49,3,46,2
119337,51,10,41,2
119338,44,2,42,2
119339,56,14,42,2
119340,58,9,49,2
119341,56,9,47,2
119342,64,6,58,2
119343,48,8,40,2
119344,47,5,42,2
119345,41,3,38,2
119346,59,8,51,2
119347,49,8,41,2
119348,53,10,43,2
119349,61,5,56,2
119350,48,3,45,2
119351,72,10,62,2
119352,50,5,45,2
119353,53,9,44,2
119354,50,4,46,2
119355,51,8,43,2
119356,44,7,37,2
119357,58,7,51,2
119358,45,7,38,2
119359,52,8,44,2
119360,51,2,49,2
119361,48,12,36,2
119362,50,8,42,2
119363,61,7,54,2
119364,55,6,49,2
119365,52,9,43,2
119366,60,1,59,2
119367,59,1,58,2
119368,53,7,46,2
119369,60,6,54,2
119370,46,6,40,2
119371,60,6,54,2
119372,56,6,50,2
119373,69,7,62,2
119374,69,9,60,2
119375,43,4,39,2
119376,49,5,44,2
119377,49,5,44,2
119378,43,6,37,2
119379,50,7,43,2
119380,50,5,45,2
119381,51,7,44,2
119382,53,6,47,2
119383,46,2,44,2
119384,52,1,51,2
119385,54,7,47,2
119386,61,4,57,2
119387,37,4,33,2
119388,61,11,50,2
119389,59,8,51,2
119390,67,4,63,2
119391,43,5,38,2
119392,44,2,42,2
119393,56,4,52,2
119394,66,4,62,2
119395,59,11,48,2
119397,62,3,59,2
119398,49,3,46,2
119399,56,9,47,2
119400,60,11,49,2
119401,47,2,45,2
119402,59,7,52,2
119403,53,4,49,2
119404,52,1,51,2
119405,42,3,39,2
119406,53,6,47,2
119407,53,3,50,2
119408,56,5,51,2
119409,62,3,59,2
119410,52,6,46,2
119411,54,10,44,2
119412,45,5,40,2
119413,62,7,55,2
119414,53,6,47,2
119415,61,6,55,2
119416,53,6,47,2
119417,51,5,46,2
119418,55,11,44,2
119419,52,7,45,2
119420,54,3,51,2
119421,56,8,48,2
119422,58,3,55,2
119423,69,10,59,2
119424,55,4,51,2
119425,58,9,49,2
119426,46,2,44,2
119427,56,7,49,2
119428,51,5,46,2
119429,54,9,45,2
119430,57,3,54,2
119431,57,5,52,2
119432,58,1,57,2
119433,47,8,39,2
119434,55,10,45,2
119435,56,6,50,2
119436,49,5,44,2
119437,54,7,47,2
119438,63,6,57,2
119439,52,6,46,2
119440,54,4,50,2
119441,61,9,52,2
119442,56,10,46,2
119443,52,10,42,2
119444,54,6,48,2
119445,36,2,34,2
119446,55,5,50,2
119447,55,4,51,2
119448,64,10,54,2
119449,55,4,51,2
119450,49,11,38,2
119451,57,4,53,2
119452,54,9,45,2
119453,48,7,41,2
119454,56,10,46,2
119455,63,9,54,2
119456,45,2,43,2
119457,64,6,58,2
119458,52,4,48,2
119459,52,6,46,2
119460,1,0,1,1
119461,50,5,45,2
119462,40,5,35,2
119463,55,4,51,2
119464,44,8,36,2
119465,56,6,50,2
119466,59,3,56,2
119467,64,10,54,2
119468,54,9,45,2
119469,38,2,36,2
119470,62,10,52,2
119471,56,5,51,2
119472,70,12,58,2
119473,49,4,45,2
119474,51,7,44,2
119475,51,3,48,2
119476,55,8,47,2
119477,49,8,41,2
119478,58,5,53,2
119479,52,4,48,2
119480,46,5,41,2
119481,74,9,65,2
119482,53,7,46,2
119483,49,4,45,2
119484,53,5,48,2
119485,68,6,62,2
119486,55,5,50,2
119487,57,7,50,2
119488,54,8,46,2
119489,47,2,45,2
119490,56,7,49,2
119491,54,7,47,2
119492,54,5,49,2
119493,65,5,60,2
119494,46,6,40,2
119495,58,12,46,2
119496,63,7,56,2
119497,65,7,58,2
119498,58,7,51,2
119499,53,7,46,2
119500,54,9,45,2
119501,56,5,51,2
119503,59,7,52,2
119504,48,8,40,2
119505,57,5,52,2
119506,48,5,43,2
119507,49,6,43,2
119508,48,8,40,2
119509,56,8,48,2
119510,49,5,44,2
119511,58,5,53,2
119512,37,2,35,2
119513,45,6,39,2
119514,50,5,45,2
119515,48,4,44,2
119516,51,6,45,2
119517,42,12,30,2
119518,50,9,41,2
119519,57,8,49,2
119520,49,6,43,2
119521,58,4,54,2
119522,70,7,63,2
119523,57,7,50,2
119524,52,1,51,2
119525,47,6,41,2
119526,68,9,59,2
119527,54,1,53,2
119528,63,6,57,2
119529,68,13,55,2
119530,56,1,55,2
119531,52,4,48,2
119532,49,7,42,2
119533,57,10,47,2
119534,48,3,45,2
119535,50,9,41,2
119536,57,14,43,2
119537,55,3,52,2
119538,44,8,36,2
119540,55,9,46,2
119541,55,3,52,2
119542,45,6,39,2
119543,70,9,61,2
119544,55,4,51,2
119545,50,6,44,2
119546,66,15,51,2
119547,49,9,40,2
119548,62,9,53,2
119549,48,3,45,2
119550,44,4,40,2
119551,66,4,62,2
119552,48,4,44,2
119553,59,3,56,2
119554,55,10,45,2
119555,62,3,59,2
119556,59,4,55,2
119557,57,5,52,2
119558,64,11,53,2
119559,55,5,50,2
119560,71,11,60,2
119561,41,7,34,2
119562,56,2,54,2
119563,56,8,48,2
119564,56,7,49,2
119565,50,4,46,2
119566,48,4,44,2
119567,56,11,45,2
119568,65,10,55,2
119569,55,3,52,2
119570,44,6,38,2
119571,52,11,41,2
119572,55,5,50,2
119573,55,8,47,2
119574,45,4,41,2
119575,53,8,45,2
119576,59,11,48,2
119577,61,4,57,2
119578,53,9,44,2
119580,47,4,43,2
119581,72,7,65,2
119582,51,3,48,2
119583,55,8,47,2
119584,53,4,49,2
119585,59,7,52,2
119586,56,6,50,2
119587,63,4,59,2
119588,49,5,44,2
119589,69,7,62,2
119590,38,4,34,2
119591,49,2,47,2
119592,57,5,52,2
119593,36,4,32,2
119594,43,6,37,2
119595,59,6,53,2
119596,52,5,47,2
119597,45,4,41,2
119598,62,9,53,2
119599,45,3,42,2
119600,46,8,38,2
119601,45,6,39,2
119602,46,5,41,2
119603,52,6,46,2
119604,59,7,52,2
119605,59,9,50,2
119606,55,9,46,2
119607,59,9,50,2
119608,60,8,52,2
119609,47,7,40,2
119610,50,5,45,2
119612,67,12,55,2
119613,51,9,42,2
119614,54,7,47,2
119615,49,6,43,2
119616,61,8,53,2
119617,58,5,53,2
119618,54,4,50,2
119619,61,5,56,2
119620,58,8,50,2
119621,62,11,51,2
119622,57,9,48,2
119623,72,9,63,2
119624,48,5,43,2
119625,65,10,55,2
119626,51,7,44,2
119627,63,8,55,2
119628,68,5,63,2
119629,66,6,60,2
119630,51,5,46,2
119631,54,6,48,2
119632,64,12,52,2
119633,53,5,48,2
119634,50,9,41,2
119635,59,7,52,2
119636,42,10,32,2
119637,48,6,42,2
119638,66,13,53,2
119639,55,5,50,2
119640,65,8,57,2
119641,49,6,43,2
119642,52,7,45,2
119643,58,8,50,2
119644,60,4,56,2
119645,57,3,54,2
119646,47,8,39,2
119647,54,4,50,2
119648,59,4,55,2
119649,63,9,54,2
119650,62,8,54,2
119651,65,5,60,2
119652,62,9,53,2
119653,59,7,52,2
119654,44,7,37,2
119655,57,5,52,2
119656,57,5,52,2
119657,52,5,47,2
119658,61,9,52,2
119659,58,10,48,2
119660,51,4,47,2
119661,54,7,47,2
119662,65,4,61,2
119663,55,8,47,2
119664,66,8,58,2
119665,57,8,49,2
119666,48,9,39,2
119667,65,7,58,2
119668,50,9,41,2
119669,47,6,41,2
119670,53,7,46,2
119671,48,7,41,2
119672,61,12,49,2
119673,60,12,48,2
119674,54,10,44,2
119675,54,7,47,2
119676,51,6,45,2
119677,59,7,52,2
119678,62,6,56,2
119679,54,6,48,2
119680,69,5,64,2
119681,65,5,60,2
119682,55,7,48,2
119683,52,6,46,2
119684,54,5,49,2
119685,51,6,45,2
119686,51,9,42,2
119687,50,8,42,2
119688,55,4,51,2
119689,45,6,39,2
119690,55,7,48,2
119691,81,13,68,2
119692,49,9,40,2
119693,61,9,52,2
119694,60,6,54,2
119695,55,4,51,2
119696,68,8,60,2
119697,52,7,45,2
119698,47,5,42,2
119699,50,5,45,2
119700,48,4,44,2
119701,56,4,52,2
119702,56,5,51,2
119703,55,7,48,2
119704,69,5,64,2
119705,80,15,65,2
119706,56,7,49,2
119707,55,6,49,2
119708,42,9,33,2
119709,53,4,49,2
119710,49,5,44,2
119711,59,6,53,2
119712,56,7,49,2
119713,46,8,38,2
119714,49,5,44,2
119715,54,7,47,2
119716,63,13,50,2
119717,54,3,51,2
119718,47,6,41,2
119719,53,8,45,2
119720,42,6,36,2
119721,48,8,40,2
119722,52,3,49,2
119723,50,7,43,2
119724,60,4,56,2
119725,61,12,49,2
119726,52,9,43,2
119727,53,6,47,2
119728,51,3,48,2
119729,56,8,48,2
119730,45,3,42,2
119731,57,7,50,2
119732,46,2,44,2
119733,53,5,48,2
119734,67,6,61,2
119735,48,2,46,2
119736,61,9,52,2
119737,50,5,45,2
119738,69,8,61,2
119739,52,8,44,2
119740,60,9,51,2
119741,46,9,37,2
119742,54,9,45,2
119743,56,9,47,2
119744,67,12,55,2
119745,58,6,52,2
119746,59,7,52,2
119747,52,9,43,2
119748,55,7,48,2
119749,50,11,39,2
119750,50,7,43,2
119751,53,5,48,2
119752,54,4,50,2
119753,55,4,51,2
119754,57,12,45,2
119755,42,6,36,2
119756,67,8,59,2
119757,48,4,44,2
119758,49,3,46,2
119759,54,5,49,2
119760,52,8,44,2
119761,42,3,39,2
119762,60,7,53,2
119763,58,11,47,2
119764,52,6,46,2
119765,42,4,38,2
119766,56,8,48,2
119767,55,3,52,2
119768,66,9,57,2
119769,45,5,40,2
119770,56,7,49,2
119771,58,7,51,2
119772,61,6,55,2
119773,43,5,38,2
119774,54,9,45,2
119775,38,5,33,2
119776,64,4,60,2
119777,56,5,51,2
119778,57,5,52,2
119779,56,4,52,2
119780,63,10,53,2
119781,59,4,55,2
119782,42,4,38,2
119783,53,3,50,2
119784,63,10,53,2
119785,56,7,49,2
119786,49,10,39,2
119787,60,9,51,2
119788,66,6,60,2
119789,55,8,47,2
119790,49,8,41,2
119791,66,8,58,2
119792,76,10,66,2
119793,68,10,58,2
119794,50,9,41,2
119795,64,3,61,2
119796,56,11,45,2
119797,46,6,40,2
119798,67,10,57,2
119799,57,4,53,2
119800,59,4,55,2
119801,51,6,45,2
119802,49,7,42,2
119803,52,4,48,2
119804,59,9,50,2
119805,55,6,49,2
119806,59,10,49,2
119807,44,10,34,2
119808,64,11,53,2
119809,59,7,52,2
119810,59,11,48,2
119811,55,5,50,2
119812,62,9,53,2
119813,67,8,59,2
119814,41,4,37,2
119815,56,8,48,2
119816,51,3,48,2
119817,49,8,41,2
119818,55,3,52,2
119819,50,7,43,2
119820,67,6,61,2
119821,55,4,51,2
119822,50,10,40,2
119823,65,10,55,2
119824,54,8,46,2
119825,50,6,44,2
119826,45,5,40,2
119827,43,4,39,2
119828,43,3,40,2
119829,60,9,51,2
119830,58,6,52,2
119831,47,3,44,2
119832,56,7,49,2
119833,71,11,60,2
119834,70,9,61,2
119835,48,5,43,2
119836,57,9,48,2
119837,63,10,53,2
119838,61,7,54,2
119839,55,8,47,2
119840,42,4,38,2
119841,50,5,45,2
119842,57,8,49,2
119843,54,6,48,2
119844,57,7,50,2
119845,58,9,49,2
119846,66,7,59,2
119847,56,10,46,2
119848,59,11,48,2
119849,55,5,50,2
119850,44,6,38,2
119851,48,6,42,2
119852,67,7,60,2
119853,48,4,44,2
119854,51,5,46,2
119855,63,6,57,2
119856,51,7,44,2
119857,51,9,42,2
119858,44,5,39,2
119859,68,11,57,2
119860,57,8,49,2
119861,56,8,48,2
119862,55,9,46,2
119863,66,4,62,2
119864,61,6,55,2
119865,42,8,34,2
119866,57,3,54,2
119867,76,6,70,2
119868,68,10,58,2
119869,52,5,47,2
119870,65,4,61,2
119871,50,8,42,2
119872,50,7,43,2
119873,56,5,51,2
119874,50,5,45,2
119875,48,4,44,2
119876,44,11,33,2
119877,50,8,42,2
119878,49,6,43,2
119879,57,9,48,2
119880,58,10,48,2
119881,54,5,49,2
119882,56,9,47,2
119883,63,6,57,2
119884,47,5,42,2
119885,53,9,44,2
119886,55,8,47,2
119887,43,5,38,2
119888,56,9,47,2
119889,48,7,41,2
119890,51,6,45,2
119891,47,6,41,2
119892,64,12,52,2
119893,63,6,57,2
119894,65,12,53,2
119895,73,14,59,2
119896,62,6,56,2
119897,55,10,45,2
119898,49,5,44,2
119899,51,9,42,2
119900,55,6,49,2
119901,66,15,51,2
119902,59,4,55,2
119903,52,6,46,2
119904,62,10,52,2
119905,50,7,43,2
119906,58,12,46,2
119907,55,7,48,2
119908,39,6,33,2
119909,56,9,47,2
119910,53,6,47,2
119911,56,6,50,2
119912,43,4,39,2
119913,73,8,65,2
119914,58,7,51,2
119915,44,6,38,2
119916,48,4,44,2
119917,57,4,53,2
119918,51,4,47,2
119919,52,5,47,2
119920,63,7,56,2
119921,62,2,60,2
119922,56,6,50,2
119923,52,6,46,2
119924,50,6,44,2
119925,62,4,58,2
119926,61,9,52,2
119927,56,8,48,2
119928,55,8,47,2
119929,48,6,42,2
119930,44,4,40,2
119931,54,7,47,2
119932,40,7,33,2
119933,45,7,38,2
119934,41,2,39,2
119935,46,10,36,2
119936,61,13,48,2
119937,47,4,43,2
119938,53,6,47,2
119939,50,5,45,2
119940,50,4,46,2
119941,64,6,58,2
119942,56,5,51,2
119943,47,1,46,2
119944,41,9,32,2
119945,56,4,52,2
119946,42,8,34,2
119947,55,11,44,2
119948,54,6,48,2
119949,61,6,55,2
119950,51,8,43,2
119951,57,5,52,2
119952,66,6,60,2
119953,61,10,51,2
119954,62,9,53,2
119955,53,2,51,2
119956,60,10,50,2
119957,65,10,55,2
119958,68,9,59,2
119959,62,8,54,2
119960,52,4,48,2
119961,54,10,44,2
119962,66,9,57,2
119963,43,10,33,2
119964,47,5,42,2
119965,48,6,42,2
119966,56,4,52,2
119967,53,5,48,2
119968,48,6,42,2
119969,56,6,50,2
119970,56,8,48,2
119971,47,9,38,2
119972,49,8,41,2
119973,48,5,43,2
119974,48,7,41,2
119975,45,5,40,2
119976,60,4,56,2
119977,58,3,55,2
119978,62,8,54,2
119979,58,7,51,2
119980,50,7,43,2
119981,43,9,34,2
119982,54,6,48,2
119983,50,5,45,2
119984,63,3,60,2
119985,44,7,37,2
119986,60,8,52,2
119987,59,7,52,2
119988,40,4,36,2
119989,54,10,44,2
119990,44,8,36,2
119991,50,10,40,2
119992,62,9,53,2
119993,56,5,51,2
119994,48,3,45,2
119995,60,9,51,2
119996,61,5,56,2
119997,59,6,53,2
119998,58,5,53,2
119999,55,6,49,2
120000,60,12,48,2
120001,49,8,41,2
120002,55,5,50,2
120003,55,3,52,2
120004,54,5,49,2
120005,68,5,63,2
120006,56,6,50,2
120007,61,7,54,2
120008,56,3,53,2
120009,60,8,52,2
120010,49,1,48,2
120011,57,8,49,2
120012,49,5,44,2
120013,56,5,51,2
120014,53,7,46,2
120015,46,2,44,2
120016,51,4,47,2
120017,56,8,48,2
120018,62,6,56,2
120019,47,4,43,2
120020,63,6,57,2
120021,59,7,52,2
120022,52,2,50,2
120023,39,3,36,2
120024,46,6,40,2
120025,38,7,31,2
120026,55,4,51,2
120027,59,6,53,2
120028,45,5,40,2
120029,65,9,56,2
120030,50,5,45,2
120031,56,2,54,2
120032,55,8,47,2
120033,50,7,43,2
120034,47,5,42,2
120035,65,15,50,2
120036,64,9,55,2
120037,54,8,46,2
120038,46,3,43,2
120039,62,11,51,2
120040,77,12,65,2
120041,54,7,47,2
120042,61,12,49,2
120043,52,3,49,2
120044,63,13,50,2
120045,47,2,45,2
120046,56,10,46,2
120047,55,4,51,2
120048,56,4,52,2
120049,45,5,40,2
120050,53,2,51,2
120051,65,5,60,2
120052,61,8,53,2
120053,45,3,42,2
120054,55,7,48,2
120055,60,8,52,2
120056,35,4,31,2
120057,51,5,46,2
120058,62,8,54,2
120059,49,4,45,2
120060,68,8,60,2
120061,57,6,51,2
120062,59,2,57,2
120063,56,7,49,2
120064,68,8,60,2
120065,63,8,55,2
120066,63,5,58,2
120067,53,9,44,2
120068,68,6,62,2
120069,51,5,46,2
120070,51,3,48,2
120071,45,7,38,2
120072,64,11,53,2
120073,53,10,43,2
120074,50,6,44,2
120075,58,8,50,2
120076,68,11,57,2
120077,52,11,41,2
120078,52,3,49,2
120079,53,7,46,2
120080,51,4,47,2
120081,53,9,44,2
120082,54,3,51,2
120083,55,6,49,2
120084,50,4,46,2
120085,51,4,47,2
120086,50,1,49,2
120087,64,7,57,2
120088,65,3,62,2
120089,50,11,39,2
120090,61,6,55,2
120091,56,4,52,2
120092,55,8,47,2
120093,61,14,47,2
120094,44,6,38,2
120095,68,6,62,2
120096,53,8,45,2
120097,44,6,38,2
120098,50,4,46,2
120099,55,9,46,2
120100,53,4,49,2
120101,69,7,62,2
120102,46,3,43,2
120103,55,5,50,2
120104,56,5,51,2
120105,51,3,48,2
120106,38,4,34,2
120107,53,9,44,2
120108,52,4,48,2
120109,48,9,39,2
120110,68,12,56,2
120111,45,3,42,2
120112,57,5,52,2
120113,55,10,45,2
120114,54,6,48,2
120115,55,10,45,2
120116,48,7,41,2
120117,64,11,53,2
120118,66,6,60,2
120119,47,9,38,2
120120,54,9,45,2
120121,52,7,45,2
120122,52,8,44,2
120123,48,4,44,2
120124,46,6,40,2
120125,62,8,54,2
120126,59,3,56,2
120127,64,9,55,2
120128,62,6,56,2
120129,49,5,44,2
120130,73,7,66,2
120131,54,4,50,2
120132,46,7,39,2
120133,55,6,49,2
120134,66,10,56,2
120135,42,7,35,2
120136,48,5,43,2
120137,62,8,54,2
120138,45,5,40,2
120139,57,4,53,2
120140,53,3,50,2
120141,43,4,39,2
120142,50,6,44,2
120143,62,9,53,2
120144,55,8,47,2
120145,66,11,55,2
120146,55,3,52,2
120147,49,9,40,2
120148,54,2,52,2
120149,57,6,51,2
120150,52,7,45,2
120151,60,10,50,2
120152,60,8,52,2
120153,51,5,46,2
120154,54,9,45,2
120155,64,5,59,2
120156,47,4,43,2
120157,41,4,37,2
120158,50,3,47,2
120159,58,12,46,2
120160,55,8,47,2
120161,55,9,46,2
120162,61,6,55,2
120163,72,14,58,2
120164,47,8,39,2
120165,55,6,49,2
120166,58,4,54,2
120167,51,6,45,2
120168,51,6,45,2
120169,59,3,56,2
120170,54,13,41,2
120171,52,6,46,2
120172,51,6,45,2
120173,45,9,36,2
120174,61,8,53,2
120175,48,8,40,2
120176,54,7,47,2
120177,63,8,55,2
120178,43,6,37,2
120179,63,6,57,2
120180,49,6,43,2
120181,59,3,56,2
120182,51,13,38,2
120183,47,8,39,2
120184,53,6,47,2
120185,57,10,47,2
120186,68,3,65,2
120187,56,6,50,2
120188,63,8,55,2
120189,57,6,51,2
120190,53,5,48,2
120191,56,10,46,2
120192,62,11,51,2
120193,62,6,56,2
120194,54,6,48,2
120195,60,3,57,2
120196,54,11,43,2
120197,47,4,43,2
120198,56,8,48,2
120199,55,3,52,2
120200,41,5,36,2
120201,56,11,45,2
120202,60,12,48,2
120203,43,4,39,2
120204,68,8,60,2
120205,59,9,50,2
120206,57,9,48,2
120207,50,6,44,2
120208,53,3,50,2
120209,42,6,36,2
120210,43,2,41,2
120211,51,7,44,2
120212,59,10,49,2
120213,69,8,61,2
120214,50,5,45,2
120215,55,7,48,2
120216,37,4,33,2
120217,46,2,44,2
120218,50,6,44,2
120219,64,6,58,2
120220,58,7,51,2
120221,58,8,50,2
120222,67,7,60,2
120223,61,11,50,2
120224,57,4,53,2
120225,49,4,45,2
120226,47,6,41,2
120227,57,7,50,2
120228,61,10,51,2
120229,51,4,47,2
120230,54,4,50,2
120231,64,7,57,2
120232,43,5,38,2
120233,70,10,60,2
120234,50,6,44,2
120235,38,3,35,2
120236,39,5,34,2
120237,44,6,38,2
120238,42,4,38,2
120239,53,5,48,2
120240,54,6,48,2
120241,59,6,53,2
120242,51,6,45,2
120243,59,10,49,2
120244,69,7,62,2
120245,56,6,50,2
120246,48,6,42,2
120247,56,6,50,2
120248,51,7,44,2
120249,53,9,44,2
120250,57,8,49,2
120251,56,9,47,2
120252,69,5,64,2
120253,54,6,48,2
120254,45,7,38,2
120255,54,4,50,2
120256,59,6,53,2
120257,53,5,48,2
120258,56,5,51,2
120259,58,11,47,2
120260,66,13,53,2
120261,47,4,43,2
120262,45,7,38,2
120263,55,5,50,2
120264,51,5,46,2
120265,58,5,53,2
120266,56,10,46,2
120267,47,5,42,2
120268,62,9,53,2
120269,48,5,43,2
120270,56,10,46,2
120271,52,2,50,2
120272,55,7,48,2
120273,60,12,48,2
120274,47,6,41,2
120275,49,3,46,2
120276,54,2,52,2
120277,44,7,37,2
120278,57,10,47,2
120279,65,10,55,2
120280,45,7,38,2
120281,55,7,48,2
120282,45,8,37,2
120283,63,9,54,2
120284,57,7,50,2
120285,46,3,43,2
120286,63,8,55,2
120287,57,5,52,2
120288,61,12,49,2
120289,47,6,41,2
120290,50,8,42,2
120291,50,5,45,2
120292,59,7,52,2
120293,65,6,59,2
120294,57,8,49,2
120295,58,9,49,2
120296,51,7,44,2
120297,56,5,51,2
120298,56,6,50,2
120299,49,10,39,2
120300,55,6,49,2
120301,54,4,50,2
120302,49,7,42,2
120303,49,4,45,2
120304,56,8,48,2
120305,42,5,37,2
120306,57,5,52,2
120307,51,4,47,2
120308,46,4,42,2
120309,58,8,50,2
120310,56,6,50,2
120311,57,9,48,2
120312,51,6,45,2
120313,61,2,59,2
120314,48,4,44,2
120315,49,2,47,2
120316,70,4,66,2
120317,65,10,55,2
120318,41,4,37,2
120319,65,6,59,2
120320,47,7,40,2
120321,59,5,54,2
120322,50,7,43,2
120323,54,7,47,2
120324,52,5,47,2
120325,44,10,34,2
120326,50,5,45,2
120327,49,6,43,2
120328,68,16,52,2
120329,57,5,52,2
120330,65,10,55,2
120331,57,4,53,2
120332,41,5,36,2
120333,49,2,47,2
120334,67,5,62,2
120335,62,12,50,2
120336,38,4,34,2
120337,50,6,44,2
120338,61,6,55,2
120339,61,5,56,2
120340,71,4,67,2
120341,64,3,61,2
120342,49,7,42,2
120343,57,15,42,2
120344,43,7,36,2
120345,53,7,46,2
120346,62,8,54,2
120347,45,10,35,2
120348,59,4,55,2
120349,42,2,40,2
120350,50,4,46,2
120351,44,7,37,2
120352,50,4,46,2
120353,56,6,50,2
120354,45,2,43,2
120355,47,5,42,2
120356,56,3,53,2
120357,58,8,50,2
120358,71,6,65,2
120359,55,7,48,2
120360,61,8,53,2
120361,44,6,38,2
120362,53,4,49,2
120363,48,6,42,2
120364,57,4,53,2
120365,45,7,38,2
120366,51,8,43,2
120367,55,5,50,2
120368,51,4,47,2
120369,62,8,54,2
120370,58,8,50,2
120371,54,7,47,2
120372,50,6,44,2
120373,51,5,46,2
120374,65,13,52,2
120375,60,6,54,2
120376,80,7,73,2
120377,57,7,50,2
120378,57,8,49,2
120379,52,8,44,2
120380,55,6,49,2
120381,61,8,53,2
120382,57,5,52,2
120383,60,11,49,2
120384,51,5,46,2
120385,61,8,53,2
120386,63,3,60,2
120387,66,9,57,2
120388,51,4,47,2
120389,50,4,46,2
120390,58,4,54,2
120391,52,5,47,2
120392,55,9,46,2
120393,45,7,38,2
120394,58,5,53,2
120395,53,9,44,2
120396,66,11,55,2
120397,50,7,43,2
120398,46,6,40,2
120399,48,9,39,2
120400,56,3,53,2
120401,63,11,52,2
120402,62,6,56,2
120403,60,10,50,2
120404,59,5,54,2
120405,61,7,54,2
120406,53,5,48,2
120407,57,2,55,2
120408,52,3,49,2
120409,58,10,48,2
120410,52,10,42,2
120411,55,6,49,2
120412,53,3,50,2
120413,64,8,56,2
120414,34,2,32,2
120415,44,10,34,2
120416,56,3,53,2
120417,53,7,46,2
120418,46,10,36,2
120419,54,4,50,2
120420,45,5,40,2
120421,49,5,44,2
120422,59,9,50,2
120423,48,4,44,2
120424,52,5,47,2
120425,51,5,46,2
120426,57,5,52,2
120427,58,8,50,2
120428,62,6,56,2
120429,63,4,59,2
120430,49,12,37,2
120431,55,4,51,2
120432,59,5,54,2
120433,51,3,48,2
120434,65,6,59,2
120435,47,4,43,2
120436,49,7,42,2
120437,51,4,47,2
120438,47,4,43,2
120439,46,7,39,2
120440,48,3,45,2
120441,59,11,48,2
120442,53,4,49,2
120443,51,7,44,2
120444,53,4,49,2
120445,39,6,33,2
120446,58,1,57,2
120447,58,3,55,2
120448,41,4,37,2
120449,53,8,45,2
120450,67,11,56,2
120451,60,3,57,2
120452,55,4,51,2
120453,70,9,61,2
120454,46,4,42,2
120455,47,2,45,2
120456,45,3,42,2
120457,42,7,35,2
120458,55,3,52,2
120459,58,11,47,2
120460,50,8,42,2
120461,53,9,44,2
120462,36,1,35,2
120463,45,6,39,2
120464,57,6,51,2
120465,65,8,57,2
120466,65,9,56,2
120467,53,7,46,2
120468,66,12,54,2
120469,51,8,43,2
120470,48,7,41,2
120471,50,8,42,2
120472,57,3,54,2
120473,63,10,53,2
120474,52,6,46,2
120475,58,8,50,2
120476,69,10,59,2
120477,64,11,53,2
120478,56,11,45,2
120479,52,4,48,2
120480,48,3,45,2
120481,56,7,49,2
120482,53,9,44,2
120483,60,5,55,2
120484,50,4,46,2
120485,63,10,53,2
120486,55,3,52,2
120487,54,6,48,2
120488,54,5,49,2
120489,45,3,42,2
120490,45,6,39,2
120491,61,6,55,2
120492,54,7,47,2
120493,50,5,45,2
120494,57,5,52,2
120495,49,4,45,2
120496,47,8,39,2
120497,52,6,46,2
120498,45,5,40,2
120499,40,3,37,2
120500,68,5,63,2
120501,57,5,52,2
120502,47,6,41,2
120503,56,8,48,2
120504,42,3,39,2
120505,59,8,51,2
120506,63,5,58,2
120507,44,3,41,2
120508,39,6,33,2
120509,59,12,47,2
120510,69,7,62,2
120511,46,3,43,2
120512,61,3,58,2
120513,47,9,38,2
120514,44,4,40,2
120515,49,5,44,2
120516,47,7,40,2
120517,43,3,40,2
120518,51,6,45,2
120519,51,6,45,2
120520,49,5,44,2
120521,55,7,48,2
120522,77,10,67,2
120523,40,7,33,2
120524,75,8,67,2
120525,49,4,45,2
120526,56,6,50,2
120527,49,10,39,2
120528,52,7,45,2
120529,54,8,46,2
120530,60,9,51,2
120531,61,5,56,2
120532,55,7,48,2
120533,51,7,44,2
120534,49,6,43,2
120535,49,6,43,2
120536,50,6,44,2
120537,47,2,45,2
120538,53,9,44,2
120539,63,10,53,2
120540,59,7,52,2
120541,64,6,58,2
120542,39,7,32,2
120543,66,7,59,2
120544,46,5,41,2
120545,72,10,62,2
120546,78,12,66,2
120547,56,6,50,2
120548,46,4,42,2
120549,50,4,46,2
120550,66,10,56,2
120551,62,6,56,2
120552,63,6,57,2
120553,56,4,52,2
120554,48,7,41,2
120555,66,14,52,2
120556,50,5,45,2
120557,58,10,48,2
120558,49,7,42,2
120559,62,8,54,2
120560,63,7,56,2
120561,64,6,58,2
120562,65,8,57,2
120563,60,9,51,2
120564,66,9,57,2
120565,51,6,45,2
120566,42,3,39,2
120567,52,8,44,2
120568,45,6,39,2
120569,47,7,40,2
120570,54,7,47,2
120571,61,10,51,2
120572,44,7,37,2
120573,57,5,52,2
120574,49,11,38,2
120576,54,3,51,2
120577,59,10,49,2
120578,73,10,63,2
120579,56,5,51,2
120580,49,3,46,2
120581,51,10,41,2
120582,55,6,49,2
120583,49,4,45,2
120584,65,8,57,2
120585,71,10,61,2
120586,56,8,48,2
120587,54,6,48,2
120588,53,9,44,2
120589,55,5,50,2
120590,53,7,46,2
120591,65,8,57,2
120592,65,10,55,2
120593,63,8,55,2
120594,56,4,52,2
120595,50,6,44,2
120596,53,2,51,2
120597,53,5,48,2
120598,62,2,60,2
120599,60,6,54,2
120600,45,5,40,2
120601,55,9,46,2
120602,47,9,38,2
120603,62,6,56,2
120604,52,4,48,2
120605,47,6,41,2
120606,63,5,58,2
120607,51,6,45,2
120608,51,3,48,2
120609,55,3,52,2
120610,54,8,46,2
120611,54,8,46,2
120612,62,9,53,2
120613,58,7,51,2
120614,54,6,48,2
120615,51,4,47,2
120616,72,7,65,2
120617,66,6,60,2
120618,62,8,54,2
120619,58,7,51,2
120620,45,7,38,2
120621,49,8,41,2
120622,56,11,45,2
120623,62,5,57,2
120624,56,7,49,2
120625,54,6,48,2
120626,50,9,41,2
120627,61,9,52,2
120628,58,7,51,2
120629,46,5,41,2
120630,57,5,52,2
120631,67,8,59,2
120632,63,6,57,2
120633,63,8,55,2
120634,44,9,35,2
120635,56,7,49,2
120636,60,9,51,2
120637,54,5,49,2
120638,55,8,47,2
120639,57,5,52,2
120640,56,6,50,2
120641,49,7,42,2
120642,50,9,41,2
120643,59,6,53,2
120644,54,7,47,2
120645,63,13,50,2
120646,61,4,57,2
120647,47,6,41,2
120648,54,4,50,2
120649,54,6,48,2
120650,48,7,41,2
120651,55,9,46,2
120652,47,2,45,2
120653,60,3,57,2
120654,61,12,49,2
120655,63,6,57,2
120656,61,3,58,2
120657,51,3,48,2
120658,61,7,54,2
120659,50,10,40,2
120660,60,6,54,2
120661,49,5,44,2
120662,53,8,45,2
120663,60,11,49,2
120664,62,8,54,2
120665,36,7,29,2
120666,55,7,48,2
120667,55,6,49,2
120668,33,5,28,2
120669,49,6,43,2
120670,65,3,62,2
120671,64,8,56,2
120672,50,4,46,2
120673,49,7,42,2
120674,59,2,57,2
120675,46,8,38,2
120676,70,10,60,2
120677,58,3,55,2
120678,53,9,44,2
120679,51,8,43,2
120680,64,4,60,2
120681,51,11,40,2
120682,59,9,50,2
120683,57,7,50,2
120684,41,6,35,2
120685,63,5,58,2
120686,73,8,65,2
120687,47,3,44,2
120688,59,9,50,2
120689,47,4,43,2
120690,61,3,58,2
120691,64,6,58,2
120692,65,7,58,2
120693,54,8,46,2
120694,50,10,40,2
120695,54,6,48,2
120696,39,8,31,2
120697,59,3,56,2
120698,70,8,62,2
120699,53,4,49,2
120700,51,7,44,2
120701,68,9,59,2
120702,47,5,42,2
120703,52,5,47,2
120704,43,7,36,2
120705,45,7,38,2
120706,53,4,49,2
120707,55,8,47,2
120708,63,9,54,2
120709,54,5,49,2
120710,54,7,47,2
120711,60,9,51,2
120712,59,8,51,2
120713,63,6,57,2
120714,43,1,42,2
120715,45,5,40,2
120716,45,7,38,2
120717,63,7,56,2
120718,58,6,52,2
120719,62,10,52,2
120720,61,4,57,2
120721,54,5,49,2
120722,58,17,41,2
120723,62,10,52,2
120724,62,12,50,2
120725,50,7,43,2
120726,68,7,61,2
120727,56,9,47,2
120728,54,4,50,2
120729,53,7,46,2
120730,66,8,58,2
120731,41,4,37,2
120732,57,8,49,2
120733,49,2,47,2
120734,76,8,68,2
120735,55,12,43,2
120736,52,3,49,2
120737,47,3,44,2
120738,52,5,47,2
120739,53,6,47,2
120740,47,5,42,2
120741,54,7,47,2
120742,63,4,59,2
120743,54,4,50,2
120744,54,2,52,2
120745,67,2,65,2
120746,64,10,54,2
120747,52,4,48,2
120748,57,6,51,2
120749,55,13,42,2
120750,55,7,48,2
120751,56,6,50,2
120752,67,5,62,2
120753,59,9,50,2
120754,53,8,45,2
120755,46,3,43,2
120756,47,7,40,2
120757,56,2,54,2
120758,42,5,37,2
120759,47,8,39,2
120760,37,4,33,2
120761,59,4,55,2
120762,61,6,55,2
120763,58,5,53,2
120764,44,6,38,2
120765,53,4,49,2
120766,39,4,35,2
120767,46,5,41,2
120768,66,11,55,2
120769,52,9,43,2
120770,63,6,57,2
120771,47,2,45,2
120772,55,4,51,2
120773,51,6,45,2
120774,47,6,41,2
120775,63,8,55,2
120776,41,3,38,2
120777,62,6,56,2
120778,51,10,41,2
120779,58,8,50,2
120780,52,11,41,2
120781,51,9,42,2
120782,70,8,62,2
120783,48,9,39,2
120784,62,6,56,2
120785,49,7,42,2
120786,49,5,44,2
120787,45,7,38,2
120788,44,6,38,2
120789,51,6,45,2
120790,47,7,40,2
120791,69,11,58,2
120792,53,8,45,2
120793,48,5,43,2
120794,47,6,41,2
120795,56,8,48,2
120796,51,7,44,2
120797,57,10,47,2
120798,58,4,54,2
120799,62,7,55,2
120800,36,3,33,2
120801,44,7,37,2
120802,57,8,49,2
120803,65,6,59,2
120804,55,3,52,2
120805,49,6,43,2
120806,43,5,38,2
120807,56,8,48,2
120808,50,9,41,2
120809,60,6,54,2
120810,55,11,44,2
120811,51,5,46,2
120812,62,6,56,2
120813,48,5,43,2
120814,65,7,58,2
120815,56,4,52,2
120816,49,3,46,2
120817,62,4,58,2
120818,52,3,49,2
120819,54,7,47,2
120820,44,7,37,2
120821,50,6,44,2
120822,56,11,45,2
120823,60,6,54,2
120824,54,5,49,2
120825,58,5,53,2
120826,62,8,54,2
120827,66,10,56,2
120828,48,6,42,2
120829,43,6,37,2
120830,51,7,44,2
120831,45,4,41,2
120832,59,4,55,2
120833,74,7,67,2
120834,55,3,52,2
120835,42,8,34,2
120836,62,5,57,2
120837,51,6,45,2
120838,56,7,49,2
120839,66,4,62,2
120840,42,2,40,2
120841,57,7,50,2
120842,53,7,46,2
120843,34,2,32,2
120844,76,8,68,2
120845,59,10,49,2
120846,50,3,47,2
120847,57,9,48,2
120848,54,4,50,2
120849,62,11,51,2
120850,62,7,55,2
120851,45,9,36,2
120852,59,5,54,2
120853,65,7,58,2
120854,52,3,49,2
120855,59,8,51,2
120856,48,3,45,2
120857,46,6,40,2
120858,54,6,48,2
120859,55,8,47,2
120860,62,6,56,2
120861,55,6,49,2
120862,56,6,50,2
120863,57,11,46,2
120864,59,5,54,2
120865,47,4,43,2
120866,50,3,47,2
120867,47,6,41,2
120868,66,6,60,2
120869,66,12,54,2
120870,56,7,49,2
120871,61,6,55,2
120872,63,9,54,2
120873,56,7,49,2
120874,72,9,63,2
120875,55,8,47,2
120876,42,4,38,2
120877,49,5,44,2
120878,50,8,42,2
120879,43,7,36,2
120880,41,8,33,2
120881,63,3,60,2
120882,42,7,35,2
120883,53,6,47,2
120884,58,3,55,2
120885,49,5,44,2
120886,68,4,64,2
120887,48,4,44,2
120888,56,7,49,2
120889,42,5,37,2
120890,64,13,51,2
120891,61,7,54,2
120892,56,8,48,2
120893,51,7,44,2
120894,56,9,47,2
120895,40,7,33,2
120896,49,8,41,2
120897,54,5,49,2
120898,46,1,45,2
120899,49,5,44,2
120900,56,4,52,2
120901,52,8,44,2
120902,62,6,56,2
120903,52,4,48,2
120904,49,6,43,2
120905,62,9,53,2
120906,53,4,49,2
120907,54,11,43,2
120908,60,3,57,2
120909,55,6,49,2
120910,57,3,54,2
120911,68,10,58,2
120912,63,8,55,2
120913,67,7,60,2
120914,58,5,53,2
120915,69,13,56,2
120916,67,3,64,2
120917,60,4,56,2
120918,46,6,40,2
120919,60,8,52,2
120920,51,10,41,2
120921,51,7,44,2
120922,51,4,47,2
120923,57,6,51,2
120924,51,3,48,2
120925,79,11,68,2
120926,57,5,52,2
120927,49,6,43,2
120928,55,5,50,2
120929,61,7,54,2
120930,64,9,55,2
120931,55,2,53,2
120932,46,5,41,2
120933,59,6,53,2
120934,48,8,40,2
120935,55,7,48,2
120936,51,6,45,2
120937,60,5,55,2
120938,42,5,37,2
120939,52,6,46,2
120940,65,10,55,2
120941,67,3,64,2
120942,58,8,50,2
120943,60,10,50,2
120944,41,5,36,2
120945,44,6,38,2
120946,45,6,39,2
120947,46,4,42,2
120948,63,7,56,2
120949,79,9,70,2
120950,71,13,58,2
120951,48,7,41,2
120952,58,9,49,2
120953,57,8,49,2
120954,47,9,38,2
120955,58,6,52,2
120956,52,9,43,2
120957,44,5,39,2
120958,62,4,58,2
120959,46,4,42,2
120960,62,7,55,2
120961,57,2,55,2
120962,64,5,59,2
120963,50,5,45,2
120964,65,13,52,2
120965,64,6,58,2
120966,63,7,56,2
120967,49,12,37,2
120968,51,7,44,2
120969,50,3,47,2
120970,60,8,52,2
120971,54,7,47,2
120972,59,6,53,2
120973,50,4,46,2
120974,51,4,47,2
120975,60,6,54,2
120976,61,3,58,2
120977,54,9,45,2
120978,45,5,40,2
120979,54,7,47,2
120980,64,6,58,2
120981,53,8,45,2
120982,59,8,51,2
120983,68,7,61,2
120984,58,5,53,2
120985,49,6,43,2
120986,58,8,50,2
120987,50,5,45,2
120989,58,7,51,2
120990,60,8,52,2
120991,55,6,49,2
120992,54,6,48,2
120993,55,3,52,2
120994,50,5,45,2
120995,50,6,44,2
120996,43,3,40,2
120997,70,5,65,2
120998,65,8,57,2
120999,53,6,47,2
121000,45,9,36,2
121001,42,6,36,2
121002,63,9,54,2
121003,50,7,43,2
121004,61,2,59,2
121005,52,10,42,2
121006,52,10,42,2
121007,67,12,55,2
121008,63,9,54,2
121009,60,7,53,2
121010,59,11,48,2
121011,38,5,33,2
121012,41,9,32,2
121013,73,8,65,2
121014,52,7,45,2
121015,54,3,51,2
121016,62,8,54,2
121017,56,4,52,2
121018,62,10,52,2
121019,61,5,56,2
121020,57,4,53,2
121021,65,15,50,2
121022,55,3,52,2
121023,51,6,45,2
121024,39,6,33,2
121025,74,7,67,2
121026,55,7,48,2
121027,62,7,55,2
121028,59,8,51,2
121029,52,7,45,2
121030,53,4,49,2
121031,54,10,44,2
121032,60,7,53,2
121033,56,4,52,2
121034,57,7,50,2
121035,64,7,57,2
121036,61,10,51,2
121037,50,4,46,2
121038,59,5,54,2
121039,64,2,62,2
121040,47,7,40,2
121041,54,6,48,2
121042,57,5,52,2
121043,64,5,59,2
121044,54,8,46,2
121045,64,11,53,2
121046,58,11,47,2
121047,44,3,41,2
121048,47,9,38,2
121049,54,6,48,2
121050,54,7,47,2
121051,46,6,40,2
121052,74,8,66,2
121053,57,5,52,2
121054,47,2,45,2
121055,53,8,45,2
121056,54,3,51,2
121057,47,9,38,2
121058,61,6,55,2
121059,52,7,45,2
121060,37,3,34,2
121061,44,2,42,2
121062,41,5,36,2
121063,52,5,47,2
121064,67,12,55,2
121065,60,6,54,2
121066,54,8,46,2
121067,45,7,38,2
121068,49,4,45,2
121069,63,7,56,2
121070,41,5,36,2
121071,50,5,45,2
121072,57,8,49,2
121073,52,5,47,2
121074,46,4,42,2
121075,40,7,33,2
121076,50,5,45,2
121077,59,10,49,2
121078,66,9,57,2
121079,49,7,42,2
121080,53,6,47,2
121081,47,5,42,2
121082,12,6,6,2
121083,38,6,32,2
121084,54,6,48,2
121085,55,6,49,2
121086,48,11,37,2
121087,55,10,45,2
121088,47,6,41,2
121089,53,6,47,2
121090,50,9,41,2
121091,60,9,51,2
121092,52,4,48,2
121093,59,11,48,2
121094,46,9,37,2
121095,47,6,41,2
121096,70,7,63,2
121097,53,5,48,2
121098,65,12,53,2
121099,40,3,37,2
121100,52,3,49,2
121101,56,8,48,2
121102,52,5,47,2
121103,53,6,47,2
121104,55,6,49,2
121105,63,7,56,2
121106,54,10,44,2
121107,62,12,50,2
121108,57,11,46,2
121109,69,7,62,2
121110,51,5,46,2
121111,54,7,47,2
121112,51,7,44,2
121113,57,6,51,2
121114,55,6,49,2
121115,68,7,61,2
121116,57,8,49,2
121117,45,6,39,2
121118,64,5,59,2
121119,46,7,39,2
121120,59,5,54,2
121121,67,8,59,2
121122,64,7,57,2
121123,68,9,59,2
121124,52,9,43,2
121125,63,11,52,2
121126,58,6,52,2
121127,46,7,39,2
121128,50,12,38,2
121129,56,9,47,2
121130,63,10,53,2
121131,52,5,47,2
121132,60,6,54,2
121133,60,8,52,2
121134,54,3,51,2
121135,59,9,50,2
121136,62,3,59,2
121137,55,11,44,2
121138,63,11,52,2
121139,67,5,62,2
121140,51,7,44,2
121141,48,8,40,2
121142,50,6,44,2
121143,62,14,48,2
121144,69,7,62,2
121145,59,8,51,2
121146,72,6,66,2
121147,58,7,51,2
121148,36,5,31,2
121149,56,6,50,2
121150,53,11,42,2
121151,66,11,55,2
121152,48,3,45,2
121153,54,7,47,2
121154,51,6,45,2
121155,58,3,55,2
121156,48,6,42,2
121157,66,7,59,2
121158,43,8,35,2
121159,48,5,43,2
121160,58,7,51,2
121161,52,4,48,2
121162,56,6,50,2
121163,52,7,45,2
121164,51,2,49,2
121165,55,4,51,2
121166,53,9,44,2
121167,69,13,56,2
121168,52,6,46,2
121169,60,9,51,2
121170,53,6,47,2
121171,53,2,51,2
121172,53,7,46,2
121173,68,11,57,2
121174,46,3,43,2
121175,60,7,53,2
121176,56,9,47,2
121177,50,5,45,2
121178,47,4,43,2
121179,47,6,41,2
121180,65,4,61,2
121181,46,7,39,2
121182,35,3,32,2
121183,49,8,41,2
121184,36,4,32,2
121185,53,6,47,2
121186,46,4,42,2
121187,58,11,47,2
121188,50,6,44,2
121189,51,5,46,2
121190,63,12,51,2
121191,65,6,59,2
121192,56,8,48,2
121193,52,10,42,2
121194,61,1,60,2
121195,52,6,46,2
121196,49,4,45,2
121197,62,10,52,2
121198,55,4,51,2
121199,51,9,42,2
121200,60,8,52,2
121201,62,3,59,2
121202,52,3,49,2
121203,65,9,56,2
121204,43,4,39,2
121205,42,4,38,2
121206,62,2,60,2
121207,58,8,50,2
121208,46,4,42,2
121209,52,5,47,2
121210,61,7,54,2
121211,54,6,48,2
121212,43,7,36,2
121213,55,11,44,2
121214,48,5,43,2
121215,71,8,63,2
121216,57,6,51,2
121217,60,7,53,2
121218,61,6,55,2
121219,44,10,34,2
121220,47,5,42,2
121221,45,3,42,2
121222,47,8,39,2
121223,44,5,39,2
121224,59,5,54,2
121225,59,5,54,2
121226,57,7,50,2
121227,51,7,44,2
121228,54,9,45,2
121229,54,4,50,2
121230,51,8,43,2
121231,59,8,51,2
121232,54,11,43,2
121233,57,7,50,2
121234,44,3,41,2
121235,53,8,45,2
121236,46,9,37,2
121237,64,5,59,2
121238,56,6,50,2
121239,52,5,47,2
121240,58,13,45,2
121241,48,4,44,2
121242,32,8,24,2
121243,58,10,48,2
121244,57,6,51,2
121245,42,4,38,2
121246,55,6,49,2
121247,59,4,55,2
121248,55,3,52,2
121249,44,1,43,2
121250,54,10,44,2
121251,58,8,50,2
121252,51,11,40,2
121253,44,4,40,2
121254,55,4,51,2
121255,53,7,46,2
121256,61,5,56,2
121257,65,13,52,2
121258,55,9,46,2
121259,60,3,57,2
121260,58,10,48,2
121261,56,3,53,2
121262,53,8,45,2
121263,48,7,41,2
121264,72,14,58,2
121265,66,6,60,2
121266,60,11,49,2
121267,58,4,54,2
121268,47,5,42,2
121269,62,5,57,2
121270,57,5,52,2
121271,58,3,55,2
121272,65,7,58,2
121273,53,9,44,2
121274,53,7,46,2
121275,63,8,55,2
121276,65,8,57,2
121277,55,4,51,2
121278,85,13,72,2
121279,45,10,35,2
121280,58,11,47,2
121281,47,5,42,2
121282,51,7,44,2
121283,59,9,50,2
121284,67,4,63,2
121285,56,4,52,2
121286,60,4,56,2
121287,45,4,41,2
121288,47,4,43,2
121289,58,6,52,2
121290,64,9,55,2
121291,54,7,47,2
121292,46,7,39,2
121293,60,6,54,2
121294,59,6,53,2
121295,48,7,41,2
121296,62,10,52,2
121297,42,3,39,2
121298,56,13,43,2
121299,63,4,59,2
121300,42,6,36,2
121301,56,9,47,2
121302,49,6,43,2
121303,64,3,61,2
121304,49,5,44,2
121305,59,9,50,2
121306,61,6,55,2
121307,53,3,50,2
121308,54,3,51,2
121309,42,3,39,2
121310,52,5,47,2
121311,67,6,61,2
121312,59,8,51,2
121313,52,5,47,2
121314,49,8,41,2
121315,44,10,34,2
121316,53,4,49,2
121317,46,6,40,2
121318,59,9,50,2
121319,62,7,55,2
121320,51,4,47,2
121321,52,6,46,2
121322,62,9,53,2
121323,66,7,59,2
121324,59,7,52,2
121325,50,4,46,2
121326,57,10,47,2
121327,65,9,56,2
121328,60,3,57,2
121329,61,10,51,2
121330,58,3,55,2
121331,58,8,50,2
121332,51,6,45,2
121333,43,7,36,2
121334,49,5,44,2
121335,58,10,48,2
121336,49,3,46,2
121337,50,6,44,2
121338,51,5,46,2
121339,45,2,43,2
121340,56,8,48,2
121341,53,10,43,2
121342,58,5,53,2
121343,52,8,44,2
121344,51,8,43,2
121345,51,7,44,2
121346,71,6,65,2
121347,62,7,55,2
121348,49,4,45,2
121349,55,8,47,2
121350,59,13,46,2
121351,54,5,49,2
121352,57,9,48,2
121353,62,14,48,2
121354,51,8,43,2
121355,51,3,48,2
121356,65,2,63,2
121357,57,10,47,2
121358,61,7,54,2
121359,61,8,53,2
121360,59,5,54,2
121361,62,9,53,2
121362,60,4,56,2
121363,50,7,43,2
121364,62,4,58,2
121365,57,7,50,2
121366,56,8,48,2
121367,50,4,46,2
121368,43,6,37,2
121369,40,4,36,2
121370,64,9,55,2
121371,56,4,52,2
121372,54,4,50,2
121373,52,2,50,2
121374,54,2,52,2
121375,68,4,64,2
121376,57,6,51,2
121377,56,5,51,2
121378,60,6,54,2
121379,68,8,60,2
121380,57,5,52,2
121381,44,9,35,2
121382,62,13,49,2
121383,52,8,44,2
121384,48,8,40,2
121385,59,4,55,2
121386,65,7,58,2
121387,53,7,46,2
121388,53,8,45,2
121389,61,12,49,2
121390,53,5,48,2
121391,74,8,66,2
121392,62,10,52,2
121393,78,12,66,2
121394,52,8,44,2
121395,67,9,58,2
121396,44,3,41,2
121397,40,10,30,2
121398,64,12,52,2
121399,49,4,45,2
121400,66,9,57,2
121401,49,5,44,2
121402,51,5,46,2
121403,61,8,53,2
121404,57,7,50,2
121405,60,4,56,2
121406,63,7,56,2
121407,56,9,47,2
121408,66,6,60,2
121409,46,4,42,2
121410,59,7,52,2
121411,58,11,47,2
121412,47,9,38,2
121413,64,8,56,2
121414,45,5,40,2
121415,71,9,62,2
121416,53,14,39,2
121417,51,11,40,2
121418,49,1,48,2
121419,64,10,54,2
121420,60,8,52,2
121421,41,5,36,2
121422,56,7,49,2
121424,47,6,41,2
121425,53,8,45,2
121426,49,5,44,2
121427,48,6,42,2
121428,51,8,43,2
121429,47,7,40,2
121430,63,7,56,2
121431,46,4,42,2
121432,65,10,55,2
121433,52,7,45,2
121434,64,12,52,2
121435,59,3,56,2
121436,44,7,37,2
121437,41,2,39,2
121438,58,9,49,2
121439,61,7,54,2
121440,65,5,60,2
121441,48,4,44,2
121442,65,7,58,2
121443,57,11,46,2
121444,60,6,54,2
121445,53,9,44,2
121446,52,7,45,2
121447,57,9,48,2
121448,55,8,47,2
121449,60,5,55,2
121450,66,14,52,2
121451,65,8,57,2
121452,42,3,39,2
121453,51,6,45,2
121454,57,8,49,2
121455,60,7,53,2
121456,50,1,49,2
121457,53,5,48,2
121458,52,6,46,2
121459,48,6,42,2
121460,56,9,47,2
121461,48,7,41,2
121462,62,6,56,2
121463,52,7,45,2
121464,57,6,51,2
121465,66,7,59,2
121466,62,4,58,2
121467,61,6,55,2
121468,52,8,44,2
121469,62,11,51,2
121470,58,3,55,2
121471,60,6,54,2
121472,51,10,41,2
121473,58,14,44,2
121474,58,9,49,2
121475,70,8,62,2
121476,59,10,49,2
121477,52,4,48,2
121478,47,5,42,2
121479,58,3,55,2
121480,55,3,52,2
121481,66,8,58,2
121482,39,8,31,2
121483,62,10,52,2
121484,55,7,48,2
121485,51,6,45,2
121486,49,5,44,2
121487,58,6,52,2
121488,44,4,40,2
121489,51,6,45,2
121490,66,4,62,2
121491,47,4,43,2
121492,60,8,52,2
121493,53,3,50,2
121494,62,4,58,2
121495,59,5,54,2
121496,60,10,50,2
121497,53,7,46,2
121498,58,5,53,2
121499,48,7,41,2
121500,57,4,53,2
121501,49,7,42,2
121502,51,2,49,2
121503,55,7,48,2
121504,61,8,53,2
121505,50,8,42,2
121506,53,8,45,2
121507,54,8,46,2
121508,59,3,56,2
121509,51,3,48,2
121510,48,9,39,2
121511,63,10,53,2
121513,57,7,50,2
121514,58,8,50,2
121515,50,9,41,2
121516,69,12,57,2
121517,59,6,53,2
121518,60,8,52,2
121519,64,11,53,2
121520,50,8,42,2
121521,48,6,42,2
121522,51,7,44,2
121523,52,7,45,2
121524,56,3,53,2
121525,57,8,49,2
121526,65,6,59,2
121527,58,8,50,2
121528,53,7,46,2
121529,58,10,48,2
121530,53,2,51,2
121531,49,9,40,2
121532,64,9,55,2
121533,60,5,55,2
121534,57,10,47,2
121535,47,9,38,2
121536,58,10,48,2
121537,59,7,52,2
121538,68,13,55,2
121539,55,5,50,2
121540,52,5,47,2
121541,48,7,41,2
121542,56,5,51,2
121543,47,7,40,2
121544,57,9,48,2
121545,52,3,49,2
121546,59,5,54,2
121547,51,8,43,2
121548,45,5,40,2
121549,50,8,42,2
121550,53,9,44,2
121551,60,6,54,2
121552,47,7,40,2
121553,57,5,52,2
121554,46,7,39,2
121555,58,9,49,2
121556,54,15,39,2
121557,58,8,50,2
121558,47,7,40,2
121559,40,2,38,2
121560,51,8,43,2
121561,54,11,43,2
121562,54,9,45,2
121563,67,6,61,2
121564,46,7,39,2
121565,46,4,42,2
121566,54,4,50,2
121567,40,4,36,2
121568,35,4,31,2
121569,72,7,65,2
121570,48,2,46,2
121571,58,6,52,2
121572,59,8,51,2
121573,73,5,68,2
121574,52,7,45,2
121575,62,8,54,2
121576,53,8,45,2
121577,52,2,50,2
121578,55,7,48,2
121579,58,6,52,2
121580,53,2,51,2
121581,46,7,39,2
121582,55,12,43,2
121583,51,5,46,2
121584,68,9,59,2
121585,58,5,53,2
121586,55,5,50,2
121587,53,11,42,2
121588,59,9,50,2
121589,54,6,48,2
121590,60,9,51,2
121591,47,5,42,2
121592,45,5,40,2
121593,61,4,57,2
121594,67,7,60,2
121595,37,2,35,2
121596,59,6,53,2
121597,48,8,40,2
121598,58,4,54,2
121599,45,2,43,2
121600,55,5,50,2
121601,52,4,48,2
121602,48,3,45,2
121603,46,2,44,2
121604,53,12,41,2
121605,58,5,53,2
121606,57,6,51,2
121607,50,7,43,2
121608,55,5,50,2
121609,57,8,49,2
121610,53,7,46,2
121611,55,4,51,2
121612,51,7,44,2
121613,52,10,42,2
121614,51,3,48,2
121615,73,7,66,2
121616,50,6,44,2
121617,55,6,49,2
121618,52,6,46,2
121619,64,8,56,2
121620,63,6,57,2
121621,57,9,48,2
121622,58,6,52,2
121623,66,5,61,2
121624,46,6,40,2
121625,47,3,44,2
121626,55,6,49,2
121627,72,5,67,2
121628,52,5,47,2
121629,52,5,47,2
121630,60,9,51,2
121631,64,6,58,2
121632,51,7,44,2
121633,60,8,52,2
121634,40,8,32,2
121635,55,12,43,2
121636,52,7,45,2
121637,42,4,38,2
121638,55,3,52,2
121639,65,10,55,2
121640,53,6,47,2
121641,48,1,47,2
121642,41,4,37,2
121643,38,7,31,2
121644,53,7,46,2
121645,59,6,53,2
121646,60,6,54,2
121647,67,10,57,2
121648,55,5,50,2
121649,56,1,55,2
121650,62,8,54,2
121651,57,3,54,2
121652,57,4,53,2
121653,42,7,35,2
121654,59,3,56,2
121655,60,7,53,2
121656,62,10,52,2
121657,59,5,54,2
121658,53,8,45,2
121659,54,5,49,2
121660,54,11,43,2
121661,55,6,49,2
121662,56,4,52,2
121663,49,9,40,2
121664,50,3,47,2
121665,47,5,42,2
121666,54,7,47,2
121667,46,4,42,2
121668,57,8,49,2
121669,56,7,49,2
121670,55,7,48,2
121671,48,7,41,2
121672,44,7,37,2
121673,49,4,45,2
121674,70,5,65,2
121675,52,4,48,2
121676,66,11,55,2
121677,50,6,44,2
121678,45,3,42,2
121679,49,3,46,2
121680,59,8,51,2
121681,50,7,43,2
121682,49,3,46,2
121683,48,6,42,2
121684,66,9,57,2
121685,56,5,51,2
121686,54,8,46,2
121687,59,9,50,2
121688,50,7,43,2
121689,68,7,61,2
121690,55,13,42,2
121691,58,4,54,2
121692,55,8,47,2
121693,45,6,39,2
121694,51,6,45,2
121695,70,11,59,2
121696,63,9,54,2
121697,60,7,53,2
121698,51,4,47,2
121699,50,7,43,2
121700,51,10,41,2
121701,60,7,53,2
121702,44,3,41,2
121703,63,9,54,2
121704,62,8,54,2
121705,59,8,51,2
121706,46,3,43,2
121707,44,6,38,2
121708,56,3,53,2
121709,56,7,49,2
121710,61,6,55,2
121711,66,9,57,2
121712,52,4,48,2
121713,52,8,44,2
121714,62,6,56,2
121715,63,5,58,2
121716,64,6,58,2
121717,56,5,51,2
121718,56,6,50,2
121719,58,10,48,2
121720,44,7,37,2
121721,54,8,46,2
121722,59,7,52,2
121723,55,4,51,2
121724,56,6,50,2
121725,48,6,42,2
121726,63,8,55,2
121727,51,4,47,2
121728,60,11,49,2
121729,53,6,47,2
121730,43,3,40,2
121731,58,8,50,2
121732,53,5,48,2
121733,50,9,41,2
121734,56,9,47,2
121735,55,5,50,2
121736,62,9,53,2
121737,54,8,46,2
121738,52,1,51,2
121739,49,5,44,2
121740,54,9,45,2
121741,54,7,47,2
121742,40,6,34,2
121743,69,3,66,2
121744,56,4,52,2
121745,47,4,43,2
121746,52,7,45,2
121747,55,5,50,2
121748,56,6,50,2
121749,54,1,53,2
121750,61,8,53,2
121751,53,4,49,2
121752,51,6,45,2
121753,59,8,51,2
121754,57,8,49,2
121755,54,7,47,2
121756,54,9,45,2
121757,54,11,43,2
121758,61,5,56,2
121759,57,6,51,2
121760,51,5,46,2
121761,55,9,46,2
121762,55,8,47,2
121763,63,7,56,2
121764,51,7,44,2
121765,51,6,45,2
121766,55,10,45,2
121767,50,8,42,2
121768,62,6,56,2
121769,51,8,43,2
121770,52,9,43,2
121771,53,12,41,2
121772,56,6,50,2
121773,66,7,59,2
121774,55,5,50,2
121775,47,6,41,2
121776,59,4,55,2
121777,57,9,48,2
121778,49,7,42,2
121779,57,6,51,2
121780,48,7,41,2
121781,40,6,34,2
121782,57,7,50,2
121783,66,7,59,2
121784,55,7,48,2
121785,55,7,48,2
121786,58,10,48,2
121787,48,6,42,2
121788,40,3,37,2
121789,50,6,44,2
121790,59,9,50,2
121791,53,10,43,2
121792,59,12,47,2
121793,61,8,53,2
121794,37,3,34,2
121795,50,3,47,2
121796,65,10,55,2
121797,52,14,38,2
121798,55,8,47,2
121799,63,8,55,2
121800,52,4,48,2
121801,54,7,47,2
121802,57,6,51,2
121803,60,5,55,2
121804,55,5,50,2
121805,64,2,62,2
121806,43,3,40,2
121807,61,7,54,2
121808,53,4,49,2
121809,49,6,43,2
121810,49,7,42,2
121811,58,9,49,2
121812,51,3,48,2
121813,52,8,44,2
121814,68,7,61,2
121815,69,12,57,2
121816,62,6,56,2
121817,56,8,48,2
121818,53,2,51,2
121819,64,8,56,2
121820,51,8,43,2
121821,62,9,53,2
121822,45,13,32,2
121823,53,6,47,2
121824,59,6,53,2
121825,51,5,46,2
121826,43,5,38,2
121827,57,6,51,2
121828,60,6,54,2
121829,47,4,43,2
121830,63,10,53,2
121831,50,5,45,2
121832,55,8,47,2
121833,64,12,52,2
121834,59,8,51,2
121835,54,10,44,2
121836,44,3,41,2
121837,62,4,58,2
121838,50,4,46,2
121839,57,8,49,2
121840,56,10,46,2
121841,48,6,42,2
121842,83,12,71,2
121843,57,6,51,2
121844,47,7,40,2
121845,73,6,67,2
121846,60,4,56,2
121847,66,11,55,2
121848,41,5,36,2
121849,57,11,46,2
121850,48,6,42,2
121851,52,9,43,2
121852,63,4,59,2
121853,64,11,53,2
121854,50,4,46,2
121855,61,9,52,2
121856,42,7,35,2
121857,63,7,56,2
121858,71,6,65,2
121859,53,9,44,2
121860,53,7,46,2
121861,50,7,43,2
121862,71,5,66,2
121863,52,5,47,2
121864,47,4,43,2
121865,59,5,54,2
121866,56,2,54,2
121867,56,7,49,2
121868,47,6,41,2
121869,47,9,38,2
121870,54,6,48,2
121871,63,6,57,2
121872,41,8,33,2
121873,63,9,54,2
121874,68,9,59,2
121875,47,5,42,2
121876,53,11,42,2
121877,55,7,48,2
121878,41,0,41,1
121879,52,7,45,2
121880,57,6,51,2
121881,52,6,46,2
121882,54,7,47,2
121883,68,6,62,2
121884,55,9,46,2
121885,60,7,53,2
121886,41,4,37,2
121887,54,6,48,2
121888,61,7,54,2
121889,58,10,48,2
121890,62,7,55,2
121891,50,3,47,2
121892,55,6,49,2
121893,44,4,40,2
121894,50,4,46,2
121895,36,4,32,2
121896,51,5,46,2
121897,47,5,42,2
121898,52,8,44,2
121899,65,6,59,2
121900,65,11,54,2
121901,42,4,38,2
121902,42,6,36,2
121903,68,10,58,2
121904,50,5,45,2
121905,73,9,64,2
121906,45,5,40,2
121907,54,6,48,2
121908,46,5,41,2
121909,44,4,40,2
121910,64,8,56,2
121911,56,2,54,2
121912,58,13,45,2
121913,44,6,38,2
121914,59,6,53,2
121915,47,8,39,2
121916,54,4,50,2
121917,59,3,56,2
121918,45,4,41,2
121919,49,6,43,2
121920,43,6,37,2
121921,47,8,39,2
121922,53,3,50,2
121923,50,5,45,2
121924,54,5,49,2
121925,58,13,45,2
121926,44,10,34,2
121927,51,8,43,2
121928,45,4,41,2
121929,51,3,48,2
121930,55,9,46,2
121931,63,5,58,2
121932,56,5,51,2
121933,60,4,56,2
121934,40,6,34,2
121935,52,7,45,2
121936,50,4,46,2
121937,43,5,38,2
121938,51,7,44,2
121939,49,5,44,2
121940,54,8,46,2
121941,54,4,50,2
121942,55,8,47,2
121943,66,8,58,2
121944,49,3,46,2
121945,59,8,51,2
121946,41,3,38,2
121947,51,6,45,2
121948,63,7,56,2
121949,53,4,49,2
121950,55,6,49,2
121951,64,11,53,2
121952,52,5,47,2
121953,56,7,49,2
121954,58,7,51,2
121955,62,5,57,2
121956,51,8,43,2
121957,49,9,40,2
121958,56,5,51,2
121959,49,6,43,2
121960,53,7,46,2
121961,47,5,42,2
121962,52,5,47,2
121963,59,7,52,2
121964,43,8,35,2
121965,62,11,51,2
121966,59,13,46,2
121967,55,5,50,2
121968,72,10,62,2
121969,41,4,37,2
121970,58,7,51,2
121971,56,2,54,2
121972,45,6,39,2
121973,67,8,59,2
121974,60,9,51,2
121975,50,4,46,2
121976,46,1,45,2
121977,58,5,53,2
121978,51,8,43,2
121979,49,6,43,2
121980,59,5,54,2
121981,63,7,56,2
121982,54,6,48,2
121983,60,5,55,2
121984,57,13,44,2
121985,56,2,54,2
121986,54,5,49,2
121987,51,12,39,2
121988,55,9,46,2
121989,54,6,48,2
121990,69,12,57,2
121991,48,5,43,2
121992,68,8,60,2
121993,55,3,52,2
121994,57,2,55,2
121995,62,8,54,2
121996,48,6,42,2
121997,50,6,44,2
121998,49,4,45,2
121999,49,6,43,2
122000,68,8,60,2
122001,48,4,44,2
122002,58,5,53,2
122003,34,3,31,2
122004,49,6,43,2
122005,58,8,50,2
122006,50,1,49,2
122007,63,11,52,2
122008,49,3,46,2
122009,47,6,41,2
122010,49,4,45,2
122011,59,10,49,2
122012,51,10,41,2
122013,62,7,55,2
122014,49,8,41,2
122015,42,3,39,2
122016,50,9,41,2
122017,62,9,53,2
122018,52,9,43,2
122019,41,7,34,2
122020,45,6,39,2
122021,48,4,44,2
122022,55,4,51,2
122023,56,8,48,2
122025,55,5,50,2
122026,54,8,46,2
122027,62,7,55,2
122028,58,4,54,2
122029,55,4,51,2
122030,66,12,54,2
122031,50,5,45,2
122032,53,8,45,2
122033,47,5,42,2
122034,54,7,47,2
122035,39,2,37,2
122036,57,5,52,2
122037,64,7,57,2
122038,51,6,45,2
122039,57,7,50,2
122040,50,4,46,2
122041,57,4,53,2
122042,40,7,33,2
122043,49,5,44,2
122044,50,9,41,2
122045,42,9,33,2
122046,49,4,45,2
122047,63,4,59,2
122048,51,7,44,2
122049,66,8,58,2
122050,52,6,46,2
122051,49,3,46,2
122052,58,4,54,2
122053,58,10,48,2
122054,61,9,52,2
122055,54,8,46,2
122056,58,4,54,2
122057,41,7,34,2
122058,62,11,51,2
122059,58,9,49,2
122060,57,2,55,2
122061,47,3,44,2
122062,52,5,47,2
122063,60,9,51,2
122064,53,3,50,2
122065,47,8,39,2
122066,56,6,50,2
122067,51,4,47,2
122068,56,6,50,2
122069,52,5,47,2
122070,69,13,56,2
122071,51,8,43,2
122072,46,6,40,2
122073,46,4,42,2
122074,53,5,48,2
122075,51,7,44,2
122076,57,10,47,2
122077,37,4,33,2
122078,48,7,41,2
122079,56,6,50,2
122080,60,10,50,2
122081,43,6,37,2
122082,44,7,37,2
122083,50,5,45,2
122084,33,4,29,2
122085,51,4,47,2
122086,53,7,46,2
122087,48,9,39,2
122088,55,8,47,2
122089,55,8,47,2
122090,56,10,46,2
122091,51,13,38,2
122092,56,5,51,2
122093,57,7,50,2
122094,63,11,52,2
122095,55,4,51,2
122096,37,7,30,2
122097,56,7,49,2
122098,61,7,54,2
122099,48,9,39,2
122100,59,7,52,2
122101,54,2,52,2
122102,45,5,40,2
122103,56,7,49,2
122104,38,4,34,2
122105,60,8,52,2
122106,56,8,48,2
122107,58,3,55,2
122108,60,10,50,2
122109,51,8,43,2
122110,59,6,53,2
122111,45,6,39,2
122112,45,10,35,2
122113,56,8,48,2
122114,54,8,46,2
122115,49,2,47,2
122116,55,7,48,2
122117,46,6,40,2
122118,38,4,34,2
122119,56,8,48,2
122120,48,3,45,2
122121,65,6,59,2
122122,49,4,45,2
122123,53,4,49,2
122124,56,9,47,2
122125,53,7,46,2
122126,57,9,48,2
122127,56,7,49,2
122128,45,1,44,2
122129,72,15,57,2
122130,57,4,53,2
122131,58,10,48,2
122132,51,7,44,2
122133,46,2,44,2
122134,44,8,36,2
122135,56,6,50,2
122136,50,6,44,2
122137,53,6,47,2
122138,66,8,58,2
122139,55,8,47,2
122140,48,8,40,2
122141,43,6,37,2
122142,42,2,40,2
122143,67,6,61,2
122144,60,5,55,2
122145,68,8,60,2
122146,60,7,53,2
122147,59,4,55,2
122148,53,3,50,2
122149,52,9,43,2
122150,49,5,44,2
122151,62,6,56,2
122152,53,7,46,2
122153,70,14,56,2
122154,66,7,59,2
122155,51,5,46,2
122156,43,3,40,2
122157,62,13,49,2
122158,49,5,44,2
122159,61,8,53,2
122160,49,9,40,2
122161,54,11,43,2
122162,44,2,42,2
122163,53,7,46,2
122164,54,3,51,2
122165,74,17,57,2
122166,53,3,50,2
122167,64,9,55,2
122168,46,4,42,2
122169,59,4,55,2
122170,67,8,59,2
122171,58,6,52,2
122172,54,8,46,2
122173,64,5,59,2
122174,44,3,41,2
122175,66,5,61,2
122176,42,7,35,2
122177,56,7,49,2
122178,56,7,49,2
122179,39,4,35,2
122180,43,9,34,2
122181,36,4,32,2
122182,58,9,49,2
122183,55,3,52,2
122184,49,2,47,2
122185,70,6,64,2
122186,46,9,37,2
122187,65,5,60,2
122188,54,7,47,2
122189,38,2,36,2
122190,56,6,50,2
122191,47,4,43,2
122192,42,7,35,2
122193,63,6,57,2
122194,47,4,43,2
122195,54,7,47,2
122196,52,2,50,2
122197,56,8,48,2
122198,56,7,49,2
122199,49,8,41,2
122200,61,6,55,2
122201,53,7,46,2
122202,69,7,62,2
122203,58,6,52,2
122204,52,7,45,2
122205,52,7,45,2
122206,58,6,52,2
122207,44,2,42,2
122208,36,5,31,2
122209,50,7,43,2
122210,47,6,41,2
122211,61,8,53,2
122212,51,3,48,2
122213,57,3,54,2
122214,48,5,43,2
122215,51,1,50,2
122216,62,3,59,2
122217,47,3,44,2
122218,59,6,53,2
122219,44,1,43,2
122220,53,4,49,2
122221,64,11,53,2
122222,64,9,55,2
122223,47,10,37,2
122224,66,12,54,2
122225,57,4,53,2
122226,51,9,42,2
122227,66,5,61,2
122228,52,10,42,2
122229,50,6,44,2
122230,44,5,39,2
122231,58,3,55,2
122232,54,6,48,2
122233,55,5,50,2
122234,51,6,45,2
122235,50,2,48,2
122236,44,5,39,2
122237,57,3,54,2
122238,55,6,49,2
122239,48,8,40,2
122240,63,7,56,2
122241,60,6,54,2
122242,50,6,44,2
122243,51,6,45,2
122244,61,7,54,2
122245,53,12,41,2
122246,66,6,60,2
122247,46,6,40,2
122248,50,7,43,2
122249,61,10,51,2
122250,51,6,45,2
122251,50,7,43,2
122252,55,4,51,2
122253,47,2,45,2
122254,51,4,47,2
122255,59,6,53,2
122256,52,6,46,2
122257,42,6,36,2
122258,61,9,52,2
122259,57,10,47,2
122261,53,2,51,2
122262,43,6,37,2
122263,72,10,62,2
122264,52,8,44,2
122265,60,8,52,2
122266,51,4,47,2
122267,58,6,52,2
122268,45,4,41,2
122269,56,7,49,2
122270,53,5,48,2
122271,54,6,48,2
122272,50,3,47,2
122273,54,7,47,2
122274,78,6,72,2
122275,58,5,53,2
122276,55,4,51,2
122277,57,10,47,2
122278,54,7,47,2
122279,56,8,48,2
122280,56,1,55,2
122281,55,6,49,2
122282,56,3,53,2
122283,54,8,46,2
122284,57,8,49,2
122285,54,10,44,2
122286,53,7,46,2
122287,57,7,50,2
122288,51,2,49,2
122289,52,8,44,2
122290,47,6,41,2
122291,65,7,58,2
122292,59,7,52,2
122293,62,9,53,2
122294,68,6,62,2
122295,51,6,45,2
122296,54,9,45,2
122297,62,4,58,2
122298,42,6,36,2
122299,65,6,59,2
122300,49,6,43,2
122301,63,11,52,2
122302,52,4,48,2
122303,59,12,47,2
122304,47,5,42,2
122305,51,9,42,2
122306,62,4,58,2
122307,51,5,46,2
122308,53,5,48,2
122309,48,3,45,2
122310,48,6,42,2
122311,55,9,46,2
122312,56,3,53,2
122313,50,5,45,2
122314,53,7,46,2
122315,58,5,53,2
122316,62,10,52,2
122317,50,6,44,2
122318,58,3,55,2
122319,38,9,29,2
122320,49,5,44,2
122321,45,4,41,2
122322,50,5,45,2
122323,47,1,46,2
122324,70,10,60,2
122325,45,4,41,2
122326,55,7,48,2
122327,39,9,30,2
122328,50,4,46,2
122329,43,3,40,2
122330,45,4,41,2
122331,52,8,44,2
122332,43,5,38,2
122333,48,8,40,2
122334,71,7,64,2
122335,45,3,42,2
122336,52,7,45,2
122337,62,6,56,2
122338,56,7,49,2
122339,55,7,48,2
122340,50,7,43,2
122341,55,7,48,2
122342,42,3,39,2
122343,43,10,33,2
122344,68,9,59,2
122345,43,4,39,2
122346,59,2,57,2
122347,55,6,49,2
122348,56,8,48,2
122349,49,3,46,2
122350,47,7,40,2
122351,52,5,47,2
122352,57,9,48,2
122353,55,7,48,2
122354,51,5,46,2
122355,53,4,49,2
122356,57,5,52,2
122357,48,4,44,2
122358,47,8,39,2
122359,48,6,42,2
122360,45,9,36,2
122361,52,3,49,2
122362,65,10,55,2
122363,53,7,46,2
122364,53,7,46,2
122365,62,6,56,2
122366,57,8,49,2
122367,55,5,50,2
122368,46,4,42,2
122369,53,13,40,2
122370,54,6,48,2
122371,57,6,51,2
122372,61,4,57,2
122373,53,1,52,2
122374,63,9,54,2
122375,47,6,41,2
122377,52,3,49,2
122378,71,9,62,2
122379,65,8,57,2
122380,51,5,46,2
122381,42,7,35,2
122382,62,8,54,2
122383,48,0,48,1
122384,56,4,52,2
122385,50,11,39,2
122386,50,5,45,2
122387,47,1,46,2
122388,59,4,55,2
122389,53,4,49,2
122390,46,5,41,2
122391,58,10,48,2
122392,49,3,46,2
122393,50,10,40,2
122394,63,5,58,2
122395,59,7,52,2
122396,48,6,42,2
122397,54,7,47,2
122398,49,7,42,2
122399,46,10,36,2
122400,53,4,49,2
122401,51,3,48,2
122402,55,10,45,2
122403,52,5,47,2
122404,50,3,47,2
122405,56,8,48,2
122406,51,6,45,2
122407,59,5,54,2
122408,65,8,57,2
122409,72,15,57,2
122410,56,3,53,2
122411,54,8,46,2
122412,73,12,61,2
122413,48,3,45,2
122414,47,5,42,2
122415,55,9,46,2
122416,58,11,47,2
122417,70,10,60,2
122418,50,4,46,2
122419,50,5,45,2
122420,53,6,47,2
122421,48,7,41,2
122422,52,7,45,2
122423,53,4,49,2
122424,60,11,49,2
122425,43,3,40,2
122426,52,7,45,2
122427,44,6,38,2
122428,59,8,51,2
122429,61,8,53,2
122430,56,11,45,2
122431,46,5,41,2
122432,57,4,53,2
122433,54,6,48,2
122434,50,5,45,2
122435,51,8,43,2
122436,54,7,47,2
122437,71,8,63,2
122438,48,3,45,2
122439,58,6,52,2
122440,72,7,65,2
122441,50,7,43,2
122442,52,10,42,2
122443,69,5,64,2
122444,50,6,44,2
122445,44,6,38,2
122446,63,5,58,2
122447,45,6,39,2
122448,56,7,49,2
122449,68,3,65,2
122450,57,8,49,2
122451,50,5,45,2
122452,55,7,48,2
122453,55,8,47,2
122454,49,5,44,2
122455,52,4,48,2
122456,41,3,38,2
122457,59,7,52,2
122458,43,8,35,2
122459,71,7,64,2
122460,52,6,46,2
122461,61,6,55,2
122462,53,5,48,2
122463,66,14,52,2
122464,46,3,43,2
122465,59,5,54,2
122466,63,11,52,2
122467,51,12,39,2
122468,50,8,42,2
122469,65,10,55,2
122470,63,4,59,2
122471,67,10,57,2
122472,55,5,50,2
122473,49,5,44,2
122474,42,5,37,2
122475,52,6,46,2
122476,64,7,57,2
122477,50,8,42,2
122478,53,5,48,2
122479,46,5,41,2
122480,50,3,47,2
122481,51,5,46,2
122482,54,10,44,2
122483,53,8,45,2
122484,57,5,52,2
122485,46,9,37,2
122486,65,11,54,2
122487,50,7,43,2
122488,55,10,45,2
122489,40,1,39,2
122490,67,8,59,2
122491,57,3,54,2
122492,52,5,47,2
122493,50,8,42,2
122494,52,6,46,2
122495,70,4,66,2
122496,60,5,55,2
122497,45,6,39,2
122498,43,5,38,2
122499,55,7,48,2
122500,56,10,46,2
122501,62,3,59,2
122502,71,9,62,2
122503,55,2,53,2
122504,50,6,44,2
122505,50,10,40,2
122506,54,7,47,2
122507,48,9,39,2
122508,62,9,53,2
122509,58,10,48,2
122510,50,8,42,2
122511,51,4,47,2
122512,52,5,47,2
122513,54,5,49,2
122514,57,9,48,2
122515,63,8,55,2
122516,60,10,50,2
122517,60,3,57,2
122518,72,7,65,2
122519,58,11,47,2
122520,60,11,49,2
122521,43,4,39,2
122522,53,4,49,2
122523,60,4,56,2
122524,62,12,50,2
122525,53,4,49,2
122526,49,5,44,2
122527,54,2,52,2
122528,53,6,47,2
122529,60,9,51,2
122530,46,5,41,2
122531,59,14,45,2
122532,53,5,48,2
122533,61,9,52,2
122534,56,8,48,2
122535,73,5,68,2
122536,53,4,49,2
122537,52,8,44,2
122538,55,6,49,2
122539,55,9,46,2
122540,38,5,33,2
122541,60,6,54,2
122542,50,7,43,2
122543,61,12,49,2
122544,60,5,55,2
122545,53,5,48,2
122546,55,4,51,2
122547,51,6,45,2
122548,60,9,51,2
122549,50,5,45,2
122550,69,7,62,2
122551,44,7,37,2
122552,49,4,45,2
122553,61,10,51,2
122554,53,8,45,2
122555,63,8,55,2
122556,47,8,39,2
122557,52,9,43,2
122558,57,6,51,2
122559,56,7,49,2
122560,46,3,43,2
122561,47,6,41,2
122562,60,11,49,2
122563,51,3,48,2
122564,52,6,46,2
122565,57,7,50,2
122566,50,5,45,2
122567,65,8,57,2
122568,44,3,41,2
122569,55,6,49,2
122570,56,9,47,2
122571,41,1,40,2
122572,56,10,46,2
122573,57,4,53,2
122574,63,10,53,2
122575,48,4,44,2
122576,58,11,47,2
122577,54,7,47,2
122578,59,7,52,2
122579,44,3,41,2
122580,50,3,47,2
122581,49,4,45,2
122582,53,5,48,2
122583,47,5,42,2
122584,52,4,48,2
122585,64,7,57,2
122586,59,6,53,2
122587,73,6,67,2
122588,47,3,44,2
122589,63,4,59,2
122590,55,5,50,2
122591,63,9,54,2
122592,48,7,41,2
122593,48,10,38,2
122594,60,10,50,2
122595,49,4,45,2
122596,48,7,41,2
122597,47,5,42,2
122598,51,2,49,2
122599,61,6,55,2
122600,49,5,44,2
122601,56,3,53,2
122602,57,9,48,2
122603,64,8,56,2
122604,64,10,54,2
122605,59,7,52,2
122606,56,5,51,2
122607,66,8,58,2
122608,57,7,50,2
122609,60,8,52,2
122610,50,6,44,2
122611,52,7,45,2
122612,59,4,55,2
122613,44,3,41,2
122614,45,5,40,2
122615,64,13,51,2
122616,47,3,44,2
122617,63,8,55,2
122618,43,2,41,2
122619,59,9,50,2
122620,58,5,53,2
122621,51,6,45,2
122622,63,9,54,2
122623,47,10,37,2
122624,50,5,45,2
122625,67,12,55,2
122626,62,2,60,2
122627,56,12,44,2
122628,60,5,55,2
122629,59,8,51,2
122630,49,7,42,2
122631,58,8,50,2
122632,57,7,50,2
122633,52,6,46,2
122634,50,6,44,2
122635,39,6,33,2
122636,51,7,44,2
122637,55,10,45,2
122638,63,10,53,2
122639,49,8,41,2
122640,49,8,41,2
122641,47,3,44,2
122642,40,6,34,2
122643,45,6,39,2
122644,55,7,48,2
122645,40,3,37,2
122646,67,12,55,2
122647,56,13,43,2
122648,57,10,47,2
122649,48,7,41,2
122650,60,6,54,2
122651,52,4,48,2
122652,49,5,44,2
122653,59,11,48,2
122654,46,4,42,2
122655,57,6,51,2
122656,42,7,35,2
122657,46,8,38,2
122658,59,7,52,2
122659,53,2,51,2
122660,73,7,66,2
122661,64,4,60,2
122662,52,7,45,2
122663,51,6,45,2
122664,54,4,50,2
122665,63,15,48,2
122666,49,4,45,2
122667,40,3,37,2
122668,35,3,32,2
122669,53,14,39,2
122670,65,2,63,2
122671,58,12,46,2
122672,45,4,41,2
122673,60,4,56,2
122674,58,4,54,2
122675,47,7,40,2
122676,53,9,44,2
122677,51,6,45,2
122678,55,4,51,2
122679,52,7,45,2
122680,56,5,51,2
122681,54,4,50,2
122682,58,6,52,2
122683,56,5,51,2
122684,51,5,46,2
122685,67,5,62,2
122686,48,8,40,2
122687,45,8,37,2
122688,65,5,60,2
122689,48,5,43,2
122690,45,7,38,2
122691,55,6,49,2
122692,66,7,59,2
122693,59,9,50,2
122694,61,8,53,2
122695,45,3,42,2
122696,45,13,32,2
122697,59,7,52,2
122698,63,9,54,2
122699,51,1,50,2
122700,62,5,57,2
122701,57,11,46,2
122702,59,9,50,2
122703,50,2,48,2
122704,47,6,41,2
122705,63,11,52,2
122706,54,8,46,2
122707,45,5,40,2
122708,44,7,37,2
122709,61,7,54,2
122710,59,7,52,2
122711,65,5,60,2
122712,54,3,51,2
122713,55,7,48,2
122714,47,4,43,2
122715,54,11,43,2
122716,65,8,57,2
122717,45,6,39,2
122718,50,9,41,2
122719,57,8,49,2
122720,54,4,50,2
122721,59,7,52,2
122722,53,9,44,2
122723,48,5,43,2
122724,42,6,36,2
122725,47,3,44,2
122726,51,2,49,2
122727,37,5,32,2
122728,57,9,48,2
122729,49,2,47,2
122730,60,4,56,2
122731,45,7,38,2
122732,63,7,56,2
122733,51,7,44,2
122734,45,3,42,2
122735,60,8,52,2
122736,63,11,52,2
122737,58,5,53,2
122738,56,6,50,2
122739,53,10,43,2
122740,59,10,49,2
122741,50,4,46,2
122742,63,10,53,2
122743,52,8,44,2
122744,50,9,41,2
122745,53,6,47,2
122746,56,4,52,2
122747,61,6,55,2
122748,53,7,46,2
122749,46,3,43,2
122750,50,6,44,2
122751,51,7,44,2
122752,44,3,41,2
122753,56,5,51,2
122754,50,6,44,2
122755,59,11,48,2
122756,59,7,52,2
122757,61,8,53,2
122758,55,7,48,2
122759,61,6,55,2
122760,59,7,52,2
122761,58,6,52,2
122762,60,10,50,2
122763,50,8,42,2
122764,50,9,41,2
122765,69,4,65,2
122766,55,4,51,2
122767,59,7,52,2
122768,51,8,43,2
122769,58,13,45,2
122770,53,6,47,2
122771,60,7,53,2
122772,52,6,46,2
122773,58,7,51,2
122774,60,8,52,2
122775,46,5,41,2
122776,51,6,45,2
122777,58,6,52,2
122778,45,12,33,2
122779,65,6,59,2
122780,69,11,58,2
122781,64,7,57,2
122782,46,6,40,2
122783,65,4,61,2
122784,55,7,48,2
122785,63,7,56,2
122786,51,8,43,2
122787,62,12,50,2
122788,47,4,43,2
122789,55,8,47,2
122790,67,11,56,2
122791,46,4,42,2
122792,62,8,54,2
122793,61,9,52,2
122794,53,3,50,2
122795,48,8,40,2
122796,44,5,39,2
122797,69,12,57,2
122798,48,1,47,2
122799,62,7,55,2
122800,61,8,53,2
122801,59,5,54,2
122802,56,6,50,2
122803,58,6,52,2
122804,60,6,54,2
122805,52,8,44,2
122806,35,3,32,2
122807,56,5,51,2
122808,41,2,39,2
122809,62,5,57,2
122810,40,8,32,2
122811,40,2,38,2
122812,60,3,57,2
122813,46,5,41,2
122814,39,6,33,2
122815,47,3,44,2
122816,55,5,50,2
122817,58,6,52,2
122818,60,6,54,2
122819,53,8,45,2
122820,46,8,38,2
122821,50,8,42,2
122822,74,9,65,2
122823,35,3,32,2
122824,39,6,33,2
122825,50,8,42,2
122826,57,7,50,2
122827,53,4,49,2
122828,54,9,45,2
122829,52,4,48,2
122830,48,7,41,2
122831,50,6,44,2
122832,50,1,49,2
122833,50,8,42,2
122834,37,3,34,2
122835,48,4,44,2
122836,67,7,60,2
122837,54,9,45,2
122838,48,5,43,2
122839,54,8,46,2
122840,52,6,46,2
122841,58,8,50,2
122842,58,9,49,2
122843,47,8,39,2
122844,67,9,58,2
122845,51,7,44,2
122846,57,8,49,2
122847,46,7,39,2
122848,59,9,50,2
122849,47,2,45,2
122850,66,7,59,2
122851,71,11,60,2
122852,47,7,40,2
122853,52,4,48,2
122854,49,3,46,2
122855,58,12,46,2
122856,66,11,55,2
122857,57,7,50,2
122858,56,8,48,2
122859,46,3,43,2
122860,47,6,41,2
122861,64,7,57,2
122862,62,10,52,2
122863,73,8,65,2
122864,49,8,41,2
122865,51,4,47,2
122866,71,9,62,2
122867,49,3,46,2
122868,50,2,48,2
122869,62,9,53,2
122870,57,8,49,2
122871,57,5,52,2
122872,66,8,58,2
122873,42,4,38,2
122874,69,6,63,2
122875,54,8,46,2
122876,43,4,39,2
122877,50,5,45,2
122878,51,3,48,2
122879,56,5,51,2
122880,51,4,47,2
122881,57,10,47,2
122882,54,5,49,2
122883,51,7,44,2
122884,58,6,52,2
122885,53,6,47,2
122886,53,5,48,2
122887,50,7,43,2
122888,49,6,43,2
122889,47,2,45,2
122890,55,3,52,2
122891,59,11,48,2
122892,64,9,55,2
122893,46,10,36,2
122894,47,4,43,2
122895,49,9,40,2
122896,52,8,44,2
122897,56,4,52,2
122898,37,6,31,2
122899,63,9,54,2
122900,63,6,57,2
122901,53,9,44,2
122902,48,4,44,2
122903,45,6,39,2
122904,55,6,49,2
122905,62,8,54,2
122906,50,6,44,2
122907,45,8,37,2
122908,50,4,46,2
122909,59,9,50,2
122910,56,5,51,2
122911,65,9,56,2
122912,51,5,46,2
122913,56,6,50,2
122914,53,6,47,2
122915,44,7,37,2
122916,58,5,53,2
122917,58,3,55,2
122918,66,6,60,2
122919,57,4,53,2
122920,64,7,57,2
122921,54,7,47,2
122922,52,10,42,2
122923,62,7,55,2
122924,50,7,43,2
122925,62,7,55,2
122926,56,6,50,2
122927,49,8,41,2
122928,51,2,49,2
122929,56,6,50,2
122930,53,5,48,2
122931,57,5,52,2
122932,60,7,53,2
122933,50,3,47,2
122934,42,3,39,2
122935,47,4,43,2
122936,65,9,56,2
122937,71,10,61,2
122938,53,7,46,2
122939,48,6,42,2
122940,44,5,39,2
122941,67,11,56,2
122942,50,8,42,2
122943,51,9,42,2
122944,54,6,48,2
122945,54,3,51,2
122946,47,4,43,2
122947,54,4,50,2
122948,57,8,49,2
122949,50,5,45,2
122950,56,10,46,2
122951,54,4,50,2
122952,56,6,50,2
122953,52,7,45,2
122954,62,8,54,2
122955,57,3,54,2
122956,53,8,45,2
122957,53,4,49,2
122958,50,6,44,2
122959,61,4,57,2
122960,68,12,56,2
122961,51,2,49,2
122962,53,11,42,2
122963,51,8,43,2
122964,55,4,51,2
122965,45,7,38,2
122966,63,8,55,2
122967,54,8,46,2
122968,52,13,39,2
122969,45,5,40,2
122970,49,6,43,2
122971,55,5,50,2
122972,52,10,42,2
122973,50,7,43,2
122974,57,8,49,2
122975,55,5,50,2
122976,48,4,44,2
122977,45,4,41,2
122978,50,8,42,2
122979,56,6,50,2
122980,45,1,44,2
122981,55,3,52,2
122982,60,8,52,2
122983,58,7,51,2
122984,54,2,52,2
122985,57,10,47,2
122986,47,7,40,2
122987,57,7,50,2
122988,46,9,37,2
122989,47,3,44,2
122990,53,3,50,2
122991,47,4,43,2
122992,54,12,42,2
122993,53,6,47,2
122994,66,8,58,2
122995,64,7,57,2
122996,54,9,45,2
122998,58,8,50,2
122999,56,8,48,2
123000,63,10,53,2
123001,40,7,33,2
123002,53,6,47,2
123003,56,9,47,2
123004,48,2,46,2
123005,65,7,58,2
123006,47,4,43,2
123007,60,6,54,2
123008,59,6,53,2
123009,41,10,31,2
123010,49,7,42,2
123011,53,9,44,2
123012,64,7,57,2
123013,60,7,53,2
123014,46,7,39,2
123015,68,6,62,2
123016,72,9,63,2
123017,60,6,54,2
123018,54,4,50,2
123019,67,6,61,2
123020,59,7,52,2
123021,57,8,49,2
123022,49,3,46,2
123023,61,7,54,2
123024,47,9,38,2
123025,56,6,50,2
123026,56,12,44,2
123027,49,9,40,2
123028,58,7,51,2
123029,51,3,48,2
123030,40,3,37,2
123031,51,5,46,2
123032,55,7,48,2
123033,65,11,54,2
123034,48,8,40,2
123035,42,2,40,2
123036,52,13,39,2
123038,54,7,47,2
123039,63,5,58,2
123040,45,6,39,2
123041,45,9,36,2
123042,45,3,42,2
123043,53,6,47,2
123044,43,2,41,2
123045,51,5,46,2
123046,38,4,34,2
123047,54,9,45,2
123048,59,9,50,2
123049,54,9,45,2
123050,68,8,60,2
123051,55,6,49,2
123052,51,6,45,2
123053,66,10,56,2
123054,56,5,51,2
123055,42,3,39,2
123056,54,7,47,2
123057,60,6,54,2
123058,58,10,48,2
123059,34,4,30,2
123060,34,8,26,2
123061,63,9,54,2
123062,52,10,42,2
123063,48,7,41,2
123064,58,7,51,2
123065,54,5,49,2
123066,49,5,44,2
123067,53,7,46,2
123068,56,7,49,2
123069,53,4,49,2
123070,49,8,41,2
123071,61,8,53,2
123072,59,5,54,2
123073,44,5,39,2
123074,51,8,43,2
123075,48,5,43,2
123076,72,11,61,2
123077,53,7,46,2
123078,60,6,54,2
123079,61,9,52,2
123080,56,5,51,2
123081,66,12,54,2
123082,63,9,54,2
123083,50,8,42,2
123084,59,11,48,2
123085,47,6,41,2
123086,55,7,48,2
123087,62,10,52,2
123088,44,10,34,2
123089,44,4,40,2
123090,46,9,37,2
123091,48,6,42,2
123092,61,14,47,2
123093,41,9,32,2
123094,54,7,47,2
123095,58,7,51,2
123096,51,7,44,2
123097,63,11,52,2
123098,52,8,44,2
123099,61,4,57,2
123100,51,5,46,2
123101,54,7,47,2
123102,69,10,59,2
123103,43,5,38,2
123104,58,6,52,2
123105,57,4,53,2
123106,66,7,59,2
123107,53,4,49,2
123108,58,8,50,2
123109,53,7,46,2
123110,56,6,50,2
123111,60,9,51,2
123112,37,2,35,2
123113,60,8,52,2
123114,48,5,43,2
123115,38,4,34,2
123116,61,2,59,2
123117,57,8,49,2
123118,63,5,58,2
123119,60,7,53,2
123120,55,6,49,2
123121,46,5,41,2
123122,58,6,52,2
123123,65,4,61,2
123124,50,6,44,2
123125,55,9,46,2
123126,44,4,40,2
123127,54,9,45,2
123128,54,5,49,2
123129,53,8,45,2
123130,58,2,56,2
123131,53,6,47,2
123132,62,5,57,2
123133,51,4,47,2
123134,68,6,62,2
123135,54,6,48,2
123136,60,6,54,2
123137,60,3,57,2
123138,47,10,37,2
123139,48,2,46,2
123140,48,3,45,2
123141,62,9,53,2
123142,69,8,61,2
123143,54,8,46,2
123144,45,4,41,2
123145,57,5,52,2
123146,57,5,52,2
123147,51,7,44,2
123148,41,4,37,2
123149,49,6,43,2
123150,60,2,58,2
123151,61,11,50,2
123152,56,6,50,2
123153,56,8,48,2
123154,46,4,42,2
123155,52,3,49,2
123156,45,7,38,2
123157,50,3,47,2
123158,47,6,41,2
123159,52,4,48,2
123160,69,10,59,2
123161,60,5,55,2
123162,66,8,58,2
123163,57,6,51,2
123164,41,5,36,2
123165,55,6,49,2
123166,51,6,45,2
123167,54,8,46,2
123168,47,5,42,2
123169,61,9,52,2
123170,60,7,53,2
123171,69,8,61,2
123172,52,3,49,2
123173,66,9,57,2
123174,46,4,42,2
123175,52,7,45,2
123176,56,8,48,2
123177,42,6,36,2
123178,55,6,49,2
123179,61,3,58,2
123180,65,7,58,2
123181,43,9,34,2
123182,51,2,49,2
123183,58,8,50,2
123184,60,5,55,2
123185,42,5,37,2
123186,57,8,49,2
123187,70,10,60,2
123188,61,8,53,2
123189,48,7,41,2
123190,52,5,47,2
123191,42,5,37,2
123192,64,13,51,2
123193,50,3,47,2
123194,69,7,62,2
123195,52,7,45,2
123196,58,10,48,2
123197,49,6,43,2
123198,48,6,42,2
123199,44,4,40,2
123200,45,7,38,2
123201,55,5,50,2
123202,53,6,47,2
123203,51,6,45,2
123204,45,7,38,2
123205,44,4,40,2
123206,41,8,33,2
123207,57,10,47,2
123208,56,11,45,2
123209,54,6,48,2
123210,63,7,56,2
123211,74,11,63,2
123212,64,8,56,2
123213,69,6,63,2
123214,61,4,57,2
123215,53,8,45,2
123216,49,8,41,2
123217,56,11,45,2
123218,43,9,34,2
123219,60,8,52,2
123220,46,10,36,2
123221,44,3,41,2
123222,54,5,49,2
123223,51,9,42,2
123224,49,3,46,2
123225,60,3,57,2
123226,55,8,47,2
123227,62,2,60,2
123228,55,5,50,2
123229,56,5,51,2
123230,59,8,51,2
123231,49,3,46,2
123232,59,3,56,2
123233,43,7,36,2
123234,40,4,36,2
123235,61,5,56,2
123236,63,7,56,2
123237,62,11,51,2
123238,50,3,47,2
123239,50,6,44,2
123240,48,7,41,2
123241,55,4,51,2
123242,53,8,45,2
123243,49,6,43,2
123244,52,3,49,2
123245,50,5,45,2
123246,45,2,43,2
123247,57,4,53,2
123248,48,5,43,2
123249,58,3,55,2
123250,57,11,46,2
123251,57,8,49,2
123252,48,5,43,2
123253,55,3,52,2
123254,54,5,49,2
123255,60,6,54,2
123256,60,9,51,2
123257,57,6,51,2
123258,57,9,48,2
123259,57,2,55,2
123260,56,11,45,2
123261,57,8,49,2
123262,44,2,42,2
123263,55,9,46,2
123264,50,8,42,2
123265,59,6,53,2
123266,45,5,40,2
123267,53,3,50,2
123268,44,5,39,2
123269,57,7,50,2
123270,55,5,50,2
123271,56,6,50,2
123272,56,7,49,2
123273,56,4,52,2
123274,49,7,42,2
123275,43,7,36,2
123276,53,14,39,2
123277,60,5,55,2
123278,64,10,54,2
123279,56,3,53,2
123280,49,6,43,2
123281,52,7,45,2
123282,53,11,42,2
123283,55,10,45,2
123284,57,6,51,2
123285,55,6,49,2
123286,41,3,38,2
123287,52,5,47,2
123288,52,7,45,2
123289,57,4,53,2
123290,49,4,45,2
123291,47,8,39,2
123292,57,8,49,2
123293,60,7,53,2
123294,42,4,38,2
123295,49,5,44,2
123296,52,6,46,2
123297,45,6,39,2
123298,50,7,43,2
123299,54,7,47,2
123300,54,6,48,2
123301,62,9,53,2
123302,40,3,37,2
123303,58,5,53,2
123304,68,7,61,2
123305,57,6,51,2
123306,55,2,53,2
123307,59,8,51,2
123308,57,7,50,2
123309,52,8,44,2
123310,51,9,42,2
123311,43,4,39,2
123312,57,8,49,2
123313,52,5,47,2
123314,59,4,55,2
123315,59,5,54,2
123316,42,4,38,2
123317,63,9,54,2
123318,55,8,47,2
123319,55,6,49,2
123320,55,5,50,2
123321,59,6,53,2
123322,55,2,53,2
123323,56,11,45,2
123324,67,15,52,2
123325,57,5,52,2
123326,47,3,44,2
123327,53,10,43,2
123328,49,5,44,2
123329,59,10,49,2
123330,52,2,50,2
123331,48,7,41,2
123332,64,9,55,2
123333,50,4,46,2
123334,55,4,51,2
123335,62,7,55,2
123336,51,9,42,2
123337,54,4,50,2
123338,54,7,47,2
123339,57,4,53,2
123340,57,8,49,2
123341,56,5,51,2
123342,57,10,47,2
123343,48,6,42,2
123344,52,7,45,2
123345,57,10,47,2
123346,56,2,54,2
123347,44,5,39,2
123348,55,10,45,2
123349,47,7,40,2
123350,51,4,47,2
123351,45,7,38,2
123352,56,9,47,2
123353,66,10,56,2
123354,55,1,54,2
123355,51,4,47,2
123356,53,8,45,2
123357,41,5,36,2
123358,44,7,37,2
123359,46,9,37,2
123360,61,1,60,2
123361,57,5,52,2
123362,59,7,52,2
123363,56,10,46,2
123364,56,8,48,2
123365,59,6,53,2
123366,48,9,39,2
123367,48,6,42,2
123368,56,11,45,2
123369,58,5,53,2
123370,47,4,43,2
123371,57,9,48,2
123372,58,9,49,2
123373,68,16,52,2
123374,57,6,51,2
123375,56,7,49,2
123376,55,7,48,2
123377,40,3,37,2
123378,55,7,48,2
123379,53,6,47,2
123380,58,4,54,2
123381,49,4,45,2
123382,57,9,48,2
123383,56,9,47,2
123384,71,8,63,2
123385,56,5,51,2
123386,60,8,52,2
123387,57,8,49,2
123388,45,6,39,2
123389,58,8,50,2
123390,61,8,53,2
123391,59,10,49,2
123392,54,6,48,2
123393,48,9,39,2
123394,59,5,54,2
123395,56,5,51,2
123396,48,8,40,2
123397,53,8,45,2
123398,47,8,39,2
123399,61,7,54,2
123400,58,7,51,2
123401,56,12,44,2
123402,54,1,53,2
123403,44,7,37,2
123404,52,10,42,2
123405,64,6,58,2
123406,47,2,45,2
123407,55,6,49,2
123408,45,8,37,2
123409,48,3,45,2
123410,64,7,57,2
123411,59,11,48,2
123412,55,8,47,2
123413,58,7,51,2
123414,58,11,47,2
123415,42,3,39,2
123416,57,10,47,2
123417,55,3,52,2
123418,44,3,41,2
123419,49,4,45,2
123420,52,9,43,2
123421,60,9,51,2
123422,58,8,50,2
123423,62,8,54,2
123424,50,4,46,2
123425,59,9,50,2
123426,56,7,49,2
123427,68,8,60,2
123428,62,8,54,2
123429,67,3,64,2
123430,64,7,57,2
123431,42,8,34,2
123432,64,6,58,2
123433,64,6,58,2
123434,44,2,42,2
123435,50,8,42,2
123436,58,3,55,2
123437,55,6,49,2
123438,51,7,44,2
123439,48,1,47,2
123440,60,11,49,2
123441,48,5,43,2
123442,67,4,63,2
123443,53,5,48,2
123444,43,5,38,2
123445,49,6,43,2
123446,68,11,57,2
123447,49,6,43,2
123448,50,6,44,2
123449,56,6,50,2
123450,65,9,56,2
123451,49,6,43,2
123452,84,13,71,2
123453,62,6,56,2
123454,71,7,64,2
123455,65,6,59,2
123456,54,7,47,2
123457,48,2,46,2
123458,63,10,53,2
123459,62,8,54,2
123460,56,2,54,2
123461,46,4,42,2
123462,45,8,37,2
123463,47,3,44,2
123464,39,4,35,2
123465,61,4,57,2
123466,41,4,37,2
123467,54,6,48,2
123468,58,5,53,2
123469,43,9,34,2
123470,56,3,53,2
123471,63,9,54,2
123472,58,2,56,2
123473,61,7,54,2
123474,53,5,48,2
123475,61,7,54,2
123476,61,9,52,2
123477,68,4,64,2
123478,56,5,51,2
123479,68,10,58,2
123480,49,6,43,2
123481,49,1,48,2
123482,57,4,53,2
123483,57,7,50,2
123484,48,4,44,2
123485,57,4,53,2
123486,60,11,49,2
123487,37,6,31,2
123488,64,9,55,2
123489,65,7,58,2
123490,61,9,52,2
123491,74,9,65,2
123492,54,7,47,2
123493,55,6,49,2
123494,47,5,42,2
123495,46,3,43,2
123496,50,7,43,2
123497,57,8,49,2
123498,56,10,46,2
123499,41,2,39,2
123500,47,2,45,2
123501,58,10,48,2
123502,46,6,40,2
123503,71,8,63,2
123504,45,5,40,2
123505,61,11,50,2
123506,47,3,44,2
123507,59,4,55,2
123508,55,8,47,2
123509,52,3,49,2
123510,43,4,39,2
123511,53,6,47,2
123512,54,7,47,2
123513,67,6,61,2
123514,53,6,47,2
123515,58,8,50,2
123516,55,5,50,2
123517,68,14,54,2
123518,45,5,40,2
123519,62,17,45,2
123520,61,3,58,2
123521,62,7,55,2
123522,61,8,53,2
123523,59,9,50,2
123524,62,4,58,2
123525,40,2,38,2
123526,43,6,37,2
123527,49,7,42,2
123528,59,5,54,2
123529,42,2,40,2
123530,62,6,56,2
123531,52,7,45,2
123532,52,6,46,2
123533,61,4,57,2
123534,63,6,57,2
123535,46,1,45,2
123536,51,2,49,2
123537,59,3,56,2
123538,59,5,54,2
123539,46,7,39,2
123540,42,8,34,2
123541,50,7,43,2
123542,53,7,46,2
123543,54,4,50,2
123544,50,8,42,2
123545,58,4,54,2
123546,49,8,41,2
123547,64,7,57,2
123548,52,4,48,2
123549,53,5,48,2
123550,57,3,54,2
123551,55,7,48,2
123552,53,10,43,2
123553,55,6,49,2
123554,63,6,57,2
123555,60,6,54,2
123556,70,5,65,2
123557,45,6,39,2
123558,42,6,36,2
123559,52,5,47,2
123560,58,6,52,2
123561,44,5,39,2
123562,50,8,42,2
123563,59,6,53,2
123564,43,4,39,2
123565,51,7,44,2
123566,55,9,46,2
123567,47,7,40,2
123568,41,5,36,2
123569,64,6,58,2
123570,47,6,41,2
123571,44,6,38,2
123572,50,7,43,2
123573,62,7,55,2
123574,65,8,57,2
123575,60,8,52,2
123576,55,6,49,2
123577,48,8,40,2
123578,50,7,43,2
123579,65,11,54,2
123580,69,9,60,2
123581,63,8,55,2
123582,55,7,48,2
123583,56,6,50,2
123584,51,5,46,2
123585,40,3,37,2
123586,55,3,52,2
123587,61,6,55,2
123588,59,6,53,2
123589,67,11,56,2
123590,53,9,44,2
123591,47,4,43,2
123592,38,3,35,2
123593,57,5,52,2
123594,66,4,62,2
123595,51,5,46,2
123596,54,6,48,2
123597,48,5,43,2
123598,44,5,39,2
123599,48,5,43,2
123600,50,6,44,2
123601,65,9,56,2
123602,51,5,46,2
123603,57,6,51,2
123605,60,5,55,2
123606,41,2,39,2
123607,57,5,52,2
123608,50,4,46,2
123609,62,4,58,2
123610,53,5,48,2
123611,42,5,37,2
123612,67,9,58,2
123613,48,8,40,2
123614,43,5,38,2
123615,52,4,48,2
123616,51,6,45,2
123617,53,10,43,2
123618,57,4,53,2
123619,61,4,57,2
123620,58,7,51,2
123621,49,4,45,2
123622,59,6,53,2
123623,48,7,41,2
123624,49,5,44,2
123625,56,8,48,2
123626,50,4,46,2
123627,43,5,38,2
123628,54,4,50,2
123629,48,4,44,2
123630,54,4,50,2
123631,46,3,43,2
123632,52,6,46,2
123633,59,2,57,2
123634,53,5,48,2
123635,48,8,40,2
123636,48,8,40,2
123637,52,6,46,2
123638,47,4,43,2
123639,55,4,51,2
123640,49,10,39,2
123641,55,4,51,2
123642,65,9,56,2
123643,46,4,42,2
123644,51,8,43,2
123645,54,5,49,2
123646,64,8,56,2
123647,53,4,49,2
123648,54,6,48,2
123649,46,6,40,2
123650,52,8,44,2
123651,46,1,45,2
123652,46,8,38,2
123653,60,9,51,2
123654,49,2,47,2
123655,53,5,48,2
123656,57,7,50,2
123657,61,3,58,2
123658,63,7,56,2
123659,61,6,55,2
123660,48,5,43,2
123661,69,3,66,2
123662,52,6,46,2
123663,58,2,56,2
123664,69,9,60,2
123665,59,7,52,2
123666,57,10,47,2
123667,57,7,50,2
123668,59,4,55,2
123669,48,3,45,2
123670,55,4,51,2
123671,62,7,55,2
123672,50,5,45,2
123673,44,6,38,2
123674,51,9,42,2
123675,48,7,41,2
123676,51,5,46,2
123677,65,12,53,2
123678,58,7,51,2
123679,62,6,56,2
123680,47,4,43,2
123681,65,6,59,2
123682,54,4,50,2
123683,55,3,52,2
123684,58,9,49,2
123685,59,12,47,2
123686,44,8,36,2
123687,51,11,40,2
123688,62,8,54,2
123689,72,8,64,2
123690,52,5,47,2
123691,48,6,42,2
123692,66,6,60,2
123693,53,5,48,2
123694,62,5,57,2
123695,57,4,53,2
123696,60,7,53,2
123697,55,5,50,2
123698,54,2,52,2
123699,57,7,50,2
123700,52,5,47,2
123701,49,10,39,2
123702,38,4,34,2
123703,62,6,56,2
123704,56,2,54,2
123705,52,9,43,2
123706,49,5,44,2
123707,57,8,49,2
123708,58,6,52,2
123709,46,5,41,2
123710,54,4,50,2
123711,57,6,51,2
123712,46,8,38,2
123713,54,4,50,2
123714,38,4,34,2
123715,59,6,53,2
123716,49,5,44,2
123717,53,10,43,2
123718,51,10,41,2
123719,46,6,40,2
123720,58,7,51,2
123721,48,7,41,2
123722,50,7,43,2
123723,52,4,48,2
123724,56,3,53,2
123725,49,4,45,2
123726,50,5,45,2
123727,65,7,58,2
123728,55,10,45,2
123729,58,14,44,2
123730,52,9,43,2
123731,53,5,48,2
123732,53,7,46,2
123733,62,7,55,2
123734,48,7,41,2
123735,44,4,40,2
123736,62,8,54,2
123737,50,4,46,2
123738,46,6,40,2
123739,45,8,37,2
123740,64,4,60,2
123741,56,7,49,2
123742,60,3,57,2
123743,71,10,61,2
123744,50,5,45,2
123745,50,5,45,2
123746,56,2,54,2
123747,51,5,46,2
123748,50,8,42,2
123749,43,2,41,2
123750,54,7,47,2
123751,54,8,46,2
123752,66,8,58,2
123753,56,6,50,2
123754,42,4,38,2
123755,48,6,42,2
123756,51,11,40,2
123757,58,3,55,2
123758,56,10,46,2
123759,57,8,49,2
123760,56,7,49,2
123761,51,5,46,2
123762,52,7,45,2
123763,50,6,44,2
123764,70,12,58,2
123765,52,6,46,2
123766,51,6,45,2
123767,50,7,43,2
123768,62,1,61,2
123769,65,8,57,2
123770,40,4,36,2
123771,59,9,50,2
123772,67,7,60,2
123773,58,8,50,2
123774,57,7,50,2
123775,68,8,60,2
123776,58,6,52,2
123777,43,2,41,2
123778,63,10,53,2
123779,59,5,54,2
123780,46,6,40,2
123781,53,3,50,2
123782,51,6,45,2
123783,53,8,45,2
123784,57,8,49,2
123785,53,8,45,2
123786,49,3,46,2
123787,52,8,44,2
123788,42,5,37,2
123789,49,7,42,2
123790,50,8,42,2
123791,53,3,50,2
123792,56,7,49,2
123793,52,9,43,2
123794,50,6,44,2
123795,56,8,48,2
123796,54,6,48,2
123797,44,3,41,2
123798,50,3,47,2
123799,50,5,45,2
123800,56,5,51,2
123801,72,6,66,2
123802,46,9,37,2
123803,53,6,47,2
123804,53,6,47,2
123805,53,3,50,2
123806,51,9,42,2
123807,44,3,41,2
123808,64,6,58,2
123809,50,4,46,2
123810,48,8,40,2
123811,49,7,42,2
123812,49,4,45,2
123813,64,5,59,2
123814,53,3,50,2
123815,48,4,44,2
123816,46,4,42,2
123817,60,6,54,2
123818,57,12,45,2
123819,49,8,41,2
123820,53,4,49,2
123821,61,7,54,2
123822,53,6,47,2
123823,52,6,46,2
123824,60,4,56,2
123825,56,6,50,2
123826,73,10,63,2
123827,63,7,56,2
123828,58,9,49,2
123829,63,3,60,2
123830,57,6,51,2
123831,55,6,49,2
123832,64,6,58,2
123833,62,5,57,2
123834,63,9,54,2
123835,48,3,45,2
123836,61,8,53,2
123837,63,13,50,2
123838,47,8,39,2
123839,47,4,43,2
123840,64,9,55,2
123841,53,9,44,2
123842,57,3,54,2
123843,64,5,59,2
123844,44,6,38,2
123845,54,6,48,2
123846,54,8,46,2
123847,48,5,43,2
123848,56,2,54,2
123849,43,2,41,2
123850,45,3,42,2
123851,57,6,51,2
123852,54,10,44,2
123853,48,6,42,2
123854,58,11,47,2
123855,63,6,57,2
123856,58,7,51,2
123857,40,5,35,2
123858,53,10,43,2
123859,50,5,45,2
123860,50,6,44,2
123861,44,10,34,2
123862,54,5,49,2
123863,65,5,60,2
123864,47,7,40,2
123865,56,6,50,2
123866,53,7,46,2
123867,72,9,63,2
123868,54,10,44,2
123869,52,8,44,2
123870,50,6,44,2
123871,48,3,45,2
123872,51,3,48,2
123873,63,7,56,2
123874,54,7,47,2
123875,65,5,60,2
123876,41,4,37,2
123877,68,8,60,2
123878,57,6,51,2
123879,53,4,49,2
123880,59,9,50,2
123881,48,3,45,2
123882,47,5,42,2
123883,58,6,52,2
123884,46,6,40,2
123885,57,7,50,2
123886,51,5,46,2
123887,53,3,50,2
123888,51,5,46,2
123889,63,5,58,2
123890,46,6,40,2
123891,60,9,51,2
123892,58,5,53,2
123893,58,9,49,2
123894,56,8,48,2
123895,51,5,46,2
123896,60,6,54,2
123897,43,7,36,2
123898,61,5,56,2
123899,50,7,43,2
123900,42,5,37,2
123901,58,10,48,2
123902,55,4,51,2
123903,45,7,38,2
123904,59,7,52,2
123905,45,6,39,2
123906,47,10,37,2
123907,47,3,44,2
123908,70,11,59,2
123909,44,6,38,2
123910,44,3,41,2
123911,68,9,59,2
123912,55,10,45,2
123913,55,4,51,2
123914,58,3,55,2
123915,48,1,47,2
123916,57,8,49,2
123917,56,6,50,2
123918,48,6,42,2
123919,51,4,47,2
123920,61,9,52,2
123921,48,7,41,2
123922,56,5,51,2
123923,49,7,42,2
123924,61,11,50,2
123925,56,6,50,2
123926,59,9,50,2
123927,51,6,45,2
123928,48,3,45,2
123929,74,6,68,2
123930,50,5,45,2
123931,50,6,44,2
123932,51,6,45,2
123933,48,8,40,2
123934,50,4,46,2
123935,51,6,45,2
123936,39,2,37,2
123937,56,6,50,2
123938,61,5,56,2
123939,52,4,48,2
123940,61,5,56,2
123941,64,6,58,2
123942,52,7,45,2
123943,54,6,48,2
123944,72,10,62,2
123945,66,5,61,2
123946,65,11,54,2
123947,62,6,56,2
123948,49,6,43,2
123949,39,8,31,2
123950,49,7,42,2
123951,49,8,41,2
123952,69,7,62,2
123953,47,5,42,2
123954,52,6,46,2
123955,52,10,42,2
123956,46,6,40,2
123957,53,9,44,2
123958,49,3,46,2
123959,54,4,50,2
123960,57,4,53,2
123961,56,3,53,2
123962,50,3,47,2
123963,52,10,42,2
123964,55,12,43,2
123965,56,3,53,2
123966,53,4,49,2
123967,57,9,48,2
123968,52,6,46,2
123969,73,7,66,2
123970,60,5,55,2
123971,62,6,56,2
123972,51,5,46,2
123973,43,2,41,2
123974,51,5,46,2
123975,41,3,38,2
123976,52,7,45,2
123977,46,7,39,2
123978,61,7,54,2
123979,48,6,42,2
123980,48,7,41,2
123981,52,6,46,2
123982,56,7,49,2
123983,53,7,46,2
123984,55,5,50,2
123985,52,4,48,2
123986,52,4,48,2
123987,66,7,59,2
123988,57,8,49,2
123989,69,6,63,2
123990,49,7,42,2
123991,59,10,49,2
123992,54,4,50,2
123993,62,5,57,2
123994,59,10,49,2
123995,56,8,48,2
123996,50,10,40,2
123997,63,13,50,2
123998,61,7,54,2
123999,59,5,54,2
124000,59,6,53,2
124001,48,3,45,2
124002,51,6,45,2
124003,63,8,55,2
124004,42,2,40,2
124005,65,6,59,2
124006,59,4,55,2
124007,63,5,58,2
124008,61,5,56,2
124009,42,6,36,2
124010,37,3,34,2
124011,46,6,40,2
124012,51,6,45,2
124013,55,7,48,2
124014,50,5,45,2
124015,38,3,35,2
124016,57,9,48,2
124017,63,7,56,2
124018,48,6,42,2
124019,55,9,46,2
124020,50,8,42,2
124021,43,5,38,2
124022,53,6,47,2
124023,58,6,52,2
124024,53,15,38,2
124025,63,9,54,2
124026,48,7,41,2
124027,70,10,60,2
124028,51,7,44,2
124029,45,4,41,2
124030,50,4,46,2
124031,58,10,48,2
124032,51,7,44,2
124033,52,4,48,2
124034,53,0,53,1
124035,62,9,53,2
124036,48,3,45,2
124037,66,6,60,2
124038,51,5,46,2
124039,58,12,46,2
124040,69,13,56,2
124041,52,7,45,2
124042,50,4,46,2
124043,61,9,52,2
124044,47,5,42,2
124045,54,7,47,2
124046,59,7,52,2
124047,45,2,43,2
124048,50,4,46,2
124049,54,8,46,2
124050,55,8,47,2
124051,48,6,42,2
124052,59,8,51,2
124053,46,6,40,2
124054,42,2,40,2
124055,47,3,44,2
124056,57,3,54,2
124057,53,6,47,2
124058,42,7,35,2
124059,58,8,50,2
124060,60,5,55,2
124061,55,5,50,2
124062,62,4,58,2
124063,52,8,44,2
124064,35,5,30,2
124065,55,12,43,2
124066,47,4,43,2
124067,57,8,49,2
124068,56,8,48,2
124069,61,6,55,2
124070,48,3,45,2
124071,56,8,48,2
124072,67,6,61,2
124073,60,4,56,2
124074,48,8,40,2
124075,46,2,44,2
124076,53,8,45,2
124077,63,7,56,2
124078,48,6,42,2
124079,55,7,48,2
124080,54,8,46,2
124081,57,11,46,2
124082,63,6,57,2
124083,58,7,51,2
124084,54,9,45,2
124085,56,6,50,2
124086,43,11,32,2
124087,46,5,41,2
124088,52,9,43,2
124089,48,8,40,2
124090,45,6,39,2
124091,52,6,46,2
124092,48,11,37,2
124093,55,4,51,2
124094,64,8,56,2
124095,59,8,51,2
124096,56,9,47,2
124097,56,6,50,2
124098,59,7,52,2
124099,55,6,49,2
124100,63,10,53,2
124101,49,6,43,2
124102,56,6,50,2
124103,61,3,58,2
124104,53,10,43,2
124105,38,3,35,2
124106,52,6,46,2
124107,54,7,47,2
124108,56,7,49,2
124109,50,7,43,2
124110,43,4,39,2
124111,47,6,41,2
124112,51,2,49,2
124113,50,6,44,2
124114,56,3,53,2
124115,54,5,49,2
124116,56,4,52,2
124117,59,12,47,2
124118,63,11,52,2
124119,44,4,40,2
124120,46,5,41,2
124121,60,2,58,2
124122,66,4,62,2
124123,41,5,36,2
124124,71,7,64,2
124125,38,5,33,2
124126,54,4,50,2
124127,63,8,55,2
124128,64,5,59,2
124129,53,4,49,2
124130,54,4,50,2
124131,47,8,39,2
124132,58,5,53,2
124133,47,9,38,2
124134,62,7,55,2
124135,57,6,51,2
124136,48,5,43,2
124137,60,4,56,2
124138,44,4,40,2
124139,58,6,52,2
124140,54,8,46,2
124141,71,10,61,2
124142,59,1,58,2
124143,61,9,52,2
124144,54,4,50,2
124145,55,1,54,2
124146,50,5,45,2
124147,56,8,48,2
124148,48,7,41,2
124149,59,9,50,2
124150,56,3,53,2
124151,60,9,51,2
124152,53,5,48,2
124153,47,4,43,2
124154,52,8,44,2
124155,53,10,43,2
124156,52,5,47,2
124157,49,5,44,2
124158,57,11,46,2
124159,63,5,58,2
124160,56,5,51,2
124161,46,2,44,2
124162,54,4,50,2
124163,60,7,53,2
124164,51,6,45,2
124165,65,7,58,2
124166,41,5,36,2
124167,53,8,45,2
124168,55,5,50,2
124169,48,4,44,2
124170,50,7,43,2
124171,45,5,40,2
124172,50,4,46,2
124173,56,10,46,2
124174,65,8,57,2
124175,46,6,40,2
124176,63,9,54,2
124177,53,8,45,2
124178,65,8,57,2
124179,63,12,51,2
124180,61,8,53,2
124181,62,9,53,2
124182,52,8,44,2
124183,53,6,47,2
124184,52,7,45,2
124185,51,9,42,2
124186,61,3,58,2
124187,58,7,51,2
124188,47,5,42,2
124189,55,5,50,2
124190,48,6,42,2
124191,44,5,39,2
124192,51,4,47,2
124193,54,7,47,2
124194,61,6,55,2
124195,60,10,50,2
124196,34,3,31,2
124197,53,7,46,2
124198,56,8,48,2
124199,56,5,51,2
124200,61,8,53,2
124201,81,8,73,2
124202,53,7,46,2
124203,52,6,46,2
124204,62,11,51,2
124205,57,6,51,2
124206,57,8,49,2
124207,45,3,42,2
124208,55,8,47,2
124209,60,11,49,2
124210,45,5,40,2
124211,52,5,47,2
124212,50,6,44,2
124213,59,6,53,2
124214,37,2,35,2
124215,57,8,49,2
124216,80,9,71,2
124217,57,7,50,2
124218,40,4,36,2
124219,61,9,52,2
124220,56,5,51,2
124221,64,7,57,2
124222,63,10,53,2
124223,60,3,57,2
124224,45,7,38,2
124225,64,10,54,2
124226,53,4,49,2
124227,49,6,43,2
124228,45,8,37,2
124229,62,8,54,2
124230,46,10,36,2
124231,48,9,39,2
124232,66,9,57,2
124233,47,5,42,2
124234,59,12,47,2
124235,48,3,45,2
124236,53,5,48,2
124237,53,3,50,2
124238,50,5,45,2
124239,44,3,41,2
124240,55,3,52,2
124241,57,4,53,2
124242,54,8,46,2
124243,51,6,45,2
124244,58,13,45,2
124245,66,3,63,2
124246,58,4,54,2
124247,52,4,48,2
124248,50,6,44,2
124249,61,9,52,2
124250,55,6,49,2
124251,65,6,59,2
124252,49,4,45,2
124253,62,10,52,2
124254,63,10,53,2
124255,54,10,44,2
124256,56,8,48,2
124257,45,7,38,2
124258,53,6,47,2
124259,46,3,43,2
124260,47,7,40,2
124261,59,8,51,2
124262,66,14,52,2
124263,41,7,34,2
124264,54,6,48,2
124265,43,1,42,2
124266,63,7,56,2
124267,52,9,43,2
124268,48,3,45,2
124269,53,8,45,2
124270,43,4,39,2
124271,64,9,55,2
124272,47,7,40,2
124273,59,10,49,2
124274,59,8,51,2
124275,53,10,43,2
124276,58,10,48,2
124277,54,13,41,2
124278,64,8,56,2
124279,42,7,35,2
124280,43,4,39,2
124281,50,7,43,2
124282,53,4,49,2
124283,55,5,50,2
124284,56,10,46,2
124285,52,4,48,2
124286,57,7,50,2
124287,71,8,63,2
124288,53,7,46,2
124289,59,4,55,2
124290,59,6,53,2
124291,52,5,47,2
124292,54,8,46,2
124293,53,6,47,2
124294,53,3,50,2
124295,28,1,27,2
124296,58,6,52,2
124297,51,3,48,2
124298,52,8,44,2
124299,48,7,41,2
124300,53,8,45,2
124301,57,10,47,2
124302,55,9,46,2
124303,57,5,52,2
124304,48,5,43,2
124305,47,3,44,2
124306,59,6,53,2
124307,55,5,50,2
124308,48,6,42,2
124309,46,6,40,2
124310,57,9,48,2
124311,60,9,51,2
124312,60,10,50,2
124313,47,2,45,2
124314,60,9,51,2
124315,45,2,43,2
124316,49,11,38,2
124317,48,6,42,2
124318,54,8,46,2
124319,61,12,49,2
124320,59,13,46,2
124321,63,6,57,2
124322,50,7,43,2
124323,62,8,54,2
124324,58,7,51,2
124325,65,7,58,2
124326,59,4,55,2
124327,52,2,50,2
124328,50,11,39,2
124329,66,9,57,2
124330,45,10,35,2
124331,44,4,40,2
124332,49,5,44,2
124333,72,12,60,2
124334,54,9,45,2
124335,38,8,30,2
124336,48,9,39,2
124337,59,4,55,2
124338,59,10,49,2
124339,55,8,47,2
124340,43,4,39,2
124341,62,7,55,2
124342,58,6,52,2
124343,62,8,54,2
124344,54,15,39,2
124345,40,2,38,2
124346,57,5,52,2
124347,61,6,55,2
124348,68,8,60,2
124349,67,8,59,2
124350,49,5,44,2
124351,58,9,49,2
124352,55,9,46,2
124353,51,4,47,2
124354,57,8,49,2
124355,52,9,43,2
124356,42,8,34,2
124357,63,6,57,2
124358,50,8,42,2
124359,54,8,46,2
124360,43,6,37,2
124361,48,4,44,2
124362,58,5,53,2
124363,47,8,39,2
124364,65,6,59,2
124365,68,9,59,2
124366,69,6,63,2
124367,61,6,55,2
124368,59,6,53,2
124369,48,4,44,2
124370,71,10,61,2
124371,58,13,45,2
124372,61,8,53,2
124373,45,4,41,2
124374,55,7,48,2
124375,45,5,40,2
124376,43,3,40,2
124377,59,13,46,2
124378,51,11,40,2
124379,51,4,47,2
124380,49,4,45,2
124381,56,4,52,2
124382,55,4,51,2
124383,59,8,51,2
124384,54,10,44,2
124385,65,5,60,2
124386,45,1,44,2
124387,66,5,61,2
124388,60,5,55,2
124389,68,8,60,2
124390,53,6,47,2
124391,54,9,45,2
124392,66,8,58,2
124393,65,5,60,2
124394,48,6,42,2
124395,52,6,46,2
124396,59,15,44,2
124397,63,5,58,2
124398,53,5,48,2
124399,61,6,55,2
124400,58,2,56,2
124401,63,15,48,2
124402,52,8,44,2
124403,49,8,41,2
124404,55,9,46,2
124405,52,7,45,2
124406,62,8,54,2
124407,53,3,50,2
124408,59,5,54,2
124409,54,3,51,2
124410,45,3,42,2
124411,60,6,54,2
124412,46,6,40,2
124413,48,4,44,2
124414,53,6,47,2
124415,55,4,51,2
124416,49,2,47,2
124417,52,2,50,2
124418,45,4,41,2
124419,58,6,52,2
124420,60,3,57,2
124421,48,7,41,2
124422,59,6,53,2
124423,53,6,47,2
124424,52,7,45,2
124425,63,11,52,2
124426,56,10,46,2
124427,52,6,46,2
124428,55,9,46,2
124429,63,8,55,2
124430,72,11,61,2
124431,51,4,47,2
124432,57,6,51,2
124433,61,11,50,2
124434,45,4,41,2
124435,45,3,42,2
124436,51,5,46,2
124437,51,2,49,2
124438,46,7,39,2
124439,52,12,40,2
124440,55,4,51,2
124441,52,9,43,2
124442,71,6,65,2
124443,72,6,66,2
124444,50,10,40,2
124445,57,6,51,2
124446,53,9,44,2
124447,49,3,46,2
124448,60,9,51,2
124449,41,3,38,2
124450,54,5,49,2
124451,55,8,47,2
124452,39,6,33,2
124453,50,6,44,2
124454,46,8,38,2
124455,58,16,42,2
124456,64,13,51,2
124457,46,4,42,2
124458,64,10,54,2
124459,45,12,33,2
124460,60,6,54,2
124461,58,7,51,2
124462,57,6,51,2
124463,64,5,59,2
124464,52,10,42,2
124465,56,10,46,2
124466,52,8,44,2
124467,59,3,56,2
124468,39,4,35,2
124469,58,7,51,2
124470,50,8,42,2
124471,62,7,55,2
124472,50,4,46,2
124473,60,4,56,2
124474,49,7,42,2
124475,68,4,64,2
124476,59,9,50,2
124477,59,9,50,2
124478,52,5,47,2
124479,57,4,53,2
124480,57,7,50,2
124481,42,6,36,2
124482,60,6,54,2
124483,59,8,51,2
124484,46,7,39,2
124485,45,6,39,2
124486,49,5,44,2
124487,53,10,43,2
124488,52,6,46,2
124489,50,6,44,2
124490,67,11,56,2
124491,59,5,54,2
124492,37,4,33,2
124493,58,4,54,2
124494,50,8,42,2
124495,60,8,52,2
124496,53,5,48,2
124497,65,5,60,2
124498,54,7,47,2
124499,52,4,48,2
124500,48,5,43,2
124501,56,4,52,2
124502,50,3,47,2
124503,53,6,47,2
124504,59,9,50,2
124505,47,6,41,2
124506,58,9,49,2
124507,52,5,47,2
124508,52,6,46,2
124509,54,5,49,2
124510,54,8,46,2
124511,57,5,52,2
124512,50,8,42,2
124513,39,6,33,2
124514,50,5,45,2
124515,55,5,50,2
124516,46,9,37,2
124517,61,5,56,2
124518,46,10,36,2
124519,58,6,52,2
124520,67,9,58,2
124521,60,10,50,2
124522,53,7,46,2
124523,48,4,44,2
124524,58,3,55,2
124525,54,10,44,2
124526,85,7,78,2
124527,67,9,58,2
124528,48,11,37,2
124529,73,11,62,2
124530,48,6,42,2
124531,65,6,59,2
124532,50,5,45,2
124533,68,4,64,2
124534,44,4,40,2
124535,54,4,50,2
124536,52,1,51,2
124537,62,6,56,2
124538,62,9,53,2
124539,57,7,50,2
124540,59,8,51,2
124541,68,8,60,2
124542,58,10,48,2
124543,49,3,46,2
124544,64,12,52,2
124545,39,1,38,2
124546,37,4,33,2
124547,62,7,55,2
124548,60,6,54,2
124549,53,6,47,2
124550,51,10,41,2
124551,57,8,49,2
124552,59,6,53,2
124553,60,5,55,2
124554,57,10,47,2
124555,63,6,57,2
124556,52,3,49,2
124557,48,7,41,2
124558,52,3,49,2
124559,60,9,51,2
124560,56,4,52,2
124561,40,6,34,2
124562,55,5,50,2
124563,58,6,52,2
124564,55,9,46,2
124565,54,8,46,2
124566,54,5,49,2
124567,56,7,49,2
124568,35,2,33,2
124569,56,2,54,2
124570,46,7,39,2
124571,51,5,46,2
124572,41,5,36,2
124573,47,6,41,2
124574,52,10,42,2
124575,57,6,51,2
124576,56,5,51,2
124577,61,11,50,2
124578,54,2,52,2
124579,59,10,49,2
124580,60,5,55,2
124581,50,3,47,2
124582,52,6,46,2
124583,53,6,47,2
124584,56,11,45,2
124585,46,6,40,2
124586,45,6,39,2
124587,51,3,48,2
124588,52,5,47,2
124589,51,8,43,2
124590,45,4,41,2
124591,54,5,49,2
124592,47,8,39,2
124593,46,3,43,2
124594,43,4,39,2
124595,52,9,43,2
124596,52,6,46,2
124597,62,10,52,2
124598,61,8,53,2
124599,67,14,53,2
124600,61,9,52,2
124601,59,8,51,2
124602,50,5,45,2
124603,50,3,47,2
124604,54,7,47,2
124605,39,2,37,2
124606,64,11,53,2
124607,52,5,47,2
124608,56,4,52,2
124609,52,10,42,2
124610,46,0,46,1
124611,52,5,47,2
124612,55,3,52,2
124613,64,7,57,2
124614,47,4,43,2
124615,66,9,57,2
124616,61,6,55,2
124617,48,3,45,2
124618,50,6,44,2
124619,44,5,39,2
124620,60,9,51,2
124621,57,10,47,2
124622,51,7,44,2
124623,67,10,57,2
124624,65,7,58,2
124625,47,5,42,2
124626,45,10,35,2
124627,51,5,46,2
124628,57,8,49,2
124629,44,6,38,2
124630,60,6,54,2
124631,50,3,47,2
124632,49,12,37,2
124633,54,6,48,2
124634,42,7,35,2
124635,48,8,40,2
124636,59,11,48,2
124637,54,7,47,2
124638,60,7,53,2
124639,51,6,45,2
124640,52,8,44,2
124641,60,6,54,2
124642,59,12,47,2
124643,55,4,51,2
124644,61,12,49,2
124645,59,7,52,2
124646,53,6,47,2
124647,51,6,45,2
124648,56,6,50,2
124649,55,8,47,2
124650,58,7,51,2
124651,48,5,43,2
124652,64,9,55,2
124653,65,9,56,2
124654,65,9,56,2
124655,52,11,41,2
124656,58,5,53,2
124657,56,7,49,2
124658,55,5,50,2
124659,52,4,48,2
124660,52,4,48,2
124661,63,6,57,2
124662,66,8,58,2
124663,44,2,42,2
124664,56,6,50,2
124665,37,2,35,2
124666,62,10,52,2
124667,51,8,43,2
124668,52,5,47,2
124669,55,1,54,2
124670,52,6,46,2
124671,53,10,43,2
124672,54,9,45,2
124673,55,3,52,2
124674,57,5,52,2
124675,55,5,50,2
124676,51,5,46,2
124677,57,9,48,2
124678,63,5,58,2
124679,36,4,32,2
124680,48,2,46,2
124681,66,6,60,2
124682,53,3,50,2
124683,55,6,49,2
124684,46,5,41,2
124685,58,6,52,2
124686,49,6,43,2
124687,67,12,55,2
124688,71,11,60,2
124689,56,4,52,2
124690,44,7,37,2
124691,55,7,48,2
124692,64,6,58,2
124693,50,7,43,2
124694,58,8,50,2
124695,56,8,48,2
124696,45,8,37,2
124697,55,7,48,2
124698,60,11,49,2
124699,50,4,46,2
124700,47,7,40,2
124701,52,3,49,2
124702,48,5,43,2
124703,48,8,40,2
124704,49,6,43,2
124705,41,6,35,2
124706,56,10,46,2
124707,42,7,35,2
124708,52,3,49,2
124709,47,5,42,2
124710,57,7,50,2
124711,53,9,44,2
124712,51,6,45,2
124713,55,8,47,2
124714,49,4,45,2
124715,64,8,56,2
124716,59,4,55,2
124717,43,2,41,2
124718,70,12,58,2
124719,55,5,50,2
124720,50,6,44,2
124721,46,5,41,2
124722,48,7,41,2
124723,51,6,45,2
124724,54,5,49,2
124725,58,7,51,2
124726,49,7,42,2
124727,40,6,34,2
124728,44,6,38,2
124729,58,4,54,2
124730,55,7,48,2
124731,50,9,41,2
124732,48,6,42,2
124733,64,6,58,2
124734,65,7,58,2
124735,62,10,52,2
124736,50,8,42,2
124737,63,5,58,2
124738,56,6,50,2
124739,47,5,42,2
124740,63,5,58,2
124741,50,8,42,2
124742,46,8,38,2
124743,45,2,43,2
124744,44,4,40,2
124745,54,3,51,2
124746,50,7,43,2
124747,56,5,51,2
124748,51,5,46,2
124749,46,1,45,2
124750,64,7,57,2
124751,57,11,46,2
124752,59,8,51,2
124753,48,7,41,2
124754,61,9,52,2
124755,59,6,53,2
124756,63,6,57,2
124757,51,6,45,2
124758,68,10,58,2
124759,50,5,45,2
124760,53,10,43,2
124761,60,5,55,2
124762,50,4,46,2
124763,49,7,42,2
124764,53,6,47,2
124765,46,4,42,2
124766,58,3,55,2
124767,52,6,46,2
124768,45,6,39,2
124769,44,3,41,2
124770,58,2,56,2
124771,59,7,52,2
124772,57,8,49,2
124773,57,10,47,2
124774,49,8,41,2
124775,46,4,42,2
124776,55,13,42,2
124777,57,9,48,2
124778,53,9,44,2
124779,63,8,55,2
124780,50,8,42,2
124781,53,9,44,2
124782,64,8,56,2
124783,45,4,41,2
124784,54,3,51,2
124785,53,3,50,2
124786,45,3,42,2
124787,47,7,40,2
124788,58,2,56,2
124789,37,6,31,2
124790,54,6,48,2
124791,46,12,34,2
124792,45,6,39,2
124793,60,4,56,2
124794,49,6,43,2
124795,49,4,45,2
124796,53,3,50,2
124797,60,4,56,2
124798,51,3,48,2
124799,53,7,46,2
124800,61,3,58,2
124801,62,3,59,2
124802,57,3,54,2
124803,57,6,51,2
124804,68,10,58,2
124805,45,5,40,2
124806,49,9,40,2
124807,62,11,51,2
124808,53,4,49,2
124809,56,6,50,2
124810,55,6,49,2
124811,47,6,41,2
124812,51,7,44,2
124813,47,4,43,2
124814,54,4,50,2
124815,48,7,41,2
124816,51,9,42,2
124817,62,7,55,2
124818,48,8,40,2
124819,53,9,44,2
124820,58,6,52,2
124821,41,2,39,2
124822,71,7,64,2
124823,49,8,41,2
124824,69,5,64,2
124825,55,11,44,2
124826,48,7,41,2
124827,53,9,44,2
124828,61,8,53,2
124829,38,3,35,2
124830,65,5,60,2
124831,61,10,51,2
124832,58,6,52,2
124833,49,2,47,2
124834,59,7,52,2
124835,40,2,38,2
124836,56,6,50,2
124837,59,6,53,2
124838,63,8,55,2
124839,56,6,50,2
124840,58,6,52,2
124841,55,8,47,2
124842,59,4,55,2
124843,48,5,43,2
124844,42,6,36,2
124845,52,8,44,2
124846,61,10,51,2
124847,46,5,41,2
124848,53,4,49,2
124849,48,2,46,2
124850,59,5,54,2
124851,49,5,44,2
124852,54,7,47,2
124853,51,5,46,2
124854,53,7,46,2
124855,71,8,63,2
124856,69,9,60,2
124857,52,3,49,2
124858,55,5,50,2
124859,59,5,54,2
124860,58,4,54,2
124861,71,14,57,2
124862,54,9,45,2
124863,46,5,41,2
124864,58,8,50,2
124865,49,3,46,2
124866,52,7,45,2
124867,44,8,36,2
124868,51,6,45,2
124869,71,9,62,2
124870,59,9,50,2
124871,45,3,42,2
124872,60,9,51,2
124873,55,6,49,2
124874,54,5,49,2
124875,66,11,55,2
124876,40,3,37,2
124877,49,9,40,2
124878,51,3,48,2
124879,55,5,50,2
124880,55,7,48,2
124881,43,5,38,2
124882,50,8,42,2
124883,53,5,48,2
124884,67,9,58,2
124885,41,7,34,2
124886,51,5,46,2
124887,53,5,48,2
124888,54,5,49,2
124889,56,5,51,2
124890,53,4,49,2
124891,60,4,56,2
124892,41,2,39,2
124893,60,7,53,2
124894,54,3,51,2
124895,48,9,39,2
124896,65,7,58,2
124897,56,7,49,2
124898,44,8,36,2
124899,57,5,52,2
124900,43,6,37,2
124901,62,9,53,2
124902,49,6,43,2
124903,65,10,55,2
124904,42,3,39,2
124905,48,9,39,2
124906,46,7,39,2
124907,54,6,48,2
124908,54,6,48,2
124909,65,10,55,2
124910,54,3,51,2
124911,44,1,43,2
124912,68,11,57,2
124913,67,9,58,2
124915,48,6,42,2
124916,69,11,58,2
124917,69,10,59,2
124918,70,13,57,2
124919,58,9,49,2
124920,58,9,49,2
124921,55,10,45,2
124922,48,6,42,2
124923,50,2,48,2
124924,65,7,58,2
124925,62,6,56,2
124926,56,10,46,2
124927,60,7,53,2
124928,37,4,33,2
124929,54,11,43,2
124930,62,7,55,2
124931,58,9,49,2
124932,58,5,53,2
124933,50,9,41,2
124934,50,6,44,2
124935,54,3,51,2
124936,56,9,47,2
124937,44,4,40,2
124938,59,3,56,2
124939,50,2,48,2
124940,64,10,54,2
124941,45,5,40,2
124942,61,6,55,2
124943,50,4,46,2
124944,61,6,55,2
124945,42,7,35,2
124946,64,8,56,2
124947,53,7,46,2
124948,46,6,40,2
124949,66,8,58,2
124950,58,7,51,2
124951,65,7,58,2
124952,49,5,44,2
124953,56,8,48,2
124954,61,6,55,2
124955,66,7,59,2
124956,52,6,46,2
124957,53,6,47,2
124958,58,4,54,2
124959,55,6,49,2
124960,51,5,46,2
124961,42,8,34,2
124962,48,4,44,2
124963,63,6,57,2
124964,50,6,44,2
124965,65,13,52,2
124966,55,6,49,2
124967,51,5,46,2
124968,49,5,44,2
124969,54,7,47,2
124970,55,12,43,2
124971,56,4,52,2
124972,56,5,51,2
124973,49,5,44,2
124974,55,8,47,2
124975,55,3,52,2
124976,63,10,53,2
124977,59,7,52,2
124978,56,5,51,2
124979,53,7,46,2
124980,58,5,53,2
124981,48,10,38,2
124982,47,6,41,2
124983,59,14,45,2
124984,68,5,63,2
124985,61,7,54,2
124986,51,5,46,2
124987,46,9,37,2
124988,56,8,48,2
124989,63,8,55,2
124990,54,9,45,2
124991,61,8,53,2
124992,56,9,47,2
124993,49,10,39,2
124994,51,6,45,2
124995,44,4,40,2
124996,57,5,52,2
124997,59,9,50,2
124998,50,6,44,2
124999,54,12,42,2
125000,56,2,54,2
125001,50,5,45,2
125002,60,11,49,2
125003,64,7,57,2
125004,52,7,45,2
125005,52,6,46,2
125006,46,7,39,2
125007,43,6,37,2
125008,58,7,51,2
125009,47,7,40,2
125010,52,6,46,2
125011,34,2,32,2
125012,53,6,47,2
125013,73,12,61,2
125014,58,8,50,2
125015,53,2,51,2
125016,51,8,43,2
125017,56,5,51,2
125018,59,11,48,2
125019,61,8,53,2
125020,50,2,48,2
125021,57,6,51,2
125022,57,2,55,2
125023,56,4,52,2
125024,55,8,47,2
125025,44,9,35,2
125026,41,8,33,2
125027,63,9,54,2
125028,41,2,39,2
125029,57,4,53,2
125030,62,6,56,2
125031,46,7,39,2
125032,53,8,45,2
125033,56,8,48,2
125034,52,7,45,2
125035,57,9,48,2
125036,67,12,55,2
125037,44,3,41,2
125038,47,6,41,2
125039,55,9,46,2
125040,58,7,51,2
125041,61,9,52,2
125042,46,6,40,2
125043,40,5,35,2
125044,54,5,49,2
125045,62,8,54,2
125046,50,2,48,2
125047,61,10,51,2
125048,51,8,43,2
125049,45,5,40,2
125050,47,2,45,2
125051,55,8,47,2
125052,65,10,55,2
125053,58,8,50,2
125054,43,3,40,2
125055,59,11,48,2
125056,56,10,46,2
125057,55,7,48,2
125058,40,5,35,2
125059,49,8,41,2
125060,59,8,51,2
125061,59,10,49,2
125062,54,6,48,2
125063,55,8,47,2
125064,47,7,40,2
125065,54,7,47,2
125066,60,5,55,2
125067,52,10,42,2
125068,63,10,53,2
125069,54,11,43,2
125070,58,8,50,2
125071,47,5,42,2
125072,55,8,47,2
125073,62,8,54,2
125074,68,8,60,2
125075,63,10,53,2
125076,57,9,48,2
125077,60,4,56,2
125078,56,9,47,2
125079,53,8,45,2
125080,50,7,43,2
125081,59,8,51,2
125082,65,7,58,2
125083,65,9,56,2
125084,57,4,53,2
125085,46,2,44,2
125086,58,8,50,2
125087,56,5,51,2
125088,53,5,48,2
125089,53,5,48,2
125090,57,3,54,2
125091,57,6,51,2
125092,63,12,51,2
125093,58,3,55,2
125094,45,7,38,2
125095,49,4,45,2
125096,61,10,51,2
125097,50,8,42,2
125098,67,7,60,2
125099,41,7,34,2
125100,62,5,57,2
125101,71,8,63,2
125102,65,5,60,2
125103,56,8,48,2
125104,53,6,47,2
125105,51,8,43,2
125106,52,5,47,2
125107,53,13,40,2
125108,73,8,65,2
125109,40,5,35,2
125110,48,9,39,2
125111,58,8,50,2
125112,59,11,48,2
125113,56,7,49,2
125114,43,7,36,2
125115,58,5,53,2
125116,63,5,58,2
125117,54,3,51,2
125118,71,9,62,2
125119,57,4,53,2
125120,55,10,45,2
125121,51,8,43,2
125122,53,9,44,2
125123,54,4,50,2
125124,67,7,60,2
125125,48,4,44,2
125126,60,7,53,2
125127,56,6,50,2
125128,48,7,41,2
125129,43,9,34,2
125130,56,6,50,2
125131,55,1,54,2
125132,54,6,48,2
125133,54,1,53,2
125134,63,7,56,2
125135,43,7,36,2
125136,50,5,45,2
125137,46,1,45,2
125138,48,4,44,2
125139,52,6,46,2
125140,54,10,44,2
125141,63,7,56,2
125142,55,8,47,2
125143,46,3,43,2
125144,60,8,52,2
125145,59,7,52,2
125146,72,9,63,2
125147,46,5,41,2
125148,51,5,46,2
125149,36,6,30,2
125150,57,7,50,2
125151,50,4,46,2
125152,60,13,47,2
125153,61,4,57,2
125154,53,4,49,2
125155,59,11,48,2
125156,50,3,47,2
125157,53,4,49,2
125158,76,5,71,2
125159,49,6,43,2
125160,58,3,55,2
125161,54,4,50,2
125162,52,8,44,2
125163,35,4,31,2
125164,42,5,37,2
125165,55,3,52,2
125166,51,9,42,2
125167,48,8,40,2
125168,60,10,50,2
125169,48,5,43,2
125170,66,6,60,2
125171,54,7,47,2
125172,50,10,40,2
125173,63,5,58,2
125174,47,9,38,2
125175,49,6,43,2
125176,53,6,47,2
125177,54,4,50,2
125178,62,8,54,2
125179,46,11,35,2
125180,44,3,41,2
125181,60,5,55,2
125182,56,9,47,2
125183,57,7,50,2
125184,59,12,47,2
125185,49,7,42,2
125186,47,4,43,2
125187,66,7,59,2
125188,55,6,49,2
125189,45,8,37,2
125190,53,7,46,2
125191,69,10,59,2
125192,54,8,46,2
125193,62,10,52,2
125194,52,7,45,2
125195,61,10,51,2
125196,58,4,54,2
125197,50,6,44,2
125198,62,5,57,2
125199,63,6,57,2
125200,52,11,41,2
125201,45,3,42,2
125202,59,9,50,2
125203,60,6,54,2
125204,58,5,53,2
125205,48,1,47,2
125206,55,8,47,2
125207,54,4,50,2
125208,61,7,54,2
125209,53,5,48,2
125210,64,8,56,2
125211,58,8,50,2
125212,44,7,37,2
125213,63,4,59,2
125214,63,11,52,2
125215,65,10,55,2
125216,37,4,33,2
125217,49,4,45,2
125218,65,5,60,2
125219,69,9,60,2
125220,69,8,61,2
125221,58,12,46,2
125222,39,2,37,2
125223,51,5,46,2
125224,66,9,57,2
125225,53,4,49,2
125226,56,10,46,2
125227,53,7,46,2
125228,46,8,38,2
125229,58,5,53,2
125230,63,7,56,2
125231,61,14,47,2
125232,67,4,63,2
125233,58,7,51,2
125234,55,8,47,2
125235,53,7,46,2
125236,58,8,50,2
125237,66,5,61,2
125238,65,4,61,2
125239,59,5,54,2
125240,47,7,40,2
125241,59,7,52,2
125242,46,6,40,2
125243,57,6,51,2
125244,52,8,44,2
125245,62,6,56,2
125246,58,7,51,2
125247,47,4,43,2
125248,52,5,47,2
125249,45,3,42,2
125250,46,3,43,2
125251,50,7,43,2
125252,42,4,38,2
125253,67,6,61,2
125254,72,10,62,2
125255,55,3,52,2
125256,46,3,43,2
125257,50,7,43,2
125258,46,10,36,2
125259,53,5,48,2
125260,57,6,51,2
125261,53,6,47,2
125262,46,7,39,2
125263,56,4,52,2
125264,58,5,53,2
125265,59,3,56,2
125266,60,3,57,2
125267,67,10,57,2
125268,54,9,45,2
125269,56,6,50,2
125270,53,5,48,2
125271,56,3,53,2
125272,73,9,64,2
125273,61,4,57,2
125274,40,5,35,2
125275,51,9,42,2
125276,63,10,53,2
125277,55,4,51,2
125278,55,6,49,2
125279,53,8,45,2
125280,56,7,49,2
125281,59,6,53,2
125282,60,1,59,2
125283,46,6,40,2
125284,53,6,47,2
125285,52,6,46,2
125286,52,8,44,2
125287,48,6,42,2
125288,53,6,47,2
125289,56,11,45,2
125290,44,5,39,2
125291,53,7,46,2
125292,54,6,48,2
125293,59,4,55,2
125294,47,6,41,2
125295,64,8,56,2
125296,58,7,51,2
125297,51,5,46,2
125298,46,5,41,2
125299,63,6,57,2
125300,45,1,44,2
125301,65,8,57,2
125302,53,6,47,2
125303,47,6,41,2
125304,53,7,46,2
125305,58,6,52,2
125306,53,3,50,2
125307,42,6,36,2
125308,64,6,58,2
125309,56,7,49,2
125310,47,5,42,2
125311,62,13,49,2
125312,47,5,42,2
125313,62,7,55,2
125314,47,2,45,2
125316,53,3,50,2
125317,58,8,50,2
125318,59,8,51,2
125319,52,6,46,2
125320,63,7,56,2
125321,62,4,58,2
125322,62,6,56,2
125323,61,6,55,2
125324,58,8,50,2
125325,36,6,30,2
125326,63,4,59,2
125327,57,5,52,2
125328,48,7,41,2
125329,65,7,58,2
125330,48,7,41,2
125331,54,6,48,2
125332,46,8,38,2
125333,42,7,35,2
125334,52,6,46,2
125335,54,10,44,2
125336,47,3,44,2
125337,48,3,45,2
125338,55,6,49,2
125339,51,6,45,2
125340,41,6,35,2
125341,50,4,46,2
125342,51,11,40,2
125343,48,3,45,2
125344,67,5,62,2
125345,59,6,53,2
125346,52,5,47,2
125347,60,6,54,2
125348,62,8,54,2
125349,57,7,50,2
125350,47,7,40,2
125351,49,6,43,2
125352,54,10,44,2
125353,54,4,50,2
125354,40,4,36,2
125355,50,7,43,2
125356,67,7,60,2
125357,60,8,52,2
125358,43,5,38,2
125359,50,4,46,2
125360,59,10,49,2
125361,55,6,49,2
125362,50,4,46,2
125363,49,3,46,2
125364,60,6,54,2
125365,64,7,57,2
125366,57,5,52,2
125367,45,4,41,2
125368,59,10,49,2
125369,54,4,50,2
125370,61,4,57,2
125371,56,5,51,2
125372,51,8,43,2
125373,57,9,48,2
125374,62,5,57,2
125375,48,6,42,2
125376,57,6,51,2
125377,54,6,48,2
125378,49,6,43,2
125379,57,4,53,2
125380,54,2,52,2
125381,61,10,51,2
125382,47,5,42,2
125383,46,9,37,2
125384,55,5,50,2
125385,51,6,45,2
125386,55,7,48,2
125387,45,6,39,2
125388,45,6,39,2
125389,51,6,45,2
125390,57,3,54,2
125391,48,8,40,2
125392,51,8,43,2
125393,51,9,42,2
125394,59,7,52,2
125395,48,10,38,2
125396,46,8,38,2
125397,66,4,62,2
125398,39,5,34,2
125399,61,7,54,2
125400,45,7,38,2
125401,55,4,51,2
125402,50,4,46,2
125403,57,6,51,2
125404,62,10,52,2
125405,46,6,40,2
125406,49,9,40,2
125407,48,1,47,2
125408,54,7,47,2
125409,46,3,43,2
125410,40,4,36,2
125411,52,10,42,2
125412,40,2,38,2
125413,53,7,46,2
125414,69,7,62,2
125415,56,8,48,2
125416,56,8,48,2
125417,73,9,64,2
125418,63,6,57,2
125419,54,9,45,2
125420,64,7,57,2
125421,50,5,45,2
125422,63,8,55,2
125423,47,9,38,2
125424,57,6,51,2
125425,59,3,56,2
125426,58,9,49,2
125427,52,6,46,2
125428,49,6,43,2
125429,47,7,40,2
125430,48,4,44,2
125431,61,10,51,2
125432,55,5,50,2
125433,59,5,54,2
125434,67,7,60,2
125435,35,5,30,2
125436,57,9,48,2
125437,41,1,40,2
125438,49,5,44,2
125439,55,7,48,2
125440,54,5,49,2
125441,60,6,54,2
125442,41,3,38,2
125443,57,9,48,2
125444,50,7,43,2
125445,68,9,59,2
125446,61,6,55,2
125447,53,12,41,2
125448,47,7,40,2
125449,61,6,55,2
125450,63,7,56,2
125451,42,6,36,2
125452,45,6,39,2
125453,65,7,58,2
125454,66,9,57,2
125455,60,10,50,2
125456,53,6,47,2
125457,56,5,51,2
125458,46,5,41,2
125459,66,6,60,2
125460,43,6,37,2
125461,52,6,46,2
125462,52,1,51,2
125463,62,7,55,2
125464,57,7,50,2
125465,53,3,50,2
125466,51,7,44,2
125467,54,6,48,2
125468,67,11,56,2
125469,52,8,44,2
125470,65,3,62,2
125471,53,6,47,2
125472,55,7,48,2
125473,56,5,51,2
125474,57,10,47,2
125475,53,8,45,2
125476,56,8,48,2
125477,48,8,40,2
125478,57,5,52,2
125479,56,9,47,2
125480,52,10,42,2
125481,47,6,41,2
125482,62,3,59,2
125483,60,10,50,2
125484,66,11,55,2
125485,53,5,48,2
125486,55,9,46,2
125487,51,4,47,2
125488,60,10,50,2
125489,45,3,42,2
125490,60,5,55,2
125491,60,8,52,2
125492,52,6,46,2
125493,61,5,56,2
125494,53,7,46,2
125495,49,5,44,2
125496,44,10,34,2
125497,58,5,53,2
125498,57,7,50,2
125499,51,8,43,2
125500,53,7,46,2
125501,51,6,45,2
125502,60,4,56,2
125503,51,8,43,2
125504,54,5,49,2
125505,55,12,43,2
125506,50,7,43,2
125507,38,4,34,2
125508,54,2,52,2
125509,53,8,45,2
125510,62,3,59,2
125511,50,5,45,2
125512,65,9,56,2
125513,47,9,38,2
125514,46,3,43,2
125515,58,9,49,2
125516,46,4,42,2
125517,43,4,39,2
125518,50,4,46,2
125519,52,3,49,2
125520,52,6,46,2
125521,59,5,54,2
125522,53,13,40,2
125523,60,8,52,2
125524,55,6,49,2
125525,46,3,43,2
125526,53,10,43,2
125527,53,8,45,2
125528,65,7,58,2
125529,52,6,46,2
125530,49,3,46,2
125531,50,3,47,2
125532,66,6,60,2
125533,53,7,46,2
125534,57,8,49,2
125535,70,5,65,2
125536,59,6,53,2
125537,62,3,59,2
125538,55,6,49,2
125539,45,5,40,2
125540,43,4,39,2
125541,51,5,46,2
125542,53,4,49,2
125543,40,7,33,2
125544,59,11,48,2
125545,68,9,59,2
125546,45,3,42,2
125547,56,5,51,2
125548,58,7,51,2
125549,56,4,52,2
125550,61,4,57,2
125551,60,11,49,2
125552,48,5,43,2
125553,55,6,49,2
125554,53,3,50,2
125555,60,6,54,2
125556,52,5,47,2
125557,66,8,58,2
125558,65,10,55,2
125559,70,12,58,2
125560,54,5,49,2
125561,60,7,53,2
125562,46,6,40,2
125563,49,9,40,2
125564,52,6,46,2
125565,32,4,28,2
125566,48,4,44,2
125567,52,5,47,2
125568,62,7,55,2
125569,59,7,52,2
125570,44,5,39,2
125571,61,11,50,2
125572,44,6,38,2
125573,56,9,47,2
125574,51,4,47,2
125575,45,6,39,2
125576,59,8,51,2
125577,52,6,46,2
125578,52,5,47,2
125579,61,6,55,2
125580,53,8,45,2
125581,68,11,57,2
125582,51,6,45,2
125583,61,10,51,2
125584,55,7,48,2
125585,53,5,48,2
125586,58,6,52,2
125587,53,8,45,2
125588,57,12,45,2
125589,52,6,46,2
125590,70,5,65,2
125591,56,11,45,2
125592,47,4,43,2
125593,53,8,45,2
125594,52,6,46,2
125595,48,9,39,2
125596,52,6,46,2
125597,53,5,48,2
125598,58,11,47,2
125599,56,5,51,2
125600,50,9,41,2
125601,54,10,44,2
125602,69,11,58,2
125603,55,7,48,2
125604,55,4,51,2
125605,46,6,40,2
125606,51,8,43,2
125607,60,7,53,2
125608,50,9,41,2
125609,50,8,42,2
125610,56,8,48,2
125611,54,5,49,2
125612,51,2,49,2
125613,44,4,40,2
125614,51,10,41,2
125615,56,8,48,2
125616,53,10,43,2
125617,61,9,52,2
125618,59,5,54,2
125619,63,6,57,2
125620,49,4,45,2
125621,63,7,56,2
125622,54,5,49,2
125623,53,6,47,2
125624,46,6,40,2
125625,51,7,44,2
125626,51,8,43,2
125627,59,6,53,2
125628,63,7,56,2
125629,54,7,47,2
125630,79,12,67,2
125631,56,9,47,2
125632,56,7,49,2
125633,61,2,59,2
125634,54,6,48,2
125635,49,5,44,2
125636,50,4,46,2
125637,52,8,44,2
125638,51,6,45,2
125639,53,3,50,2
125640,57,8,49,2
125641,48,5,43,2
125642,59,7,52,2
125643,64,8,56,2
125644,68,9,59,2
125645,63,10,53,2
125646,59,3,56,2
125647,53,11,42,2
125648,57,6,51,2
125649,62,5,57,2
125650,45,9,36,2
125651,48,6,42,2
125652,56,5,51,2
125653,42,3,39,2
125654,57,5,52,2
125655,54,6,48,2
125656,33,5,28,2
125657,38,5,33,2
125658,56,7,49,2
125659,55,3,52,2
125660,66,13,53,2
125661,59,5,54,2
125662,70,4,66,2
125663,53,12,41,2
125664,45,4,41,2
125665,59,7,52,2
125666,48,5,43,2
125667,71,8,63,2
125668,45,4,41,2
125669,54,4,50,2
125670,66,6,60,2
125671,49,8,41,2
125672,49,5,44,2
125673,67,12,55,2
125674,44,6,38,2
125675,60,8,52,2
125676,56,12,44,2
125677,54,4,50,2
125678,74,9,65,2
125679,58,4,54,2
125680,56,4,52,2
125681,54,3,51,2
125682,60,6,54,2
125683,57,4,53,2
125684,52,6,46,2
125685,60,7,53,2
125686,62,8,54,2
125687,50,6,44,2
125688,48,6,42,2
125689,52,5,47,2
125690,67,11,56,2
125691,41,6,35,2
125692,62,6,56,2
125693,67,10,57,2
125694,52,4,48,2
125695,43,8,35,2
125696,56,11,45,2
125697,57,17,40,2
125698,65,6,59,2
125699,50,7,43,2
125700,64,6,58,2
125701,52,5,47,2
125702,55,4,51,2
125703,40,5,35,2
125704,50,3,47,2
125705,48,6,42,2
125706,59,8,51,2
125707,51,3,48,2
125708,44,6,38,2
125709,51,5,46,2
125710,56,6,50,2
125711,52,8,44,2
125712,52,11,41,2
125713,48,8,40,2
125714,63,5,58,2
125715,53,6,47,2
125716,56,5,51,2
125717,64,10,54,2
125718,63,6,57,2
125719,52,3,49,2
125720,60,10,50,2
125721,59,7,52,2
125722,64,6,58,2
125723,38,5,33,2
125724,64,8,56,2
125725,50,9,41,2
125726,69,7,62,2
125727,57,6,51,2
125728,44,9,35,2
125729,45,3,42,2
125730,66,9,57,2
125731,54,4,50,2
125732,62,5,57,2
125734,54,12,42,2
125735,54,7,47,2
125736,62,6,56,2
125737,52,6,46,2
125738,41,2,39,2
125739,52,5,47,2
125740,50,4,46,2
125741,46,1,45,2
125742,48,5,43,2
125743,50,2,48,2
125744,49,8,41,2
125745,53,8,45,2
125746,49,2,47,2
125747,43,2,41,2
125748,58,12,46,2
125749,40,4,36,2
125750,47,5,42,2
125751,50,3,47,2
125752,51,6,45,2
125753,55,9,46,2
125754,64,7,57,2
125755,44,7,37,2
125756,56,8,48,2
125757,62,5,57,2
125758,53,5,48,2
125759,48,2,46,2
125760,53,6,47,2
125761,52,8,44,2
125762,63,9,54,2
125763,61,10,51,2
125764,67,11,56,2
125765,48,5,43,2
125766,49,2,47,2
125767,60,7,53,2
125768,55,8,47,2
125769,67,11,56,2
125770,49,5,44,2
125771,49,6,43,2
125772,47,4,43,2
125773,67,11,56,2
125774,56,10,46,2
125775,54,3,51,2
125776,51,8,43,2
125777,44,6,38,2
125778,66,7,59,2
125779,48,3,45,2
125780,51,7,44,2
125781,50,5,45,2
125782,59,6,53,2
125783,53,5,48,2
125784,47,7,40,2
125785,50,4,46,2
125786,60,3,57,2
125787,56,8,48,2
125788,49,3,46,2
125789,57,4,53,2
125790,47,11,36,2
125791,61,7,54,2
125792,55,5,50,2
125793,42,5,37,2
125794,51,8,43,2
125795,37,5,32,2
125796,47,5,42,2
125797,44,7,37,2
125798,51,1,50,2
125799,57,5,52,2
125800,55,8,47,2
125801,49,8,41,2
125802,76,10,66,2
125803,47,10,37,2
125804,61,7,54,2
125805,53,6,47,2
125806,45,1,44,2
125807,48,6,42,2
125808,64,4,60,2
125809,66,7,59,2
125810,54,8,46,2
125811,46,5,41,2
125812,57,11,46,2
125813,51,7,44,2
125814,65,7,58,2
125815,39,2,37,2
125816,53,5,48,2
125817,66,8,58,2
125818,61,4,57,2
125819,61,7,54,2
125820,64,7,57,2
125821,49,3,46,2
125822,46,9,37,2
125823,60,6,54,2
125824,70,6,64,2
125825,46,2,44,2
125826,67,5,62,2
125827,53,9,44,2
125828,60,10,50,2
125829,58,3,55,2
125830,56,7,49,2
125831,52,7,45,2
125832,63,6,57,2
125833,46,9,37,2
125834,76,10,66,2
125835,53,5,48,2
125836,50,5,45,2
125837,57,4,53,2
125838,58,9,49,2
125839,58,5,53,2
125840,46,4,42,2
125841,50,8,42,2
125842,41,6,35,2
125843,41,2,39,2
125844,64,12,52,2
125845,65,7,58,2
125846,60,12,48,2
125847,53,7,46,2
125848,48,4,44,2
125849,53,5,48,2
125850,50,6,44,2
125851,37,6,31,2
125852,64,11,53,2
125853,67,11,56,2
125854,52,10,42,2
125855,51,7,44,2
125856,59,7,52,2
125857,49,8,41,2
125858,59,5,54,2
125859,69,8,61,2
125860,56,9,47,2
125861,45,4,41,2
125862,62,9,53,2
125863,64,7,57,2
125864,47,5,42,2
125865,67,11,56,2
125866,53,6,47,2
125867,62,5,57,2
125868,53,5,48,2
125869,57,5,52,2
125870,60,6,54,2
125871,53,9,44,2
125872,55,4,51,2
125873,53,10,43,2
125874,57,7,50,2
125875,54,3,51,2
125876,58,6,52,2
125877,67,7,60,2
125878,50,4,46,2
125879,54,5,49,2
125880,68,7,61,2
125881,57,5,52,2
125882,53,8,45,2
125883,50,3,47,2
125884,63,7,56,2
125885,50,3,47,2
125886,62,4,58,2
125887,50,8,42,2
125888,55,7,48,2
125889,53,8,45,2
125890,47,6,41,2
125891,55,7,48,2
125892,51,7,44,2
125893,45,6,39,2
125894,58,8,50,2
125895,51,4,47,2
125896,56,9,47,2
125897,54,8,46,2
125898,56,4,52,2
125899,39,6,33,2
125900,53,7,46,2
125901,48,12,36,2
125902,57,9,48,2
125903,53,5,48,2
125904,61,9,52,2
125905,62,11,51,2
125906,49,12,37,2
125907,56,9,47,2
125908,53,4,49,2
125909,65,18,47,2
125910,52,9,43,2
125911,54,8,46,2
125912,64,5,59,2
125913,56,9,47,2
125914,72,6,66,2
125915,49,2,47,2
125916,55,8,47,2
125917,52,3,49,2
125918,54,8,46,2
125919,54,6,48,2
125920,65,10,55,2
125921,53,9,44,2
125922,41,3,38,2
125923,53,4,49,2
125924,66,9,57,2
125925,50,6,44,2
125926,46,6,40,2
125927,63,3,60,2
125928,54,4,50,2
125929,65,10,55,2
125930,54,7,47,2
125931,63,8,55,2
125932,46,6,40,2
125933,64,4,60,2
125934,47,3,44,2
125935,51,7,44,2
125936,74,6,68,2
125937,51,5,46,2
125939,56,9,47,2
125940,76,12,64,2
125941,54,10,44,2
125942,66,4,62,2
125943,60,8,52,2
125944,66,10,56,2
125945,29,1,28,2
125946,47,6,41,2
125947,52,9,43,2
125948,59,6,53,2
125949,45,6,39,2
125950,57,8,49,2
125951,58,7,51,2
125952,64,9,55,2
125953,59,10,49,2
125954,49,9,40,2
125955,44,4,40,2
125956,55,9,46,2
125957,52,9,43,2
125958,56,6,50,2
125959,45,6,39,2
125960,53,6,47,2
125961,56,4,52,2
125962,39,5,34,2
125963,51,5,46,2
125964,58,5,53,2
125965,59,9,50,2
125966,53,9,44,2
125967,52,6,46,2
125968,56,4,52,2
125969,51,6,45,2
125970,53,5,48,2
125971,52,7,45,2
125972,53,8,45,2
125973,53,7,46,2
125974,62,6,56,2
125975,46,5,41,2
125976,51,6,45,2
125977,65,7,58,2
125978,56,6,50,2
125979,50,8,42,2
125980,52,4,48,2
125981,64,8,56,2
125982,50,6,44,2
125983,42,9,33,2
125984,51,3,48,2
125985,71,7,64,2
125986,57,7,50,2
125987,54,6,48,2
125988,54,6,48,2
125989,51,6,45,2
125990,50,11,39,2
125991,58,9,49,2
125992,56,4,52,2
125993,52,6,46,2
125994,51,4,47,2
125995,67,12,55,2
125996,53,6,47,2
125997,59,9,50,2
125998,49,5,44,2
125999,41,9,32,2
126000,50,5,45,2
126001,54,4,50,2
126002,71,9,62,2
126003,53,7,46,2
126004,65,5,60,2
126005,61,5,56,2
126006,51,9,42,2
126007,51,5,46,2
126008,46,7,39,2
126009,55,2,53,2
126010,54,2,52,2
126011,52,5,47,2
126012,53,6,47,2
126013,64,9,55,2
126014,54,5,49,2
126015,70,10,60,2
126016,61,8,53,2
126017,52,7,45,2
126018,59,4,55,2
126019,57,11,46,2
126020,54,6,48,2
126021,60,6,54,2
126022,55,6,49,2
126023,57,8,49,2
126024,49,4,45,2
126025,56,6,50,2
126026,61,8,53,2
126027,68,7,61,2
126028,50,8,42,2
126029,60,10,50,2
126030,59,8,51,2
126031,55,6,49,2
126032,46,10,36,2
126033,54,8,46,2
126034,54,7,47,2
126035,49,3,46,2
126036,64,6,58,2
126037,48,10,38,2
126038,57,7,50,2
126039,37,8,29,2
126040,42,5,37,2
126041,55,5,50,2
126042,51,9,42,2
126043,49,4,45,2
126044,52,9,43,2
126045,51,5,46,2
126046,48,3,45,2
126047,71,9,62,2
126048,50,8,42,2
126049,57,6,51,2
126050,60,10,50,2
126051,65,6,59,2
126052,45,4,41,2
126053,50,5,45,2
126054,49,8,41,2
126055,66,5,61,2
126056,41,3,38,2
126057,54,6,48,2
126058,43,4,39,2
126059,47,9,38,2
126060,42,4,38,2
126061,62,7,55,2
126062,50,4,46,2
126063,47,3,44,2
126064,73,10,63,2
126065,60,8,52,2
126066,54,10,44,2
126067,60,8,52,2
126068,63,12,51,2
126069,55,7,48,2
126070,58,4,54,2
126071,55,10,45,2
126072,54,7,47,2
126074,49,5,44,2
126075,51,4,47,2
126076,56,7,49,2
126077,52,7,45,2
126078,64,7,57,2
126079,54,9,45,2
126080,52,10,42,2
126081,60,9,51,2
126082,57,5,52,2
126083,61,7,54,2
126084,65,12,53,2
126085,63,6,57,2
126086,55,10,45,2
126087,63,11,52,2
126088,47,5,42,2
126089,52,8,44,2
126090,64,5,59,2
126091,57,6,51,2
126093,58,6,52,2
126094,61,7,54,2
126095,65,8,57,2
126096,61,6,55,2
126097,46,7,39,2
126098,65,3,62,2
126099,65,11,54,2
126100,52,5,47,2
126101,54,5,49,2
126102,50,11,39,2
126103,60,4,56,2
126104,59,4,55,2
126105,47,4,43,2
126106,63,7,56,2
126107,46,6,40,2
126108,42,7,35,2
126109,43,5,38,2
126110,58,10,48,2
126111,58,7,51,2
126112,53,5,48,2
126113,43,2,41,2
126114,52,5,47,2
126115,58,5,53,2
126116,46,3,43,2
126117,45,3,42,2
126118,43,9,34,2
126119,57,8,49,2
126120,68,10,58,2
126121,43,7,36,2
126122,44,12,32,2
126123,64,12,52,2
126124,61,7,54,2
126125,54,6,48,2
126126,50,9,41,2
126127,57,9,48,2
126128,49,9,40,2
126129,48,6,42,2
126130,58,6,52,2
126131,49,9,40,2
126132,43,4,39,2
126133,58,8,50,2
126134,64,13,51,2
126135,59,12,47,2
126136,60,6,54,2
126137,54,5,49,2
126138,49,10,39,2
126139,49,5,44,2
126140,52,9,43,2
126141,46,7,39,2
126142,46,3,43,2
126143,58,3,55,2
126144,50,5,45,2
126145,41,4,37,2
126146,59,12,47,2
126147,57,7,50,2
126148,52,4,48,2
126149,55,10,45,2
126150,55,3,52,2
126151,58,6,52,2
126152,37,4,33,2
126153,56,6,50,2
126154,57,5,52,2
126155,56,5,51,2
126156,54,4,50,2
126157,54,5,49,2
126158,72,8,64,2
126159,45,4,41,2
126160,53,4,49,2
126161,59,6,53,2
126162,51,7,44,2
126163,53,7,46,2
126164,45,6,39,2
126165,52,4,48,2
126166,50,4,46,2
126167,43,5,38,2
126168,54,7,47,2
126169,59,5,54,2
126170,46,4,42,2
126171,41,2,39,2
126172,55,3,52,2
126173,53,4,49,2
126174,56,8,48,2
126175,66,10,56,2
126176,48,6,42,2
126177,67,11,56,2
126178,47,5,42,2
126179,59,3,56,2
126180,57,9,48,2
126181,47,7,40,2
126182,65,10,55,2
126183,53,6,47,2
126184,61,10,51,2
126185,67,9,58,2
126186,40,5,35,2
126187,70,10,60,2
126188,57,3,54,2
126189,58,11,47,2
126190,67,10,57,2
126191,54,7,47,2
126192,58,8,50,2
126193,61,7,54,2
126194,56,4,52,2
126195,45,7,38,2
126196,54,9,45,2
126197,46,2,44,2
126198,49,6,43,2
126199,50,5,45,2
126200,62,4,58,2
126201,53,7,46,2
126202,59,6,53,2
126203,59,6,53,2
126204,58,6,52,2
126205,53,10,43,2
126206,58,6,52,2
126207,55,7,48,2
126208,64,12,52,2
126209,56,5,51,2
126210,56,14,42,2
126211,60,6,54,2
126212,43,10,33,2
126213,51,8,43,2
126214,58,8,50,2
126215,50,10,40,2
126216,60,6,54,2
126217,46,7,39,2
126218,57,3,54,2
126219,58,6,52,2
126220,51,3,48,2
126221,50,8,42,2
126222,61,6,55,2
126223,50,7,43,2
126224,40,6,34,2
126225,47,4,43,2
126226,54,7,47,2
126227,71,6,65,2
126228,63,7,56,2
126229,72,10,62,2
126230,65,7,58,2
126231,51,11,40,2
126232,61,9,52,2
126233,42,7,35,2
126234,48,3,45,2
126235,64,9,55,2
126236,46,1,45,2
126237,45,7,38,2
126238,57,6,51,2
126239,62,5,57,2
126240,74,8,66,2
126241,47,5,42,2
126242,58,2,56,2
126243,54,5,49,2
126244,54,6,48,2
126245,68,8,60,2
126246,65,10,55,2
126247,55,10,45,2
126248,53,5,48,2
126249,44,4,40,2
126250,56,8,48,2
126251,57,1,56,2
126252,54,6,48,2
126253,55,4,51,2
126254,64,11,53,2
126255,52,4,48,2
126256,52,5,47,2
126257,55,7,48,2
126258,44,4,40,2
126259,53,10,43,2
126260,64,6,58,2
126261,50,1,49,2
126262,54,12,42,2
126263,51,8,43,2
126264,62,6,56,2
126265,53,6,47,2
126266,43,9,34,2
126267,70,13,57,2
126268,50,7,43,2
126269,65,5,60,2
126270,53,7,46,2
126271,56,3,53,2
126272,58,8,50,2
126273,56,9,47,2
126274,58,9,49,2
126275,47,3,44,2
126276,72,9,63,2
126277,55,4,51,2
126278,63,9,54,2
126279,67,12,55,2
126280,49,4,45,2
126281,44,5,39,2
126282,52,10,42,2
126283,54,7,47,2
126284,56,7,49,2
126285,41,6,35,2
126286,58,8,50,2
126287,58,7,51,2
126288,52,8,44,2
126289,47,3,44,2
126290,70,6,64,2
126291,43,5,38,2
126292,50,4,46,2
126293,62,9,53,2
126294,56,4,52,2
126295,49,6,43,2
126296,59,4,55,2
126297,52,6,46,2
126298,62,6,56,2
126299,56,7,49,2
126300,54,6,48,2
126301,43,3,40,2
126302,50,6,44,2
126303,51,5,46,2
126304,49,3,46,2
126305,62,5,57,2
126306,55,4,51,2
126307,56,9,47,2
126308,59,7,52,2
126309,65,5,60,2
126310,63,7,56,2
126311,52,6,46,2
126312,45,5,40,2
126313,49,5,44,2
126314,53,12,41,2
126315,48,1,47,2
126316,48,5,43,2
126317,49,7,42,2
126318,50,8,42,2
126319,50,5,45,2
126320,59,10,49,2
126321,61,4,57,2
126322,40,5,35,2
126323,56,8,48,2
126324,62,14,48,2
126325,55,8,47,2
126326,58,9,49,2
126327,61,7,54,2
126328,55,9,46,2
126329,53,2,51,2
126330,63,9,54,2
126331,59,10,49,2
126332,51,7,44,2
126333,50,3,47,2
126334,13,2,11,2
126335,63,6,57,2
126336,52,8,44,2
126337,58,8,50,2
126338,46,4,42,2
126339,55,11,44,2
126340,52,2,50,2
126341,54,5,49,2
126342,67,14,53,2
126343,50,10,40,2
126344,47,3,44,2
126345,56,4,52,2
126346,53,7,46,2
126347,67,5,62,2
126348,66,7,59,2
126349,54,4,50,2
126350,49,6,43,2
126351,57,6,51,2
126352,67,9,58,2
126353,57,7,50,2
126354,54,6,48,2
126355,46,6,40,2
126356,56,6,50,2
126357,55,8,47,2
126358,56,8,48,2
126359,54,7,47,2
126360,44,7,37,2
126361,51,4,47,2
126362,50,6,44,2
126363,61,7,54,2
126364,7,4,3,2
126365,44,6,38,2
126366,59,5,54,2
126367,63,8,55,2
126368,50,5,45,2
126369,62,14,48,2
126370,55,3,52,2
126371,59,6,53,2
126372,63,8,55,2
126373,59,9,50,2
126374,43,6,37,2
126375,52,6,46,2
126376,53,5,48,2
126377,44,8,36,2
126378,53,6,47,2
126379,78,8,70,2
126380,52,5,47,2
126381,48,6,42,2
126382,59,9,50,2
126383,54,7,47,2
126384,61,9,52,2
126385,49,6,43,2
126386,53,8,45,2
126387,48,7,41,2
126388,54,8,46,2
126389,45,5,40,2
126390,58,2,56,2
126391,53,7,46,2
126392,63,7,56,2
126393,55,4,51,2
126394,50,8,42,2
126395,66,10,56,2
126396,64,7,57,2
126397,56,10,46,2
126398,60,4,56,2
126399,43,6,37,2
126400,55,7,48,2
126401,54,9,45,2
126402,66,9,57,2
126403,62,6,56,2
126404,57,7,50,2
126405,54,7,47,2
126406,60,5,55,2
126407,59,6,53,2
126408,74,13,61,2
126409,59,5,54,2
126410,57,6,51,2
126411,55,6,49,2
126412,50,8,42,2
126414,63,8,55,2
126415,53,5,48,2
126416,54,7,47,2
126417,51,9,42,2
126418,50,11,39,2
126419,45,6,39,2
126420,47,3,44,2
126421,52,6,46,2
126422,50,8,42,2
126423,37,4,33,2
126424,46,7,39,2
126425,53,5,48,2
126426,61,8,53,2
126427,56,9,47,2
126428,49,3,46,2
126429,61,6,55,2
126430,59,5,54,2
126431,57,7,50,2
126432,54,5,49,2
126433,50,11,39,2
126434,56,9,47,2
126435,60,11,49,2
126436,48,7,41,2
126437,61,10,51,2
126438,67,9,58,2
126439,44,3,41,2
126440,65,13,52,2
126441,54,7,47,2
126442,59,9,50,2
126443,65,6,59,2
126444,61,5,56,2
126445,64,12,52,2
126446,44,3,41,2
126447,53,8,45,2
126448,52,6,46,2
126449,59,7,52,2
126450,72,4,68,2
126451,53,3,50,2
126452,49,6,43,2
126453,59,5,54,2
126454,62,5,57,2
126455,55,10,45,2
126456,58,9,49,2
126457,52,6,46,2
126458,44,5,39,2
126459,51,8,43,2
126460,49,2,47,2
126461,58,5,53,2
126462,60,9,51,2
126463,51,3,48,2
126464,59,9,50,2
126465,66,12,54,2
126466,45,5,40,2
126467,42,7,35,2
126468,53,6,47,2
126469,56,6,50,2
126470,50,6,44,2
126471,54,7,47,2
126472,56,3,53,2
126473,58,8,50,2
126474,60,8,52,2
126475,58,8,50,2
126476,47,2,45,2
126477,64,6,58,2
126478,75,9,66,2
126479,53,4,49,2
126480,51,7,44,2
126481,47,7,40,2
126482,57,6,51,2
126483,53,10,43,2
126484,57,9,48,2
126485,55,5,50,2
126486,41,6,35,2
126487,57,4,53,2
126488,61,9,52,2
126489,46,2,44,2
126490,53,7,46,2
126491,54,3,51,2
126492,54,7,47,2
126493,53,4,49,2
126494,54,6,48,2
126495,39,5,34,2
126496,55,6,49,2
126497,53,1,52,2
126498,51,1,50,2
126499,53,8,45,2
126500,53,5,48,2
126501,47,8,39,2
126502,37,5,32,2
126503,58,4,54,2
126504,54,5,49,2
126505,60,7,53,2
126506,56,10,46,2
126507,51,4,47,2
126508,57,3,54,2
126509,52,7,45,2
126510,55,8,47,2
126511,59,7,52,2
126512,43,6,37,2
126513,47,5,42,2
126514,45,6,39,2
126515,52,6,46,2
126516,60,10,50,2
126517,48,5,43,2
126518,71,9,62,2
126519,39,6,33,2
126520,56,5,51,2
126521,56,8,48,2
126522,49,5,44,2
126523,62,12,50,2
126524,37,5,32,2
126525,46,7,39,2
126526,60,6,54,2
126527,62,12,50,2
126528,50,7,43,2
126529,61,8,53,2
126530,60,5,55,2
126531,52,7,45,2
126532,50,5,45,2
126533,55,9,46,2
126534,51,4,47,2
126535,51,3,48,2
126536,64,5,59,2
126537,50,5,45,2
126538,52,9,43,2
126539,58,9,49,2
126540,63,6,57,2
126541,65,8,57,2
126542,53,4,49,2
126543,56,4,52,2
126544,61,6,55,2
126545,50,7,43,2
126546,51,10,41,2
126547,60,4,56,2
126548,52,8,44,2
126549,55,10,45,2
126550,44,3,41,2
126551,53,8,45,2
126552,53,6,47,2
126553,52,7,45,2
126554,56,6,50,2
126555,67,4,63,2
126556,46,5,41,2
126557,52,5,47,2
126558,59,5,54,2
126559,46,7,39,2
126560,63,11,52,2
126561,64,3,61,2
126562,53,7,46,2
126563,51,5,46,2
126564,50,4,46,2
126565,46,7,39,2
126566,56,10,46,2
126567,74,12,62,2
126568,60,5,55,2
126569,40,6,34,2
126570,62,12,50,2
126571,54,12,42,2
126572,66,8,58,2
126573,56,6,50,2
126574,42,6,36,2
126575,60,8,52,2
126576,57,9,48,2
126577,52,9,43,2
126578,55,7,48,2
126579,64,9,55,2
126580,55,3,52,2
126581,48,6,42,2
126582,59,10,49,2
126583,65,13,52,2
126584,51,6,45,2
126585,57,3,54,2
126586,70,5,65,2
126587,55,7,48,2
126588,53,8,45,2
126589,49,10,39,2
126590,56,7,49,2
126591,57,7,50,2
126592,33,5,28,2
126593,63,5,58,2
126594,53,7,46,2
126595,60,6,54,2
126596,55,10,45,2
126597,56,7,49,2
126598,50,5,45,2
126599,61,6,55,2
126600,52,2,50,2
126601,55,1,54,2
126602,39,2,37,2
126603,62,5,57,2
126604,61,9,52,2
126605,57,5,52,2
126606,62,8,54,2
126607,54,5,49,2
126608,58,3,55,2
126609,46,5,41,2
126610,50,4,46,2
126611,65,7,58,2
126612,62,10,52,2
126613,55,6,49,2
126614,59,5,54,2
126615,45,5,40,2
126616,57,4,53,2
126617,55,5,50,2
126618,55,4,51,2
126619,53,8,45,2
126620,55,7,48,2
126621,56,7,49,2
126622,62,8,54,2
126623,57,5,52,2
126624,54,4,50,2
126625,55,8,47,2
126626,55,6,49,2
126627,36,6,30,2
126628,61,9,52,2
126629,56,6,50,2
126630,51,5,46,2
126631,51,4,47,2
126632,62,14,48,2
126633,56,5,51,2
126634,57,11,46,2
126635,66,9,57,2
126636,55,7,48,2
126637,59,5,54,2
126638,64,6,58,2
126639,66,16,50,2
126640,51,7,44,2
126641,57,4,53,2
126642,49,6,43,2
126643,56,4,52,2
126644,45,11,34,2
126645,59,10,49,2
126646,61,6,55,2
126647,59,7,52,2
126648,54,9,45,2
126649,47,5,42,2
126650,74,10,64,2
126651,42,2,40,2
126652,59,3,56,2
126653,41,5,36,2
126654,58,2,56,2
126655,55,5,50,2
126656,51,8,43,2
126657,46,2,44,2
126658,59,4,55,2
126659,49,6,43,2
126660,64,11,53,2
126661,56,5,51,2
126662,70,11,59,2
126663,49,6,43,2
126664,52,3,49,2
126665,43,3,40,2
126666,59,10,49,2
126667,55,5,50,2
126668,45,4,41,2
126669,57,9,48,2
126670,53,4,49,2
126671,47,8,39,2
126672,63,9,54,2
126673,44,3,41,2
126674,51,3,48,2
126675,39,4,35,2
126676,62,11,51,2
126677,54,5,49,2
126678,56,2,54,2
126679,55,7,48,2
126680,46,3,43,2
126681,56,8,48,2
126682,61,8,53,2
126683,54,6,48,2
126684,55,4,51,2
126685,47,9,38,2
126686,61,3,58,2
126687,42,5,37,2
126688,58,8,50,2
126689,49,11,38,2
126690,68,8,60,2
126691,60,6,54,2
126692,46,7,39,2
126693,52,7,45,2
126694,64,9,55,2
126695,54,3,51,2
126696,45,6,39,2
126697,55,5,50,2
126698,53,7,46,2
126699,61,10,51,2
126700,49,5,44,2
126701,62,4,58,2
126702,49,8,41,2
126703,66,6,60,2
126704,52,7,45,2
126705,56,5,51,2
126706,50,9,41,2
126707,46,7,39,2
126708,75,12,63,2
126709,56,5,51,2
126710,44,6,38,2
126711,43,5,38,2
126712,50,5,45,2
126713,50,4,46,2
126714,45,8,37,2
126715,62,12,50,2
126716,62,8,54,2
126717,54,8,46,2
126718,58,8,50,2
126719,55,4,51,2
126720,63,5,58,2
126721,51,5,46,2
126722,49,9,40,2
126723,59,6,53,2
126724,57,1,56,2
126725,58,2,56,2
126726,59,5,54,2
126727,63,5,58,2
126728,63,4,59,2
126729,39,4,35,2
126730,55,5,50,2
126731,42,3,39,2
126732,51,7,44,2
126733,45,6,39,2
126734,52,8,44,2
126735,59,10,49,2
126736,54,6,48,2
126737,59,6,53,2
126738,54,8,46,2
126739,63,6,57,2
126740,50,8,42,2
126741,50,6,44,2
126742,50,3,47,2
126743,60,10,50,2
126744,60,5,55,2
126745,58,6,52,2
126746,59,10,49,2
126747,40,2,38,2
126748,45,5,40,2
126749,65,7,58,2
126750,49,4,45,2
126751,53,6,47,2
126752,51,4,47,2
126753,62,7,55,2
126754,47,6,41,2
126755,48,7,41,2
126756,55,6,49,2
126757,52,3,49,2
126758,67,8,59,2
126759,75,8,67,2
126760,61,8,53,2
126761,65,5,60,2
126762,54,7,47,2
126763,57,9,48,2
126764,50,6,44,2
126765,46,4,42,2
126766,52,1,51,2
126767,49,4,45,2
126768,58,8,50,2
126769,48,5,43,2
126770,63,10,53,2
126771,60,9,51,2
126772,52,3,49,2
126773,51,10,41,2
126774,54,2,52,2
126775,62,7,55,2
126776,54,3,51,2
126777,57,7,50,2
126778,54,9,45,2
126779,50,7,43,2
126780,60,7,53,2
126781,59,7,52,2
126782,59,13,46,2
126783,54,6,48,2
126784,68,13,55,2
126785,58,4,54,2
126786,43,3,40,2
126787,60,3,57,2
126788,52,8,44,2
126789,51,4,47,2
126790,51,4,47,2
126791,69,5,64,2
126792,62,7,55,2
126793,54,10,44,2
126794,55,5,50,2
126795,56,6,50,2
126796,61,12,49,2
126797,48,7,41,2
126798,53,7,46,2
126799,49,5,44,2
126800,60,5,55,2
126801,50,8,42,2
126802,58,7,51,2
126803,75,8,67,2
126804,46,5,41,2
126805,49,8,41,2
126806,44,7,37,2
126807,47,7,40,2
126808,50,6,44,2
126809,54,6,48,2
126810,65,6,59,2
126811,48,10,38,2
126812,45,2,43,2
126813,59,5,54,2
126814,56,10,46,2
126815,57,9,48,2
126816,47,9,38,2
126817,45,3,42,2
126818,53,5,48,2
126819,47,12,35,2
126820,66,10,56,2
126821,52,5,47,2
126822,55,3,52,2
126823,57,8,49,2
126824,49,6,43,2
126825,53,6,47,2
126826,56,4,52,2
126827,56,9,47,2
126828,53,7,46,2
126829,62,10,52,2
126830,55,5,50,2
126831,66,6,60,2
126832,65,11,54,2
126833,72,5,67,2
126834,46,2,44,2
126835,57,8,49,2
126836,58,7,51,2
126837,44,6,38,2
126838,49,6,43,2
126839,65,11,54,2
126840,61,11,50,2
126841,57,6,51,2
126842,57,3,54,2
126843,51,4,47,2
126844,58,3,55,2
126845,54,8,46,2
126846,54,6,48,2
126847,63,7,56,2
126848,59,7,52,2
126850,55,9,46,2
126851,57,4,53,2
126852,55,7,48,2
126853,60,9,51,2
126854,52,7,45,2
126855,60,9,51,2
126856,53,6,47,2
126857,42,4,38,2
126858,67,4,63,2
126859,61,7,54,2
126860,48,5,43,2
126861,53,7,46,2
126862,56,4,52,2
126863,57,5,52,2
126864,52,7,45,2
126865,55,9,46,2
126866,53,7,46,2
126867,42,3,39,2
126868,55,9,46,2
126869,51,5,46,2
126870,65,2,63,2
126871,42,4,38,2
126872,52,10,42,2
126873,57,8,49,2
126874,58,8,50,2
126875,53,4,49,2
126876,49,3,46,2
126877,57,5,52,2
126878,54,10,44,2
126879,61,3,58,2
126880,56,8,48,2
126881,47,6,41,2
126882,52,4,48,2
126883,41,1,40,2
126884,48,5,43,2
126885,38,4,34,2
126886,71,9,62,2
126887,67,5,62,2
126888,61,11,50,2
126889,54,6,48,2
126890,54,8,46,2
126891,45,5,40,2
126892,54,5,49,2
126893,57,2,55,2
126894,40,5,35,2
126895,63,7,56,2
126896,59,8,51,2
126897,53,7,46,2
126898,45,4,41,2
126899,54,8,46,2
126900,55,7,48,2
126901,45,2,43,2
126902,60,6,54,2
126903,80,9,71,2
126904,53,8,45,2
126905,49,9,40,2
126906,52,6,46,2
126907,52,8,44,2
126908,55,7,48,2
126909,48,6,42,2
126910,52,4,48,2
126911,55,8,47,2
126912,66,9,57,2
126913,55,4,51,2
126914,52,3,49,2
126915,55,5,50,2
126916,52,8,44,2
126917,45,4,41,2
126918,74,12,62,2
126919,51,3,48,2
126920,54,5,49,2
126921,56,12,44,2
126922,53,6,47,2
126923,55,6,49,2
126924,59,5,54,2
126925,42,5,37,2
126926,52,6,46,2
126927,65,6,59,2
126928,56,5,51,2
126929,68,4,64,2
126930,47,6,41,2
126931,50,3,47,2
126932,49,5,44,2
126933,52,3,49,2
126934,61,5,56,2
126935,51,7,44,2
126936,59,5,54,2
126937,60,7,53,2
126938,70,13,57,2
126939,61,10,51,2
126940,60,8,52,2
126941,56,2,54,2
126942,63,6,57,2
126943,58,6,52,2
126944,52,6,46,2
126945,66,10,56,2
126946,56,8,48,2
126947,59,7,52,2
126948,51,8,43,2
126949,56,6,50,2
126950,55,7,48,2
126951,57,14,43,2
126952,49,10,39,2
126953,67,12,55,2
126954,39,6,33,2
126955,52,5,47,2
126956,47,7,40,2
126957,66,7,59,2
126958,54,9,45,2
126959,51,5,46,2
126960,59,6,53,2
126961,58,7,51,2
126962,53,5,48,2
126963,50,6,44,2
126964,50,5,45,2
126965,61,4,57,2
126966,60,6,54,2
126967,40,4,36,2
126968,58,9,49,2
126969,52,3,49,2
126970,47,4,43,2
126971,57,3,54,2
126972,50,6,44,2
126973,61,4,57,2
126974,42,5,37,2
126975,49,4,45,2
126976,54,7,47,2
126977,52,5,47,2
126978,65,5,60,2
126979,53,6,47,2
126980,48,7,41,2
126981,61,5,56,2
126982,41,7,34,2
126983,53,6,47,2
126984,63,5,58,2
126985,53,9,44,2
126986,49,4,45,2
126987,51,7,44,2
126988,45,6,39,2
126989,53,6,47,2
126990,62,4,58,2
126991,74,12,62,2
126992,51,4,47,2
126993,48,6,42,2
126994,57,6,51,2
126995,55,7,48,2
126996,65,7,58,2
126997,63,7,56,2
126998,58,5,53,2
126999,47,5,42,2
127000,50,5,45,2
127001,66,9,57,2
127002,61,11,50,2
127003,55,6,49,2
127004,47,3,44,2
127005,42,4,38,2
127006,58,8,50,2
127007,57,5,52,2
127008,64,6,58,2
127009,45,2,43,2
127010,45,5,40,2
127011,57,7,50,2
127012,41,6,35,2
127013,49,9,40,2
127014,51,11,40,2
127015,46,10,36,2
127016,49,6,43,2
127017,71,11,60,2
127018,53,3,50,2
127019,46,8,38,2
127020,55,5,50,2
127021,45,5,40,2
127022,38,6,32,2
127023,66,9,57,2
127024,46,5,41,2
127025,57,9,48,2
127026,46,9,37,2
127027,44,7,37,2
127028,44,11,33,2
127029,52,7,45,2
127030,65,9,56,2
127031,44,3,41,2
127032,56,4,52,2
127033,52,10,42,2
127034,55,9,46,2
127035,62,6,56,2
127036,56,7,49,2
127037,48,3,45,2
127038,55,3,52,2
127039,46,11,35,2
127040,55,4,51,2
127041,64,7,57,2
127042,51,5,46,2
127043,61,7,54,2
127044,57,15,42,2
127045,58,4,54,2
127046,42,5,37,2
127047,44,3,41,2
127048,61,9,52,2
127049,56,6,50,2
127050,48,4,44,2
127051,50,4,46,2
127052,66,9,57,2
127053,55,10,45,2
127054,56,8,48,2
127055,48,3,45,2
127056,61,4,57,2
127057,46,8,38,2
127058,53,6,47,2
127059,50,5,45,2
127060,52,9,43,2
127061,69,9,60,2
127062,42,7,35,2
127063,44,4,40,2
127064,55,7,48,2
127065,67,8,59,2
127066,70,13,57,2
127067,54,6,48,2
127068,66,8,58,2
127069,50,4,46,2
127070,61,10,51,2
127071,58,12,46,2
127072,56,2,54,2
127073,70,11,59,2
127074,56,10,46,2
127075,53,7,46,2
127076,51,6,45,2
127077,53,7,46,2
127078,39,4,35,2
127079,54,7,47,2
127080,48,6,42,2
127081,55,5,50,2
127082,40,8,32,2
127083,56,8,48,2
127084,51,6,45,2
127085,62,5,57,2
127086,62,5,57,2
127087,58,5,53,2
127088,67,5,62,2
127089,72,10,62,2
127090,47,4,43,2
127091,51,6,45,2
127092,56,5,51,2
127093,66,12,54,2
127094,58,9,49,2
127095,59,6,53,2
127096,42,5,37,2
127097,51,8,43,2
127098,51,2,49,2
127099,47,4,43,2
127100,60,7,53,2
127101,53,7,46,2
127102,57,10,47,2
127103,74,9,65,2
127104,42,9,33,2
127105,47,7,40,2
127106,58,8,50,2
127107,79,12,67,2
127108,64,10,54,2
127109,48,11,37,2
127110,55,2,53,2
127111,52,7,45,2
127112,53,4,49,2
127113,56,4,52,2
127114,52,4,48,2
127115,56,5,51,2
127117,55,7,48,2
127118,65,9,56,2
127119,50,4,46,2
127120,49,3,46,2
127121,63,7,56,2
127122,47,9,38,2
127123,54,2,52,2
127124,57,6,51,2
127125,52,5,47,2
127126,44,6,38,2
127127,61,9,52,2
127128,53,8,45,2
127129,46,5,41,2
127130,61,9,52,2
127131,44,2,42,2
127132,54,8,46,2
127133,60,7,53,2
127134,56,14,42,2
127135,51,7,44,2
127136,53,5,48,2
127137,57,3,54,2
127138,60,7,53,2
127139,49,5,44,2
127140,41,4,37,2
127141,46,6,40,2
127142,59,12,47,2
127143,45,5,40,2
127144,70,10,60,2
127145,54,2,52,2
127146,63,8,55,2
127147,60,7,53,2
127148,61,11,50,2
127149,58,8,50,2
127150,53,7,46,2
127151,47,7,40,2
127152,54,3,51,2
127153,59,6,53,2
127154,63,4,59,2
127155,58,8,50,2
127156,57,9,48,2
127157,62,4,58,2
127158,57,8,49,2
127159,42,2,40,2
127160,41,4,37,2
127161,45,9,36,2
127162,54,5,49,2
127163,52,3,49,2
127164,64,6,58,2
127165,56,8,48,2
127166,58,10,48,2
127167,65,7,58,2
127168,52,9,43,2
127169,52,4,48,2
127170,58,5,53,2
127171,62,7,55,2
127172,47,3,44,2
127173,48,3,45,2
127174,54,8,46,2
127175,54,5,49,2
127176,75,8,67,2
127177,49,6,43,2
127178,62,8,54,2
127179,48,6,42,2
127180,70,9,61,2
127181,69,7,62,2
127182,60,10,50,2
127183,60,5,55,2
127184,47,8,39,2
127185,57,3,54,2
127186,59,8,51,2
127187,50,7,43,2
127188,42,2,40,2
127189,52,5,47,2
127190,66,12,54,2
127191,46,6,40,2
127192,56,6,50,2
127193,62,4,58,2
127194,56,8,48,2
127195,53,3,50,2
127196,60,9,51,2
127197,46,7,39,2
127198,59,12,47,2
127199,66,7,59,2
127200,68,8,60,2
127201,44,0,44,1
127202,53,8,45,2
127203,60,8,52,2
127204,41,7,34,2
127205,53,4,49,2
127206,46,4,42,2
127207,50,8,42,2
127208,38,5,33,2
127209,59,5,54,2
127210,51,11,40,2
127211,46,8,38,2
127212,51,8,43,2
127213,59,8,51,2
127214,53,3,50,2
127215,62,9,53,2
127216,39,5,34,2
127217,48,4,44,2
127218,54,6,48,2
127219,53,8,45,2
127220,69,9,60,2
127221,68,5,63,2
127222,57,8,49,2
127223,50,6,44,2
127224,54,4,50,2
127225,52,9,43,2
127226,56,6,50,2
127227,47,6,41,2
127228,51,7,44,2
127229,56,7,49,2
127230,58,8,50,2
127231,58,6,52,2
127232,54,7,47,2
127233,55,4,51,2
127234,66,10,56,2
127235,47,3,44,2
127236,65,3,62,2
127237,47,6,41,2
127238,65,7,58,2
127239,51,6,45,2
127240,68,12,56,2
127241,48,8,40,2
127242,56,7,49,2
127243,55,6,49,2
127244,56,9,47,2
127245,48,8,40,2
127246,55,5,50,2
127247,53,7,46,2
127248,64,7,57,2
127249,50,4,46,2
127250,55,10,45,2
127251,62,11,51,2
127252,57,8,49,2
127253,54,3,51,2
127254,47,7,40,2
127255,48,7,41,2
127256,57,8,49,2
127257,43,6,37,2
127258,54,4,50,2
127259,54,6,48,2
127260,73,8,65,2
127261,47,5,42,2
127262,50,6,44,2
127263,49,8,41,2
127264,49,10,39,2
127265,45,5,40,2
127266,53,5,48,2
127267,54,3,51,2
127268,50,7,43,2
127269,50,12,38,2
127270,41,6,35,2
127271,47,4,43,2
127272,50,3,47,2
127273,54,10,44,2
127274,47,4,43,2
127275,58,5,53,2
127276,48,7,41,2
127277,49,7,42,2
127278,52,7,45,2
127279,57,4,53,2
127280,59,5,54,2
127281,68,6,62,2
127282,52,7,45,2
127283,51,6,45,2
127284,47,3,44,2
127285,45,5,40,2
127286,54,5,49,2
127287,54,10,44,2
127288,53,7,46,2
127289,52,2,50,2
127290,56,6,50,2
127291,48,2,46,2
127292,51,7,44,2
127293,42,7,35,2
127294,42,9,33,2
127295,47,4,43,2
127296,43,3,40,2
127297,51,5,46,2
127298,48,10,38,2
127299,51,7,44,2
127300,59,6,53,2
127301,54,7,47,2
127302,52,3,49,2
127303,55,4,51,2
127304,56,3,53,2
127305,64,7,57,2
127306,41,6,35,2
127307,48,3,45,2
127308,44,5,39,2
127309,56,7,49,2
127310,56,6,50,2
127311,52,5,47,2
127312,65,5,60,2
127313,64,9,55,2
127314,48,6,42,2
127315,59,10,49,2
127316,59,5,54,2
127317,63,11,52,2
127318,56,8,48,2
127319,53,4,49,2
127320,50,5,45,2
127321,60,5,55,2
127322,52,8,44,2
127323,53,7,46,2
127324,44,3,41,2
127325,55,10,45,2
127326,60,11,49,2
127327,49,6,43,2
127328,41,5,36,2
127329,51,5,46,2
127330,57,11,46,2
127331,66,7,59,2
127332,50,10,40,2
127333,53,7,46,2
127334,62,11,51,2
127335,59,7,52,2
127336,72,9,63,2
127337,52,8,44,2
127338,57,7,50,2
127339,63,8,55,2
127340,48,8,40,2
127341,58,9,49,2
127342,57,5,52,2
127343,51,6,45,2
127344,51,13,38,2
127345,44,3,41,2
127346,43,4,39,2
127347,63,8,55,2
127348,56,8,48,2
127349,45,4,41,2
127350,75,5,70,2
127351,64,9,55,2
127352,51,6,45,2
127353,52,6,46,2
127354,48,8,40,2
127355,49,3,46,2
127356,45,4,41,2
127357,48,4,44,2
127358,46,4,42,2
127359,64,12,52,2
127360,57,10,47,2
127361,50,6,44,2
127362,60,10,50,2
127363,51,9,42,2
127364,55,8,47,2
127365,61,9,52,2
127366,61,6,55,2
127367,64,6,58,2
127368,59,2,57,2
127369,60,7,53,2
127370,51,8,43,2
127371,61,8,53,2
127372,49,4,45,2
127373,51,10,41,2
127374,60,12,48,2
127375,54,2,52,2
127376,61,8,53,2
127377,47,8,39,2
127378,50,8,42,2
127379,51,7,44,2
127380,53,4,49,2
127381,53,5,48,2
127382,45,4,41,2
127383,49,4,45,2
127384,59,8,51,2
127385,62,6,56,2
127386,62,6,56,2
127387,55,6,49,2
127388,50,11,39,2
127389,50,8,42,2
127390,62,9,53,2
127391,66,7,59,2
127392,45,5,40,2
127393,48,6,42,2
127394,52,8,44,2
127395,42,8,34,2
127396,55,8,47,2
127397,46,6,40,2
127398,44,7,37,2
127399,46,4,42,2
127400,61,12,49,2
127401,71,9,62,2
127402,61,4,57,2
127403,57,7,50,2
127404,50,5,45,2
127405,58,3,55,2
127406,46,10,36,2
127407,60,7,53,2
127408,63,10,53,2
127409,57,8,49,2
127410,52,11,41,2
127411,50,8,42,2
127412,37,7,30,2
127413,57,13,44,2
127414,49,2,47,2
127415,60,10,50,2
127416,59,10,49,2
127417,62,5,57,2
127418,45,4,41,2
127419,59,8,51,2
127420,56,4,52,2
127421,60,7,53,2
127422,52,3,49,2
127423,51,6,45,2
127424,63,4,59,2
127425,72,5,67,2
127426,58,8,50,2
127427,45,6,39,2
127428,42,2,40,2
127429,50,3,47,2
127430,56,7,49,2
127431,54,9,45,2
127432,51,6,45,2
127433,65,8,57,2
127434,44,8,36,2
127435,44,5,39,2
127436,49,8,41,2
127437,59,9,50,2
127438,54,7,47,2
127439,57,5,52,2
127440,48,5,43,2
127441,56,10,46,2
127442,47,3,44,2
127443,46,2,44,2
127444,44,6,38,2
127445,57,4,53,2
127446,51,7,44,2
127447,55,7,48,2
127448,44,4,40,2
127449,61,6,55,2
127450,60,7,53,2
127451,53,7,46,2
127452,55,8,47,2
127453,54,5,49,2
127454,64,7,57,2
127455,63,8,55,2
127456,58,10,48,2
127457,49,4,45,2
127458,56,4,52,2
127459,53,4,49,2
127460,57,3,54,2
127461,53,3,50,2
127462,49,6,43,2
127463,56,7,49,2
127464,58,5,53,2
127465,52,7,45,2
127466,57,4,53,2
127467,59,5,54,2
127468,67,12,55,2
127469,46,4,42,2
127470,47,3,44,2
127471,71,8,63,2
127472,56,11,45,2
127473,60,6,54,2
127474,52,5,47,2
127475,54,1,53,2
127476,62,10,52,2
127477,60,5,55,2
127478,69,9,60,2
127479,56,5,51,2
127480,56,4,52,2
127481,40,5,35,2
127482,64,9,55,2
127483,57,12,45,2
127484,63,10,53,2
127485,68,3,65,2
127486,43,3,40,2
127487,62,6,56,2
127488,47,2,45,2
127489,64,9,55,2
127490,56,12,44,2
127491,48,6,42,2
127492,85,9,76,2
127493,57,7,50,2
127494,40,8,32,2
127495,52,6,46,2
127496,60,6,54,2
127497,50,10,40,2
127498,49,7,42,2
127499,63,6,57,2
127500,53,9,44,2
127501,56,10,46,2
127502,49,5,44,2
127503,70,13,57,2
127504,37,6,31,2
127505,58,6,52,2
127506,56,4,52,2
127507,59,6,53,2
127508,52,6,46,2
127509,73,9,64,2
127510,50,5,45,2
127511,51,8,43,2
127512,59,5,54,2
127513,63,4,59,2
127514,57,6,51,2
127515,49,6,43,2
127516,59,5,54,2
127517,64,8,56,2
127518,66,9,57,2
127519,50,6,44,2
127520,54,9,45,2
127521,46,7,39,2
127522,54,7,47,2
127523,54,9,45,2
127524,53,6,47,2
127525,48,4,44,2
127526,69,5,64,2
127527,51,4,47,2
127528,60,9,51,2
127529,61,6,55,2
127530,63,10,53,2
127531,74,7,67,2
127532,50,7,43,2
127533,59,8,51,2
127534,61,10,51,2
127535,55,4,51,2
127536,62,9,53,2
127537,49,8,41,2
127538,54,2,52,2
127539,50,6,44,2
127540,50,8,42,2
127541,50,4,46,2
127542,41,7,34,2
127543,52,5,47,2
127544,43,7,36,2
127545,64,3,61,2
127546,49,6,43,2
127547,58,6,52,2
127548,52,8,44,2
127549,64,7,57,2
127550,54,8,46,2
127551,62,7,55,2
127552,55,10,45,2
127553,62,8,54,2
127554,60,8,52,2
127555,56,6,50,2
127556,50,7,43,2
127557,48,6,42,2
127558,56,8,48,2
127559,55,8,47,2
127560,56,3,53,2
127561,61,10,51,2
127562,44,7,37,2
127563,46,3,43,2
127564,60,5,55,2
127565,64,4,60,2
127566,49,3,46,2
127567,60,7,53,2
127568,50,7,43,2
127569,39,6,33,2
127570,58,7,51,2
127571,50,5,45,2
127572,53,10,43,2
127573,51,4,47,2
127574,56,9,47,2
127575,56,6,50,2
127576,47,2,45,2
127577,64,7,57,2
127578,45,7,38,2
127579,49,7,42,2
127580,50,5,45,2
127581,67,7,60,2
127582,56,6,50,2
127583,47,3,44,2
127584,62,9,53,2
127585,50,5,45,2
127586,62,7,55,2
127587,47,6,41,2
127588,43,6,37,2
127589,56,10,46,2
127590,48,3,45,2
127591,49,7,42,2
127592,69,6,63,2
127593,48,6,42,2
127594,59,5,54,2
127595,44,5,39,2
127596,46,7,39,2
127597,52,5,47,2
127598,63,10,53,2
127599,53,7,46,2
127600,52,6,46,2
127601,56,6,50,2
127602,52,6,46,2
127603,59,7,52,2
127604,50,5,45,2
127605,47,4,43,2
127606,53,7,46,2
127607,55,5,50,2
127608,53,7,46,2
127609,41,7,34,2
127610,72,8,64,2
127611,60,7,53,2
127612,48,7,41,2
127613,48,6,42,2
127614,54,11,43,2
127615,65,10,55,2
127616,52,8,44,2
127617,66,8,58,2
127618,60,10,50,2
127619,54,8,46,2
127620,63,4,59,2
127621,38,3,35,2
127622,46,6,40,2
127623,78,5,73,2
127624,60,8,52,2
127625,62,7,55,2
127626,45,4,41,2
127627,62,11,51,2
127628,69,9,60,2
127629,45,5,40,2
127630,52,7,45,2
127631,46,8,38,2
127632,55,3,52,2
127633,57,12,45,2
127634,58,10,48,2
127635,60,8,52,2
127636,45,2,43,2
127637,60,4,56,2
127638,64,8,56,2
127639,57,6,51,2
127640,50,7,43,2
127641,52,5,47,2
127642,66,9,57,2
127643,57,10,47,2
127644,45,5,40,2
127645,43,4,39,2
127646,59,6,53,2
127647,46,8,38,2
127648,52,8,44,2
127649,54,10,44,2
127650,47,4,43,2
127651,53,4,49,2
127652,59,11,48,2
127653,57,5,52,2
127654,60,11,49,2
127655,55,9,46,2
127656,64,7,57,2
127657,51,12,39,2
127658,54,6,48,2
127659,64,12,52,2
127660,54,7,47,2
127661,50,6,44,2
127662,65,6,59,2
127663,47,11,36,2
127664,55,7,48,2
127665,51,4,47,2
127666,47,6,41,2
127667,67,0,67,1
127668,62,7,55,2
127669,49,6,43,2
127670,63,9,54,2
127671,55,11,44,2
127672,59,10,49,2
127673,63,11,52,2
127674,76,10,66,2
127675,62,4,58,2
127676,52,2,50,2
127677,65,7,58,2
127678,50,11,39,2
127679,69,6,63,2
127680,58,9,49,2
127681,57,3,54,2
127682,70,7,63,2
127683,69,8,61,2
127684,61,8,53,2
127685,54,13,41,2
127686,56,6,50,2
127687,62,5,57,2
127688,59,8,51,2
127689,51,5,46,2
127690,58,10,48,2
127691,67,13,54,2
127692,65,8,57,2
127693,56,9,47,2
127694,63,7,56,2
127695,55,3,52,2
127696,59,6,53,2
127697,46,4,42,2
127698,40,3,37,2
127699,51,9,42,2
127700,50,4,46,2
127701,46,6,40,2
127702,55,6,49,2
127703,48,3,45,2
127704,49,7,42,2
127705,50,7,43,2
127706,47,6,41,2
127707,46,5,41,2
127708,39,5,34,2
127709,55,6,49,2
127710,49,8,41,2
127711,49,4,45,2
127712,42,4,38,2
127713,40,6,34,2
127714,54,7,47,2
127715,73,7,66,2
127716,57,6,51,2
127717,47,9,38,2
127718,55,9,46,2
127719,59,3,56,2
127720,58,6,52,2
127721,55,5,50,2
127722,49,4,45,2
127723,52,7,45,2
127724,61,7,54,2
127725,57,6,51,2
127726,47,2,45,2
127727,43,5,38,2
127728,59,1,58,2
127729,59,8,51,2
127730,49,6,43,2
127731,51,5,46,2
127732,52,8,44,2
127733,48,7,41,2
127734,56,10,46,2
127735,52,3,49,2
127736,50,8,42,2
127737,63,13,50,2
127739,56,9,47,2
127740,66,10,56,2
127741,49,4,45,2
127742,51,7,44,2
127743,54,5,49,2
127744,59,8,51,2
127745,43,4,39,2
127746,48,10,38,2
127747,42,6,36,2
127748,42,2,40,2
127749,62,8,54,2
127750,67,5,62,2
127751,63,10,53,2
127752,50,10,40,2
127753,61,8,53,2
127754,49,5,44,2
127755,57,7,50,2
127756,58,9,49,2
127757,61,3,58,2
127758,64,8,56,2
127759,63,8,55,2
127760,56,6,50,2
127761,66,8,58,2
127762,45,5,40,2
127763,57,5,52,2
127764,64,8,56,2
127765,51,10,41,2
127766,59,7,52,2
127767,63,13,50,2
127768,74,11,63,2
127769,67,5,62,2
127770,49,8,41,2
127771,57,8,49,2
127772,47,6,41,2
127773,50,6,44,2
127774,54,9,45,2
127775,48,5,43,2
127776,50,7,43,2
127777,62,5,57,2
127778,60,13,47,2
127779,54,5,49,2
127780,53,6,47,2
127781,54,7,47,2
127782,50,8,42,2
127783,51,7,44,2
127784,63,7,56,2
127785,59,7,52,2
127786,61,7,54,2
127787,67,8,59,2
127788,35,5,30,2
127789,49,10,39,2
127790,49,8,41,2
127791,49,10,39,2
127792,60,6,54,2
127793,57,10,47,2
127794,41,3,38,2
127795,44,5,39,2
127796,45,2,43,2
127797,51,8,43,2
127798,48,4,44,2
127799,50,4,46,2
127800,52,3,49,2
127801,41,3,38,2
127802,45,6,39,2
127803,53,10,43,2
127804,62,4,58,2
127805,57,8,49,2
127806,60,2,58,2
127807,61,2,59,2
127808,48,3,45,2
127809,57,5,52,2
127810,58,5,53,2
127811,48,7,41,2
127812,68,7,61,2
127813,51,5,46,2
127814,61,2,59,2
127815,59,8,51,2
127816,60,8,52,2
127817,52,1,51,2
127818,51,3,48,2
127819,50,6,44,2
127820,47,7,40,2
127821,47,2,45,2
127822,65,7,58,2
127823,67,9,58,2
127824,54,6,48,2
127825,50,4,46,2
127826,48,3,45,2
127827,55,12,43,2
127828,57,5,52,2
127829,56,6,50,2
127830,50,9,41,2
127831,49,5,44,2
127832,53,8,45,2
127833,43,11,32,2
127834,50,5,45,2
127835,55,4,51,2
127836,55,4,51,2
127837,49,3,46,2
127838,59,10,49,2
127839,56,7,49,2
127840,44,8,36,2
127841,43,8,35,2
127842,59,8,51,2
127843,54,10,44,2
127844,53,9,44,2
127845,54,10,44,2
127846,50,8,42,2
127847,63,5,58,2
127848,50,9,41,2
127849,58,3,55,2
127850,45,4,41,2
127851,55,7,48,2
127852,63,11,52,2
127853,61,8,53,2
127854,46,8,38,2
127855,46,6,40,2
127856,57,2,55,2
127857,60,4,56,2
127858,55,7,48,2
127859,54,9,45,2
127860,44,3,41,2
127861,42,4,38,2
127862,44,11,33,2
127863,57,4,53,2
127864,54,5,49,2
127865,56,8,48,2
127866,55,11,44,2
127867,48,4,44,2
127868,68,10,58,2
127869,56,12,44,2
127870,45,5,40,2
127871,51,3,48,2
127872,47,7,40,2
127873,52,5,47,2
127874,58,7,51,2
127875,59,6,53,2
127876,67,14,53,2
127877,58,10,48,2
127878,47,4,43,2
127879,49,9,40,2
127880,58,5,53,2
127881,47,3,44,2
127882,64,8,56,2
127883,62,8,54,2
127884,47,2,45,2
127885,49,5,44,2
127886,41,5,36,2
127887,47,8,39,2
127888,54,10,44,2
127889,45,7,38,2
127890,50,5,45,2
127891,61,5,56,2
127892,45,4,41,2
127893,52,7,45,2
127894,55,3,52,2
127895,43,6,37,2
127896,52,4,48,2
127898,60,7,53,2
127899,54,3,51,2
127900,51,8,43,2
127901,53,4,49,2
127902,47,6,41,2
127903,51,7,44,2
127904,49,10,39,2
127905,60,8,52,2
127906,51,6,45,2
127907,53,5,48,2
127908,48,3,45,2
127909,54,4,50,2
127910,41,5,36,2
127911,52,5,47,2
127912,52,8,44,2
127913,56,8,48,2
127914,39,3,36,2
127915,60,4,56,2
127916,48,5,43,2
127917,59,6,53,2
127918,66,7,59,2
127919,64,7,57,2
127920,57,7,50,2
127921,54,7,47,2
127922,47,4,43,2
127923,55,8,47,2
127924,56,5,51,2
127925,65,6,59,2
127926,52,3,49,2
127927,42,4,38,2
127928,50,6,44,2
127929,44,5,39,2
127930,57,4,53,2
127931,55,6,49,2
127932,65,9,56,2
127933,54,4,50,2
127934,54,8,46,2
127935,54,6,48,2
127936,55,7,48,2
127937,49,6,43,2
127938,71,6,65,2
127939,62,5,57,2
127940,68,5,63,2
127941,39,5,34,2
127942,55,4,51,2
127943,54,11,43,2
127944,58,7,51,2
127945,53,7,46,2
127946,59,7,52,2
127947,56,6,50,2
127948,44,4,40,2
127949,58,8,50,2
127950,59,4,55,2
127951,50,4,46,2
127952,52,5,47,2
127953,52,2,50,2
127954,37,3,34,2
127955,39,5,34,2
127956,53,6,47,2
127957,51,4,47,2
127958,56,6,50,2
127959,50,7,43,2
127960,50,8,42,2
127961,54,7,47,2
127962,73,8,65,2
127963,56,12,44,2
127964,54,3,51,2
127965,64,7,57,2
127966,73,9,64,2
127967,53,7,46,2
127968,50,5,45,2
127969,46,3,43,2
127970,56,4,52,2
127971,44,7,37,2
127972,60,8,52,2
127973,43,7,36,2
127974,50,6,44,2
127975,46,6,40,2
127976,66,9,57,2
127977,49,5,44,2
127978,59,8,51,2
127979,62,13,49,2
127980,54,5,49,2
127981,47,5,42,2
127982,56,8,48,2
127983,46,9,37,2
127984,63,7,56,2
127985,46,6,40,2
127986,48,7,41,2
127987,54,5,49,2
127988,68,10,58,2
127989,66,7,59,2
127990,61,11,50,2
127991,48,8,40,2
127992,51,7,44,2
127993,40,3,37,2
127994,50,6,44,2
127995,59,8,51,2
127996,60,5,55,2
127997,47,6,41,2
127998,50,3,47,2
127999,57,10,47,2
128000,60,7,53,2
128001,52,3,49,2
128002,59,9,50,2
128003,45,6,39,2
128004,57,6,51,2
128005,48,2,46,2
128006,55,8,47,2
128007,52,8,44,2
128008,58,3,55,2
128009,61,6,55,2
128010,51,13,38,2
128011,55,5,50,2
128012,57,3,54,2
128013,57,9,48,2
128014,53,7,46,2
128015,65,13,52,2
128016,61,13,48,2
128017,55,7,48,2
128018,40,3,37,2
128019,72,7,65,2
128020,63,11,52,2
128021,48,8,40,2
128022,54,7,47,2
128023,53,11,42,2
128024,53,7,46,2
128025,47,11,36,2
128026,59,5,54,2
128027,46,4,42,2
128028,52,2,50,2
128029,40,1,39,2
128030,61,8,53,2
128031,41,7,34,2
128032,65,11,54,2
128033,48,10,38,2
128034,60,11,49,2
128035,64,9,55,2
128036,69,8,61,2
128037,57,8,49,2
128038,62,10,52,2
128039,41,6,35,2
128040,67,9,58,2
128041,70,5,65,2
128042,63,12,51,2
128043,60,10,50,2
128044,63,10,53,2
128045,52,8,44,2
128046,44,6,38,2
128047,60,11,49,2
128048,40,3,37,2
128049,59,3,56,2
128050,54,5,49,2
128051,54,2,52,2
128052,50,8,42,2
128053,61,5,56,2
128054,52,8,44,2
128055,48,2,46,2
128056,63,5,58,2
128057,49,5,44,2
128058,45,6,39,2
128059,62,8,54,2
128060,51,5,46,2
128061,63,6,57,2
128062,52,6,46,2
128063,76,10,66,2
128064,64,9,55,2
128065,70,7,63,2
128066,55,6,49,2
128067,59,12,47,2
128068,53,2,51,2
128069,69,9,60,2
128070,52,6,46,2
128071,56,8,48,2
128072,51,6,45,2
128073,63,3,60,2
128074,59,7,52,2
128075,62,9,53,2
128076,59,6,53,2
128077,53,7,46,2
128078,37,5,32,2
128079,53,3,50,2
128080,58,2,56,2
128081,52,7,45,2
128082,61,9,52,2
128083,51,3,48,2
128084,59,5,54,2
128085,63,7,56,2
128086,69,7,62,2
128087,49,11,38,2
128088,50,6,44,2
128089,55,5,50,2
128090,61,7,54,2
128091,56,5,51,2
128092,63,13,50,2
128093,57,9,48,2
128094,54,5,49,2
128095,55,13,42,2
128096,53,6,47,2
128097,63,10,53,2
128098,53,9,44,2
128099,63,6,57,2
128100,53,5,48,2
128101,63,6,57,2
128102,58,4,54,2
128103,50,3,47,2
128104,53,7,46,2
128105,50,9,41,2
128106,62,10,52,2
128107,56,10,46,2
128108,56,5,51,2
128109,47,4,43,2
128110,53,5,48,2
128111,50,6,44,2
128112,46,7,39,2
128113,61,2,59,2
128114,65,8,57,2
128115,51,9,42,2
128116,60,10,50,2
128117,52,8,44,2
128118,52,8,44,2
128119,53,8,45,2
128120,64,10,54,2
128121,59,10,49,2
128122,61,7,54,2
128123,53,6,47,2
128124,54,6,48,2
128125,47,7,40,2
128126,67,7,60,2
128127,56,3,53,2
128128,48,8,40,2
128129,49,3,46,2
128130,55,6,49,2
128131,62,11,51,2
128132,47,6,41,2
128133,68,7,61,2
128134,56,6,50,2
128135,41,3,38,2
128136,58,2,56,2
128137,57,7,50,2
128138,53,6,47,2
128139,60,6,54,2
128140,42,7,35,2
128141,45,1,44,2
128142,72,6,66,2
128143,52,4,48,2
128144,50,7,43,2
128145,67,6,61,2
128146,52,5,47,2
128147,45,3,42,2
128148,54,3,51,2
128149,55,6,49,2
128150,56,6,50,2
128151,46,5,41,2
128152,69,6,63,2
128153,52,3,49,2
128154,49,7,42,2
128155,53,5,48,2
128156,58,7,51,2
128157,48,7,41,2
128158,48,7,41,2
128159,63,8,55,2
128160,60,3,57,2
128161,59,5,54,2
128162,39,3,36,2
128163,61,6,55,2
128164,75,10,65,2
128165,60,3,57,2
128166,59,5,54,2
128167,63,8,55,2
128168,53,3,50,2
128169,56,8,48,2
128170,77,12,65,2
128171,52,7,45,2
128172,66,8,58,2
128173,53,3,50,2
128174,65,12,53,2
128175,60,7,53,2
128176,60,7,53,2
128177,50,7,43,2
128178,45,10,35,2
128179,55,12,43,2
128180,57,5,52,2
128181,42,9,33,2
128182,70,9,61,2
128183,59,9,50,2
128184,49,8,41,2
128185,42,5,37,2
128186,47,4,43,2
128187,71,12,59,2
128188,62,10,52,2
128189,46,8,38,2
128190,50,1,49,2
128191,44,5,39,2
128192,54,9,45,2
128193,66,4,62,2
128194,52,13,39,2
128195,52,5,47,2
128196,60,8,52,2
128197,58,9,49,2
128198,59,11,48,2
128199,64,8,56,2
128200,66,3,63,2
128201,58,5,53,2
128202,50,7,43,2
128203,64,6,58,2
128204,64,7,57,2
128205,55,2,53,2
128207,69,10,59,2
128208,53,9,44,2
128209,54,6,48,2
128210,50,3,47,2
128211,53,4,49,2
128212,48,7,41,2
128213,59,4,55,2
128214,57,8,49,2
128215,51,5,46,2
128216,53,3,50,2
128217,50,3,47,2
128218,59,7,52,2
128219,67,8,59,2
128220,55,4,51,2
128221,65,8,57,2
128222,52,7,45,2
128223,53,11,42,2
128224,66,4,62,2
128225,64,6,58,2
128226,48,4,44,2
128227,70,16,54,2
128228,64,4,60,2
128229,66,12,54,2
128230,44,5,39,2
128231,66,9,57,2
128232,60,6,54,2
128233,59,2,57,2
128234,53,4,49,2
128235,52,3,49,2
128236,48,8,40,2
128237,65,9,56,2
128238,57,14,43,2
128239,52,8,44,2
128240,64,10,54,2
128241,42,9,33,2
128242,50,6,44,2
128243,62,11,51,2
128244,60,10,50,2
128245,50,6,44,2
128246,54,7,47,2
128247,47,3,44,2
128248,56,9,47,2
128249,44,6,38,2
128250,47,9,38,2
128251,59,9,50,2
128252,55,7,48,2
128253,58,3,55,2
128254,63,7,56,2
128255,44,9,35,2
128256,57,4,53,2
128257,61,6,55,2
128258,60,8,52,2
128259,54,3,51,2
128260,54,11,43,2
128261,53,5,48,2
128262,42,3,39,2
128263,49,4,45,2
128264,62,6,56,2
128265,55,7,48,2
128266,36,10,26,2
128267,59,12,47,2
128268,58,5,53,2
128269,43,2,41,2
128270,47,8,39,2
128271,44,4,40,2
128272,57,4,53,2
128273,67,9,58,2
128274,45,6,39,2
128275,65,7,58,2
128276,59,6,53,2
128277,47,7,40,2
128278,43,3,40,2
128279,50,8,42,2
128280,62,7,55,2
128281,50,3,47,2
128282,65,7,58,2
128283,54,8,46,2
128284,54,5,49,2
128285,79,8,71,2
128286,60,7,53,2
128287,42,5,37,2
128288,64,7,57,2
128289,47,7,40,2
128290,40,5,35,2
128291,55,8,47,2
128292,46,6,40,2
128293,59,6,53,2
128294,43,2,41,2
128295,43,2,41,2
128296,54,4,50,2
128297,55,7,48,2
128298,60,7,53,2
128299,55,5,50,2
128300,58,4,54,2
128301,44,4,40,2
128302,48,10,38,2
128303,64,5,59,2
128304,46,4,42,2
128305,62,7,55,2
128306,46,7,39,2
128307,53,5,48,2
128308,42,6,36,2
128309,58,10,48,2
128310,52,10,42,2
128311,53,4,49,2
128312,59,5,54,2
128313,47,7,40,2
128314,59,8,51,2
128315,49,11,38,2
128316,44,4,40,2
128317,72,9,63,2
128318,49,6,43,2
128319,69,7,62,2
128320,55,8,47,2
128321,75,18,57,2
128322,40,7,33,2
128323,45,6,39,2
128324,64,5,59,2
128325,47,4,43,2
128326,60,5,55,2
128327,65,3,62,2
128328,61,5,56,2
128329,60,10,50,2
128330,48,5,43,2
128331,59,10,49,2
128332,73,8,65,2
128333,60,4,56,2
128334,57,7,50,2
128335,67,7,60,2
128336,53,10,43,2
128337,55,4,51,2
128338,66,8,58,2
128339,50,9,41,2
128340,65,6,59,2
128341,49,4,45,2
128342,69,7,62,2
128343,53,6,47,2
128344,51,8,43,2
128345,45,9,36,2
128346,58,3,55,2
128347,73,6,67,2
128348,55,8,47,2
128349,65,6,59,2
128350,60,8,52,2
128351,52,8,44,2
128352,64,5,59,2
128353,48,2,46,2
128354,59,8,51,2
128355,68,4,64,2
128356,52,9,43,2
128357,48,3,45,2
128358,44,5,39,2
128359,48,10,38,2
128360,48,3,45,2
128361,59,10,49,2
128362,58,7,51,2
128363,55,8,47,2
128364,52,6,46,2
128365,57,7,50,2
128366,66,10,56,2
128367,66,16,50,2
128368,58,7,51,2
128369,57,5,52,2
128370,48,7,41,2
128371,53,6,47,2
128372,39,6,33,2
128373,55,9,46,2
128374,49,5,44,2
128375,66,7,59,2
128376,52,5,47,2
128377,44,8,36,2
128378,57,9,48,2
128379,78,6,72,2
128380,54,4,50,2
128381,43,4,39,2
128382,52,6,46,2
128383,53,9,44,2
128384,56,5,51,2
128385,59,5,54,2
128386,58,5,53,2
128387,47,9,38,2
128388,67,5,62,2
128389,49,4,45,2
128390,42,8,34,2
128391,56,10,46,2
128392,53,8,45,2
128393,64,10,54,2
128394,50,8,42,2
128395,54,6,48,2
128396,51,10,41,2
128397,56,4,52,2
128398,61,6,55,2
128399,55,6,49,2
128400,61,10,51,2
128401,63,7,56,2
128402,48,5,43,2
128403,60,4,56,2
128404,63,7,56,2
128405,59,8,51,2
128406,55,8,47,2
128407,37,6,31,2
128408,61,5,56,2
128409,51,4,47,2
128410,44,5,39,2
128411,45,5,40,2
128412,61,7,54,2
128413,60,9,51,2
128414,61,16,45,2
128415,54,9,45,2
128416,49,7,42,2
128417,59,6,53,2
128418,57,10,47,2
128419,47,11,36,2
128420,56,8,48,2
128421,54,5,49,2
128422,50,8,42,2
128423,61,6,55,2
128424,78,16,62,2
128425,51,2,49,2
128426,59,7,52,2
128427,65,11,54,2
128428,48,5,43,2
128429,47,4,43,2
128430,52,4,48,2
128431,50,9,41,2
128432,59,7,52,2
128433,59,3,56,2
128434,42,3,39,2
128435,62,8,54,2
128436,57,7,50,2
128437,59,6,53,2
128438,65,5,60,2
128439,58,6,52,2
128440,47,1,46,2
128441,48,6,42,2
128442,67,12,55,2
128443,57,3,54,2
128444,59,7,52,2
128445,53,4,49,2
128446,64,2,62,2
128447,52,3,49,2
128448,50,6,44,2
128449,56,9,47,2
128450,61,6,55,2
128451,63,5,58,2
128452,54,6,48,2
128453,53,6,47,2
128454,62,11,51,2
128455,59,6,53,2
128456,46,6,40,2
128457,55,4,51,2
128458,51,2,49,2
128459,45,8,37,2
128460,62,5,57,2
128461,64,7,57,2
128462,57,6,51,2
128463,72,6,66,2
128464,48,4,44,2
128465,36,7,29,2
128466,14,14,0,1
128467,60,6,54,2
128468,64,13,51,2
128469,49,5,44,2
128470,63,8,55,2
128471,66,14,52,2
128472,59,9,50,2
128473,60,4,56,2
128474,55,4,51,2
128475,65,7,58,2
128476,47,6,41,2
128477,60,10,50,2
128478,59,8,51,2
128479,49,3,46,2
128480,54,4,50,2
128481,61,7,54,2
128482,60,6,54,2
128483,48,5,43,2
128484,48,4,44,2
128485,58,6,52,2
128486,54,6,48,2
128487,63,9,54,2
128488,45,3,42,2
128489,43,4,39,2
128490,54,10,44,2
128491,64,11,53,2
128492,47,6,41,2
128493,52,9,43,2
128494,62,6,56,2
128495,60,6,54,2
128496,48,7,41,2
128497,61,7,54,2
128498,46,5,41,2
128499,44,3,41,2
128500,57,10,47,2
128501,50,4,46,2
128502,54,2,52,2
128503,50,4,46,2
128504,53,4,49,2
128505,53,3,50,2
128506,54,7,47,2
128507,44,7,37,2
128508,62,5,57,2
128509,57,9,48,2
128510,61,7,54,2
128511,68,9,59,2
128512,46,3,43,2
128513,64,5,59,2
128514,46,5,41,2
128515,57,7,50,2
128516,64,5,59,2
128517,53,8,45,2
128518,45,6,39,2
128519,57,7,50,2
128520,64,5,59,2
128521,61,6,55,2
128522,69,9,60,2
128524,56,13,43,2
128525,55,10,45,2
128526,58,8,50,2
128527,57,10,47,2
128528,58,6,52,2
128529,40,6,34,2
128530,36,4,32,2
128531,57,5,52,2
128532,48,7,41,2
128533,48,7,41,2
128534,50,6,44,2
128536,58,8,50,2
128537,67,12,55,2
128538,61,9,52,2
128539,43,8,35,2
128540,44,8,36,2
128541,51,9,42,2
128542,62,5,57,2
128543,48,6,42,2
128544,46,6,40,2
128545,47,3,44,2
128546,49,9,40,2
128547,48,4,44,2
128548,49,4,45,2
128549,63,9,54,2
128550,44,6,38,2
128551,54,8,46,2
128552,52,7,45,2
128553,57,5,52,2
128554,55,6,49,2
128555,56,8,48,2
128556,43,6,37,2
128557,46,5,41,2
128558,59,5,54,2
128559,45,12,33,2
128560,58,7,51,2
128561,59,9,50,2
128562,46,6,40,2
128563,59,7,52,2
128564,51,4,47,2
128565,49,3,46,2
128566,49,8,41,2
128567,57,7,50,2
128568,53,6,47,2
128569,64,5,59,2
128570,55,4,51,2
128571,57,5,52,2
128572,67,9,58,2
128573,44,6,38,2
128574,50,6,44,2
128575,51,7,44,2
128576,45,6,39,2
128577,63,5,58,2
128578,55,7,48,2
128579,49,5,44,2
128580,51,5,46,2
128581,52,4,48,2
128582,61,6,55,2
128583,32,4,28,2
128584,53,3,50,2
128586,47,5,42,2
128587,56,6,50,2
128588,55,4,51,2
128589,56,3,53,2
128590,69,10,59,2
128591,71,14,57,2
128592,62,5,57,2
128593,62,8,54,2
128594,47,3,44,2
128595,53,4,49,2
128596,51,8,43,2
128597,61,4,57,2
128598,56,6,50,2
128599,46,4,42,2
128600,57,8,49,2
128601,46,6,40,2
128602,39,4,35,2
128603,55,7,48,2
128604,46,4,42,2
128605,50,3,47,2
128606,53,6,47,2
128607,45,13,32,2
128608,50,7,43,2
128609,40,6,34,2
128610,56,13,43,2
128611,57,7,50,2
128612,57,7,50,2
128613,59,7,52,2
128614,63,3,60,2
128615,60,6,54,2
128616,54,4,50,2
128617,55,8,47,2
128618,39,3,36,2
128619,47,1,46,2
128620,52,3,49,2
128621,60,7,53,2
128622,51,7,44,2
128623,60,9,51,2
128624,52,7,45,2
128625,56,10,46,2
128626,51,3,48,2
128627,70,6,64,2
128628,42,8,34,2
128629,44,7,37,2
128630,52,5,47,2
128631,49,4,45,2
128632,46,5,41,2
128633,54,7,47,2
128634,54,5,49,2
128635,46,9,37,2
128636,49,4,45,2
128637,59,7,52,2
128638,55,8,47,2
128639,62,5,57,2
128640,65,10,55,2
128641,59,11,48,2
128642,54,3,51,2
128643,59,7,52,2
128644,60,9,51,2
128645,50,5,45,2
128646,52,4,48,2
128647,50,3,47,2
128648,51,3,48,2
128649,50,9,41,2
128650,62,10,52,2
128651,50,6,44,2
128652,45,2,43,2
128653,55,9,46,2
128654,60,6,54,2
128655,56,11,45,2
128656,56,6,50,2
128657,52,4,48,2
128658,54,7,47,2
128659,63,11,52,2
128660,55,5,50,2
128661,44,10,34,2
128662,48,8,40,2
128663,55,8,47,2
128664,46,9,37,2
128665,50,4,46,2
128666,58,8,50,2
128667,52,5,47,2
128668,64,5,59,2
128669,58,6,52,2
128670,65,9,56,2
128671,60,8,52,2
128672,59,9,50,2
128673,51,7,44,2
128674,48,7,41,2
128675,52,10,42,2
128676,57,6,51,2
128677,58,7,51,2
128678,64,12,52,2
128679,52,5,47,2
128680,47,6,41,2
128681,55,10,45,2
128682,46,7,39,2
128683,50,8,42,2
128684,44,3,41,2
128685,60,8,52,2
128686,46,9,37,2
128687,46,2,44,2
128688,57,7,50,2
128689,58,4,54,2
128690,46,7,39,2
128691,61,7,54,2
128692,53,4,49,2
128693,60,8,52,2
128695,58,6,52,2
128696,59,8,51,2
128697,49,4,45,2
128698,62,6,56,2
128699,49,3,46,2
128700,60,6,54,2
128701,43,2,41,2
128702,54,5,49,2
128703,58,8,50,2
128704,66,6,60,2
128705,56,11,45,2
128706,57,5,52,2
128707,45,4,41,2
128708,53,7,46,2
128709,45,5,40,2
128710,53,8,45,2
128711,57,6,51,2
128712,52,4,48,2
128713,65,3,62,2
128714,46,4,42,2
128715,57,11,46,2
128716,58,11,47,2
128717,50,10,40,2
128718,49,6,43,2
128719,58,9,49,2
128720,54,10,44,2
128721,49,5,44,2
128722,54,7,47,2
128723,62,8,54,2
128724,66,9,57,2
128725,48,4,44,2
128726,55,6,49,2
128727,46,9,37,2
128728,64,7,57,2
128729,58,5,53,2
128730,43,3,40,2
128731,42,1,41,2
128732,45,3,42,2
128733,73,6,67,2
128734,62,9,53,2
128735,53,7,46,2
128736,54,6,48,2
128737,54,9,45,2
128738,55,7,48,2
128739,54,4,50,2
128740,59,5,54,2
128741,49,9,40,2
128742,62,3,59,2
128743,56,10,46,2
128744,52,6,46,2
128745,42,9,33,2
128746,40,6,34,2
128747,65,5,60,2
128748,59,8,51,2
128749,48,6,42,2
128750,54,5,49,2
128751,64,7,57,2
128752,42,6,36,2
128753,44,9,35,2
128754,55,2,53,2
128755,67,3,64,2
128756,58,9,49,2
128757,50,6,44,2
128758,67,4,63,2
128759,39,9,30,2
128760,56,3,53,2
128761,47,5,42,2
128762,65,8,57,2
128763,48,4,44,2
128764,56,5,51,2
128765,58,14,44,2
128766,52,7,45,2
128767,61,4,57,2
128768,52,5,47,2
128769,55,10,45,2
128770,54,7,47,2
128771,56,6,50,2
128772,50,7,43,2
128773,62,3,59,2
128774,41,7,34,2
128775,58,2,56,2
128776,49,9,40,2
128777,60,6,54,2
128778,57,10,47,2
128779,40,6,34,2
128780,52,6,46,2
128781,48,7,41,2
128782,54,10,44,2
128783,47,3,44,2
128784,64,6,58,2
128785,43,4,39,2
128786,55,11,44,2
128787,43,8,35,2
128788,39,5,34,2
128789,55,9,46,2
128790,59,9,50,2
128791,45,5,40,2
128792,57,5,52,2
128793,48,4,44,2
128794,46,6,40,2
128795,36,9,27,2
128796,43,3,40,2
128797,57,6,51,2
128798,62,6,56,2
128799,59,4,55,2
128800,51,12,39,2
128801,49,12,37,2
128802,60,3,57,2
128803,49,9,40,2
128804,58,5,53,2
128805,56,6,50,2
128806,57,8,49,2
128807,66,6,60,2
128808,56,12,44,2
128809,60,8,52,2
128810,58,6,52,2
128811,52,10,42,2
128812,61,11,50,2
128813,40,4,36,2
128814,61,3,58,2
128815,47,13,34,2
128816,51,9,42,2
128817,60,5,55,2
128818,55,6,49,2
128819,68,6,62,2
128820,62,10,52,2
128821,48,5,43,2
128822,54,8,46,2
128823,51,4,47,2
128824,69,8,61,2
128825,46,6,40,2
128826,55,5,50,2
128827,52,11,41,2
128828,52,7,45,2
128829,52,10,42,2
128830,58,7,51,2
128831,51,4,47,2
128832,50,7,43,2
128833,54,5,49,2
128834,42,7,35,2
128835,61,10,51,2
128836,63,10,53,2
128837,59,8,51,2
128838,42,7,35,2
128839,77,11,66,2
128840,57,4,53,2
128841,67,11,56,2
128842,56,3,53,2
128843,57,5,52,2
128844,52,8,44,2
128845,50,9,41,2
128846,47,8,39,2
128847,45,3,42,2
128848,53,6,47,2
128849,51,5,46,2
128850,53,8,45,2
128851,57,9,48,2
128852,60,6,54,2
128853,56,6,50,2
128854,36,3,33,2
128855,63,7,56,2
128856,62,4,58,2
128857,48,10,38,2
128858,50,4,46,2
128859,50,6,44,2
128860,44,8,36,2
128861,48,6,42,2
128862,59,7,52,2
128863,49,4,45,2
128864,65,5,60,2
128865,59,3,56,2
128866,52,4,48,2
128867,60,8,52,2
128868,54,5,49,2
128869,45,10,35,2
128870,70,14,56,2
128871,56,6,50,2
128872,52,6,46,2
128873,63,7,56,2
128874,59,5,54,2
128875,67,10,57,2
128876,46,7,39,2
128877,53,10,43,2
128878,42,6,36,2
128879,43,5,38,2
128880,54,4,50,2
128881,54,8,46,2
128882,58,5,53,2
128883,51,2,49,2
128884,60,8,52,2
128885,47,4,43,2
128886,44,5,39,2
128887,52,6,46,2
128888,54,12,42,2
128889,48,6,42,2
128890,60,7,53,2
128891,61,4,57,2
128892,54,4,50,2
128893,65,8,57,2
128894,58,7,51,2
128895,58,7,51,2
128896,60,5,55,2
128897,42,7,35,2
128898,53,3,50,2
128899,49,7,42,2
128900,48,9,39,2
128901,58,8,50,2
128902,50,2,48,2
128903,51,10,41,2
128904,52,11,41,2
128905,49,7,42,2
128906,67,6,61,2
128907,60,6,54,2
128908,46,7,39,2
128909,51,7,44,2
128910,61,6,55,2
128911,55,7,48,2
128912,64,8,56,2
128913,46,4,42,2
128914,53,5,48,2
128915,50,7,43,2
128916,62,7,55,2
128917,66,4,62,2
128918,40,4,36,2
128919,55,7,48,2
128920,50,8,42,2
128921,33,6,27,2
128922,63,6,57,2
128923,57,5,52,2
128924,75,6,69,2
128925,56,3,53,2
128926,55,9,46,2
128927,45,3,42,2
128928,48,6,42,2
128929,68,9,59,2
128930,56,6,50,2
128931,53,6,47,2
128932,53,10,43,2
128933,47,2,45,2
128934,49,4,45,2
128935,57,5,52,2
128936,53,7,46,2
128937,59,9,50,2
128938,53,4,49,2
128939,63,7,56,2
128940,58,5,53,2
128941,60,10,50,2
128942,60,6,54,2
128943,62,7,55,2
128944,61,10,51,2
128945,46,6,40,2
128946,73,13,60,2
128947,55,3,52,2
128948,61,7,54,2
128949,50,5,45,2
128950,56,2,54,2
128951,60,4,56,2
128952,58,7,51,2
128953,57,5,52,2
128954,52,9,43,2
128955,45,3,42,2
128956,69,6,63,2
128957,56,8,48,2
128958,57,8,49,2
128959,61,8,53,2
128960,65,9,56,2
128961,72,15,57,2
128962,63,9,54,2
128963,46,3,43,2
128964,41,8,33,2
128965,62,9,53,2
128966,58,7,51,2
128967,46,8,38,2
128968,57,8,49,2
128969,56,7,49,2
128970,51,6,45,2
128971,52,7,45,2
128972,49,12,37,2
128973,57,3,54,2
128974,45,5,40,2
128975,54,10,44,2
128976,53,8,45,2
128977,61,10,51,2
128978,49,5,44,2
128979,56,9,47,2
128980,46,6,40,2
128981,57,6,51,2
128982,58,5,53,2
128983,56,5,51,2
128984,52,8,44,2
128985,49,5,44,2
128986,55,9,46,2
128987,73,8,65,2
128988,55,8,47,2
128989,55,6,49,2
128990,55,12,43,2
128991,55,6,49,2
128992,55,9,46,2
128993,57,4,53,2
128994,64,10,54,2
128995,53,4,49,2
128996,46,5,41,2
128997,62,9,53,2
128998,44,9,35,2
128999,61,11,50,2
129000,50,6,44,2
129001,63,9,54,2
129002,47,8,39,2
129003,64,9,55,2
129004,55,4,51,2
129005,57,4,53,2
129006,48,3,45,2
129007,66,8,58,2
129008,44,6,38,2
129009,57,6,51,2
129010,45,7,38,2
129011,52,7,45,2
129012,47,4,43,2
129013,59,6,53,2
129014,60,11,49,2
129015,54,8,46,2
129016,63,8,55,2
129017,44,4,40,2
129018,45,6,39,2
129019,47,3,44,2
129020,62,11,51,2
129021,55,11,44,2
129022,39,3,36,2
129023,65,5,60,2
129024,50,5,45,2
129025,70,12,58,2
129026,50,9,41,2
129027,61,9,52,2
129028,58,7,51,2
129029,50,5,45,2
129030,54,6,48,2
129031,54,12,42,2
129032,41,4,37,2
129033,57,7,50,2
129034,58,9,49,2
129035,66,9,57,2
129036,52,5,47,2
129037,69,8,61,2
129038,56,8,48,2
129039,47,5,42,2
129040,54,13,41,2
129041,68,5,63,2
129042,62,6,56,2
129043,53,4,49,2
129044,50,11,39,2
129045,54,5,49,2
129046,52,7,45,2
129047,44,3,41,2
129048,63,6,57,2
129049,57,5,52,2
129050,70,8,62,2
129051,54,8,46,2
129052,55,10,45,2
129053,52,7,45,2
129054,69,9,60,2
129055,50,13,37,2
129056,58,5,53,2
129057,50,8,42,2
129058,52,5,47,2
129059,48,5,43,2
129060,59,8,51,2
129061,48,6,42,2
129062,59,9,50,2
129063,66,9,57,2
129064,51,6,45,2
129065,51,5,46,2
129066,54,3,51,2
129067,51,6,45,2
129068,63,5,58,2
129069,55,5,50,2
129070,58,5,53,2
129071,48,6,42,2
129072,52,6,46,2
129073,54,6,48,2
129074,64,14,50,2
129075,68,15,53,2
129076,52,7,45,2
129077,50,8,42,2
129078,62,7,55,2
129079,60,11,49,2
129080,49,5,44,2
129081,52,6,46,2
129082,49,3,46,2
129083,50,7,43,2
129084,63,6,57,2
129085,45,5,40,2
129086,59,6,53,2
129087,49,6,43,2
129088,62,7,55,2
129089,50,12,38,2
129090,56,13,43,2
129091,56,4,52,2
129092,58,8,50,2
129093,57,5,52,2
129094,53,9,44,2
129095,55,5,50,2
129096,55,12,43,2
129097,64,5,59,2
129098,62,4,58,2
129099,56,4,52,2
129100,55,7,48,2
129101,56,3,53,2
129102,58,8,50,2
129103,51,3,48,2
129104,57,6,51,2
129105,47,4,43,2
129106,40,3,37,2
129107,46,5,41,2
129108,51,5,46,2
129109,51,6,45,2
129110,54,10,44,2
129111,49,4,45,2
129112,48,6,42,2
129113,63,7,56,2
129114,47,10,37,2
129115,49,8,41,2
129116,43,7,36,2
129117,55,6,49,2
129118,56,6,50,2
129119,48,5,43,2
129120,59,6,53,2
129121,54,8,46,2
129122,61,11,50,2
129123,55,10,45,2
129124,55,4,51,2
129125,55,6,49,2
129126,67,7,60,2
129127,62,8,54,2
129128,57,4,53,2
129129,51,6,45,2
129130,51,6,45,2
129131,51,7,44,2
129132,41,5,36,2
129133,50,6,44,2
129134,54,5,49,2
129135,46,7,39,2
129136,58,8,50,2
129137,65,10,55,2
129138,52,6,46,2
129139,56,6,50,2
129140,68,10,58,2
129141,51,8,43,2
129142,42,4,38,2
129143,50,6,44,2
129144,54,8,46,2
129145,48,9,39,2
129146,63,5,58,2
129147,52,5,47,2
129148,46,7,39,2
129149,48,6,42,2
129150,46,4,42,2
129151,65,7,58,2
129152,57,7,50,2
129153,45,9,36,2
129154,58,2,56,2
129155,42,4,38,2
129156,70,10,60,2
129157,53,9,44,2
129158,69,11,58,2
129159,68,3,65,2
129160,45,9,36,2
129161,57,9,48,2
129162,54,5,49,2
129163,44,5,39,2
129164,38,6,32,2
129165,39,6,33,2
129166,60,11,49,2
129167,51,4,47,2
129168,53,7,46,2
129169,51,5,46,2
129170,49,6,43,2
129171,67,9,58,2
129172,77,7,70,2
129173,44,8,36,2
129174,59,4,55,2
129175,54,4,50,2
129176,60,10,50,2
129177,50,1,49,2
129178,45,6,39,2
129179,60,7,53,2
129180,66,7,59,2
129181,57,4,53,2
129182,62,6,56,2
129183,68,7,61,2
129184,58,9,49,2
129185,62,7,55,2
129186,50,2,48,2
129187,62,10,52,2
129188,47,4,43,2
129189,50,5,45,2
129190,45,6,39,2
129191,46,4,42,2
129192,44,3,41,2
129193,57,9,48,2
129194,58,12,46,2
129195,65,12,53,2
129196,53,9,44,2
129197,52,7,45,2
129198,55,8,47,2
129199,48,5,43,2
129200,53,12,41,2
129201,57,7,50,2
129202,58,7,51,2
129203,58,9,49,2
129204,60,5,55,2
129205,43,2,41,2
129206,55,6,49,2
129207,63,10,53,2
129208,54,10,44,2
129209,64,4,60,2
129210,54,5,49,2
129211,60,4,56,2
129212,43,5,38,2
129213,44,6,38,2
129214,54,5,49,2
129215,55,3,52,2
129216,42,3,39,2
129217,55,6,49,2
129218,51,10,41,2
129219,64,8,56,2
129220,54,3,51,2
129221,47,5,42,2
129222,59,5,54,2
129223,60,8,52,2
129224,49,7,42,2
129225,51,9,42,2
129226,62,7,55,2
129227,65,10,55,2
129228,59,4,55,2
129229,53,4,49,2
129230,47,6,41,2
129231,47,3,44,2
129232,53,5,48,2
129233,54,6,48,2
129234,58,11,47,2
129235,53,8,45,2
129236,49,3,46,2
129237,46,5,41,2
129238,65,5,60,2
129239,53,5,48,2
129240,61,6,55,2
129241,58,3,55,2
129242,65,9,56,2
129243,56,6,50,2
129244,69,6,63,2
129245,63,6,57,2
129246,42,6,36,2
129247,53,4,49,2
129248,40,6,34,2
129249,60,9,51,2
129250,51,5,46,2
129251,62,9,53,2
129252,61,8,53,2
129253,74,6,68,2
129254,53,9,44,2
129255,44,5,39,2
129256,50,8,42,2
129257,49,6,43,2
129258,51,10,41,2
129259,60,11,49,2
129260,52,5,47,2
129261,58,5,53,2
129262,54,7,47,2
129263,57,8,49,2
129264,58,5,53,2
129265,45,5,40,2
129266,44,6,38,2
129267,53,6,47,2
129268,52,4,48,2
129269,62,9,53,2
129270,62,6,56,2
129271,62,9,53,2
129272,47,12,35,2
129273,42,2,40,2
129274,46,2,44,2
129275,69,8,61,2
129276,56,7,49,2
129277,56,7,49,2
129278,46,5,41,2
129279,51,6,45,2
129280,49,7,42,2
129281,65,12,53,2
129282,64,6,58,2
129283,58,5,53,2
129284,44,6,38,2
129285,52,9,43,2
129286,48,3,45,2
129287,54,5,49,2
129288,46,3,43,2
129289,42,5,37,2
129290,54,6,48,2
129291,54,6,48,2
129292,44,4,40,2
129293,54,7,47,2
129294,52,7,45,2
129295,70,8,62,2
129296,53,3,50,2
129297,52,7,45,2
129298,61,6,55,2
129299,50,3,47,2
129300,60,6,54,2
129301,66,3,63,2
129302,54,5,49,2
129303,52,8,44,2
129304,54,14,40,2
129305,51,8,43,2
129306,50,6,44,2
129307,56,6,50,2
129308,50,2,48,2
129309,48,3,45,2
129310,44,3,41,2
129311,65,6,59,2
129312,53,9,44,2
129313,60,8,52,2
129314,40,5,35,2
129315,54,6,48,2
129316,65,10,55,2
129317,49,7,42,2
129318,38,3,35,2
129319,51,7,44,2
129320,50,6,44,2
129321,55,5,50,2
129322,68,6,62,2
129323,54,8,46,2
129324,46,5,41,2
129325,55,6,49,2
129326,51,9,42,2
129327,44,7,37,2
129328,50,6,44,2
129329,55,5,50,2
129330,51,7,44,2
129331,50,7,43,2
129332,51,6,45,2
129333,57,11,46,2
129334,59,5,54,2
129335,62,4,58,2
129336,56,10,46,2
129337,57,12,45,2
129338,55,10,45,2
129339,55,5,50,2
129340,46,5,41,2
129341,64,5,59,2
129342,47,4,43,2
129343,57,8,49,2
129344,53,5,48,2
129345,49,6,43,2
129346,48,7,41,2
129347,55,5,50,2
129348,46,6,40,2
129349,72,6,66,2
129350,54,4,50,2
129351,55,3,52,2
129352,66,11,55,2
129353,69,6,63,2
129354,45,4,41,2
129355,61,8,53,2
129356,58,4,54,2
129357,60,8,52,2
129358,54,5,49,2
129359,53,7,46,2
129360,56,7,49,2
129361,62,6,56,2
129362,44,8,36,2
129363,57,6,51,2
129364,43,4,39,2
129365,52,13,39,2
129366,47,8,39,2
129367,53,7,46,2
129368,55,9,46,2
129369,59,12,47,2
129370,71,11,60,2
129371,55,6,49,2
129372,53,5,48,2
129373,58,5,53,2
129374,57,11,46,2
129375,51,5,46,2
129376,44,1,43,2
129377,54,7,47,2
129378,60,6,54,2
129379,46,7,39,2
129380,58,6,52,2
129381,59,5,54,2
129382,55,4,51,2
129383,56,6,50,2
129384,58,6,52,2
129385,42,2,40,2
129386,55,12,43,2
129387,66,3,63,2
129388,72,5,67,2
129389,54,8,46,2
129390,48,5,43,2
129391,43,5,38,2
129392,57,9,48,2
129393,60,9,51,2
129394,60,8,52,2
129395,54,5,49,2
129396,58,9,49,2
129397,59,4,55,2
129398,47,4,43,2
129399,41,5,36,2
129400,52,7,45,2
129401,55,6,49,2
129402,64,6,58,2
129403,50,10,40,2
129404,54,2,52,2
129405,53,10,43,2
129406,75,2,73,2
129407,44,3,41,2
129408,52,1,51,2
129409,49,5,44,2
129410,51,8,43,2
129411,67,9,58,2
129412,54,4,50,2
129413,43,9,34,2
129414,66,6,60,2
129415,49,6,43,2
129416,54,9,45,2
129417,52,6,46,2
129418,65,8,57,2
129419,58,7,51,2
129420,57,8,49,2
129421,49,9,40,2
129422,60,10,50,2
129423,70,9,61,2
129424,58,7,51,2
129425,70,7,63,2
129426,49,4,45,2
129427,49,3,46,2
129428,62,8,54,2
129429,62,11,51,2
129430,59,7,52,2
129431,55,12,43,2
129432,48,3,45,2
129433,49,6,43,2
129434,45,2,43,2
129435,40,4,36,2
129436,50,9,41,2
129437,65,8,57,2
129438,58,7,51,2
129439,56,4,52,2
129440,49,6,43,2
129441,61,11,50,2
129442,54,7,47,2
129443,58,10,48,2
129444,37,3,34,2
129445,74,5,69,2
129446,53,4,49,2
129447,53,7,46,2
129448,51,4,47,2
129449,45,10,35,2
129450,66,7,59,2
129451,54,9,45,2
129452,41,6,35,2
129453,38,7,31,2
129454,47,6,41,2
129455,53,9,44,2
129456,63,6,57,2
129457,53,4,49,2
129458,49,4,45,2
129459,50,7,43,2
129460,52,7,45,2
129461,41,6,35,2
129462,45,5,40,2
129463,67,9,58,2
129464,45,2,43,2
129465,62,3,59,2
129466,49,6,43,2
129467,48,5,43,2
129468,45,4,41,2
129469,51,6,45,2
129470,63,5,58,2
129471,55,7,48,2
129472,58,7,51,2
129473,52,10,42,2
129474,72,10,62,2
129475,62,7,55,2
129476,53,6,47,2
129477,64,6,58,2
129478,62,6,56,2
129479,61,5,56,2
129480,68,8,60,2
129481,53,5,48,2
129482,52,6,46,2
129483,43,5,38,2
129484,50,3,47,2
129485,48,4,44,2
129486,49,4,45,2
129487,54,8,46,2
129488,45,6,39,2
129489,54,8,46,2
129490,63,9,54,2
129491,44,5,39,2
129492,47,6,41,2
129493,61,6,55,2
129494,46,5,41,2
129495,50,5,45,2
129496,54,4,50,2
129497,54,4,50,2
129498,44,4,40,2
129499,56,9,47,2
129500,62,14,48,2
129501,52,3,49,2
129502,40,4,36,2
129503,56,4,52,2
129504,66,3,63,2
129505,45,3,42,2
129506,54,6,48,2
129507,60,7,53,2
129508,62,2,60,2
129509,63,8,55,2
129510,40,6,34,2
129511,52,9,43,2
129512,52,5,47,2
129513,57,6,51,2
129514,64,12,52,2
129515,72,7,65,2
129516,52,7,45,2
129517,46,4,42,2
129518,60,5,55,2
129519,58,5,53,2
129520,67,9,58,2
129521,57,6,51,2
129522,66,9,57,2
129523,53,8,45,2
129524,59,1,58,2
129525,45,3,42,2
129526,65,6,59,2
129527,52,5,47,2
129528,59,5,54,2
129529,56,5,51,2
129530,58,6,52,2
129531,54,4,50,2
129532,43,2,41,2
129533,60,10,50,2
129534,42,4,38,2
129535,46,6,40,2
129536,50,4,46,2
129537,52,9,43,2
129538,53,6,47,2
129539,61,3,58,2
129540,43,10,33,2
129541,51,9,42,2
129542,51,5,46,2
129543,50,5,45,2
129544,62,5,57,2
129545,61,5,56,2
129546,61,5,56,2
129547,51,8,43,2
129548,52,8,44,2
129549,76,13,63,2
129550,60,6,54,2
129551,59,4,55,2
129552,56,4,52,2
129553,55,8,47,2
129554,71,9,62,2
129555,50,7,43,2
129556,56,8,48,2
129557,42,3,39,2
129558,49,4,45,2
129559,59,8,51,2
129560,46,7,39,2
129561,52,6,46,2
129562,55,7,48,2
129563,65,7,58,2
129564,47,8,39,2
129565,47,5,42,2
129566,72,9,63,2
129567,58,7,51,2
129568,49,3,46,2
129569,66,5,61,2
129570,50,8,42,2
129571,60,8,52,2
129572,68,13,55,2
129573,56,5,51,2
129574,58,3,55,2
129575,49,5,44,2
129576,49,8,41,2
129577,57,7,50,2
129578,61,4,57,2
129579,52,4,48,2
129580,58,9,49,2
129581,54,7,47,2
129582,49,5,44,2
129583,60,7,53,2
129584,51,3,48,2
129585,56,7,49,2
129586,48,7,41,2
129587,61,9,52,2
129588,42,8,34,2
129589,72,9,63,2
129590,57,4,53,2
129591,42,4,38,2
129592,59,7,52,2
129593,59,9,50,2
129594,50,5,45,2
129595,51,3,48,2
129596,55,7,48,2
129597,46,4,42,2
129598,51,13,38,2
129599,62,7,55,2
129600,64,5,59,2
129601,61,7,54,2
129602,66,7,59,2
129603,59,8,51,2
129604,66,7,59,2
129605,51,7,44,2
129606,58,4,54,2
129607,60,12,48,2
129608,47,6,41,2
129609,61,14,47,2
129610,48,2,46,2
129611,56,6,50,2
129612,44,3,41,2
129613,69,11,58,2
129614,69,10,59,2
129615,46,1,45,2
129616,52,3,49,2
129617,42,4,38,2
129618,56,8,48,2
129619,56,6,50,2
129620,48,5,43,2
129621,67,11,56,2
129622,54,6,48,2
129623,53,10,43,2
129624,56,7,49,2
129625,64,12,52,2
129626,64,7,57,2
129627,57,8,49,2
129628,52,7,45,2
129629,54,8,46,2
129630,72,8,64,2
129631,52,7,45,2
129632,51,8,43,2
129633,65,4,61,2
129634,56,3,53,2
129635,49,3,46,2
129636,67,11,56,2
129637,55,5,50,2
129638,54,4,50,2
129639,65,5,60,2
129640,39,2,37,2
129641,59,10,49,2
129642,50,6,44,2
129643,49,6,43,2
129644,67,8,59,2
129645,64,7,57,2
129646,51,6,45,2
129647,38,5,33,2
129648,56,8,48,2
129649,48,3,45,2
129650,56,5,51,2
129651,44,7,37,2
129652,52,5,47,2
129653,50,4,46,2
129654,49,4,45,2
129655,53,1,52,2
129656,50,10,40,2
129657,60,7,53,2
129658,60,5,55,2
129659,60,6,54,2
129660,49,5,44,2
129661,42,7,35,2
129662,55,3,52,2
129663,53,5,48,2
129664,63,8,55,2
129665,52,5,47,2
129666,57,6,51,2
129667,43,3,40,2
129668,51,3,48,2
129669,57,5,52,2
129670,62,4,58,2
129671,68,9,59,2
129672,56,8,48,2
129673,52,3,49,2
129674,53,4,49,2
129675,51,5,46,2
129676,55,9,46,2
129677,62,10,52,2
129678,49,7,42,2
129679,51,9,42,2
129680,61,7,54,2
129681,53,3,50,2
129682,49,2,47,2
129683,48,6,42,2
129684,54,10,44,2
129685,56,8,48,2
129686,59,4,55,2
129687,44,6,38,2
129688,33,5,28,2
129689,58,5,53,2
129690,58,7,51,2
129691,37,5,32,2
129692,47,7,40,2
129693,72,9,63,2
129694,43,9,34,2
129695,51,8,43,2
129696,50,3,47,2
129697,45,3,42,2
129698,52,5,47,2
129699,62,5,57,2
129700,54,5,49,2
129701,67,13,54,2
129702,61,6,55,2
129703,56,11,45,2
129704,50,4,46,2
129705,37,7,30,2
129706,65,10,55,2
129707,56,5,51,2
129708,51,4,47,2
129709,56,10,46,2
129710,51,9,42,2
129711,55,7,48,2
129712,63,7,56,2
129713,62,7,55,2
129714,49,6,43,2
129715,48,9,39,2
129716,51,6,45,2
129717,62,6,56,2
129718,46,2,44,2
129719,64,3,61,2
129720,50,6,44,2
129721,57,5,52,2
129722,55,8,47,2
129723,65,9,56,2
129724,51,8,43,2
129725,54,8,46,2
129726,44,2,42,2
129727,41,4,37,2
129728,54,10,44,2
129729,59,6,53,2
129730,57,5,52,2
129731,51,6,45,2
129732,48,6,42,2
129733,44,10,34,2
129734,52,5,47,2
129735,59,8,51,2
129736,58,8,50,2
129737,45,5,40,2
129738,63,8,55,2
129739,54,4,50,2
129740,65,4,61,2
129741,65,5,60,2
129742,50,8,42,2
129743,63,7,56,2
129744,51,9,42,2
129745,48,5,43,2
129746,56,8,48,2
129747,76,7,69,2
129748,59,3,56,2
129749,43,6,37,2
129750,57,7,50,2
129751,49,7,42,2
129752,53,6,47,2
129753,49,5,44,2
129754,56,4,52,2
129755,50,11,39,2
129756,56,11,45,2
129757,84,12,72,2
129758,52,9,43,2
129759,59,9,50,2
129760,63,8,55,2
129761,60,13,47,2
129762,59,8,51,2
129763,57,4,53,2
129764,62,7,55,2
129765,62,6,56,2
129766,50,3,47,2
129767,58,5,53,2
129768,52,2,50,2
129769,47,4,43,2
129770,55,8,47,2
129771,43,3,40,2
129772,57,4,53,2
129773,64,5,59,2
129774,59,9,50,2
129775,52,4,48,2
129776,64,6,58,2
129777,41,2,39,2
129778,47,13,34,2
129779,48,10,38,2
129780,58,8,50,2
129781,55,7,48,2
129782,65,10,55,2
129783,56,4,52,2
129784,69,8,61,2
129785,53,4,49,2
129786,50,3,47,2
129787,57,7,50,2
129788,53,4,49,2
129789,55,6,49,2
129790,51,6,45,2
129791,45,8,37,2
129792,60,6,54,2
129793,55,7,48,2
129794,48,5,43,2
129795,52,4,48,2
129796,54,7,47,2
129797,59,11,48,2
129798,50,3,47,2
129799,57,7,50,2
129800,62,9,53,2
129801,50,7,43,2
129802,63,8,55,2
129803,56,6,50,2
129804,47,5,42,2
129805,57,6,51,2
129806,60,11,49,2
129807,52,8,44,2
129808,44,2,42,2
129809,57,9,48,2
129810,59,10,49,2
129811,48,6,42,2
129812,65,9,56,2
129813,65,6,59,2
129814,57,5,52,2
129815,56,7,49,2
129816,51,7,44,2
129817,52,4,48,2
129818,31,3,28,2
129819,62,7,55,2
129820,60,6,54,2
129821,50,4,46,2
129822,65,5,60,2
129823,57,6,51,2
129824,41,5,36,2
129825,63,8,55,2
129826,64,9,55,2
129827,62,8,54,2
129828,41,7,34,2
129829,56,6,50,2
129830,54,5,49,2
129831,62,7,55,2
129832,41,7,34,2
129833,62,7,55,2
129834,46,5,41,2
129835,46,6,40,2
129836,57,5,52,2
129837,67,11,56,2
129838,46,6,40,2
129839,49,4,45,2
129840,56,6,50,2
129841,62,6,56,2
129842,46,4,42,2
129843,48,7,41,2
129844,61,10,51,2
129845,54,3,51,2
129846,50,8,42,2
129847,57,6,51,2
129848,39,6,33,2
129849,53,6,47,2
129850,46,6,40,2
129851,57,0,57,1
129852,53,6,47,2
129853,66,7,59,2
129854,64,8,56,2
129855,65,6,59,2
129856,46,6,40,2
129857,61,5,56,2
129858,63,4,59,2
129859,63,7,56,2
129860,61,10,51,2
129861,64,5,59,2
129862,50,5,45,2
129863,55,8,47,2
129864,52,13,39,2
129865,38,6,32,2
129866,56,9,47,2
129867,45,2,43,2
129868,57,8,49,2
129869,74,11,63,2
129870,55,5,50,2
129871,47,7,40,2
129872,47,7,40,2
129873,60,10,50,2
129874,53,4,49,2
129875,50,3,47,2
129876,44,3,41,2
129877,43,5,38,2
129878,53,8,45,2
129879,45,3,42,2
129880,62,8,54,2
129881,52,4,48,2
129882,51,8,43,2
129883,51,8,43,2
129884,52,8,44,2
129885,59,6,53,2
129886,66,11,55,2
129887,49,6,43,2
129888,53,4,49,2
129889,56,6,50,2
129890,65,9,56,2
129891,51,7,44,2
129892,58,9,49,2
129893,63,8,55,2
129894,38,4,34,2
129895,68,9,59,2
129896,51,4,47,2
129897,39,6,33,2
129898,54,3,51,2
129899,48,7,41,2
129900,58,4,54,2
129901,68,9,59,2
129902,58,7,51,2
129903,52,6,46,2
129904,56,8,48,2
129905,37,2,35,2
129906,84,14,70,2
129907,54,10,44,2
129908,60,5,55,2
129909,44,3,41,2
129910,63,8,55,2
129911,54,6,48,2
129912,47,3,44,2
129913,50,8,42,2
129914,72,7,65,2
129915,55,9,46,2
129916,62,9,53,2
129917,69,12,57,2
129918,52,2,50,2
129919,61,14,47,2
129920,49,2,47,2
129921,54,8,46,2
129922,62,10,52,2
129923,52,4,48,2
129924,57,5,52,2
129925,51,7,44,2
129926,55,6,49,2
129927,68,7,61,2
129928,53,7,46,2
129929,47,4,43,2
129930,45,10,35,2
129931,55,1,54,2
129932,45,6,39,2
129933,69,5,64,2
129934,69,12,57,2
129935,49,5,44,2
129936,51,4,47,2
129937,44,5,39,2
129938,64,8,56,2
129939,59,5,54,2
129940,49,6,43,2
129941,53,11,42,2
129942,54,7,47,2
129943,60,5,55,2
129944,65,7,58,2
129945,51,8,43,2
129946,44,3,41,2
129947,58,8,50,2
129948,57,11,46,2
129949,49,7,42,2
129950,53,6,47,2
129951,51,7,44,2
129952,67,7,60,2
129953,52,5,47,2
129954,52,5,47,2
129955,52,2,50,2
129956,50,10,40,2
129957,59,4,55,2
129958,58,7,51,2
129959,55,6,49,2
129960,49,8,41,2
129961,50,9,41,2
129962,68,9,59,2
129963,52,5,47,2
129964,50,7,43,2
129965,66,3,63,2
129966,47,7,40,2
129967,68,8,60,2
129968,36,1,35,2
129969,49,7,42,2
129970,62,11,51,2
129971,39,1,38,2
129972,53,4,49,2
129973,75,8,67,2
129974,52,4,48,2
129975,57,5,52,2
129976,49,7,42,2
129977,49,6,43,2
129978,38,8,30,2
129979,44,7,37,2
129980,65,8,57,2
129981,57,4,53,2
129982,51,6,45,2
129983,59,7,52,2
129984,41,6,35,2
129985,62,7,55,2
129986,50,7,43,2
129987,65,9,56,2
129988,52,3,49,2
129989,63,5,58,2
129990,51,6,45,2
129991,52,3,49,2
129992,49,3,46,2
129993,58,6,52,2
129994,58,8,50,2
129995,60,7,53,2
129996,55,8,47,2
129997,44,6,38,2
129998,48,5,43,2
129999,67,11,56,2
130000,58,7,51,2
130001,53,6,47,2
130002,51,4,47,2
130003,47,3,44,2
130004,55,8,47,2
130005,56,6,50,2
130006,52,2,50,2
130007,62,5,57,2
130008,49,6,43,2
130009,38,3,35,2
130010,61,6,55,2
130011,45,3,42,2
130012,62,8,54,2
130013,54,10,44,2
130014,58,9,49,2
130015,65,6,59,2
130016,56,6,50,2
130017,52,8,44,2
130018,52,6,46,2
130019,62,7,55,2
130020,57,4,53,2
130021,56,5,51,2
130022,57,9,48,2
130023,63,6,57,2
130024,57,6,51,2
130025,53,5,48,2
130026,55,7,48,2
130027,51,3,48,2
130028,51,4,47,2
130029,64,8,56,2
130030,52,7,45,2
130031,56,4,52,2
130032,59,9,50,2
130033,55,7,48,2
130034,71,10,61,2
130035,57,10,47,2
130036,63,5,58,2
130037,55,3,52,2
130038,53,4,49,2
130039,56,9,47,2
130040,54,10,44,2
130041,51,7,44,2
130042,46,10,36,2
130043,61,5,56,2
130044,55,5,50,2
130045,47,4,43,2
130046,45,6,39,2
130047,56,3,53,2
130048,61,10,51,2
130049,67,4,63,2
130050,47,3,44,2
130051,50,5,45,2
130052,65,13,52,2
130053,40,4,36,2
130054,54,11,43,2
130055,62,5,57,2
130056,50,7,43,2
130057,52,5,47,2
130058,49,8,41,2
130059,55,6,49,2
130060,50,4,46,2
130061,74,8,66,2
130062,53,9,44,2
130063,53,7,46,2
130064,59,7,52,2
130065,56,8,48,2
130066,62,6,56,2
130067,56,6,50,2
130068,61,6,55,2
130069,55,5,50,2
130070,60,9,51,2
130071,58,9,49,2
130072,62,5,57,2
130073,59,5,54,2
130074,46,1,45,2
130075,53,2,51,2
130076,43,8,35,2
130077,51,5,46,2
130078,53,3,50,2
130079,61,9,52,2
130080,70,5,65,2
130081,62,8,54,2
130082,52,5,47,2
130083,49,7,42,2
130084,54,8,46,2
130085,54,5,49,2
130086,46,4,42,2
130087,53,13,40,2
130088,59,5,54,2
130089,53,5,48,2
130090,46,7,39,2
130091,48,4,44,2
130092,62,4,58,2
130093,51,9,42,2
130094,48,6,42,2
130095,56,7,49,2
130096,57,5,52,2
130097,53,9,44,2
130098,45,4,41,2
130099,54,7,47,2
130100,50,8,42,2
130101,46,2,44,2
130102,48,9,39,2
130103,53,7,46,2
130104,37,3,34,2
130105,57,4,53,2
130106,49,9,40,2
130107,63,7,56,2
130108,55,6,49,2
130109,62,6,56,2
130110,53,6,47,2
130111,60,12,48,2
130112,43,7,36,2
130113,51,4,47,2
130114,54,5,49,2
130115,59,8,51,2
130116,47,4,43,2
130117,57,7,50,2
130118,51,3,48,2
130119,71,6,65,2
130120,61,9,52,2
130121,69,10,59,2
130122,58,3,55,2
130123,63,12,51,2
130124,52,7,45,2
130125,63,4,59,2
130126,60,8,52,2
130127,55,10,45,2
130128,70,10,60,2
130129,67,6,61,2
130130,45,1,44,2
130131,50,1,49,2
130132,60,9,51,2
130133,48,8,40,2
130134,54,9,45,2
130135,48,11,37,2
130136,64,11,53,2
130137,53,9,44,2
130138,60,4,56,2
130139,43,8,35,2
130140,54,3,51,2
130141,48,4,44,2
130142,56,4,52,2
130143,58,9,49,2
130144,63,8,55,2
130145,52,4,48,2
130146,39,3,36,2
130147,66,6,60,2
130148,53,7,46,2
130149,62,12,50,2
130150,46,4,42,2
130151,57,9,48,2
130152,50,6,44,2
130153,55,5,50,2
130154,50,8,42,2
130155,41,3,38,2
130156,60,14,46,2
130157,61,7,54,2
130158,47,4,43,2
130159,45,6,39,2
130160,50,7,43,2
130161,43,7,36,2
130162,48,3,45,2
130163,72,5,67,2
130164,49,7,42,2
130165,48,7,41,2
130166,58,10,48,2
130167,64,7,57,2
130168,61,8,53,2
130169,58,11,47,2
130170,48,9,39,2
130171,54,6,48,2
130172,66,12,54,2
130173,47,5,42,2
130174,57,8,49,2
130175,67,5,62,2
130176,58,7,51,2
130177,55,7,48,2
130178,50,7,43,2
130179,61,9,52,2
130180,55,8,47,2
130181,56,8,48,2
130182,44,7,37,2
130183,52,5,47,2
130184,60,5,55,2
130185,54,9,45,2
130186,49,4,45,2
130187,38,3,35,2
130188,50,7,43,2
130189,61,6,55,2
130190,70,8,62,2
130191,46,7,39,2
130192,57,7,50,2
130193,50,9,41,2
130194,50,5,45,2
130195,55,9,46,2
130196,58,7,51,2
130197,52,6,46,2
130198,67,9,58,2
130199,50,9,41,2
130200,66,7,59,2
130201,46,5,41,2
130202,56,9,47,2
130203,56,6,50,2
130204,54,10,44,2
130205,50,10,40,2
130206,56,8,48,2
130207,70,14,56,2
130208,52,6,46,2
130209,65,6,59,2
130210,64,5,59,2
130211,60,4,56,2
130212,71,16,55,2
130213,65,9,56,2
130214,61,5,56,2
130215,64,8,56,2
130216,65,7,58,2
130217,44,2,42,2
130218,52,11,41,2
130219,62,7,55,2
130220,69,9,60,2
130221,67,11,56,2
130222,63,4,59,2
130223,62,8,54,2
130224,71,7,64,2
130225,53,8,45,2
130226,74,8,66,2
130227,61,5,56,2
130228,49,8,41,2
130229,52,6,46,2
130230,47,2,45,2
130231,50,6,44,2
130232,48,6,42,2
130233,47,4,43,2
130234,61,7,54,2
130235,50,10,40,2
130236,57,10,47,2
130237,36,3,33,2
130238,52,6,46,2
130239,47,4,43,2
130240,58,6,52,2
130241,60,5,55,2
130242,61,5,56,2
130243,52,6,46,2
130244,47,2,45,2
130245,53,6,47,2
130246,45,4,41,2
130247,63,7,56,2
130248,57,6,51,2
130249,57,4,53,2
130250,59,9,50,2
130251,57,13,44,2
130252,55,3,52,2
130253,57,7,50,2
130254,46,4,42,2
130255,64,6,58,2
130256,51,6,45,2
130257,46,5,41,2
130258,57,10,47,2
130259,55,8,47,2
130260,62,9,53,2
130261,59,6,53,2
130262,53,10,43,2
130263,57,6,51,2
130264,52,6,46,2
130265,38,3,35,2
130266,45,14,31,2
130267,47,0,47,1
130268,56,7,49,2
130269,51,9,42,2
130270,61,7,54,2
130271,33,5,28,2
130272,59,8,51,2
130273,57,7,50,2
130274,55,9,46,2
130275,57,3,54,2
130276,65,6,59,2
130277,56,5,51,2
130278,53,3,50,2
130279,62,4,58,2
130280,67,7,60,2
130281,44,6,38,2
130282,42,3,39,2
130283,68,12,56,2
130284,49,3,46,2
130285,59,5,54,2
130286,50,5,45,2
130287,52,3,49,2
130288,49,5,44,2
130289,62,8,54,2
130290,50,5,45,2
130291,52,8,44,2
130292,50,8,42,2
130293,68,10,58,2
130294,60,6,54,2
130295,57,10,47,2
130296,51,5,46,2
130297,52,6,46,2
130298,60,8,52,2
130299,67,6,61,2
130300,56,8,48,2
130301,48,5,43,2
130302,49,5,44,2
130303,54,9,45,2
130304,57,8,49,2
130305,66,6,60,2
130306,58,8,50,2
130307,43,4,39,2
130308,54,5,49,2
130309,54,7,47,2
130310,39,3,36,2
130311,54,8,46,2
130312,67,8,59,2
130313,49,4,45,2
130314,47,6,41,2
130315,50,5,45,2
130316,49,5,44,2
130317,62,5,57,2
130318,53,9,44,2
130319,53,7,46,2
130320,48,1,47,2
130321,47,3,44,2
130322,54,5,49,2
130323,54,5,49,2
130324,45,11,34,2
130325,50,8,42,2
130326,59,6,53,2
130327,50,5,45,2
130328,64,13,51,2
130329,63,7,56,2
130330,64,13,51,2
130331,57,5,52,2
130332,66,8,58,2
130333,43,4,39,2
130334,51,6,45,2
130335,66,5,61,2
130336,46,5,41,2
130337,48,6,42,2
130338,58,10,48,2
130339,46,6,40,2
130340,59,7,52,2
130341,45,10,35,2
130342,53,10,43,2
130343,53,9,44,2
130344,61,10,51,2
130345,53,6,47,2
130346,53,9,44,2
130347,57,4,53,2
130348,53,6,47,2
130349,56,9,47,2
130350,58,13,45,2
130351,58,7,51,2
130352,52,4,48,2
130353,58,6,52,2
130354,57,9,48,2
130355,63,6,57,2
130356,45,7,38,2
130357,51,5,46,2
130358,52,5,47,2
130359,51,6,45,2
130360,56,7,49,2
130361,66,11,55,2
130362,69,4,65,2
130363,50,7,43,2
130364,48,3,45,2
130365,62,6,56,2
130366,56,5,51,2
130367,56,7,49,2
130368,74,7,67,2
130369,68,6,62,2
130370,60,9,51,2
130371,54,8,46,2
130372,54,8,46,2
130373,74,13,61,2
130374,58,2,56,2
130375,56,6,50,2
130376,42,7,35,2
130377,48,3,45,2
130378,54,5,49,2
130379,70,8,62,2
130380,41,3,38,2
130381,43,4,39,2
130382,49,9,40,2
130383,60,9,51,2
130384,45,4,41,2
130385,65,8,57,2
130386,63,8,55,2
130387,70,13,57,2
130388,53,2,51,2
130389,46,6,40,2
130390,45,2,43,2
130391,47,8,39,2
130392,55,9,46,2
130393,69,5,64,2
130394,57,8,49,2
130395,42,1,41,2
130396,54,7,47,2
130397,74,13,61,2
130398,55,9,46,2
130399,55,5,50,2
130400,48,6,42,2
130401,47,2,45,2
130402,65,5,60,2
130403,41,6,35,2
130404,55,7,48,2
130405,54,5,49,2
130406,62,3,59,2
130407,50,2,48,2
130408,55,6,49,2
130409,61,13,48,2
130410,64,10,54,2
130411,55,7,48,2
130412,53,5,48,2
130413,47,8,39,2
130414,56,6,50,2
130415,47,6,41,2
130416,47,9,38,2
130417,40,2,38,2
130418,57,6,51,2
130419,59,4,55,2
130420,51,4,47,2
130421,49,4,45,2
130422,59,6,53,2
130423,51,5,46,2
130424,49,5,44,2
130425,38,6,32,2
130426,56,6,50,2
130427,61,7,54,2
130428,54,7,47,2
130429,62,8,54,2
130430,49,4,45,2
130431,53,2,51,2
130432,57,7,50,2
130433,51,1,50,2
130434,55,11,44,2
130435,50,11,39,2
130436,64,6,58,2
130437,52,6,46,2
130438,51,2,49,2
130439,50,7,43,2
130440,54,6,48,2
130441,46,2,44,2
130442,53,9,44,2
130443,49,2,47,2
130444,35,4,31,2
130445,62,8,54,2
130446,54,6,48,2
130447,64,7,57,2
130448,42,6,36,2
130449,61,5,56,2
130450,53,10,43,2
130451,45,5,40,2
130452,65,9,56,2
130453,34,6,28,2
130454,80,6,74,2
130455,55,7,48,2
130456,50,8,42,2
130457,64,7,57,2
130458,57,5,52,2
130459,46,6,40,2
130460,53,6,47,2
130461,55,7,48,2
130462,36,2,34,2
130463,61,6,55,2
130464,50,7,43,2
130465,71,8,63,2
130466,59,5,54,2
130467,40,2,38,2
130468,59,9,50,2
130469,52,5,47,2
130470,48,6,42,2
130471,59,10,49,2
130472,45,5,40,2
130473,50,4,46,2
130474,58,10,48,2
130475,55,5,50,2
130476,65,8,57,2
130477,59,4,55,2
130478,49,4,45,2
130479,56,6,50,2
130480,53,6,47,2
130481,53,4,49,2
130482,54,9,45,2
130483,50,3,47,2
130484,57,6,51,2
130485,45,7,38,2
130486,60,12,48,2
130487,41,7,34,2
130488,54,3,51,2
130489,45,4,41,2
130490,58,6,52,2
130491,59,9,50,2
130492,58,5,53,2
130493,57,8,49,2
130494,51,5,46,2
130495,55,8,47,2
130496,60,6,54,2
130497,62,6,56,2
130498,64,6,58,2
130499,50,7,43,2
130500,47,4,43,2
130501,71,10,61,2
130502,52,8,44,2
130503,49,8,41,2
130504,62,11,51,2
130505,56,9,47,2
130506,53,7,46,2
130507,59,4,55,2
130508,62,6,56,2
130509,74,13,61,2
130510,54,8,46,2
130511,49,7,42,2
130512,55,14,41,2
130513,56,7,49,2
130514,69,8,61,2
130515,70,9,61,2
130516,54,8,46,2
130517,59,3,56,2
130518,56,3,53,2
130519,57,7,50,2
130520,59,5,54,2
130521,58,4,54,2
130522,63,2,61,2
130523,49,3,46,2
130524,59,6,53,2
130525,57,4,53,2
130526,57,9,48,2
130527,48,1,47,2
130528,57,6,51,2
130529,52,4,48,2
130530,53,8,45,2
130531,47,3,44,2
130532,51,5,46,2
130533,43,4,39,2
130534,61,5,56,2
130535,64,8,56,2
130536,47,6,41,2
130537,51,4,47,2
130538,60,8,52,2
130539,51,8,43,2
130540,56,10,46,2
130541,64,6,58,2
130542,50,9,41,2
130543,58,10,48,2
130544,47,5,42,2
130545,55,6,49,2
130546,43,4,39,2
130547,69,9,60,2
130548,47,4,43,2
130549,54,6,48,2
130550,53,10,43,2
130551,64,3,61,2
130552,55,9,46,2
130553,47,6,41,2
130554,47,10,37,2
130555,53,4,49,2
130556,50,10,40,2
130557,47,5,42,2
130558,61,7,54,2
130559,51,9,42,2
130560,52,7,45,2
130561,55,7,48,2
130562,58,7,51,2
130563,63,9,54,2
130564,53,7,46,2
130565,51,4,47,2
130566,42,3,39,2
130567,55,6,49,2
130568,42,5,37,2
130569,58,11,47,2
130570,49,11,38,2
130571,51,7,44,2
130572,68,7,61,2
130573,59,7,52,2
130574,60,11,49,2
130575,53,4,49,2
130576,48,10,38,2
130577,51,6,45,2
130578,57,9,48,2
130579,61,4,57,2
130580,60,10,50,2
130581,55,5,50,2
130582,48,3,45,2
130583,47,4,43,2
130584,47,2,45,2
130585,40,5,35,2
130586,70,9,61,2
130587,62,8,54,2
130588,56,5,51,2
130589,41,7,34,2
130590,57,7,50,2
130591,60,9,51,2
130592,59,6,53,2
130593,61,7,54,2
130594,56,6,50,2
130595,56,3,53,2
130596,60,7,53,2
130597,49,3,46,2
130598,50,7,43,2
130599,45,11,34,2
130600,44,6,38,2
130601,68,9,59,2
130602,57,4,53,2
130603,59,6,53,2
130604,47,6,41,2
130605,62,13,49,2
130606,59,7,52,2
130607,48,4,44,2
130608,64,9,55,2
130609,53,5,48,2
130610,47,3,44,2
130611,59,4,55,2
130612,51,7,44,2
130613,47,6,41,2
130614,56,9,47,2
130615,49,4,45,2
130616,51,5,46,2
130617,55,3,52,2
130618,51,1,50,2
130619,57,3,54,2
130620,49,5,44,2
130621,69,11,58,2
130622,49,2,47,2
130623,39,7,32,2
130624,62,3,59,2
130625,58,9,49,2
130626,55,7,48,2
130627,51,7,44,2
130628,49,2,47,2
130629,57,1,56,2
130630,49,10,39,2
130631,58,7,51,2
130632,47,7,40,2
130633,43,5,38,2
130634,54,7,47,2
130635,53,15,38,2
130636,39,6,33,2
130637,39,5,34,2
130638,55,5,50,2
130639,62,2,60,2
130640,55,10,45,2
130641,56,6,50,2
130642,50,10,40,2
130643,55,8,47,2
130644,62,12,50,2
130645,41,3,38,2
130646,59,3,56,2
130647,40,4,36,2
130648,63,9,54,2
130649,53,2,51,2
130650,51,5,46,2
130651,51,6,45,2
130652,65,8,57,2
130653,53,9,44,2
130654,64,5,59,2
130655,57,5,52,2
130656,58,8,50,2
130657,47,3,44,2
130658,51,6,45,2
130659,55,10,45,2
130660,58,12,46,2
130661,51,10,41,2
130662,61,1,60,2
130663,49,4,45,2
130664,56,7,49,2
130665,57,1,56,2
130666,52,5,47,2
130667,75,11,64,2
130668,52,9,43,2
130669,46,4,42,2
130670,63,9,54,2
130671,58,9,49,2
130672,66,7,59,2
130673,64,14,50,2
130674,50,3,47,2
130675,58,10,48,2
130676,50,5,45,2
130677,59,11,48,2
130678,54,4,50,2
130679,57,7,50,2
130680,59,6,53,2
130681,44,7,37,2
130682,42,6,36,2
130683,63,5,58,2
130684,71,9,62,2
130685,52,6,46,2
130686,55,9,46,2
130687,50,4,46,2
130688,65,9,56,2
130689,49,6,43,2
130690,60,11,49,2
130691,56,7,49,2
130692,52,4,48,2
130693,63,11,52,2
130694,62,10,52,2
130695,50,9,41,2
130696,61,9,52,2
130697,50,4,46,2
130698,61,8,53,2
130699,51,6,45,2
130700,54,6,48,2
130701,61,6,55,2
130702,68,5,63,2
130703,68,6,62,2
130704,53,6,47,2
130705,41,9,32,2
130706,57,6,51,2
130707,59,6,53,2
130708,52,7,45,2
130709,43,5,38,2
130710,49,5,44,2
130711,61,13,48,2
130712,43,5,38,2
130713,49,6,43,2
130714,54,14,40,2
130715,53,4,49,2
130716,67,9,58,2
130717,57,5,52,2
130718,57,8,49,2
130719,56,7,49,2
130720,58,6,52,2
130721,48,6,42,2
130722,69,12,57,2
130723,62,9,53,2
130724,54,8,46,2
130725,47,2,45,2
130726,60,3,57,2
130727,47,2,45,2
130728,63,9,54,2
130729,62,8,54,2
130730,57,10,47,2
130731,53,5,48,2
130732,54,8,46,2
130733,52,8,44,2
130734,38,7,31,2
130735,65,1,64,2
130736,59,2,57,2
130737,55,12,43,2
130738,52,8,44,2
130739,46,5,41,2
130740,48,8,40,2
130741,46,2,44,2
130742,48,4,44,2
130743,48,6,42,2
130744,65,7,58,2
130745,53,6,47,2
130746,47,8,39,2
130747,63,6,57,2
130748,51,3,48,2
130749,57,7,50,2
130750,46,5,41,2
130751,71,9,62,2
130752,56,7,49,2
130753,51,8,43,2
130754,71,12,59,2
130755,40,2,38,2
130756,61,7,54,2
130757,57,10,47,2
130758,48,3,45,2
130759,47,5,42,2
130760,53,7,46,2
130761,47,8,39,2
130762,62,9,53,2
130763,60,6,54,2
130764,66,7,59,2
130765,50,4,46,2
130766,57,12,45,2
130767,58,10,48,2
130768,54,7,47,2
130769,57,6,51,2
130770,60,7,53,2
130771,44,4,40,2
130772,47,5,42,2
130773,58,7,51,2
130774,44,5,39,2
130775,50,6,44,2
130776,53,7,46,2
130777,56,7,49,2
130778,52,8,44,2
130779,53,7,46,2
130780,46,2,44,2
130781,55,9,46,2
130782,59,3,56,2
130783,41,4,37,2
130784,63,8,55,2
130785,49,6,43,2
130786,59,9,50,2
130787,59,7,52,2
130788,50,3,47,2
130789,62,7,55,2
130790,47,9,38,2
130791,51,7,44,2
130792,60,8,52,2
130793,61,6,55,2
130794,75,13,62,2
130795,66,9,57,2
130796,43,11,32,2
130797,56,5,51,2
130798,53,6,47,2
130799,63,9,54,2
130800,57,8,49,2
130801,60,11,49,2
130802,59,5,54,2
130803,46,6,40,2
130804,41,6,35,2
130805,52,3,49,2
130806,63,8,55,2
130807,60,11,49,2
130808,45,3,42,2
130809,56,6,50,2
130810,63,4,59,2
130811,59,7,52,2
130812,55,5,50,2
130813,48,6,42,2
130814,56,3,53,2
130815,62,5,57,2
130816,54,4,50,2
130817,58,6,52,2
130818,44,4,40,2
130819,50,7,43,2
130820,56,7,49,2
130821,55,8,47,2
130822,54,6,48,2
130823,66,10,56,2
130824,52,6,46,2
130825,60,6,54,2
130826,60,10,50,2
130827,44,3,41,2
130828,46,1,45,2
130829,64,9,55,2
130830,62,4,58,2
130831,55,7,48,2
130832,57,11,46,2
130833,60,8,52,2
130834,60,6,54,2
130835,49,1,48,2
130836,50,3,47,2
130837,58,7,51,2
130838,59,7,52,2
130839,52,11,41,2
130840,59,6,53,2
130841,46,5,41,2
130842,36,6,30,2
130843,58,5,53,2
130844,50,3,47,2
130845,57,9,48,2
130846,56,5,51,2
130847,56,6,50,2
130848,46,8,38,2
130849,50,6,44,2
130850,56,8,48,2
130851,54,2,52,2
130852,52,8,44,2
130853,67,4,63,2
130854,55,6,49,2
130855,52,9,43,2
130856,61,9,52,2
130857,64,12,52,2
130858,48,4,44,2
130859,47,5,42,2
130860,46,7,39,2
130861,58,5,53,2
130862,60,10,50,2
130863,56,5,51,2
130864,52,5,47,2
130865,51,8,43,2
130866,65,6,59,2
130867,55,5,50,2
130868,50,5,45,2
130869,59,8,51,2
130870,60,7,53,2
130871,64,5,59,2
130872,63,8,55,2
130873,43,6,37,2
130874,62,9,53,2
130875,52,5,47,2
130876,56,7,49,2
130877,64,8,56,2
130878,49,5,44,2
130879,48,5,43,2
130880,52,10,42,2
130881,55,11,44,2
130882,62,7,55,2
130883,65,8,57,2
130884,64,10,54,2
130885,49,4,45,2
130886,55,10,45,2
130887,60,9,51,2
130888,70,10,60,2
130889,40,8,32,2
130890,59,8,51,2
130891,50,7,43,2
130892,51,10,41,2
130893,57,3,54,2
130894,56,8,48,2
130895,47,3,44,2
130896,50,9,41,2
130897,49,8,41,2
130898,65,9,56,2
130899,72,10,62,2
130900,54,6,48,2
130901,58,4,54,2
130902,45,4,41,2
130903,45,5,40,2
130904,53,3,50,2
130905,57,3,54,2
130906,55,9,46,2
130907,47,1,46,2
130908,62,8,54,2
130909,54,9,45,2
130910,49,6,43,2
130911,57,6,51,2
130912,50,8,42,2
130913,35,6,29,2
130914,53,5,48,2
130915,52,12,40,2
130916,64,6,58,2
130917,55,5,50,2
130918,63,5,58,2
130919,58,5,53,2
130920,58,5,53,2
130921,72,10,62,2
130922,59,10,49,2
130923,46,7,39,2
130924,53,6,47,2
130925,48,7,41,2
130926,44,6,38,2
130927,63,4,59,2
130928,52,10,42,2
130929,54,6,48,2
130930,62,10,52,2
130931,50,9,41,2
130932,50,6,44,2
130933,53,6,47,2
130934,30,6,24,2
130935,57,8,49,2
130936,62,10,52,2
130937,50,6,44,2
130938,48,4,44,2
130939,59,10,49,2
130940,42,5,37,2
130941,55,6,49,2
130942,59,7,52,2
130943,55,6,49,2
130944,59,7,52,2
130945,52,3,49,2
130946,51,2,49,2
130947,51,6,45,2
130948,43,4,39,2
130949,59,5,54,2
130950,55,6,49,2
130951,50,10,40,2
130952,42,5,37,2
130953,69,11,58,2
130954,61,10,51,2
130955,43,7,36,2
130956,61,4,57,2
130957,40,6,34,2
130958,56,5,51,2
130959,37,4,33,2
130960,52,10,42,2
130961,54,9,45,2
130962,46,8,38,2
130963,50,4,46,2
130964,55,5,50,2
130965,56,8,48,2
130966,57,3,54,2
130967,55,3,52,2
130968,55,10,45,2
130969,58,2,56,2
130970,52,9,43,2
130971,66,5,61,2
130972,53,7,46,2
130973,58,5,53,2
130974,51,4,47,2
130975,60,3,57,2
130976,51,9,42,2
130977,40,7,33,2
130978,52,4,48,2
130979,51,12,39,2
130980,58,4,54,2
130981,59,9,50,2
130982,58,6,52,2
130983,58,10,48,2
130984,50,10,40,2
130985,42,7,35,2
130986,78,9,69,2
130987,60,9,51,2
130988,46,4,42,2
130989,50,4,46,2
130990,58,5,53,2
130991,60,7,53,2
130992,42,8,34,2
130993,53,9,44,2
130994,65,4,61,2
130995,48,6,42,2
130996,54,3,51,2
130997,53,10,43,2
130998,52,10,42,2
130999,40,6,34,2
131000,58,5,53,2
131001,44,1,43,2
131002,50,4,46,2
131003,57,10,47,2
131004,60,5,55,2
131005,59,10,49,2
131006,58,6,52,2
131007,60,9,51,2
131008,59,7,52,2
131009,43,6,37,2
131010,55,6,49,2
131011,52,5,47,2
131012,57,7,50,2
131013,60,12,48,2
131014,59,8,51,2
131015,64,4,60,2
131016,71,9,62,2
131017,56,12,44,2
131018,53,6,47,2
131019,45,3,42,2
131020,58,7,51,2
131021,43,6,37,2
131022,45,6,39,2
131023,45,3,42,2
131024,56,7,49,2
131025,49,7,42,2
131026,45,7,38,2
131027,53,7,46,2
131028,55,7,48,2
131029,47,6,41,2
131030,63,8,55,2
131031,59,7,52,2
131032,54,8,46,2
131033,61,9,52,2
131034,48,5,43,2
131035,56,5,51,2
131036,46,4,42,2
131037,60,5,55,2
131038,56,3,53,2
131039,57,3,54,2
131040,52,5,47,2
131041,56,6,50,2
131042,50,9,41,2
131043,48,5,43,2
131044,54,3,51,2
131045,70,5,65,2
131046,45,7,38,2
131047,54,6,48,2
131048,49,4,45,2
131049,40,7,33,2
131050,44,3,41,2
131051,53,6,47,2
131052,56,3,53,2
131053,54,6,48,2
131054,55,6,49,2
131055,68,9,59,2
131056,55,5,50,2
131057,44,8,36,2
131058,56,6,50,2
131059,50,6,44,2
131060,59,9,50,2
131061,50,5,45,2
131062,54,7,47,2
131063,53,8,45,2
131064,48,10,38,2
131065,47,3,44,2
131066,47,7,40,2
131067,51,4,47,2
131068,41,4,37,2
131069,68,13,55,2
131070,53,10,43,2
131071,54,6,48,2
131072,59,11,48,2
131073,61,8,53,2
131074,53,6,47,2
131075,76,7,69,2
131076,65,10,55,2
131077,52,7,45,2
131078,46,6,40,2
131079,60,8,52,2
131080,66,5,61,2
131081,68,8,60,2
131082,53,9,44,2
131083,56,10,46,2
131084,48,10,38,2
131085,54,9,45,2
131086,53,11,42,2
131087,64,7,57,2
131088,68,9,59,2
131089,63,8,55,2
131090,46,6,40,2
131091,60,7,53,2
131092,54,9,45,2
131093,55,3,52,2
131094,68,5,63,2
131095,61,10,51,2
131096,46,5,41,2
131097,48,5,43,2
131098,56,5,51,2
131099,60,10,50,2
131100,66,8,58,2
131101,56,5,51,2
131102,68,8,60,2
131103,57,12,45,2
131104,62,13,49,2
131105,63,4,59,2
131106,48,3,45,2
131107,53,3,50,2
131108,49,6,43,2
131109,41,3,38,2
131110,55,4,51,2
131111,55,8,47,2
131112,57,5,52,2
131113,46,5,41,2
131114,52,7,45,2
131115,56,15,41,2
131116,50,13,37,2
131117,64,6,58,2
131118,60,5,55,2
131119,60,5,55,2
131120,52,9,43,2
131121,64,10,54,2
131122,48,8,40,2
131123,60,10,50,2
131124,47,7,40,2
131125,68,7,61,2
131126,58,5,53,2
131127,53,8,45,2
131128,60,7,53,2
131129,66,10,56,2
131130,73,10,63,2
131131,68,11,57,2
131132,56,9,47,2
131133,61,9,52,2
131134,50,7,43,2
131135,39,2,37,2
131136,50,9,41,2
131137,45,6,39,2
131138,48,7,41,2
131139,71,7,64,2
131140,47,4,43,2
131141,58,8,50,2
131142,58,5,53,2
131143,48,7,41,2
131144,55,4,51,2
131145,59,6,53,2
131146,67,10,57,2
131147,51,5,46,2
131148,56,8,48,2
131149,49,9,40,2
131150,57,8,49,2
131151,43,5,38,2
131152,62,6,56,2
131153,59,9,50,2
131154,72,4,68,2
131155,54,5,49,2
131156,42,4,38,2
131157,55,1,54,2
131158,64,4,60,2
131159,64,6,58,2
131160,57,5,52,2
131161,59,9,50,2
131162,45,6,39,2
131163,49,9,40,2
131164,62,7,55,2
131165,56,8,48,2
131166,41,7,34,2
131167,52,14,38,2
131168,48,5,43,2
131169,63,7,56,2
131170,46,4,42,2
131171,56,7,49,2
131172,55,10,45,2
131173,56,6,50,2
131174,60,6,54,2
131175,56,9,47,2
131176,64,7,57,2
131177,52,5,47,2
131178,74,10,64,2
131179,52,5,47,2
131180,52,2,50,2
131181,71,13,58,2
131182,55,6,49,2
131183,59,8,51,2
131184,55,4,51,2
131185,45,8,37,2
131186,49,5,44,2
131187,50,6,44,2
131188,56,4,52,2
131189,53,4,49,2
131190,47,6,41,2
131191,70,8,62,2
131192,54,5,49,2
131193,63,2,61,2
131194,59,10,49,2
131195,45,5,40,2
131196,55,7,48,2
131197,63,4,59,2
131198,51,5,46,2
131199,68,7,61,2
131200,53,9,44,2
131201,60,7,53,2
131202,65,3,62,2
131203,46,5,41,2
131204,61,11,50,2
131205,60,13,47,2
131206,58,7,51,2
131207,55,8,47,2
131208,55,6,49,2
131209,64,9,55,2
131210,49,3,46,2
131211,50,6,44,2
131212,66,10,56,2
131213,64,4,60,2
131214,58,10,48,2
131215,50,8,42,2
131216,60,3,57,2
131217,52,7,45,2
131218,67,6,61,2
131219,65,8,57,2
131220,38,4,34,2
131221,50,4,46,2
131222,41,4,37,2
131223,62,6,56,2
131224,66,6,60,2
131225,59,8,51,2
131226,57,7,50,2
131227,56,10,46,2
131228,54,7,47,2
131229,42,10,32,2
131230,50,3,47,2
131231,57,8,49,2
131232,70,10,60,2
131233,61,8,53,2
131234,52,8,44,2
131235,43,4,39,2
131237,54,7,47,2
131238,48,7,41,2
131239,46,4,42,2
131240,45,4,41,2
131241,50,4,46,2
131242,57,4,53,2
131243,56,9,47,2
131244,56,9,47,2
131245,58,5,53,2
131246,32,2,30,2
131247,43,7,36,2
131248,53,7,46,2
131249,47,2,45,2
131250,55,9,46,2
131251,63,9,54,2
131252,45,8,37,2
131253,52,8,44,2
131254,48,7,41,2
131255,48,10,38,2
131256,58,6,52,2
131257,55,10,45,2
131258,47,3,44,2
131259,54,3,51,2
131260,55,10,45,2
131261,39,3,36,2
131262,49,8,41,2
131263,46,4,42,2
131264,57,12,45,2
131265,49,4,45,2
131266,60,5,55,2
131267,53,5,48,2
131268,55,3,52,2
131269,42,4,38,2
131270,65,7,58,2
131271,61,5,56,2
131272,54,6,48,2
131273,59,2,57,2
131274,55,3,52,2
131275,50,6,44,2
131276,49,6,43,2
131277,53,5,48,2
131278,48,4,44,2
131279,53,3,50,2
131280,56,11,45,2
131281,51,5,46,2
131282,48,6,42,2
131283,46,4,42,2
131284,52,3,49,2
131285,59,5,54,2
131286,61,6,55,2
131287,56,7,49,2
131288,45,2,43,2
131289,60,7,53,2
131290,54,10,44,2
131291,57,8,49,2
131292,53,5,48,2
131293,62,7,55,2
131294,72,9,63,2
131295,58,7,51,2
131296,66,5,61,2
131297,55,8,47,2
131298,63,9,54,2
131299,52,7,45,2
131300,67,7,60,2
131301,56,6,50,2
131302,50,5,45,2
131303,53,8,45,2
131304,45,4,41,2
131305,50,6,44,2
131306,67,10,57,2
131307,49,5,44,2
131308,45,5,40,2
131309,66,6,60,2
131310,70,6,64,2
131311,49,6,43,2
131312,65,11,54,2
131313,67,10,57,2
131314,56,11,45,2
131315,56,9,47,2
131316,61,6,55,2
131317,39,2,37,2
131318,68,6,62,2
131319,67,7,60,2
131320,67,5,62,2
131321,64,12,52,2
131322,58,8,50,2
131323,59,8,51,2
131324,51,5,46,2
131325,62,5,57,2
131326,59,7,52,2
131327,43,3,40,2
131328,61,6,55,2
131329,59,7,52,2
131330,63,7,56,2
131331,48,6,42,2
131332,45,6,39,2
131333,53,5,48,2
131334,53,7,46,2
131335,50,6,44,2
131336,49,6,43,2
131337,64,13,51,2
131338,50,3,47,2
131339,38,8,30,2
131340,49,5,44,2
131341,55,7,48,2
131342,48,3,45,2
131343,60,7,53,2
131344,58,2,56,2
131345,45,6,39,2
131346,45,5,40,2
131347,48,4,44,2
131348,49,4,45,2
131349,57,7,50,2
131350,50,8,42,2
131351,51,5,46,2
131352,62,6,56,2
131353,50,7,43,2
131354,45,6,39,2
131355,61,2,59,2
131356,58,7,51,2
131357,53,9,44,2
131358,55,3,52,2
131359,56,7,49,2
131360,44,5,39,2
131361,57,6,51,2
131362,46,4,42,2
131363,52,5,47,2
131364,51,4,47,2
131365,66,4,62,2
131366,61,7,54,2
131367,51,10,41,2
131368,63,13,50,2
131369,61,7,54,2
131370,47,2,45,2
131371,58,10,48,2
131372,44,4,40,2
131373,47,4,43,2
131374,48,6,42,2
131375,60,6,54,2
131376,56,4,52,2
131377,57,5,52,2
131378,56,10,46,2
131379,42,8,34,2
131380,51,4,47,2
131381,43,6,37,2
131382,57,11,46,2
131383,63,9,54,2
131384,49,3,46,2
131385,52,6,46,2
131386,70,14,56,2
131387,45,10,35,2
131388,54,5,49,2
131389,68,5,63,2
131390,58,12,46,2
131391,62,9,53,2
131392,64,5,59,2
131393,54,9,45,2
131394,51,7,44,2
131395,55,4,51,2
131396,56,9,47,2
131397,59,7,52,2
131398,56,6,50,2
131399,55,7,48,2
131400,55,6,49,2
131401,59,7,52,2
131402,55,8,47,2
131403,56,8,48,2
131404,69,6,63,2
131405,61,7,54,2
131406,60,10,50,2
131407,67,10,57,2
131408,49,5,44,2
131409,64,13,51,2
131410,49,5,44,2
131411,70,3,67,2
131412,58,10,48,2
131413,59,7,52,2
131414,53,7,46,2
131415,52,10,42,2
131416,68,8,60,2
131417,54,7,47,2
131418,49,13,36,2
131419,41,6,35,2
131420,57,4,53,2
131421,39,1,38,2
131422,45,4,41,2
131423,51,2,49,2
131424,60,8,52,2
131425,49,8,41,2
131426,54,7,47,2
131427,47,8,39,2
131428,59,9,50,2
131429,60,7,53,2
131430,67,6,61,2
131431,68,8,60,2
131432,60,4,56,2
131433,45,4,41,2
131434,64,6,58,2
131435,50,9,41,2
131436,58,6,52,2
131437,64,10,54,2
131438,67,9,58,2
131439,72,6,66,2
131440,69,8,61,2
131441,49,6,43,2
131442,46,6,40,2
131443,63,8,55,2
131444,52,5,47,2
131445,51,6,45,2
131446,55,1,54,2
131447,50,3,47,2
131448,60,3,57,2
131449,47,2,45,2
131450,45,4,41,2
131451,47,10,37,2
131452,63,9,54,2
131453,54,10,44,2
131454,71,4,67,2
131455,46,8,38,2
131456,53,6,47,2
131457,50,4,46,2
131458,52,3,49,2
131459,57,5,52,2
131460,60,5,55,2
131461,62,6,56,2
131462,47,7,40,2
131463,56,7,49,2
131464,53,8,45,2
131465,54,9,45,2
131466,51,2,49,2
131467,47,3,44,2
131468,51,6,45,2
131469,55,8,47,2
131470,65,3,62,2
131471,43,7,36,2
131472,52,4,48,2
131473,43,7,36,2
131474,49,6,43,2
131475,44,2,42,2
131476,55,7,48,2
131477,52,4,48,2
131478,52,5,47,2
131479,71,9,62,2
131480,51,8,43,2
131481,57,7,50,2
131482,63,6,57,2
131483,51,8,43,2
131484,50,6,44,2
131485,46,6,40,2
131486,54,5,49,2
131487,59,8,51,2
131488,62,7,55,2
131489,47,5,42,2
131490,54,6,48,2
131491,46,5,41,2
131492,51,9,42,2
131493,60,12,48,2
131494,54,3,51,2
131495,59,5,54,2
131496,56,6,50,2
131497,42,4,38,2
131498,62,2,60,2
131499,52,8,44,2
131500,51,10,41,2
131501,69,7,62,2
131502,59,6,53,2
131503,51,6,45,2
131504,65,9,56,2
131505,57,4,53,2
131506,54,2,52,2
131507,64,8,56,2
131508,55,9,46,2
131509,48,6,42,2
131510,46,7,39,2
131511,51,2,49,2
131512,58,5,53,2
131513,50,12,38,2
131514,53,5,48,2
131515,75,14,61,2
131516,52,6,46,2
131517,46,6,40,2
131518,43,5,38,2
131519,53,8,45,2
131520,61,4,57,2
131521,55,11,44,2
131522,57,5,52,2
131523,61,8,53,2
131524,48,4,44,2
131525,56,5,51,2
131526,57,3,54,2
131527,56,5,51,2
131528,46,1,45,2
131529,48,10,38,2
131530,44,4,40,2
131531,52,5,47,2
131532,50,5,45,2
131533,53,6,47,2
131534,52,6,46,2
131535,44,5,39,2
131536,53,5,48,2
131537,44,3,41,2
131538,58,7,51,2
131539,52,6,46,2
131540,69,4,65,2
131541,65,9,56,2
131542,53,5,48,2
131543,69,9,60,2
131544,67,8,59,2
131545,56,7,49,2
131546,55,4,51,2
131547,57,8,49,2
131548,60,8,52,2
131549,68,11,57,2
131550,58,10,48,2
131551,49,6,43,2
131552,43,6,37,2
131553,56,7,49,2
131554,54,9,45,2
131555,56,8,48,2
131556,54,10,44,2
131557,61,11,50,2
131558,63,9,54,2
131559,56,7,49,2
131560,55,7,48,2
131561,51,5,46,2
131562,62,6,56,2
131563,66,9,57,2
131564,60,9,51,2
131565,55,7,48,2
131566,78,10,68,2
131567,59,7,52,2
131568,55,6,49,2
131569,53,3,50,2
131570,59,6,53,2
131571,59,5,54,2
131572,61,5,56,2
131573,60,5,55,2
131574,59,5,54,2
131575,54,6,48,2
131576,48,6,42,2
131577,62,5,57,2
131578,61,3,58,2
131579,58,6,52,2
131580,52,3,49,2
131581,64,6,58,2
131582,49,5,44,2
131583,61,8,53,2
131584,51,8,43,2
131585,53,5,48,2
131586,60,10,50,2
131587,67,8,59,2
131588,45,4,41,2
131589,61,6,55,2
131590,60,9,51,2
131591,60,5,55,2
131592,57,3,54,2
131593,49,6,43,2
131594,54,2,52,2
131595,61,10,51,2
131596,46,3,43,2
131597,60,5,55,2
131599,57,5,52,2
131600,52,5,47,2
131601,53,9,44,2
131602,67,8,59,2
131603,60,7,53,2
131604,57,8,49,2
131605,58,3,55,2
131606,61,2,59,2
131607,54,5,49,2
131608,58,9,49,2
131609,64,4,60,2
131610,48,2,46,2
131611,59,6,53,2
131612,52,7,45,2
131613,60,5,55,2
131614,59,7,52,2
131615,68,8,60,2
131616,56,8,48,2
131617,50,4,46,2
131618,45,6,39,2
131619,61,8,53,2
131620,58,7,51,2
131621,64,6,58,2
131622,56,6,50,2
131623,71,6,65,2
131624,52,3,49,2
131625,50,6,44,2
131626,48,3,45,2
131627,57,7,50,2
131628,55,3,52,2
131629,55,2,53,2
131630,51,7,44,2
131631,52,6,46,2
131632,55,10,45,2
131633,43,1,42,2
131634,63,8,55,2
131635,46,4,42,2
131636,66,9,57,2
131637,54,5,49,2
131638,58,5,53,2
131639,63,13,50,2
131640,53,10,43,2
131641,55,4,51,2
131642,67,6,61,2
131643,48,11,37,2
131644,49,3,46,2
131645,59,5,54,2
131646,50,4,46,2
131647,53,6,47,2
131648,51,3,48,2
131649,42,6,36,2
131650,60,6,54,2
131651,44,5,39,2
131652,53,1,52,2
131653,66,6,60,2
131654,54,4,50,2
131655,64,10,54,2
131656,46,6,40,2
131657,55,7,48,2
131658,52,2,50,2
131659,48,6,42,2
131660,60,4,56,2
131661,65,10,55,2
131662,65,9,56,2
131663,65,9,56,2
131664,44,5,39,2
131665,57,10,47,2
131666,43,10,33,2
131667,59,5,54,2
131668,47,7,40,2
131669,53,5,48,2
131670,48,6,42,2
131671,56,5,51,2
131672,56,8,48,2
131673,53,9,44,2
131674,54,6,48,2
131675,52,8,44,2
131676,66,2,64,2
131677,59,6,53,2
131678,57,11,46,2
131679,51,4,47,2
131680,60,12,48,2
131681,66,9,57,2
131682,48,5,43,2
131683,47,5,42,2
131684,53,6,47,2
131685,65,6,59,2
131686,52,8,44,2
131687,57,3,54,2
131688,57,5,52,2
131689,43,6,37,2
131690,60,11,49,2
131691,55,8,47,2
131692,43,7,36,2
131693,50,8,42,2
131694,62,8,54,2
131695,72,11,61,2
131696,51,6,45,2
131697,70,5,65,2
131698,53,5,48,2
131699,49,6,43,2
131700,56,7,49,2
131701,61,4,57,2
131702,56,9,47,2
131703,50,7,43,2
131704,53,3,50,2
131705,53,12,41,2
131706,60,7,53,2
131707,58,5,53,2
131708,48,3,45,2
131709,49,7,42,2
131710,59,5,54,2
131711,45,5,40,2
131712,55,11,44,2
131713,57,9,48,2
131714,58,3,55,2
131715,48,1,47,2
131716,56,6,50,2
131717,64,9,55,2
131718,67,6,61,2
131719,53,10,43,2
131720,42,6,36,2
131721,50,3,47,2
131722,58,6,52,2
131723,49,4,45,2
131724,50,6,44,2
131725,67,3,64,2
131726,60,10,50,2
131727,48,6,42,2
131728,67,11,56,2
131729,64,3,61,2
131730,61,6,55,2
131731,55,5,50,2
131732,53,5,48,2
131733,57,7,50,2
131734,48,5,43,2
131735,55,10,45,2
131736,51,7,44,2
131737,47,3,44,2
131738,54,7,47,2
131739,43,3,40,2
131740,56,7,49,2
131741,62,8,54,2
131742,78,11,67,2
131743,58,5,53,2
131744,59,5,54,2
131745,64,10,54,2
131746,55,6,49,2
131747,48,5,43,2
131748,78,8,70,2
131749,56,8,48,2
131750,54,8,46,2
131751,58,5,53,2
131752,54,10,44,2
131753,65,10,55,2
131754,50,5,45,2
131755,42,8,34,2
131756,65,6,59,2
131757,59,8,51,2
131758,60,3,57,2
131759,59,5,54,2
131760,42,2,40,2
131761,42,3,39,2
131762,54,5,49,2
131763,58,6,52,2
131764,47,3,44,2
131765,60,6,54,2
131766,43,4,39,2
131767,39,6,33,2
131768,53,5,48,2
131769,50,7,43,2
131770,57,9,48,2
131771,46,9,37,2
131772,53,4,49,2
131773,57,7,50,2
131774,62,6,56,2
131775,58,4,54,2
131776,54,1,53,2
131777,48,5,43,2
131778,56,4,52,2
131779,60,5,55,2
131780,59,13,46,2
131781,44,5,39,2
131782,59,8,51,2
131783,53,5,48,2
131784,48,5,43,2
131785,57,6,51,2
131786,56,7,49,2
131787,50,6,44,2
131788,67,10,57,2
131789,65,5,60,2
131790,49,3,46,2
131791,66,16,50,2
131792,49,7,42,2
131793,58,4,54,2
131794,54,7,47,2
131795,58,2,56,2
131796,58,3,55,2
131797,47,3,44,2
131798,60,10,50,2
131799,59,7,52,2
131800,40,5,35,2
131801,65,9,56,2
131802,53,11,42,2
131803,69,10,59,2
131804,51,1,50,2
131805,66,9,57,2
131806,53,4,49,2
131807,56,5,51,2
131808,55,8,47,2
131809,50,4,46,2
131810,52,8,44,2
131811,48,12,36,2
131812,58,5,53,2
131813,52,9,43,2
131814,50,4,46,2
131815,59,8,51,2
131816,62,2,60,2
131817,69,10,59,2
131818,54,7,47,2
131819,50,8,42,2
131820,59,8,51,2
131821,57,3,54,2
131822,59,7,52,2
131823,52,6,46,2
131824,57,6,51,2
131825,74,10,64,2
131826,49,5,44,2
131827,58,7,51,2
131828,58,10,48,2
131829,52,7,45,2
131830,48,3,45,2
131831,51,6,45,2
131832,72,4,68,2
131833,48,6,42,2
131834,40,2,38,2
131835,55,6,49,2
131836,48,4,44,2
131837,51,6,45,2
131838,56,7,49,2
131839,55,8,47,2
131840,53,5,48,2
131841,59,8,51,2
131842,55,2,53,2
131843,55,4,51,2
131844,60,9,51,2
131845,64,6,58,2
131846,61,7,54,2
131847,56,9,47,2
131848,55,4,51,2
131849,47,2,45,2
131850,48,6,42,2
131851,66,6,60,2
131852,60,2,58,2
131853,54,6,48,2
131854,51,4,47,2
131855,43,8,35,2
131856,46,5,41,2
131857,66,8,58,2
131858,42,4,38,2
131859,55,6,49,2
131860,58,6,52,2
131861,58,5,53,2
131862,62,11,51,2
131863,55,6,49,2
131864,54,2,52,2
131865,55,6,49,2
131866,54,10,44,2
131867,44,7,37,2
131868,41,3,38,2
131869,52,11,41,2
131870,49,7,42,2
131871,57,5,52,2
131872,40,4,36,2
131873,54,7,47,2
131874,46,6,40,2
131875,52,7,45,2
131876,48,9,39,2
131877,60,5,55,2
131878,64,9,55,2
131879,52,5,47,2
131880,49,3,46,2
131881,50,8,42,2
131882,51,5,46,2
131883,48,5,43,2
131884,52,5,47,2
131885,50,8,42,2
131886,49,7,42,2
131887,39,3,36,2
131888,40,6,34,2
131889,60,6,54,2
131890,51,6,45,2
131891,55,6,49,2
131892,56,5,51,2
131893,60,7,53,2
131894,58,7,51,2
131895,58,8,50,2
131896,44,3,41,2
131897,54,4,50,2
131898,55,8,47,2
131899,56,6,50,2
131900,49,9,40,2
131901,59,13,46,2
131902,47,5,42,2
131903,53,5,48,2
131904,52,2,50,2
131905,59,7,52,2
131906,43,5,38,2
131907,47,7,40,2
131908,55,9,46,2
131909,65,12,53,2
131910,56,8,48,2
131911,64,5,59,2
131912,53,7,46,2
131913,66,9,57,2
131914,45,4,41,2
131915,57,10,47,2
131916,44,6,38,2
131917,58,11,47,2
131918,62,8,54,2
131919,57,7,50,2
131920,51,6,45,2
131921,51,5,46,2
131922,64,8,56,2
131923,50,9,41,2
131924,48,7,41,2
131925,41,7,34,2
131926,58,6,52,2
131927,45,4,41,2
131928,50,3,47,2
131929,58,5,53,2
131930,62,3,59,2
131931,64,4,60,2
131932,50,5,45,2
131933,48,9,39,2
131934,46,4,42,2
131935,59,8,51,2
131936,51,7,44,2
131937,54,2,52,2
131938,49,3,46,2
131939,55,13,42,2
131940,52,3,49,2
131941,52,7,45,2
131942,57,13,44,2
131943,46,1,45,2
131944,58,6,52,2
131945,50,7,43,2
131946,58,7,51,2
131947,71,9,62,2
131948,70,10,60,2
131949,52,2,50,2
131950,63,8,55,2
131951,61,6,55,2
131952,61,12,49,2
131953,41,6,35,2
131954,49,7,42,2
131955,66,9,57,2
131956,52,6,46,2
131957,53,10,43,2
131958,45,6,39,2
131959,62,8,54,2
131960,68,7,61,2
131961,45,4,41,2
131962,44,7,37,2
131963,47,7,40,2
131964,47,4,43,2
131965,47,6,41,2
131966,71,5,66,2
131967,57,5,52,2
131968,67,9,58,2
131969,46,2,44,2
131970,59,9,50,2
131971,64,4,60,2
131972,48,4,44,2
131973,54,4,50,2
131974,44,2,42,2
131975,60,2,58,2
131976,67,9,58,2
131977,36,5,31,2
131978,64,6,58,2
131979,54,2,52,2
131980,60,7,53,2
131981,48,5,43,2
131982,42,6,36,2
131983,64,12,52,2
131984,49,5,44,2
131985,47,1,46,2
131986,57,9,48,2
131987,46,4,42,2
131988,58,5,53,2
131989,44,6,38,2
131990,64,7,57,2
131991,57,7,50,2
131992,46,4,42,2
131993,56,3,53,2
131994,54,3,51,2
131995,50,9,41,2
131996,60,9,51,2
131997,59,5,54,2
131998,62,8,54,2
131999,48,8,40,2
132000,54,6,48,2
132001,53,3,50,2
132002,53,5,48,2
132003,63,7,56,2
132004,47,3,44,2
132005,53,7,46,2
132006,40,3,37,2
132007,55,6,49,2
132008,51,3,48,2
132009,46,4,42,2
132010,55,6,49,2
132011,53,4,49,2
132012,47,4,43,2
132013,45,4,41,2
132014,57,4,53,2
132015,56,5,51,2
132016,46,6,40,2
132017,56,8,48,2
132018,44,4,40,2
132019,60,7,53,2
132020,60,7,53,2
132021,53,7,46,2
132022,43,6,37,2
132023,51,5,46,2
132024,60,7,53,2
132025,50,8,42,2
132026,50,9,41,2
132027,45,8,37,2
132028,52,4,48,2
132029,53,4,49,2
132030,45,9,36,2
132031,52,5,47,2
132032,61,9,52,2
132033,53,8,45,2
132034,65,13,52,2
132035,48,7,41,2
132036,48,6,42,2
132037,59,11,48,2
132038,60,7,53,2
132039,59,9,50,2
132040,54,7,47,2
132041,60,8,52,2
132042,59,9,50,2
132043,59,8,51,2
132044,56,8,48,2
132045,60,8,52,2
132046,71,10,61,2
132047,55,9,46,2
132048,56,6,50,2
132049,54,2,52,2
132050,52,5,47,2
132051,66,13,53,2
132052,58,15,43,2
132053,51,7,44,2
132054,69,6,63,2
132055,57,9,48,2
132056,68,8,60,2
132057,19,19,0,1
132058,58,9,49,2
132059,38,5,33,2
132060,47,8,39,2
132061,64,10,54,2
132062,45,2,43,2
132063,50,6,44,2
132064,62,8,54,2
132065,58,2,56,2
132066,54,7,47,2
132067,69,7,62,2
132068,51,3,48,2
132069,51,5,46,2
132070,55,7,48,2
132071,50,11,39,2
132072,57,10,47,2
132073,39,6,33,2
132074,57,4,53,2
132075,41,6,35,2
132076,56,8,48,2
132077,40,5,35,2
132078,53,4,49,2
132079,64,11,53,2
132080,62,3,59,2
132081,63,8,55,2
132082,65,2,63,2
132083,70,12,58,2
132084,51,6,45,2
132085,63,13,50,2
132086,53,4,49,2
132087,76,7,69,2
132088,57,8,49,2
132089,30,3,27,2
132090,47,0,47,1
132091,54,1,53,2
132092,66,7,59,2
132093,64,2,62,2
132094,54,11,43,2
132095,61,7,54,2
132096,50,9,41,2
132097,66,7,59,2
132098,60,5,55,2
132099,63,13,50,2
132100,63,8,55,2
132101,68,6,62,2
132102,52,6,46,2
132103,57,8,49,2
132104,57,3,54,2
132105,59,12,47,2
132106,60,9,51,2
132107,44,3,41,2
132108,61,8,53,2
132109,77,10,67,2
132110,59,8,51,2
132111,65,8,57,2
132112,46,5,41,2
132113,62,6,56,2
132114,75,12,63,2
132115,30,1,29,2
132116,46,7,39,2
132117,55,7,48,2
132118,57,11,46,2
132119,65,8,57,2
132120,54,6,48,2
132121,54,6,48,2
132122,53,6,47,2
132123,54,7,47,2
132124,42,3,39,2
132125,65,4,61,2
132126,47,4,43,2
132127,52,6,46,2
132128,51,2,49,2
132129,46,7,39,2
132130,56,7,49,2
132131,57,6,51,2
132132,57,13,44,2
132133,59,7,52,2
132134,44,5,39,2
132135,57,8,49,2
132136,45,6,39,2
132137,61,11,50,2
132138,58,10,48,2
132139,43,8,35,2
132140,53,3,50,2
132141,51,6,45,2
132142,45,7,38,2
132143,49,7,42,2
132144,48,4,44,2
132145,49,5,44,2
132146,58,3,55,2
132147,50,6,44,2
132148,61,8,53,2
132149,51,6,45,2
132150,62,4,58,2
132151,64,10,54,2
132152,60,5,55,2
132153,74,7,67,2
132154,48,5,43,2
132155,50,3,47,2
132156,51,5,46,2
132157,55,7,48,2
132158,52,8,44,2
132159,66,7,59,2
132160,46,6,40,2
132161,49,8,41,2
132162,53,10,43,2
132163,51,8,43,2
132164,53,5,48,2
132165,65,9,56,2
132166,48,6,42,2
132167,64,11,53,2
132168,63,5,58,2
132169,56,11,45,2
132170,39,2,37,2
132171,57,3,54,2
132172,57,9,48,2
132173,55,5,50,2
132174,52,7,45,2
132175,46,6,40,2
132176,66,10,56,2
132177,69,10,59,2
132178,60,7,53,2
132179,61,10,51,2
132180,48,7,41,2
132181,63,7,56,2
132182,62,8,54,2
132183,39,4,35,2
132184,51,4,47,2
132185,48,9,39,2
132186,49,3,46,2
132187,61,10,51,2
132188,51,2,49,2
132189,51,6,45,2
132190,64,5,59,2
132191,59,7,52,2
132192,67,6,61,2
132193,52,10,42,2
132194,50,8,42,2
132195,49,8,41,2
132196,58,7,51,2
132197,54,10,44,2
132198,51,4,47,2
132199,64,8,56,2
132200,68,10,58,2
132201,72,8,64,2
132202,57,3,54,2
132203,48,8,40,2
132204,54,4,50,2
132205,47,9,38,2
132206,44,2,42,2
132207,44,4,40,2
132208,61,7,54,2
132209,51,9,42,2
132210,50,10,40,2
132211,58,5,53,2
132212,45,7,38,2
132213,60,12,48,2
132214,55,4,51,2
132215,48,8,40,2
132216,48,7,41,2
132217,51,7,44,2
132218,56,3,53,2
132219,46,3,43,2
132220,58,5,53,2
132221,70,8,62,2
132222,49,4,45,2
132223,57,9,48,2
132224,60,7,53,2
132225,52,1,51,2
132226,52,5,47,2
132227,47,7,40,2
132228,56,6,50,2
132229,57,8,49,2
132230,47,11,36,2
132231,64,7,57,2
132232,54,9,45,2
132233,49,8,41,2
132234,53,6,47,2
132235,60,8,52,2
132236,50,8,42,2
132237,52,8,44,2
132238,70,5,65,2
132239,60,6,54,2
132240,69,6,63,2
132241,59,9,50,2
132242,47,7,40,2
132243,56,8,48,2
132244,56,8,48,2
132245,48,7,41,2
132246,63,10,53,2
132247,50,5,45,2
132248,46,2,44,2
132249,77,5,72,2
132250,53,3,50,2
132251,52,7,45,2
132252,62,6,56,2
132253,68,4,64,2
132254,51,2,49,2
132255,59,6,53,2
132256,47,5,42,2
132257,59,9,50,2
132258,56,5,51,2
132259,46,5,41,2
132260,51,10,41,2
132261,45,5,40,2
132262,54,5,49,2
132263,71,13,58,2
132264,65,12,53,2
132265,65,6,59,2
132266,63,10,53,2
132267,41,5,36,2
132268,45,3,42,2
132269,52,3,49,2
132270,60,7,53,2
132271,62,3,59,2
132272,58,4,54,2
132273,68,7,61,2
132274,47,6,41,2
132275,46,4,42,2
132276,58,8,50,2
132277,52,3,49,2
132278,62,7,55,2
132279,56,4,52,2
132280,53,6,47,2
132281,67,7,60,2
132282,59,8,51,2
132283,40,7,33,2
132284,56,8,48,2
132285,55,5,50,2
132286,54,2,52,2
132287,44,6,38,2
132288,44,6,38,2
132289,64,3,61,2
132290,57,10,47,2
132292,56,8,48,2
132293,52,8,44,2
132294,57,11,46,2
132295,44,4,40,2
132296,41,3,38,2
132297,51,3,48,2
132298,45,6,39,2
132299,55,3,52,2
132300,43,12,31,2
132301,62,7,55,2
132302,55,6,49,2
132303,56,6,50,2
132304,48,3,45,2
132305,56,3,53,2
132306,60,7,53,2
132307,49,4,45,2
132308,64,4,60,2
132309,57,4,53,2
132310,56,7,49,2
132311,56,10,46,2
132312,61,11,50,2
132313,44,7,37,2
132314,60,10,50,2
132315,69,6,63,2
132316,49,6,43,2
132317,50,4,46,2
132318,60,10,50,2
132319,55,14,41,2
132320,60,5,55,2
132321,45,5,40,2
132322,54,7,47,2
132323,63,4,59,2
132324,46,5,41,2
132325,59,8,51,2
132326,57,3,54,2
132327,58,6,52,2
132328,58,7,51,2
132329,38,5,33,2
132330,68,11,57,2
132331,52,5,47,2
132332,40,6,34,2
132333,53,5,48,2
132334,55,5,50,2
132335,47,6,41,2
132336,46,4,42,2
132337,75,9,66,2
132338,61,5,56,2
132339,56,5,51,2
132340,39,3,36,2
132341,68,6,62,2
132342,49,6,43,2
132343,53,11,42,2
132344,46,9,37,2
132345,54,10,44,2
132346,59,10,49,2
132347,45,4,41,2
132348,51,5,46,2
132349,57,9,48,2
132350,47,4,43,2
132351,40,4,36,2
132352,56,8,48,2
132353,48,9,39,2
132354,65,12,53,2
132355,53,7,46,2
132356,44,6,38,2
132357,51,6,45,2
132358,39,4,35,2
132359,48,4,44,2
132360,64,8,56,2
132361,56,8,48,2
132362,48,8,40,2
132363,50,5,45,2
132364,71,7,64,2
132365,68,6,62,2
132366,44,3,41,2
132367,52,3,49,2
132368,55,7,48,2
132369,66,10,56,2
132370,47,10,37,2
132371,69,7,62,2
132372,59,7,52,2
132373,63,5,58,2
132374,47,3,44,2
132375,59,7,52,2
132376,58,9,49,2
132377,54,5,49,2
132378,50,11,39,2
132379,54,9,45,2
132380,41,4,37,2
132381,60,10,50,2
132382,54,10,44,2
132383,60,7,53,2
132384,48,9,39,2
132385,60,9,51,2
132386,70,9,61,2
132387,50,7,43,2
132388,57,5,52,2
132389,49,9,40,2
132390,45,7,38,2
132391,54,4,50,2
132392,56,3,53,2
132393,54,11,43,2
132394,53,6,47,2
132395,48,7,41,2
132396,46,6,40,2
132398,41,5,36,2
132399,61,11,50,2
132400,65,10,55,2
132401,41,4,37,2
132402,36,3,33,2
132403,53,7,46,2
132404,60,7,53,2
132405,47,3,44,2
132406,61,6,55,2
132407,50,5,45,2
132408,58,9,49,2
132409,55,3,52,2
132410,71,9,62,2
132411,55,5,50,2
132412,57,3,54,2
132413,52,8,44,2
132414,38,5,33,2
132415,61,7,54,2
132416,62,6,56,2
132417,51,5,46,2
132418,54,7,47,2
132419,65,6,59,2
132420,53,6,47,2
132421,50,8,42,2
132422,51,5,46,2
132423,52,4,48,2
132424,50,7,43,2
132425,50,6,44,2
132426,52,8,44,2
132427,49,7,42,2
132428,54,6,48,2
132429,64,11,53,2
132430,63,10,53,2
132431,50,3,47,2
132432,58,14,44,2
132433,50,11,39,2
132434,55,6,49,2
132435,49,3,46,2
132436,60,7,53,2
132437,59,11,48,2
132438,55,7,48,2
132439,59,9,50,2
132440,62,7,55,2
132441,53,10,43,2
132442,55,5,50,2
132443,51,10,41,2
132444,69,11,58,2
132445,54,2,52,2
132446,41,3,38,2
132447,60,7,53,2
132448,53,10,43,2
132449,51,9,42,2
132450,52,6,46,2
132451,57,4,53,2
132452,43,8,35,2
132453,63,13,50,2
132454,58,7,51,2
132455,39,2,37,2
132456,54,6,48,2
132457,59,7,52,2
132458,53,4,49,2
132459,46,4,42,2
132460,57,4,53,2
132461,78,12,66,2
132462,51,6,45,2
132463,43,8,35,2
132464,48,5,43,2
132465,51,10,41,2
132466,49,4,45,2
132467,76,9,67,2
132468,46,6,40,2
132469,56,8,48,2
132470,50,7,43,2
132471,48,4,44,2
132472,61,8,53,2
132473,51,6,45,2
132474,50,6,44,2
132475,48,4,44,2
132476,50,4,46,2
132477,65,4,61,2
132478,45,9,36,2
132479,65,8,57,2
132480,54,10,44,2
132481,66,12,54,2
132482,47,9,38,2
132483,55,7,48,2
132484,53,4,49,2
132485,67,10,57,2
132486,56,9,47,2
132487,62,5,57,2
132488,48,4,44,2
132489,50,5,45,2
132490,47,7,40,2
132491,54,6,48,2
132492,59,6,53,2
132493,44,1,43,2
132494,50,4,46,2
132495,57,6,51,2
132496,54,6,48,2
132497,56,7,49,2
132498,61,6,55,2
132499,53,1,52,2
132500,52,4,48,2
132501,56,8,48,2
132502,59,8,51,2
132503,58,6,52,2
132504,60,7,53,2
132505,57,10,47,2
132506,56,6,50,2
132507,71,11,60,2
132508,48,6,42,2
132509,60,7,53,2
132510,47,1,46,2
132511,52,7,45,2
132512,58,7,51,2
132513,63,8,55,2
132514,56,9,47,2
132515,61,8,53,2
132516,48,6,42,2
132517,53,8,45,2
132518,58,8,50,2
132519,52,7,45,2
132520,48,2,46,2
132521,47,4,43,2
132522,52,5,47,2
132523,37,4,33,2
132524,44,1,43,2
132525,50,6,44,2
132526,55,4,51,2
132527,50,7,43,2
132528,55,5,50,2
132529,68,6,62,2
132530,55,7,48,2
132531,49,7,42,2
132532,56,7,49,2
132533,50,5,45,2
132534,57,6,51,2
132535,50,2,48,2
132536,54,4,50,2
132537,56,6,50,2
132538,43,6,37,2
132539,51,3,48,2
132540,55,11,44,2
132541,43,6,37,2
132542,50,8,42,2
132543,44,8,36,2
132544,56,5,51,2
132545,56,8,48,2
132546,60,4,56,2
132547,60,5,55,2
132548,41,9,32,2
132549,45,9,36,2
132550,53,8,45,2
132551,46,3,43,2
132552,49,9,40,2
132553,50,9,41,2
132554,48,5,43,2
132555,61,5,56,2
132556,39,7,32,2
132557,41,4,37,2
132558,47,9,38,2
132559,60,7,53,2
132560,48,3,45,2
132561,51,3,48,2
132562,56,6,50,2
132563,45,6,39,2
132564,63,9,54,2
132565,38,3,35,2
132566,55,7,48,2
132567,53,4,49,2
132568,56,8,48,2
132569,47,7,40,2
132570,54,2,52,2
132571,54,5,49,2
132572,41,6,35,2
132573,60,6,54,2
132574,47,8,39,2
132575,47,2,45,2
132576,50,4,46,2
132577,58,5,53,2
132578,59,6,53,2
132579,59,10,49,2
132580,44,5,39,2
132581,57,3,54,2
132582,58,7,51,2
132583,65,5,60,2
132584,52,7,45,2
132585,48,7,41,2
132586,49,6,43,2
132587,56,4,52,2
132588,51,7,44,2
132589,44,7,37,2
132590,40,1,39,2
132591,54,3,51,2
132592,52,4,48,2
132593,59,8,51,2
132594,52,6,46,2
132595,60,9,51,2
132596,72,6,66,2
132597,39,3,36,2
132598,47,7,40,2
132599,48,6,42,2
132600,68,8,60,2
132601,53,10,43,2
132602,50,4,46,2
132603,50,10,40,2
132604,57,8,49,2
132605,52,6,46,2
132606,47,2,45,2
132607,63,10,53,2
132608,63,6,57,2
132609,59,8,51,2
132610,52,6,46,2
132611,52,13,39,2
132612,54,7,47,2
132613,61,12,49,2
132614,60,6,54,2
132615,66,11,55,2
132616,56,6,50,2
132617,52,8,44,2
132618,46,3,43,2
132619,54,5,49,2
132620,51,5,46,2
132621,60,5,55,2
132622,66,8,58,2
132623,51,5,46,2
132624,73,10,63,2
132625,69,6,63,2
132626,62,13,49,2
132627,61,7,54,2
132628,59,5,54,2
132629,67,8,59,2
132630,42,4,38,2
132631,50,1,49,2
132632,52,3,49,2
132633,47,5,42,2
132634,59,13,46,2
132635,63,6,57,2
132636,49,4,45,2
132637,54,6,48,2
132638,56,8,48,2
132639,62,12,50,2
132640,56,9,47,2
132641,57,5,52,2
132642,50,4,46,2
132643,57,7,50,2
132644,61,11,50,2
132645,47,5,42,2
132646,51,10,41,2
132647,65,6,59,2
132648,56,9,47,2
132649,41,6,35,2
132650,53,10,43,2
132651,61,4,57,2
132652,48,7,41,2
132653,58,10,48,2
132654,43,8,35,2
132655,52,12,40,2
132656,38,5,33,2
132657,54,6,48,2
132658,63,10,53,2
132659,66,6,60,2
132660,48,9,39,2
132661,70,5,65,2
132662,51,6,45,2
132663,54,8,46,2
132664,61,6,55,2
132665,65,9,56,2
132666,53,6,47,2
132667,76,11,65,2
132668,58,7,51,2
132669,52,8,44,2
132670,45,3,42,2
132671,60,4,56,2
132672,51,6,45,2
132673,60,8,52,2
132674,57,7,50,2
132675,58,6,52,2
132676,57,6,51,2
132677,47,9,38,2
132678,62,6,56,2
132679,57,8,49,2
132680,52,5,47,2
132681,53,5,48,2
132682,61,6,55,2
132683,43,2,41,2
132684,66,6,60,2
132685,49,8,41,2
132686,50,7,43,2
132687,62,4,58,2
132688,43,2,41,2
132689,54,5,49,2
132690,42,4,38,2
132691,46,8,38,2
132692,45,4,41,2
132693,40,9,31,2
132694,49,6,43,2
132695,67,7,60,2
132696,54,10,44,2
132697,44,2,42,2
132698,56,4,52,2
132699,48,7,41,2
132700,46,7,39,2
132701,57,3,54,2
132702,54,7,47,2
132703,42,7,35,2
132704,53,8,45,2
132705,58,7,51,2
132706,55,10,45,2
132707,67,4,63,2
132708,62,9,53,2
132709,48,6,42,2
132710,51,8,43,2
132711,69,7,62,2
132712,63,8,55,2
132713,54,10,44,2
132714,61,10,51,2
132715,47,8,39,2
132716,48,5,43,2
132717,64,6,58,2
132718,54,9,45,2
132719,61,7,54,2
132720,62,8,54,2
132721,57,5,52,2
132722,68,10,58,2
132723,52,8,44,2
132724,48,6,42,2
132725,54,8,46,2
132726,61,5,56,2
132727,64,9,55,2
132728,39,4,35,2
132729,52,1,51,2
132730,50,6,44,2
132731,62,11,51,2
132732,46,6,40,2
132733,41,6,35,2
132734,55,6,49,2
132735,49,5,44,2
132736,55,4,51,2
132737,56,7,49,2
132738,59,5,54,2
132739,52,7,45,2
132740,57,8,49,2
132741,43,4,39,2
132742,62,11,51,2
132743,54,1,53,2
132744,45,4,41,2
132745,54,2,52,2
132746,37,3,34,2
132747,58,5,53,2
132748,59,7,52,2
132749,53,3,50,2
132750,49,7,42,2
132751,62,8,54,2
132752,63,5,58,2
132753,49,4,45,2
132754,48,10,38,2
132755,48,6,42,2
132756,57,4,53,2
132757,59,9,50,2
132758,67,11,56,2
132759,64,7,57,2
132760,47,3,44,2
132761,50,6,44,2
132762,69,6,63,2
132763,42,6,36,2
132764,49,5,44,2
132765,57,8,49,2
132766,61,10,51,2
132767,51,8,43,2
132768,70,9,61,2
132769,63,13,50,2
132770,51,10,41,2
132771,52,9,43,2
132772,50,7,43,2
132773,53,7,46,2
132774,47,4,43,2
132775,48,4,44,2
132776,56,8,48,2
132777,69,4,65,2
132778,58,6,52,2
132779,63,7,56,2
132780,41,6,35,2
132781,56,7,49,2
132782,61,8,53,2
132783,62,9,53,2
132784,62,7,55,2
132785,62,8,54,2
132786,46,9,37,2
132787,59,11,48,2
132788,55,4,51,2
132789,63,8,55,2
132790,50,4,46,2
132791,57,9,48,2
132792,45,11,34,2
132793,49,6,43,2
132794,64,8,56,2
132795,52,5,47,2
132796,51,2,49,2
132797,54,12,42,2
132798,62,10,52,2
132799,65,9,56,2
132800,58,10,48,2
132801,50,2,48,2
132802,61,10,51,2
132803,47,9,38,2
132804,47,8,39,2
132805,46,9,37,2
132806,57,4,53,2
132807,61,3,58,2
132808,62,8,54,2
132809,36,4,32,2
132810,48,9,39,2
132811,45,6,39,2
132812,59,9,50,2
132813,56,6,50,2
132814,45,5,40,2
132815,50,9,41,2
132816,50,5,45,2
132817,47,8,39,2
132818,48,7,41,2
132819,59,10,49,2
132820,54,7,47,2
132821,58,3,55,2
132822,51,6,45,2
132823,52,8,44,2
132824,51,5,46,2
132825,48,8,40,2
132826,46,6,40,2
132827,61,7,54,2
132828,62,9,53,2
132829,56,5,51,2
132830,48,3,45,2
132831,55,6,49,2
132832,55,10,45,2
132833,39,7,32,2
132834,61,3,58,2
132835,40,2,38,2
132836,72,7,65,2
132837,48,6,42,2
132838,64,8,56,2
132839,56,10,46,2
132840,67,7,60,2
132841,55,4,51,2
132842,65,8,57,2
132843,60,7,53,2
132844,58,8,50,2
132845,48,5,43,2
132846,54,6,48,2
132847,57,6,51,2
132848,65,9,56,2
132849,45,4,41,2
132850,52,7,45,2
132851,61,10,51,2
132852,58,5,53,2
132853,55,9,46,2
132854,55,7,48,2
132855,61,12,49,2
132856,48,2,46,2
132857,65,8,57,2
132858,67,8,59,2
132859,63,12,51,2
132860,60,8,52,2
132861,54,9,45,2
132862,52,7,45,2
132863,52,5,47,2
132864,57,6,51,2
132865,58,7,51,2
132866,67,9,58,2
132867,55,6,49,2
132868,57,7,50,2
132869,46,2,44,2
132870,49,6,43,2
132871,50,9,41,2
132872,56,8,48,2
132873,63,3,60,2
132874,62,7,55,2
132875,63,9,54,2
132876,55,7,48,2
132877,52,10,42,2
132878,52,7,45,2
132879,48,9,39,2
132880,61,13,48,2
132881,44,7,37,2
132882,51,6,45,2
132883,58,3,55,2
132884,51,5,46,2
132885,43,4,39,2
132886,51,4,47,2
132887,62,9,53,2
132888,45,8,37,2
132889,51,3,48,2
132890,58,11,47,2
132891,56,5,51,2
132892,69,4,65,2
132893,56,6,50,2
132894,44,7,37,2
132895,61,6,55,2
132896,49,5,44,2
132897,52,5,47,2
132898,54,6,48,2
132899,65,4,61,2
132900,46,9,37,2
132901,58,4,54,2
132902,46,4,42,2
132903,56,5,51,2
132904,53,4,49,2
132905,54,6,48,2
132906,71,8,63,2
132907,48,5,43,2
132908,54,5,49,2
132909,48,3,45,2
132910,74,9,65,2
132911,56,10,46,2
132912,50,6,44,2
132913,50,8,42,2
132914,36,1,35,2
132915,55,4,51,2
132916,54,6,48,2
132917,56,6,50,2
132918,58,4,54,2
132919,62,7,55,2
132920,54,6,48,2
132921,60,6,54,2
132922,57,6,51,2
132923,50,8,42,2
132924,59,4,55,2
132925,48,5,43,2
132926,42,8,34,2
132927,50,4,46,2
132928,59,9,50,2
132929,50,5,45,2
132930,37,4,33,2
132931,52,5,47,2
132932,66,7,59,2
132933,53,7,46,2
132934,50,8,42,2
132935,64,8,56,2
132936,51,6,45,2
132937,48,4,44,2
132938,41,4,37,2
132939,53,9,44,2
132940,52,6,46,2
132941,59,13,46,2
132942,48,5,43,2
132943,57,7,50,2
132944,43,7,36,2
132945,41,5,36,2
132946,53,11,42,2
132947,48,10,38,2
132948,53,7,46,2
132949,55,11,44,2
132950,41,5,36,2
132951,46,10,36,2
132952,63,9,54,2
132953,63,9,54,2
132954,40,9,31,2
132955,55,7,48,2
132956,59,5,54,2
132957,48,5,43,2
132958,51,5,46,2
132959,55,9,46,2
132960,53,5,48,2
132961,59,7,52,2
132962,52,8,44,2
132963,45,7,38,2
132964,58,6,52,2
132965,53,8,45,2
132966,67,9,58,2
132967,65,11,54,2
132968,68,4,64,2
132969,46,5,41,2
132970,45,8,37,2
132971,51,6,45,2
132972,63,8,55,2
132973,54,6,48,2
132974,53,4,49,2
132975,60,6,54,2
132976,52,7,45,2
132977,56,6,50,2
132978,70,6,64,2
132979,53,7,46,2
132980,45,7,38,2
132981,57,3,54,2
132982,58,7,51,2
132983,49,9,40,2
132984,51,8,43,2
132985,51,7,44,2
132986,56,6,50,2
132987,63,9,54,2
132988,52,6,46,2
132989,54,4,50,2
132990,53,4,49,2
132991,60,9,51,2
132992,55,5,50,2
132993,52,10,42,2
132994,57,9,48,2
132995,46,7,39,2
132996,49,11,38,2
132997,61,5,56,2
132998,43,8,35,2
132999,56,7,49,2
133000,64,5,59,2
133001,43,6,37,2
133002,61,2,59,2
133003,53,7,46,2
133004,74,7,67,2
133005,57,11,46,2
133006,50,7,43,2
133007,55,7,48,2
133008,44,3,41,2
133009,40,5,35,2
133010,59,7,52,2
133011,62,4,58,2
133012,59,5,54,2
133013,58,4,54,2
133014,58,6,52,2
133015,42,3,39,2
133016,65,10,55,2
133017,55,9,46,2
133018,53,6,47,2
133019,59,6,53,2
133020,57,6,51,2
133021,62,5,57,2
133022,39,2,37,2
133023,46,5,41,2
133024,53,6,47,2
133025,46,2,44,2
133026,59,4,55,2
133027,48,11,37,2
133029,65,13,52,2
133030,62,8,54,2
133031,49,6,43,2
133032,74,12,62,2
133033,46,2,44,2
133034,59,5,54,2
133035,66,6,60,2
133036,67,1,66,2
133037,61,14,47,2
133038,56,6,50,2
133039,54,7,47,2
133040,57,5,52,2
133041,51,6,45,2
133042,59,7,52,2
133043,60,7,53,2
133044,51,5,46,2
133045,63,4,59,2
133046,67,6,61,2
133047,51,8,43,2
133048,55,12,43,2
133049,44,7,37,2
133050,62,9,53,2
133051,48,5,43,2
133052,47,4,43,2
133053,39,6,33,2
133054,45,13,32,2
133055,64,5,59,2
133056,54,7,47,2
133057,61,7,54,2
133058,60,9,51,2
133059,61,9,52,2
133060,67,9,58,2
133061,67,10,57,2
133062,55,6,49,2
133063,53,15,38,2
133064,58,8,50,2
133065,48,6,42,2
133066,60,9,51,2
133067,55,9,46,2
133068,62,5,57,2
133069,50,5,45,2
133070,62,10,52,2
133071,47,7,40,2
133072,58,9,49,2
133073,52,2,50,2
133074,46,1,45,2
133075,56,4,52,2
133076,54,5,49,2
133077,57,4,53,2
133078,42,5,37,2
133079,60,7,53,2
133080,42,4,38,2
133081,57,8,49,2
133082,68,10,58,2
133083,56,11,45,2
133084,61,6,55,2
133085,59,14,45,2
133086,49,3,46,2
133087,48,9,39,2
133088,48,5,43,2
133089,52,7,45,2
133090,58,5,53,2
133091,34,4,30,2
133092,71,3,68,2
133093,56,5,51,2
133094,73,6,67,2
133095,56,8,48,2
133096,41,4,37,2
133097,62,6,56,2
133098,65,15,50,2
133099,53,2,51,2
133100,61,10,51,2
133101,63,8,55,2
133102,63,6,57,2
133103,32,5,27,2
133104,55,2,53,2
133105,60,3,57,2
133106,61,6,55,2
133107,46,5,41,2
133108,50,1,49,2
133109,52,11,41,2
133110,64,5,59,2
133111,59,8,51,2
133112,53,8,45,2
133113,47,8,39,2
133114,62,4,58,2
133115,63,7,56,2
133116,54,10,44,2
133117,63,6,57,2
133118,54,6,48,2
133119,56,9,47,2
133120,61,8,53,2
133121,55,13,42,2
133122,64,6,58,2
133123,51,5,46,2
133124,47,5,42,2
133125,52,8,44,2
133126,60,5,55,2
133127,51,8,43,2
133128,62,7,55,2
133129,47,5,42,2
133130,46,9,37,2
133131,57,7,50,2
133132,56,6,50,2
133133,63,6,57,2
133134,57,7,50,2
133135,51,7,44,2
133136,73,8,65,2
133137,58,7,51,2
133138,49,3,46,2
133139,55,7,48,2
133140,68,10,58,2
133141,53,4,49,2
133143,45,6,39,2
133144,51,8,43,2
133145,43,6,37,2
133146,53,6,47,2
133147,59,5,54,2
133148,61,7,54,2
133149,67,12,55,2
133150,48,7,41,2
133151,56,3,53,2
133152,58,9,49,2
133153,50,5,45,2
133154,56,10,46,2
133155,57,3,54,2
133156,59,3,56,2
133157,56,9,47,2
133158,51,10,41,2
133159,60,9,51,2
133160,47,7,40,2
133161,60,7,53,2
133162,58,9,49,2
133163,49,6,43,2
133164,49,6,43,2
133165,52,5,47,2
133166,54,6,48,2
133167,46,6,40,2
133168,50,1,49,2
133169,60,5,55,2
133170,49,6,43,2
133171,48,4,44,2
133172,61,11,50,2
133173,52,4,48,2
133174,57,10,47,2
133175,35,5,30,2
133176,50,3,47,2
133177,57,7,50,2
133178,42,10,32,2
133179,57,9,48,2
133180,51,4,47,2
133181,61,4,57,2
133182,50,4,46,2
133183,56,7,49,2
133184,53,5,48,2
133185,56,7,49,2
133186,52,8,44,2
133187,50,7,43,2
133188,74,8,66,2
133189,51,6,45,2
133190,61,6,55,2
133191,64,11,53,2
133192,45,7,38,2
133193,56,7,49,2
133194,54,6,48,2
133195,59,5,54,2
133196,49,4,45,2
133197,45,10,35,2
133198,52,6,46,2
133199,42,5,37,2
133200,53,5,48,2
133201,58,7,51,2
133202,55,6,49,2
133203,47,5,42,2
133204,65,8,57,2
133205,64,4,60,2
133206,50,3,47,2
133207,57,6,51,2
133208,53,2,51,2
133209,44,4,40,2
133210,55,8,47,2
133211,58,4,54,2
133212,41,6,35,2
133213,49,7,42,2
133214,39,7,32,2
133215,43,10,33,2
133216,73,13,60,2
133217,63,5,58,2
133218,51,6,45,2
133219,60,2,58,2
133220,55,7,48,2
133221,54,10,44,2
133222,47,8,39,2
133223,55,5,50,2
133224,52,5,47,2
133225,57,9,48,2
133226,47,7,40,2
133227,59,7,52,2
133228,62,7,55,2
133229,52,4,48,2
133230,49,4,45,2
133231,51,6,45,2
133232,43,5,38,2
133233,55,8,47,2
133234,54,5,49,2
133235,61,4,57,2
133236,47,6,41,2
133237,50,6,44,2
133238,50,4,46,2
133239,55,1,54,2
133240,59,6,53,2
133241,49,10,39,2
133242,66,9,57,2
133243,59,8,51,2
133244,55,7,48,2
133245,62,9,53,2
133246,54,10,44,2
133247,66,6,60,2
133248,50,7,43,2
133249,45,4,41,2
133250,52,2,50,2
133251,56,10,46,2
133252,52,6,46,2
133253,53,11,42,2
133254,51,7,44,2
133255,55,8,47,2
133256,49,6,43,2
133257,56,4,52,2
133258,66,3,63,2
133259,57,10,47,2
133260,41,6,35,2
133261,58,7,51,2
133262,48,5,43,2
133263,45,4,41,2
133264,57,8,49,2
133265,39,4,35,2
133266,61,4,57,2
133267,62,11,51,2
133268,52,4,48,2
133269,60,9,51,2
133270,52,9,43,2
133271,54,5,49,2
133272,54,4,50,2
133273,50,6,44,2
133274,66,12,54,2
133275,49,7,42,2
133276,59,4,55,2
133277,52,5,47,2
133278,60,8,52,2
133279,54,5,49,2
133280,61,4,57,2
133281,61,10,51,2
133282,48,5,43,2
133283,51,6,45,2
133284,64,11,53,2
133285,49,6,43,2
133286,47,7,40,2
133287,55,8,47,2
133288,43,2,41,2
133289,53,2,51,2
133290,54,6,48,2
133291,46,2,44,2
133292,52,12,40,2
133293,53,3,50,2
133294,72,10,62,2
133295,67,12,55,2
133296,64,6,58,2
133297,51,2,49,2
133298,51,6,45,2
133299,61,5,56,2
133300,54,3,51,2
133301,64,5,59,2
133302,59,2,57,2
133303,51,7,44,2
133304,59,7,52,2
133305,52,7,45,2
133306,63,13,50,2
133307,51,7,44,2
133308,57,9,48,2
133309,63,4,59,2
133310,53,6,47,2
133311,59,7,52,2
133312,55,4,51,2
133313,65,6,59,2
133314,52,7,45,2
133315,53,7,46,2
133316,63,7,56,2
133317,55,8,47,2
133318,50,7,43,2
133319,48,7,41,2
133320,75,7,68,2
133321,47,3,44,2
133322,55,4,51,2
133323,54,4,50,2
133324,64,6,58,2
133325,48,5,43,2
133326,43,8,35,2
133327,58,7,51,2
133328,48,8,40,2
133329,60,10,50,2
133330,56,9,47,2
133331,55,9,46,2
133332,68,7,61,2
133333,60,9,51,2
133334,58,7,51,2
133335,46,8,38,2
133336,66,8,58,2
133337,57,8,49,2
133338,48,9,39,2
133339,51,4,47,2
133340,56,7,49,2
133341,76,11,65,2
133342,60,9,51,2
133343,55,8,47,2
133344,57,5,52,2
133345,58,4,54,2
133346,63,7,56,2
133347,64,7,57,2
133348,62,7,55,2
133349,69,8,61,2
133350,61,9,52,2
133351,54,3,51,2
133352,61,8,53,2
133353,56,3,53,2
133354,40,3,37,2
133355,55,4,51,2
133356,59,6,53,2
133357,42,7,35,2
133358,48,7,41,2
133359,63,9,54,2
133360,58,5,53,2
133361,82,15,67,2
133362,58,12,46,2
133363,42,8,34,2
133364,60,6,54,2
133365,56,5,51,2
133366,51,5,46,2
133367,53,4,49,2
133368,67,14,53,2
133369,53,8,45,2
133370,57,12,45,2
133371,65,11,54,2
133372,51,9,42,2
133373,50,8,42,2
133374,50,5,45,2
133375,55,6,49,2
133376,63,13,50,2
133377,62,5,57,2
133378,51,8,43,2
133379,61,9,52,2
133380,66,7,59,2
133381,45,7,38,2
133382,52,7,45,2
133383,47,4,43,2
133384,54,8,46,2
133385,48,3,45,2
133386,56,9,47,2
133387,55,7,48,2
133388,63,9,54,2
133389,48,7,41,2
133390,58,5,53,2
133391,52,9,43,2
133392,48,3,45,2
133393,55,11,44,2
133394,58,1,57,2
133395,63,6,57,2
133396,60,8,52,2
133397,49,7,42,2
133398,60,9,51,2
133399,61,4,57,2
133400,64,6,58,2
133401,64,5,59,2
133402,43,5,38,2
133403,61,10,51,2
133404,60,11,49,2
133405,66,12,54,2
133406,57,7,50,2
133407,56,3,53,2
133408,51,7,44,2
133409,50,4,46,2
133410,47,5,42,2
133411,39,2,37,2
133412,55,6,49,2
133413,51,7,44,2
133414,48,8,40,2
133415,52,6,46,2
133416,55,10,45,2
133417,47,5,42,2
133418,52,11,41,2
133419,65,11,54,2
133420,70,8,62,2
133421,50,8,42,2
133422,52,6,46,2
133423,67,5,62,2
133424,60,5,55,2
133425,47,5,42,2
133426,54,7,47,2
133427,44,4,40,2
133429,44,6,38,2
133430,53,10,43,2
133431,44,8,36,2
133432,42,3,39,2
133433,52,8,44,2
133434,65,6,59,2
133435,39,3,36,2
133436,56,6,50,2
133437,55,5,50,2
133438,65,10,55,2
133439,61,7,54,2
133440,58,6,52,2
133441,35,5,30,2
133442,49,5,44,2
133443,48,6,42,2
133444,57,14,43,2
133445,63,4,59,2
133446,56,11,45,2
133447,49,6,43,2
133448,60,8,52,2
133449,63,6,57,2
133450,55,9,46,2
133451,68,6,62,2
133452,59,6,53,2
133453,66,13,53,2
133454,55,6,49,2
133455,58,5,53,2
133456,54,10,44,2
133457,63,7,56,2
133458,61,10,51,2
133459,56,6,50,2
133460,56,7,49,2
133461,63,8,55,2
133462,55,10,45,2
133463,48,3,45,2
133464,53,4,49,2
133465,34,8,26,2
133466,54,9,45,2
133467,44,9,35,2
133468,58,4,54,2
133469,67,12,55,2
133470,49,6,43,2
133471,52,2,50,2
133472,51,1,50,2
133473,58,7,51,2
133474,66,8,58,2
133475,52,3,49,2
133476,51,6,45,2
133477,53,5,48,2
133478,54,9,45,2
133479,51,5,46,2
133480,66,10,56,2
133481,45,4,41,2
133482,60,8,52,2
133483,43,5,38,2
133484,60,7,53,2
133485,68,8,60,2
133486,46,3,43,2
133487,39,6,33,2
133488,50,6,44,2
133489,53,9,44,2
133490,60,3,57,2
133491,46,4,42,2
133492,58,10,48,2
133493,60,6,54,2
133494,46,10,36,2
133495,52,10,42,2
133496,50,6,44,2
133497,47,4,43,2
133498,62,5,57,2
133499,55,5,50,2
133500,57,8,49,2
133501,56,4,52,2
133502,52,5,47,2
133503,50,2,48,2
133504,58,7,51,2
133505,59,6,53,2
133506,54,7,47,2
133507,58,5,53,2
133508,56,4,52,2
133509,55,7,48,2
133510,49,12,37,2
133511,55,5,50,2
133512,50,6,44,2
133513,49,8,41,2
133514,54,9,45,2
133515,52,8,44,2
133516,67,2,65,2
133517,50,2,48,2
133518,59,4,55,2
133519,58,6,52,2
133520,66,7,59,2
133521,67,6,61,2
133522,56,2,54,2
133523,51,4,47,2
133524,45,2,43,2
133525,61,6,55,2
133526,64,10,54,2
133527,66,11,55,2
133528,55,9,46,2
133529,57,8,49,2
133530,47,5,42,2
133531,51,9,42,2
133532,65,9,56,2
133533,44,6,38,2
133534,60,3,57,2
133535,50,5,45,2
133536,58,6,52,2
133537,62,8,54,2
133538,52,4,48,2
133539,63,9,54,2
133540,44,2,42,2
133541,61,8,53,2
133542,45,1,44,2
133543,59,6,53,2
133544,48,4,44,2
133545,52,7,45,2
133546,58,4,54,2
133547,51,8,43,2
133548,54,10,44,2
133549,53,4,49,2
133550,68,7,61,2
133551,54,7,47,2
133552,48,7,41,2
133553,60,9,51,2
133554,62,9,53,2
133555,60,6,54,2
133556,49,5,44,2
133557,52,10,42,2
133558,50,7,43,2
133559,45,4,41,2
133560,48,7,41,2
133561,45,7,38,2
133562,64,10,54,2
133563,64,9,55,2
133564,51,8,43,2
133565,44,7,37,2
133566,49,5,44,2
133567,64,9,55,2
133568,59,9,50,2
133569,67,2,65,2
133570,53,9,44,2
133571,62,9,53,2
133572,54,3,51,2
133573,62,11,51,2
133574,46,3,43,2
133575,57,7,50,2
133576,44,5,39,2
133577,57,8,49,2
133578,56,8,48,2
133579,64,8,56,2
133580,35,2,33,2
133581,64,10,54,2
133582,37,6,31,2
133583,42,7,35,2
133584,50,9,41,2
133585,55,4,51,2
133586,60,5,55,2
133587,57,8,49,2
133588,57,9,48,2
133589,57,11,46,2
133590,66,6,60,2
133591,63,8,55,2
133592,50,3,47,2
133593,46,6,40,2
133594,53,4,49,2
133595,48,6,42,2
133596,52,6,46,2
133597,59,9,50,2
133598,46,8,38,2
133599,57,4,53,2
133600,61,8,53,2
133601,54,4,50,2
133602,50,6,44,2
133603,60,9,51,2
133604,51,6,45,2
133605,43,8,35,2
133606,62,5,57,2
133607,47,6,41,2
133608,48,5,43,2
133609,54,9,45,2
133610,49,9,40,2
133611,54,7,47,2
133612,59,8,51,2
133613,55,10,45,2
133614,52,5,47,2
133615,53,3,50,2
133617,62,4,58,2
133618,39,3,36,2
133619,66,9,57,2
133620,59,3,56,2
133621,49,8,41,2
133622,49,6,43,2
133623,61,9,52,2
133624,50,5,45,2
133625,57,10,47,2
133626,62,3,59,2
133627,70,8,62,2
133628,57,9,48,2
133629,52,8,44,2
133630,54,4,50,2
133631,49,8,41,2
133632,46,7,39,2
133633,43,3,40,2
133634,59,10,49,2
133635,54,7,47,2
133636,50,3,47,2
133637,56,7,49,2
133638,50,7,43,2
133639,50,5,45,2
133640,65,10,55,2
133641,47,7,40,2
133642,47,7,40,2
133643,45,8,37,2
133644,52,6,46,2
133645,45,8,37,2
133646,57,7,50,2
133647,53,5,48,2
133648,62,7,55,2
133649,45,3,42,2
133650,51,4,47,2
133651,61,7,54,2
133652,57,12,45,2
133653,54,7,47,2
133654,50,5,45,2
133655,59,8,51,2
133656,64,8,56,2
133657,52,10,42,2
133658,72,14,58,2
133659,62,10,52,2
133660,57,7,50,2
133661,54,9,45,2
133662,63,8,55,2
133663,40,2,38,2
133664,56,8,48,2
133665,51,6,45,2
133666,41,4,37,2
133667,41,8,33,2
133668,69,10,59,2
133669,49,4,45,2
133670,53,10,43,2
133671,50,6,44,2
133672,40,4,36,2
133673,66,3,63,2
133674,47,4,43,2
133675,47,6,41,2
133676,61,6,55,2
133677,61,2,59,2
133678,54,7,47,2
133679,42,9,33,2
133680,54,2,52,2
133681,42,3,39,2
133682,63,6,57,2
133683,53,7,46,2
133684,55,8,47,2
133685,45,1,44,2
133686,53,6,47,2
133687,46,7,39,2
133688,60,6,54,2
133689,51,10,41,2
133690,49,5,44,2
133691,61,16,45,2
133692,60,8,52,2
133693,54,7,47,2
133694,65,7,58,2
133695,54,6,48,2
133696,54,8,46,2
133697,66,6,60,2
133698,52,7,45,2
133699,49,5,44,2
133700,49,5,44,2
133701,54,7,47,2
133702,57,10,47,2
133703,63,11,52,2
133704,53,10,43,2
133705,36,3,33,2
133706,41,8,33,2
133707,46,3,43,2
133708,45,8,37,2
133709,38,2,36,2
133710,69,7,62,2
133711,50,8,42,2
133712,65,9,56,2
133713,55,11,44,2
133714,62,7,55,2
133715,52,6,46,2
133716,51,9,42,2
133717,56,6,50,2
133718,51,11,40,2
133719,53,4,49,2
133720,63,9,54,2
133721,46,5,41,2
133722,56,5,51,2
133723,67,5,62,2
133724,52,8,44,2
133725,47,3,44,2
133726,61,10,51,2
133727,49,5,44,2
133728,47,6,41,2
133729,61,7,54,2
133730,57,9,48,2
133731,74,9,65,2
133732,61,7,54,2
133733,57,11,46,2
133734,48,6,42,2
133735,65,7,58,2
133736,49,7,42,2
133737,56,10,46,2
133738,65,6,59,2
133739,48,5,43,2
133740,52,5,47,2
133741,59,5,54,2
133742,50,9,41,2
133743,53,11,42,2
133744,74,9,65,2
133745,61,10,51,2
133746,58,7,51,2
133747,52,10,42,2
133748,61,9,52,2
133749,41,6,35,2
133750,46,4,42,2
133752,50,4,46,2
133753,57,6,51,2
133754,51,5,46,2
133755,51,5,46,2
133756,55,7,48,2
133757,59,7,52,2
133758,61,2,59,2
133759,48,12,36,2
133760,55,6,49,2
133761,62,6,56,2
133762,57,8,49,2
133763,70,11,59,2
133764,45,4,41,2
133765,58,10,48,2
133766,48,4,44,2
133767,53,7,46,2
133768,43,5,38,2
133769,46,7,39,2
133770,50,3,47,2
133771,55,5,50,2
133772,53,9,44,2
133773,53,6,47,2
133774,50,5,45,2
133775,50,9,41,2
133776,65,11,54,2
133777,42,7,35,2
133778,66,12,54,2
133779,58,5,53,2
133780,44,4,40,2
133781,66,8,58,2
133782,48,6,42,2
133783,53,5,48,2
133784,55,6,49,2
133785,62,8,54,2
133786,49,9,40,2
133787,58,6,52,2
133788,57,8,49,2
133789,50,5,45,2
133790,52,4,48,2
133791,47,4,43,2
133792,43,8,35,2
133793,57,2,55,2
133794,40,6,34,2
133795,55,7,48,2
133796,70,7,63,2
133797,45,5,40,2
133798,47,7,40,2
133799,54,7,47,2
133800,58,13,45,2
133801,55,3,52,2
133802,62,6,56,2
133803,41,2,39,2
133804,44,9,35,2
133805,49,6,43,2
133806,57,3,54,2
133807,51,11,40,2
133808,56,9,47,2
133809,60,9,51,2
133810,49,8,41,2
133811,60,5,55,2
133812,50,7,43,2
133813,42,4,38,2
133814,56,2,54,2
133815,57,3,54,2
133816,50,6,44,2
133817,55,3,52,2
133818,50,6,44,2
133819,65,5,60,2
133820,64,8,56,2
133821,56,4,52,2
133822,49,5,44,2
133823,50,6,44,2
133824,47,7,40,2
133825,50,13,37,2
133826,54,4,50,2
133827,66,5,61,2
133828,52,7,45,2
133829,57,6,51,2
133830,60,4,56,2
133831,45,2,43,2
133832,55,11,44,2
133833,55,7,48,2
133834,51,6,45,2
133835,63,7,56,2
133836,48,6,42,2
133837,43,5,38,2
133838,61,6,55,2
133839,67,11,56,2
133840,54,5,49,2
133841,75,10,65,2
133842,56,6,50,2
133843,49,5,44,2
133844,53,4,49,2
133845,55,6,49,2
133846,53,4,49,2
133847,50,9,41,2
133848,61,10,51,2
133849,61,2,59,2
133850,58,5,53,2
133851,67,7,60,2
133852,54,3,51,2
133853,54,8,46,2
133854,50,3,47,2
133855,44,3,41,2
133856,58,5,53,2
133857,50,6,44,2
133858,55,7,48,2
133859,45,3,42,2
133860,57,5,52,2
133861,47,6,41,2
133862,61,11,50,2
133863,57,7,50,2
133864,46,4,42,2
133865,55,5,50,2
133866,62,8,54,2
133867,46,4,42,2
133868,45,9,36,2
133869,51,9,42,2
133870,53,6,47,2
133871,57,8,49,2
133872,59,4,55,2
133873,43,3,40,2
133874,63,3,60,2
133875,54,7,47,2
133876,49,4,45,2
133877,57,5,52,2
133878,52,7,45,2
133879,43,4,39,2
133880,59,9,50,2
133881,53,10,43,2
133882,66,12,54,2
133883,43,2,41,2
133884,66,7,59,2
133885,76,7,69,2
133886,41,3,38,2
133887,60,7,53,2
133888,67,6,61,2
133889,45,6,39,2
133890,55,6,49,2
133891,45,1,44,2
133892,53,4,49,2
133893,60,5,55,2
133894,52,4,48,2
133895,68,10,58,2
133896,62,8,54,2
133897,68,8,60,2
133898,59,3,56,2
133899,44,9,35,2
133900,57,8,49,2
133901,51,3,48,2
133902,53,6,47,2
133903,54,7,47,2
133904,45,3,42,2
133905,50,6,44,2
133906,63,6,57,2
133907,55,7,48,2
133908,50,9,41,2
133909,55,5,50,2
133910,63,8,55,2
133911,55,7,48,2
133912,51,8,43,2
133913,54,5,49,2
133914,58,7,51,2
133915,54,5,49,2
133916,51,8,43,2
133917,51,5,46,2
133918,52,1,51,2
133919,52,5,47,2
133920,43,2,41,2
133921,51,8,43,2
133922,47,5,42,2
133923,55,8,47,2
133924,53,3,50,2
133925,77,6,71,2
133926,54,9,45,2
133927,45,7,38,2
133928,49,7,42,2
133929,62,5,57,2
133930,47,10,37,2
133931,61,4,57,2
133932,65,5,60,2
133933,51,8,43,2
133934,53,5,48,2
133935,45,2,43,2
133936,62,16,46,2
133937,53,6,47,2
133938,49,9,40,2
133939,46,5,41,2
133940,70,13,57,2
133941,65,6,59,2
133942,66,9,57,2
133943,46,7,39,2
133944,51,7,44,2
133945,61,4,57,2
133946,62,1,61,2
133947,51,7,44,2
133948,59,4,55,2
133949,56,5,51,2
133950,45,6,39,2
133951,49,7,42,2
133952,56,5,51,2
133953,53,12,41,2
133954,63,8,55,2
133955,52,7,45,2
133956,58,4,54,2
133957,64,8,56,2
133958,40,7,33,2
133959,55,2,53,2
133960,47,4,43,2
133961,59,8,51,2
133962,51,5,46,2
133963,46,7,39,2
133964,51,2,49,2
133965,61,2,59,2
133966,60,8,52,2
133967,54,4,50,2
133968,55,9,46,2
133969,54,6,48,2
133970,65,5,60,2
133971,62,6,56,2
133972,51,9,42,2
133973,56,7,49,2
133974,51,7,44,2
133975,52,6,46,2
133976,59,4,55,2
133977,58,9,49,2
133978,44,5,39,2
133979,56,4,52,2
133980,59,3,56,2
133981,56,11,45,2
133982,81,8,73,2
133983,53,9,44,2
133984,51,6,45,2
133985,54,5,49,2
133986,42,5,37,2
133987,55,6,49,2
133988,47,6,41,2
133989,60,2,58,2
133990,60,4,56,2
133991,62,5,57,2
133992,62,9,53,2
133993,54,3,51,2
133994,46,3,43,2
133995,49,6,43,2
133996,42,5,37,2
133997,57,6,51,2
133998,56,6,50,2
133999,54,5,49,2
134000,49,5,44,2
134001,52,4,48,2
134002,60,7,53,2
134003,51,8,43,2
134004,53,4,49,2
134005,58,5,53,2
134006,34,5,29,2
134007,62,6,56,2
134008,48,9,39,2
134009,41,6,35,2
134010,60,12,48,2
134011,61,6,55,2
134012,58,8,50,2
134013,54,5,49,2
134014,49,8,41,2
134015,59,5,54,2
134016,69,10,59,2
134017,49,3,46,2
134018,51,10,41,2
134019,51,10,41,2
134020,1,1,0,1
134021,39,5,34,2
134022,56,8,48,2
134023,49,6,43,2
134024,61,5,56,2
134025,53,5,48,2
134026,64,4,60,2
134027,60,4,56,2
134028,72,11,61,2
134029,56,11,45,2
134030,48,2,46,2
134031,49,8,41,2
134032,48,3,45,2
134033,66,12,54,2
134034,60,9,51,2
134035,51,12,39,2
134036,45,3,42,2
134037,55,6,49,2
134038,56,4,52,2
134039,55,5,50,2
134040,62,7,55,2
134041,51,6,45,2
134042,56,3,53,2
134043,48,3,45,2
134044,52,8,44,2
134045,57,5,52,2
134046,56,7,49,2
134047,63,4,59,2
134048,55,9,46,2
134049,56,3,53,2
134050,61,6,55,2
134051,53,4,49,2
134052,60,5,55,2
134053,54,4,50,2
134054,65,12,53,2
134055,46,8,38,2
134056,55,9,46,2
134057,61,7,54,2
134058,58,6,52,2
134059,48,12,36,2
134060,47,4,43,2
134061,60,8,52,2
134062,52,6,46,2
134063,47,6,41,2
134064,69,7,62,2
134065,54,6,48,2
134066,45,2,43,2
134067,48,4,44,2
134068,76,10,66,2
134069,60,5,55,2
134070,67,7,60,2
134071,62,8,54,2
134072,65,4,61,2
134073,53,13,40,2
134074,58,8,50,2
134075,60,7,53,2
134076,47,4,43,2
134077,55,6,49,2
134078,54,6,48,2
134079,42,5,37,2
134080,54,5,49,2
134081,62,10,52,2
134082,62,8,54,2
134083,51,2,49,2
134084,48,7,41,2
134085,56,7,49,2
134086,63,6,57,2
134087,55,2,53,2
134088,46,6,40,2
134089,47,4,43,2
134090,60,11,49,2
134091,51,5,46,2
134092,62,12,50,2
134093,51,8,43,2
134094,65,10,55,2
134095,41,6,35,2
134096,34,6,28,2
134097,60,9,51,2
134098,57,7,50,2
134099,55,4,51,2
134100,39,3,36,2
134101,78,7,71,2
134102,51,10,41,2
134103,47,8,39,2
134104,57,5,52,2
134105,43,4,39,2
134106,54,4,50,2
134107,47,6,41,2
134108,54,6,48,2
134109,50,6,44,2
134110,55,6,49,2
134111,62,10,52,2
134112,50,7,43,2
134113,52,4,48,2
134114,41,7,34,2
134115,69,5,64,2
134116,42,8,34,2
134117,56,3,53,2
134118,61,8,53,2
134119,53,9,44,2
134120,44,5,39,2
134121,62,5,57,2
134122,86,12,74,2
134123,48,8,40,2
134124,43,7,36,2
134125,56,5,51,2
134126,51,5,46,2
134127,45,6,39,2
134128,58,6,52,2
134129,50,6,44,2
134130,49,5,44,2
134131,58,8,50,2
134132,50,5,45,2
134133,51,2,49,2
134134,63,7,56,2
134135,60,7,53,2
134136,57,10,47,2
134137,53,5,48,2
134138,57,5,52,2
134139,69,13,56,2
134140,59,13,46,2
134141,70,8,62,2
134142,55,7,48,2
134143,44,2,42,2
134144,44,5,39,2
134145,49,8,41,2
134146,49,4,45,2
134147,48,5,43,2
134148,64,5,59,2
134149,58,4,54,2
134150,55,3,52,2
134151,46,5,41,2
134152,48,8,40,2
134153,42,5,37,2
134154,52,4,48,2
134155,41,7,34,2
134156,49,10,39,2
134157,53,10,43,2
134158,67,10,57,2
134159,52,6,46,2
134160,75,4,71,2
134161,54,4,50,2
134162,64,5,59,2
134163,56,6,50,2
134164,62,8,54,2
134165,57,10,47,2
134166,68,10,58,2
134167,43,4,39,2
134168,48,10,38,2
134169,43,3,40,2
134170,45,7,38,2
134171,69,10,59,2
134172,43,4,39,2
134173,52,4,48,2
134174,53,7,46,2
134175,57,4,53,2
134176,49,7,42,2
134177,45,4,41,2
134178,54,5,49,2
134179,41,4,37,2
134180,52,2,50,2
134181,53,3,50,2
134182,56,11,45,2
134183,54,7,47,2
134184,53,7,46,2
134185,55,6,49,2
134186,46,6,40,2
134187,68,3,65,2
134188,47,8,39,2
134189,38,5,33,2
134190,53,2,51,2
134191,59,8,51,2
134192,70,9,61,2
134193,63,9,54,2
134194,56,4,52,2
134195,56,9,47,2
134196,48,3,45,2
134197,61,8,53,2
134198,53,5,48,2
134199,60,5,55,2
134200,53,7,46,2
134201,66,6,60,2
134202,59,7,52,2
134203,51,5,46,2
134204,52,3,49,2
134205,63,8,55,2
134206,50,4,46,2
134207,52,6,46,2
134208,59,11,48,2
134209,66,11,55,2
134210,41,2,39,2
134211,56,7,49,2
134212,54,12,42,2
134213,65,5,60,2
134214,55,6,49,2
134215,40,4,36,2
134216,66,6,60,2
134217,60,10,50,2
134218,46,6,40,2
134219,59,5,54,2
134220,61,14,47,2
134221,45,4,41,2
134222,52,4,48,2
134223,63,9,54,2
134224,58,7,51,2
134225,67,8,59,2
134226,51,6,45,2
134227,54,4,50,2
134228,70,5,65,2
134229,58,9,49,2
134230,52,6,46,2
134231,45,3,42,2
134232,56,8,48,2
134233,47,4,43,2
134234,60,10,50,2
134235,47,2,45,2
134236,51,7,44,2
134237,47,6,41,2
134238,53,9,44,2
134239,57,7,50,2
134240,44,5,39,2
134241,55,10,45,2
134242,56,6,50,2
134243,50,3,47,2
134244,54,5,49,2
134245,55,5,50,2
134246,44,7,37,2
134247,73,6,67,2
134248,49,6,43,2
134249,56,3,53,2
134250,48,7,41,2
134251,66,9,57,2
134252,49,2,47,2
134253,45,4,41,2
134254,61,8,53,2
134255,57,6,51,2
134256,58,6,52,2
134257,50,3,47,2
134258,55,9,46,2
134259,49,6,43,2
134260,59,7,52,2
134261,46,7,39,2
134262,53,12,41,2
134263,51,5,46,2
134264,51,11,40,2
134265,57,7,50,2
134266,57,6,51,2
134267,56,7,49,2
134268,55,8,47,2
134269,54,8,46,2
134270,59,9,50,2
134271,60,3,57,2
134272,57,5,52,2
134273,49,6,43,2
134274,57,6,51,2
134275,60,8,52,2
134276,47,2,45,2
134277,59,6,53,2
134278,50,5,45,2
134279,63,7,56,2
134280,56,7,49,2
134281,53,5,48,2
134282,54,5,49,2
134283,62,12,50,2
134284,54,7,47,2
134285,64,4,60,2
134286,61,8,53,2
134287,51,5,46,2
134288,50,4,46,2
134289,60,6,54,2
134290,60,3,57,2
134291,51,9,42,2
134292,47,5,42,2
134293,55,5,50,2
134294,63,8,55,2
134295,49,9,40,2
134296,42,7,35,2
134297,62,10,52,2
134298,57,8,49,2
134299,57,8,49,2
134300,64,9,55,2
134301,71,6,65,2
134302,64,6,58,2
134303,44,1,43,2
134304,54,9,45,2
134305,50,5,45,2
134306,53,9,44,2
134307,51,6,45,2
134308,52,4,48,2
134309,58,8,50,2
134310,60,8,52,2
134311,43,5,38,2
134312,50,8,42,2
134313,52,9,43,2
134314,65,7,58,2
134315,49,2,47,2
134316,44,3,41,2
134317,50,5,45,2
134318,43,4,39,2
134319,60,7,53,2
134320,59,7,52,2
134321,54,3,51,2
134322,60,9,51,2
134323,64,11,53,2
134324,51,7,44,2
134325,39,3,36,2
134326,52,10,42,2
134327,60,5,55,2
134328,44,7,37,2
134329,57,3,54,2
134330,66,13,53,2
134331,54,5,49,2
134332,58,6,52,2
134333,63,11,52,2
134334,56,4,52,2
134335,54,6,48,2
134336,58,8,50,2
134337,47,7,40,2
134338,50,9,41,2
134339,58,6,52,2
134340,47,6,41,2
134341,46,5,41,2
134342,53,8,45,2
134343,50,5,45,2
134344,57,5,52,2
134345,61,5,56,2
134346,47,2,45,2
134347,58,7,51,2
134348,46,6,40,2
134349,60,6,54,2
134350,47,7,40,2
134351,54,5,49,2
134352,62,8,54,2
134353,51,8,43,2
134354,43,8,35,2
134355,68,8,60,2
134356,56,6,50,2
134357,65,7,58,2
134358,47,4,43,2
134359,56,5,51,2
134360,60,8,52,2
134361,58,5,53,2
134362,46,5,41,2
134363,50,2,48,2
134364,53,7,46,2
134365,58,2,56,2
134366,52,5,47,2
134367,56,4,52,2
134368,68,5,63,2
134369,71,4,67,2
134370,54,8,46,2
134371,51,5,46,2
134372,56,6,50,2
134373,49,4,45,2
134374,45,2,43,2
134375,58,10,48,2
134376,56,7,49,2
134377,47,4,43,2
134378,50,6,44,2
134379,47,4,43,2
134380,56,8,48,2
134381,58,14,44,2
134382,46,3,43,2
134383,64,10,54,2
134384,44,2,42,2
134385,48,6,42,2
134386,58,4,54,2
134387,52,8,44,2
134388,69,8,61,2
134389,58,6,52,2
134390,72,10,62,2
134391,51,9,42,2
134392,38,5,33,2
134393,52,6,46,2
134394,53,4,49,2
134395,57,8,49,2
134396,57,7,50,2
134397,52,9,43,2
134398,46,5,41,2
134399,60,13,47,2
134400,61,10,51,2
134401,45,4,41,2
134402,54,8,46,2
134403,58,6,52,2
134404,67,14,53,2
134405,56,12,44,2
134406,56,7,49,2
134407,47,7,40,2
134408,65,5,60,2
134409,48,5,43,2
134410,64,11,53,2
134411,46,3,43,2
134412,46,11,35,2
134413,51,4,47,2
134414,62,7,55,2
134415,48,5,43,2
134416,50,10,40,2
134417,64,11,53,2
134418,40,8,32,2
134419,69,9,60,2
134420,41,3,38,2
134421,63,8,55,2
134422,57,7,50,2
134423,50,7,43,2
134424,62,9,53,2
134425,61,7,54,2
134426,52,7,45,2
134427,48,4,44,2
134428,57,5,52,2
134429,69,9,60,2
134430,51,6,45,2
134431,49,7,42,2
134432,57,6,51,2
134433,39,4,35,2
134434,68,8,60,2
134435,51,7,44,2
134436,45,4,41,2
134437,68,5,63,2
134438,53,9,44,2
134439,50,5,45,2
134440,42,1,41,2
134441,47,9,38,2
134442,61,5,56,2
134443,62,9,53,2
134444,66,3,63,2
134445,48,4,44,2
134446,52,5,47,2
134447,57,4,53,2
134448,59,10,49,2
134449,50,4,46,2
134450,58,10,48,2
134451,48,10,38,2
134452,50,4,46,2
134453,54,9,45,2
134454,46,3,43,2
134455,62,11,51,2
134456,56,6,50,2
134457,37,2,35,2
134458,59,9,50,2
134459,68,5,63,2
134460,50,4,46,2
134461,63,8,55,2
134462,58,7,51,2
134463,47,4,43,2
134464,52,7,45,2
134465,48,6,42,2
134466,48,4,44,2
134467,53,7,46,2
134468,51,10,41,2
134469,55,5,50,2
134470,50,5,45,2
134471,56,12,44,2
134472,49,5,44,2
134473,62,4,58,2
134474,53,7,46,2
134475,56,6,50,2
134476,54,11,43,2
134477,56,3,53,2
134478,46,8,38,2
134479,49,7,42,2
134480,52,5,47,2
134481,62,8,54,2
134482,52,6,46,2
134483,46,5,41,2
134484,50,5,45,2
134485,75,7,68,2
134486,50,5,45,2
134487,58,8,50,2
134488,52,6,46,2
134489,51,9,42,2
134490,48,7,41,2
134491,55,3,52,2
134492,45,4,41,2
134493,63,5,58,2
134494,53,4,49,2
134495,63,5,58,2
134496,67,9,58,2
134497,52,6,46,2
134498,59,4,55,2
134499,48,2,46,2
134500,48,3,45,2
134501,64,8,56,2
134502,55,11,44,2
134503,55,2,53,2
134504,61,11,50,2
134505,60,10,50,2
134506,45,5,40,2
134507,63,11,52,2
134508,61,11,50,2
134509,60,8,52,2
134510,60,7,53,2
134511,65,10,55,2
134512,62,4,58,2
134513,56,8,48,2
134514,35,3,32,2
134515,64,6,58,2
134516,53,8,45,2
134517,47,3,44,2
134518,72,6,66,2
134519,54,3,51,2
134520,50,10,40,2
134521,58,6,52,2
134522,61,8,53,2
134523,56,2,54,2
134524,60,7,53,2
134525,52,4,48,2
134526,62,8,54,2
134527,52,7,45,2
134528,43,6,37,2
134529,53,6,47,2
134530,64,9,55,2
134531,51,6,45,2
134532,57,8,49,2
134533,53,7,46,2
134534,58,6,52,2
134535,59,10,49,2
134536,50,0,50,1
134537,60,6,54,2
134538,51,12,39,2
134539,49,8,41,2
134540,61,12,49,2
134541,52,5,47,2
134542,44,6,38,2
134543,44,7,37,2
134544,50,8,42,2
134545,49,5,44,2
134546,55,7,48,2
134547,48,6,42,2
134548,50,7,43,2
134549,57,9,48,2
134550,59,7,52,2
134551,48,3,45,2
134552,54,7,47,2
134553,62,12,50,2
134554,49,3,46,2
134555,50,11,39,2
134556,52,9,43,2
134557,55,13,42,2
134558,51,11,40,2
134559,49,6,43,2
134560,59,2,57,2
134561,57,7,50,2
134562,52,9,43,2
134563,46,4,42,2
134564,58,9,49,2
134565,53,4,49,2
134566,53,4,49,2
134567,55,3,52,2
134568,55,7,48,2
134569,33,4,29,2
134570,50,6,44,2
134571,41,6,35,2
134572,47,3,44,2
134573,65,8,57,2
134574,42,6,36,2
134575,44,6,38,2
134576,53,8,45,2
134577,69,5,64,2
134578,44,6,38,2
134579,48,8,40,2
134580,51,4,47,2
134581,54,4,50,2
134582,67,8,59,2
134583,60,11,49,2
134584,65,4,61,2
134585,55,7,48,2
134586,41,4,37,2
134587,45,5,40,2
134588,76,6,70,2
134589,54,6,48,2
134590,67,9,58,2
134591,53,6,47,2
134592,47,5,42,2
134593,68,11,57,2
134594,65,9,56,2
134595,53,9,44,2
134596,49,5,44,2
134597,56,4,52,2
134598,50,6,44,2
134599,64,10,54,2
134600,41,9,32,2
134601,57,3,54,2
134602,43,9,34,2
134603,41,9,32,2
134604,52,7,45,2
134605,51,7,44,2
134606,48,6,42,2
134607,62,7,55,2
134608,55,8,47,2
134609,71,9,62,2
134610,37,2,35,2
134611,62,9,53,2
134612,59,9,50,2
134613,49,7,42,2
134614,48,7,41,2
134615,61,5,56,2
134616,56,11,45,2
134617,45,3,42,2
134618,45,5,40,2
134619,50,5,45,2
134620,53,5,48,2
134621,54,8,46,2
134622,51,11,40,2
134623,52,8,44,2
134624,48,5,43,2
134625,51,7,44,2
134626,41,8,33,2
134627,51,7,44,2
134628,57,5,52,2
134629,48,7,41,2
134630,65,6,59,2
134631,42,3,39,2
134632,58,8,50,2
134633,50,6,44,2
134634,59,10,49,2
134635,50,4,46,2
134636,60,7,53,2
134637,37,7,30,2
134638,53,7,46,2
134639,42,3,39,2
134640,64,7,57,2
134641,56,9,47,2
134642,54,8,46,2
134643,56,11,45,2
134644,57,9,48,2
134645,60,5,55,2
134646,61,8,53,2
134647,72,7,65,2
134648,41,3,38,2
134649,38,2,36,2
134650,59,5,54,2
134651,62,4,58,2
134652,59,4,55,2
134653,60,7,53,2
134654,46,9,37,2
134655,53,7,46,2
134656,61,6,55,2
134657,57,8,49,2
134658,47,3,44,2
134659,50,7,43,2
134660,49,8,41,2
134661,59,8,51,2
134662,54,7,47,2
134663,45,9,36,2
134664,55,3,52,2
134665,62,9,53,2
134666,60,2,58,2
134667,62,10,52,2
134668,45,6,39,2
134669,39,3,36,2
134670,64,5,59,2
134671,52,7,45,2
134672,52,6,46,2
134673,65,6,59,2
134674,48,7,41,2
134675,56,9,47,2
134676,60,8,52,2
134677,61,6,55,2
134678,56,7,49,2
134679,46,5,41,2
134680,69,7,62,2
134681,48,6,42,2
134682,49,2,47,2
134683,56,6,50,2
134684,47,2,45,2
134685,66,14,52,2
134686,45,9,36,2
134687,64,7,57,2
134688,51,5,46,2
134689,49,3,46,2
134690,62,10,52,2
134691,44,5,39,2
134692,51,4,47,2
134693,57,7,50,2
134694,58,9,49,2
134695,48,6,42,2
134696,56,8,48,2
134697,70,4,66,2
134698,63,3,60,2
134699,47,8,39,2
134700,54,7,47,2
134701,34,1,33,2
134702,57,5,52,2
134703,47,8,39,2
134704,59,5,54,2
134705,51,9,42,2
134706,55,7,48,2
134707,61,2,59,2
134708,56,7,49,2
134709,63,1,62,2
134710,67,3,64,2
134711,59,7,52,2
134712,52,8,44,2
134713,48,5,43,2
134714,56,8,48,2
134715,44,6,38,2
134716,64,6,58,2
134717,44,4,40,2
134718,60,5,55,2
134719,51,7,44,2
134720,55,7,48,2
134721,32,5,27,2
134722,55,4,51,2
134723,46,8,38,2
134724,51,5,46,2
134725,57,6,51,2
134726,71,10,61,2
134727,55,7,48,2
134728,44,5,39,2
134729,67,10,57,2
134730,46,2,44,2
134731,60,4,56,2
134732,49,7,42,2
134733,36,1,35,2
134734,48,2,46,2
134735,45,3,42,2
134736,54,4,50,2
134737,55,6,49,2
134738,54,7,47,2
134739,60,7,53,2
134740,58,8,50,2
134741,45,6,39,2
134742,52,6,46,2
134743,61,5,56,2
134744,64,13,51,2
134745,41,6,35,2
134746,59,4,55,2
134747,47,3,44,2
134748,51,7,44,2
134749,49,8,41,2
134750,60,6,54,2
134751,48,2,46,2
134752,59,8,51,2
134753,48,5,43,2
134754,61,12,49,2
134755,52,9,43,2
134756,49,7,42,2
134757,59,8,51,2
134758,63,6,57,2
134759,46,8,38,2
134760,60,8,52,2
134761,53,4,49,2
134762,43,8,35,2
134763,53,6,47,2
134764,54,4,50,2
134765,69,5,64,2
134766,49,6,43,2
134767,59,8,51,2
134768,59,3,56,2
134769,59,6,53,2
134770,57,13,44,2
134771,57,8,49,2
134772,48,4,44,2
134773,51,8,43,2
134774,49,8,41,2
134775,57,9,48,2
134776,56,10,46,2
134777,67,6,61,2
134778,50,7,43,2
134779,56,9,47,2
134780,57,4,53,2
134781,46,3,43,2
134782,46,8,38,2
134783,41,7,34,2
134784,40,7,33,2
134785,54,9,45,2
134786,59,9,50,2
134787,66,10,56,2
134788,51,4,47,2
134789,52,6,46,2
134790,42,7,35,2
134791,60,7,53,2
134792,52,6,46,2
134793,60,7,53,2
134794,56,8,48,2
134795,61,9,52,2
134796,46,4,42,2
134797,54,7,47,2
134798,55,8,47,2
134799,52,7,45,2
134800,51,7,44,2
134801,57,8,49,2
134802,47,3,44,2
134803,52,5,47,2
134804,44,4,40,2
134805,62,11,51,2
134806,55,6,49,2
134807,45,5,40,2
134808,67,9,58,2
134809,55,4,51,2
134810,63,7,56,2
134811,42,5,37,2
134812,57,8,49,2
134813,63,9,54,2
134814,50,8,42,2
134815,59,3,56,2
134816,57,8,49,2
134817,68,6,62,2
134818,61,11,50,2
134819,55,5,50,2
134820,55,7,48,2
134821,66,7,59,2
134822,47,3,44,2
134823,43,5,38,2
134824,59,10,49,2
134825,55,8,47,2
134826,55,1,54,2
134827,55,9,46,2
134828,57,7,50,2
134829,60,4,56,2
134830,48,7,41,2
134831,79,6,73,2
134832,49,10,39,2
134833,73,3,70,2
134834,49,2,47,2
134835,62,8,54,2
134836,57,5,52,2
134837,48,4,44,2
134838,58,4,54,2
134839,56,6,50,2
134840,53,4,49,2
134841,50,4,46,2
134842,48,7,41,2
134843,63,8,55,2
134844,49,4,45,2
134845,58,6,52,2
134846,65,7,58,2
134847,59,6,53,2
134848,49,6,43,2
134849,63,8,55,2
134850,52,6,46,2
134851,67,10,57,2
134852,50,6,44,2
134853,48,7,41,2
134854,61,7,54,2
134855,62,10,52,2
134856,62,7,55,2
134857,60,5,55,2
134858,67,5,62,2
134859,55,10,45,2
134860,48,8,40,2
134861,47,8,39,2
134862,55,6,49,2
134863,51,6,45,2
134864,57,5,52,2
134865,55,4,51,2
134866,60,6,54,2
134867,61,9,52,2
134868,48,5,43,2
134869,66,6,60,2
134870,65,8,57,2
134871,46,6,40,2
134872,61,9,52,2
134873,63,6,57,2
134874,57,9,48,2
134875,45,4,41,2
134876,57,6,51,2
134877,36,4,32,2
134878,49,4,45,2
134879,40,8,32,2
134880,64,10,54,2
134881,62,9,53,2
134882,77,9,68,2
134883,52,9,43,2
134884,48,5,43,2
134885,64,11,53,2
134886,40,5,35,2
134887,54,5,49,2
134888,62,5,57,2
134889,54,3,51,2
134890,55,4,51,2
134891,58,3,55,2
134892,61,8,53,2
134893,53,5,48,2
134894,56,5,51,2
134895,54,4,50,2
134896,52,8,44,2
134897,61,7,54,2
134898,69,8,61,2
134899,44,8,36,2
134900,67,6,61,2
134901,46,5,41,2
134902,71,9,62,2
134903,50,7,43,2
134904,59,6,53,2
134905,58,9,49,2
134906,61,7,54,2
134907,55,8,47,2
134908,48,6,42,2
134909,47,10,37,2
134910,53,11,42,2
134911,42,7,35,2
134912,49,4,45,2
134913,68,9,59,2
134914,59,11,48,2
134915,60,2,58,2
134916,53,6,47,2
134917,46,4,42,2
134918,60,5,55,2
134919,59,4,55,2
134920,49,5,44,2
134921,51,8,43,2
134922,54,8,46,2
134923,53,7,46,2
134924,63,3,60,2
134925,53,8,45,2
134926,57,2,55,2
134927,47,4,43,2
134928,60,5,55,2
134929,47,4,43,2
134930,45,6,39,2
134931,60,11,49,2
134932,54,6,48,2
134933,55,10,45,2
134934,62,9,53,2
134935,56,12,44,2
134936,44,7,37,2
134937,67,3,64,2
134938,45,5,40,2
134939,35,2,33,2
134940,55,5,50,2
134941,65,5,60,2
134942,53,4,49,2
134943,58,5,53,2
134944,58,9,49,2
134945,66,9,57,2
134946,58,8,50,2
134947,68,8,60,2
134948,65,10,55,2
134949,43,6,37,2
134950,49,7,42,2
134951,57,9,48,2
134952,52,5,47,2
134953,53,5,48,2
134954,48,7,41,2
134955,58,5,53,2
134956,46,7,39,2
134957,56,5,51,2
134958,61,8,53,2
134959,63,5,58,2
134960,62,11,51,2
134961,43,2,41,2
134962,39,9,30,2
134963,41,3,38,2
134964,63,9,54,2
134965,54,7,47,2
134966,47,3,44,2
134967,67,8,59,2
134968,55,4,51,2
134969,73,7,66,2
134970,52,9,43,2
134971,62,9,53,2
134972,55,7,48,2
134973,60,8,52,2
134974,60,13,47,2
134975,59,11,48,2
134976,52,5,47,2
134977,53,11,42,2
134978,62,7,55,2
134979,47,10,37,2
134980,63,9,54,2
134981,55,4,51,2
134982,57,11,46,2
134983,59,9,50,2
134984,58,5,53,2
134985,51,5,46,2
134986,69,11,58,2
134987,44,5,39,2
134988,64,8,56,2
134989,51,12,39,2
134990,57,2,55,2
134991,56,5,51,2
134992,64,9,55,2
134993,52,6,46,2
134994,51,7,44,2
134995,46,9,37,2
134996,48,9,39,2
134997,50,12,38,2
134998,61,10,51,2
134999,49,5,44,2
135000,62,5,57,2
135001,73,9,64,2
135002,55,6,49,2
135003,49,5,44,2
135004,61,6,55,2
135005,61,12,49,2
135006,61,10,51,2
135007,66,6,60,2
135008,60,8,52,2
135009,62,7,55,2
135010,67,9,58,2
135011,54,8,46,2
135012,64,6,58,2
135013,52,4,48,2
135014,71,7,64,2
135015,47,4,43,2
135016,52,7,45,2
135017,56,3,53,2
135018,58,7,51,2
135019,78,13,65,2
135020,50,5,45,2
135021,47,3,44,2
135022,51,5,46,2
135023,47,6,41,2
135024,44,8,36,2
135025,49,5,44,2
135026,45,6,39,2
135027,62,8,54,2
135028,48,8,40,2
135029,53,7,46,2
135030,58,8,50,2
135031,56,11,45,2
135032,62,7,55,2
135033,46,7,39,2
135034,60,11,49,2
135035,44,4,40,2
135036,47,5,42,2
135037,62,5,57,2
135038,57,3,54,2
135039,53,4,49,2
135040,58,5,53,2
135041,47,3,44,2
135042,49,4,45,2
135043,50,7,43,2
135044,37,1,36,2
135045,41,5,36,2
135046,47,7,40,2
135047,56,8,48,2
135048,58,5,53,2
135049,52,8,44,2
135050,57,7,50,2
135051,51,5,46,2
135052,60,7,53,2
135053,52,7,45,2
135054,50,7,43,2
135055,47,5,42,2
135056,60,7,53,2
135057,53,5,48,2
135058,55,5,50,2
135059,54,3,51,2
135060,58,8,50,2
135061,59,12,47,2
135062,57,4,53,2
135063,57,4,53,2
135064,59,4,55,2
135065,52,5,47,2
135066,58,10,48,2
135067,74,9,65,2
135068,63,8,55,2
135069,52,4,48,2
135070,54,5,49,2
135071,43,7,36,2
135072,52,8,44,2
135073,51,6,45,2
135074,52,5,47,2
135075,59,7,52,2
135076,60,7,53,2
135077,65,6,59,2
135078,53,7,46,2
135079,65,5,60,2
135080,65,2,63,2
135081,42,5,37,2
135082,49,6,43,2
135083,51,5,46,2
135084,46,5,41,2
135085,63,9,54,2
135086,59,8,51,2
135087,59,7,52,2
135088,49,7,42,2
135089,63,7,56,2
135090,55,4,51,2
135091,45,9,36,2
135092,53,4,49,2
135093,66,6,60,2
135094,56,11,45,2
135095,54,1,53,2
135096,52,3,49,2
135097,58,5,53,2
135098,40,5,35,2
135099,49,5,44,2
135100,56,3,53,2
135101,67,6,61,2
135102,65,10,55,2
135103,48,12,36,2
135104,59,6,53,2
135105,57,10,47,2
135106,57,7,50,2
135107,45,8,37,2
135108,52,7,45,2
135109,54,7,47,2
135110,51,3,48,2
135111,61,9,52,2
135112,73,10,63,2
135113,52,5,47,2
135114,67,8,59,2
135115,51,5,46,2
135116,50,4,46,2
135117,50,4,46,2
135118,40,5,35,2
135119,58,7,51,2
135120,52,3,49,2
135121,50,3,47,2
135122,45,2,43,2
135123,39,5,34,2
135124,55,10,45,2
135125,40,4,36,2
135126,43,3,40,2
135127,58,7,51,2
135128,54,9,45,2
135129,62,5,57,2
135130,47,10,37,2
135131,56,8,48,2
135132,56,6,50,2
135133,57,4,53,2
135134,59,3,56,2
135135,56,7,49,2
135136,56,11,45,2
135137,47,5,42,2
135138,50,5,45,2
135139,51,7,44,2
135140,53,3,50,2
135141,48,3,45,2
135142,60,4,56,2
135143,43,5,38,2
135144,52,6,46,2
135145,58,9,49,2
135146,50,4,46,2
135147,42,7,35,2
135148,52,6,46,2
135149,51,9,42,2
135150,52,5,47,2
135151,55,9,46,2
135152,46,5,41,2
135153,55,4,51,2
135154,40,4,36,2
135155,56,6,50,2
135156,66,6,60,2
135157,59,12,47,2
135158,54,10,44,2
135159,50,2,48,2
135160,58,6,52,2
135161,45,3,42,2
135162,51,5,46,2
135163,48,5,43,2
135164,47,2,45,2
135165,56,6,50,2
135166,36,4,32,2
135167,60,6,54,2
135168,46,10,36,2
135169,54,7,47,2
135170,54,5,49,2
135171,57,11,46,2
135172,50,5,45,2
135173,42,4,38,2
135174,57,11,46,2
135175,62,7,55,2
135176,60,9,51,2
135177,58,7,51,2
135178,64,9,55,2
135179,63,11,52,2
135180,55,2,53,2
135181,51,6,45,2
135182,67,4,63,2
135183,49,7,42,2
135184,61,9,52,2
135185,53,7,46,2
135186,60,7,53,2
135187,46,8,38,2
135188,47,8,39,2
135189,54,10,44,2
135190,51,5,46,2
135191,50,3,47,2
135193,50,7,43,2
135194,46,7,39,2
135195,60,10,50,2
135196,50,7,43,2
135197,58,7,51,2
135198,52,7,45,2
135199,61,10,51,2
135200,51,4,47,2
135201,61,6,55,2
135202,62,5,57,2
135203,47,6,41,2
135204,55,4,51,2
135205,60,7,53,2
135206,59,6,53,2
135207,53,5,48,2
135208,68,6,62,2
135209,44,8,36,2
135210,66,10,56,2
135211,49,5,44,2
135212,54,8,46,2
135213,54,4,50,2
135214,49,5,44,2
135215,64,8,56,2
135216,62,9,53,2
135217,51,7,44,2
135218,54,4,50,2
135219,53,5,48,2
135220,52,5,47,2
135221,34,3,31,2
135222,56,6,50,2
135223,71,8,63,2
135224,69,9,60,2
135225,50,7,43,2
135226,50,3,47,2
135227,62,8,54,2
135228,59,6,53,2
135229,47,9,38,2
135230,57,6,51,2
135231,43,10,33,2
135232,56,8,48,2
135233,58,6,52,2
135234,48,6,42,2
135235,54,7,47,2
135236,44,8,36,2
135237,45,7,38,2
135238,45,10,35,2
135239,49,5,44,2
135240,56,5,51,2
135241,53,7,46,2
135242,52,8,44,2
135243,58,9,49,2
135244,51,7,44,2
135245,61,5,56,2
135246,55,5,50,2
135247,61,6,55,2
135248,45,3,42,2
135249,65,12,53,2
135250,62,9,53,2
135251,57,3,54,2
135252,42,6,36,2
135253,53,4,49,2
135254,41,2,39,2
135255,57,13,44,2
135256,51,9,42,2
135257,51,10,41,2
135258,56,8,48,2
135259,53,5,48,2
135260,59,3,56,2
135261,47,7,40,2
135262,66,6,60,2
135263,56,5,51,2
135264,61,9,52,2
135265,52,10,42,2
135266,43,3,40,2
135267,50,4,46,2
135268,52,10,42,2
135269,58,10,48,2
135270,64,13,51,2
135271,52,4,48,2
135272,51,6,45,2
135273,59,7,52,2
135274,50,5,45,2
135275,60,3,57,2
135276,58,7,51,2
135277,54,6,48,2
135278,57,4,53,2
135279,49,8,41,2
135280,62,11,51,2
135281,46,5,41,2
135282,50,2,48,2
135283,48,4,44,2
135284,60,6,54,2
135285,56,8,48,2
135286,64,5,59,2
135287,54,7,47,2
135288,56,2,54,2
135289,57,7,50,2
135290,63,8,55,2
135291,61,8,53,2
135292,57,12,45,2
135293,44,4,40,2
135294,54,7,47,2
135295,42,7,35,2
135296,45,5,40,2
135297,51,4,47,2
135298,55,6,49,2
135299,47,7,40,2
135300,51,6,45,2
135301,40,4,36,2
135302,46,9,37,2
135303,59,9,50,2
135304,54,9,45,2
135305,67,10,57,2
135306,61,6,55,2
135307,62,8,54,2
135308,59,4,55,2
135309,52,6,46,2
135310,60,7,53,2
135311,60,9,51,2
135312,54,6,48,2
135313,46,9,37,2
135314,51,9,42,2
135315,51,5,46,2
135316,57,8,49,2
135317,42,7,35,2
135318,53,5,48,2
135319,55,8,47,2
135320,57,7,50,2
135321,63,9,54,2
135322,53,2,51,2
135323,52,4,48,2
135324,42,4,38,2
135325,54,8,46,2
135326,56,3,53,2
135327,55,8,47,2
135328,52,6,46,2
135329,40,4,36,2
135330,49,5,44,2
135331,48,4,44,2
135332,59,3,56,2
135333,49,8,41,2
135334,61,9,52,2
135335,58,9,49,2
135336,56,2,54,2
135337,63,11,52,2
135338,47,2,45,2
135339,23,21,2,2
135340,59,4,55,2
135341,48,6,42,2
135342,64,17,47,2
135343,59,5,54,2
135344,59,7,52,2
135345,50,10,40,2
135346,56,7,49,2
135347,55,5,50,2
135348,56,10,46,2
135349,54,7,47,2
135350,62,4,58,2
135351,49,9,40,2
135352,48,4,44,2
135353,55,8,47,2
135354,55,5,50,2
135355,62,10,52,2
135356,65,6,59,2
135357,61,6,55,2
135358,61,10,51,2
135359,58,3,55,2
135360,51,4,47,2
135361,66,7,59,2
135362,67,9,58,2
135363,53,2,51,2
135364,51,2,49,2
135365,56,9,47,2
135366,59,5,54,2
135367,57,7,50,2
135368,57,5,52,2
135369,55,4,51,2
135370,45,6,39,2
135371,61,4,57,2
135372,56,11,45,2
135373,63,4,59,2
135374,46,8,38,2
135375,56,7,49,2
135376,68,8,60,2
135377,61,9,52,2
135378,48,8,40,2
135379,51,7,44,2
135380,49,5,44,2
135381,39,7,32,2
135382,52,5,47,2
135383,53,7,46,2
135384,55,4,51,2
135385,52,7,45,2
135386,57,3,54,2
135387,52,5,47,2
135388,61,8,53,2
135389,60,10,50,2
135390,54,5,49,2
135391,59,8,51,2
135392,60,2,58,2
135393,53,3,50,2
135394,61,8,53,2
135395,60,8,52,2
135396,48,5,43,2
135397,54,8,46,2
135398,48,6,42,2
135399,52,3,49,2
135400,53,6,47,2
135401,54,11,43,2
135402,52,9,43,2
135403,40,5,35,2
135404,45,4,41,2
135405,44,6,38,2
135406,49,5,44,2
135407,41,4,37,2
135408,60,8,52,2
135409,72,6,66,2
135410,58,7,51,2
135411,68,4,64,2
135412,57,5,52,2
135413,50,5,45,2
135414,69,12,57,2
135415,54,6,48,2
135416,37,4,33,2
135417,47,4,43,2
135418,49,7,42,2
135419,59,7,52,2
135420,50,5,45,2
135421,58,6,52,2
135422,63,8,55,2
135423,70,7,63,2
135424,66,8,58,2
135425,43,5,38,2
135426,56,5,51,2
135428,48,7,41,2
135429,42,4,38,2
135430,58,9,49,2
135431,66,8,58,2
135432,80,5,75,2
135433,52,8,44,2
135434,50,3,47,2
135435,55,4,51,2
135436,46,9,37,2
135437,53,5,48,2
135438,56,11,45,2
135439,56,3,53,2
135440,53,6,47,2
135441,51,6,45,2
135442,45,8,37,2
135443,64,10,54,2
135444,51,10,41,2
135445,55,9,46,2
135446,57,5,52,2
135447,39,4,35,2
135448,45,6,39,2
135449,53,6,47,2
135450,58,7,51,2
135451,66,4,62,2
135452,48,7,41,2
135453,48,4,44,2
135454,40,4,36,2
135455,57,7,50,2
135456,55,4,51,2
135457,55,6,49,2
135458,58,6,52,2
135459,53,8,45,2
135460,48,4,44,2
135461,48,7,41,2
135462,38,10,28,2
135463,56,9,47,2
135464,52,9,43,2
135465,51,4,47,2
135466,56,9,47,2
135467,55,8,47,2
135468,59,5,54,2
135469,66,9,57,2
135470,68,7,61,2
135471,43,7,36,2
135472,65,6,59,2
135473,56,11,45,2
135474,63,10,53,2
135475,74,9,65,2
135476,49,6,43,2
135477,73,9,64,2
135478,49,5,44,2
135479,48,7,41,2
135480,53,3,50,2
135481,55,5,50,2
135482,53,9,44,2
135483,56,11,45,2
135484,54,5,49,2
135485,55,8,47,2
135486,55,8,47,2
135487,42,5,37,2
135488,59,9,50,2
135489,56,6,50,2
135490,60,8,52,2
135491,56,7,49,2
135492,40,2,38,2
135493,49,3,46,2
135494,54,5,49,2
135495,62,6,56,2
135496,44,8,36,2
135497,59,8,51,2
135498,46,3,43,2
135499,50,4,46,2
135500,66,4,62,2
135501,52,8,44,2
135502,55,5,50,2
135503,60,7,53,2
135504,43,4,39,2
135505,66,5,61,2
135506,56,7,49,2
135507,53,5,48,2
135508,50,3,47,2
135509,50,4,46,2
135510,45,10,35,2
135511,59,1,58,2
135512,64,6,58,2
135513,43,4,39,2
135514,57,6,51,2
135515,43,3,40,2
135516,55,7,48,2
135517,60,12,48,2
135518,54,10,44,2
135519,55,3,52,2
135520,57,12,45,2
135521,55,8,47,2
135522,56,9,47,2
135523,41,7,34,2
135524,51,7,44,2
135525,49,6,43,2
135526,56,8,48,2
135527,44,8,36,2
135528,65,6,59,2
135529,47,4,43,2
135530,44,5,39,2
135531,58,8,50,2
135532,47,5,42,2
135533,47,5,42,2
135534,49,7,42,2
135535,58,4,54,2
135536,49,4,45,2
135537,63,4,59,2
135538,55,4,51,2
135539,55,8,47,2
135540,74,10,64,2
135541,43,6,37,2
135542,54,6,48,2
135543,66,6,60,2
135544,53,3,50,2
135545,42,2,40,2
135546,60,8,52,2
135547,61,4,57,2
135548,52,3,49,2
135549,54,13,41,2
135550,61,8,53,2
135551,55,5,50,2
135552,54,5,49,2
135553,45,6,39,2
135554,53,7,46,2
135555,50,6,44,2
135556,48,6,42,2
135557,50,9,41,2
135558,62,8,54,2
135559,57,1,56,2
135560,48,8,40,2
135561,59,3,56,2
135562,62,6,56,2
135563,47,5,42,2
135564,53,5,48,2
135565,52,6,46,2
135566,53,9,44,2
135567,56,5,51,2
135568,55,5,50,2
135569,59,9,50,2
135570,54,6,48,2
135571,52,8,44,2
135572,56,5,51,2
135573,56,6,50,2
135574,51,6,45,2
135575,73,5,68,2
135576,43,6,37,2
135577,70,13,57,2
135578,62,6,56,2
135579,55,7,48,2
135580,53,6,47,2
135581,66,3,63,2
135582,63,10,53,2
135583,50,7,43,2
135584,65,12,53,2
135585,57,5,52,2
135586,44,4,40,2
135587,69,14,55,2
135588,56,3,53,2
135589,53,5,48,2
135590,44,2,42,2
135591,53,5,48,2
135592,59,6,53,2
135593,35,4,31,2
135594,58,13,45,2
135595,57,13,44,2
135596,75,16,59,2
135597,70,3,67,2
135598,53,11,42,2
135599,48,9,39,2
135600,58,9,49,2
135601,49,8,41,2
135602,51,9,42,2
135603,51,5,46,2
135604,50,5,45,2
135605,52,7,45,2
135606,55,8,47,2
135607,63,7,56,2
135608,46,2,44,2
135609,52,9,43,2
135610,51,4,47,2
135611,58,6,52,2
135612,51,5,46,2
135613,54,6,48,2
135614,44,7,37,2
135615,50,5,45,2
135616,45,7,38,2
135617,58,9,49,2
135618,65,9,56,2
135619,50,7,43,2
135620,58,12,46,2
135621,62,11,51,2
135622,56,4,52,2
135623,49,4,45,2
135624,53,7,46,2
135625,67,6,61,2
135626,56,5,51,2
135627,70,7,63,2
135628,43,6,37,2
135629,46,7,39,2
135630,64,3,61,2
135631,51,6,45,2
135632,52,7,45,2
135633,52,10,42,2
135634,45,5,40,2
135635,61,6,55,2
135636,47,3,44,2
135637,65,9,56,2
135638,63,7,56,2
135639,53,6,47,2
135640,59,8,51,2
135641,40,3,37,2
135642,39,2,37,2
135643,60,7,53,2
135644,60,5,55,2
135645,50,8,42,2
135646,61,7,54,2
135647,50,2,48,2
135648,52,5,47,2
135649,45,8,37,2
135650,48,3,45,2
135651,52,5,47,2
135652,48,5,43,2
135653,47,7,40,2
135654,56,5,51,2
135655,38,4,34,2
135656,53,5,48,2
135657,57,8,49,2
135658,57,8,49,2
135659,67,7,60,2
135660,54,8,46,2
135661,48,6,42,2
135662,49,5,44,2
135663,63,3,60,2
135664,55,3,52,2
135665,61,9,52,2
135666,47,5,42,2
135667,54,9,45,2
135668,65,10,55,2
135669,72,14,58,2
135670,46,9,37,2
135671,61,8,53,2
135672,55,3,52,2
135673,56,11,45,2
135674,56,5,51,2
135675,56,10,46,2
135676,41,9,32,2
135677,60,4,56,2
135678,54,6,48,2
135679,52,4,48,2
135680,58,6,52,2
135681,49,8,41,2
135682,48,7,41,2
135683,54,6,48,2
135684,61,4,57,2
135685,67,4,63,2
135686,62,6,56,2
135687,43,5,38,2
135688,68,8,60,2
135689,54,7,47,2
135690,59,6,53,2
135691,57,3,54,2
135692,64,9,55,2
135693,46,7,39,2
135694,60,4,56,2
135695,50,5,45,2
135696,48,7,41,2
135697,59,8,51,2
135698,53,6,47,2
135699,53,10,43,2
135700,56,5,51,2
135701,54,2,52,2
135703,49,3,46,2
135704,68,10,58,2
135705,58,4,54,2
135706,64,12,52,2
135707,65,3,62,2
135708,55,6,49,2
135709,65,8,57,2
135710,57,9,48,2
135711,53,4,49,2
135712,46,7,39,2
135713,49,5,44,2
135714,69,8,61,2
135715,54,8,46,2
135716,63,3,60,2
135717,67,11,56,2
135718,58,4,54,2
135719,49,3,46,2
135720,44,7,37,2
135721,65,6,59,2
135722,47,4,43,2
135723,61,4,57,2
135724,49,9,40,2
135725,64,7,57,2
135726,58,5,53,2
135727,54,7,47,2
135728,54,12,42,2
135729,56,4,52,2
135730,54,4,50,2
135731,62,5,57,2
135732,57,5,52,2
135733,58,8,50,2
135734,59,5,54,2
135735,60,9,51,2
135736,44,7,37,2
135737,49,4,45,2
135738,54,6,48,2
135739,45,7,38,2
135740,34,1,33,2
135741,45,7,38,2
135742,49,8,41,2
135743,57,5,52,2
135744,62,7,55,2
135745,53,7,46,2
135746,54,6,48,2
135747,57,9,48,2
135748,48,7,41,2
135749,61,8,53,2
135750,61,9,52,2
135751,53,8,45,2
135752,58,6,52,2
135753,60,11,49,2
135754,62,10,52,2
135755,46,9,37,2
135756,47,11,36,2
135757,44,4,40,2
135758,54,6,48,2
135759,58,6,52,2
135760,52,6,46,2
135761,54,10,44,2
135762,45,7,38,2
135763,64,4,60,2
135764,54,8,46,2
135765,59,7,52,2
135766,55,8,47,2
135767,59,6,53,2
135768,77,10,67,2
135769,56,7,49,2
135770,65,8,57,2
135771,59,8,51,2
135772,54,5,49,2
135773,47,6,41,2
135774,60,6,54,2
135775,65,9,56,2
135776,57,17,40,2
135777,52,7,45,2
135778,51,10,41,2
135779,51,7,44,2
135780,55,10,45,2
135781,47,5,42,2
135782,47,5,42,2
135783,43,9,34,2
135784,44,7,37,2
135785,64,8,56,2
135786,59,8,51,2
135787,66,13,53,2
135788,48,7,41,2
135789,62,10,52,2
135790,59,10,49,2
135791,62,6,56,2
135792,56,4,52,2
135793,58,5,53,2
135794,60,4,56,2
135795,55,6,49,2
135796,43,3,40,2
135797,49,4,45,2
135798,50,1,49,2
135799,50,6,44,2
135800,41,4,37,2
135801,56,7,49,2
135802,44,8,36,2
135803,50,1,49,2
135804,45,5,40,2
135805,57,3,54,2
135806,60,8,52,2
135807,58,6,52,2
135808,62,9,53,2
135809,48,6,42,2
135810,61,6,55,2
135811,62,10,52,2
135812,57,7,50,2
135813,51,1,50,2
135814,49,6,43,2
135815,55,8,47,2
135816,58,11,47,2
135817,48,5,43,2
135818,48,5,43,2
135819,55,3,52,2
135820,56,5,51,2
135821,47,2,45,2
135822,49,4,45,2
135823,52,8,44,2
135824,60,7,53,2
135825,58,5,53,2
135826,60,11,49,2
135827,61,10,51,2
135828,60,9,51,2
135829,55,4,51,2
135830,57,5,52,2
135831,55,4,51,2
135832,54,5,49,2
135833,50,7,43,2
135834,59,6,53,2
135835,44,3,41,2
135836,65,6,59,2
135837,61,9,52,2
135838,38,4,34,2
135839,75,5,70,2
135840,75,5,70,2
135841,60,5,55,2
135842,64,9,55,2
135843,40,5,35,2
135844,59,8,51,2
135845,72,4,68,2
135846,68,7,61,2
135847,50,5,45,2
135848,61,5,56,2
135849,56,7,49,2
135850,41,4,37,2
135851,48,7,41,2
135852,50,12,38,2
135853,58,6,52,2
135854,50,9,41,2
135855,46,6,40,2
135856,52,7,45,2
135857,54,6,48,2
135858,48,8,40,2
135859,55,4,51,2
135860,57,3,54,2
135861,59,8,51,2
135862,55,13,42,2
135863,58,6,52,2
135864,41,6,35,2
135865,60,16,44,2
135866,73,8,65,2
135867,51,6,45,2
135868,60,11,49,2
135869,51,11,40,2
135870,47,8,39,2
135871,53,3,50,2
135872,51,2,49,2
135873,56,7,49,2
135874,56,10,46,2
135875,53,8,45,2
135876,58,5,53,2
135877,52,5,47,2
135878,63,6,57,2
135879,72,7,65,2
135880,63,6,57,2
135881,52,6,46,2
135882,57,9,48,2
135883,59,6,53,2
135884,62,4,58,2
135885,53,6,47,2
135886,50,4,46,2
135887,44,5,39,2
135888,57,3,54,2
135889,55,8,47,2
135890,63,7,56,2
135891,61,8,53,2
135892,63,11,52,2
135893,51,6,45,2
135894,52,7,45,2
135895,54,6,48,2
135896,73,9,64,2
135897,52,9,43,2
135898,46,9,37,2
135899,49,8,41,2
135900,46,5,41,2
135901,60,8,52,2
135902,66,9,57,2
135903,55,8,47,2
135904,58,7,51,2
135905,57,10,47,2
135906,55,7,48,2
135907,46,3,43,2
135908,44,8,36,2
135909,74,6,68,2
135910,59,10,49,2
135911,46,5,41,2
135912,53,5,48,2
135913,52,2,50,2
135914,41,4,37,2
135915,49,7,42,2
135916,61,8,53,2
135917,47,9,38,2
135918,64,10,54,2
135919,51,4,47,2
135920,63,7,56,2
135921,64,9,55,2
135922,62,7,55,2
135923,49,6,43,2
135924,65,9,56,2
135925,67,11,56,2
135926,59,5,54,2
135927,61,7,54,2
135928,59,13,46,2
135929,68,9,59,2
135930,60,8,52,2
135931,56,5,51,2
135932,48,6,42,2
135933,42,5,37,2
135934,55,9,46,2
135935,55,5,50,2
135936,50,4,46,2
135937,57,3,54,2
135938,57,7,50,2
135939,50,4,46,2
135940,51,5,46,2
135941,53,5,48,2
135942,48,10,38,2
135943,56,10,46,2
135944,67,9,58,2
135945,63,5,58,2
135946,56,9,47,2
135947,49,7,42,2
135948,56,5,51,2
135949,56,6,50,2
135950,58,5,53,2
135951,58,5,53,2
135952,47,2,45,2
135953,45,5,40,2
135954,59,5,54,2
135955,63,7,56,2
135956,56,3,53,2
135957,50,5,45,2
135958,71,4,67,2
135959,49,4,45,2
135960,46,6,40,2
135961,52,7,45,2
135962,48,6,42,2
135963,58,10,48,2
135964,85,12,73,2
135965,52,10,42,2
135966,51,7,44,2
135967,51,2,49,2
135968,47,4,43,2
135969,64,11,53,2
135970,69,12,57,2
135971,45,6,39,2
135972,59,7,52,2
135973,48,9,39,2
135974,53,2,51,2
135975,42,3,39,2
135976,50,6,44,2
135977,43,4,39,2
135978,57,6,51,2
135979,58,11,47,2
135980,56,8,48,2
135981,57,10,47,2
135982,41,7,34,2
135983,52,11,41,2
135984,44,5,39,2
135985,68,8,60,2
135986,60,8,52,2
135987,52,7,45,2
135988,55,7,48,2
135989,54,3,51,2
135990,52,5,47,2
135991,70,12,58,2
135992,74,7,67,2
135993,43,8,35,2
135994,62,8,54,2
135995,62,12,50,2
135996,56,3,53,2
135997,52,5,47,2
135998,56,6,50,2
135999,49,7,42,2
136000,52,6,46,2
136001,56,9,47,2
136002,47,4,43,2
136003,55,5,50,2
136004,60,9,51,2
136005,56,5,51,2
136006,50,3,47,2
136007,49,8,41,2
136008,51,6,45,2
136009,68,9,59,2
136010,61,10,51,2
136011,48,5,43,2
136012,68,11,57,2
136013,65,13,52,2
136014,48,6,42,2
136015,53,8,45,2
136016,63,5,58,2
136017,57,6,51,2
136018,41,2,39,2
136019,50,6,44,2
136020,58,5,53,2
136021,58,5,53,2
136022,56,3,53,2
136023,53,4,49,2
136024,56,5,51,2
136025,53,3,50,2
136026,62,7,55,2
136027,73,13,60,2
136028,49,5,44,2
136029,39,4,35,2
136030,58,3,55,2
136031,68,11,57,2
136032,75,8,67,2
136033,67,4,63,2
136034,56,5,51,2
136035,57,8,49,2
136036,46,5,41,2
136037,41,4,37,2
136038,55,6,49,2
136039,49,4,45,2
136040,53,9,44,2
136041,56,8,48,2
136042,53,6,47,2
136043,61,3,58,2
136044,42,4,38,2
136045,51,10,41,2
136046,44,6,38,2
136047,49,5,44,2
136048,68,7,61,2
136049,44,8,36,2
136050,57,4,53,2
136051,62,5,57,2
136052,54,8,46,2
136053,65,7,58,2
136054,54,1,53,2
136055,54,3,51,2
136056,48,8,40,2
136057,49,2,47,2
136058,55,3,52,2
136059,52,10,42,2
136060,64,6,58,2
136061,53,2,51,2
136062,57,6,51,2
136063,54,5,49,2
136064,58,6,52,2
136065,53,7,46,2
136066,57,4,53,2
136067,57,7,50,2
136068,42,4,38,2
136069,60,7,53,2
136070,51,6,45,2
136071,61,10,51,2
136072,54,6,48,2
136073,44,7,37,2
136074,54,6,48,2
136075,49,6,43,2
136076,51,6,45,2
136077,43,3,40,2
136078,42,5,37,2
136079,57,5,52,2
136080,42,5,37,2
136081,54,9,45,2
136082,64,7,57,2
136083,65,7,58,2
136084,64,6,58,2
136085,63,7,56,2
136086,51,6,45,2
136087,63,12,51,2
136088,59,7,52,2
136089,60,7,53,2
136090,54,8,46,2
136091,57,6,51,2
136092,60,6,54,2
136093,56,9,47,2
136094,63,5,58,2
136095,67,7,60,2
136096,62,2,60,2
136097,58,7,51,2
136098,64,5,59,2
136099,52,6,46,2
136100,49,9,40,2
136101,61,4,57,2
136102,59,5,54,2
136103,58,8,50,2
136104,55,5,50,2
136105,68,8,60,2
136106,64,11,53,2
136107,59,7,52,2
136108,64,5,59,2
136109,50,9,41,2
136110,58,7,51,2
136111,59,8,51,2
136112,49,6,43,2
136113,63,7,56,2
136114,43,5,38,2
136115,62,7,55,2
136116,57,11,46,2
136117,57,7,50,2
136118,51,7,44,2
136119,47,5,42,2
136120,51,7,44,2
136121,46,9,37,2
136122,52,9,43,2
136123,46,9,37,2
136124,50,8,42,2
136125,54,5,49,2
136126,53,5,48,2
136127,48,3,45,2
136128,46,3,43,2
136129,61,7,54,2
136130,46,6,40,2
136131,73,8,65,2
136132,63,7,56,2
136133,56,5,51,2
136134,56,5,51,2
136135,43,7,36,2
136136,66,7,59,2
136137,50,6,44,2
136138,49,3,46,2
136139,41,3,38,2
136140,46,3,43,2
136141,58,8,50,2
136142,48,9,39,2
136143,62,12,50,2
136144,47,7,40,2
136145,57,4,53,2
136146,49,6,43,2
136147,70,14,56,2
136148,47,9,38,2
136149,64,9,55,2
136150,42,5,37,2
136151,48,5,43,2
136152,62,12,50,2
136153,60,6,54,2
136154,46,6,40,2
136155,63,10,53,2
136156,55,5,50,2
136157,62,7,55,2
136158,50,3,47,2
136159,55,5,50,2
136160,44,8,36,2
136161,60,4,56,2
136163,54,5,49,2
136164,56,5,51,2
136165,45,5,40,2
136166,51,5,46,2
136167,53,7,46,2
136168,65,7,58,2
136169,56,5,51,2
136170,58,3,55,2
136171,45,4,41,2
136172,54,6,48,2
136173,63,8,55,2
136174,52,2,50,2
136175,57,8,49,2
136176,51,4,47,2
136177,55,9,46,2
136178,47,8,39,2
136179,72,11,61,2
136180,52,5,47,2
136181,50,5,45,2
136182,62,8,54,2
136183,49,8,41,2
136184,45,9,36,2
136185,52,6,46,2
136186,58,8,50,2
136187,49,12,37,2
136188,45,7,38,2
136189,67,7,60,2
136190,62,5,57,2
136191,59,4,55,2
136192,54,8,46,2
136193,55,3,52,2
136194,58,9,49,2
136195,51,4,47,2
136196,56,11,45,2
136197,63,12,51,2
136198,55,8,47,2
136199,54,8,46,2
136200,52,3,49,2
136201,58,8,50,2
136202,65,6,59,2
136203,47,5,42,2
136204,60,4,56,2
136205,60,10,50,2
136206,52,2,50,2
136207,52,5,47,2
136208,65,5,60,2
136209,48,6,42,2
136210,51,6,45,2
136211,62,9,53,2
136212,43,5,38,2
136213,55,6,49,2
136214,49,6,43,2
136215,49,4,45,2
136216,73,6,67,2
136217,48,3,45,2
136218,61,6,55,2
136219,58,5,53,2
136220,44,6,38,2
136221,47,5,42,2
136222,52,10,42,2
136223,66,6,60,2
136224,59,7,52,2
136225,62,4,58,2
136226,58,8,50,2
136227,56,7,49,2
136228,59,7,52,2
136229,52,7,45,2
136230,58,7,51,2
136231,57,9,48,2
136232,54,7,47,2
136233,46,10,36,2
136234,49,10,39,2
136235,55,9,46,2
136236,33,4,29,2
136237,51,8,43,2
136238,57,9,48,2
136239,66,8,58,2
136240,62,7,55,2
136241,47,10,37,2
136242,57,11,46,2
136243,61,5,56,2
136244,61,6,55,2
136245,61,7,54,2
136246,49,6,43,2
136247,47,2,45,2
136248,62,4,58,2
136249,52,5,47,2
136250,54,2,52,2
136251,48,6,42,2
136252,57,8,49,2
136253,56,6,50,2
136254,55,5,50,2
136255,55,3,52,2
136256,59,11,48,2
136257,49,12,37,2
136258,42,3,39,2
136259,53,8,45,2
136260,63,6,57,2
136261,63,5,58,2
136262,50,6,44,2
136263,54,2,52,2
136264,63,8,55,2
136265,66,4,62,2
136266,53,8,45,2
136267,52,4,48,2
136268,50,6,44,2
136269,65,7,58,2
136270,58,9,49,2
136271,53,4,49,2
136272,57,10,47,2
136273,42,5,37,2
136274,48,4,44,2
136275,53,6,47,2
136276,49,3,46,2
136277,45,4,41,2
136278,56,4,52,2
136279,47,4,43,2
136280,50,6,44,2
136281,53,9,44,2
136282,47,8,39,2
136283,61,13,48,2
136284,49,5,44,2
136285,55,6,49,2
136286,56,4,52,2
136287,49,4,45,2
136288,67,7,60,2
136289,47,9,38,2
136290,47,5,42,2
136291,54,10,44,2
136292,44,2,42,2
136293,48,2,46,2
136294,51,8,43,2
136295,46,7,39,2
136296,45,7,38,2
136297,51,7,44,2
136298,48,4,44,2
136299,63,4,59,2
136300,61,7,54,2
136301,50,4,46,2
136302,54,13,41,2
136303,59,5,54,2
136304,60,8,52,2
136305,57,3,54,2
136306,59,7,52,2
136307,48,2,46,2
136308,56,10,46,2
136309,53,4,49,2
136310,59,9,50,2
136311,53,5,48,2
136312,51,6,45,2
136313,47,6,41,2
136314,51,6,45,2
136315,64,4,60,2
136316,52,10,42,2
136317,51,11,40,2
136318,49,2,47,2
136319,46,4,42,2
136320,57,5,52,2
136321,50,9,41,2
136322,49,6,43,2
136323,64,9,55,2
136324,58,7,51,2
136325,59,6,53,2
136326,64,7,57,2
136327,43,6,37,2
136328,64,8,56,2
136329,43,6,37,2
136330,56,3,53,2
136331,64,8,56,2
136332,57,7,50,2
136333,52,4,48,2
136334,58,5,53,2
136335,59,10,49,2
136336,53,4,49,2
136337,52,7,45,2
136338,49,4,45,2
136339,61,8,53,2
136340,56,6,50,2
136341,62,17,45,2
136342,56,6,50,2
136343,58,5,53,2
136344,57,5,52,2
136345,56,7,49,2
136346,62,5,57,2
136347,50,5,45,2
136348,48,7,41,2
136349,51,6,45,2
136350,57,9,48,2
136351,50,8,42,2
136352,57,7,50,2
136353,51,8,43,2
136354,49,7,42,2
136355,53,4,49,2
136356,57,13,44,2
136357,51,8,43,2
136358,51,10,41,2
136359,61,10,51,2
136360,61,7,54,2
136361,45,5,40,2
136362,52,3,49,2
136363,67,7,60,2
136364,53,7,46,2
136365,51,6,45,2
136366,61,9,52,2
136367,48,6,42,2
136368,55,8,47,2
136369,56,2,54,2
136370,58,12,46,2
136372,57,7,50,2
136373,46,3,43,2
136374,41,5,36,2
136375,46,6,40,2
136376,59,8,51,2
136377,69,4,65,2
136378,32,4,28,2
136379,52,8,44,2
136380,48,7,41,2
136381,62,5,57,2
136382,64,9,55,2
136383,61,4,57,2
136384,56,4,52,2
136385,51,8,43,2
136386,56,6,50,2
136387,51,5,46,2
136388,42,4,38,2
136389,69,9,60,2
136390,46,6,40,2
136391,63,5,58,2
136392,44,4,40,2
136393,57,5,52,2
136394,60,9,51,2
136395,53,7,46,2
136396,58,8,50,2
136397,62,7,55,2
136398,57,7,50,2
136399,49,5,44,2
136400,50,9,41,2
136401,54,9,45,2
136402,64,6,58,2
136403,50,4,46,2
136404,56,11,45,2
136405,62,3,59,2
136406,68,12,56,2
136407,69,7,62,2
136408,57,7,50,2
136409,51,7,44,2
136410,60,7,53,2
136411,63,7,56,2
136412,50,4,46,2
136413,44,5,39,2
136414,56,7,49,2
136415,52,12,40,2
136416,53,3,50,2
136417,51,11,40,2
136418,49,3,46,2
136419,62,6,56,2
136420,57,7,50,2
136421,60,4,56,2
136422,63,9,54,2
136423,50,6,44,2
136424,49,5,44,2
136425,57,5,52,2
136426,59,8,51,2
136427,72,11,61,2
136428,49,3,46,2
136429,61,3,58,2
136430,46,3,43,2
136431,65,7,58,2
136432,59,4,55,2
136433,62,10,52,2
136434,64,8,56,2
136435,48,4,44,2
136436,63,10,53,2
136437,55,5,50,2
136438,51,7,44,2
136439,61,7,54,2
136440,49,6,43,2
136441,66,4,62,2
136442,54,7,47,2
136443,52,8,44,2
136444,58,9,49,2
136445,61,9,52,2
136446,50,10,40,2
136447,48,5,43,2
136448,60,14,46,2
136449,49,6,43,2
136450,46,4,42,2
136451,52,8,44,2
136452,48,7,41,2
136453,57,11,46,2
136454,54,4,50,2
136455,49,6,43,2
136456,37,1,36,2
136457,57,6,51,2
136458,39,4,35,2
136459,46,5,41,2
136460,67,3,64,2
136461,64,5,59,2
136462,60,11,49,2
136463,46,5,41,2
136464,48,8,40,2
136465,58,6,52,2
136466,58,5,53,2
136467,46,13,33,2
136468,54,5,49,2
136469,46,4,42,2
136470,67,7,60,2
136471,62,10,52,2
136472,61,6,55,2
136473,43,4,39,2
136474,49,5,44,2
136475,58,8,50,2
136476,58,10,48,2
136477,47,3,44,2
136478,51,4,47,2
136479,44,7,37,2
136480,49,6,43,2
136481,61,3,58,2
136482,66,10,56,2
136483,62,8,54,2
136484,63,6,57,2
136485,62,2,60,2
136486,49,8,41,2
136487,56,7,49,2
136488,45,7,38,2
136489,50,9,41,2
136490,66,8,58,2
136491,58,5,53,2
136492,56,2,54,2
136493,58,5,53,2
136494,61,4,57,2
136495,45,6,39,2
136496,52,6,46,2
136497,42,8,34,2
136498,63,14,49,2
136499,49,8,41,2
136500,65,8,57,2
136501,56,7,49,2
136502,41,2,39,2
136503,42,3,39,2
136504,50,4,46,2
136505,53,6,47,2
136506,63,8,55,2
136507,49,11,38,2
136508,50,5,45,2
136509,49,14,35,2
136510,53,8,45,2
136511,65,10,55,2
136512,48,5,43,2
136513,51,7,44,2
136514,62,7,55,2
136515,44,3,41,2
136516,56,5,51,2
136517,57,5,52,2
136518,61,7,54,2
136519,52,5,47,2
136520,43,6,37,2
136521,49,4,45,2
136522,63,11,52,2
136523,42,2,40,2
136524,58,12,46,2
136525,60,5,55,2
136526,49,4,45,2
136527,56,8,48,2
136528,65,5,60,2
136529,50,6,44,2
136530,37,6,31,2
136531,51,7,44,2
136532,44,6,38,2
136533,65,7,58,2
136534,51,9,42,2
136535,57,10,47,2
136536,55,9,46,2
136537,64,6,58,2
136538,55,6,49,2
136539,65,6,59,2
136540,55,7,48,2
136541,57,8,49,2
136542,56,7,49,2
136543,63,5,58,2
136544,53,8,45,2
136545,55,4,51,2
136546,61,5,56,2
136547,56,6,50,2
136548,52,7,45,2
136549,66,12,54,2
136550,44,5,39,2
136551,52,3,49,2
136552,59,9,50,2
136553,50,5,45,2
136554,57,10,47,2
136555,57,7,50,2
136556,38,5,33,2
136557,53,7,46,2
136558,48,4,44,2
136559,44,5,39,2
136560,56,6,50,2
136561,57,9,48,2
136562,51,4,47,2
136563,43,3,40,2
136564,58,8,50,2
136565,55,7,48,2
136566,52,9,43,2
136567,45,5,40,2
136568,58,2,56,2
136569,50,7,43,2
136570,40,8,32,2
136571,45,11,34,2
136572,56,5,51,2
136573,50,9,41,2
136574,71,12,59,2
136575,61,5,56,2
136576,67,6,61,2
136577,62,8,54,2
136578,38,5,33,2
136579,64,7,57,2
136580,60,9,51,2
136581,49,9,40,2
136582,42,2,40,2
136583,69,15,54,2
136584,59,6,53,2
136585,68,11,57,2
136586,52,5,47,2
136587,64,12,52,2
136588,70,9,61,2
136589,45,6,39,2
136590,52,4,48,2
136591,52,6,46,2
136592,54,5,49,2
136593,63,5,58,2
136594,55,10,45,2
136596,58,10,48,2
136597,71,11,60,2
136598,56,7,49,2
136599,42,9,33,2
136600,60,10,50,2
136601,45,4,41,2
136602,56,11,45,2
136603,48,3,45,2
136604,62,8,54,2
136605,75,15,60,2
136606,58,11,47,2
136607,62,9,53,2
136608,45,4,41,2
136609,59,10,49,2
136610,58,5,53,2
136611,55,2,53,2
136612,53,6,47,2
136613,44,9,35,2
136614,51,5,46,2
136615,54,5,49,2
136616,70,6,64,2
136617,39,1,38,2
136618,42,6,36,2
136619,62,8,54,2
136620,48,9,39,2
136621,62,7,55,2
136622,56,3,53,2
136623,66,9,57,2
136624,67,11,56,2
136625,61,9,52,2
136626,58,6,52,2
136627,55,9,46,2
136628,49,5,44,2
136629,53,6,47,2
136630,54,14,40,2
136631,51,10,41,2
136632,67,7,60,2
136633,56,6,50,2
136634,49,5,44,2
136635,52,6,46,2
136636,44,9,35,2
136637,55,4,51,2
136638,53,8,45,2
136639,51,4,47,2
136640,62,5,57,2
136641,51,7,44,2
136642,55,5,50,2
136643,51,0,51,1
136644,58,4,54,2
136645,48,3,45,2
136646,49,5,44,2
136647,58,4,54,2
136648,59,10,49,2
136649,41,5,36,2
136650,51,6,45,2
136651,61,7,54,2
136652,47,8,39,2
136653,45,6,39,2
136654,53,8,45,2
136655,46,7,39,2
136656,49,6,43,2
136657,55,6,49,2
136658,60,5,55,2
136659,53,3,50,2
136660,58,10,48,2
136661,51,8,43,2
136662,64,4,60,2
136663,59,6,53,2
136664,53,5,48,2
136665,60,3,57,2
136666,66,9,57,2
136667,60,4,56,2
136668,55,11,44,2
136669,49,5,44,2
136670,39,3,36,2
136671,58,3,55,2
136672,49,8,41,2
136673,57,8,49,2
136674,47,4,43,2
136675,48,8,40,2
136676,51,7,44,2
136677,59,7,52,2
136678,48,4,44,2
136679,49,3,46,2
136680,67,11,56,2
136681,42,6,36,2
136682,47,5,42,2
136683,47,4,43,2
136684,45,5,40,2
136685,43,3,40,2
136686,49,7,42,2
136687,46,5,41,2
136688,53,3,50,2
136689,63,9,54,2
136690,61,10,51,2
136691,47,12,35,2
136692,60,7,53,2
136693,46,5,41,2
136694,65,5,60,2
136695,48,8,40,2
136696,47,3,44,2
136697,52,4,48,2
136698,58,4,54,2
136699,64,9,55,2
136700,45,8,37,2
136701,46,7,39,2
136702,46,5,41,2
136703,56,3,53,2
136704,60,8,52,2
136705,55,8,47,2
136706,52,10,42,2
136707,60,9,51,2
136708,66,8,58,2
136709,54,10,44,2
136710,46,8,38,2
136711,56,8,48,2
136712,50,4,46,2
136713,51,7,44,2
136714,53,6,47,2
136715,48,2,46,2
136716,49,6,43,2
136717,33,6,27,2
136718,49,6,43,2
136719,57,6,51,2
136720,53,2,51,2
136721,57,2,55,2
136722,56,8,48,2
136723,47,7,40,2
136724,50,5,45,2
136725,61,9,52,2
136726,52,5,47,2
136727,70,11,59,2
136728,63,7,56,2
136729,53,4,49,2
136730,39,7,32,2
136731,54,6,48,2
136732,58,7,51,2
136733,53,6,47,2
136734,66,8,58,2
136735,46,4,42,2
136736,56,2,54,2
136737,52,10,42,2
136738,56,7,49,2
136739,45,7,38,2
136740,37,4,33,2
136741,49,7,42,2
136742,58,11,47,2
136743,58,3,55,2
136744,54,4,50,2
136745,55,5,50,2
136746,60,9,51,2
136747,51,7,44,2
136748,51,3,48,2
136749,48,4,44,2
136750,57,13,44,2
136751,60,13,47,2
136752,50,7,43,2
136753,65,12,53,2
136754,49,3,46,2
136755,50,4,46,2
136756,48,8,40,2
136757,55,6,49,2
136758,51,2,49,2
136759,66,4,62,2
136760,48,6,42,2
136761,57,5,52,2
136762,53,7,46,2
136763,58,8,50,2
136764,52,5,47,2
136765,56,9,47,2
136766,60,5,55,2
136767,44,9,35,2
136768,57,6,51,2
136769,44,4,40,2
136770,64,8,56,2
136771,45,4,41,2
136772,59,4,55,2
136773,66,4,62,2
136774,58,7,51,2
136775,48,4,44,2
136776,43,9,34,2
136777,59,4,55,2
136778,56,7,49,2
136779,53,6,47,2
136780,49,3,46,2
136781,48,10,38,2
136782,49,2,47,2
136783,64,11,53,2
136784,48,6,42,2
136785,55,5,50,2
136786,51,10,41,2
136787,72,9,63,2
136788,55,2,53,2
136789,59,6,53,2
136790,49,7,42,2
136791,70,8,62,2
136792,51,5,46,2
136793,52,7,45,2
136794,62,6,56,2
136795,60,7,53,2
136796,44,1,43,2
136797,48,6,42,2
136798,55,6,49,2
136799,61,11,50,2
136800,60,7,53,2
136801,48,3,45,2
136802,60,7,53,2
136804,66,5,61,2
136805,51,9,42,2
136806,51,9,42,2
136807,54,6,48,2
136808,56,10,46,2
136809,48,2,46,2
136810,52,6,46,2
136811,75,11,64,2
136812,60,7,53,2
136813,54,9,45,2
136814,44,8,36,2
136815,61,6,55,2
136816,44,8,36,2
136817,52,2,50,2
136818,51,6,45,2
136819,52,6,46,2
136820,54,8,46,2
136821,53,6,47,2
136822,53,3,50,2
136823,72,4,68,2
136824,53,6,47,2
136825,56,8,48,2
136826,57,10,47,2
136827,47,6,41,2
136828,73,4,69,2
136829,57,10,47,2
136830,54,4,50,2
136831,53,6,47,2
136832,52,10,42,2
136833,57,10,47,2
136834,59,7,52,2
136835,58,6,52,2
136836,51,8,43,2
136837,38,1,37,2
136838,59,7,52,2
136839,56,6,50,2
136840,56,6,50,2
136841,50,10,40,2
136842,59,8,51,2
136843,60,11,49,2
136844,61,8,53,2
136845,46,5,41,2
136846,45,6,39,2
136847,51,3,48,2
136848,59,7,52,2
136849,62,7,55,2
136850,43,5,38,2
136851,55,8,47,2
136852,53,6,47,2
136853,47,8,39,2
136854,56,7,49,2
136855,45,3,42,2
136856,45,10,35,2
136857,66,6,60,2
136858,45,2,43,2
136859,56,8,48,2
136860,57,7,50,2
136861,49,3,46,2
136862,47,3,44,2
136863,75,5,70,2
136864,57,7,50,2
136865,52,6,46,2
136866,75,11,64,2
136867,55,8,47,2
136868,58,6,52,2
136869,55,8,47,2
136870,61,10,51,2
136871,59,5,54,2
136872,49,3,46,2
136873,63,7,56,2
136874,51,7,44,2
136875,42,5,37,2
136876,53,8,45,2
136877,50,6,44,2
136878,63,10,53,2
136879,54,8,46,2
136880,44,7,37,2
136881,48,4,44,2
136882,52,6,46,2
136883,66,6,60,2
136884,55,7,48,2
136885,52,10,42,2
136886,54,9,45,2
136887,54,11,43,2
136888,46,5,41,2
136889,46,8,38,2
136890,52,4,48,2
136891,59,8,51,2
136892,64,4,60,2
136893,57,5,52,2
136894,55,6,49,2
136895,44,7,37,2
136896,50,4,46,2
136897,63,7,56,2
136898,52,2,50,2
136899,71,11,60,2
136900,57,5,52,2
136901,51,6,45,2
136902,61,5,56,2
136903,51,4,47,2
136904,52,7,45,2
136905,47,4,43,2
136906,69,11,58,2
136907,56,10,46,2
136908,44,4,40,2
136909,58,7,51,2
136910,56,11,45,2
136911,52,6,46,2
136912,55,6,49,2
136913,61,5,56,2
136914,57,6,51,2
136915,80,10,70,2
136916,51,4,47,2
136917,45,5,40,2
136918,56,9,47,2
136919,50,5,45,2
136920,62,6,56,2
136921,62,8,54,2
136922,61,5,56,2
136923,50,8,42,2
136924,55,6,49,2
136925,52,3,49,2
136926,49,6,43,2
136927,50,7,43,2
136928,61,10,51,2
136929,53,4,49,2
136930,56,3,53,2
136931,58,9,49,2
136932,62,7,55,2
136933,56,5,51,2
136934,55,5,50,2
136935,43,10,33,2
136936,52,9,43,2
136937,63,8,55,2
136938,51,6,45,2
136939,50,4,46,2
136940,52,7,45,2
136941,57,8,49,2
136942,49,3,46,2
136943,51,4,47,2
136944,61,6,55,2
136945,57,8,49,2
136946,50,7,43,2
136947,50,4,46,2
136948,58,7,51,2
136949,40,3,37,2
136950,43,5,38,2
136951,51,10,41,2
136952,45,3,42,2
136953,54,8,46,2
136954,44,10,34,2
136955,61,4,57,2
136956,48,6,42,2
136957,50,5,45,2
136958,34,4,30,2
136959,56,7,49,2
136960,62,9,53,2
136961,54,7,47,2
136962,51,9,42,2
136963,63,9,54,2
136964,58,4,54,2
136965,56,7,49,2
136966,58,2,56,2
136967,58,5,53,2
136968,43,2,41,2
136969,59,8,51,2
136970,60,9,51,2
136971,57,6,51,2
136972,54,7,47,2
136973,60,9,51,2
136974,59,3,56,2
136975,42,8,34,2
136976,73,11,62,2
136977,50,8,42,2
136978,52,8,44,2
136979,39,9,30,2
136980,56,10,46,2
136981,53,6,47,2
136982,57,8,49,2
136983,50,6,44,2
136984,46,7,39,2
136985,56,5,51,2
136986,52,3,49,2
136987,58,10,48,2
136988,63,11,52,2
136989,61,13,48,2
136990,53,6,47,2
136991,41,4,37,2
136992,59,8,51,2
136993,61,9,52,2
136994,50,6,44,2
136995,64,8,56,2
136996,47,7,40,2
136997,61,5,56,2
136998,38,7,31,2
136999,58,5,53,2
137000,59,7,52,2
137001,55,10,45,2
137002,60,8,52,2
137003,53,8,45,2
137004,46,4,42,2
137005,58,6,52,2
137006,52,5,47,2
137007,49,5,44,2
137008,59,4,55,2
137009,55,6,49,2
137010,51,6,45,2
137011,59,9,50,2
137012,55,8,47,2
137013,60,5,55,2
137014,54,10,44,2
137015,68,8,60,2
137016,59,9,50,2
137017,51,6,45,2
137018,54,6,48,2
137019,71,12,59,2
137020,45,6,39,2
137021,58,4,54,2
137022,39,3,36,2
137023,60,8,52,2
137024,48,6,42,2
137025,63,10,53,2
137026,50,5,45,2
137027,52,6,46,2
137028,71,7,64,2
137029,49,7,42,2
137030,49,3,46,2
137031,61,6,55,2
137032,59,7,52,2
137033,47,5,42,2
137034,55,5,50,2
137035,51,13,38,2
137036,43,2,41,2
137037,65,6,59,2
137038,54,7,47,2
137039,61,10,51,2
137040,44,7,37,2
137041,55,8,47,2
137042,42,6,36,2
137043,49,5,44,2
137044,53,10,43,2
137045,62,8,54,2
137046,46,6,40,2
137047,59,3,56,2
137048,61,6,55,2
137049,52,6,46,2
137050,56,7,49,2
137051,53,6,47,2
137052,57,5,52,2
137053,39,4,35,2
137054,54,3,51,2
137055,56,6,50,2
137056,56,10,46,2
137057,50,4,46,2
137058,49,6,43,2
137059,78,9,69,2
137060,65,8,57,2
137061,63,7,56,2
137062,52,4,48,2
137063,44,4,40,2
137064,60,7,53,2
137065,50,3,47,2
137066,45,6,39,2
137067,65,6,59,2
137068,64,6,58,2
137069,53,7,46,2
137070,54,3,51,2
137071,68,9,59,2
137072,45,5,40,2
137073,46,9,37,2
137074,51,5,46,2
137076,63,4,59,2
137077,56,10,46,2
137078,56,8,48,2
137079,52,7,45,2
137080,46,3,43,2
137081,57,5,52,2
137082,54,7,47,2
137083,64,8,56,2
137084,56,2,54,2
137085,54,10,44,2
137086,48,7,41,2
137087,55,5,50,2
137088,69,14,55,2
137089,57,9,48,2
137090,48,8,40,2
137091,63,6,57,2
137092,51,7,44,2
137093,58,9,49,2
137094,53,6,47,2
137095,47,8,39,2
137096,60,8,52,2
137097,56,9,47,2
137098,50,6,44,2
137099,52,5,47,2
137100,59,10,49,2
137101,63,10,53,2
137102,44,3,41,2
137103,54,4,50,2
137104,60,5,55,2
137105,58,4,54,2
137106,48,10,38,2
137107,57,8,49,2
137108,59,7,52,2
137109,50,6,44,2
137110,51,3,48,2
137111,51,3,48,2
137112,57,5,52,2
137113,58,5,53,2
137114,46,3,43,2
137115,45,7,38,2
137116,53,2,51,2
137117,57,8,49,2
137118,65,7,58,2
137119,51,6,45,2
137120,41,5,36,2
137121,62,6,56,2
137122,51,8,43,2
137123,53,10,43,2
137124,68,5,63,2
137125,63,11,52,2
137126,55,12,43,2
137127,45,6,39,2
137128,47,7,40,2
137129,54,7,47,2
137130,36,7,29,2
137131,51,8,43,2
137132,47,9,38,2
137133,45,4,41,2
137134,58,7,51,2
137135,44,6,38,2
137136,49,3,46,2
137137,53,5,48,2
137138,44,4,40,2
137139,52,7,45,2
137140,66,8,58,2
137141,59,10,49,2
137142,69,8,61,2
137143,53,6,47,2
137144,58,12,46,2
137145,55,10,45,2
137146,56,6,50,2
137147,72,3,69,2
137148,43,5,38,2
137149,47,9,38,2
137150,54,4,50,2
137151,34,4,30,2
137152,48,7,41,2
137153,64,8,56,2
137154,55,4,51,2
137155,58,6,52,2
137156,42,5,37,2
137157,71,7,64,2
137158,55,4,51,2
137159,47,6,41,2
137160,45,7,38,2
137161,50,4,46,2
137162,50,6,44,2
137163,51,6,45,2
137164,52,5,47,2
137165,55,7,48,2
137166,54,11,43,2
137167,53,3,50,2
137168,49,4,45,2
137169,54,6,48,2
137170,45,3,42,2
137171,51,8,43,2
137172,46,2,44,2
137173,54,10,44,2
137174,51,4,47,2
137175,52,6,46,2
137176,71,7,64,2
137177,50,6,44,2
137178,60,8,52,2
137179,65,7,58,2
137180,54,8,46,2
137181,66,4,62,2
137182,57,5,52,2
137183,51,6,45,2
137184,49,5,44,2
137185,67,12,55,2
137186,65,10,55,2
137187,39,4,35,2
137188,58,7,51,2
137189,49,5,44,2
137190,51,5,46,2
137191,60,8,52,2
137192,50,6,44,2
137193,55,11,44,2
137194,58,8,50,2
137195,39,1,38,2
137196,43,5,38,2
137197,49,6,43,2
137198,51,6,45,2
137199,56,4,52,2
137200,55,7,48,2
137201,47,9,38,2
137202,46,7,39,2
137203,49,6,43,2
137204,50,3,47,2
137205,48,3,45,2
137206,53,11,42,2
137207,60,6,54,2
137208,63,16,47,2
137209,55,3,52,2
137210,48,7,41,2
137211,56,8,48,2
137212,54,8,46,2
137213,52,4,48,2
137214,63,6,57,2
137215,43,2,41,2
137216,42,5,37,2
137217,65,7,58,2
137218,70,3,67,2
137219,54,6,48,2
137220,46,5,41,2
137221,55,7,48,2
137222,51,6,45,2
137223,51,6,45,2
137224,55,9,46,2
137225,50,8,42,2
137226,52,4,48,2
137227,41,5,36,2
137228,53,5,48,2
137229,58,5,53,2
137230,51,9,42,2
137231,56,10,46,2
137232,51,6,45,2
137233,38,2,36,2
137234,54,6,48,2
137235,44,5,39,2
137236,57,7,50,2
137237,54,8,46,2
137238,59,6,53,2
137239,51,3,48,2
137240,47,7,40,2
137241,53,6,47,2
137242,50,4,46,2
137243,73,9,64,2
137244,59,4,55,2
137245,61,6,55,2
137246,38,5,33,2
137247,51,9,42,2
137248,57,5,52,2
137249,57,3,54,2
137250,58,6,52,2
137251,45,6,39,2
137252,59,8,51,2
137253,48,8,40,2
137254,45,4,41,2
137255,51,9,42,2
137256,58,9,49,2
137257,64,6,58,2
137258,66,8,58,2
137259,61,5,56,2
137260,45,3,42,2
137261,65,4,61,2
137262,57,8,49,2
137263,38,5,33,2
137264,44,10,34,2
137265,48,6,42,2
137266,48,2,46,2
137267,55,9,46,2
137268,57,12,45,2
137269,37,2,35,2
137270,50,2,48,2
137271,45,10,35,2
137272,50,5,45,2
137273,50,3,47,2
137274,48,6,42,2
137275,41,3,38,2
137276,63,9,54,2
137277,35,2,33,2
137278,54,7,47,2
137279,57,10,47,2
137280,53,4,49,2
137281,73,6,67,2
137282,58,7,51,2
137283,50,4,46,2
137284,47,7,40,2
137285,51,10,41,2
137286,51,7,44,2
137287,48,2,46,2
137288,64,11,53,2
137289,49,7,42,2
137290,52,7,45,2
137291,62,5,57,2
137292,58,5,53,2
137293,51,7,44,2
137294,60,12,48,2
137295,52,4,48,2
137296,50,6,44,2
137297,51,6,45,2
137298,55,5,50,2
137299,56,9,47,2
137300,52,8,44,2
137301,57,5,52,2
137302,48,7,41,2
137303,48,7,41,2
137304,53,9,44,2
137305,53,8,45,2
137306,48,9,39,2
137307,42,2,40,2
137308,60,9,51,2
137309,65,17,48,2
137310,55,2,53,2
137311,70,15,55,2
137312,53,5,48,2
137313,57,5,52,2
137314,60,8,52,2
137315,63,11,52,2
137316,53,6,47,2
137317,56,11,45,2
137318,49,6,43,2
137319,54,4,50,2
137320,50,5,45,2
137321,49,4,45,2
137322,55,11,44,2
137323,59,4,55,2
137324,60,7,53,2
137325,58,7,51,2
137326,58,10,48,2
137327,42,6,36,2
137328,66,6,60,2
137329,54,4,50,2
137330,44,1,43,2
137331,61,10,51,2
137332,58,6,52,2
137333,48,6,42,2
137334,49,3,46,2
137335,66,6,60,2
137336,51,8,43,2
137337,53,3,50,2
137338,56,5,51,2
137339,53,10,43,2
137340,60,7,53,2
137341,53,9,44,2
137342,47,8,39,2
137343,47,5,42,2
137344,44,2,42,2
137345,52,3,49,2
137346,43,3,40,2
137347,49,6,43,2
137348,58,10,48,2
137349,56,6,50,2
137350,51,6,45,2
137351,49,5,44,2
137352,45,7,38,2
137353,55,8,47,2
137354,57,5,52,2
137355,54,6,48,2
137356,49,4,45,2
137357,58,4,54,2
137358,47,7,40,2
137359,53,7,46,2
137360,62,7,55,2
137361,58,6,52,2
137362,72,9,63,2
137363,71,9,62,2
137364,45,9,36,2
137365,50,6,44,2
137366,47,3,44,2
137367,47,5,42,2
137368,53,9,44,2
137369,66,5,61,2
137370,43,9,34,2
137371,54,12,42,2
137372,51,5,46,2
137373,52,7,45,2
137374,54,9,45,2
137375,63,5,58,2
137376,45,5,40,2
137377,60,9,51,2
137378,59,6,53,2
137379,68,6,62,2
137380,54,7,47,2
137381,51,2,49,2
137382,55,7,48,2
137383,46,5,41,2
137384,51,8,43,2
137385,48,5,43,2
137386,45,6,39,2
137387,54,8,46,2
137388,54,6,48,2
137389,45,4,41,2
137390,56,5,51,2
137391,60,8,52,2
137392,51,8,43,2
137393,45,7,38,2
137394,45,8,37,2
137395,56,9,47,2
137396,53,11,42,2
137397,47,2,45,2
137398,56,9,47,2
137399,61,12,49,2
137400,75,15,60,2
137401,60,8,52,2
137402,56,7,49,2
137403,57,9,48,2
137404,40,6,34,2
137405,69,7,62,2
137406,57,4,53,2
137407,65,8,57,2
137408,56,7,49,2
137409,64,7,57,2
137410,52,9,43,2
137411,45,4,41,2
137412,47,8,39,2
137413,47,10,37,2
137414,68,8,60,2
137415,53,6,47,2
137416,56,12,44,2
137417,55,7,48,2
137418,51,4,47,2
137419,48,5,43,2
137420,50,4,46,2
137421,61,8,53,2
137422,52,6,46,2
137423,58,13,45,2
137424,65,0,65,1
137425,50,5,45,2
137426,60,5,55,2
137427,53,6,47,2
137428,54,8,46,2
137429,66,6,60,2
137430,56,4,52,2
137431,57,5,52,2
137432,56,5,51,2
137433,53,6,47,2
137434,56,6,50,2
137435,46,5,41,2
137436,58,8,50,2
137437,44,4,40,2
137438,48,4,44,2
137439,54,5,49,2
137440,66,8,58,2
137441,67,6,61,2
137442,49,12,37,2
137443,51,7,44,2
137444,61,8,53,2
137445,47,4,43,2
137446,58,1,57,2
137447,58,7,51,2
137448,54,7,47,2
137449,55,3,52,2
137450,75,5,70,2
137451,37,3,34,2
137452,54,8,46,2
137453,49,4,45,2
137454,42,5,37,2
137455,63,10,53,2
137456,47,5,42,2
137457,56,9,47,2
137458,68,6,62,2
137459,58,5,53,2
137460,63,9,54,2
137461,68,4,64,2
137462,53,7,46,2
137463,68,11,57,2
137464,49,4,45,2
137465,59,11,48,2
137466,46,5,41,2
137467,62,4,58,2
137468,54,6,48,2
137469,58,8,50,2
137470,53,6,47,2
137471,42,3,39,2
137472,55,8,47,2
137473,44,6,38,2
137474,61,10,51,2
137475,43,5,38,2
137476,48,5,43,2
137477,54,3,51,2
137478,51,5,46,2
137479,44,5,39,2
137480,70,7,63,2
137481,53,4,49,2
137482,56,7,49,2
137483,57,2,55,2
137484,41,6,35,2
137485,54,5,49,2
137486,53,7,46,2
137487,52,7,45,2
137488,44,6,38,2
137489,50,4,46,2
137490,57,11,46,2
137491,49,9,40,2
137492,61,7,54,2
137493,48,7,41,2
137494,55,7,48,2
137495,41,5,36,2
137496,56,7,49,2
137497,46,6,40,2
137498,56,1,55,2
137499,56,5,51,2
137501,60,9,51,2
137502,68,14,54,2
137503,49,5,44,2
137504,64,4,60,2
137505,53,3,50,2
137506,60,11,49,2
137507,66,6,60,2
137508,49,6,43,2
137509,57,4,53,2
137510,62,13,49,2
137511,56,6,50,2
137512,56,7,49,2
137513,51,5,46,2
137514,46,8,38,2
137515,51,6,45,2
137516,57,10,47,2
137517,67,9,58,2
137518,49,7,42,2
137519,55,4,51,2
137520,49,7,42,2
137521,56,4,52,2
137522,54,3,51,2
137523,56,8,48,2
137524,49,6,43,2
137525,64,9,55,2
137526,53,5,48,2
137527,61,6,55,2
137528,45,5,40,2
137529,54,9,45,2
137530,62,3,59,2
137531,50,5,45,2
137532,49,5,44,2
137533,53,4,49,2
137534,60,6,54,2
137535,54,4,50,2
137536,55,6,49,2
137537,57,8,49,2
137538,68,7,61,2
137539,56,5,51,2
137540,48,5,43,2
137541,69,10,59,2
137542,51,2,49,2
137543,55,6,49,2
137544,55,4,51,2
137545,52,5,47,2
137546,59,10,49,2
137547,57,5,52,2
137548,62,7,55,2
137549,54,3,51,2
137550,56,9,47,2
137551,61,9,52,2
137552,52,6,46,2
137553,47,4,43,2
137554,51,8,43,2
137555,54,5,49,2
137556,55,6,49,2
137557,45,3,42,2
137558,43,4,39,2
137559,46,4,42,2
137560,51,5,46,2
137561,62,5,57,2
137562,64,7,57,2
137563,41,6,35,2
137564,53,15,38,2
137565,68,8,60,2
137566,57,6,51,2
137567,49,3,46,2
137568,52,7,45,2
137569,63,9,54,2
137570,59,6,53,2
137571,54,8,46,2
137572,58,9,49,2
137573,65,11,54,2
137574,54,6,48,2
137575,52,6,46,2
137576,51,6,45,2
137577,61,7,54,2
137578,69,7,62,2
137579,52,8,44,2
137580,43,6,37,2
137581,53,4,49,2
137582,55,6,49,2
137583,56,9,47,2
137584,51,6,45,2
137585,66,9,57,2
137586,67,6,61,2
137587,52,6,46,2
137588,47,4,43,2
137589,46,8,38,2
137590,52,7,45,2
137591,71,8,63,2
137592,58,8,50,2
137593,68,9,59,2
137594,39,3,36,2
137595,58,3,55,2
137596,61,6,55,2
137597,58,6,52,2
137598,42,8,34,2
137599,54,6,48,2
137600,39,2,37,2
137601,61,8,53,2
137602,58,7,51,2
137603,55,7,48,2
137604,65,6,59,2
137605,59,10,49,2
137606,49,6,43,2
137607,60,12,48,2
137608,49,7,42,2
137609,58,8,50,2
137610,57,8,49,2
137611,54,6,48,2
137612,50,3,47,2
137613,62,3,59,2
137614,51,9,42,2
137615,65,9,56,2
137616,53,7,46,2
137617,56,9,47,2
137618,56,3,53,2
137619,45,6,39,2
137620,60,13,47,2
137621,55,7,48,2
137622,57,7,50,2
137623,41,5,36,2
137624,64,8,56,2
137625,62,9,53,2
137626,41,9,32,2
137627,61,4,57,2
137628,50,7,43,2
137629,46,4,42,2
137630,56,7,49,2
137632,56,9,47,2
137633,53,8,45,2
137634,60,6,54,2
137635,53,6,47,2
137636,50,6,44,2
137637,44,7,37,2
137638,57,9,48,2
137639,57,7,50,2
137640,57,11,46,2
137641,52,5,47,2
137642,43,4,39,2
137643,62,9,53,2
137644,59,8,51,2
137646,50,6,44,2
137647,59,6,53,2
137648,56,4,52,2
137649,44,4,40,2
137650,62,8,54,2
137651,60,8,52,2
137652,65,7,58,2
137653,64,11,53,2
137654,47,5,42,2
137655,62,7,55,2
137656,69,5,64,2
137657,55,8,47,2
137658,48,3,45,2
137659,59,6,53,2
137660,53,1,52,2
137661,52,4,48,2
137662,58,2,56,2
137663,59,8,51,2
137664,52,5,47,2
137665,48,5,43,2
137666,60,5,55,2
137667,66,4,62,2
137668,48,4,44,2
137669,54,8,46,2
137670,63,6,57,2
137671,61,10,51,2
137672,55,9,46,2
137673,367,0,367,1
137674,46,10,36,2
137675,49,7,42,2
137676,51,10,41,2
137677,59,4,55,2
137678,53,4,49,2
137679,55,7,48,2
137680,52,10,42,2
137681,54,6,48,2
137682,60,7,53,2
137683,54,7,47,2
137684,70,3,67,2
137685,2,2,0,1
137686,60,7,53,2
137687,43,3,40,2
137688,56,5,51,2
137689,44,4,40,2
137690,68,6,62,2
137691,50,4,46,2
137692,46,6,40,2
137693,50,3,47,2
137694,65,7,58,2
137695,59,4,55,2
137696,61,8,53,2
137697,43,6,37,2
137698,77,9,68,2
137699,45,0,45,1
137700,47,4,43,2
137701,48,2,46,2
137702,53,5,48,2
137703,50,9,41,2
137704,52,6,46,2
137705,34,5,29,2
137706,42,4,38,2
137707,50,6,44,2
137708,51,8,43,2
137709,50,3,47,2
137710,66,8,58,2
137711,50,5,45,2
137712,49,6,43,2
137713,58,8,50,2
137714,52,3,49,2
137715,54,7,47,2
137716,56,6,50,2
137717,46,8,38,2
137718,61,8,53,2
137719,49,5,44,2
137720,47,8,39,2
137721,49,10,39,2
137722,40,4,36,2
137723,60,10,50,2
137724,53,4,49,2
137725,46,7,39,2
137726,49,6,43,2
137727,49,6,43,2
137728,55,7,48,2
137729,62,6,56,2
137730,42,6,36,2
137731,41,5,36,2
137732,56,6,50,2
137733,50,4,46,2
137734,65,4,61,2
137735,53,6,47,2
137736,52,6,46,2
137737,48,3,45,2
137738,57,5,52,2
137739,69,4,65,2
137740,45,4,41,2
137741,53,7,46,2
137742,53,7,46,2
137743,61,6,55,2
137744,56,9,47,2
137745,62,6,56,2
137746,62,6,56,2
137747,75,4,71,2
137748,65,9,56,2
137749,66,12,54,2
137750,70,7,63,2
137751,51,5,46,2
137752,40,7,33,2
137753,55,7,48,2
137754,61,7,54,2
137755,58,6,52,2
137756,41,6,35,2
137757,54,9,45,2
137758,57,4,53,2
137759,51,6,45,2
137760,51,3,48,2
137761,46,3,43,2
137762,48,6,42,2
137763,49,7,42,2
137764,47,12,35,2
137765,58,9,49,2
137766,70,9,61,2
137767,53,5,48,2
137768,69,6,63,2
137769,53,12,41,2
137770,65,5,60,2
137771,59,9,50,2
137772,63,5,58,2
137773,62,6,56,2
137774,53,6,47,2
137775,52,4,48,2
137776,48,10,38,2
137777,77,7,70,2
137778,58,4,54,2
137779,54,6,48,2
137780,47,3,44,2
137781,47,3,44,2
137782,50,5,45,2
137783,54,2,52,2
137784,63,5,58,2
137785,66,10,56,2
137786,40,5,35,2
137787,48,5,43,2
137788,52,4,48,2
137789,61,9,52,2
137790,44,5,39,2
137791,46,8,38,2
137792,51,8,43,2
137794,53,6,47,2
137795,48,13,35,2
137796,65,5,60,2
137797,63,8,55,2
137798,54,5,49,2
137799,48,8,40,2
137800,54,7,47,2
137801,50,8,42,2
137802,59,8,51,2
137803,31,2,29,2
137804,50,9,41,2
137805,49,6,43,2
137806,59,4,55,2
137807,46,6,40,2
137808,49,10,39,2
137809,59,6,53,2
137810,46,9,37,2
137811,51,8,43,2
137812,54,4,50,2
137813,62,10,52,2
137814,60,2,58,2
137815,48,11,37,2
137816,58,7,51,2
137817,50,7,43,2
137818,59,11,48,2
137819,48,3,45,2
137820,47,5,42,2
137821,63,5,58,2
137822,53,5,48,2
137823,54,7,47,2
137824,54,7,47,2
137825,50,6,44,2
137826,48,8,40,2
137827,62,9,53,2
137828,60,9,51,2
137829,52,10,42,2
137830,57,13,44,2
137831,51,6,45,2
137832,66,8,58,2
137833,48,6,42,2
137834,61,6,55,2
137835,54,7,47,2
137836,49,6,43,2
137837,54,10,44,2
137838,43,6,37,2
137839,40,5,35,2
137840,69,6,63,2
137841,59,6,53,2
137842,51,6,45,2
137843,57,8,49,2
137844,49,7,42,2
137845,47,3,44,2
137846,50,5,45,2
137847,50,8,42,2
137848,38,4,34,2
137849,43,1,42,2
137850,55,5,50,2
137851,48,8,40,2
137852,44,5,39,2
137853,48,8,40,2
137854,51,9,42,2
137855,59,6,53,2
137856,55,8,47,2
137857,69,12,57,2
137858,47,7,40,2
137859,51,6,45,2
137860,61,5,56,2
137861,44,2,42,2
137862,65,4,61,2
137863,53,8,45,2
137864,42,4,38,2
137865,56,9,47,2
137866,53,10,43,2
137867,52,8,44,2
137868,58,8,50,2
137869,49,11,38,2
137870,48,8,40,2
137871,68,5,63,2
137872,68,8,60,2
137873,51,7,44,2
137874,60,8,52,2
137875,42,4,38,2
137876,54,6,48,2
137877,73,10,63,2
137878,42,0,42,1
137879,53,9,44,2
137880,62,9,53,2
137881,65,10,55,2
137882,50,3,47,2
137883,70,7,63,2
137884,54,7,47,2
137885,56,3,53,2
137886,58,5,53,2
137887,64,11,53,2
137888,52,4,48,2
137889,51,6,45,2
137890,52,7,45,2
137891,46,4,42,2
137892,50,2,48,2
137893,70,7,63,2
137894,51,3,48,2
137895,46,3,43,2
137896,52,4,48,2
137897,70,9,61,2
137898,55,11,44,2
137899,49,5,44,2
137900,59,8,51,2
137901,52,4,48,2
137902,58,7,51,2
137903,69,6,63,2
137904,51,4,47,2
137905,58,11,47,2
137906,60,6,54,2
137907,58,7,51,2
137908,51,5,46,2
137909,73,10,63,2
137910,46,7,39,2
137911,55,5,50,2
137912,61,6,55,2
137913,54,7,47,2
137914,53,9,44,2
137915,45,7,38,2
137916,37,3,34,2
137917,56,3,53,2
137918,67,13,54,2
137919,63,8,55,2
137920,55,9,46,2
137921,71,15,56,2
137922,58,5,53,2
137923,58,3,55,2
137924,52,7,45,2
137925,43,5,38,2
137926,56,8,48,2
137927,62,5,57,2
137928,38,3,35,2
137929,60,9,51,2
137930,36,6,30,2
137931,42,7,35,2
137932,51,8,43,2
137933,52,9,43,2
137934,54,5,49,2
137935,55,3,52,2
137936,55,4,51,2
137937,44,4,40,2
137938,51,4,47,2
137939,50,4,46,2
137940,46,6,40,2
137941,54,3,51,2
137942,60,7,53,2
137943,61,10,51,2
137944,65,6,59,2
137945,56,10,46,2
137946,55,6,49,2
137947,56,4,52,2
137948,53,4,49,2
137949,60,2,58,2
137951,42,7,35,2
137952,66,8,58,2
137953,59,6,53,2
137954,55,6,49,2
137955,69,8,61,2
137956,55,7,48,2
137957,45,2,43,2
137958,54,4,50,2
137959,50,7,43,2
137960,64,4,60,2
137961,54,3,51,2
137962,67,9,58,2
137963,61,10,51,2
137964,59,8,51,2
137965,54,9,45,2
137966,62,13,49,2
137967,60,10,50,2
137968,50,7,43,2
137969,58,6,52,2
137970,56,8,48,2
137971,57,8,49,2
137972,59,3,56,2
137973,49,6,43,2
137974,59,4,55,2
137975,61,10,51,2
137976,44,4,40,2
137977,53,8,45,2
137978,63,6,57,2
137979,55,6,49,2
137980,63,6,57,2
137981,57,15,42,2
137982,59,3,56,2
137983,54,8,46,2
137984,49,10,39,2
137985,66,10,56,2
137986,58,7,51,2
137987,44,6,38,2
137988,48,5,43,2
137989,49,10,39,2
137990,55,7,48,2
137991,55,7,48,2
137992,51,8,43,2
137993,51,5,46,2
137994,46,4,42,2
137995,55,5,50,2
137996,48,7,41,2
137997,54,3,51,2
137998,55,8,47,2
137999,45,3,42,2
138000,60,8,52,2
138001,66,13,53,2
138002,53,7,46,2
138003,60,9,51,2
138004,54,6,48,2
138005,56,5,51,2
138006,55,4,51,2
138007,54,4,50,2
138008,57,5,52,2
138009,51,8,43,2
138010,44,3,41,2
138011,59,6,53,2
138012,73,8,65,2
138013,49,3,46,2
138014,55,9,46,2
138015,48,8,40,2
138016,61,8,53,2
138017,66,12,54,2
138018,46,5,41,2
138019,56,8,48,2
138020,55,9,46,2
138021,58,4,54,2
138022,59,6,53,2
138023,46,7,39,2
138024,58,8,50,2
138025,53,7,46,2
138026,55,9,46,2
138027,59,5,54,2
138028,54,9,45,2
138029,49,7,42,2
138030,63,9,54,2
138031,56,5,51,2
138032,38,6,32,2
138033,53,7,46,2
138034,54,6,48,2
138035,49,6,43,2
138036,53,7,46,2
138037,71,11,60,2
138038,55,4,51,2
138039,59,7,52,2
138040,43,3,40,2
138041,58,8,50,2
138042,55,8,47,2
138043,46,5,41,2
138044,59,5,54,2
138045,65,7,58,2
138046,46,8,38,2
138047,59,9,50,2
138048,52,4,48,2
138049,52,13,39,2
138050,45,7,38,2
138051,53,8,45,2
138052,70,10,60,2
138053,47,3,44,2
138054,48,7,41,2
138055,49,4,45,2
138056,56,5,51,2
138057,59,7,52,2
138058,47,6,41,2
138059,61,5,56,2
138060,55,4,51,2
138061,51,5,46,2
138062,58,4,54,2
138063,49,9,40,2
138064,53,5,48,2
138065,48,4,44,2
138066,52,7,45,2
138067,54,9,45,2
138068,55,9,46,2
138069,53,6,47,2
138070,68,6,62,2
138071,49,6,43,2
138072,47,5,42,2
138073,40,6,34,2
138074,54,4,50,2
138075,61,5,56,2
138076,46,3,43,2
138077,51,7,44,2
138078,50,6,44,2
138079,41,4,37,2
138080,53,4,49,2
138081,42,5,37,2
138082,60,7,53,2
138083,65,4,61,2
138084,50,3,47,2
138085,50,9,41,2
138086,60,9,51,2
138087,57,7,50,2
138088,57,6,51,2
138089,47,4,43,2
138090,41,4,37,2
138091,68,10,58,2
138092,52,6,46,2
138093,53,5,48,2
138094,56,7,49,2
138095,59,8,51,2
138096,69,6,63,2
138097,43,4,39,2
138098,59,8,51,2
138099,51,5,46,2
138100,52,12,40,2
138101,50,7,43,2
138102,46,6,40,2
138103,49,12,37,2
138104,47,6,41,2
138105,74,10,64,2
138106,60,4,56,2
138107,55,5,50,2
138108,54,5,49,2
138109,46,5,41,2
138110,54,9,45,2
138111,53,7,46,2
138112,48,5,43,2
138113,48,4,44,2
138114,47,10,37,2
138115,61,13,48,2
138116,61,6,55,2
138117,52,4,48,2
138118,52,10,42,2
138119,53,5,48,2
138120,40,4,36,2
138121,59,8,51,2
138122,61,6,55,2
138123,50,6,44,2
138124,53,9,44,2
138125,49,5,44,2
138126,59,8,51,2
138127,48,4,44,2
138128,58,6,52,2
138129,42,1,41,2
138130,64,5,59,2
138131,44,7,37,2
138132,51,2,49,2
138133,49,7,42,2
138134,58,5,53,2
138135,49,4,45,2
138136,67,4,63,2
138137,53,8,45,2
138138,51,4,47,2
138139,63,6,57,2
138140,51,8,43,2
138141,60,7,53,2
138142,51,5,46,2
138143,47,4,43,2
138144,53,5,48,2
138145,64,7,57,2
138146,66,10,56,2
138147,66,7,59,2
138148,49,8,41,2
138149,67,10,57,2
138150,49,4,45,2
138151,59,3,56,2
138152,47,5,42,2
138153,56,6,50,2
138154,57,8,49,2
138155,55,9,46,2
138156,62,7,55,2
138157,55,4,51,2
138158,75,10,65,2
138159,56,6,50,2
138160,66,8,58,2
138161,53,6,47,2
138162,62,5,57,2
138163,52,9,43,2
138164,63,11,52,2
138165,48,6,42,2
138166,49,5,44,2
138167,55,11,44,2
138168,55,3,52,2
138169,50,7,43,2
138170,47,7,40,2
138171,45,6,39,2
138172,50,6,44,2
138173,44,4,40,2
138174,46,7,39,2
138175,45,8,37,2
138176,59,11,48,2
138177,44,4,40,2
138178,69,7,62,2
138179,50,4,46,2
138180,56,9,47,2
138181,60,4,56,2
138182,69,6,63,2
138183,57,8,49,2
138184,54,5,49,2
138185,50,4,46,2
138186,68,8,60,2
138187,48,4,44,2
138188,43,5,38,2
138189,64,8,56,2
138190,59,7,52,2
138191,48,6,42,2
138192,63,3,60,2
138193,56,6,50,2
138194,51,7,44,2
138195,61,7,54,2
138196,54,6,48,2
138197,51,5,46,2
138198,53,3,50,2
138199,57,9,48,2
138200,53,6,47,2
138201,47,6,41,2
138202,59,9,50,2
138203,59,10,49,2
138204,46,9,37,2
138205,45,5,40,2
138206,47,5,42,2
138207,49,4,45,2
138208,50,4,46,2
138209,50,6,44,2
138210,52,7,45,2
138211,60,8,52,2
138212,61,10,51,2
138213,57,6,51,2
138214,54,2,52,2
138215,51,7,44,2
138216,45,4,41,2
138217,52,8,44,2
138218,52,6,46,2
138219,51,8,43,2
138220,55,5,50,2
138221,60,6,54,2
138222,45,9,36,2
138223,52,6,46,2
138224,67,10,57,2
138225,55,11,44,2
138226,57,10,47,2
138227,58,7,51,2
138228,55,6,49,2
138229,47,4,43,2
138230,48,5,43,2
138231,51,6,45,2
138232,58,10,48,2
138233,44,11,33,2
138234,53,6,47,2
138235,62,5,57,2
138236,72,6,66,2
138237,61,9,52,2
138238,53,7,46,2
138239,45,8,37,2
138240,50,6,44,2
138241,47,7,40,2
138242,53,4,49,2
138243,68,9,59,2
138244,51,6,45,2
138245,56,3,53,2
138246,50,7,43,2
138247,63,3,60,2
138248,52,6,46,2
138249,49,9,40,2
138250,65,7,58,2
138251,55,6,49,2
138252,46,4,42,2
138253,43,4,39,2
138254,51,2,49,2
138255,50,4,46,2
138256,59,7,52,2
138257,62,5,57,2
138258,49,8,41,2
138259,68,6,62,2
138260,50,6,44,2
138261,53,3,50,2
138262,54,8,46,2
138263,55,10,45,2
138264,45,6,39,2
138265,53,4,49,2
138266,56,10,46,2
138267,80,12,68,2
138268,34,3,31,2
138269,50,5,45,2
138270,57,6,51,2
138271,65,8,57,2
138272,49,4,45,2
138273,53,4,49,2
138274,48,8,40,2
138275,44,5,39,2
138276,53,5,48,2
138277,47,2,45,2
138278,60,9,51,2
138279,66,9,57,2
138280,59,9,50,2
138281,60,6,54,2
138282,75,11,64,2
138283,45,3,42,2
138284,53,6,47,2
138285,66,4,62,2
138286,68,4,64,2
138287,51,7,44,2
138288,58,9,49,2
138289,72,9,63,2
138290,43,4,39,2
138291,49,6,43,2
138292,51,3,48,2
138293,52,7,45,2
138294,55,8,47,2
138295,41,4,37,2
138296,44,3,41,2
138297,43,8,35,2
138298,58,7,51,2
138299,46,4,42,2
138300,60,6,54,2
138301,53,7,46,2
138302,56,7,49,2
138303,58,7,51,2
138304,45,6,39,2
138305,63,8,55,2
138306,65,6,59,2
138307,46,2,44,2
138308,47,4,43,2
138309,52,6,46,2
138310,51,10,41,2
138311,63,8,55,2
138312,54,3,51,2
138313,51,8,43,2
138314,55,7,48,2
138315,40,4,36,2
138316,43,8,35,2
138317,58,7,51,2
138318,45,6,39,2
138319,58,9,49,2
138320,50,7,43,2
138321,54,8,46,2
138322,42,5,37,2
138323,49,6,43,2
138324,63,7,56,2
138325,58,3,55,2
138326,56,0,56,1
138327,44,9,35,2
138328,58,6,52,2
138329,60,8,52,2
138330,45,8,37,2
138331,41,4,37,2
138332,48,3,45,2
138333,52,6,46,2
138334,55,8,47,2
138335,48,7,41,2
138336,58,5,53,2
138337,57,10,47,2
138338,61,10,51,2
138339,57,6,51,2
138340,53,4,49,2
138341,48,4,44,2
138342,44,5,39,2
138343,78,10,68,2
138344,62,8,54,2
138345,53,8,45,2
138346,43,5,38,2
138347,55,8,47,2
138348,43,3,40,2
138349,43,1,42,2
138350,46,11,35,2
138351,42,1,41,2
138352,49,6,43,2
138353,57,8,49,2
138354,48,3,45,2
138355,59,11,48,2
138356,56,4,52,2
138357,59,11,48,2
138358,59,6,53,2
138359,56,4,52,2
138360,52,8,44,2
138361,47,6,41,2
138362,52,3,49,2
138363,56,3,53,2
138364,45,5,40,2
138365,47,6,41,2
138366,50,5,45,2
138367,55,4,51,2
138368,53,6,47,2
138369,57,7,50,2
138370,55,8,47,2
138371,62,11,51,2
138372,56,5,51,2
138373,55,3,52,2
138374,49,5,44,2
138375,54,0,54,1
138376,42,4,38,2
138377,54,7,47,2
138378,49,8,41,2
138379,58,10,48,2
138380,52,6,46,2
138381,61,8,53,2
138382,66,6,60,2
138383,50,8,42,2
138384,44,2,42,2
138385,63,9,54,2
138386,72,9,63,2
138387,53,8,45,2
138388,52,5,47,2
138389,47,3,44,2
138390,61,8,53,2
138391,52,9,43,2
138392,65,9,56,2
138393,60,7,53,2
138394,55,10,45,2
138395,62,8,54,2
138396,45,4,41,2
138397,53,9,44,2
138398,44,5,39,2
138399,60,6,54,2
138400,54,6,48,2
138401,46,8,38,2
138402,61,6,55,2
138403,54,3,51,2
138404,54,8,46,2
138405,53,6,47,2
138406,44,7,37,2
138407,59,6,53,2
138408,64,7,57,2
138409,64,9,55,2
138410,51,7,44,2
138411,50,7,43,2
138412,40,1,39,2
138413,60,5,55,2
138414,59,4,55,2
138415,56,9,47,2
138416,47,8,39,2
138417,59,8,51,2
138418,47,5,42,2
138419,47,6,41,2
138420,55,7,48,2
138421,47,1,46,2
138422,40,2,38,2
138423,59,10,49,2
138424,42,6,36,2
138425,67,13,54,2
138426,57,9,48,2
138427,54,4,50,2
138428,53,8,45,2
138429,55,8,47,2
138430,61,8,53,2
138431,56,0,56,1
138432,48,8,40,2
138433,51,2,49,2
138434,58,5,53,2
138435,49,3,46,2
138436,52,8,44,2
138437,45,3,42,2
138438,55,7,48,2
138439,56,12,44,2
138440,56,4,52,2
138441,46,10,36,2
138442,57,9,48,2
138443,36,2,34,2
138444,54,7,47,2
138445,75,10,65,2
138446,66,7,59,2
138447,57,3,54,2
138448,60,8,52,2
138449,57,6,51,2
138450,63,11,52,2
138451,47,2,45,2
138452,57,5,52,2
138453,60,7,53,2
138454,57,6,51,2
138455,54,5,49,2
138456,51,4,47,2
138457,61,4,57,2
138458,52,7,45,2
138459,55,8,47,2
138460,61,12,49,2
138461,49,8,41,2
138462,54,6,48,2
138463,47,7,40,2
138464,59,6,53,2
138465,44,6,38,2
138466,63,7,56,2
138467,68,9,59,2
138468,49,6,43,2
138469,53,6,47,2
138470,45,4,41,2
138471,68,9,59,2
138472,51,2,49,2
138473,56,9,47,2
138474,58,10,48,2
138475,55,7,48,2
138476,52,7,45,2
138477,58,4,54,2
138478,45,2,43,2
138479,55,5,50,2
138480,47,6,41,2
138481,58,8,50,2
138482,49,9,40,2
138483,70,8,62,2
138484,50,9,41,2
138485,65,6,59,2
138486,68,2,66,2
138487,55,13,42,2
138488,60,6,54,2
138489,52,5,47,2
138490,45,5,40,2
138491,55,8,47,2
138492,47,5,42,2
138493,50,3,47,2
138494,42,3,39,2
138495,67,7,60,2
138496,46,7,39,2
138497,52,6,46,2
138498,55,5,50,2
138499,56,2,54,2
138500,53,8,45,2
138501,54,7,47,2
138502,54,1,53,2
138503,55,9,46,2
138504,64,13,51,2
138505,63,7,56,2
138506,53,4,49,2
138507,40,3,37,2
138508,71,10,61,2
138509,71,11,60,2
138510,74,10,64,2
138511,55,8,47,2
138512,54,6,48,2
138513,62,14,48,2
138514,66,7,59,2
138515,64,11,53,2
138516,51,8,43,2
138517,46,6,40,2
138518,61,9,52,2
138519,56,7,49,2
138520,62,7,55,2
138521,41,4,37,2
138522,63,10,53,2
138523,44,7,37,2
138524,45,3,42,2
138525,74,9,65,2
138526,55,7,48,2
138527,53,5,48,2
138528,59,8,51,2
138529,52,6,46,2
138530,57,8,49,2
138531,57,12,45,2
138532,46,7,39,2
138533,42,3,39,2
138534,46,7,39,2
138535,57,7,50,2
138536,36,8,28,2
138537,46,8,38,2
138538,47,3,44,2
138539,51,1,50,2
138540,72,9,63,2
138541,62,10,52,2
138542,63,6,57,2
138543,60,10,50,2
138544,56,6,50,2
138545,55,9,46,2
138546,59,9,50,2
138547,53,2,51,2
138548,57,4,53,2
138549,62,11,51,2
138550,52,7,45,2
138551,51,5,46,2
138552,40,7,33,2
138553,55,7,48,2
138554,54,5,49,2
138555,55,7,48,2
138556,55,2,53,2
138557,66,8,58,2
138558,46,5,41,2
138559,67,11,56,2
138560,44,11,33,2
138561,68,6,62,2
138562,60,8,52,2
138563,68,12,56,2
138564,51,3,48,2
138565,54,5,49,2
138566,55,8,47,2
138567,54,4,50,2
138568,63,4,59,2
138569,57,6,51,2
138570,60,7,53,2
138571,55,2,53,2
138572,61,8,53,2
138573,41,4,37,2
138574,64,14,50,2
138575,54,1,53,2
138576,44,3,41,2
138577,48,4,44,2
138578,56,8,48,2
138579,59,7,52,2
138580,58,9,49,2
138581,54,5,49,2
138582,50,9,41,2
138583,56,7,49,2
138584,59,13,46,2
138585,61,8,53,2
138586,76,11,65,2
138587,47,8,39,2
138588,61,6,55,2
138589,66,7,59,2
138590,48,5,43,2
138591,49,5,44,2
138592,57,4,53,2
138593,55,8,47,2
138594,49,6,43,2
138595,50,5,45,2
138596,49,5,44,2
138597,54,3,51,2
138598,44,6,38,2
138599,66,9,57,2
138600,44,5,39,2
138601,44,3,41,2
138602,56,4,52,2
138603,48,4,44,2
138604,46,3,43,2
138605,51,4,47,2
138606,55,7,48,2
138607,51,8,43,2
138608,56,6,50,2
138609,44,6,38,2
138610,57,11,46,2
138611,53,5,48,2
138612,67,9,58,2
138613,57,7,50,2
138614,48,6,42,2
138615,64,8,56,2
138616,51,4,47,2
138617,72,10,62,2
138618,57,2,55,2
138619,62,7,55,2
138620,50,8,42,2
138621,42,3,39,2
138622,60,4,56,2
138623,46,3,43,2
138624,52,11,41,2
138625,46,5,41,2
138626,56,3,53,2
138627,49,2,47,2
138628,53,8,45,2
138629,53,6,47,2
138630,63,3,60,2
138631,61,3,58,2
138632,64,8,56,2
138633,61,9,52,2
138634,59,5,54,2
138635,52,5,47,2
138636,43,7,36,2
138637,42,3,39,2
138638,47,3,44,2
138639,43,2,41,2
138640,39,5,34,2
138641,53,6,47,2
138642,57,3,54,2
138643,59,7,52,2
138644,46,6,40,2
138645,65,8,57,2
138646,54,10,44,2
138647,40,2,38,2
138648,62,8,54,2
138649,55,3,52,2
138650,62,4,58,2
138651,55,8,47,2
138652,47,3,44,2
138653,58,7,51,2
138654,53,6,47,2
138655,55,6,49,2
138656,42,3,39,2
138657,47,4,43,2
138658,48,6,42,2
138659,49,6,43,2
138660,55,7,48,2
138661,53,8,45,2
138662,51,9,42,2
138663,60,5,55,2
138664,58,10,48,2
138665,55,10,45,2
138666,66,9,57,2
138667,60,6,54,2
138668,62,5,57,2
138669,60,8,52,2
138670,48,5,43,2
138671,51,4,47,2
138672,57,7,50,2
138673,54,5,49,2
138674,61,6,55,2
138675,53,4,49,2
138676,53,9,44,2
138677,48,2,46,2
138678,57,3,54,2
138679,59,7,52,2
138680,56,3,53,2
138681,54,7,47,2
138682,52,7,45,2
138683,63,7,56,2
138684,52,7,45,2
138685,61,10,51,2
138686,73,13,60,2
138687,68,10,58,2
138688,62,6,56,2
138689,52,12,40,2
138690,54,5,49,2
138691,58,9,49,2
138692,76,9,67,2
138693,58,11,47,2
138694,63,11,52,2
138695,61,10,51,2
138696,54,7,47,2
138697,58,8,50,2
138698,56,7,49,2
138699,64,8,56,2
138700,53,5,48,2
138701,49,6,43,2
138702,57,5,52,2
138703,39,2,37,2
138704,59,5,54,2
138705,64,7,57,2
138706,57,6,51,2
138707,57,6,51,2
138708,47,6,41,2
138709,45,6,39,2
138710,54,4,50,2
138711,57,5,52,2
138712,51,5,46,2
138713,54,7,47,2
138714,63,7,56,2
138715,54,9,45,2
138716,60,12,48,2
138717,44,4,40,2
138718,47,2,45,2
138719,32,2,30,2
138720,49,9,40,2
138721,42,10,32,2
138722,55,8,47,2
138723,67,10,57,2
138724,50,8,42,2
138725,49,4,45,2
138726,54,2,52,2
138727,41,2,39,2
138728,41,9,32,2
138729,58,9,49,2
138730,55,5,50,2
138731,52,8,44,2
138732,49,4,45,2
138733,65,8,57,2
138734,72,13,59,2
138735,49,4,45,2
138736,46,6,40,2
138737,54,4,50,2
138738,56,5,51,2
138739,56,5,51,2
138740,45,5,40,2
138741,68,10,58,2
138742,58,5,53,2
138743,49,6,43,2
138744,55,10,45,2
138745,50,5,45,2
138746,50,4,46,2
138747,50,7,43,2
138748,44,9,35,2
138749,47,5,42,2
138750,52,8,44,2
138751,56,6,50,2
138752,64,9,55,2
138753,49,5,44,2
138754,55,7,48,2
138755,54,4,50,2
138756,58,9,49,2
138757,43,7,36,2
138758,39,5,34,2
138759,60,7,53,2
138760,62,9,53,2
138761,52,4,48,2
138762,56,6,50,2
138763,50,10,40,2
138764,49,8,41,2
138765,41,8,33,2
138766,53,4,49,2
138767,37,3,34,2
138768,46,4,42,2
138769,46,7,39,2
138770,54,9,45,2
138771,58,9,49,2
138772,44,6,38,2
138773,45,7,38,2
138774,48,6,42,2
138775,57,3,54,2
138776,47,7,40,2
138777,51,7,44,2
138778,64,7,57,2
138779,48,2,46,2
138780,52,7,45,2
138781,60,10,50,2
138782,57,7,50,2
138783,64,5,59,2
138784,63,4,59,2
138785,51,9,42,2
138786,47,3,44,2
138787,51,7,44,2
138788,47,7,40,2
138789,50,5,45,2
138790,49,9,40,2
138791,53,7,46,2
138792,64,9,55,2
138793,54,13,41,2
138794,56,11,45,2
138795,51,3,48,2
138796,53,8,45,2
138797,63,5,58,2
138798,60,6,54,2
138799,47,3,44,2
138800,51,2,49,2
138801,58,8,50,2
138802,56,7,49,2
138803,61,7,54,2
138804,57,4,53,2
138805,54,11,43,2
138806,59,7,52,2
138807,57,3,54,2
138808,56,11,45,2
138809,54,9,45,2
138810,56,8,48,2
138811,67,4,63,2
138812,47,6,41,2
138813,60,4,56,2
138814,48,5,43,2
138815,36,3,33,2
138816,65,11,54,2
138817,53,3,50,2
138818,53,5,48,2
138819,69,9,60,2
138820,63,7,56,2
138821,56,5,51,2
138822,46,4,42,2
138823,50,6,44,2
138824,71,8,63,2
138825,55,3,52,2
138826,53,3,50,2
138827,47,6,41,2
138828,48,5,43,2
138829,53,10,43,2
138830,58,2,56,2
138831,47,6,41,2
138832,53,6,47,2
138833,47,4,43,2
138834,47,8,39,2
138835,51,7,44,2
138836,49,9,40,2
138837,59,5,54,2
138838,53,8,45,2
138839,57,8,49,2
138840,48,8,40,2
138841,69,13,56,2
138842,54,3,51,2
138843,68,10,58,2
138844,54,6,48,2
138845,59,6,53,2
138846,47,4,43,2
138847,49,3,46,2
138848,57,8,49,2
138849,57,1,56,2
138850,49,7,42,2
138851,50,6,44,2
138852,57,8,49,2
138853,59,5,54,2
138854,46,8,38,2
138855,51,7,44,2
138856,63,10,53,2
138857,42,4,38,2
138858,54,7,47,2
138859,54,3,51,2
138860,58,7,51,2
138861,51,7,44,2
138862,52,7,45,2
138863,40,4,36,2
138864,48,6,42,2
138865,41,8,33,2
138866,52,8,44,2
138867,39,7,32,2
138868,66,7,59,2
138869,57,8,49,2
138870,62,6,56,2
138871,60,4,56,2
138872,70,8,62,2
138873,59,9,50,2
138874,53,6,47,2
138875,50,6,44,2
138876,64,8,56,2
138877,49,6,43,2
138878,65,11,54,2
138879,44,4,40,2
138880,58,7,51,2
138881,37,5,32,2
138882,58,5,53,2
138883,47,2,45,2
138884,71,11,60,2
138885,60,7,53,2
138886,48,4,44,2
138887,49,4,45,2
138888,60,2,58,2
138889,53,6,47,2
138890,53,10,43,2
138891,56,5,51,2
138892,73,7,66,2
138893,53,10,43,2
138894,68,5,63,2
138895,57,6,51,2
138896,62,6,56,2
138897,57,6,51,2
138898,65,7,58,2
138899,55,0,55,1
138900,50,5,45,2
138901,62,9,53,2
138902,54,8,46,2
138903,57,9,48,2
138904,61,3,58,2
138905,70,7,63,2
138906,44,3,41,2
138907,45,5,40,2
138908,53,10,43,2
138909,52,9,43,2
138910,45,7,38,2
138911,71,10,61,2
138912,51,5,46,2
138913,44,4,40,2
138914,62,13,49,2
138915,42,3,39,2
138916,51,2,49,2
138917,64,4,60,2
138918,55,6,49,2
138919,65,8,57,2
138920,49,6,43,2
138921,48,3,45,2
138922,68,6,62,2
138923,65,5,60,2
138924,48,3,45,2
138925,60,8,52,2
138926,57,13,44,2
138927,65,3,62,2
138928,53,11,42,2
138929,49,6,43,2
138930,54,5,49,2
138931,42,5,37,2
138932,44,2,42,2
138933,55,9,46,2
138934,59,8,51,2
138935,62,8,54,2
138936,57,8,49,2
138937,50,8,42,2
138938,52,9,43,2
138939,65,8,57,2
138940,57,7,50,2
138941,63,12,51,2
138942,51,8,43,2
138943,51,9,42,2
138944,55,5,50,2
138945,47,4,43,2
138946,54,8,46,2
138947,57,7,50,2
138948,52,9,43,2
138949,61,6,55,2
138950,56,6,50,2
138951,53,10,43,2
138952,59,5,54,2
138953,60,7,53,2
138954,47,9,38,2
138955,60,12,48,2
138956,53,5,48,2
138957,48,8,40,2
138958,63,8,55,2
138959,65,11,54,2
138960,47,2,45,2
138961,54,4,50,2
138962,50,7,43,2
138963,44,4,40,2
138964,59,9,50,2
138965,58,10,48,2
138966,63,8,55,2
138967,49,4,45,2
138968,64,10,54,2
138969,47,3,44,2
138970,63,7,56,2
138971,54,10,44,2
138972,50,4,46,2
138973,58,12,46,2
138974,50,2,48,2
138975,56,10,46,2
138976,53,5,48,2
138977,56,10,46,2
138978,68,9,59,2
138979,53,8,45,2
138980,55,9,46,2
138981,54,6,48,2
138982,55,4,51,2
138983,58,9,49,2
138984,63,10,53,2
138985,53,6,47,2
138986,68,10,58,2
138987,53,10,43,2
138988,64,8,56,2
138989,57,4,53,2
138990,64,4,60,2
138991,52,3,49,2
138992,47,7,40,2
138993,48,7,41,2
138994,59,7,52,2
138995,60,10,50,2
138996,55,6,49,2
138997,57,4,53,2
138998,68,9,59,2
138999,53,7,46,2
139000,51,7,44,2
139001,62,9,53,2
139002,65,7,58,2
139003,51,5,46,2
139004,51,1,50,2
139005,53,5,48,2
139006,43,5,38,2
139007,58,8,50,2
139008,63,6,57,2
139009,46,8,38,2
139010,53,7,46,2
139011,47,5,42,2
139012,62,9,53,2
139013,63,4,59,2
139014,65,9,56,2
139015,61,8,53,2
139016,51,8,43,2
139017,53,5,48,2
139018,64,5,59,2
139019,51,9,42,2
139020,54,7,47,2
139021,61,8,53,2
139022,51,7,44,2
139023,52,11,41,2
139024,49,2,47,2
139025,60,5,55,2
139026,43,3,40,2
139027,53,10,43,2
139028,56,5,51,2
139029,57,7,50,2
139030,56,9,47,2
139031,56,8,48,2
139032,64,11,53,2
139033,57,5,52,2
139034,46,7,39,2
139035,48,8,40,2
139036,46,10,36,2
139037,61,6,55,2
139038,46,7,39,2
139039,46,5,41,2
139040,57,5,52,2
139041,61,4,57,2
139042,44,3,41,2
139043,60,5,55,2
139044,63,3,60,2
139045,44,8,36,2
139046,59,9,50,2
139047,53,6,47,2
139048,53,4,49,2
139049,55,4,51,2
139050,54,11,43,2
139051,60,4,56,2
139052,60,7,53,2
139053,48,6,42,2
139054,50,5,45,2
139055,46,6,40,2
139056,68,13,55,2
139057,64,5,59,2
139058,60,9,51,2
139059,58,8,50,2
139060,40,4,36,2
139061,64,3,61,2
139062,58,4,54,2
139063,66,8,58,2
139064,53,9,44,2
139065,64,7,57,2
139066,55,8,47,2
139067,72,4,68,2
139068,66,6,60,2
139069,50,3,47,2
139070,48,8,40,2
139071,54,8,46,2
139072,42,2,40,2
139073,54,7,47,2
139074,52,5,47,2
139075,45,6,39,2
139076,49,13,36,2
139077,53,6,47,2
139078,49,11,38,2
139079,45,8,37,2
139080,64,7,57,2
139081,59,9,50,2
139082,46,6,40,2
139083,63,7,56,2
139084,43,6,37,2
139085,53,10,43,2
139086,55,8,47,2
139087,48,5,43,2
139088,62,9,53,2
139089,60,7,53,2
139090,52,4,48,2
139091,53,6,47,2
139092,50,5,45,2
139093,56,7,49,2
139094,53,12,41,2
139095,52,7,45,2
139096,45,3,42,2
139097,50,8,42,2
139098,61,5,56,2
139099,56,8,48,2
139100,48,8,40,2
139101,50,6,44,2
139102,44,7,37,2
139103,40,2,38,2
139104,58,5,53,2
139105,60,7,53,2
139106,51,5,46,2
139107,50,4,46,2
139108,45,10,35,2
139109,60,7,53,2
139110,57,6,51,2
139111,40,7,33,2
139112,58,8,50,2
139113,41,5,36,2
139114,44,4,40,2
139115,51,10,41,2
139116,49,1,48,2
139117,57,8,49,2
139118,49,7,42,2
139119,59,10,49,2
139120,61,10,51,2
139121,46,5,41,2
139122,62,5,57,2
139123,56,6,50,2
139124,61,11,50,2
139125,47,4,43,2
139126,54,7,47,2
139127,60,4,56,2
139128,51,6,45,2
139129,49,4,45,2
139130,62,9,53,2
139131,47,7,40,2
139132,49,3,46,2
139133,57,7,50,2
139134,50,4,46,2
139135,49,6,43,2
139136,57,6,51,2
139137,51,5,46,2
139138,51,6,45,2
139139,58,9,49,2
139140,54,6,48,2
139141,46,3,43,2
139142,54,10,44,2
139143,65,6,59,2
139144,56,3,53,2
139145,42,4,38,2
139146,54,3,51,2
139147,52,5,47,2
139148,56,8,48,2
139149,61,7,54,2
139150,50,9,41,2
139151,52,9,43,2
139152,67,11,56,2
139153,47,8,39,2
139154,62,8,54,2
139155,68,8,60,2
139156,66,11,55,2
139157,62,7,55,2
139158,49,3,46,2
139159,53,5,48,2
139160,59,8,51,2
139161,58,3,55,2
139162,49,4,45,2
139163,49,2,47,2
139164,65,6,59,2
139165,57,6,51,2
139166,58,8,50,2
139167,52,6,46,2
139168,54,6,48,2
139169,57,3,54,2
139170,57,8,49,2
139171,51,4,47,2
139172,48,5,43,2
139173,48,5,43,2
139174,58,9,49,2
139175,52,9,43,2
139176,52,6,46,2
139177,49,3,46,2
139178,44,4,40,2
139179,51,8,43,2
139180,56,8,48,2
139181,57,12,45,2
139182,54,9,45,2
139183,51,6,45,2
139184,61,9,52,2
139185,52,4,48,2
139186,48,5,43,2
139187,65,9,56,2
139188,50,4,46,2
139189,47,12,35,2
139190,64,4,60,2
139191,53,6,47,2
139192,44,11,33,2
139193,66,10,56,2
139194,51,6,45,2
139195,58,5,53,2
139197,53,4,49,2
139198,64,4,60,2
139199,62,6,56,2
139200,60,3,57,2
139201,54,6,48,2
139202,65,12,53,2
139203,49,9,40,2
139204,52,6,46,2
139205,52,5,47,2
139206,50,9,41,2
139207,54,5,49,2
139208,51,6,45,2
139209,60,11,49,2
139210,55,6,49,2
139211,51,7,44,2
139212,50,6,44,2
139213,45,6,39,2
139214,62,8,54,2
139215,51,6,45,2
139216,57,4,53,2
139217,58,5,53,2
139218,55,2,53,2
139219,58,5,53,2
139220,52,5,47,2
139221,62,6,56,2
139222,66,8,58,2
139223,55,8,47,2
139224,50,5,45,2
139225,40,3,37,2
139226,54,6,48,2
139227,73,8,65,2
139228,58,6,52,2
139229,52,8,44,2
139230,62,11,51,2
139231,53,8,45,2
139232,62,7,55,2
139233,50,3,47,2
139234,56,5,51,2
139235,42,6,36,2
139236,50,6,44,2
139237,52,4,48,2
139238,43,5,38,2
139239,44,5,39,2
139240,48,5,43,2
139241,60,7,53,2
139242,54,12,42,2
139243,57,5,52,2
139244,55,8,47,2
139245,44,7,37,2
139246,58,4,54,2
139247,44,4,40,2
139248,54,4,50,2
139249,45,6,39,2
139250,67,8,59,2
139251,44,3,41,2
139252,42,7,35,2
139253,50,4,46,2
139254,49,3,46,2
139255,48,4,44,2
139256,73,12,61,2
139257,43,4,39,2
139258,68,7,61,2
139259,63,8,55,2
139260,44,7,37,2
139261,55,8,47,2
139262,64,6,58,2
139263,76,12,64,2
139264,55,6,49,2
139265,60,9,51,2
139266,62,10,52,2
139267,54,3,51,2
139268,57,5,52,2
139269,47,7,40,2
139270,58,11,47,2
139271,61,3,58,2
139272,60,10,50,2
139273,59,8,51,2
139274,58,8,50,2
139275,67,10,57,2
139276,55,10,45,2
139277,50,11,39,2
139278,42,8,34,2
139279,53,10,43,2
139280,52,1,51,2
139281,61,6,55,2
139282,64,5,59,2
139283,56,5,51,2
139284,49,7,42,2
139285,55,5,50,2
139286,58,8,50,2
139287,48,5,43,2
139288,52,7,45,2
139289,47,5,42,2
139290,57,8,49,2
139291,47,5,42,2
139292,63,3,60,2
139293,47,8,39,2
139294,61,13,48,2
139295,46,7,39,2
139296,52,7,45,2
139297,54,2,52,2
139298,48,6,42,2
139299,49,4,45,2
139300,53,3,50,2
139301,52,5,47,2
139302,55,5,50,2
139303,65,11,54,2
139304,61,6,55,2
139305,50,7,43,2
139306,53,8,45,2
139307,36,5,31,2
139308,54,7,47,2
139309,54,6,48,2
139310,54,5,49,2
139311,68,9,59,2
139312,54,5,49,2
139313,54,7,47,2
139314,54,15,39,2
139315,51,5,46,2
139316,51,6,45,2
139317,45,4,41,2
139318,53,7,46,2
139319,56,5,51,2
139320,57,5,52,2
139321,67,8,59,2
139322,61,8,53,2
139323,53,2,51,2
139324,74,4,70,2
139325,59,9,50,2
139326,53,6,47,2
139327,47,7,40,2
139328,51,5,46,2
139329,55,10,45,2
139330,57,5,52,2
139331,62,5,57,2
139332,49,8,41,2
139333,40,5,35,2
139334,49,5,44,2
139335,59,9,50,2
139336,55,8,47,2
139337,58,5,53,2
139338,52,3,49,2
139339,57,6,51,2
139340,64,8,56,2
139341,55,6,49,2
139342,58,8,50,2
139343,56,4,52,2
139344,55,12,43,2
139345,55,6,49,2
139346,63,3,60,2
139347,58,11,47,2
139348,54,4,50,2
139349,75,3,72,2
139350,52,9,43,2
139351,62,4,58,2
139352,56,7,49,2
139353,49,3,46,2
139354,62,9,53,2
139355,41,3,38,2
139356,42,10,32,2
139357,46,4,42,2
139358,53,9,44,2
139359,56,9,47,2
139360,49,5,44,2
139361,49,7,42,2
139362,63,7,56,2
139363,50,6,44,2
139364,52,3,49,2
139365,55,9,46,2
139366,55,4,51,2
139367,57,11,46,2
139368,51,2,49,2
139369,51,6,45,2
139370,51,12,39,2
139371,61,8,53,2
139372,49,4,45,2
139373,47,8,39,2
139374,53,5,48,2
139375,52,9,43,2
139376,52,11,41,2
139377,55,6,49,2
139378,60,6,54,2
139379,48,8,40,2
139380,51,9,42,2
139381,50,8,42,2
139382,46,2,44,2
139383,47,8,39,2
139384,47,9,38,2
139385,57,7,50,2
139386,71,8,63,2
139387,57,6,51,2
139388,70,5,65,2
139389,58,5,53,2
139390,48,5,43,2
139391,46,7,39,2
139392,59,6,53,2
139393,52,3,49,2
139394,63,8,55,2
139395,60,3,57,2
139396,55,9,46,2
139397,68,9,59,2
139398,48,1,47,2
139399,38,5,33,2
139400,58,0,58,1
139401,49,5,44,2
139402,48,3,45,2
139403,56,6,50,2
139404,45,6,39,2
139405,51,7,44,2
139406,47,5,42,2
139407,53,2,51,2
139408,43,2,41,2
139409,56,8,48,2
139410,55,4,51,2
139411,45,7,38,2
139412,45,7,38,2
139413,51,5,46,2
139414,51,6,45,2
139415,54,9,45,2
139416,48,8,40,2
139417,49,2,47,2
139418,60,12,48,2
139419,53,7,46,2
139420,58,8,50,2
139421,53,9,44,2
139422,61,8,53,2
139423,53,9,44,2
139424,58,6,52,2
139425,44,3,41,2
139426,52,6,46,2
139427,42,2,40,2
139428,48,6,42,2
139429,62,8,54,2
139430,50,5,45,2
139431,55,11,44,2
139432,58,8,50,2
139433,51,11,40,2
139434,57,8,49,2
139435,53,4,49,2
139436,51,5,46,2
139437,64,8,56,2
139438,43,5,38,2
139439,64,7,57,2
139440,56,12,44,2
139441,61,4,57,2
139442,51,6,45,2
139443,43,4,39,2
139444,56,9,47,2
139445,64,9,55,2
139446,53,6,47,2
139447,60,10,50,2
139448,47,7,40,2
139449,47,3,44,2
139450,56,3,53,2
139451,52,8,44,2
139452,44,5,39,2
139453,41,6,35,2
139454,47,7,40,2
139455,51,3,48,2
139456,56,6,50,2
139457,38,3,35,2
139458,55,8,47,2
139459,65,11,54,2
139460,58,10,48,2
139461,36,3,33,2
139462,49,5,44,2
139463,48,5,43,2
139464,49,6,43,2
139465,61,5,56,2
139466,54,6,48,2
139467,51,5,46,2
139468,52,5,47,2
139469,68,12,56,2
139470,49,4,45,2
139471,47,7,40,2
139472,51,7,44,2
139473,46,7,39,2
139474,51,9,42,2
139475,49,4,45,2
139476,53,11,42,2
139477,56,7,49,2
139478,56,4,52,2
139479,73,7,66,2
139480,53,10,43,2
139481,63,3,60,2
139482,55,6,49,2
139483,61,6,55,2
139484,48,6,42,2
139485,52,5,47,2
139486,40,2,38,2
139487,43,5,38,2
139488,51,7,44,2
139489,51,10,41,2
139490,50,5,45,2
139491,49,3,46,2
139492,54,10,44,2
139493,53,9,44,2
139494,59,8,51,2
139495,53,5,48,2
139496,49,6,43,2
139497,62,5,57,2
139498,46,6,40,2
139499,53,8,45,2
139500,60,7,53,2
139501,57,3,54,2
139502,49,4,45,2
139503,60,7,53,2
139504,63,8,55,2
139505,47,9,38,2
139506,59,7,52,2
139507,57,8,49,2
139508,45,3,42,2
139509,58,7,51,2
139510,58,4,54,2
139511,57,4,53,2
139512,54,9,45,2
139513,57,9,48,2
139514,51,6,45,2
139515,67,10,57,2
139516,56,9,47,2
139517,51,5,46,2
139518,45,6,39,2
139519,43,7,36,2
139520,52,2,50,2
139521,60,4,56,2
139522,65,12,53,2
139523,45,5,40,2
139524,52,4,48,2
139525,46,4,42,2
139526,58,7,51,2
139527,63,10,53,2
139528,56,5,51,2
139529,48,5,43,2
139530,49,7,42,2
139531,42,5,37,2
139532,47,5,42,2
139533,63,7,56,2
139534,48,10,38,2
139535,56,6,50,2
139536,60,6,54,2
139537,34,3,31,2
139538,66,8,58,2
139539,59,8,51,2
139540,52,5,47,2
139541,40,4,36,2
139542,51,10,41,2
139543,63,7,56,2
139544,67,8,59,2
139545,52,6,46,2
139546,64,6,58,2
139547,54,4,50,2
139548,60,6,54,2
139549,47,3,44,2
139550,48,8,40,2
139551,50,4,46,2
139552,65,10,55,2
139553,57,6,51,2
139554,48,6,42,2
139555,57,5,52,2
139556,46,8,38,2
139557,54,4,50,2
139558,57,9,48,2
139559,58,13,45,2
139560,51,9,42,2
139561,60,11,49,2
139562,60,8,52,2
139563,50,5,45,2
139564,55,7,48,2
139565,49,8,41,2
139566,45,7,38,2
139567,60,4,56,2
139568,53,5,48,2
139569,57,4,53,2
139570,57,5,52,2
139571,37,3,34,2
139572,66,5,61,2
139573,52,8,44,2
139574,60,10,50,2
139575,54,9,45,2
139576,58,10,48,2
139577,47,3,44,2
139578,51,8,43,2
139579,65,7,58,2
139580,40,8,32,2
139581,41,7,34,2
139582,48,6,42,2
139583,47,3,44,2
139584,42,6,36,2
139585,60,6,54,2
139586,48,5,43,2
139587,57,5,52,2
139588,47,5,42,2
139589,52,13,39,2
139590,47,5,42,2
139591,38,6,32,2
139592,54,7,47,2
139593,54,11,43,2
139594,53,8,45,2
139595,69,8,61,2
139596,39,6,33,2
139597,54,9,45,2
139598,39,2,37,2
139599,49,6,43,2
139600,57,6,51,2
139601,52,10,42,2
139602,55,5,50,2
139603,67,9,58,2
139604,56,4,52,2
139605,53,7,46,2
139606,59,10,49,2
139607,55,4,51,2
139608,46,7,39,2
139609,58,8,50,2
139610,58,5,53,2
139611,64,7,57,2
139612,54,9,45,2
139613,63,6,57,2
139614,50,5,45,2
139615,69,5,64,2
139616,57,9,48,2
139617,49,5,44,2
139618,50,5,45,2
139619,72,9,63,2
139620,45,0,45,1
139621,54,4,50,2
139622,57,9,48,2
139623,64,6,58,2
139624,59,8,51,2
139625,47,9,38,2
139626,55,4,51,2
139627,53,10,43,2
139628,59,10,49,2
139629,52,1,51,2
139630,60,5,55,2
139631,52,1,51,2
139632,45,10,35,2
139633,84,10,74,2
139634,68,12,56,2
139635,50,5,45,2
139636,61,3,58,2
139637,54,2,52,2
139638,52,7,45,2
139639,55,5,50,2
139640,51,3,48,2
139641,55,6,49,2
139642,59,7,52,2
139643,46,2,44,2
139644,43,5,38,2
139645,52,6,46,2
139646,58,9,49,2
139647,52,8,44,2
139648,59,6,53,2
139649,55,5,50,2
139650,66,15,51,2
139651,54,5,49,2
139652,54,4,50,2
139653,53,6,47,2
139654,48,10,38,2
139655,60,9,51,2
139656,62,4,58,2
139657,47,7,40,2
139658,49,5,44,2
139659,56,4,52,2
139660,54,4,50,2
139661,49,3,46,2
139662,54,8,46,2
139663,52,4,48,2
139664,52,8,44,2
139665,54,7,47,2
139666,45,6,39,2
139667,65,9,56,2
139668,39,6,33,2
139669,64,2,62,2
139670,53,4,49,2
139671,55,8,47,2
139672,61,8,53,2
139673,51,4,47,2
139674,53,4,49,2
139675,65,10,55,2
139676,58,11,47,2
139677,49,9,40,2
139678,43,5,38,2
139679,45,10,35,2
139680,63,6,57,2
139681,49,5,44,2
139682,53,6,47,2
139683,59,5,54,2
139684,58,9,49,2
139685,61,3,58,2
139686,43,5,38,2
139687,53,11,42,2
139688,61,12,49,2
139689,50,7,43,2
139690,57,7,50,2
139691,40,4,36,2
139692,68,12,56,2
139693,61,6,55,2
139694,60,4,56,2
139695,57,3,54,2
139696,55,2,53,2
139697,50,7,43,2
139698,59,6,53,2
139699,60,7,53,2
139700,47,8,39,2
139701,51,13,38,2
139702,47,6,41,2
139703,47,6,41,2
139704,58,8,50,2
139705,51,8,43,2
139706,50,7,43,2
139707,48,6,42,2
139708,54,9,45,2
139709,58,2,56,2
139710,65,11,54,2
139711,55,4,51,2
139712,48,6,42,2
139713,57,9,48,2
139714,63,3,60,2
139715,46,3,43,2
139716,56,12,44,2
139717,47,9,38,2
139718,50,11,39,2
139719,47,4,43,2
139720,61,9,52,2
139721,55,11,44,2
139722,48,3,45,2
139723,54,4,50,2
139724,55,10,45,2
139725,53,4,49,2
139726,69,8,61,2
139727,59,6,53,2
139728,51,5,46,2
139729,57,6,51,2
139730,61,11,50,2
139731,69,3,66,2
139732,59,6,53,2
139733,51,7,44,2
139734,58,11,47,2
139735,42,4,38,2
139736,51,7,44,2
139737,53,5,48,2
139738,59,6,53,2
139739,68,8,60,2
139740,56,4,52,2
139741,59,5,54,2
139742,53,2,51,2
139743,57,8,49,2
139744,60,6,54,2
139745,62,5,57,2
139746,63,9,54,2
139747,49,3,46,2
139748,69,8,61,2
139749,52,8,44,2
139750,59,7,52,2
139751,61,9,52,2
139752,64,5,59,2
139753,59,4,55,2
139754,50,9,41,2
139755,44,3,41,2
139756,53,4,49,2
139757,50,4,46,2
139758,74,8,66,2
139759,55,7,48,2
139760,56,8,48,2
139761,71,7,64,2
139762,51,5,46,2
139763,62,10,52,2
139764,62,7,55,2
139765,68,8,60,2
139766,64,6,58,2
139767,75,9,66,2
139768,55,7,48,2
139769,56,2,54,2
139770,58,5,53,2
139771,52,4,48,2
139772,61,9,52,2
139773,62,7,55,2
139774,54,8,46,2
139775,53,3,50,2
139776,52,8,44,2
139777,46,5,41,2
139778,51,9,42,2
139779,53,4,49,2
139780,68,9,59,2
139781,61,4,57,2
139782,50,4,46,2
139783,54,7,47,2
139784,56,12,44,2
139785,48,4,44,2
139786,51,7,44,2
139787,50,5,45,2
139788,45,5,40,2
139789,50,6,44,2
139790,64,7,57,2
139791,68,9,59,2
139792,48,14,34,2
139793,54,4,50,2
139794,49,9,40,2
139795,71,11,60,2
139796,55,7,48,2
139797,56,5,51,2
139798,50,6,44,2
139799,51,9,42,2
139800,59,5,54,2
139801,49,4,45,2
139802,57,7,50,2
139803,59,12,47,2
139804,50,8,42,2
139805,54,6,48,2
139806,57,6,51,2
139807,64,12,52,2
139808,60,7,53,2
139809,59,5,54,2
139810,42,8,34,2
139811,51,7,44,2
139812,67,7,60,2
139813,57,4,53,2
139814,57,4,53,2
139815,52,6,46,2
139816,46,4,42,2
139817,52,5,47,2
139818,53,7,46,2
139819,59,11,48,2
139820,58,3,55,2
139821,53,6,47,2
139822,49,7,42,2
139823,56,7,49,2
139824,56,8,48,2
139825,58,16,42,2
139826,62,5,57,2
139827,42,3,39,2
139828,53,8,45,2
139829,58,6,52,2
139830,58,8,50,2
139831,49,6,43,2
139832,32,4,28,2
139833,56,5,51,2
139834,61,4,57,2
139835,67,3,64,2
139836,62,8,54,2
139837,56,6,50,2
139838,44,2,42,2
139839,65,6,59,2
139840,56,4,52,2
139841,58,9,49,2
139842,73,5,68,2
139843,55,4,51,2
139844,61,7,54,2
139845,53,5,48,2
139846,63,8,55,2
139847,57,5,52,2
139848,48,9,39,2
139849,46,5,41,2
139850,53,10,43,2
139851,53,7,46,2
139852,59,7,52,2
139853,44,4,40,2
139854,62,3,59,2
139855,60,7,53,2
139856,60,11,49,2
139857,47,7,40,2
139858,64,11,53,2
139859,56,5,51,2
139860,54,4,50,2
139861,56,8,48,2
139862,55,10,45,2
139863,58,3,55,2
139864,44,4,40,2
139865,54,6,48,2
139866,55,11,44,2
139867,55,4,51,2
139868,47,5,42,2
139869,41,4,37,2
139870,49,5,44,2
139871,51,10,41,2
139872,54,5,49,2
139873,56,9,47,2
139874,39,6,33,2
139875,52,3,49,2
139876,56,4,52,2
139877,53,8,45,2
139878,49,7,42,2
139879,46,4,42,2
139880,49,4,45,2
139881,46,5,41,2
139882,49,10,39,2
139883,65,6,59,2
139884,50,7,43,2
139885,54,9,45,2
139886,58,7,51,2
139887,56,7,49,2
139888,56,6,50,2
139889,60,13,47,2
139890,47,8,39,2
139891,61,6,55,2
139892,56,7,49,2
139893,56,8,48,2
139894,53,6,47,2
139895,61,11,50,2
139896,62,8,54,2
139897,63,10,53,2
139898,55,13,42,2
139899,50,7,43,2
139900,61,6,55,2
139901,59,7,52,2
139902,55,6,49,2
139903,51,11,40,2
139904,75,16,59,2
139905,58,10,48,2
139906,58,12,46,2
139907,44,4,40,2
139908,63,6,57,2
139909,48,5,43,2
139910,58,5,53,2
139911,52,5,47,2
139912,61,12,49,2
139913,56,8,48,2
139914,51,4,47,2
139915,58,8,50,2
139916,55,9,46,2
139917,53,5,48,2
139918,55,2,53,2
139919,54,6,48,2
139920,52,8,44,2
139921,57,6,51,2
139922,55,6,49,2
139923,60,5,55,2
139924,43,2,41,2
139925,57,9,48,2
139926,54,7,47,2
139927,53,7,46,2
139928,55,3,52,2
139929,66,9,57,2
139930,54,5,49,2
139931,67,7,60,2
139932,42,6,36,2
139933,45,7,38,2
139934,56,6,50,2
139935,68,6,62,2
139936,37,5,32,2
139937,45,4,41,2
139938,55,6,49,2
139939,51,7,44,2
139940,66,8,58,2
139941,51,5,46,2
139942,54,5,49,2
139943,62,7,55,2
139944,69,8,61,2
139945,56,10,46,2
139946,55,5,50,2
139947,61,6,55,2
139948,43,3,40,2
139949,69,6,63,2
139950,63,6,57,2
139951,59,7,52,2
139952,54,4,50,2
139953,57,10,47,2
139954,42,7,35,2
139955,57,3,54,2
139956,65,14,51,2
139957,64,7,57,2
139958,45,5,40,2
139959,48,6,42,2
139960,63,12,51,2
139961,56,8,48,2
139962,64,13,51,2
139963,53,7,46,2
139964,58,9,49,2
139965,50,4,46,2
139966,57,4,53,2
139967,59,7,52,2
139968,51,5,46,2
139969,57,4,53,2
139970,46,3,43,2
139971,60,8,52,2
139972,71,7,64,2
139973,60,4,56,2
139974,48,8,40,2
139975,66,12,54,2
139976,53,5,48,2
139977,50,5,45,2
139978,59,7,52,2
139979,64,9,55,2
139980,59,8,51,2
139981,58,9,49,2
139982,53,5,48,2
139983,45,5,40,2
139984,59,2,57,2
139985,61,9,52,2
139986,50,8,42,2
139987,41,5,36,2
139988,62,9,53,2
139989,51,5,46,2
139990,56,6,50,2
139991,54,7,47,2
139992,60,9,51,2
139993,51,5,46,2
139994,58,6,52,2
139995,59,5,54,2
139996,50,7,43,2
139997,65,6,59,2
139998,64,7,57,2
139999,67,4,63,2
140000,51,8,43,2
140001,44,6,38,2
140002,61,8,53,2
140003,58,6,52,2
140004,46,5,41,2
140005,63,9,54,2
140006,47,3,44,2
140007,56,4,52,2
140008,61,8,53,2
140009,62,8,54,2
140010,43,6,37,2
140011,54,6,48,2
140012,61,7,54,2
140013,55,7,48,2
140014,61,7,54,2
140015,64,6,58,2
140016,59,6,53,2
140017,63,11,52,2
140018,55,7,48,2
140019,61,8,53,2
140020,55,5,50,2
140021,45,3,42,2
140022,59,2,57,2
140023,43,4,39,2
140024,48,5,43,2
140025,44,4,40,2
140026,44,5,39,2
140027,44,6,38,2
140028,69,5,64,2
140029,51,8,43,2
140030,55,5,50,2
140031,57,7,50,2
140032,51,6,45,2
140033,50,10,40,2
140034,66,9,57,2
140035,65,8,57,2
140036,55,7,48,2
140037,60,12,48,2
140038,60,9,51,2
140039,43,6,37,2
140040,58,9,49,2
140041,60,8,52,2
140042,52,10,42,2
140043,54,7,47,2
140044,69,10,59,2
140045,53,5,48,2
140046,68,8,60,2
140047,69,7,62,2
140048,53,5,48,2
140049,67,11,56,2
140050,54,8,46,2
140051,43,3,40,2
140052,45,5,40,2
140053,56,6,50,2
140054,53,11,42,2
140055,65,5,60,2
140056,66,5,61,2
140057,65,4,61,2
140058,38,3,35,2
140059,51,7,44,2
140060,53,3,50,2
140061,52,3,49,2
140062,51,6,45,2
140063,45,7,38,2
140064,50,4,46,2
140065,46,5,41,2
140066,67,7,60,2
140067,64,4,60,2
140068,50,6,44,2
140069,70,6,64,2
140070,63,12,51,2
140071,59,6,53,2
140072,50,7,43,2
140073,51,8,43,2
140074,68,9,59,2
140075,60,5,55,2
140076,50,5,45,2
140077,48,11,37,2
140078,62,4,58,2
140079,48,5,43,2
140080,45,6,39,2
140081,67,3,64,2
140082,46,6,40,2
140083,47,11,36,2
140084,49,4,45,2
140085,63,5,58,2
140086,42,5,37,2
140087,49,5,44,2
140088,50,3,47,2
140089,53,5,48,2
140090,61,12,49,2
140091,67,6,61,2
140092,59,6,53,2
140093,60,14,46,2
140094,57,2,55,2
140095,65,4,61,2
140096,61,6,55,2
140097,50,4,46,2
140098,58,8,50,2
140099,49,4,45,2
140100,70,9,61,2
140101,52,5,47,2
140102,54,6,48,2
140103,49,6,43,2
140104,55,6,49,2
140105,52,4,48,2
140106,65,10,55,2
140107,48,6,42,2
140108,67,6,61,2
140109,56,6,50,2
140110,66,9,57,2
140111,68,11,57,2
140112,47,4,43,2
140113,47,3,44,2
140114,48,9,39,2
140115,62,7,55,2
140116,47,7,40,2
140117,58,3,55,2
140118,37,3,34,2
140119,54,2,52,2
140120,61,8,53,2
140121,50,8,42,2
140122,58,6,52,2
140123,58,8,50,2
140124,56,14,42,2
140125,52,8,44,2
140126,47,5,42,2
140127,63,9,54,2
140128,67,15,52,2
140129,51,4,47,2
140130,68,7,61,2
140131,51,4,47,2
140132,58,5,53,2
140133,52,6,46,2
140134,56,5,51,2
140135,48,5,43,2
140136,57,9,48,2
140137,52,8,44,2
140138,60,5,55,2
140139,50,6,44,2
140140,45,6,39,2
140141,60,8,52,2
140142,59,9,50,2
140143,67,4,63,2
140144,56,11,45,2
140145,52,8,44,2
140146,43,2,41,2
140147,54,5,49,2
140148,48,5,43,2
140149,58,5,53,2
140150,60,7,53,2
140151,47,6,41,2
140152,59,8,51,2
140153,46,11,35,2
140154,76,8,68,2
140155,46,3,43,2
140156,52,3,49,2
140157,55,4,51,2
140158,55,10,45,2
140159,60,2,58,2
140160,60,7,53,2
140161,51,4,47,2
140162,46,4,42,2
140163,56,8,48,2
140164,55,6,49,2
140165,55,7,48,2
140166,56,9,47,2
140167,52,3,49,2
140168,47,7,40,2
140169,43,3,40,2
140170,53,6,47,2
140171,63,5,58,2
140172,59,4,55,2
140173,49,7,42,2
140174,62,9,53,2
140175,48,6,42,2
140176,73,8,65,2
140177,50,6,44,2
140178,52,5,47,2
140179,64,5,59,2
140180,64,8,56,2
140181,62,8,54,2
140182,54,9,45,2
140183,53,10,43,2
140184,53,10,43,2
140185,40,5,35,2
140186,63,3,60,2
140187,56,8,48,2
140188,61,10,51,2
140189,50,6,44,2
140190,75,7,68,2
140191,38,8,30,2
140192,38,3,35,2
140193,39,4,35,2
140194,52,5,47,2
140195,66,11,55,2
140196,51,7,44,2
140197,60,5,55,2
140198,55,6,49,2
140199,57,5,52,2
140200,60,7,53,2
140201,56,8,48,2
140202,47,5,42,2
140203,55,6,49,2
140204,61,7,54,2
140205,51,7,44,2
140206,60,5,55,2
140207,43,3,40,2
140208,56,4,52,2
140209,57,5,52,2
140210,53,8,45,2
140211,43,5,38,2
140212,51,5,46,2
140213,39,3,36,2
140214,52,7,45,2
140215,57,11,46,2
140216,56,6,50,2
140217,45,5,40,2
140218,58,7,51,2
140219,50,3,47,2
140220,53,6,47,2
140221,46,4,42,2
140222,58,5,53,2
140223,47,6,41,2
140224,67,5,62,2
140225,63,11,52,2
140226,62,7,55,2
140227,42,3,39,2
140228,58,5,53,2
140229,56,6,50,2
140230,35,4,31,2
140231,59,11,48,2
140232,57,11,46,2
140233,71,8,63,2
140234,56,4,52,2
140235,45,8,37,2
140236,69,11,58,2
140237,56,9,47,2
140238,60,3,57,2
140239,45,3,42,2
140240,63,6,57,2
140241,42,8,34,2
140242,64,8,56,2
140243,61,6,55,2
140244,53,5,48,2
140245,47,9,38,2
140246,53,6,47,2
140247,49,4,45,2
140248,57,8,49,2
140249,49,5,44,2
140250,46,7,39,2
140251,55,5,50,2
140252,59,7,52,2
140253,56,8,48,2
140254,47,6,41,2
140255,51,6,45,2
140256,47,4,43,2
140257,36,0,36,1
140258,45,5,40,2
140259,53,1,52,2
140260,50,4,46,2
140261,38,7,31,2
140262,53,5,48,2
140263,54,7,47,2
140264,52,4,48,2
140265,34,4,30,2
140266,65,7,58,2
140267,57,8,49,2
140268,54,3,51,2
140269,54,5,49,2
140270,36,4,32,2
140271,51,5,46,2
140272,56,5,51,2
140273,64,9,55,2
140274,43,4,39,2
140275,67,7,60,2
140276,50,7,43,2
140277,48,6,42,2
140278,41,2,39,2
140279,41,5,36,2
140280,50,6,44,2
140281,55,8,47,2
140282,52,7,45,2
140283,42,8,34,2
140284,48,5,43,2
140285,53,7,46,2
140286,56,8,48,2
140287,68,5,63,2
140288,62,9,53,2
140289,52,6,46,2
140290,54,6,48,2
140291,72,3,69,2
140292,54,7,47,2
140293,46,1,45,2
140294,49,7,42,2
140295,51,5,46,2
140296,48,4,44,2
140297,67,7,60,2
140298,56,3,53,2
140299,59,5,54,2
140300,56,4,52,2
140301,46,3,43,2
140302,54,11,43,2
140303,53,11,42,2
140304,57,6,51,2
140305,54,4,50,2
140306,61,8,53,2
140307,53,4,49,2
140308,50,7,43,2
140309,52,6,46,2
140310,51,8,43,2
140311,58,12,46,2
140312,53,7,46,2
140313,47,3,44,2
140314,52,5,47,2
140315,70,8,62,2
140316,64,8,56,2
140317,51,3,48,2
140318,40,2,38,2
140319,50,8,42,2
140320,42,2,40,2
140321,53,4,49,2
140322,66,9,57,2
140323,51,9,42,2
140324,55,8,47,2
140325,51,8,43,2
140326,57,8,49,2
140327,44,5,39,2
140328,44,8,36,2
140329,48,4,44,2
140330,48,3,45,2
140331,61,6,55,2
140332,44,5,39,2
140333,50,11,39,2
140334,66,5,61,2
140335,53,5,48,2
140336,49,5,44,2
140337,58,10,48,2
140338,57,10,47,2
140339,49,9,40,2
140340,60,10,50,2
140341,51,9,42,2
140342,59,8,51,2
140343,69,11,58,2
140344,62,5,57,2
140345,44,2,42,2
140346,55,8,47,2
140347,66,9,57,2
140348,61,1,60,2
140349,70,9,61,2
140350,56,9,47,2
140351,45,4,41,2
140352,59,7,52,2
140353,52,5,47,2
140354,57,11,46,2
140355,53,6,47,2
140356,45,5,40,2
140357,53,5,48,2
140358,61,10,51,2
140359,38,7,31,2
140360,47,1,46,2
140361,56,5,51,2
140362,56,9,47,2
140363,37,3,34,2
140364,56,6,50,2
140365,61,5,56,2
140366,46,7,39,2
140367,46,6,40,2
140368,36,4,32,2
140369,49,6,43,2
140370,60,6,54,2
140371,46,5,41,2
140372,62,11,51,2
140373,56,2,54,2
140374,45,11,34,2
140375,64,8,56,2
140376,57,8,49,2
140377,53,6,47,2
140378,60,6,54,2
140379,58,7,51,2
140380,62,5,57,2
140381,37,2,35,2
140382,59,6,53,2
140383,38,5,33,2
140384,65,10,55,2
140385,60,8,52,2
140386,56,6,50,2
140387,55,6,49,2
140388,46,6,40,2
140389,53,7,46,2
140390,59,6,53,2
140391,66,10,56,2
140392,69,9,60,2
140393,57,5,52,2
140394,55,6,49,2
140395,54,5,49,2
140396,65,11,54,2
140397,48,5,43,2
140398,45,4,41,2
140399,51,4,47,2
140400,50,10,40,2
140401,55,3,52,2
140402,78,6,72,2
140403,56,5,51,2
140404,52,8,44,2
140405,65,10,55,2
140406,69,1,68,2
140407,62,7,55,2
140408,40,2,38,2
140409,49,2,47,2
140410,45,5,40,2
140411,47,7,40,2
140412,57,2,55,2
140413,46,7,39,2
140414,44,8,36,2
140415,57,7,50,2
140416,46,8,38,2
140417,58,10,48,2
140418,53,7,46,2
140419,60,4,56,2
140420,55,9,46,2
140421,45,8,37,2
140422,49,9,40,2
140423,52,6,46,2
140424,59,15,44,2
140425,54,5,49,2
140426,45,11,34,2
140427,49,5,44,2
140428,55,8,47,2
140429,57,8,49,2
140430,50,1,49,2
140431,56,6,50,2
140432,64,13,51,2
140433,48,6,42,2
140434,11,0,11,1
140435,42,6,36,2
140436,44,4,40,2
140437,61,11,50,2
140438,58,5,53,2
140439,53,5,48,2
140440,65,5,60,2
140441,63,6,57,2
140442,49,5,44,2
140443,60,2,58,2
140444,60,9,51,2
140445,48,7,41,2
140446,43,11,32,2
140447,52,5,47,2
140448,57,8,49,2
140449,64,3,61,2
140450,52,3,49,2
140451,67,11,56,2
140452,76,3,73,2
140453,50,4,46,2
140454,65,13,52,2
140455,51,5,46,2
140456,52,7,45,2
140457,58,5,53,2
140458,44,5,39,2
140459,41,6,35,2
140460,48,3,45,2
140461,58,2,56,2
140462,50,5,45,2
140463,62,4,58,2
140464,45,4,41,2
140465,59,2,57,2
140466,64,8,56,2
140467,45,9,36,2
140468,60,3,57,2
140469,47,5,42,2
140470,56,4,52,2
140471,56,7,49,2
140472,69,7,62,2
140473,53,6,47,2
140474,44,11,33,2
140475,44,2,42,2
140476,56,5,51,2
140477,55,8,47,2
140478,62,10,52,2
140479,53,6,47,2
140480,59,7,52,2
140481,51,10,41,2
140482,52,5,47,2
140483,49,6,43,2
140484,57,5,52,2
140485,60,8,52,2
140486,46,8,38,2
140487,66,2,64,2
140488,48,6,42,2
140489,54,5,49,2
140490,46,9,37,2
140491,52,11,41,2
140492,41,4,37,2
140493,65,10,55,2
140494,51,5,46,2
140495,54,7,47,2
140496,48,7,41,2
140497,69,9,60,2
140498,54,6,48,2
140499,52,6,46,2
140500,50,3,47,2
140501,52,4,48,2
140502,47,2,45,2
140503,48,8,40,2
140504,46,4,42,2
140505,48,5,43,2
140506,50,9,41,2
140507,51,7,44,2
140508,46,5,41,2
140509,50,2,48,2
140510,50,4,46,2
140511,60,8,52,2
140512,60,6,54,2
140513,53,7,46,2
140514,45,2,43,2
140515,50,5,45,2
140516,43,6,37,2
140517,51,10,41,2
140518,54,5,49,2
140519,44,4,40,2
140520,45,5,40,2
140521,55,7,48,2
140522,54,6,48,2
140523,55,9,46,2
140524,56,6,50,2
140525,55,5,50,2
140526,60,6,54,2
140527,70,5,65,2
140528,66,9,57,2
140529,61,9,52,2
140530,56,4,52,2
140531,62,11,51,2
140532,52,7,45,2
140533,58,7,51,2
140534,55,6,49,2
140535,66,7,59,2
140536,63,4,59,2
140537,52,10,42,2
140538,59,1,58,2
140539,58,5,53,2
140540,47,4,43,2
140541,51,8,43,2
140542,56,4,52,2
140543,65,5,60,2
140544,56,7,49,2
140545,65,11,54,2
140546,50,4,46,2
140547,53,9,44,2
140548,47,13,34,2
140549,53,7,46,2
140550,42,6,36,2
140551,42,5,37,2
140552,55,7,48,2
140553,55,7,48,2
140554,55,6,49,2
140555,56,6,50,2
140556,47,9,38,2
140557,51,7,44,2
140558,55,6,49,2
140559,47,3,44,2
140560,47,3,44,2
140561,57,16,41,2
140562,51,5,46,2
140563,53,3,50,2
140564,44,3,41,2
140565,45,4,41,2
140566,54,5,49,2
140567,53,7,46,2
140568,48,10,38,2
140569,70,13,57,2
140570,69,9,60,2
140571,73,7,66,2
140572,45,5,40,2
140573,72,10,62,2
140574,64,10,54,2
140575,71,8,63,2
140576,62,11,51,2
140577,62,6,56,2
140578,44,7,37,2
140579,56,2,54,2
140580,54,9,45,2
140581,51,7,44,2
140582,44,8,36,2
140583,51,7,44,2
140584,56,4,52,2
140585,71,7,64,2
140586,49,5,44,2
140587,65,11,54,2
140588,34,5,29,2
140589,63,6,57,2
140590,60,10,50,2
140591,52,6,46,2
140592,49,3,46,2
140594,53,8,45,2
140595,53,6,47,2
140596,45,1,44,2
140597,68,8,60,2
140598,69,12,57,2
140599,53,5,48,2
140600,47,7,40,2
140601,53,5,48,2
140602,54,7,47,2
140603,52,9,43,2
140604,49,7,42,2
140605,55,3,52,2
140606,48,1,47,2
140607,62,7,55,2
140608,44,7,37,2
140609,54,9,45,2
140610,62,9,53,2
140611,57,8,49,2
140612,61,11,50,2
140613,52,8,44,2
140614,60,6,54,2
140615,53,9,44,2
140616,59,7,52,2
140617,46,2,44,2
140618,51,3,48,2
140619,57,9,48,2
140620,59,10,49,2
140621,52,4,48,2
140622,65,11,54,2
140623,55,7,48,2
140624,57,5,52,2
140625,59,13,46,2
140626,44,9,35,2
140627,63,9,54,2
140628,41,4,37,2
140629,38,6,32,2
140630,59,4,55,2
140631,67,6,61,2
140632,35,4,31,2
140633,44,4,40,2
140634,64,8,56,2
140635,63,5,58,2
140636,54,5,49,2
140637,52,9,43,2
140638,62,4,58,2
140639,56,11,45,2
140640,47,2,45,2
140641,54,11,43,2
140642,56,5,51,2
140643,62,11,51,2
140644,56,6,50,2
140645,52,4,48,2
140646,54,5,49,2
140647,58,9,49,2
140648,59,9,50,2
140649,63,2,61,2
140650,51,4,47,2
140651,46,5,41,2
140652,55,7,48,2
140653,58,5,53,2
140654,61,8,53,2
140655,55,9,46,2
140656,62,8,54,2
140657,58,10,48,2
140658,49,4,45,2
140659,54,11,43,2
140660,59,8,51,2
140661,62,5,57,2
140662,45,6,39,2
140663,54,5,49,2
140664,53,8,45,2
140665,53,6,47,2
140666,41,4,37,2
140667,60,8,52,2
140668,55,7,48,2
140669,49,6,43,2
140670,59,7,52,2
140671,51,6,45,2
140672,61,1,60,2
140673,56,7,49,2
140674,61,6,55,2
140675,54,8,46,2
140676,68,8,60,2
140677,44,6,38,2
140678,49,4,45,2
140679,43,4,39,2
140680,52,5,47,2
140681,51,3,48,2
140682,54,3,51,2
140683,41,5,36,2
140684,57,7,50,2
140685,61,8,53,2
140686,53,6,47,2
140687,56,6,50,2
140688,61,6,55,2
140689,77,9,68,2
140690,59,5,54,2
140691,58,4,54,2
140692,48,2,46,2
140693,57,6,51,2
140694,44,9,35,2
140695,60,5,55,2
140696,60,7,53,2
140697,42,4,38,2
140698,54,6,48,2
140699,52,6,46,2
140700,64,7,57,2
140701,66,6,60,2
140702,67,4,63,2
140703,70,14,56,2
140704,50,8,42,2
140705,56,6,50,2
140706,55,8,47,2
140707,50,6,44,2
140708,67,6,61,2
140709,65,13,52,2
140710,55,7,48,2
140711,68,10,58,2
140712,60,10,50,2
140713,59,7,52,2
140714,55,14,41,2
140715,45,3,42,2
140716,55,7,48,2
140717,40,8,32,2
140718,54,12,42,2
140719,47,4,43,2
140720,54,8,46,2
140721,50,7,43,2
140722,64,6,58,2
140723,50,4,46,2
140724,55,8,47,2
140725,54,7,47,2
140726,47,8,39,2
140727,69,8,61,2
140728,45,4,41,2
140729,65,7,58,2
140730,59,5,54,2
140731,56,4,52,2
140732,49,6,43,2
140733,45,2,43,2
140734,55,2,53,2
140735,53,7,46,2
140736,57,10,47,2
140737,66,9,57,2
140738,54,7,47,2
140739,55,7,48,2
140740,42,6,36,2
140741,48,8,40,2
140742,56,6,50,2
140743,62,12,50,2
140744,64,5,59,2
140745,37,4,33,2
140746,57,6,51,2
140747,53,3,50,2
140748,52,7,45,2
140749,53,7,46,2
140750,50,9,41,2
140751,58,6,52,2
140752,48,10,38,2
140753,63,10,53,2
140754,49,10,39,2
140755,52,4,48,2
140756,54,6,48,2
140757,68,5,63,2
140758,53,4,49,2
140759,58,13,45,2
140760,63,4,59,2
140761,69,8,61,2
140762,49,8,41,2
140763,54,6,48,2
140764,52,6,46,2
140765,55,6,49,2
140766,48,4,44,2
140767,66,6,60,2
140768,57,8,49,2
140769,56,9,47,2
140770,53,4,49,2
140771,40,6,34,2
140772,56,7,49,2
140773,59,6,53,2
140774,52,8,44,2
140775,58,8,50,2
140776,54,4,50,2
140777,56,4,52,2
140778,59,10,49,2
140779,55,10,45,2
140780,42,4,38,2
140781,53,5,48,2
140782,51,4,47,2
140783,53,5,48,2
140784,54,9,45,2
140785,45,6,39,2
140786,51,8,43,2
140787,50,3,47,2
140788,50,8,42,2
140789,64,6,58,2
140790,62,3,59,2
140791,62,7,55,2
140792,48,7,41,2
140793,49,3,46,2
140794,63,7,56,2
140795,61,10,51,2
140796,71,8,63,2
140797,46,6,40,2
140798,50,8,42,2
140799,50,8,42,2
140800,55,7,48,2
140801,50,5,45,2
140802,51,6,45,2
140803,61,8,53,2
140804,54,12,42,2
140805,64,10,54,2
140806,49,4,45,2
140807,54,11,43,2
140808,50,8,42,2
140809,49,3,46,2
140810,47,7,40,2
140811,55,5,50,2
140812,45,5,40,2
140813,58,7,51,2
140814,52,3,49,2
140815,54,7,47,2
140816,52,5,47,2
140817,68,9,59,2
140818,61,6,55,2
140819,53,3,50,2
140820,45,6,39,2
140821,52,5,47,2
140822,53,10,43,2
140823,68,8,60,2
140824,55,5,50,2
140825,46,8,38,2
140826,53,7,46,2
140827,49,5,44,2
140828,53,8,45,2
140829,61,5,56,2
140830,57,7,50,2
140831,58,7,51,2
140832,40,5,35,2
140833,60,14,46,2
140834,51,7,44,2
140835,45,4,41,2
140836,50,7,43,2
140837,53,7,46,2
140838,57,9,48,2
140839,59,7,52,2
140840,51,6,45,2
140841,55,7,48,2
140842,72,7,65,2
140843,61,4,57,2
140844,56,10,46,2
140845,54,8,46,2
140846,55,5,50,2
140847,46,9,37,2
140848,54,9,45,2
140849,54,11,43,2
140850,47,6,41,2
140851,68,8,60,2
140852,53,9,44,2
140853,59,10,49,2
140854,60,10,50,2
140855,54,3,51,2
140856,61,4,57,2
140857,51,9,42,2
140858,60,11,49,2
140859,55,4,51,2
140860,53,4,49,2
140861,41,5,36,2
140862,49,6,43,2
140863,39,3,36,2
140864,47,6,41,2
140865,52,6,46,2
140866,54,11,43,2
140867,59,13,46,2
140868,54,8,46,2
140869,46,7,39,2
140870,64,10,54,2
140871,47,4,43,2
140872,55,11,44,2
140873,62,14,48,2
140874,47,6,41,2
140875,53,6,47,2
140876,54,9,45,2
140877,50,8,42,2
140878,45,5,40,2
140879,59,9,50,2
140880,59,6,53,2
140881,58,10,48,2
140882,65,17,48,2
140883,53,4,49,2
140884,52,4,48,2
140885,55,12,43,2
140886,56,6,50,2
140887,54,6,48,2
140888,51,7,44,2
140889,60,8,52,2
140890,63,12,51,2
140891,57,2,55,2
140893,40,4,36,2
140894,63,6,57,2
140895,56,9,47,2
140896,51,7,44,2
140897,51,4,47,2
140898,50,2,48,2
140899,69,8,61,2
140900,62,8,54,2
140901,66,9,57,2
140902,52,8,44,2
140904,60,8,52,2
140905,50,4,46,2
140906,54,8,46,2
140907,57,9,48,2
140908,50,4,46,2
140909,44,4,40,2
140910,54,7,47,2
140911,48,6,42,2
140912,68,6,62,2
140913,56,5,51,2
140914,53,7,46,2
140915,56,7,49,2
140916,64,4,60,2
140917,62,8,54,2
140918,53,8,45,2
140919,51,5,46,2
140920,56,8,48,2
140921,40,7,33,2
140922,63,8,55,2
140923,63,12,51,2
140924,51,8,43,2
140925,56,4,52,2
140926,57,12,45,2
140927,53,9,44,2
140928,63,6,57,2
140929,51,7,44,2
140930,44,6,38,2
140931,63,10,53,2
140932,50,5,45,2
140933,52,9,43,2
140934,51,4,47,2
140935,47,7,40,2
140936,64,12,52,2
140937,60,7,53,2
140938,64,9,55,2
140939,43,8,35,2
140940,43,5,38,2
140941,50,7,43,2
140942,55,6,49,2
140943,75,7,68,2
140944,44,6,38,2
140945,58,14,44,2
140946,56,4,52,2
140947,52,9,43,2
140948,60,7,53,2
140949,39,4,35,2
140950,45,6,39,2
140951,63,11,52,2
140952,54,8,46,2
140953,52,7,45,2
140954,42,4,38,2
140955,54,7,47,2
140956,62,6,56,2
140957,62,6,56,2
140958,52,3,49,2
140959,58,7,51,2
140960,55,5,50,2
140961,52,4,48,2
140962,59,7,52,2
140963,54,6,48,2
140964,57,5,52,2
140965,62,4,58,2
140966,51,7,44,2
140967,57,7,50,2
140968,56,4,52,2
140969,48,9,39,2
140970,58,6,52,2
140971,48,4,44,2
140972,53,7,46,2
140973,56,10,46,2
140974,50,8,42,2
140975,51,8,43,2
140976,64,7,57,2
140977,58,5,53,2
140978,62,5,57,2
140979,43,8,35,2
140980,48,5,43,2
140981,58,9,49,2
140982,61,8,53,2
140983,55,6,49,2
140984,60,9,51,2
140985,65,9,56,2
140986,46,3,43,2
140987,62,5,57,2
140988,50,4,46,2
140989,49,3,46,2
140990,51,2,49,2
140991,66,15,51,2
140992,42,1,41,2
140993,45,6,39,2
140994,59,6,53,2
140995,55,3,52,2
140996,62,7,55,2
140997,56,9,47,2
140998,38,2,36,2
140999,49,6,43,2
141000,53,10,43,2
141001,40,2,38,2
141002,69,10,59,2
141003,59,8,51,2
141004,54,8,46,2
141005,65,8,57,2
141006,68,4,64,2
141007,43,6,37,2
141008,61,10,51,2
141009,53,9,44,2
141010,47,3,44,2
141011,54,7,47,2
141012,64,7,57,2
141013,41,2,39,2
141014,49,3,46,2
141015,63,9,54,2
141016,65,8,57,2
141017,53,8,45,2
141018,52,6,46,2
141019,58,5,53,2
141020,54,7,47,2
141021,46,10,36,2
141022,54,5,49,2
141023,58,6,52,2
141024,61,7,54,2
141025,58,10,48,2
141026,50,3,47,2
141027,59,5,54,2
141028,55,4,51,2
141029,51,8,43,2
141030,52,3,49,2
141031,56,8,48,2
141032,60,6,54,2
141033,59,6,53,2
141034,44,5,39,2
141035,48,8,40,2
141036,60,6,54,2
141037,42,6,36,2
141038,60,10,50,2
141039,57,10,47,2
141040,70,7,63,2
141041,47,5,42,2
141042,39,3,36,2
141043,57,7,50,2
141044,59,5,54,2
141045,55,9,46,2
141046,54,6,48,2
141047,50,3,47,2
141048,32,4,28,2
141049,65,7,58,2
141050,59,7,52,2
141051,57,4,53,2
141052,49,6,43,2
141053,54,2,52,2
141054,48,9,39,2
141055,68,7,61,2
141056,71,10,61,2
141057,48,9,39,2
141058,61,10,51,2
141059,57,11,46,2
141060,60,8,52,2
141061,60,8,52,2
141062,55,7,48,2
141063,58,7,51,2
141064,51,6,45,2
141065,67,13,54,2
141066,62,11,51,2
141067,50,8,42,2
141068,57,2,55,2
141069,46,4,42,2
141070,58,7,51,2
141071,62,6,56,2
141072,42,2,40,2
141073,67,11,56,2
141074,58,3,55,2
141075,49,6,43,2
141076,48,3,45,2
141077,42,3,39,2
141078,56,6,50,2
141079,50,8,42,2
141080,53,6,47,2
141081,61,6,55,2
141082,51,8,43,2
141083,45,7,38,2
141084,55,7,48,2
141085,52,4,48,2
141086,51,8,43,2
141087,55,9,46,2
141088,43,4,39,2
141089,50,7,43,2
141090,57,8,49,2
141091,70,5,65,2
141092,60,4,56,2
141093,54,7,47,2
141094,58,6,52,2
141095,57,14,43,2
141096,49,8,41,2
141097,60,3,57,2
141098,53,7,46,2
141099,44,5,39,2
141100,43,4,39,2
141101,57,5,52,2
141102,54,8,46,2
141103,64,9,55,2
141104,64,8,56,2
141105,45,7,38,2
141106,48,9,39,2
141107,63,4,59,2
141108,47,6,41,2
141109,58,8,50,2
141110,50,7,43,2
141111,49,6,43,2
141112,51,4,47,2
141113,52,3,49,2
141114,58,9,49,2
141115,56,7,49,2
141116,56,3,53,2
141117,49,6,43,2
141118,54,3,51,2
141119,46,6,40,2
141120,55,8,47,2
141121,40,3,37,2
141122,53,7,46,2
141123,41,10,31,2
141124,47,2,45,2
141125,57,7,50,2
141126,47,1,46,2
141127,53,5,48,2
141128,37,1,36,2
141129,49,5,44,2
141130,51,9,42,2
141131,53,8,45,2
141132,51,7,44,2
141133,60,9,51,2
141134,41,3,38,2
141135,45,7,38,2
141136,59,7,52,2
141137,49,6,43,2
141138,49,5,44,2
141139,63,6,57,2
141140,53,1,52,2
141141,52,7,45,2
141142,51,1,50,2
141143,49,3,46,2
141144,45,5,40,2
141145,50,5,45,2
141146,60,10,50,2
141147,58,6,52,2
141148,61,9,52,2
141149,63,8,55,2
141150,51,7,44,2
141151,50,6,44,2
141152,58,5,53,2
141153,51,7,44,2
141154,61,9,52,2
141155,62,8,54,2
141156,41,7,34,2
141157,54,9,45,2
141158,61,7,54,2
141159,63,9,54,2
141160,53,9,44,2
141161,64,6,58,2
141162,53,8,45,2
141163,43,6,37,2
141164,58,5,53,2
141165,47,5,42,2
141166,61,5,56,2
141167,54,8,46,2
141168,58,8,50,2
141169,61,4,57,2
141170,54,4,50,2
141171,45,7,38,2
141172,58,6,52,2
141173,56,8,48,2
141174,51,11,40,2
141175,56,3,53,2
141176,50,5,45,2
141177,53,5,48,2
141178,45,7,38,2
141179,50,4,46,2
141180,49,7,42,2
141181,54,9,45,2
141182,59,7,52,2
141183,56,6,50,2
141184,54,3,51,2
141185,41,3,38,2
141186,54,7,47,2
141187,49,8,41,2
141188,51,4,47,2
141189,34,2,32,2
141190,53,10,43,2
141191,37,7,30,2
141192,54,3,51,2
141193,56,6,50,2
141194,55,8,47,2
141195,58,9,49,2
141196,51,7,44,2
141197,49,6,43,2
141198,46,7,39,2
141199,50,7,43,2
141200,54,5,49,2
141201,52,6,46,2
141202,49,4,45,2
141203,54,6,48,2
141204,52,10,42,2
141205,56,4,52,2
141206,60,11,49,2
141207,54,3,51,2
141208,46,5,41,2
141209,53,4,49,2
141210,61,8,53,2
141211,52,7,45,2
141212,59,4,55,2
141213,53,10,43,2
141214,59,10,49,2
141215,56,7,49,2
141216,66,3,63,2
141217,50,3,47,2
141218,52,8,44,2
141219,63,5,58,2
141220,63,2,61,2
141221,48,6,42,2
141222,64,8,56,2
141223,62,12,50,2
141224,63,5,58,2
141225,63,12,51,2
141227,37,2,35,2
141228,55,3,52,2
141229,57,8,49,2
141230,43,3,40,2
141231,42,1,41,2
141232,51,8,43,2
141233,43,2,41,2
141234,59,6,53,2
141235,56,3,53,2
141236,59,4,55,2
141237,57,6,51,2
141238,65,12,53,2
141239,57,6,51,2
141240,47,6,41,2
141241,61,12,49,2
141242,39,2,37,2
141243,62,5,57,2
141244,54,6,48,2
141245,58,9,49,2
141246,48,4,44,2
141247,72,13,59,2
141248,57,4,53,2
141249,67,13,54,2
141250,52,10,42,2
141251,54,7,47,2
141252,63,11,52,2
141253,53,5,48,2
141254,57,10,47,2
141255,51,5,46,2
141256,59,5,54,2
141257,60,3,57,2
141258,47,4,43,2
141259,62,10,52,2
141260,47,6,41,2
141261,51,4,47,2
141262,44,1,43,2
141263,48,11,37,2
141264,60,6,54,2
141265,50,6,44,2
141266,70,4,66,2
141267,42,2,40,2
141268,61,9,52,2
141269,37,2,35,2
141270,57,12,45,2
141271,40,9,31,2
141272,59,13,46,2
141273,44,9,35,2
141274,50,6,44,2
141275,42,5,37,2
141276,44,3,41,2
141277,47,1,46,2
141278,59,8,51,2
141279,55,5,50,2
141280,48,7,41,2
141281,47,7,40,2
141282,60,12,48,2
141283,62,7,55,2
141284,56,2,54,2
141285,45,3,42,2
141286,60,7,53,2
141287,49,4,45,2
141288,53,5,48,2
141289,59,5,54,2
141290,81,10,71,2
141291,48,8,40,2
141292,53,10,43,2
141293,59,5,54,2
141294,50,5,45,2
141295,46,3,43,2
141296,73,8,65,2
141297,49,2,47,2
141298,64,9,55,2
141299,52,11,41,2
141300,42,1,41,2
141301,46,6,40,2
141302,47,12,35,2
141303,57,5,52,2
141304,54,6,48,2
141305,60,3,57,2
141306,62,7,55,2
141307,58,9,49,2
141308,53,4,49,2
141309,60,7,53,2
141310,62,8,54,2
141311,52,9,43,2
141312,41,2,39,2
141313,52,5,47,2
141314,42,5,37,2
141315,51,6,45,2
141316,51,2,49,2
141317,61,6,55,2
141318,44,4,40,2
141319,50,8,42,2
141320,63,2,61,2
141321,49,6,43,2
141322,63,8,55,2
141323,51,7,44,2
141324,60,3,57,2
141325,56,9,47,2
141326,65,10,55,2
141327,60,2,58,2
141328,48,3,45,2
141329,57,8,49,2
141330,64,10,54,2
141331,62,9,53,2
141332,58,9,49,2
141333,45,7,38,2
141334,57,3,54,2
141335,50,11,39,2
141336,53,5,48,2
141337,50,2,48,2
141338,54,7,47,2
141339,66,8,58,2
141340,63,7,56,2
141341,51,5,46,2
141342,54,7,47,2
141343,51,4,47,2
141344,45,5,40,2
141345,47,10,37,2
141346,55,9,46,2
141347,59,11,48,2
141348,56,13,43,2
141349,43,4,39,2
141350,62,9,53,2
141351,53,4,49,2
141352,50,7,43,2
141353,59,7,52,2
141354,53,2,51,2
141355,55,4,51,2
141356,54,8,46,2
141357,51,5,46,2
141358,59,10,49,2
141359,54,9,45,2
141360,62,5,57,2
141361,49,11,38,2
141362,49,8,41,2
141363,56,4,52,2
141364,57,8,49,2
141365,54,5,49,2
141366,61,6,55,2
141367,60,8,52,2
141368,57,9,48,2
141369,45,3,42,2
141370,59,6,53,2
141371,62,8,54,2
141372,47,5,42,2
141373,61,10,51,2
141374,57,5,52,2
141375,56,5,51,2
141376,61,9,52,2
141377,55,11,44,2
141378,40,4,36,2
141379,54,5,49,2
141380,55,10,45,2
141381,48,8,40,2
141382,62,9,53,2
141383,68,6,62,2
141384,60,9,51,2
141385,50,6,44,2
141386,60,6,54,2
141387,51,5,46,2
141388,56,6,50,2
141389,59,7,52,2
141390,53,8,45,2
141391,57,8,49,2
141392,49,6,43,2
141393,53,6,47,2
141394,62,7,55,2
141395,46,6,40,2
141396,46,4,42,2
141397,63,5,58,2
141398,50,8,42,2
141399,76,11,65,2
141400,60,9,51,2
141401,45,8,37,2
141402,60,6,54,2
141403,56,5,51,2
141404,52,2,50,2
141405,57,7,50,2
141406,63,6,57,2
141407,59,6,53,2
141408,57,6,51,2
141409,54,7,47,2
141410,53,8,45,2
141411,50,5,45,2
141412,53,4,49,2
141413,64,8,56,2
141414,56,10,46,2
141415,61,9,52,2
141416,53,7,46,2
141417,60,9,51,2
141418,55,12,43,2
141419,59,6,53,2
141420,55,3,52,2
141421,51,5,46,2
141422,51,2,49,2
141423,63,6,57,2
141424,63,8,55,2
141425,52,5,47,2
141426,55,7,48,2
141427,76,7,69,2
141428,54,8,46,2
141429,51,4,47,2
141430,58,9,49,2
141431,54,4,50,2
141432,51,6,45,2
141433,50,3,47,2
141434,68,9,59,2
141435,61,11,50,2
141436,49,5,44,2
141437,49,6,43,2
141438,69,13,56,2
141439,48,8,40,2
141440,57,9,48,2
141441,59,8,51,2
141442,57,7,50,2
141443,57,7,50,2
141444,70,5,65,2
141445,58,6,52,2
141446,54,4,50,2
141447,78,10,68,2
141448,49,3,46,2
141449,57,8,49,2
141450,58,4,54,2
141451,50,12,38,2
141452,60,12,48,2
141453,50,8,42,2
141454,57,8,49,2
141455,65,11,54,2
141456,60,5,55,2
141457,55,9,46,2
141458,54,7,47,2
141459,58,10,48,2
141460,70,12,58,2
141461,48,4,44,2
141462,55,6,49,2
141463,59,7,52,2
141464,58,7,51,2
141465,51,4,47,2
141466,60,10,50,2
141467,51,6,45,2
141468,49,8,41,2
141469,44,3,41,2
141470,46,4,42,2
141471,57,10,47,2
141472,66,19,47,2
141473,56,3,53,2
141474,66,6,60,2
141475,58,10,48,2
141476,59,7,52,2
141477,48,4,44,2
141478,58,8,50,2
141479,63,4,59,2
141480,57,11,46,2
141481,60,8,52,2
141482,49,4,45,2
141483,53,3,50,2
141484,52,6,46,2
141485,51,9,42,2
141486,45,5,40,2
141487,61,10,51,2
141488,61,9,52,2
141489,54,3,51,2
141490,60,6,54,2
141491,67,9,58,2
141492,58,8,50,2
141493,69,11,58,2
141494,52,7,45,2
141495,53,5,48,2
141496,37,3,34,2
141497,64,6,58,2
141498,66,11,55,2
141499,50,3,47,2
141500,54,4,50,2
141501,49,4,45,2
141502,67,11,56,2
141503,56,3,53,2
141504,65,10,55,2
141505,51,7,44,2
141506,39,8,31,2
141507,62,7,55,2
141508,54,5,49,2
141509,49,12,37,2
141510,53,9,44,2
141511,57,7,50,2
141512,48,3,45,2
141513,47,11,36,2
141514,50,9,41,2
141515,49,4,45,2
141516,60,9,51,2
141517,48,8,40,2
141518,53,4,49,2
141519,49,4,45,2
141520,61,8,53,2
141521,60,5,55,2
141522,45,4,41,2
141523,61,10,51,2
141524,57,3,54,2
141525,43,5,38,2
141526,46,3,43,2
141527,59,6,53,2
141528,62,7,55,2
141529,52,9,43,2
141530,46,6,40,2
141531,67,5,62,2
141532,49,7,42,2
141533,57,6,51,2
141534,44,6,38,2
141535,39,6,33,2
141536,60,5,55,2
141537,59,5,54,2
141538,55,5,50,2
141539,59,7,52,2
141540,55,6,49,2
141541,52,5,47,2
141542,74,6,68,2
141543,46,5,41,2
141544,56,3,53,2
141545,65,8,57,2
141546,63,6,57,2
141547,61,8,53,2
141548,51,7,44,2
141549,54,8,46,2
141550,61,8,53,2
141551,46,6,40,2
141552,64,9,55,2
141553,65,9,56,2
141554,52,5,47,2
141555,60,5,55,2
141556,43,6,37,2
141557,43,6,37,2
141558,58,7,51,2
141559,63,5,58,2
141560,50,3,47,2
141561,55,4,51,2
141562,65,8,57,2
141563,49,5,44,2
141564,46,0,46,1
141565,59,5,54,2
141566,55,6,49,2
141567,60,6,54,2
141568,47,5,42,2
141569,50,5,45,2
141570,50,8,42,2
141571,41,6,35,2
141572,47,7,40,2
141573,53,4,49,2
141574,60,8,52,2
141575,47,4,43,2
141576,58,7,51,2
141577,58,9,49,2
141578,53,5,48,2
141579,34,4,30,2
141580,65,6,59,2
141581,42,3,39,2
141582,51,7,44,2
141583,57,8,49,2
141584,66,7,59,2
141585,59,7,52,2
141586,62,6,56,2
141587,63,7,56,2
141588,60,9,51,2
141589,55,8,47,2
141590,72,5,67,2
141591,53,8,45,2
141592,51,6,45,2
141593,67,9,58,2
141594,61,9,52,2
141595,55,10,45,2
141596,57,7,50,2
141597,61,8,53,2
141598,49,6,43,2
141599,52,5,47,2
141600,50,5,45,2
141601,55,6,49,2
141602,55,10,45,2
141603,47,5,42,2
141604,63,8,55,2
141605,62,8,54,2
141606,56,5,51,2
141607,45,7,38,2
141608,60,9,51,2
141609,55,5,50,2
141610,59,3,56,2
141611,54,7,47,2
141613,63,10,53,2
141614,53,6,47,2
141615,58,8,50,2
141616,58,3,55,2
141617,48,8,40,2
141618,47,8,39,2
141619,51,5,46,2
141620,61,2,59,2
141621,52,9,43,2
141622,54,4,50,2
141623,54,8,46,2
141624,56,2,54,2
141625,70,8,62,2
141626,64,13,51,2
141627,52,6,46,2
141628,61,8,53,2
141629,62,2,60,2
141630,65,6,59,2
141631,51,8,43,2
141632,64,7,57,2
141633,63,5,58,2
141634,53,1,52,2
141635,52,9,43,2
141636,50,5,45,2
141637,55,7,48,2
141638,63,4,59,2
141639,54,8,46,2
141640,63,8,55,2
141641,55,5,50,2
141642,55,8,47,2
141643,51,9,42,2
141644,54,4,50,2
141645,53,10,43,2
141646,76,10,66,2
141647,61,4,57,2
141648,56,7,49,2
141649,54,7,47,2
141650,58,7,51,2
141651,46,3,43,2
141652,72,6,66,2
141653,62,6,56,2
141654,64,9,55,2
141655,60,3,57,2
141656,58,6,52,2
141657,62,8,54,2
141658,60,8,52,2
141659,56,4,52,2
141660,57,6,51,2
141661,46,6,40,2
141662,57,9,48,2
141663,41,9,32,2
141664,52,2,50,2
141665,59,5,54,2
141666,45,1,44,2
141667,47,4,43,2
141668,59,11,48,2
141669,52,6,46,2
141670,55,9,46,2
141671,47,7,40,2
141672,61,9,52,2
141673,56,2,54,2
141674,47,6,41,2
141675,54,3,51,2
141676,47,2,45,2
141677,53,11,42,2
141678,61,6,55,2
141679,60,8,52,2
141680,61,6,55,2
141681,53,5,48,2
141682,53,5,48,2
141683,62,7,55,2
141684,47,7,40,2
141685,62,7,55,2
141686,63,7,56,2
141687,60,8,52,2
141688,77,7,70,2
141689,45,6,39,2
141690,38,6,32,2
141691,62,9,53,2
141692,50,7,43,2
141693,64,6,58,2
141694,51,5,46,2
141695,49,2,47,2
141696,47,8,39,2
141697,57,11,46,2
141698,57,8,49,2
141699,48,8,40,2
141700,56,8,48,2
141701,55,7,48,2
141702,66,1,65,2
141703,56,4,52,2
141704,48,5,43,2
141705,51,9,42,2
141706,41,5,36,2
141707,64,6,58,2
141708,52,8,44,2
141709,48,6,42,2
141710,65,9,56,2
141711,61,4,57,2
141712,43,2,41,2
141713,59,5,54,2
141714,55,7,48,2
141715,59,4,55,2
141716,45,1,44,2
141717,64,9,55,2
141718,60,6,54,2
141719,48,8,40,2
141720,49,6,43,2
141721,71,9,62,2
141722,67,5,62,2
141723,53,7,46,2
141724,47,8,39,2
141725,50,4,46,2
141726,51,4,47,2
141727,61,5,56,2
141728,82,5,77,2
141729,42,7,35,2
141730,49,6,43,2
141731,43,7,36,2
141732,52,4,48,2
141733,49,4,45,2
141734,61,8,53,2
141735,55,9,46,2
141736,53,3,50,2
141737,49,8,41,2
141738,58,6,52,2
141739,54,5,49,2
141740,60,6,54,2
141741,54,7,47,2
141742,54,7,47,2
141743,55,3,52,2
141744,40,8,32,2
141745,47,5,42,2
141746,45,9,36,2
141747,36,5,31,2
141748,46,2,44,2
141749,63,9,54,2
141750,50,7,43,2
141751,58,2,56,2
141752,63,7,56,2
141753,63,11,52,2
141754,43,4,39,2
141755,54,8,46,2
141756,45,8,37,2
141757,48,5,43,2
141758,47,2,45,2
141759,51,5,46,2
141760,53,11,42,2
141761,54,5,49,2
141762,53,11,42,2
141763,53,6,47,2
141764,58,8,50,2
141765,50,10,40,2
141766,52,4,48,2
141767,47,8,39,2
141768,62,9,53,2
141769,41,7,34,2
141770,51,12,39,2
141771,59,4,55,2
141772,59,9,50,2
141773,52,7,45,2
141774,56,5,51,2
141775,56,8,48,2
141776,66,12,54,2
141777,71,12,59,2
141778,52,7,45,2
141779,48,4,44,2
141780,54,3,51,2
141781,46,4,42,2
141782,46,7,39,2
141783,47,4,43,2
141784,53,6,47,2
141785,45,7,38,2
141786,37,4,33,2
141787,58,6,52,2
141788,58,3,55,2
141789,57,5,52,2
141790,47,6,41,2
141791,49,1,48,2
141792,56,8,48,2
141793,50,4,46,2
141794,71,9,62,2
141795,48,8,40,2
141796,45,7,38,2
141797,48,2,46,2
141798,54,5,49,2
141799,57,7,50,2
141800,62,4,58,2
141801,52,4,48,2
141802,52,7,45,2
141803,58,5,53,2
141804,46,3,43,2
141805,53,11,42,2
141806,43,3,40,2
141807,45,3,42,2
141808,60,6,54,2
141809,50,5,45,2
141810,69,6,63,2
141811,72,8,64,2
141812,51,4,47,2
141813,39,5,34,2
141814,49,11,38,2
141815,51,4,47,2
141816,41,2,39,2
141817,58,7,51,2
141818,51,8,43,2
141819,50,3,47,2
141820,55,2,53,2
141821,47,5,42,2
141822,46,5,41,2
141823,55,6,49,2
141824,62,6,56,2
141825,59,6,53,2
141826,54,7,47,2
141827,50,10,40,2
141828,57,5,52,2
141829,59,10,49,2
141830,56,9,47,2
141831,69,10,59,2
141832,49,8,41,2
141833,60,7,53,2
141834,59,11,48,2
141835,65,14,51,2
141836,58,5,53,2
141837,67,12,55,2
141838,53,6,47,2
141839,45,10,35,2
141840,55,10,45,2
141841,55,8,47,2
141842,57,3,54,2
141843,57,8,49,2
141844,63,8,55,2
141845,40,2,38,2
141846,58,5,53,2
141847,54,5,49,2
141848,69,8,61,2
141849,56,2,54,2
141850,50,4,46,2
141851,55,3,52,2
141852,54,8,46,2
141853,65,7,58,2
141854,54,5,49,2
141855,48,7,41,2
141856,64,8,56,2
141857,57,8,49,2
141858,50,7,43,2
141859,44,7,37,2
141860,55,4,51,2
141861,45,4,41,2
141862,39,3,36,2
141863,48,7,41,2
141864,43,5,38,2
141865,48,4,44,2
141866,42,6,36,2
141867,45,3,42,2
141868,60,2,58,2
141869,51,9,42,2
141870,52,5,47,2
141871,55,7,48,2
141872,46,3,43,2
141873,49,9,40,2
141874,48,8,40,2
141875,41,8,33,2
141876,53,5,48,2
141877,54,5,49,2
141878,72,11,61,2
141879,56,8,48,2
141880,53,6,47,2
141881,54,8,46,2
141882,55,6,49,2
141883,59,9,50,2
141884,56,9,47,2
141885,56,5,51,2
141886,56,7,49,2
141887,56,7,49,2
141888,56,4,52,2
141889,65,5,60,2
141890,54,7,47,2
141891,66,9,57,2
141892,55,7,48,2
141893,52,10,42,2
141894,48,4,44,2
141895,48,9,39,2
141896,54,10,44,2
141897,48,4,44,2
141898,69,6,63,2
141899,54,8,46,2
141900,49,5,44,2
141901,57,11,46,2
141902,48,9,39,2
141903,51,4,47,2
141904,59,6,53,2
141905,60,7,53,2
141906,57,10,47,2
141907,54,6,48,2
141908,56,6,50,2
141909,57,10,47,2
141910,50,4,46,2
141911,57,4,53,2
141912,49,8,41,2
141913,57,2,55,2
141914,57,4,53,2
141915,58,3,55,2
141916,55,7,48,2
141917,54,8,46,2
141918,52,6,46,2
141919,54,4,50,2
141920,48,5,43,2
141921,50,6,44,2
141922,55,5,50,2
141923,58,2,56,2
141924,45,5,40,2
141925,62,8,54,2
141926,62,6,56,2
141927,50,4,46,2
141928,62,8,54,2
141929,47,4,43,2
141930,45,3,42,2
141931,59,5,54,2
141932,62,3,59,2
141933,49,8,41,2
141934,64,5,59,2
141935,62,8,54,2
141936,57,8,49,2
141937,48,3,45,2
141938,52,7,45,2
141939,50,8,42,2
141940,51,5,46,2
141941,59,6,53,2
141942,51,8,43,2
141943,55,8,47,2
141944,53,9,44,2
141945,49,12,37,2
141946,54,9,45,2
141947,56,9,47,2
141948,47,8,39,2
141949,59,4,55,2
141950,47,5,42,2
141951,65,5,60,2
141952,50,5,45,2
141953,55,11,44,2
141954,57,8,49,2
141955,58,6,52,2
141956,43,2,41,2
141957,53,10,43,2
141958,44,3,41,2
141959,55,5,50,2
141960,67,9,58,2
141961,64,7,57,2
141962,59,11,48,2
141963,43,4,39,2
141964,58,10,48,2
141965,55,9,46,2
141966,55,4,51,2
141967,65,12,53,2
141968,60,4,56,2
141969,40,6,34,2
141970,44,7,37,2
141971,47,9,38,2
141972,64,9,55,2
141973,48,3,45,2
141974,60,6,54,2
141975,54,7,47,2
141976,44,7,37,2
141977,45,4,41,2
141978,60,4,56,2
141979,59,6,53,2
141980,39,4,35,2
141981,48,3,45,2
141982,48,8,40,2
141983,57,7,50,2
141984,46,1,45,2
141985,51,5,46,2
141986,52,7,45,2
141987,49,3,46,2
141988,60,6,54,2
141989,44,8,36,2
141990,57,10,47,2
141991,49,6,43,2
141992,52,13,39,2
141993,60,7,53,2
141994,59,9,50,2
141995,55,7,48,2
141996,66,7,59,2
141997,69,5,64,2
141998,43,7,36,2
141999,45,4,41,2
142000,50,9,41,2
142001,52,3,49,2
142002,35,5,30,2
142003,60,10,50,2
142004,52,9,43,2
142005,48,3,45,2
142006,52,10,42,2
142007,56,3,53,2
142008,42,5,37,2
142009,51,4,47,2
142010,57,4,53,2
142011,44,9,35,2
142012,51,9,42,2
142013,44,4,40,2
142014,46,5,41,2
142015,49,6,43,2
142016,64,10,54,2
142017,43,1,42,2
142018,50,2,48,2
142019,49,7,42,2
142020,55,8,47,2
142021,59,4,55,2
142022,49,4,45,2
142023,56,6,50,2
142024,54,3,51,2
142025,58,6,52,2
142026,44,5,39,2
142027,54,9,45,2
142028,46,10,36,2
142029,55,7,48,2
142030,62,3,59,2
142031,53,12,41,2
142032,61,8,53,2
142033,56,4,52,2
142034,54,4,50,2
142035,48,7,41,2
142036,60,9,51,2
142037,58,4,54,2
142038,54,8,46,2
142039,50,9,41,2
142040,61,5,56,2
142041,53,3,50,2
142042,60,10,50,2
142043,45,7,38,2
142044,52,10,42,2
142045,50,7,43,2
142046,48,8,40,2
142047,60,12,48,2
142048,64,7,57,2
142049,46,6,40,2
142050,53,4,49,2
142051,49,4,45,2
142052,64,5,59,2
142053,54,5,49,2
142054,67,12,55,2
142055,56,6,50,2
142056,53,4,49,2
142057,62,5,57,2
142058,60,4,56,2
142059,54,12,42,2
142060,48,3,45,2
142061,66,11,55,2
142062,47,4,43,2
142063,68,11,57,2
142064,50,1,49,2
142065,52,9,43,2
142066,53,6,47,2
142067,60,5,55,2
142068,57,7,50,2
142069,55,8,47,2
142070,62,8,54,2
142071,62,6,56,2
142072,64,11,53,2
142073,64,9,55,2
142074,67,9,58,2
142075,53,8,45,2
142076,57,4,53,2
142077,56,10,46,2
142078,49,3,46,2
142079,56,12,44,2
142080,57,2,55,2
142081,54,12,42,2
142082,52,4,48,2
142083,42,4,38,2
142084,48,8,40,2
142085,49,10,39,2
142086,52,4,48,2
142087,49,7,42,2
142088,54,4,50,2
142089,53,5,48,2
142090,62,5,57,2
142091,52,6,46,2
142092,55,9,46,2
142093,54,10,44,2
142094,61,4,57,2
142095,56,7,49,2
142096,48,11,37,2
142097,50,6,44,2
142098,45,10,35,2
142099,63,6,57,2
142100,52,9,43,2
142101,51,6,45,2
142102,56,6,50,2
142103,38,5,33,2
142104,57,7,50,2
142105,54,4,50,2
142106,51,5,46,2
142107,47,9,38,2
142108,57,9,48,2
142109,50,2,48,2
142110,55,5,50,2
142111,66,7,59,2
142112,54,9,45,2
142113,50,8,42,2
142114,57,10,47,2
142115,48,4,44,2
142116,50,4,46,2
142117,48,5,43,2
142118,54,6,48,2
142119,41,6,35,2
142120,53,8,45,2
142121,58,5,53,2
142122,60,7,53,2
142123,58,11,47,2
142124,42,6,36,2
142125,51,4,47,2
142126,58,7,51,2
142127,54,6,48,2
142128,61,7,54,2
142129,42,6,36,2
142130,53,7,46,2
142131,44,5,39,2
142132,58,5,53,2
142133,56,5,51,2
142134,53,10,43,2
142135,61,8,53,2
142136,49,4,45,2
142137,49,6,43,2
142138,73,8,65,2
142139,62,6,56,2
142140,56,7,49,2
142141,55,7,48,2
142142,46,3,43,2
142143,62,8,54,2
142144,46,7,39,2
142145,54,5,49,2
142146,38,4,34,2
142147,64,7,57,2
142148,40,3,37,2
142149,65,6,59,2
142150,53,5,48,2
142151,50,9,41,2
142152,57,7,50,2
142153,49,6,43,2
142154,52,6,46,2
142155,52,1,51,2
142156,70,4,66,2
142157,42,10,32,2
142158,50,6,44,2
142159,55,7,48,2
142160,52,3,49,2
142161,40,6,34,2
142162,62,7,55,2
142163,51,5,46,2
142164,45,7,38,2
142165,60,7,53,2
142166,44,5,39,2
142167,66,8,58,2
142168,56,7,49,2
142169,46,2,44,2
142170,52,5,47,2
142171,48,3,45,2
142172,63,7,56,2
142173,54,9,45,2
142174,66,10,56,2
142175,63,6,57,2
142176,66,14,52,2
142177,47,2,45,2
142178,60,6,54,2
142179,65,7,58,2
142180,52,5,47,2
142181,55,4,51,2
142182,58,7,51,2
142183,49,11,38,2
142184,47,3,44,2
142185,54,8,46,2
142186,41,2,39,2
142187,41,4,37,2
142188,57,1,56,2
142189,67,5,62,2
142190,59,6,53,2
142191,79,11,68,2
142192,53,4,49,2
142193,61,10,51,2
142194,60,7,53,2
142195,49,9,40,2
142196,48,8,40,2
142197,61,11,50,2
142198,49,6,43,2
142199,61,7,54,2
142200,50,3,47,2
142201,60,6,54,2
142202,59,8,51,2
142203,53,4,49,2
142204,45,6,39,2
142205,48,6,42,2
142206,63,12,51,2
142207,67,8,59,2
142208,61,6,55,2
142209,43,6,37,2
142210,54,8,46,2
142211,56,7,49,2
142212,54,11,43,2
142213,58,3,55,2
142214,53,4,49,2
142215,51,5,46,2
142216,56,7,49,2
142217,48,6,42,2
142218,48,5,43,2
142219,55,5,50,2
142220,30,4,26,2
142221,62,6,56,2
142222,49,4,45,2
142223,54,1,53,2
142224,55,8,47,2
142225,52,5,47,2
142226,48,9,39,2
142227,62,11,51,2
142228,60,10,50,2
142229,72,8,64,2
142230,53,5,48,2
142231,55,8,47,2
142232,57,8,49,2
142233,57,5,52,2
142234,49,6,43,2
142235,52,10,42,2
142236,50,1,49,2
142237,59,7,52,2
142238,49,10,39,2
142239,63,6,57,2
142240,54,4,50,2
142241,55,8,47,2
142242,49,5,44,2
142243,40,3,37,2
142244,59,9,50,2
142245,63,7,56,2
142246,43,6,37,2
142247,58,7,51,2
142248,57,5,52,2
142249,54,8,46,2
142250,52,4,48,2
142251,62,7,55,2
142252,58,11,47,2
142253,49,3,46,2
142254,49,4,45,2
142255,35,3,32,2
142256,67,11,56,2
142257,46,7,39,2
142258,60,7,53,2
142259,53,3,50,2
142260,51,5,46,2
142261,57,12,45,2
142262,51,4,47,2
142263,66,7,59,2
142264,73,9,64,2
142265,46,3,43,2
142266,60,14,46,2
142267,64,9,55,2
142268,48,7,41,2
142269,55,6,49,2
142270,56,6,50,2
142271,62,9,53,2
142272,49,6,43,2
142273,59,6,53,2
142274,43,9,34,2
142275,55,10,45,2
142276,39,6,33,2
142277,51,3,48,2
142278,39,4,35,2
142279,63,8,55,2
142280,54,6,48,2
142281,46,4,42,2
142282,49,3,46,2
142283,40,6,34,2
142284,61,9,52,2
142285,52,2,50,2
142286,46,1,45,2
142287,43,3,40,2
142288,59,8,51,2
142289,46,6,40,2
142290,66,5,61,2
142291,65,7,58,2
142292,60,5,55,2
142293,67,7,60,2
142294,42,5,37,2
142295,49,7,42,2
142296,47,6,41,2
142297,68,8,60,2
142298,57,7,50,2
142299,61,7,54,2
142300,56,13,43,2
142301,58,6,52,2
142302,59,7,52,2
142303,59,7,52,2
142304,58,8,50,2
142305,60,7,53,2
142306,50,6,44,2
142307,49,7,42,2
142308,55,5,50,2
142309,53,5,48,2
142310,57,7,50,2
142311,57,7,50,2
142312,51,10,41,2
142313,56,9,47,2
142314,49,6,43,2
142315,51,4,47,2
142316,53,4,49,2
142317,54,9,45,2
142318,57,5,52,2
142319,53,7,46,2
142320,46,4,42,2
142321,46,9,37,2
142322,58,5,53,2
142323,75,11,64,2
142324,60,2,58,2
142325,63,7,56,2
142326,58,8,50,2
142327,48,11,37,2
142328,53,3,50,2
142329,42,9,33,2
142330,46,8,38,2
142331,58,9,49,2
142332,50,4,46,2
142333,54,10,44,2
142334,51,6,45,2
142335,52,8,44,2
142336,56,8,48,2
142337,57,5,52,2
142338,54,7,47,2
142339,53,6,47,2
142340,36,8,28,2
142341,56,5,51,2
142342,35,4,31,2
142343,61,9,52,2
142344,61,7,54,2
142345,69,8,61,2
142346,49,8,41,2
142347,42,4,38,2
142348,59,10,49,2
142349,52,3,49,2
142350,38,5,33,2
142351,62,14,48,2
142352,54,6,48,2
142353,51,6,45,2
142354,56,6,50,2
142355,46,9,37,2
142356,50,7,43,2
142357,50,6,44,2
142358,55,6,49,2
142359,64,5,59,2
142360,52,4,48,2
142361,46,4,42,2
142362,47,6,41,2
142363,61,2,59,2
142364,45,5,40,2
142365,58,6,52,2
142366,52,10,42,2
142367,56,5,51,2
142368,53,7,46,2
142369,54,10,44,2
142370,48,6,42,2
142371,55,8,47,2
142372,67,8,59,2
142373,55,6,49,2
142374,58,3,55,2
142375,50,7,43,2
142376,70,13,57,2
142377,50,10,40,2
142378,56,8,48,2
142379,63,8,55,2
142380,54,9,45,2
142381,62,7,55,2
142382,55,4,51,2
142383,45,3,42,2
142384,56,5,51,2
142385,58,7,51,2
142386,59,7,52,2
142387,44,5,39,2
142388,48,7,41,2
142389,52,6,46,2
142390,59,8,51,2
142391,56,7,49,2
142392,44,4,40,2
142393,47,6,41,2
142394,59,7,52,2
142395,55,7,48,2
142396,59,9,50,2
142397,71,13,58,2
142398,53,7,46,2
142399,62,9,53,2
142400,43,2,41,2
142401,54,5,49,2
142402,48,3,45,2
142403,76,9,67,2
142404,62,6,56,2
142405,58,11,47,2
142406,50,4,46,2
142407,53,7,46,2
142408,64,4,60,2
142409,50,4,46,2
142410,46,2,44,2
142411,44,5,39,2
142412,55,1,54,2
142413,41,4,37,2
142414,52,1,51,2
142415,59,5,54,2
142416,44,3,41,2
142417,63,6,57,2
142418,40,4,36,2
142419,71,9,62,2
142420,56,8,48,2
142421,54,3,51,2
142422,61,7,54,2
142423,66,10,56,2
142424,58,5,53,2
142425,52,4,48,2
142426,61,6,55,2
142427,43,5,38,2
142428,65,11,54,2
142429,55,8,47,2
142430,60,9,51,2
142431,59,9,50,2
142432,42,5,37,2
142433,49,5,44,2
142434,55,7,48,2
142435,62,3,59,2
142436,48,3,45,2
142437,53,10,43,2
142438,65,9,56,2
142439,55,2,53,2
142440,53,6,47,2
142441,46,2,44,2
142442,61,4,57,2
142443,59,6,53,2
142444,47,8,39,2
142445,49,6,43,2
142446,62,9,53,2
142447,59,10,49,2
142448,49,5,44,2
142449,66,8,58,2
142450,58,5,53,2
142451,58,8,50,2
142452,64,8,56,2
142453,59,6,53,2
142454,61,7,54,2
142455,43,5,38,2
142456,50,7,43,2
142457,56,8,48,2
142458,60,4,56,2
142459,52,10,42,2
142460,46,4,42,2
142461,70,5,65,2
142462,47,3,44,2
142463,57,7,50,2
142464,52,5,47,2
142465,67,11,56,2
142466,67,6,61,2
142467,62,6,56,2
142468,38,2,36,2
142469,42,6,36,2
142470,46,8,38,2
142471,60,10,50,2
142472,62,14,48,2
142473,54,6,48,2
142474,57,8,49,2
142475,44,3,41,2
142476,45,4,41,2
142477,41,5,36,2
142478,44,6,38,2
142479,38,1,37,2
142480,46,5,41,2
142481,53,4,49,2
142482,54,5,49,2
142483,46,9,37,2
142484,58,7,51,2
142485,62,4,58,2
142486,64,7,57,2
142487,55,11,44,2
142488,51,6,45,2
142489,55,6,49,2
142490,46,9,37,2
142491,45,5,40,2
142492,53,7,46,2
142493,57,7,50,2
142494,54,3,51,2
142495,53,6,47,2
142496,56,6,50,2
142497,56,8,48,2
142498,52,4,48,2
142499,61,4,57,2
142500,56,3,53,2
142501,63,7,56,2
142502,61,6,55,2
142503,55,4,51,2
142504,62,0,62,1
142505,63,10,53,2
142506,48,5,43,2
142507,58,9,49,2
142508,48,1,47,2
142509,71,10,61,2
142510,68,13,55,2
142511,56,8,48,2
142512,53,7,46,2
142513,55,7,48,2
142514,49,6,43,2
142515,50,6,44,2
142516,49,5,44,2
142517,52,4,48,2
142518,39,7,32,2
142519,57,6,51,2
142520,69,4,65,2
142521,61,8,53,2
142522,53,10,43,2
142523,52,7,45,2
142524,56,1,55,2
142525,51,5,46,2
142526,48,5,43,2
142527,47,5,42,2
142528,54,4,50,2
142529,54,6,48,2
142530,50,7,43,2
142531,54,9,45,2
142532,50,6,44,2
142533,56,7,49,2
142534,53,6,47,2
142535,63,7,56,2
142536,41,7,34,2
142537,51,3,48,2
142538,58,7,51,2
142539,56,7,49,2
142540,56,8,48,2
142541,48,5,43,2
142542,51,6,45,2
142543,52,5,47,2
142544,60,9,51,2
142545,74,9,65,2
142546,55,6,49,2
142547,55,9,46,2
142548,41,7,34,2
142549,54,4,50,2
142550,37,4,33,2
142551,59,4,55,2
142552,52,7,45,2
142553,65,11,54,2
142554,48,8,40,2
142555,53,2,51,2
142556,66,10,56,2
142557,66,4,62,2
142558,59,11,48,2
142559,53,8,45,2
142560,61,8,53,2
142561,47,4,43,2
142562,62,6,56,2
142563,47,3,44,2
142564,45,7,38,2
142565,53,9,44,2
142566,43,7,36,2
142567,57,5,52,2
142568,65,10,55,2
142569,64,8,56,2
142570,41,4,37,2
142571,52,6,46,2
142572,41,9,32,2
142573,55,8,47,2
142574,61,8,53,2
142575,58,11,47,2
142576,38,8,30,2
142577,55,8,47,2
142578,41,6,35,2
142579,41,3,38,2
142580,53,4,49,2
142581,59,7,52,2
142582,47,7,40,2
142583,58,4,54,2
142584,44,7,37,2
142585,52,4,48,2
142586,72,6,66,2
142587,57,11,46,2
142588,52,6,46,2
142589,57,13,44,2
142590,51,7,44,2
142591,57,8,49,2
142592,61,11,50,2
142593,50,8,42,2
142594,59,7,52,2
142595,46,4,42,2
142596,61,8,53,2
142597,39,3,36,2
142598,60,8,52,2
142599,61,7,54,2
142600,55,10,45,2
142601,59,6,53,2
142602,55,6,49,2
142603,55,7,48,2
142604,52,7,45,2
142605,54,5,49,2
142606,69,4,65,2
142607,52,6,46,2
142608,56,6,50,2
142609,61,8,53,2
142610,51,5,46,2
142611,49,12,37,2
142612,65,4,61,2
142613,70,7,63,2
142614,63,10,53,2
142615,47,9,38,2
142616,53,8,45,2
142617,49,9,40,2
142618,64,5,59,2
142619,52,4,48,2
142620,48,6,42,2
142621,49,8,41,2
142622,55,6,49,2
142623,58,6,52,2
142624,57,9,48,2
142625,48,3,45,2
142626,47,9,38,2
142627,56,2,54,2
142628,50,5,45,2
142629,52,6,46,2
142630,60,3,57,2
142631,47,5,42,2
142632,62,6,56,2
142633,57,6,51,2
142634,61,5,56,2
142635,71,12,59,2
142636,64,8,56,2
142637,50,10,40,2
142638,59,10,49,2
142639,43,3,40,2
142640,49,9,40,2
142641,46,6,40,2
142642,53,7,46,2
142643,68,7,61,2
142644,49,6,43,2
142645,65,3,62,2
142646,47,12,35,2
142647,44,3,41,2
142648,46,7,39,2
142649,68,13,55,2
142650,38,2,36,2
142651,50,10,40,2
142652,66,8,58,2
142653,43,3,40,2
142654,46,7,39,2
142655,58,6,52,2
142656,59,8,51,2
142657,57,5,52,2
142658,58,5,53,2
142659,66,6,60,2
142660,53,6,47,2
142661,65,10,55,2
142662,54,6,48,2
142663,43,9,34,2
142664,44,5,39,2
142665,62,8,54,2
142666,54,7,47,2
142667,56,6,50,2
142668,58,9,49,2
142669,61,5,56,2
142670,60,11,49,2
142671,47,6,41,2
142672,60,9,51,2
142673,55,6,49,2
142674,60,8,52,2
142675,62,7,55,2
142676,46,7,39,2
142677,54,9,45,2
142678,56,6,50,2
142679,59,8,51,2
142680,53,3,50,2
142681,45,6,39,2
142682,54,8,46,2
142683,44,4,40,2
142684,56,4,52,2
142685,47,5,42,2
142686,50,7,43,2
142687,55,9,46,2
142689,48,5,43,2
142690,39,3,36,2
142691,63,10,53,2
142692,58,15,43,2
142693,59,7,52,2
142694,56,7,49,2
142695,45,7,38,2
142696,50,6,44,2
142697,54,8,46,2
142698,42,7,35,2
142699,65,9,56,2
142700,53,3,50,2
142701,66,6,60,2
142702,56,8,48,2
142703,65,8,57,2
142704,63,9,54,2
142705,61,4,57,2
142706,45,6,39,2
142707,64,11,53,2
142708,49,12,37,2
142709,61,2,59,2
142710,65,7,58,2
142711,42,4,38,2
142712,49,7,42,2
142713,54,14,40,2
142714,51,8,43,2
142715,53,5,48,2
142716,56,7,49,2
142717,54,4,50,2
142718,66,11,55,2
142719,43,3,40,2
142720,61,6,55,2
142721,63,8,55,2
142722,65,3,62,2
142723,63,4,59,2
142724,64,9,55,2
142725,44,9,35,2
142726,62,7,55,2
142727,53,3,50,2
142728,62,7,55,2
142729,48,6,42,2
142730,55,4,51,2
142731,50,6,44,2
142732,38,3,35,2
142733,66,9,57,2
142734,54,9,45,2
142735,40,3,37,2
142736,47,3,44,2
142737,51,8,43,2
142738,53,7,46,2
142739,58,10,48,2
142740,47,7,40,2
142741,48,8,40,2
142742,47,7,40,2
142743,50,7,43,2
142744,43,4,39,2
142745,57,4,53,2
142746,48,6,42,2
142747,58,8,50,2
142748,62,11,51,2
142749,57,4,53,2
142750,65,4,61,2
142751,51,8,43,2
142752,58,3,55,2
142753,56,8,48,2
142754,59,10,49,2
142755,61,2,59,2
142756,60,12,48,2
142757,66,11,55,2
142758,54,8,46,2
142759,42,3,39,2
142760,61,8,53,2
142762,54,6,48,2
142763,63,10,53,2
142764,37,8,29,2
142765,49,8,41,2
142766,53,9,44,2
142767,51,5,46,2
142768,57,8,49,2
142769,44,3,41,2
142770,59,5,54,2
142771,56,6,50,2
142772,49,7,42,2
142773,60,8,52,2
142774,49,10,39,2
142775,53,7,46,2
142776,49,4,45,2
142777,49,7,42,2
142778,48,5,43,2
142779,46,4,42,2
142780,52,11,41,2
142781,57,7,50,2
142782,60,6,54,2
142783,53,7,46,2
142784,54,6,48,2
142785,54,7,47,2
142786,62,9,53,2
142787,38,2,36,2
142788,48,2,46,2
142789,54,8,46,2
142790,47,5,42,2
142791,57,4,53,2
142792,67,8,59,2
142793,65,5,60,2
142794,64,7,57,2
142795,56,8,48,2
142796,50,5,45,2
142797,52,4,48,2
142798,56,5,51,2
142799,56,8,48,2
142800,67,8,59,2
142801,56,4,52,2
142802,58,7,51,2
142803,64,8,56,2
142804,54,7,47,2
142805,49,12,37,2
142806,54,7,47,2
142807,54,6,48,2
142808,39,6,33,2
142809,48,3,45,2
142810,52,4,48,2
142811,48,2,46,2
142812,51,7,44,2
142813,58,11,47,2
142814,52,6,46,2
142815,41,6,35,2
142816,48,5,43,2
142817,58,7,51,2
142818,52,7,45,2
142819,36,4,32,2
142820,52,7,45,2
142821,63,5,58,2
142822,69,7,62,2
142823,71,14,57,2
142824,70,9,61,2
142825,63,12,51,2
142826,69,9,60,2
142827,48,6,42,2
142828,56,6,50,2
142829,50,6,44,2
142830,56,4,52,2
142831,62,9,53,2
142832,63,6,57,2
142833,58,9,49,2
142834,53,5,48,2
142835,55,10,45,2
142836,53,4,49,2
142837,64,8,56,2
142838,45,4,41,2
142839,45,4,41,2
142840,71,10,61,2
142841,51,2,49,2
142842,56,8,48,2
142843,56,6,50,2
142844,61,8,53,2
142845,57,4,53,2
142846,63,10,53,2
142847,50,4,46,2
142848,58,3,55,2
142849,60,3,57,2
142850,51,5,46,2
142851,49,5,44,2
142852,56,10,46,2
142853,48,6,42,2
142854,55,8,47,2
142855,67,6,61,2
142856,50,5,45,2
142857,44,5,39,2
142858,69,10,59,2
142859,57,7,50,2
142860,38,5,33,2
142861,43,7,36,2
142862,56,10,46,2
142863,42,8,34,2
142864,57,3,54,2
142865,49,2,47,2
142866,53,3,50,2
142867,46,6,40,2
142868,54,2,52,2
142869,50,5,45,2
142870,53,5,48,2
142871,61,5,56,2
142872,60,7,53,2
142873,63,6,57,2
142874,58,6,52,2
142875,52,7,45,2
142876,54,4,50,2
142877,55,4,51,2
142878,67,6,61,2
142879,59,7,52,2
142880,51,4,47,2
142881,55,4,51,2
142882,72,7,65,2
142883,48,6,42,2
142884,55,5,50,2
142885,44,4,40,2
142886,56,6,50,2
142887,58,3,55,2
142888,51,11,40,2
142889,49,4,45,2
142890,56,7,49,2
142891,41,8,33,2
142892,65,6,59,2
142893,45,6,39,2
142894,69,11,58,2
142895,59,3,56,2
142896,50,5,45,2
142897,57,6,51,2
142898,53,3,50,2
142899,39,2,37,2
142900,57,8,49,2
142901,63,5,58,2
142902,52,4,48,2
142903,46,1,45,2
142904,57,6,51,2
142905,38,3,35,2
142906,55,5,50,2
142907,63,12,51,2
142908,60,6,54,2
142909,58,6,52,2
142910,54,8,46,2
142911,64,7,57,2
142912,64,7,57,2
142913,45,8,37,2
142914,42,6,36,2
142915,51,3,48,2
142916,51,6,45,2
142917,37,6,31,2
142918,63,11,52,2
142919,57,4,53,2
142920,48,3,45,2
142921,52,3,49,2
142922,46,3,43,2
142923,56,6,50,2
142924,52,5,47,2
142925,34,4,30,2
142926,63,9,54,2
142927,57,5,52,2
142928,49,6,43,2
142929,39,8,31,2
142930,73,5,68,2
142931,50,7,43,2
142932,51,6,45,2
142933,66,11,55,2
142934,51,5,46,2
142935,56,6,50,2
142936,43,3,40,2
142937,60,8,52,2
142938,59,7,52,2
142939,60,11,49,2
142940,52,6,46,2
142941,54,7,47,2
142942,62,9,53,2
142943,54,5,49,2
142944,50,8,42,2
142945,52,11,41,2
142946,56,6,50,2
142947,57,8,49,2
142948,57,6,51,2
142949,49,4,45,2
142950,55,6,49,2
142951,49,8,41,2
142952,59,10,49,2
142953,58,10,48,2
142954,54,4,50,2
142955,39,5,34,2
142956,50,6,44,2
142957,50,12,38,2
142958,57,4,53,2
142959,51,11,40,2
142960,54,4,50,2
142961,63,10,53,2
142962,49,9,40,2
142963,57,2,55,2
142964,53,8,45,2
142965,67,7,60,2
142966,55,5,50,2
142967,53,2,51,2
142968,63,7,56,2
142969,62,6,56,2
142970,47,4,43,2
142971,48,5,43,2
142972,43,8,35,2
142973,55,9,46,2
142974,43,3,40,2
142975,59,8,51,2
142976,72,4,68,2
142977,53,9,44,2
142978,54,8,46,2
142979,57,4,53,2
142980,57,6,51,2
142981,49,6,43,2
142982,47,8,39,2
142983,50,9,41,2
142984,56,8,48,2
142985,49,7,42,2
142986,46,3,43,2
142987,47,3,44,2
142988,58,3,55,2
142989,46,4,42,2
142990,41,5,36,2
142991,46,1,45,2
142992,55,3,52,2
142993,60,12,48,2
142994,47,6,41,2
142995,51,3,48,2
142996,43,3,40,2
142997,55,7,48,2
142998,63,10,53,2
142999,40,3,37,2
143000,63,9,54,2
143001,46,11,35,2
143002,55,10,45,2
143003,51,4,47,2
143004,51,5,46,2
143005,58,7,51,2
143006,56,7,49,2
143007,62,9,53,2
143008,66,13,53,2
143009,65,6,59,2
143010,69,13,56,2
143011,58,6,52,2
143012,46,3,43,2
143013,56,7,49,2
143014,63,5,58,2
143015,56,8,48,2
143016,57,11,46,2
143017,61,8,53,2
143018,49,8,41,2
143019,51,7,44,2
143020,67,10,57,2
143021,49,7,42,2
143022,57,8,49,2
143023,61,9,52,2
143024,46,5,41,2
143025,36,4,32,2
143026,50,2,48,2
143027,47,7,40,2
143028,44,4,40,2
143029,53,4,49,2
143030,57,8,49,2
143031,50,2,48,2
143032,62,7,55,2
143033,47,2,45,2
143034,48,7,41,2
143035,62,5,57,2
143036,48,5,43,2
143037,63,10,53,2
143038,62,9,53,2
143039,52,6,46,2
143040,60,7,53,2
143041,56,0,56,1
143042,63,9,54,2
143043,69,7,62,2
143044,59,9,50,2
143045,54,9,45,2
143046,69,6,63,2
143047,52,7,45,2
143048,65,9,56,2
143049,58,9,49,2
143050,63,7,56,2
143051,52,1,51,2
143052,53,6,47,2
143053,53,5,48,2
143054,44,7,37,2
143055,58,7,51,2
143056,53,6,47,2
143057,58,7,51,2
143058,50,5,45,2
143059,51,12,39,2
143060,65,12,53,2
143061,60,8,52,2
143062,52,3,49,2
143063,57,8,49,2
143064,60,10,50,2
143065,54,6,48,2
143066,87,7,80,2
143067,51,6,45,2
143068,60,10,50,2
143069,60,10,50,2
143070,69,8,61,2
143071,47,7,40,2
143072,54,4,50,2
143073,49,2,47,2
143074,40,4,36,2
143075,50,8,42,2
143076,64,8,56,2
143077,52,4,48,2
143078,43,3,40,2
143079,63,7,56,2
143080,52,5,47,2
143081,60,7,53,2
143082,60,5,55,2
143083,61,9,52,2
143084,41,1,40,2
143085,42,9,33,2
143086,48,10,38,2
143087,48,15,33,2
143088,64,8,56,2
143089,59,6,53,2
143090,52,6,46,2
143091,55,7,48,2
143092,55,7,48,2
143093,43,3,40,2
143094,53,5,48,2
143095,57,5,52,2
143096,57,6,51,2
143097,54,3,51,2
143098,39,2,37,2
143099,63,10,53,2
143100,60,9,51,2
143101,52,7,45,2
143102,55,5,50,2
143103,53,9,44,2
143104,60,6,54,2
143105,59,8,51,2
143106,64,9,55,2
143107,51,8,43,2
143108,54,6,48,2
143109,60,7,53,2
143110,46,9,37,2
143111,57,7,50,2
143112,65,8,57,2
143113,63,13,50,2
143114,55,6,49,2
143115,51,6,45,2
143116,62,9,53,2
143117,54,9,45,2
143118,47,4,43,2
143119,66,6,60,2
143120,55,6,49,2
143121,57,5,52,2
143122,44,1,43,2
143123,58,6,52,2
143124,45,7,38,2
143125,45,3,42,2
143126,40,2,38,2
143127,62,7,55,2
143128,61,8,53,2
143129,58,8,50,2
143130,41,6,35,2
143131,51,8,43,2
143132,49,7,42,2
143133,57,4,53,2
143134,52,5,47,2
143135,65,6,59,2
143136,46,8,38,2
143137,59,7,52,2
143138,56,10,46,2
143139,39,3,36,2
143140,50,7,43,2
143141,65,8,57,2
143142,54,7,47,2
143143,54,10,44,2
143144,45,4,41,2
143145,47,5,42,2
143146,46,7,39,2
143147,50,11,39,2
143148,45,11,34,2
143149,51,3,48,2
143150,54,10,44,2
143151,66,12,54,2
143152,63,12,51,2
143153,45,7,38,2
143154,60,9,51,2
143155,61,9,52,2
143156,50,8,42,2
143157,57,9,48,2
143158,59,12,47,2
143159,55,10,45,2
143160,53,3,50,2
143161,50,7,43,2
143162,38,5,33,2
143163,41,2,39,2
143164,55,3,52,2
143165,55,11,44,2
143166,57,10,47,2
143167,61,7,54,2
143168,55,9,46,2
143169,48,4,44,2
143170,68,11,57,2
143171,41,7,34,2
143172,59,10,49,2
143173,54,7,47,2
143174,58,6,52,2
143175,37,5,32,2
143176,56,10,46,2
143177,57,8,49,2
143178,51,7,44,2
143179,61,2,59,2
143180,67,5,62,2
143181,59,7,52,2
143182,57,7,50,2
143183,45,6,39,2
143184,56,6,50,2
143185,54,5,49,2
143186,49,9,40,2
143187,52,7,45,2
143188,59,8,51,2
143189,49,8,41,2
143190,53,4,49,2
143191,59,7,52,2
143192,55,6,49,2
143193,49,9,40,2
143194,52,6,46,2
143195,50,4,46,2
143196,57,4,53,2
143197,54,5,49,2
143198,56,10,46,2
143199,48,4,44,2
143200,47,2,45,2
143201,55,8,47,2
143202,57,9,48,2
143203,50,9,41,2
143204,39,5,34,2
143205,63,5,58,2
143206,65,8,57,2
143207,64,9,55,2
143208,39,4,35,2
143209,62,5,57,2
143210,55,9,46,2
143211,53,6,47,2
143212,55,4,51,2
143213,45,7,38,2
143214,52,7,45,2
143215,55,6,49,2
143216,58,7,51,2
143217,61,5,56,2
143218,61,7,54,2
143219,61,7,54,2
143220,54,2,52,2
143221,50,12,38,2
143222,65,6,59,2
143223,48,8,40,2
143224,44,2,42,2
143225,61,9,52,2
143226,56,8,48,2
143227,63,12,51,2
143228,57,4,53,2
143229,49,5,44,2
143230,42,6,36,2
143231,55,9,46,2
143232,47,5,42,2
143233,50,6,44,2
143234,58,5,53,2
143235,56,6,50,2
143236,67,4,63,2
143237,50,10,40,2
143238,49,6,43,2
143239,66,12,54,2
143240,60,7,53,2
143241,57,9,48,2
143242,52,9,43,2
143243,52,7,45,2
143244,50,7,43,2
143245,52,9,43,2
143246,55,4,51,2
143247,54,6,48,2
143248,45,5,40,2
143249,43,5,38,2
143250,55,7,48,2
143251,64,14,50,2
143252,66,11,55,2
143253,45,4,41,2
143254,62,4,58,2
143255,48,9,39,2
143256,38,4,34,2
143257,58,6,52,2
143258,60,9,51,2
143259,66,8,58,2
143260,52,2,50,2
143261,57,7,50,2
143262,44,6,38,2
143263,62,4,58,2
143264,53,9,44,2
143265,50,9,41,2
143266,67,10,57,2
143267,66,7,59,2
143268,58,4,54,2
143269,45,7,38,2
143270,61,11,50,2
143271,61,8,53,2
143272,42,5,37,2
143273,58,8,50,2
143274,55,4,51,2
143275,49,6,43,2
143276,62,9,53,2
143277,63,8,55,2
143278,47,6,41,2
143279,62,8,54,2
143280,38,3,35,2
143281,49,3,46,2
143282,53,7,46,2
143283,66,10,56,2
143284,58,6,52,2
143285,53,4,49,2
143286,58,3,55,2
143287,62,7,55,2
143288,59,4,55,2
143289,59,10,49,2
143290,63,15,48,2
143291,55,10,45,2
143292,64,7,57,2
143293,69,12,57,2
143294,58,10,48,2
143295,50,10,40,2
143296,55,6,49,2
143297,59,8,51,2
143298,47,5,42,2
143299,50,10,40,2
143300,59,7,52,2
143301,50,8,42,2
143302,54,6,48,2
143303,57,11,46,2
143304,65,10,55,2
143305,57,5,52,2
143306,64,7,57,2
143307,46,3,43,2
143308,53,7,46,2
143309,42,4,38,2
143310,57,11,46,2
143311,56,8,48,2
143312,65,9,56,2
143313,50,9,41,2
143314,61,8,53,2
143315,52,5,47,2
143316,56,9,47,2
143317,59,9,50,2
143318,59,9,50,2
143319,59,8,51,2
143320,39,3,36,2
143321,47,4,43,2
143322,56,8,48,2
143323,48,5,43,2
143324,51,2,49,2
143325,53,6,47,2
143326,57,6,51,2
143327,59,7,52,2
143328,49,10,39,2
143329,56,8,48,2
143330,51,5,46,2
143331,56,4,52,2
143332,65,4,61,2
143333,48,5,43,2
143334,52,3,49,2
143335,53,6,47,2
143336,53,4,49,2
143337,50,4,46,2
143338,52,8,44,2
143339,52,10,42,2
143340,54,7,47,2
143341,50,6,44,2
143342,52,7,45,2
143343,58,6,52,2
143344,55,9,46,2
143345,61,4,57,2
143346,47,4,43,2
143347,48,8,40,2
143348,50,4,46,2
143349,43,6,37,2
143350,65,8,57,2
143351,64,3,61,2
143352,53,6,47,2
143353,54,9,45,2
143354,43,4,39,2
143355,62,5,57,2
143356,60,7,53,2
143357,45,7,38,2
143358,49,8,41,2
143359,56,2,54,2
143360,60,8,52,2
143361,45,3,42,2
143362,54,7,47,2
143363,48,6,42,2
143364,53,9,44,2
143365,57,7,50,2
143366,59,9,50,2
143367,46,3,43,2
143368,58,7,51,2
143369,53,8,45,2
143370,59,5,54,2
143371,55,4,51,2
143372,54,4,50,2
143373,65,10,55,2
143374,56,5,51,2
143375,54,10,44,2
143376,56,5,51,2
143377,44,6,38,2
143378,44,10,34,2
143379,51,2,49,2
143380,50,7,43,2
143381,45,5,40,2
143382,54,8,46,2
143383,52,9,43,2
143384,43,7,36,2
143385,41,2,39,2
143386,62,4,58,2
143387,60,3,57,2
143388,56,5,51,2
143389,48,6,42,2
143390,59,3,56,2
143391,45,3,42,2
143392,59,3,56,2
143393,56,7,49,2
143394,53,7,46,2
143395,44,10,34,2
143396,41,7,34,2
143397,65,11,54,2
143398,51,7,44,2
143399,61,10,51,2
143400,54,3,51,2
143401,65,9,56,2
143402,58,5,53,2
143403,47,5,42,2
143404,46,5,41,2
143405,51,5,46,2
143406,50,4,46,2
143407,69,9,60,2
143408,46,7,39,2
143409,58,11,47,2
143410,52,5,47,2
143411,46,8,38,2
143412,71,9,62,2
143413,59,7,52,2
143414,52,7,45,2
143415,47,10,37,2
143416,59,9,50,2
143417,68,15,53,2
143418,56,7,49,2
143419,40,9,31,2
143420,54,4,50,2
143421,44,2,42,2
143422,45,1,44,2
143423,56,7,49,2
143424,56,4,52,2
143425,51,2,49,2
143426,61,5,56,2
143427,58,7,51,2
143428,54,7,47,2
143429,66,2,64,2
143430,44,3,41,2
143431,51,5,46,2
143432,43,9,34,2
143433,44,5,39,2
143434,50,7,43,2
143435,42,4,38,2
143436,60,4,56,2
143437,55,9,46,2
143438,73,11,62,2
143439,56,7,49,2
143440,64,8,56,2
143441,58,6,52,2
143442,67,2,65,2
143443,57,5,52,2
143444,50,6,44,2
143445,62,5,57,2
143446,58,4,54,2
143447,51,8,43,2
143448,54,7,47,2
143449,56,8,48,2
143450,53,6,47,2
143451,44,2,42,2
143452,51,2,49,2
143453,58,3,55,2
143454,55,7,48,2
143455,56,7,49,2
143456,60,9,51,2
143457,63,10,53,2
143458,49,8,41,2
143459,57,7,50,2
143460,51,4,47,2
143461,53,8,45,2
143462,57,7,50,2
143463,55,8,47,2
143464,52,9,43,2
143465,52,10,42,2
143466,58,4,54,2
143467,41,2,39,2
143468,48,5,43,2
143469,50,2,48,2
143470,56,9,47,2
143471,50,2,48,2
143472,64,9,55,2
143473,59,7,52,2
143474,63,8,55,2
143475,55,9,46,2
143476,44,6,38,2
143477,61,9,52,2
143478,42,4,38,2
143479,56,9,47,2
143480,57,12,45,2
143481,61,7,54,2
143482,56,6,50,2
143483,73,13,60,2
143484,50,5,45,2
143485,54,9,45,2
143486,60,8,52,2
143487,65,8,57,2
143488,45,6,39,2
143489,57,2,55,2
143490,50,6,44,2
143491,46,9,37,2
143492,55,8,47,2
143493,50,10,40,2
143494,47,5,42,2
143495,66,8,58,2
143496,55,5,50,2
143497,53,4,49,2
143498,62,10,52,2
143499,53,8,45,2
143500,61,10,51,2
143501,53,5,48,2
143502,48,5,43,2
143503,45,8,37,2
143504,51,6,45,2
143505,50,3,47,2
143506,61,7,54,2
143507,53,9,44,2
143508,41,3,38,2
143509,45,5,40,2
143510,54,3,51,2
143511,62,8,54,2
143512,41,3,38,2
143513,40,8,32,2
143514,56,7,49,2
143515,67,8,59,2
143516,65,12,53,2
143517,56,8,48,2
143518,61,8,53,2
143519,45,5,40,2
143520,42,3,39,2
143521,55,6,49,2
143522,60,6,54,2
143523,47,5,42,2
143524,58,5,53,2
143525,48,10,38,2
143526,71,11,60,2
143527,71,5,66,2
143528,50,7,43,2
143529,55,5,50,2
143530,55,6,49,2
143531,47,5,42,2
143532,60,8,52,2
143533,60,7,53,2
143534,53,8,45,2
143535,61,6,55,2
143536,58,6,52,2
143537,50,8,42,2
143538,58,4,54,2
143539,58,3,55,2
143540,55,5,50,2
143541,50,6,44,2
143542,57,5,52,2
143543,56,3,53,2
143544,47,9,38,2
143545,62,7,55,2
143546,56,6,50,2
143547,44,5,39,2
143548,55,6,49,2
143549,48,7,41,2
143550,58,4,54,2
143551,50,5,45,2
143552,49,9,40,2
143553,50,5,45,2
143554,53,4,49,2
143555,53,6,47,2
143556,62,9,53,2
143557,62,6,56,2
143558,53,3,50,2
143559,47,2,45,2
143560,62,11,51,2
143561,44,3,41,2
143562,54,5,49,2
143563,64,11,53,2
143564,55,8,47,2
143565,59,10,49,2
143566,40,1,39,2
143567,56,8,48,2
143568,46,6,40,2
143569,48,5,43,2
143570,57,5,52,2
143571,55,9,46,2
143572,44,4,40,2
143573,44,5,39,2
143574,43,4,39,2
143575,50,5,45,2
143576,50,8,42,2
143577,59,5,54,2
143578,57,9,48,2
143579,53,8,45,2
143580,47,5,42,2
143581,50,6,44,2
143582,48,3,45,2
143583,52,3,49,2
143584,65,10,55,2
143585,53,11,42,2
143586,43,7,36,2
143587,44,6,38,2
143588,58,12,46,2
143589,55,6,49,2
143590,55,5,50,2
143591,56,11,45,2
143592,48,9,39,2
143593,68,9,59,2
143594,60,9,51,2
143595,57,7,50,2
143596,51,7,44,2
143597,60,9,51,2
143598,41,4,37,2
143599,64,10,54,2
143600,52,7,45,2
143602,49,8,41,2
143603,53,7,46,2
143604,48,5,43,2
143605,52,6,46,2
143606,61,7,54,2
143607,71,13,58,2
143608,51,6,45,2
143609,56,4,52,2
143610,62,3,59,2
143611,50,11,39,2
143612,46,2,44,2
143613,56,6,50,2
143614,57,7,50,2
143615,61,3,58,2
143616,67,6,61,2
143617,46,3,43,2
143618,49,6,43,2
143619,52,5,47,2
143620,67,5,62,2
143621,64,4,60,2
143622,49,8,41,2
143623,61,9,52,2
143624,53,4,49,2
143625,49,7,42,2
143626,62,5,57,2
143627,60,6,54,2
143628,57,4,53,2
143629,45,6,39,2
143630,54,10,44,2
143631,56,12,44,2
143632,58,3,55,2
143633,54,5,49,2
143634,60,8,52,2
143635,62,6,56,2
143636,57,6,51,2
143637,50,5,45,2
143638,61,3,58,2
143639,51,7,44,2
143640,54,8,46,2
143641,60,8,52,2
143642,47,3,44,2
143643,57,6,51,2
143644,58,7,51,2
143645,64,6,58,2
143646,62,7,55,2
143647,53,9,44,2
143648,61,7,54,2
143649,50,4,46,2
143650,51,5,46,2
143651,38,6,32,2
143652,64,6,58,2
143653,48,5,43,2
143654,55,8,47,2
143655,48,4,44,2
143656,56,9,47,2
143657,58,6,52,2
143658,49,2,47,2
143659,62,3,59,2
143660,43,5,38,2
143661,48,3,45,2
143662,63,5,58,2
143663,58,5,53,2
143664,46,6,40,2
143665,62,7,55,2
143666,49,6,43,2
143667,44,7,37,2
143668,58,9,49,2
143669,42,7,35,2
143670,52,6,46,2
143671,49,6,43,2
143672,54,7,47,2
143673,49,4,45,2
143674,42,6,36,2
143675,60,11,49,2
143676,63,8,55,2
143677,58,4,54,2
143678,59,11,48,2
143679,50,9,41,2
143680,58,8,50,2
143681,57,6,51,2
143682,60,7,53,2
143683,55,3,52,2
143684,51,11,40,2
143685,53,7,46,2
143686,50,2,48,2
143687,44,7,37,2
143688,46,5,41,2
143689,63,5,58,2
143690,58,6,52,2
143691,56,6,50,2
143692,55,9,46,2
143693,50,5,45,2
143694,63,12,51,2
143695,48,5,43,2
143696,54,9,45,2
143697,36,4,32,2
143698,56,9,47,2
143699,57,5,52,2
143700,40,8,32,2
143701,57,4,53,2
143702,53,11,42,2
143703,54,5,49,2
143704,57,13,44,2
143705,56,3,53,2
143706,55,6,49,2
143707,61,8,53,2
143708,58,6,52,2
143709,71,11,60,2
143710,46,3,43,2
143711,52,3,49,2
143712,61,6,55,2
143713,50,4,46,2
143714,52,6,46,2
143715,57,4,53,2
143716,58,8,50,2
143717,39,9,30,2
143718,43,6,37,2
143719,47,6,41,2
143720,58,7,51,2
143721,47,4,43,2
143722,45,5,40,2
143723,48,8,40,2
143724,64,4,60,2
143725,63,2,61,2
143726,51,3,48,2
143727,53,4,49,2
143728,41,10,31,2
143729,57,4,53,2
143730,49,4,45,2
143731,52,6,46,2
143732,51,4,47,2
143733,51,2,49,2
143734,46,12,34,2
143735,65,6,59,2
143736,56,8,48,2
143737,55,7,48,2
143738,62,5,57,2
143739,48,4,44,2
143740,57,5,52,2
143741,47,3,44,2
143742,58,5,53,2
143743,57,9,48,2
143744,51,5,46,2
143745,64,9,55,2
143746,55,8,47,2
143747,54,4,50,2
143748,54,5,49,2
143749,64,6,58,2
143751,46,6,40,2
143752,61,5,56,2
143753,55,3,52,2
143754,54,6,48,2
143755,51,6,45,2
143756,59,7,52,2
143757,60,7,53,2
143758,40,6,34,2
143759,55,10,45,2
143760,44,5,39,2
143761,55,8,47,2
143762,56,8,48,2
143763,67,7,60,2
143764,47,3,44,2
143765,60,6,54,2
143766,55,3,52,2
143767,63,12,51,2
143768,56,4,52,2
143769,60,3,57,2
143770,54,8,46,2
143771,55,9,46,2
143772,51,8,43,2
143773,58,7,51,2
143774,49,7,42,2
143775,54,5,49,2
143776,52,8,44,2
143777,70,9,61,2
143778,53,5,48,2
143779,69,9,60,2
143780,49,2,47,2
143781,47,6,41,2
143782,50,9,41,2
143783,59,2,57,2
143784,51,8,43,2
143785,53,6,47,2
143786,59,6,53,2
143787,78,12,66,2
143788,67,10,57,2
143789,58,13,45,2
143790,47,6,41,2
143791,70,7,63,2
143792,40,2,38,2
143793,54,6,48,2
143794,51,7,44,2
143795,39,8,31,2
143796,60,7,53,2
143797,57,6,51,2
143798,45,3,42,2
143799,57,7,50,2
143800,58,6,52,2
143801,49,6,43,2
143802,59,6,53,2
143803,65,3,62,2
143804,49,7,42,2
143805,39,4,35,2
143806,57,6,51,2
143807,66,5,61,2
143808,56,8,48,2
143809,50,10,40,2
143810,54,5,49,2
143811,55,7,48,2
143812,53,5,48,2
143813,48,7,41,2
143814,62,6,56,2
143815,48,7,41,2
143816,64,5,59,2
143817,57,8,49,2
143818,67,9,58,2
143819,61,7,54,2
143820,58,8,50,2
143821,59,3,56,2
143822,43,5,38,2
143823,45,4,41,2
143824,51,8,43,2
143825,47,5,42,2
143826,70,11,59,2
143827,56,7,49,2
143828,54,7,47,2
143829,57,8,49,2
143830,50,7,43,2
143831,57,3,54,2
143832,48,6,42,2
143833,58,6,52,2
143834,55,3,52,2
143835,50,12,38,2
143836,45,2,43,2
143837,42,0,42,1
143838,61,4,57,2
143839,48,4,44,2
143840,49,6,43,2
143841,44,9,35,2
143842,60,8,52,2
143843,61,11,50,2
143844,60,3,57,2
143845,54,6,48,2
143846,46,6,40,2
143847,59,6,53,2
143848,44,5,39,2
143849,51,5,46,2
143850,46,6,40,2
143851,43,3,40,2
143852,52,4,48,2
143853,50,4,46,2
143854,53,7,46,2
143855,68,8,60,2
143856,38,5,33,2
143857,44,5,39,2
143858,45,4,41,2
143859,51,10,41,2
143860,47,6,41,2
143861,69,8,61,2
143862,53,5,48,2
143863,51,4,47,2
143864,45,2,43,2
143865,39,4,35,2
143866,57,5,52,2
143867,47,5,42,2
143868,47,7,40,2
143869,56,5,51,2
143870,46,4,42,2
143871,58,2,56,2
143872,48,5,43,2
143873,61,6,55,2
143874,48,2,46,2
143875,56,5,51,2
143876,50,7,43,2
143877,67,3,64,2
143878,45,6,39,2
143879,53,8,45,2
143880,54,4,50,2
143881,47,4,43,2
143882,63,8,55,2
143883,51,11,40,2
143884,61,9,52,2
143885,57,7,50,2
143886,68,5,63,2
143887,62,9,53,2
143888,71,6,65,2
143889,38,0,38,1
143890,55,5,50,2
143891,61,7,54,2
143892,44,4,40,2
143893,45,11,34,2
143894,53,5,48,2
143895,60,13,47,2
143896,56,10,46,2
143897,42,5,37,2
143898,65,3,62,2
143899,63,4,59,2
143900,47,9,38,2
143901,59,10,49,2
143902,52,2,50,2
143903,56,6,50,2
143904,48,3,45,2
143905,68,7,61,2
143906,63,7,56,2
143907,48,2,46,2
143908,46,7,39,2
143909,58,4,54,2
143910,58,6,52,2
143911,56,5,51,2
143912,50,6,44,2
143913,46,6,40,2
143914,47,6,41,2
143915,52,4,48,2
143916,48,7,41,2
143917,47,6,41,2
143918,53,10,43,2
143919,47,7,40,2
143920,74,7,67,2
143921,57,3,54,2
143922,56,3,53,2
143923,45,5,40,2
143924,62,6,56,2
143925,51,3,48,2
143926,58,8,50,2
143927,54,7,47,2
143928,61,10,51,2
143929,43,3,40,2
143930,49,5,44,2
143931,57,4,53,2
143932,55,5,50,2
143933,59,6,53,2
143934,45,4,41,2
143935,55,1,54,2
143936,42,5,37,2
143937,55,5,50,2
143938,58,6,52,2
143939,48,4,44,2
143940,46,8,38,2
143941,51,3,48,2
143942,56,9,47,2
143943,45,8,37,2
143944,55,2,53,2
143945,58,6,52,2
143946,46,9,37,2
143947,72,12,60,2
143948,65,4,61,2
143949,53,6,47,2
143950,50,7,43,2
143951,54,7,47,2
143952,52,7,45,2
143953,61,11,50,2
143954,53,5,48,2
143955,59,4,55,2
143956,55,7,48,2
143957,56,3,53,2
143958,43,2,41,2
143959,50,10,40,2
143960,56,8,48,2
143961,58,10,48,2
143962,56,7,49,2
143963,53,7,46,2
143964,53,8,45,2
143965,51,6,45,2
143966,47,2,45,2
143967,72,6,66,2
143968,48,4,44,2
143969,55,6,49,2
143970,46,10,36,2
143971,45,5,40,2
143972,62,14,48,2
143973,56,10,46,2
143974,53,14,39,2
143975,70,8,62,2
143976,52,5,47,2
143977,47,7,40,2
143978,62,6,56,2
143979,53,9,44,2
143980,58,7,51,2
143981,51,11,40,2
143982,54,7,47,2
143983,67,11,56,2
143984,44,3,41,2
143985,62,4,58,2
143986,52,2,50,2
143987,49,6,43,2
143988,49,6,43,2
143989,58,7,51,2
143990,59,8,51,2
143991,65,6,59,2
143992,59,5,54,2
143993,54,8,46,2
143994,66,7,59,2
143995,50,5,45,2
143996,56,8,48,2
143997,53,7,46,2
143998,67,8,59,2
143999,58,10,48,2
144000,52,5,47,2
144001,51,9,42,2
144002,46,5,41,2
144003,69,4,65,2
144004,63,6,57,2
144005,51,8,43,2
144006,45,3,42,2
144007,63,14,49,2
144008,68,7,61,2
144009,63,6,57,2
144010,68,7,61,2
144011,53,5,48,2
144012,44,2,42,2
144013,59,7,52,2
144014,62,16,46,2
144015,48,9,39,2
144016,48,3,45,2
144017,47,9,38,2
144019,56,11,45,2
144020,40,5,35,2
144021,56,9,47,2
144022,51,9,42,2
144023,51,5,46,2
144024,62,11,51,2
144025,58,6,52,2
144026,87,12,75,2
144027,46,3,43,2
144028,46,7,39,2
144029,44,5,39,2
144030,42,3,39,2
144031,47,7,40,2
144032,57,16,41,2
144033,46,9,37,2
144034,61,5,56,2
144035,55,9,46,2
144036,67,11,56,2
144037,43,6,37,2
144038,54,4,50,2
144039,49,7,42,2
144040,59,4,55,2
144041,55,8,47,2
144042,56,6,50,2
144043,42,4,38,2
144044,49,6,43,2
144045,68,6,62,2
144046,53,5,48,2
144047,44,5,39,2
144048,63,8,55,2
144049,55,8,47,2
144050,40,3,37,2
144051,54,3,51,2
144052,57,8,49,2
144053,59,6,53,2
144054,59,8,51,2
144055,52,7,45,2
144056,50,6,44,2
144057,47,5,42,2
144058,55,7,48,2
144059,54,13,41,2
144060,47,5,42,2
144061,60,8,52,2
144062,56,13,43,2
144063,63,6,57,2
144064,38,5,33,2
144065,47,8,39,2
144066,60,4,56,2
144067,46,6,40,2
144068,61,11,50,2
144069,47,10,37,2
144070,55,6,49,2
144071,52,10,42,2
144072,54,8,46,2
144073,52,7,45,2
144074,58,9,49,2
144075,59,4,55,2
144076,49,2,47,2
144077,57,9,48,2
144078,68,6,62,2
144079,61,6,55,2
144080,66,6,60,2
144081,59,7,52,2
144082,49,7,42,2
144083,60,8,52,2
144084,66,6,60,2
144085,59,7,52,2
144086,58,11,47,2
144087,54,5,49,2
144088,59,10,49,2
144089,52,9,43,2
144090,38,2,36,2
144091,55,4,51,2
144092,50,9,41,2
144093,50,6,44,2
144094,59,5,54,2
144095,62,7,55,2
144096,48,8,40,2
144097,69,7,62,2
144098,54,3,51,2
144099,62,8,54,2
144100,54,8,46,2
144101,45,4,41,2
144102,55,3,52,2
144103,55,3,52,2
144104,43,3,40,2
144105,53,8,45,2
144106,63,4,59,2
144107,54,3,51,2
144108,47,5,42,2
144109,62,7,55,2
144110,46,5,41,2
144111,57,4,53,2
144112,66,6,60,2
144113,45,9,36,2
144114,47,5,42,2
144115,46,9,37,2
144116,63,12,51,2
144117,55,11,44,2
144118,48,6,42,2
144119,46,8,38,2
144120,48,3,45,2
144121,51,5,46,2
144122,54,10,44,2
144123,65,6,59,2
144124,74,9,65,2
144125,53,7,46,2
144126,60,3,57,2
144127,69,6,63,2
144128,50,5,45,2
144129,56,2,54,2
144130,68,9,59,2
144131,46,5,41,2
144132,35,3,32,2
144133,41,9,32,2
144134,61,6,55,2
144135,43,3,40,2
144136,63,4,59,2
144137,51,6,45,2
144138,63,8,55,2
144139,49,6,43,2
144140,53,7,46,2
144141,51,9,42,2
144142,51,7,44,2
144143,58,7,51,2
144144,53,8,45,2
144145,51,5,46,2
144146,64,7,57,2
144147,48,4,44,2
144148,53,2,51,2
144149,51,5,46,2
144150,60,6,54,2
144151,71,6,65,2
144152,50,7,43,2
144153,46,6,40,2
144154,64,10,54,2
144155,61,10,51,2
144156,59,5,54,2
144157,65,8,57,2
144158,55,7,48,2
144159,58,4,54,2
144160,59,8,51,2
144161,61,11,50,2
144162,55,7,48,2
144163,56,7,49,2
144164,61,5,56,2
144165,44,8,36,2
144166,52,5,47,2
144167,33,5,28,2
144168,51,4,47,2
144169,58,4,54,2
144170,58,8,50,2
144171,48,7,41,2
144172,45,7,38,2
144173,56,6,50,2
144174,70,11,59,2
144175,59,12,47,2
144176,45,4,41,2
144177,48,5,43,2
144178,66,9,57,2
144179,55,6,49,2
144180,55,8,47,2
144181,39,4,35,2
144182,70,11,59,2
144183,55,10,45,2
144184,69,8,61,2
144185,66,6,60,2
144186,55,5,50,2
144187,46,7,39,2
144188,54,9,45,2
144189,59,4,55,2
144190,42,9,33,2
144191,59,8,51,2
144192,55,4,51,2
144193,63,6,57,2
144194,46,4,42,2
144195,51,11,40,2
144196,62,9,53,2
144197,52,2,50,2
144198,52,9,43,2
144199,56,8,48,2
144200,55,11,44,2
144201,59,7,52,2
144202,56,6,50,2
144203,56,11,45,2
144204,52,7,45,2
144205,48,5,43,2
144206,67,11,56,2
144207,50,6,44,2
144208,57,10,47,2
144209,57,4,53,2
144210,59,10,49,2
144211,58,8,50,2
144212,61,9,52,2
144213,57,9,48,2
144214,45,3,42,2
144215,60,4,56,2
144216,46,7,39,2
144217,47,9,38,2
144218,63,12,51,2
144219,48,3,45,2
144220,48,7,41,2
144221,63,6,57,2
144222,55,7,48,2
144223,62,3,59,2
144224,69,9,60,2
144225,64,4,60,2
144226,72,9,63,2
144227,46,7,39,2
144228,67,12,55,2
144229,54,11,43,2
144230,58,12,46,2
144231,60,4,56,2
144232,60,10,50,2
144233,57,12,45,2
144234,56,10,46,2
144235,41,9,32,2
144236,67,8,59,2
144237,56,7,49,2
144238,53,2,51,2
144239,56,9,47,2
144240,40,4,36,2
144241,54,7,47,2
144242,50,6,44,2
144243,50,2,48,2
144244,53,7,46,2
144245,58,3,55,2
144246,48,8,40,2
144247,49,6,43,2
144248,50,5,45,2
144249,55,5,50,2
144250,52,9,43,2
144251,44,4,40,2
144252,61,9,52,2
144253,64,6,58,2
144254,50,8,42,2
144255,57,10,47,2
144256,59,7,52,2
144257,54,8,46,2
144258,56,8,48,2
144259,52,4,48,2
144260,65,13,52,2
144261,57,11,46,2
144262,67,6,61,2
144263,52,5,47,2
144264,47,2,45,2
144265,57,4,53,2
144266,65,9,56,2
144267,52,5,47,2
144268,47,6,41,2
144269,40,4,36,2
144270,42,3,39,2
144271,55,8,47,2
144272,55,1,54,2
144273,58,7,51,2
144274,48,7,41,2
144275,33,4,29,2
144276,53,8,45,2
144277,65,14,51,2
144278,55,13,42,2
144279,57,13,44,2
144280,75,9,66,2
144281,50,3,47,2
144282,50,5,45,2
144283,50,11,39,2
144284,44,1,43,2
144285,63,7,56,2
144286,46,10,36,2
144287,68,6,62,2
144288,59,7,52,2
144289,47,9,38,2
144290,41,2,39,2
144291,46,7,39,2
144292,45,1,44,2
144293,42,5,37,2
144294,52,11,41,2
144295,54,4,50,2
144296,53,3,50,2
144297,56,8,48,2
144298,54,5,49,2
144299,55,10,45,2
144300,62,6,56,2
144301,57,11,46,2
144302,55,10,45,2
144303,42,3,39,2
144304,64,6,58,2
144305,52,6,46,2
144306,55,6,49,2
144307,55,7,48,2
144308,59,12,47,2
144309,59,9,50,2
144310,52,8,44,2
144311,76,11,65,2
144312,50,5,45,2
144313,59,8,51,2
144314,56,8,48,2
144315,51,11,40,2
144316,61,6,55,2
144317,61,7,54,2
144318,54,6,48,2
144319,53,4,49,2
144320,64,8,56,2
144321,56,4,52,2
144322,48,1,47,2
144323,50,7,43,2
144324,48,7,41,2
144325,54,5,49,2
144326,51,5,46,2
144327,62,5,57,2
144328,62,9,53,2
144329,53,5,48,2
144330,53,6,47,2
144331,66,7,59,2
144332,44,5,39,2
144333,53,8,45,2
144334,55,9,46,2
144335,48,3,45,2
144336,60,3,57,2
144337,49,8,41,2
144338,54,6,48,2
144339,46,8,38,2
144340,52,4,48,2
144341,62,8,54,2
144342,60,6,54,2
144343,40,4,36,2
144344,51,2,49,2
144345,68,7,61,2
144346,67,12,55,2
144347,48,5,43,2
144348,42,5,37,2
144349,48,8,40,2
144350,56,5,51,2
144351,55,8,47,2
144352,55,6,49,2
144353,62,10,52,2
144354,65,14,51,2
144355,63,9,54,2
144356,42,5,37,2
144357,63,8,55,2
144358,48,5,43,2
144359,50,2,48,2
144360,53,7,46,2
144361,50,3,47,2
144362,64,3,61,2
144363,49,8,41,2
144364,71,7,64,2
144365,62,7,55,2
144366,56,11,45,2
144367,41,4,37,2
144368,61,7,54,2
144369,51,6,45,2
144370,51,11,40,2
144371,59,7,52,2
144372,60,10,50,2
144373,50,7,43,2
144374,46,7,39,2
144376,53,7,46,2
144377,60,2,58,2
144378,44,6,38,2
144379,63,6,57,2
144380,47,3,44,2
144381,59,15,44,2
144382,45,6,39,2
144383,57,10,47,2
144384,52,7,45,2
144385,45,4,41,2
144386,65,4,61,2
144387,48,2,46,2
144388,45,4,41,2
144389,47,0,47,1
144390,48,4,44,2
144391,51,6,45,2
144392,65,7,58,2
144393,59,7,52,2
144394,51,7,44,2
144395,50,11,39,2
144396,60,3,57,2
144397,55,9,46,2
144399,66,6,60,2
144400,53,6,47,2
144401,43,4,39,2
144402,52,6,46,2
144403,59,7,52,2
144404,51,6,45,2
144405,57,9,48,2
144406,52,7,45,2
144407,63,7,56,2
144408,56,5,51,2
144409,45,4,41,2
144410,53,5,48,2
144411,51,5,46,2
144412,53,7,46,2
144413,53,8,45,2
144414,54,8,46,2
144415,51,5,46,2
144416,56,5,51,2
144417,51,3,48,2
144418,60,6,54,2
144419,66,9,57,2
144420,61,9,52,2
144421,74,12,62,2
144422,65,5,60,2
144423,54,5,49,2
144424,54,6,48,2
144425,63,9,54,2
144426,48,8,40,2
144427,60,8,52,2
144428,77,10,67,2
144429,60,7,53,2
144430,50,7,43,2
144431,69,4,65,2
144432,67,4,63,2
144433,42,8,34,2
144434,56,3,53,2
144435,43,2,41,2
144436,56,5,51,2
144437,59,7,52,2
144438,44,4,40,2
144439,62,6,56,2
144440,58,8,50,2
144441,54,7,47,2
144442,56,8,48,2
144443,67,6,61,2
144444,53,7,46,2
144445,52,2,50,2
144446,48,2,46,2
144447,66,8,58,2
144448,47,7,40,2
144449,65,8,57,2
144450,56,5,51,2
144451,58,5,53,2
144452,43,6,37,2
144453,53,9,44,2
144454,63,5,58,2
144455,61,4,57,2
144456,61,7,54,2
144457,54,7,47,2
144458,61,8,53,2
144459,54,9,45,2
144460,54,4,50,2
144461,65,5,60,2
144462,56,4,52,2
144463,60,4,56,2
144464,49,10,39,2
144465,55,12,43,2
144466,48,5,43,2
144467,63,7,56,2
144468,60,5,55,2
144469,55,10,45,2
144470,44,9,35,2
144471,44,5,39,2
144472,57,7,50,2
144473,54,7,47,2
144474,54,9,45,2
144475,61,6,55,2
144476,57,3,54,2
144477,57,5,52,2
144478,49,3,46,2
144479,42,4,38,2
144480,45,8,37,2
144481,54,7,47,2
144482,58,7,51,2
144483,66,5,61,2
144484,41,0,41,1
144485,49,5,44,2
144486,49,7,42,2
144487,39,3,36,2
144488,62,10,52,2
144489,57,6,51,2
144490,50,4,46,2
144491,44,3,41,2
144492,67,6,61,2
144493,62,8,54,2
144494,52,6,46,2
144495,44,6,38,2
144496,61,9,52,2
144497,57,7,50,2
144498,49,6,43,2
144499,57,9,48,2
144500,48,3,45,2
144501,56,6,50,2
144502,54,10,44,2
144503,49,10,39,2
144504,61,7,54,2
144505,54,8,46,2
144506,57,9,48,2
144507,56,8,48,2
144508,58,7,51,2
144509,43,4,39,2
144510,46,3,43,2
144511,58,4,54,2
144512,59,13,46,2
144513,51,2,49,2
144514,55,8,47,2
144515,53,11,42,2
144516,53,6,47,2
144517,49,4,45,2
144518,56,4,52,2
144519,41,3,38,2
144520,53,2,51,2
144521,49,7,42,2
144522,57,6,51,2
144523,73,6,67,2
144524,45,5,40,2
144525,52,8,44,2
144526,55,9,46,2
144527,55,5,50,2
144528,63,8,55,2
144529,67,9,58,2
144530,61,10,51,2
144531,48,4,44,2
144532,40,4,36,2
144533,66,7,59,2
144534,61,5,56,2
144535,50,9,41,2
144536,72,5,67,2
144537,49,8,41,2
144538,58,4,54,2
144539,54,9,45,2
144540,54,8,46,2
144541,61,6,55,2
144542,54,5,49,2
144543,53,6,47,2
144544,62,7,55,2
144545,53,12,41,2
144546,70,10,60,2
144547,68,9,59,2
144548,56,6,50,2
144549,55,15,40,2
144550,61,5,56,2
144551,67,9,58,2
144552,49,3,46,2
144553,57,7,50,2
144554,63,13,50,2
144555,39,8,31,2
144556,51,3,48,2
144557,44,4,40,2
144558,50,5,45,2
144559,63,6,57,2
144560,59,7,52,2
144561,62,4,58,2
144562,45,3,42,2
144563,67,8,59,2
144564,73,7,66,2
144565,49,10,39,2
144566,40,3,37,2
144567,45,10,35,2
144568,49,5,44,2
144569,51,9,42,2
144570,58,4,54,2
144571,62,6,56,2
144572,58,6,52,2
144573,56,11,45,2
144574,47,5,42,2
144575,59,11,48,2
144576,64,10,54,2
144577,62,8,54,2
144578,56,7,49,2
144579,45,2,43,2
144580,65,14,51,2
144581,63,15,48,2
144582,58,9,49,2
144583,44,7,37,2
144584,54,7,47,2
144585,69,6,63,2
144586,46,6,40,2
144587,57,5,52,2
144588,73,11,62,2
144589,53,6,47,2
144590,56,6,50,2
144591,51,8,43,2
144592,60,7,53,2
144593,57,7,50,2
144594,69,5,64,2
144595,56,3,53,2
144596,51,5,46,2
144597,44,6,38,2
144598,64,6,58,2
144599,53,8,45,2
144600,54,8,46,2
144601,57,5,52,2
144602,63,5,58,2
144603,59,7,52,2
144604,40,4,36,2
144605,59,6,53,2
144606,49,6,43,2
144607,40,6,34,2
144608,53,7,46,2
144609,56,7,49,2
144610,46,5,41,2
144611,56,5,51,2
144612,54,8,46,2
144613,62,7,55,2
144614,52,5,47,2
144615,56,3,53,2
144616,69,8,61,2
144617,51,5,46,2
144618,62,6,56,2
144619,48,7,41,2
144620,61,8,53,2
144621,61,9,52,2
144622,53,7,46,2
144623,54,6,48,2
144624,60,4,56,2
144625,67,8,59,2
144626,48,8,40,2
144627,50,7,43,2
144628,46,6,40,2
144629,55,7,48,2
144630,59,6,53,2
144631,52,6,46,2
144632,59,2,57,2
144633,74,14,60,2
144634,48,6,42,2
144635,65,5,60,2
144636,55,9,46,2
144637,63,9,54,2
144638,55,6,49,2
144639,50,10,40,2
144640,60,8,52,2
144641,57,2,55,2
144642,48,5,43,2
144643,44,5,39,2
144644,42,6,36,2
144645,38,6,32,2
144646,55,7,48,2
144647,43,5,38,2
144648,51,9,42,2
144649,48,8,40,2
144650,70,12,58,2
144651,63,7,56,2
144652,49,6,43,2
144653,55,6,49,2
144654,65,10,55,2
144655,52,4,48,2
144656,52,6,46,2
144657,50,4,46,2
144658,47,4,43,2
144659,61,6,55,2
144660,49,2,47,2
144661,59,6,53,2
144662,53,6,47,2
144663,54,3,51,2
144664,56,6,50,2
144665,51,9,42,2
144666,57,6,51,2
144667,54,7,47,2
144668,60,9,51,2
144669,45,2,43,2
144670,61,3,58,2
144671,52,7,45,2
144672,46,3,43,2
144673,67,5,62,2
144674,51,5,46,2
144675,50,7,43,2
144676,46,4,42,2
144677,49,4,45,2
144678,66,8,58,2
144679,51,5,46,2
144680,52,8,44,2
144681,72,5,67,2
144682,41,6,35,2
144683,50,6,44,2
144684,51,7,44,2
144685,49,4,45,2
144686,57,7,50,2
144687,51,4,47,2
144688,53,4,49,2
144689,45,9,36,2
144690,74,7,67,2
144691,49,9,40,2
144692,46,2,44,2
144693,58,8,50,2
144694,64,11,53,2
144695,56,6,50,2
144696,53,4,49,2
144697,57,4,53,2
144698,48,12,36,2
144699,48,4,44,2
144700,54,5,49,2
144701,52,5,47,2
144702,51,9,42,2
144703,62,12,50,2
144704,58,8,50,2
144705,59,7,52,2
144706,42,4,38,2
144707,55,8,47,2
144708,50,6,44,2
144709,67,7,60,2
144710,48,8,40,2
144711,58,7,51,2
144712,54,3,51,2
144713,65,6,59,2
144714,50,5,45,2
144715,43,2,41,2
144716,53,7,46,2
144717,56,7,49,2
144718,56,9,47,2
144719,69,5,64,2
144720,47,6,41,2
144721,64,4,60,2
144722,63,7,56,2
144723,55,4,51,2
144724,57,3,54,2
144725,54,8,46,2
144726,46,6,40,2
144727,61,7,54,2
144728,64,5,59,2
144729,48,4,44,2
144730,46,4,42,2
144731,49,5,44,2
144732,67,5,62,2
144733,53,9,44,2
144734,41,7,34,2
144735,60,7,53,2
144736,46,6,40,2
144737,62,6,56,2
144738,65,6,59,2
144739,55,8,47,2
144740,62,7,55,2
144741,55,7,48,2
144742,51,8,43,2
144743,58,9,49,2
144744,57,3,54,2
144745,55,6,49,2
144746,63,8,55,2
144747,49,5,44,2
144748,40,5,35,2
144749,49,2,47,2
144750,64,4,60,2
144751,44,6,38,2
144752,53,4,49,2
144753,61,7,54,2
144754,54,3,51,2
144755,62,7,55,2
144756,52,4,48,2
144757,74,10,64,2
144758,58,5,53,2
144759,48,5,43,2
144760,45,3,42,2
144761,51,6,45,2
144762,72,6,66,2
144763,64,7,57,2
144764,48,8,40,2
144765,50,5,45,2
144766,63,7,56,2
144767,68,7,61,2
144768,53,7,46,2
144769,50,6,44,2
144770,60,6,54,2
144771,49,4,45,2
144772,50,4,46,2
144773,51,2,49,2
144774,52,9,43,2
144775,59,7,52,2
144776,51,6,45,2
144777,63,7,56,2
144778,50,6,44,2
144779,54,5,49,2
144780,39,8,31,2
144781,57,13,44,2
144782,76,11,65,2
144783,46,6,40,2
144784,68,9,59,2
144785,41,2,39,2
144786,48,1,47,2
144787,61,7,54,2
144788,45,7,38,2
144789,48,9,39,2
144790,57,8,49,2
144791,73,4,69,2
144792,50,6,44,2
144793,62,4,58,2
144794,51,7,44,2
144795,57,5,52,2
144796,60,5,55,2
144797,51,9,42,2
144798,50,7,43,2
144799,46,3,43,2
144800,49,5,44,2
144801,67,4,63,2
144802,39,3,36,2
144803,42,7,35,2
144804,53,9,44,2
144805,45,3,42,2
144806,48,14,34,2
144807,49,2,47,2
144808,49,6,43,2
144809,48,8,40,2
144810,44,5,39,2
144811,58,7,51,2
144812,59,3,56,2
144813,46,5,41,2
144814,62,5,57,2
144815,55,12,43,2
144816,57,7,50,2
144817,49,6,43,2
144818,54,8,46,2
144819,65,11,54,2
144820,60,6,54,2
144821,36,3,33,2
144822,58,9,49,2
144823,61,6,55,2
144824,67,13,54,2
144825,60,5,55,2
144826,60,11,49,2
144827,58,7,51,2
144828,45,6,39,2
144829,47,3,44,2
144830,46,6,40,2
144831,46,2,44,2
144832,59,8,51,2
144833,50,9,41,2
144834,45,6,39,2
144835,55,4,51,2
144836,50,4,46,2
144837,65,10,55,2
144838,72,4,68,2
144839,62,8,54,2
144841,54,5,49,2
144842,57,7,50,2
144843,45,5,40,2
144844,60,7,53,2
144845,57,13,44,2
144846,44,8,36,2
144847,50,7,43,2
144848,52,5,47,2
144849,59,11,48,2
144850,63,4,59,2
144851,54,3,51,2
144852,53,7,46,2
144853,49,5,44,2
144854,44,5,39,2
144855,46,4,42,2
144856,43,7,36,2
144857,56,11,45,2
144858,49,5,44,2
144859,61,9,52,2
144860,52,7,45,2
144861,50,5,45,2
144862,48,5,43,2
144863,46,5,41,2
144864,38,7,31,2
144865,44,9,35,2
144866,50,7,43,2
144867,59,10,49,2
144868,45,4,41,2
144869,41,6,35,2
144870,54,9,45,2
144871,47,8,39,2
144872,52,2,50,2
144873,51,7,44,2
144874,59,12,47,2
144875,60,6,54,2
144876,53,3,50,2
144877,58,7,51,2
144878,55,5,50,2
144879,59,8,51,2
144880,53,9,44,2
144881,53,4,49,2
144882,47,9,38,2
144883,48,7,41,2
144884,49,5,44,2
144885,52,10,42,2
144886,54,6,48,2
144887,51,6,45,2
144888,61,10,51,2
144889,61,7,54,2
144890,43,3,40,2
144891,45,10,35,2
144892,55,7,48,2
144893,42,8,34,2
144894,52,8,44,2
144895,60,9,51,2
144896,49,8,41,2
144897,48,6,42,2
144898,51,9,42,2
144899,60,9,51,2
144900,66,8,58,2
144901,48,3,45,2
144902,58,8,50,2
144903,53,5,48,2
144904,53,5,48,2
144905,43,5,38,2
144906,42,6,36,2
144907,47,6,41,2
144908,62,10,52,2
144909,53,8,45,2
144910,53,7,46,2
144911,36,4,32,2
144912,38,3,35,2
144913,60,12,48,2
144914,54,6,48,2
144915,58,8,50,2
144916,51,5,46,2
144917,58,7,51,2
144918,57,3,54,2
144919,55,7,48,2
144920,59,5,54,2
144921,65,5,60,2
144922,53,4,49,2
144923,62,8,54,2
144924,71,5,66,2
144925,58,7,51,2
144926,54,4,50,2
144927,52,8,44,2
144928,61,9,52,2
144929,48,5,43,2
144930,61,14,47,2
144931,59,7,52,2
144932,66,9,57,2
144933,62,9,53,2
144934,58,3,55,2
144935,47,4,43,2
144936,51,6,45,2
144937,53,9,44,2
144938,51,7,44,2
144939,69,3,66,2
144940,66,10,56,2
144941,54,7,47,2
144942,51,4,47,2
144943,51,8,43,2
144944,57,6,51,2
144945,59,6,53,2
144946,64,12,52,2
144947,54,3,51,2
144948,51,3,48,2
144949,49,3,46,2
144950,70,7,63,2
144951,51,4,47,2
144952,57,5,52,2
144953,55,8,47,2
144954,54,5,49,2
144955,57,7,50,2
144956,52,6,46,2
144957,45,6,39,2
144958,54,5,49,2
144959,64,9,55,2
144960,64,7,57,2
144961,59,9,50,2
144962,59,7,52,2
144963,49,4,45,2
144964,69,6,63,2
144965,58,8,50,2
144966,46,6,40,2
144967,42,5,37,2
144968,58,5,53,2
144969,65,9,56,2
144970,67,8,59,2
144971,66,11,55,2
144972,41,4,37,2
144973,53,6,47,2
144974,66,13,53,2
144975,64,7,57,2
144976,53,5,48,2
144977,41,7,34,2
144978,58,6,52,2
144979,62,7,55,2
144980,59,2,57,2
144981,46,5,41,2
144982,64,8,56,2
144983,60,9,51,2
144984,53,7,46,2
144985,56,7,49,2
144986,46,6,40,2
144987,43,6,37,2
144988,44,5,39,2
144989,48,4,44,2
144990,62,6,56,2
144991,49,3,46,2
144992,60,6,54,2
144993,52,4,48,2
144994,42,6,36,2
144995,51,5,46,2
144996,44,2,42,2
144997,49,4,45,2
144998,55,7,48,2
144999,51,7,44,2
145000,63,8,55,2
145001,60,11,49,2
145002,46,5,41,2
145003,55,5,50,2
145004,71,7,64,2
145005,45,10,35,2
145006,70,10,60,2
145007,41,5,36,2
145008,47,9,38,2
145009,55,6,49,2
145010,41,7,34,2
145011,60,6,54,2
145012,46,6,40,2
145013,44,8,36,2
145014,47,7,40,2
145015,59,6,53,2
145016,50,6,44,2
145017,65,9,56,2
145018,41,5,36,2
145019,62,9,53,2
145020,53,8,45,2
145021,62,5,57,2
145022,50,5,45,2
145023,54,2,52,2
145024,47,3,44,2
145025,58,10,48,2
145026,54,6,48,2
145027,52,8,44,2
145028,44,7,37,2
145029,63,6,57,2
145030,56,3,53,2
145031,57,12,45,2
145032,48,8,40,2
145033,55,7,48,2
145034,65,8,57,2
145035,52,6,46,2
145036,46,6,40,2
145037,54,5,49,2
145038,55,10,45,2
145039,61,9,52,2
145040,71,4,67,2
145041,63,3,60,2
145042,64,5,59,2
145043,52,2,50,2
145044,51,6,45,2
145045,57,7,50,2
145046,59,9,50,2
145047,47,4,43,2
145048,55,5,50,2
145049,69,8,61,2
145050,49,4,45,2
145051,64,6,58,2
145052,53,3,50,2
145053,54,8,46,2
145054,60,11,49,2
145055,51,6,45,2
145056,54,11,43,2
145057,71,12,59,2
145058,54,4,50,2
145059,61,7,54,2
145060,58,2,56,2
145061,62,8,54,2
145062,56,6,50,2
145063,54,5,49,2
145064,63,7,56,2
145065,47,8,39,2
145066,73,5,68,2
145067,55,6,49,2
145068,59,9,50,2
145069,61,10,51,2
145070,52,7,45,2
145071,52,6,46,2
145072,71,5,66,2
145073,57,8,49,2
145074,51,3,48,2
145075,69,12,57,2
145076,48,9,39,2
145077,58,4,54,2
145078,53,7,46,2
145079,44,0,44,1
145080,54,2,52,2
145081,58,7,51,2
145082,68,13,55,2
145083,44,6,38,2
145084,66,9,57,2
145085,55,10,45,2
145086,53,2,51,2
145087,58,5,53,2
145088,67,13,54,2
145089,61,9,52,2
145090,49,2,47,2
145091,66,9,57,2
145092,29,5,24,2
145093,51,5,46,2
145094,40,4,36,2
145095,66,9,57,2
145096,49,7,42,2
145097,50,4,46,2
145098,56,3,53,2
145099,53,5,48,2
145100,44,5,39,2
145101,53,6,47,2
145102,61,6,55,2
145103,48,10,38,2
145104,52,6,46,2
145105,48,8,40,2
145106,36,5,31,2
145107,54,5,49,2
145108,62,5,57,2
145109,64,5,59,2
145110,41,6,35,2
145111,40,5,35,2
145112,54,9,45,2
145113,60,8,52,2
145114,37,4,33,2
145115,52,3,49,2
145116,54,6,48,2
145117,53,9,44,2
145118,45,5,40,2
145119,62,9,53,2
145120,60,7,53,2
145121,42,2,40,2
145122,50,8,42,2
145123,48,7,41,2
145124,52,6,46,2
145125,53,8,45,2
145126,57,10,47,2
145127,44,4,40,2
145128,65,7,58,2
145129,54,5,49,2
145130,58,8,50,2
145131,58,6,52,2
145132,60,5,55,2
145133,44,5,39,2
145134,54,6,48,2
145135,55,10,45,2
145136,45,6,39,2
145137,54,9,45,2
145138,48,4,44,2
145139,61,9,52,2
145140,55,5,50,2
145141,56,6,50,2
145142,43,7,36,2
145143,51,7,44,2
145144,56,5,51,2
145145,59,7,52,2
145146,49,5,44,2
145147,49,5,44,2
145148,66,9,57,2
145149,54,10,44,2
145150,52,9,43,2
145151,52,5,47,2
145152,48,7,41,2
145153,47,4,43,2
145154,54,6,48,2
145155,62,4,58,2
145156,64,7,57,2
145157,58,8,50,2
145158,61,7,54,2
145159,68,4,64,2
145160,52,6,46,2
145161,53,4,49,2
145162,57,4,53,2
145163,57,5,52,2
145164,56,9,47,2
145165,48,4,44,2
145166,59,7,52,2
145167,66,7,59,2
145168,56,8,48,2
145169,51,10,41,2
145170,56,9,47,2
145171,57,7,50,2
145172,51,9,42,2
145173,60,7,53,2
145174,56,10,46,2
145175,51,5,46,2
145176,48,6,42,2
145177,62,9,53,2
145178,56,7,49,2
145179,53,5,48,2
145180,53,5,48,2
145181,61,4,57,2
145182,51,3,48,2
145183,58,8,50,2
145184,61,11,50,2
145185,48,6,42,2
145186,60,11,49,2
145187,48,6,42,2
145188,69,5,64,2
145189,60,8,52,2
145190,59,9,50,2
145191,52,5,47,2
145192,37,4,33,2
145193,41,4,37,2
145194,66,5,61,2
145195,55,1,54,2
145196,60,9,51,2
145197,54,6,48,2
145198,56,4,52,2
145199,53,5,48,2
145200,47,8,39,2
145201,49,7,42,2
145202,51,8,43,2
145203,32,2,30,2
145204,49,6,43,2
145205,53,5,48,2
145206,57,7,50,2
145207,59,7,52,2
145208,61,6,55,2
145209,58,8,50,2
145210,41,3,38,2
145211,60,6,54,2
145212,58,6,52,2
145213,49,5,44,2
145214,60,4,56,2
145215,70,13,57,2
145216,43,5,38,2
145217,55,7,48,2
145218,54,6,48,2
145219,62,14,48,2
145220,77,2,75,2
145221,47,6,41,2
145222,49,3,46,2
145223,48,5,43,2
145224,52,4,48,2
145225,66,7,59,2
145226,42,8,34,2
145227,61,8,53,2
145228,57,1,56,2
145229,45,8,37,2
145230,62,7,55,2
145231,49,11,38,2
145232,46,4,42,2
145233,56,5,51,2
145234,47,4,43,2
145235,47,8,39,2
145236,55,5,50,2
145237,47,4,43,2
145238,62,9,53,2
145239,45,6,39,2
145240,65,9,56,2
145241,61,3,58,2
145242,41,4,37,2
145243,52,5,47,2
145244,60,6,54,2
145245,63,7,56,2
145246,57,6,51,2
145247,54,4,50,2
145248,59,6,53,2
145249,51,7,44,2
145250,45,9,36,2
145251,54,5,49,2
145252,53,5,48,2
145253,58,5,53,2
145254,57,5,52,2
145255,58,9,49,2
145256,56,4,52,2
145257,54,9,45,2
145258,51,5,46,2
145259,56,2,54,2
145260,55,6,49,2
145261,61,7,54,2
145262,56,7,49,2
145263,57,5,52,2
145264,46,8,38,2
145265,59,6,53,2
145266,54,5,49,2
145267,46,7,39,2
145268,43,5,38,2
145269,63,12,51,2
145270,69,5,64,2
145271,56,6,50,2
145272,52,8,44,2
145273,49,4,45,2
145274,47,3,44,2
145275,63,3,60,2
145276,47,3,44,2
145277,43,6,37,2
145278,61,4,57,2
145279,66,11,55,2
145280,68,5,63,2
145281,50,8,42,2
145282,49,8,41,2
145283,51,5,46,2
145284,47,12,35,2
145285,66,11,55,2
145286,45,2,43,2
145287,54,6,48,2
145288,56,11,45,2
145289,50,10,40,2
145290,43,7,36,2
145291,48,6,42,2
145292,45,3,42,2
145293,53,6,47,2
145294,47,8,39,2
145295,57,8,49,2
145296,41,3,38,2
145297,71,10,61,2
145298,51,10,41,2
145299,31,5,26,2
145300,52,4,48,2
145301,57,8,49,2
145302,63,8,55,2
145303,40,2,38,2
145304,50,4,46,2
145305,63,3,60,2
145306,48,4,44,2
145307,67,12,55,2
145308,58,6,52,2
145309,65,10,55,2
145310,54,9,45,2
145311,60,4,56,2
145312,43,5,38,2
145313,56,11,45,2
145314,52,6,46,2
145315,62,10,52,2
145316,58,10,48,2
145317,52,7,45,2
145318,65,7,58,2
145319,54,8,46,2
145320,61,7,54,2
145321,54,3,51,2
145322,56,6,50,2
145323,56,12,44,2
145324,55,4,51,2
145325,56,5,51,2
145326,64,8,56,2
145327,45,6,39,2
145328,45,5,40,2
145329,61,6,55,2
145330,49,9,40,2
145331,61,7,54,2
145332,52,2,50,2
145333,46,3,43,2
145334,48,6,42,2
145335,60,6,54,2
145336,57,3,54,2
145337,45,8,37,2
145338,59,5,54,2
145339,59,5,54,2
145340,57,7,50,2
145341,58,5,53,2
145342,53,7,46,2
145343,72,7,65,2
145344,54,4,50,2
145345,46,5,41,2
145346,58,6,52,2
145347,56,7,49,2
145348,43,4,39,2
145349,54,9,45,2
145350,64,10,54,2
145351,46,7,39,2
145352,62,6,56,2
145353,56,8,48,2
145354,49,3,46,2
145355,41,4,37,2
145356,61,11,50,2
145357,67,6,61,2
145358,50,5,45,2
145359,58,7,51,2
145360,41,7,34,2
145361,45,5,40,2
145362,52,8,44,2
145363,49,7,42,2
145364,55,7,48,2
145365,63,5,58,2
145366,66,8,58,2
145367,60,3,57,2
145368,53,3,50,2
145369,56,2,54,2
145370,61,6,55,2
145371,63,8,55,2
145372,52,10,42,2
145373,67,3,64,2
145374,44,4,40,2
145375,56,6,50,2
145376,63,6,57,2
145377,50,7,43,2
145378,51,8,43,2
145379,61,7,54,2
145380,51,6,45,2
145381,59,9,50,2
145382,56,9,47,2
145383,47,7,40,2
145384,73,9,64,2
145385,59,10,49,2
145386,62,5,57,2
145387,41,5,36,2
145388,46,3,43,2
145389,56,4,52,2
145390,51,7,44,2
145391,45,6,39,2
145392,54,5,49,2
145393,55,9,46,2
145394,56,10,46,2
145395,55,6,49,2
145396,49,5,44,2
145397,71,9,62,2
145398,64,15,49,2
145399,46,9,37,2
145400,57,5,52,2
145401,38,4,34,2
145402,57,6,51,2
145403,57,6,51,2
145404,54,4,50,2
145405,49,4,45,2
145406,51,9,42,2
145407,54,8,46,2
145408,64,6,58,2
145409,53,2,51,2
145410,47,6,41,2
145411,67,11,56,2
145412,67,5,62,2
145413,57,9,48,2
145414,47,12,35,2
145415,45,6,39,2
145416,51,5,46,2
145417,60,10,50,2
145418,50,4,46,2
145419,56,9,47,2
145420,64,8,56,2
145421,46,7,39,2
145422,51,4,47,2
145423,72,11,61,2
145424,68,8,60,2
145425,49,5,44,2
145426,59,6,53,2
145427,48,4,44,2
145428,57,2,55,2
145429,72,6,66,2
145430,59,8,51,2
145431,49,6,43,2
145432,59,5,54,2
145433,40,7,33,2
145434,48,8,40,2
145435,55,10,45,2
145436,47,10,37,2
145437,55,11,44,2
145438,53,8,45,2
145439,60,12,48,2
145440,63,10,53,2
145441,44,6,38,2
145442,49,7,42,2
145443,48,10,38,2
145444,60,12,48,2
145445,51,1,50,2
145446,54,5,49,2
145447,48,9,39,2
145448,57,8,49,2
145449,54,9,45,2
145450,39,6,33,2
145451,61,9,52,2
145452,53,9,44,2
145453,50,8,42,2
145454,58,11,47,2
145455,52,8,44,2
145456,51,5,46,2
145457,55,12,43,2
145458,60,10,50,2
145459,51,6,45,2
145460,55,2,53,2
145461,42,6,36,2
145462,64,7,57,2
145463,44,6,38,2
145464,60,10,50,2
145465,69,14,55,2
145466,50,4,46,2
145467,33,4,29,2
145468,60,10,50,2
145469,56,4,52,2
145470,42,4,38,2
145471,54,6,48,2
145472,49,5,44,2
145473,51,6,45,2
145474,41,4,37,2
145475,53,11,42,2
145476,51,4,47,2
145477,52,5,47,2
145478,77,9,68,2
145479,47,3,44,2
145480,51,6,45,2
145481,64,2,62,2
145482,56,9,47,2
145483,56,7,49,2
145484,64,6,58,2
145485,61,7,54,2
145486,68,4,64,2
145487,61,8,53,2
145488,52,4,48,2
145489,58,7,51,2
145490,59,6,53,2
145491,41,2,39,2
145492,60,12,48,2
145493,45,2,43,2
145494,62,6,56,2
145495,59,5,54,2
145496,57,3,54,2
145497,61,8,53,2
145498,44,3,41,2
145499,68,6,62,2
145500,71,10,61,2
145501,47,1,46,2
145502,52,6,46,2
145503,52,6,46,2
145504,53,9,44,2
145505,49,2,47,2
145506,45,6,39,2
145507,55,9,46,2
145508,55,7,48,2
145509,63,4,59,2
145510,63,12,51,2
145511,67,7,60,2
145512,52,8,44,2
145513,60,4,56,2
145514,45,5,40,2
145515,58,8,50,2
145516,63,6,57,2
145517,53,8,45,2
145518,41,4,37,2
145519,67,12,55,2
145520,54,9,45,2
145521,68,6,62,2
145522,54,10,44,2
145523,57,6,51,2
145524,47,2,45,2
145525,50,9,41,2
145526,56,6,50,2
145527,52,6,46,2
145528,59,6,53,2
145529,54,5,49,2
145530,44,6,38,2
145531,42,6,36,2
145532,58,5,53,2
145533,48,4,44,2
145534,68,11,57,2
145535,55,4,51,2
145536,57,6,51,2
145537,50,2,48,2
145538,56,7,49,2
145539,61,6,55,2
145540,50,5,45,2
145541,65,9,56,2
145542,47,5,42,2
145543,68,9,59,2
145544,56,7,49,2
145545,55,5,50,2
145546,60,7,53,2
145547,66,12,54,2
145548,57,7,50,2
145549,53,5,48,2
145550,47,6,41,2
145551,59,7,52,2
145552,50,4,46,2
145553,49,7,42,2
145554,51,5,46,2
145555,44,4,40,2
145556,51,8,43,2
145557,64,4,60,2
145558,61,2,59,2
145559,55,6,49,2
145560,49,6,43,2
145561,55,5,50,2
145562,48,6,42,2
145563,67,9,58,2
145564,49,3,46,2
145565,50,3,47,2
145566,64,9,55,2
145567,44,5,39,2
145568,53,6,47,2
145569,48,3,45,2
145570,53,11,42,2
145571,47,5,42,2
145572,47,7,40,2
145573,62,4,58,2
145574,47,7,40,2
145575,50,7,43,2
145576,60,7,53,2
145577,53,8,45,2
145578,61,7,54,2
145579,55,8,47,2
145580,48,7,41,2
145581,54,7,47,2
145582,54,4,50,2
145583,61,7,54,2
145584,67,8,59,2
145585,59,6,53,2
145586,53,6,47,2
145587,57,7,50,2
145588,57,7,50,2
145589,40,4,36,2
145590,63,6,57,2
145591,53,7,46,2
145592,51,3,48,2
145593,45,6,39,2
145594,46,5,41,2
145595,50,9,41,2
145596,57,8,49,2
145597,59,7,52,2
145598,53,9,44,2
145599,53,4,49,2
145600,50,6,44,2
145601,53,5,48,2
145602,57,8,49,2
145603,58,6,52,2
145604,56,6,50,2
145605,52,10,42,2
145606,63,7,56,2
145607,65,9,56,2
145608,62,6,56,2
145609,51,7,44,2
145610,47,6,41,2
145611,59,5,54,2
145612,62,6,56,2
145613,56,6,50,2
145614,57,9,48,2
145615,68,7,61,2
145616,59,9,50,2
145617,56,3,53,2
145618,48,6,42,2
145619,55,4,51,2
145620,47,4,43,2
145621,48,4,44,2
145622,62,11,51,2
145623,51,11,40,2
145624,39,3,36,2
145625,40,7,33,2
145626,44,2,42,2
145627,41,4,37,2
145628,49,3,46,2
145629,50,5,45,2
145630,48,5,43,2
145631,50,10,40,2
145632,64,6,58,2
145633,53,6,47,2
145634,53,7,46,2
145635,45,9,36,2
145636,58,8,50,2
145637,46,6,40,2
145638,47,6,41,2
145639,59,6,53,2
145640,50,5,45,2
145641,63,8,55,2
145642,53,6,47,2
145643,53,10,43,2
145644,61,6,55,2
145645,52,6,46,2
145646,44,8,36,2
145647,52,12,40,2
145648,43,5,38,2
145649,53,7,46,2
145650,50,6,44,2
145651,61,8,53,2
145652,56,7,49,2
145653,56,7,49,2
145654,51,5,46,2
145655,49,3,46,2
145656,54,4,50,2
145657,50,5,45,2
145658,50,4,46,2
145659,52,5,47,2
145660,51,10,41,2
145661,73,5,68,2
145662,53,7,46,2
145663,61,5,56,2
145664,54,9,45,2
145665,46,4,42,2
145666,59,6,53,2
145667,47,9,38,2
145668,73,7,66,2
145669,54,8,46,2
145670,61,5,56,2
145671,57,11,46,2
145672,47,8,39,2
145673,53,3,50,2
145674,50,6,44,2
145675,56,8,48,2
145676,57,10,47,2
145677,67,6,61,2
145678,55,6,49,2
145679,69,6,63,2
145680,57,3,54,2
145681,51,7,44,2
145682,68,5,63,2
145683,50,5,45,2
145684,61,6,55,2
145685,59,8,51,2
145686,56,11,45,2
145687,64,6,58,2
145688,53,4,49,2
145689,48,5,43,2
145690,59,6,53,2
145691,61,9,52,2
145692,53,1,52,2
145693,56,11,45,2
145694,46,2,44,2
145695,52,4,48,2
145696,48,5,43,2
145697,60,8,52,2
145698,40,5,35,2
145699,56,6,50,2
145700,56,8,48,2
145701,60,12,48,2
145702,63,9,54,2
145703,57,12,45,2
145704,43,3,40,2
145705,52,1,51,2
145706,51,6,45,2
145707,63,5,58,2
145708,52,5,47,2
145709,68,8,60,2
145710,60,7,53,2
145711,56,8,48,2
145712,50,7,43,2
145713,47,8,39,2
145714,46,7,39,2
145715,66,9,57,2
145716,62,6,56,2
145717,45,5,40,2
145718,60,6,54,2
145719,60,4,56,2
145720,41,6,35,2
145721,63,5,58,2
145722,46,7,39,2
145723,49,5,44,2
145724,62,10,52,2
145725,55,8,47,2
145726,59,2,57,2
145727,56,7,49,2
145728,49,5,44,2
145729,66,7,59,2
145730,51,6,45,2
145731,54,5,49,2
145732,68,6,62,2
145733,56,7,49,2
145734,57,2,55,2
145735,51,4,47,2
145736,58,8,50,2
145737,65,9,56,2
145738,60,8,52,2
145739,68,8,60,2
145740,58,7,51,2
145741,62,8,54,2
145742,59,13,46,2
145743,52,6,46,2
145744,55,7,48,2
145745,51,6,45,2
145746,55,7,48,2
145747,46,6,40,2
145748,50,7,43,2
145749,53,5,48,2
145750,52,4,48,2
145751,56,9,47,2
145752,53,6,47,2
145753,57,7,50,2
145754,53,10,43,2
145755,55,4,51,2
145756,56,5,51,2
145757,55,6,49,2
145758,48,4,44,2
145759,51,12,39,2
145760,69,5,64,2
145761,54,8,46,2
145762,51,4,47,2
145763,54,7,47,2
145764,62,6,56,2
145765,63,9,54,2
145766,53,9,44,2
145767,54,4,50,2
145768,50,4,46,2
145769,52,4,48,2
145770,71,9,62,2
145771,56,5,51,2
145772,50,9,41,2
145773,42,6,36,2
145774,53,7,46,2
145775,62,5,57,2
145776,50,9,41,2
145777,59,8,51,2
145778,63,8,55,2
145779,57,10,47,2
145780,51,7,44,2
145781,55,8,47,2
145782,71,8,63,2
145783,53,3,50,2
145784,51,4,47,2
145785,54,6,48,2
145786,60,12,48,2
145787,44,5,39,2
145788,61,9,52,2
145789,69,9,60,2
145790,43,8,35,2
145791,63,7,56,2
145792,67,7,60,2
145793,62,7,55,2
145794,59,4,55,2
145795,47,6,41,2
145796,41,4,37,2
145797,45,6,39,2
145798,56,6,50,2
145799,60,7,53,2
145800,59,6,53,2
145801,55,7,48,2
145802,54,6,48,2
145803,61,7,54,2
145804,46,5,41,2
145805,41,7,34,2
145806,52,10,42,2
145807,42,3,39,2
145808,52,4,48,2
145809,47,5,42,2
145810,59,4,55,2
145811,54,6,48,2
145812,62,5,57,2
145813,62,7,55,2
145814,56,7,49,2
145815,47,8,39,2
145816,44,4,40,2
145817,45,4,41,2
145818,44,1,43,2
145819,54,6,48,2
145820,41,3,38,2
145821,57,8,49,2
145822,52,7,45,2
145823,53,5,48,2
145824,44,2,42,2
145825,53,7,46,2
145826,69,5,64,2
145827,57,7,50,2
145828,59,7,52,2
145829,48,3,45,2
145830,59,6,53,2
145831,48,8,40,2
145832,57,4,53,2
145833,47,6,41,2
145834,54,4,50,2
145835,54,3,51,2
145836,57,10,47,2
145837,41,6,35,2
145838,51,4,47,2
145839,47,8,39,2
145840,46,6,40,2
145841,54,9,45,2
145842,50,6,44,2
145843,58,8,50,2
145844,61,6,55,2
145845,61,8,53,2
145846,56,7,49,2
145847,41,5,36,2
145848,65,5,60,2
145849,59,8,51,2
145850,55,13,42,2
145851,63,9,54,2
145852,61,5,56,2
145853,54,12,42,2
145854,50,5,45,2
145855,61,10,51,2
145856,47,7,40,2
145857,54,4,50,2
145858,51,7,44,2
145859,66,6,60,2
145860,47,6,41,2
145861,67,11,56,2
145862,50,8,42,2
145863,61,4,57,2
145864,57,8,49,2
145865,63,8,55,2
145866,67,8,59,2
145867,38,2,36,2
145868,50,5,45,2
145869,52,8,44,2
145870,56,7,49,2
145871,55,8,47,2
145872,59,6,53,2
145873,53,8,45,2
145874,74,7,67,2
145875,58,6,52,2
145876,59,4,55,2
145877,47,7,40,2
145878,48,4,44,2
145879,44,2,42,2
145880,55,6,49,2
145881,49,8,41,2
145882,56,5,51,2
145883,51,4,47,2
145884,47,7,40,2
145885,52,9,43,2
145886,46,8,38,2
145887,54,10,44,2
145888,51,4,47,2
145889,52,5,47,2
145890,51,6,45,2
145891,49,11,38,2
145892,59,7,52,2
145893,38,3,35,2
145894,68,7,61,2
145895,56,8,48,2
145896,50,7,43,2
145897,68,13,55,2
145898,40,8,32,2
145899,61,9,52,2
145900,65,7,58,2
145901,49,3,46,2
145902,43,6,37,2
145903,45,3,42,2
145904,59,4,55,2
145905,41,6,35,2
145906,42,4,38,2
145907,58,8,50,2
145908,57,3,54,2
145909,59,8,51,2
145910,48,4,44,2
145911,55,9,46,2
145912,59,2,57,2
145913,47,5,42,2
145914,48,7,41,2
145915,62,11,51,2
145916,60,7,53,2
145917,57,4,53,2
145918,49,4,45,2
145919,49,5,44,2
145920,50,7,43,2
145921,59,8,51,2
145922,38,7,31,2
145923,57,5,52,2
145924,51,4,47,2
145925,43,4,39,2
145926,68,9,59,2
145927,52,1,51,2
145928,60,6,54,2
145929,58,7,51,2
145930,58,6,52,2
145931,42,4,38,2
145932,68,8,60,2
145933,42,9,33,2
145934,54,4,50,2
145935,63,6,57,2
145936,49,5,44,2
145937,45,8,37,2
145938,56,3,53,2
145939,44,2,42,2
145940,67,10,57,2
145941,64,13,51,2
145942,57,10,47,2
145943,59,4,55,2
145944,43,6,37,2
145945,53,12,41,2
145946,52,7,45,2
145947,48,8,40,2
145948,56,6,50,2
145949,47,6,41,2
145950,47,9,38,2
145951,44,6,38,2
145952,69,9,60,2
145953,47,2,45,2
145954,53,9,44,2
145955,54,5,49,2
145956,62,7,55,2
145957,53,8,45,2
145958,45,8,37,2
145959,67,4,63,2
145960,65,6,59,2
145961,49,6,43,2
145962,59,7,52,2
145963,53,5,48,2
145964,46,2,44,2
145965,67,10,57,2
145966,55,5,50,2
145967,65,10,55,2
145968,54,8,46,2
145969,43,4,39,2
145970,44,8,36,2
145971,62,11,51,2
145972,66,13,53,2
145973,45,8,37,2
145974,58,5,53,2
145975,55,5,50,2
145976,55,6,49,2
145977,60,4,56,2
145978,48,5,43,2
145979,60,10,50,2
145980,40,2,38,2
145981,54,5,49,2
145982,44,4,40,2
145983,53,5,48,2
145984,58,9,49,2
145985,55,5,50,2
145986,51,1,50,2
145987,49,5,44,2
145988,54,3,51,2
145989,57,8,49,2
145990,56,6,50,2
145991,48,7,41,2
145992,60,10,50,2
145993,52,7,45,2
145994,52,5,47,2
145995,56,6,50,2
145996,47,4,43,2
145997,69,11,58,2
145998,57,3,54,2
145999,68,12,56,2
146000,64,8,56,2
146001,59,10,49,2
146002,70,12,58,2
146003,64,2,62,2
146004,60,8,52,2
146005,55,4,51,2
146006,45,4,41,2
146007,56,2,54,2
146008,49,3,46,2
146009,64,13,51,2
146010,53,4,49,2
146011,60,8,52,2
146012,57,5,52,2
146013,61,8,53,2
146014,62,10,52,2
146015,52,5,47,2
146016,49,5,44,2
146017,51,7,44,2
146018,66,3,63,2
146019,51,9,42,2
146020,47,8,39,2
146021,56,7,49,2
146022,60,13,47,2
146023,55,12,43,2
146024,54,6,48,2
146025,45,10,35,2
146026,58,5,53,2
146027,43,5,38,2
146028,45,4,41,2
146029,58,5,53,2
146030,61,6,55,2
146031,42,6,36,2
146032,56,9,47,2
146033,63,8,55,2
146034,50,5,45,2
146035,56,13,43,2
146036,65,6,59,2
146037,58,8,50,2
146038,51,7,44,2
146039,46,8,38,2
146040,51,6,45,2
146041,52,6,46,2
146042,44,3,41,2
146043,60,5,55,2
146044,60,8,52,2
146045,55,5,50,2
146046,53,6,47,2
146047,53,8,45,2
146048,60,7,53,2
146049,50,9,41,2
146050,66,8,58,2
146051,46,4,42,2
146052,61,10,51,2
146053,62,6,56,2
146054,58,7,51,2
146055,61,9,52,2
146056,68,11,57,2
146057,58,6,52,2
146058,80,7,73,2
146059,59,5,54,2
146060,52,6,46,2
146061,51,5,46,2
146062,72,8,64,2
146063,50,5,45,2
146064,37,3,34,2
146065,48,6,42,2
146066,35,4,31,2
146067,48,6,42,2
146068,62,5,57,2
146069,66,13,53,2
146070,60,7,53,2
146071,44,9,35,2
146072,68,9,59,2
146073,51,6,45,2
146074,44,9,35,2
146075,51,9,42,2
146076,57,8,49,2
146077,52,7,45,2
146078,63,14,49,2
146079,51,4,47,2
146080,48,9,39,2
146081,53,3,50,2
146082,44,7,37,2
146083,48,6,42,2
146084,55,8,47,2
146085,64,15,49,2
146086,52,8,44,2
146087,52,11,41,2
146088,63,11,52,2
146089,62,8,54,2
146090,56,4,52,2
146091,54,5,49,2
146092,51,6,45,2
146093,47,5,42,2
146094,61,6,55,2
146095,53,6,47,2
146096,78,9,69,2
146097,54,7,47,2
146098,54,12,42,2
146099,52,6,46,2
146100,60,7,53,2
146101,44,4,40,2
146102,50,3,47,2
146103,53,2,51,2
146104,50,10,40,2
146105,55,8,47,2
146106,65,8,57,2
146107,52,2,50,2
146108,48,10,38,2
146109,54,7,47,2
146110,50,3,47,2
146111,54,3,51,2
146112,57,7,50,2
146113,55,4,51,2
146114,46,5,41,2
146115,46,12,34,2
146116,53,9,44,2
146117,54,11,43,2
146118,49,5,44,2
146119,59,6,53,2
146120,56,7,49,2
146121,56,8,48,2
146122,56,8,48,2
146123,57,5,52,2
146124,58,9,49,2
146125,63,7,56,2
146126,53,12,41,2
146127,43,5,38,2
146128,67,13,54,2
146129,45,3,42,2
146130,52,4,48,2
146131,53,2,51,2
146132,50,7,43,2
146133,43,4,39,2
146134,56,7,49,2
146135,63,7,56,2
146136,57,12,45,2
146137,57,6,51,2
146138,51,4,47,2
146139,54,7,47,2
146140,58,6,52,2
146141,56,8,48,2
146142,56,7,49,2
146143,50,8,42,2
146144,51,9,42,2
146145,40,2,38,2
146146,55,5,50,2
146147,55,5,50,2
146148,47,7,40,2
146149,58,11,47,2
146150,53,6,47,2
146151,61,8,53,2
146152,44,7,37,2
146153,67,14,53,2
146154,48,7,41,2
146155,61,6,55,2
146156,55,5,50,2
146157,48,6,42,2
146158,63,7,56,2
146159,69,11,58,2
146160,57,6,51,2
146161,50,8,42,2
146162,51,6,45,2
146163,48,6,42,2
146164,43,8,35,2
146165,60,7,53,2
146166,53,6,47,2
146167,59,9,50,2
146168,61,8,53,2
146169,57,10,47,2
146170,72,10,62,2
146171,47,6,41,2
146172,48,6,42,2
146173,60,9,51,2
146174,55,7,48,2
146175,51,9,42,2
146176,50,6,44,2
146177,51,3,48,2
146178,47,4,43,2
146179,58,13,45,2
146180,49,7,42,2
146181,54,8,46,2
146182,58,6,52,2
146183,58,6,52,2
146184,63,8,55,2
146185,56,7,49,2
146186,45,6,39,2
146187,51,7,44,2
146188,51,6,45,2
146189,45,8,37,2
146190,54,12,42,2
146191,68,7,61,2
146192,43,3,40,2
146193,38,4,34,2
146194,37,7,30,2
146195,63,7,56,2
146196,53,8,45,2
146197,59,4,55,2
146198,59,4,55,2
146199,57,11,46,2
146200,50,9,41,2
146201,54,5,49,2
146202,44,5,39,2
146203,67,8,59,2
146204,55,6,49,2
146205,49,3,46,2
146206,51,3,48,2
146207,42,5,37,2
146208,65,9,56,2
146209,42,3,39,2
146210,55,5,50,2
146211,61,4,57,2
146212,53,4,49,2
146213,65,5,60,2
146214,60,5,55,2
146215,58,9,49,2
146216,51,6,45,2
146217,38,4,34,2
146218,56,7,49,2
146219,54,6,48,2
146220,67,9,58,2
146221,49,4,45,2
146222,57,13,44,2
146223,58,6,52,2
146224,65,9,56,2
146225,55,8,47,2
146226,50,6,44,2
146227,54,6,48,2
146228,48,7,41,2
146229,40,3,37,2
146230,63,7,56,2
146231,52,6,46,2
146232,55,6,49,2
146233,49,10,39,2
146234,52,5,47,2
146235,57,2,55,2
146236,51,5,46,2
146237,54,6,48,2
146238,50,5,45,2
146239,67,10,57,2
146240,51,3,48,2
146241,54,3,51,2
146242,49,8,41,2
146243,68,4,64,2
146244,66,7,59,2
146245,43,2,41,2
146246,49,2,47,2
146247,44,3,41,2
146248,56,9,47,2
146249,62,9,53,2
146250,49,2,47,2
146251,44,2,42,2
146252,50,7,43,2
146253,44,6,38,2
146254,51,5,46,2
146255,52,8,44,2
146256,39,3,36,2
146257,34,7,27,2
146258,66,9,57,2
146259,58,5,53,2
146260,53,9,44,2
146261,53,5,48,2
146262,48,3,45,2
146263,37,3,34,2
146264,54,5,49,2
146265,62,12,50,2
146266,56,7,49,2
146267,59,7,52,2
146268,61,7,54,2
146269,53,8,45,2
146270,50,9,41,2
146271,52,5,47,2
146272,62,11,51,2
146273,56,6,50,2
146274,52,7,45,2
146275,53,3,50,2
146276,65,2,63,2
146277,62,5,57,2
146278,39,7,32,2
146279,56,5,51,2
146280,45,7,38,2
146281,54,5,49,2
146282,61,5,56,2
146283,54,6,48,2
146284,56,8,48,2
146285,46,7,39,2
146286,51,7,44,2
146287,56,8,48,2
146288,54,2,52,2
146289,51,12,39,2
146290,57,7,50,2
146291,51,8,43,2
146292,55,8,47,2
146293,50,5,45,2
146294,54,10,44,2
146295,61,4,57,2
146296,53,8,45,2
146297,66,10,56,2
146298,61,6,55,2
146299,63,7,56,2
146300,62,10,52,2
146301,59,9,50,2
146302,54,10,44,2
146303,58,4,54,2
146304,49,6,43,2
146305,48,4,44,2
146306,48,4,44,2
146307,52,5,47,2
146308,52,6,46,2
146309,54,3,51,2
146310,60,9,51,2
146311,52,5,47,2
146312,52,3,49,2
146313,50,7,43,2
146314,40,7,33,2
146315,58,6,52,2
146316,56,5,51,2
146317,58,7,51,2
146318,59,8,51,2
146319,51,4,47,2
146320,55,6,49,2
146321,53,5,48,2
146322,63,8,55,2
146323,46,1,45,2
146324,51,7,44,2
146325,64,12,52,2
146326,53,7,46,2
146327,49,9,40,2
146328,48,7,41,2
146329,50,6,44,2
146330,61,9,52,2
146331,59,9,50,2
146332,49,12,37,2
146333,60,5,55,2
146334,50,3,47,2
146335,51,7,44,2
146336,48,6,42,2
146337,46,6,40,2
146338,67,10,57,2
146339,62,9,53,2
146340,60,9,51,2
146341,64,9,55,2
146342,56,9,47,2
146343,48,2,46,2
146344,60,5,55,2
146345,54,4,50,2
146346,63,6,57,2
146347,58,6,52,2
146348,47,7,40,2
146349,44,3,41,2
146350,56,8,48,2
146351,57,11,46,2
146352,58,11,47,2
146353,51,6,45,2
146354,59,7,52,2
146355,53,5,48,2
146356,53,8,45,2
146357,49,5,44,2
146358,48,7,41,2
146359,58,7,51,2
146360,58,8,50,2
146361,50,8,42,2
146362,51,12,39,2
146363,68,6,62,2
146364,53,3,50,2
146365,51,5,46,2
146366,56,5,51,2
146367,64,9,55,2
146368,50,3,47,2
146369,61,3,58,2
146370,67,2,65,2
146371,49,7,42,2
146372,60,11,49,2
146373,65,7,58,2
146374,55,11,44,2
146375,50,1,49,2
146376,55,4,51,2
146377,49,6,43,2
146378,47,4,43,2
146379,64,9,55,2
146380,38,2,36,2
146381,52,6,46,2
146382,59,8,51,2
146383,57,5,52,2
146384,54,8,46,2
146385,57,5,52,2
146386,46,6,40,2
146387,49,2,47,2
146388,64,8,56,2
146389,51,4,47,2
146390,43,4,39,2
146391,47,4,43,2
146392,51,6,45,2
146393,60,6,54,2
146394,40,4,36,2
146395,63,11,52,2
146396,57,4,53,2
146397,59,8,51,2
146398,49,8,41,2
146399,67,6,61,2
146400,55,4,51,2
146401,51,6,45,2
146402,67,11,56,2
146403,62,10,52,2
146404,56,10,46,2
146405,48,3,45,2
146406,57,6,51,2
146407,58,10,48,2
146408,61,7,54,2
146409,52,11,41,2
146410,55,4,51,2
146411,51,9,42,2
146412,40,2,38,2
146413,55,6,49,2
146414,56,3,53,2
146415,52,4,48,2
146416,64,11,53,2
146417,51,4,47,2
146418,52,7,45,2
146419,65,6,59,2
146420,57,3,54,2
146421,54,6,48,2
146422,48,7,41,2
146423,61,8,53,2
146424,47,9,38,2
146425,55,9,46,2
146426,47,7,40,2
146427,60,3,57,2
146428,60,8,52,2
146429,59,8,51,2
146430,62,9,53,2
146431,50,2,48,2
146432,52,5,47,2
146433,74,11,63,2
146434,66,10,56,2
146435,64,11,53,2
146436,59,6,53,2
146437,50,3,47,2
146438,60,9,51,2
146439,65,7,58,2
146440,61,7,54,2
146441,46,2,44,2
146442,66,7,59,2
146443,61,8,53,2
146444,64,8,56,2
146445,55,8,47,2
146446,52,2,50,2
146447,58,4,54,2
146448,42,9,33,2
146449,56,10,46,2
146450,61,7,54,2
146451,48,2,46,2
146452,45,4,41,2
146453,50,7,43,2
146454,47,8,39,2
146455,39,3,36,2
146456,59,4,55,2
146457,54,5,49,2
146458,53,10,43,2
146459,63,10,53,2
146460,57,6,51,2
146461,54,6,48,2
146462,50,8,42,2
146463,50,7,43,2
146464,59,10,49,2
146465,39,5,34,2
146466,58,8,50,2
146467,61,5,56,2
146468,52,6,46,2
146469,56,5,51,2
146470,51,4,47,2
146471,57,7,50,2
146472,58,7,51,2
146473,62,9,53,2
146474,49,8,41,2
146475,53,6,47,2
146476,37,8,29,2
146477,58,7,51,2
146478,47,7,40,2
146479,56,7,49,2
146480,68,4,64,2
146481,49,7,42,2
146482,59,5,54,2
146483,54,7,47,2
146484,51,4,47,2
146485,47,11,36,2
146486,60,11,49,2
146487,53,6,47,2
146488,46,7,39,2
146489,81,7,74,2
146490,52,3,49,2
146491,53,8,45,2
146492,49,4,45,2
146493,55,5,50,2
146494,55,3,52,2
146495,52,7,45,2
146496,68,7,61,2
146497,46,9,37,2
146498,58,9,49,2
146499,69,10,59,2
146500,52,11,41,2
146501,53,6,47,2
146502,54,4,50,2
146503,52,5,47,2
146504,45,5,40,2
146505,52,5,47,2
146506,38,6,32,2
146507,60,7,53,2
146508,50,5,45,2
146509,48,4,44,2
146510,49,5,44,2
146511,47,5,42,2
146512,52,12,40,2
146513,47,4,43,2
146514,52,9,43,2
146515,50,4,46,2
146516,57,6,51,2
146517,49,4,45,2
146518,56,6,50,2
146519,43,4,39,2
146520,67,7,60,2
146521,53,5,48,2
146522,46,6,40,2
146523,56,11,45,2
146524,56,10,46,2
146525,53,6,47,2
146526,53,4,49,2
146527,51,3,48,2
146528,55,4,51,2
146529,44,5,39,2
146530,48,3,45,2
146531,50,2,48,2
146532,54,2,52,2
146533,62,9,53,2
146534,58,6,52,2
146535,55,6,49,2
146536,62,9,53,2
146537,64,7,57,2
146538,65,6,59,2
146539,44,6,38,2
146540,54,6,48,2
146541,61,8,53,2
146542,68,9,59,2
146543,56,3,53,2
146544,60,13,47,2
146545,60,8,52,2
146546,55,8,47,2
146547,56,5,51,2
146548,52,8,44,2
146549,60,1,59,2
146550,55,5,50,2
146551,48,5,43,2
146552,51,6,45,2
146553,51,6,45,2
146554,50,6,44,2
146555,62,7,55,2
146556,60,5,55,2
146557,52,4,48,2
146558,65,13,52,2
146559,52,7,45,2
146560,59,9,50,2
146561,56,10,46,2
146562,48,4,44,2
146563,50,7,43,2
146564,63,11,52,2
146565,59,10,49,2
146566,54,4,50,2
146567,60,9,51,2
146568,74,9,65,2
146569,41,10,31,2
146570,47,6,41,2
146571,58,7,51,2
146572,49,4,45,2
146573,63,7,56,2
146574,48,5,43,2
146575,57,13,44,2
146576,47,12,35,2
146577,55,4,51,2
146578,54,4,50,2
146579,59,4,55,2
146580,72,8,64,2
146581,63,6,57,2
146582,61,7,54,2
146583,42,6,36,2
146584,52,8,44,2
146585,56,10,46,2
146586,54,8,46,2
146587,52,10,42,2
146588,53,9,44,2
146589,53,8,45,2
146590,46,2,44,2
146591,51,4,47,2
146592,49,9,40,2
146593,60,6,54,2
146594,41,5,36,2
146595,51,5,46,2
146596,67,11,56,2
146597,49,3,46,2
146598,54,3,51,2
146599,72,8,64,2
146600,54,5,49,2
146601,48,6,42,2
146602,61,9,52,2
146603,53,5,48,2
146604,60,8,52,2
146605,46,7,39,2
146606,55,4,51,2
146607,51,2,49,2
146608,45,4,41,2
146609,69,8,61,2
146610,52,4,48,2
146611,57,9,48,2
146612,49,6,43,2
146613,62,7,55,2
146614,37,4,33,2
146615,66,5,61,2
146616,51,4,47,2
146617,59,7,52,2
146618,54,7,47,2
146619,67,10,57,2
146620,39,3,36,2
146621,67,8,59,2
146622,47,5,42,2
146623,52,6,46,2
146624,50,5,45,2
146625,55,8,47,2
146626,56,9,47,2
146627,59,4,55,2
146628,49,3,46,2
146629,70,11,59,2
146630,57,9,48,2
146631,62,11,51,2
146632,51,4,47,2
146633,58,8,50,2
146634,51,5,46,2
146635,50,6,44,2
146636,43,3,40,2
146637,60,4,56,2
146638,47,6,41,2
146639,44,2,42,2
146640,56,8,48,2
146641,51,5,46,2
146642,64,9,55,2
146643,45,8,37,2
146644,58,6,52,2
146646,53,8,45,2
146647,50,5,45,2
146648,47,11,36,2
146649,63,8,55,2
146650,57,5,52,2
146651,60,6,54,2
146652,56,4,52,2
146653,57,12,45,2
146654,54,5,49,2
146655,52,8,44,2
146656,49,7,42,2
146657,49,5,44,2
146658,40,9,31,2
146659,40,8,32,2
146660,54,5,49,2
146661,54,6,48,2
146662,55,4,51,2
146663,42,3,39,2
146664,53,8,45,2
146665,53,4,49,2
146666,45,2,43,2
146667,51,6,45,2
146668,57,8,49,2
146669,63,11,52,2
146670,56,3,53,2
146671,54,4,50,2
146672,45,3,42,2
146673,56,5,51,2
146674,53,5,48,2
146675,53,6,47,2
146676,53,7,46,2
146677,58,5,53,2
146678,56,5,51,2
146679,62,8,54,2
146680,61,6,55,2
146681,56,5,51,2
146682,58,5,53,2
146683,66,8,58,2
146684,58,6,52,2
146685,55,8,47,2
146686,54,6,48,2
146687,79,8,71,2
146688,41,3,38,2
146689,48,2,46,2
146690,60,3,57,2
146691,46,5,41,2
146692,54,11,43,2
146693,64,6,58,2
146694,46,5,41,2
146695,47,5,42,2
146696,48,2,46,2
146697,59,9,50,2
146698,44,7,37,2
146699,41,4,37,2
146700,40,5,35,2
146701,65,6,59,2
146702,51,7,44,2
146703,45,8,37,2
146704,44,3,41,2
146705,55,6,49,2
146706,50,6,44,2
146707,49,4,45,2
146708,52,8,44,2
146709,47,5,42,2
146710,44,6,38,2
146711,61,7,54,2
146712,49,9,40,2
146713,46,9,37,2
146714,51,8,43,2
146715,52,8,44,2
146716,44,8,36,2
146717,42,3,39,2
146718,44,4,40,2
146719,64,9,55,2
146720,50,4,46,2
146721,50,2,48,2
146722,53,6,47,2
146723,54,9,45,2
146724,42,6,36,2
146725,38,3,35,2
146726,43,2,41,2
146727,51,9,42,2
146728,67,8,59,2
146729,48,2,46,2
146730,50,5,45,2
146731,56,5,51,2
146732,59,7,52,2
146733,67,10,57,2
146734,59,6,53,2
146735,47,4,43,2
146736,53,4,49,2
146737,61,9,52,2
146738,59,8,51,2
146739,58,6,52,2
146740,44,10,34,2
146741,49,2,47,2
146742,62,5,57,2
146743,44,4,40,2
146744,50,7,43,2
146745,46,7,39,2
146746,52,5,47,2
146747,60,7,53,2
146748,52,5,47,2
146749,56,4,52,2
146750,51,5,46,2
146751,52,5,47,2
146752,55,5,50,2
146753,56,5,51,2
146754,62,9,53,2
146755,76,6,70,2
146756,50,6,44,2
146757,52,10,42,2
146758,53,6,47,2
146759,60,8,52,2
146760,65,6,59,2
146761,54,8,46,2
146762,56,6,50,2
146763,57,4,53,2
146764,67,13,54,2
146765,51,5,46,2
146766,63,5,58,2
146767,61,9,52,2
146768,47,1,46,2
146769,61,8,53,2
146770,61,5,56,2
146771,56,5,51,2
146772,48,2,46,2
146773,61,4,57,2
146774,51,8,43,2
146775,44,3,41,2
146776,69,10,59,2
146777,63,9,54,2
146778,40,4,36,2
146779,58,7,51,2
146780,54,11,43,2
146781,54,8,46,2
146782,51,6,45,2
146783,45,6,39,2
146784,61,12,49,2
146785,60,11,49,2
146786,60,8,52,2
146787,51,6,45,2
146788,58,4,54,2
146789,60,5,55,2
146790,63,14,49,2
146791,55,4,51,2
146792,58,5,53,2
146793,80,5,75,2
146794,49,6,43,2
146795,71,6,65,2
146796,48,5,43,2
146797,45,6,39,2
146798,35,7,28,2
146799,50,7,43,2
146800,65,8,57,2
146801,55,5,50,2
146802,68,7,61,2
146803,47,4,43,2
146804,59,15,44,2
146805,48,5,43,2
146806,53,6,47,2
146807,53,3,50,2
146808,56,10,46,2
146809,56,8,48,2
146810,50,7,43,2
146811,57,5,52,2
146812,56,8,48,2
146813,51,6,45,2
146814,48,4,44,2
146815,55,11,44,2
146816,50,3,47,2
146817,60,7,53,2
146818,63,9,54,2
146819,39,2,37,2
146820,49,5,44,2
146821,56,4,52,2
146822,49,2,47,2
146823,49,5,44,2
146824,45,3,42,2
146825,61,2,59,2
146826,45,10,35,2
146827,62,8,54,2
146828,48,7,41,2
146829,55,6,49,2
146830,61,4,57,2
146831,59,9,50,2
146832,49,2,47,2
146833,54,8,46,2
146834,60,5,55,2
146835,53,6,47,2
146836,53,7,46,2
146837,51,6,45,2
146838,60,9,51,2
146839,50,4,46,2
146840,55,4,51,2
146841,51,6,45,2
146842,50,5,45,2
146843,60,11,49,2
146844,53,8,45,2
146845,65,8,57,2
146846,51,3,48,2
146847,54,6,48,2
146848,66,10,56,2
146849,56,6,50,2
146850,58,4,54,2
146851,49,7,42,2
146852,50,5,45,2
146853,53,7,46,2
146854,56,7,49,2
146855,70,10,60,2
146856,41,8,33,2
146857,55,4,51,2
146858,55,8,47,2
146859,52,10,42,2
146860,46,10,36,2
146861,60,10,50,2
146862,58,5,53,2
146863,53,4,49,2
146864,64,5,59,2
146865,44,8,36,2
146866,64,7,57,2
146867,54,6,48,2
146868,49,8,41,2
146869,54,4,50,2
146870,57,6,51,2
146871,35,4,31,2
146872,54,4,50,2
146873,55,8,47,2
146874,36,5,31,2
146875,48,10,38,2
146876,59,9,50,2
146877,49,8,41,2
146878,49,4,45,2
146879,64,8,56,2
146880,47,3,44,2
146881,54,8,46,2
146882,62,9,53,2
146883,53,6,47,2
146884,49,3,46,2
146885,53,5,48,2
146886,62,6,56,2
146887,41,6,35,2
146888,52,6,46,2
146889,59,10,49,2
146890,59,3,56,2
146891,53,7,46,2
146892,54,7,47,2
146893,58,5,53,2
146894,56,7,49,2
146895,63,6,57,2
146896,65,5,60,2
146897,74,6,68,2
146898,58,9,49,2
146899,62,2,60,2
146900,67,5,62,2
146901,66,11,55,2
146902,54,5,49,2
146903,50,6,44,2
146904,58,3,55,2
146905,49,4,45,2
146906,48,5,43,2
146907,48,9,39,2
146908,61,10,51,2
146909,56,4,52,2
146910,43,9,34,2
146911,63,7,56,2
146912,53,6,47,2
146913,53,7,46,2
146914,62,3,59,2
146915,47,3,44,2
146916,49,3,46,2
146917,58,7,51,2
146918,55,5,50,2
146919,63,4,59,2
146920,54,4,50,2
146921,63,6,57,2
146922,44,3,41,2
146923,55,7,48,2
146924,48,7,41,2
146925,43,6,37,2
146926,52,4,48,2
146927,54,4,50,2
146928,61,8,53,2
146929,59,6,53,2
146930,50,7,43,2
146931,58,2,56,2
146932,64,8,56,2
146933,55,8,47,2
146934,63,10,53,2
146935,42,4,38,2
146936,55,9,46,2
146937,59,6,53,2
146938,59,7,52,2
146939,55,6,49,2
146940,50,5,45,2
146941,55,5,50,2
146942,62,6,56,2
146943,48,5,43,2
146944,70,7,63,2
146945,56,6,50,2
146946,62,4,58,2
146947,66,9,57,2
146948,57,10,47,2
146949,42,5,37,2
146950,61,6,55,2
146951,66,7,59,2
146952,66,6,60,2
146953,50,2,48,2
146954,52,6,46,2
146955,55,7,48,2
146956,52,9,43,2
146957,50,5,45,2
146958,59,4,55,2
146959,53,4,49,2
146960,64,6,58,2
146961,51,8,43,2
146962,47,2,45,2
146963,47,7,40,2
146964,55,3,52,2
146965,60,7,53,2
146966,63,5,58,2
146967,47,4,43,2
146968,62,6,56,2
146969,45,4,41,2
146970,59,2,57,2
146971,58,2,56,2
146972,52,12,40,2
146973,40,6,34,2
146974,57,6,51,2
146975,47,7,40,2
146976,42,3,39,2
146977,65,12,53,2
146978,57,7,50,2
146979,43,3,40,2
146980,56,8,48,2
146981,51,4,47,2
146982,52,8,44,2
146983,58,6,52,2
146984,45,3,42,2
146985,52,7,45,2
146986,52,7,45,2
146987,52,5,47,2
146988,74,5,69,2
146989,48,1,47,2
146991,62,5,57,2
146992,52,9,43,2
146993,50,4,46,2
146994,50,9,41,2
146995,54,8,46,2
146996,72,6,66,2
146997,50,6,44,2
146998,57,6,51,2
146999,58,3,55,2
147000,42,9,33,2
147001,63,6,57,2
147002,52,9,43,2
147003,51,4,47,2
147004,57,10,47,2
147005,60,11,49,2
147006,51,9,42,2
147007,60,6,54,2
147008,53,3,50,2
147009,63,6,57,2
147010,73,8,65,2
147011,51,10,41,2
147012,62,5,57,2
147013,48,5,43,2
147014,53,9,44,2
147015,53,9,44,2
147016,50,8,42,2
147017,44,5,39,2
147018,57,10,47,2
147019,57,4,53,2
147020,47,3,44,2
147021,54,9,45,2
147022,56,7,49,2
147023,54,5,49,2
147024,64,10,54,2
147025,50,5,45,2
147026,51,15,36,2
147027,47,2,45,2
147028,42,3,39,2
147029,61,11,50,2
147030,43,6,37,2
147031,63,8,55,2
147032,59,8,51,2
147033,65,11,54,2
147034,42,4,38,2
147035,60,8,52,2
147036,48,11,37,2
147037,46,5,41,2
147038,47,5,42,2
147039,48,7,41,2
147040,49,4,45,2
147041,63,6,57,2
147042,56,5,51,2
147043,42,7,35,2
147044,58,3,55,2
147045,62,10,52,2
147046,55,8,47,2
147047,55,8,47,2
147048,62,8,54,2
147049,51,4,47,2
147050,63,4,59,2
147051,64,7,57,2
147052,57,8,49,2
147053,52,8,44,2
147054,55,7,48,2
147055,65,6,59,2
147056,58,7,51,2
147057,43,6,37,2
147058,50,9,41,2
147059,61,8,53,2
147060,58,9,49,2
147061,49,5,44,2
147062,39,4,35,2
147063,46,3,43,2
147064,57,7,50,2
147065,46,5,41,2
147066,61,6,55,2
147067,40,3,37,2
147068,57,5,52,2
147069,58,2,56,2
147070,61,6,55,2
147071,62,7,55,2
147072,53,7,46,2
147073,64,11,53,2
147074,64,11,53,2
147075,64,11,53,2
147076,62,11,51,2
147077,64,6,58,2
147078,67,12,55,2
147079,62,8,54,2
147080,58,9,49,2
147081,53,5,48,2
147082,66,10,56,2
147083,63,5,58,2
147084,50,2,48,2
147085,57,4,53,2
147086,66,8,58,2
147087,49,3,46,2
147088,51,7,44,2
147089,66,5,61,2
147090,53,6,47,2
147091,46,5,41,2
147092,48,6,42,2
147093,47,5,42,2
147094,51,9,42,2
147095,54,9,45,2
147096,52,7,45,2
147097,53,7,46,2
147098,47,7,40,2
147099,69,8,61,2
147100,62,10,52,2
147101,54,3,51,2
147102,64,7,57,2
147103,57,7,50,2
147104,56,5,51,2
147105,64,9,55,2
147106,54,6,48,2
147107,63,8,55,2
147108,58,6,52,2
147109,70,9,61,2
147110,51,9,42,2
147111,61,2,59,2
147112,57,5,52,2
147113,56,7,49,2
147114,49,3,46,2
147115,60,7,53,2
147116,49,7,42,2
147117,44,3,41,2
147118,73,10,63,2
147119,57,2,55,2
147120,49,6,43,2
147121,48,4,44,2
147122,43,7,36,2
147123,55,7,48,2
147124,44,5,39,2
147125,48,5,43,2
147126,36,3,33,2
147127,58,3,55,2
147128,49,4,45,2
147129,44,7,37,2
147130,55,4,51,2
147131,67,9,58,2
147132,60,7,53,2
147133,54,9,45,2
147134,55,10,45,2
147135,58,5,53,2
147136,53,4,49,2
147137,57,12,45,2
147138,60,5,55,2
147139,55,6,49,2
147140,48,3,45,2
147141,71,12,59,2
147142,60,6,54,2
147143,55,5,50,2
147144,50,6,44,2
147145,46,7,39,2
147146,48,5,43,2
147147,52,7,45,2
147148,45,6,39,2
147149,54,11,43,2
147150,69,14,55,2
147151,48,7,41,2
147152,56,11,45,2
147153,47,4,43,2
147154,71,9,62,2
147155,46,4,42,2
147156,39,4,35,2
147157,67,4,63,2
147158,36,2,34,2
147159,45,4,41,2
147160,61,9,52,2
147161,46,8,38,2
147162,49,4,45,2
147163,54,9,45,2
147164,38,2,36,2
147165,48,7,41,2
147166,44,3,41,2
147167,58,5,53,2
147168,70,8,62,2
147169,50,11,39,2
147170,55,4,51,2
147171,51,2,49,2
147172,40,4,36,2
147173,55,5,50,2
147174,64,9,55,2
147175,52,3,49,2
147176,53,5,48,2
147177,44,5,39,2
147178,48,14,34,2
147179,54,7,47,2
147180,69,9,60,2
147181,46,7,39,2
147182,44,6,38,2
147183,58,8,50,2
147184,48,7,41,2
147185,73,9,64,2
147186,59,6,53,2
147187,63,11,52,2
147188,45,5,40,2
147189,56,6,50,2
147190,53,6,47,2
147191,56,1,55,2
147192,57,15,42,2
147193,62,7,55,2
147194,53,4,49,2
147195,57,7,50,2
147196,73,5,68,2
147197,45,3,42,2
147198,54,8,46,2
147199,54,4,50,2
147200,44,7,37,2
147201,49,6,43,2
147202,55,13,42,2
147203,58,10,48,2
147204,55,6,49,2
147205,65,5,60,2
147206,51,10,41,2
147207,41,5,36,2
147208,72,7,65,2
147209,67,6,61,2
147210,64,6,58,2
147211,65,7,58,2
147212,40,4,36,2
147213,63,6,57,2
147214,55,9,46,2
147215,63,13,50,2
147216,55,8,47,2
147217,57,9,48,2
147218,58,6,52,2
147219,59,6,53,2
147220,57,8,49,2
147221,64,14,50,2
147222,52,11,41,2
147223,59,7,52,2
147224,54,6,48,2
147225,51,10,41,2
147226,68,8,60,2
147227,57,6,51,2
147228,65,8,57,2
147229,64,10,54,2
147230,56,4,52,2
147231,41,5,36,2
147232,47,12,35,2
147233,58,7,51,2
147234,53,6,47,2
147235,55,9,46,2
147236,65,9,56,2
147237,43,5,38,2
147238,58,4,54,2
147239,68,6,62,2
147240,51,4,47,2
147241,60,9,51,2
147242,42,7,35,2
147243,54,5,49,2
147244,47,4,43,2
147245,54,5,49,2
147246,44,5,39,2
147247,54,4,50,2
147248,51,6,45,2
147249,44,4,40,2
147250,50,6,44,2
147251,62,12,50,2
147252,50,4,46,2
147253,58,7,51,2
147254,58,3,55,2
147255,53,5,48,2
147256,52,7,45,2
147257,63,6,57,2
147258,60,8,52,2
147259,55,8,47,2
147260,53,10,43,2
147261,62,9,53,2
147262,69,3,66,2
147263,60,4,56,2
147264,48,7,41,2
147265,57,6,51,2
147266,49,3,46,2
147267,58,13,45,2
147268,49,7,42,2
147269,67,9,58,2
147270,56,10,46,2
147271,54,7,47,2
147272,62,8,54,2
147273,46,9,37,2
147274,55,3,52,2
147275,46,9,37,2
147276,43,6,37,2
147277,63,12,51,2
147278,54,5,49,2
147279,48,7,41,2
147280,67,5,62,2
147281,66,7,59,2
147282,63,8,55,2
147283,49,10,39,2
147284,66,8,58,2
147285,55,4,51,2
147286,57,8,49,2
147287,61,10,51,2
147288,46,6,40,2
147289,42,7,35,2
147290,54,5,49,2
147291,56,6,50,2
147292,63,10,53,2
147293,55,8,47,2
147294,42,3,39,2
147295,49,8,41,2
147296,53,7,46,2
147297,66,10,56,2
147298,48,2,46,2
147299,45,7,38,2
147300,54,5,49,2
147301,57,8,49,2
147302,49,4,45,2
147303,58,7,51,2
147304,79,11,68,2
147305,45,6,39,2
147306,52,5,47,2
147307,48,10,38,2
147308,67,7,60,2
147309,54,7,47,2
147310,51,3,48,2
147311,57,6,51,2
147312,53,7,46,2
147313,25,25,0,1
147314,60,5,55,2
147315,61,4,57,2
147316,59,7,52,2
147317,64,7,57,2
147318,50,3,47,2
147319,45,7,38,2
147320,57,8,49,2
147321,46,6,40,2
147322,50,5,45,2
147323,58,5,53,2
147324,66,6,60,2
147325,60,3,57,2
147326,58,8,50,2
147327,57,4,53,2
147328,51,4,47,2
147329,68,11,57,2
147330,66,5,61,2
147331,55,8,47,2
147332,74,8,66,2
147333,42,1,41,2
147334,52,1,51,2
147335,57,3,54,2
147336,48,5,43,2
147337,53,4,49,2
147338,51,5,46,2
147339,51,4,47,2
147340,53,7,46,2
147341,54,10,44,2
147342,47,4,43,2
147343,53,4,49,2
147344,53,10,43,2
147345,51,3,48,2
147346,46,4,42,2
147347,56,5,51,2
147348,59,7,52,2
147349,54,9,45,2
147350,53,8,45,2
147351,64,10,54,2
147352,48,8,40,2
147353,51,7,44,2
147354,55,8,47,2
147355,58,6,52,2
147356,59,3,56,2
147357,63,9,54,2
147358,53,12,41,2
147359,53,5,48,2
147360,49,8,41,2
147361,45,7,38,2
147362,49,8,41,2
147363,51,5,46,2
147364,49,7,42,2
147365,60,10,50,2
147366,53,7,46,2
147367,55,7,48,2
147368,60,6,54,2
147369,68,10,58,2
147370,50,5,45,2
147371,56,6,50,2
147372,59,8,51,2
147373,67,10,57,2
147374,52,3,49,2
147375,51,7,44,2
147376,60,11,49,2
147377,62,7,55,2
147378,41,7,34,2
147379,60,8,52,2
147380,58,8,50,2
147381,47,7,40,2
147382,58,9,49,2
147383,57,5,52,2
147384,37,4,33,2
147385,55,6,49,2
147386,59,8,51,2
147387,52,4,48,2
147388,47,7,40,2
147389,53,4,49,2
147390,53,8,45,2
147391,67,11,56,2
147392,67,6,61,2
147393,43,11,32,2
147394,50,7,43,2
147395,76,11,65,2
147396,57,9,48,2
147397,62,6,56,2
147398,58,7,51,2
147399,69,9,60,2
147400,45,5,40,2
147401,52,7,45,2
147402,59,9,50,2
147403,52,4,48,2
147404,50,6,44,2
147405,65,8,57,2
147406,64,8,56,2
147407,52,9,43,2
147408,57,4,53,2
147409,48,8,40,2
147410,72,7,65,2
147411,41,0,41,1
147412,48,6,42,2
147413,63,8,55,2
147414,66,7,59,2
147415,55,7,48,2
147416,46,4,42,2
147417,61,7,54,2
147418,55,7,48,2
147419,44,1,43,2
147420,46,5,41,2
147421,56,9,47,2
147422,61,8,53,2
147423,49,9,40,2
147424,67,7,60,2
147425,52,7,45,2
147426,69,6,63,2
147427,55,10,45,2
147428,50,11,39,2
147429,55,7,48,2
147430,50,3,47,2
147431,53,4,49,2
147432,67,12,55,2
147433,45,6,39,2
147434,40,8,32,2
147435,63,6,57,2
147436,58,6,52,2
147437,51,9,42,2
147438,34,0,34,1
147439,60,13,47,2
147440,69,3,66,2
147441,64,8,56,2
147442,51,6,45,2
147443,57,8,49,2
147444,68,2,66,2
147445,57,11,46,2
147446,60,8,52,2
147447,55,6,49,2
147448,51,4,47,2
147449,42,7,35,2
147450,58,5,53,2
147451,60,7,53,2
147452,68,10,58,2
147453,50,2,48,2
147454,45,3,42,2
147455,55,5,50,2
147456,65,5,60,2
147457,44,3,41,2
147458,59,10,49,2
147459,54,6,48,2
147460,57,11,46,2
147461,60,7,53,2
147462,60,12,48,2
147463,53,7,46,2
147464,50,9,41,2
147465,57,5,52,2
147466,59,3,56,2
147467,50,4,46,2
147468,57,5,52,2
147469,49,7,42,2
147470,65,6,59,2
147471,60,5,55,2
147472,76,6,70,2
147473,55,7,48,2
147474,30,5,25,2
147475,56,5,51,2
147476,60,5,55,2
147477,56,7,49,2
147478,48,3,45,2
147479,47,4,43,2
147480,58,6,52,2
147481,56,5,51,2
147482,55,6,49,2
147483,64,2,62,2
147484,60,9,51,2
147485,53,3,50,2
147487,56,3,53,2
147489,52,3,49,2
147490,56,10,46,2
147491,58,6,52,2
147492,50,5,45,2
147493,54,6,48,2
147494,57,8,49,2
147495,67,7,60,2
147496,54,7,47,2
147497,53,7,46,2
147498,59,7,52,2
147499,46,5,41,2
147500,49,12,37,2
147501,58,7,51,2
147502,51,4,47,2
147503,67,6,61,2
147504,46,4,42,2
147505,67,5,62,2
147506,54,8,46,2
147507,60,7,53,2
147508,47,9,38,2
147509,46,11,35,2
147510,47,4,43,2
147511,59,3,56,2
147512,66,12,54,2
147513,56,4,52,2
147514,55,10,45,2
147515,62,4,58,2
147516,49,6,43,2
147517,48,4,44,2
147518,59,7,52,2
147519,65,10,55,2
147520,54,6,48,2
147521,54,4,50,2
147522,41,4,37,2
147523,46,7,39,2
147524,61,7,54,2
147525,55,6,49,2
147526,43,6,37,2
147527,47,5,42,2
147528,46,0,46,1
147529,66,12,54,2
147530,53,5,48,2
147531,58,9,49,2
147532,51,7,44,2
147533,65,5,60,2
147534,51,5,46,2
147535,62,1,61,2
147536,56,9,47,2
147537,55,8,47,2
147538,44,5,39,2
147539,56,8,48,2
147540,47,9,38,2
147541,49,5,44,2
147542,37,2,35,2
147543,57,6,51,2
147544,56,5,51,2
147545,60,6,54,2
147546,37,6,31,2
147547,47,7,40,2
147548,59,11,48,2
147549,48,10,38,2
147550,48,14,34,2
147551,60,6,54,2
147552,66,6,60,2
147553,43,5,38,2
147554,64,8,56,2
147555,71,12,59,2
147556,63,5,58,2
147557,54,14,40,2
147558,52,5,47,2
147559,54,5,49,2
147560,59,8,51,2
147561,50,8,42,2
147562,50,4,46,2
147563,66,11,55,2
147564,51,2,49,2
147565,48,4,44,2
147566,52,4,48,2
147567,54,6,48,2
147568,56,5,51,2
147569,61,4,57,2
147570,62,5,57,2
147571,51,4,47,2
147572,68,6,62,2
147573,54,7,47,2
147574,53,5,48,2
147575,38,6,32,2
147576,47,7,40,2
147577,53,4,49,2
147578,44,8,36,2
147579,65,8,57,2
147580,56,2,54,2
147581,55,3,52,2
147582,70,4,66,2
147583,62,4,58,2
147584,55,5,50,2
147585,49,7,42,2
147586,41,4,37,2
147587,55,10,45,2
147588,55,8,47,2
147589,73,10,63,2
147590,44,5,39,2
147591,45,4,41,2
147592,57,12,45,2
147593,58,4,54,2
147594,54,4,50,2
147595,47,5,42,2
147596,42,5,37,2
147597,43,2,41,2
147598,49,5,44,2
147599,59,10,49,2
147600,58,6,52,2
147601,52,5,47,2
147602,54,7,47,2
147603,56,5,51,2
147604,55,5,50,2
147605,67,12,55,2
147606,56,2,54,2
147607,52,3,49,2
147608,50,3,47,2
147609,53,8,45,2
147610,49,10,39,2
147611,55,7,48,2
147612,51,8,43,2
147613,67,6,61,2
147614,47,3,44,2
147615,45,5,40,2
147616,42,5,37,2
147617,62,10,52,2
147618,54,3,51,2
147619,52,3,49,2
147620,58,7,51,2
147621,47,9,38,2
147622,60,6,54,2
147623,47,7,40,2
147624,49,6,43,2
147625,59,10,49,2
147626,49,9,40,2
147627,59,6,53,2
147628,51,5,46,2
147629,52,8,44,2
147630,49,5,44,2
147631,57,8,49,2
147632,54,5,49,2
147633,53,6,47,2
147634,51,4,47,2
147635,56,3,53,2
147636,59,7,52,2
147637,54,6,48,2
147638,60,5,55,2
147639,50,10,40,2
147640,61,9,52,2
147641,45,5,40,2
147642,50,5,45,2
147643,52,5,47,2
147644,50,6,44,2
147645,58,9,49,2
147646,53,6,47,2
147647,49,7,42,2
147648,57,6,51,2
147649,47,6,41,2
147650,56,7,49,2
147651,47,8,39,2
147652,51,10,41,2
147653,60,2,58,2
147654,48,7,41,2
147655,56,4,52,2
147656,48,2,46,2
147657,54,4,50,2
147658,65,12,53,2
147659,40,4,36,2
147660,50,6,44,2
147661,62,5,57,2
147662,58,2,56,2
147663,61,5,56,2
147664,57,7,50,2
147665,44,3,41,2
147666,57,8,49,2
147667,58,11,47,2
147668,42,3,39,2
147669,48,8,40,2
147670,37,3,34,2
147671,61,6,55,2
147672,54,8,46,2
147673,54,4,50,2
147674,63,8,55,2
147675,54,13,41,2
147676,61,6,55,2
147677,56,10,46,2
147678,55,8,47,2
147679,52,5,47,2
147680,62,6,56,2
147681,46,6,40,2
147682,55,8,47,2
147683,62,12,50,2
147684,37,8,29,2
147685,57,2,55,2
147686,63,7,56,2
147687,53,8,45,2
147688,57,6,51,2
147689,56,9,47,2
147690,52,4,48,2
147691,39,9,30,2
147692,54,8,46,2
147693,49,7,42,2
147694,56,8,48,2
147695,54,3,51,2
147696,41,3,38,2
147697,61,6,55,2
147698,65,7,58,2
147699,58,6,52,2
147700,57,6,51,2
147701,63,8,55,2
147702,51,2,49,2
147703,42,5,37,2
147704,59,9,50,2
147705,57,12,45,2
147706,59,11,48,2
147707,48,6,42,2
147708,58,10,48,2
147709,62,1,61,2
147710,48,4,44,2
147711,58,7,51,2
147712,62,9,53,2
147713,61,8,53,2
147714,58,4,54,2
147715,45,1,44,2
147716,54,4,50,2
147717,54,3,51,2
147718,63,7,56,2
147719,46,6,40,2
147721,57,9,48,2
147722,45,0,45,1
147723,62,8,54,2
147724,65,9,56,2
147725,63,6,57,2
147726,51,4,47,2
147727,39,6,33,2
147728,42,7,35,2
147729,44,4,40,2
147730,49,4,45,2
147731,40,5,35,2
147732,50,6,44,2
147733,45,9,36,2
147734,49,4,45,2
147735,53,6,47,2
147736,45,7,38,2
147737,59,8,51,2
147738,47,8,39,2
147739,49,8,41,2
147740,64,8,56,2
147741,53,4,49,2
147742,45,7,38,2
147743,57,6,51,2
147744,48,4,44,2
147745,44,9,35,2
147746,50,8,42,2
147747,60,15,45,2
147748,57,13,44,2
147749,48,8,40,2
147750,59,7,52,2
147751,60,7,53,2
147752,41,7,34,2
147753,56,2,54,2
147754,50,8,42,2
147755,45,5,40,2
147756,54,4,50,2
147757,51,5,46,2
147758,53,6,47,2
147759,51,6,45,2
147760,45,5,40,2
147761,46,7,39,2
147762,66,8,58,2
147763,47,4,43,2
147764,47,8,39,2
147765,52,4,48,2
147766,55,4,51,2
147767,60,9,51,2
147768,61,3,58,2
147769,55,8,47,2
147770,47,5,42,2
147771,66,9,57,2
147772,65,13,52,2
147773,58,5,53,2
147774,55,6,49,2
147775,48,4,44,2
147776,52,6,46,2
147777,48,5,43,2
147778,63,8,55,2
147779,48,4,44,2
147780,41,10,31,2
147781,57,8,49,2
147782,55,9,46,2
147783,59,7,52,2
147784,44,1,43,2
147785,61,10,51,2
147786,57,7,50,2
147787,59,12,47,2
147788,63,8,55,2
147789,57,4,53,2
147790,53,2,51,2
147791,53,14,39,2
147792,51,6,45,2
147793,44,9,35,2
147794,49,9,40,2
147795,56,7,49,2
147796,53,8,45,2
147797,43,5,38,2
147798,52,7,45,2
147799,49,6,43,2
147800,51,5,46,2
147801,42,4,38,2
147802,54,5,49,2
147803,64,7,57,2
147804,53,5,48,2
147805,55,12,43,2
147806,59,6,53,2
147807,53,6,47,2
147808,51,13,38,2
147809,58,7,51,2
147810,49,4,45,2
147811,45,4,41,2
147812,46,4,42,2
147813,64,8,56,2
147814,51,6,45,2
147815,59,9,50,2
147816,44,4,40,2
147817,49,8,41,2
147818,57,13,44,2
147819,47,6,41,2
147820,50,5,45,2
147821,56,11,45,2
147822,62,6,56,2
147823,58,9,49,2
147824,41,8,33,2
147825,63,7,56,2
147826,52,7,45,2
147827,56,4,52,2
147828,56,7,49,2
147829,64,10,54,2
147830,50,6,44,2
147831,73,7,66,2
147832,60,6,54,2
147833,50,6,44,2
147834,48,2,46,2
147835,55,10,45,2
147836,57,10,47,2
147837,47,8,39,2
147838,48,5,43,2
147839,45,2,43,2
147840,43,5,38,2
147841,50,7,43,2
147842,59,6,53,2
147843,45,4,41,2
147844,55,9,46,2
147845,63,7,56,2
147846,52,3,49,2
147847,50,6,44,2
147848,55,6,49,2
147849,53,6,47,2
147850,54,4,50,2
147851,57,10,47,2
147852,50,6,44,2
147853,61,5,56,2
147854,56,7,49,2
147855,57,6,51,2
147856,52,8,44,2
147857,58,5,53,2
147858,47,8,39,2
147859,50,13,37,2
147860,52,5,47,2
147861,47,4,43,2
147862,56,9,47,2
147863,55,5,50,2
147864,44,5,39,2
147865,47,10,37,2
147866,47,6,41,2
147867,68,6,62,2
147868,64,5,59,2
147869,44,6,38,2
147870,51,10,41,2
147871,59,6,53,2
147872,59,4,55,2
147873,54,5,49,2
147874,59,7,52,2
147875,67,7,60,2
147876,58,7,51,2
147877,65,8,57,2
147878,54,7,47,2
147879,52,6,46,2
147880,61,9,52,2
147881,52,5,47,2
147882,49,7,42,2
147883,46,5,41,2
147884,61,7,54,2
147885,48,8,40,2
147886,59,9,50,2
147887,50,3,47,2
147888,51,7,44,2
147889,59,3,56,2
147890,51,4,47,2
147891,50,6,44,2
147892,68,11,57,2
147893,49,5,44,2
147894,48,10,38,2
147895,55,7,48,2
147896,53,8,45,2
147897,50,2,48,2
147898,46,6,40,2
147899,54,6,48,2
147900,52,6,46,2
147901,52,9,43,2
147902,57,13,44,2
147903,53,6,47,2
147904,45,7,38,2
147905,48,9,39,2
147906,55,8,47,2
147907,59,6,53,2
147908,52,9,43,2
147909,54,9,45,2
147910,59,7,52,2
147911,46,9,37,2
147912,51,4,47,2
147913,55,10,45,2
147914,54,4,50,2
147915,54,8,46,2
147916,46,4,42,2
147917,58,9,49,2
147918,54,8,46,2
147919,51,5,46,2
147920,48,2,46,2
147921,59,8,51,2
147922,52,4,48,2
147923,69,4,65,2
147924,56,4,52,2
147925,56,9,47,2
147926,58,9,49,2
147927,64,9,55,2
147928,55,7,48,2
147929,50,10,40,2
147930,57,8,49,2
147931,60,5,55,2
147932,43,2,41,2
147933,51,8,43,2
147934,45,6,39,2
147935,60,3,57,2
147936,51,3,48,2
147937,49,4,45,2
147938,55,4,51,2
147939,55,7,48,2
147940,51,5,46,2
147941,42,4,38,2
147942,43,3,40,2
147943,56,4,52,2
147944,56,4,52,2
147945,45,5,40,2
147946,50,7,43,2
147947,56,5,51,2
147948,65,5,60,2
147949,54,3,51,2
147950,50,5,45,2
147951,59,8,51,2
147952,68,13,55,2
147953,56,8,48,2
147954,48,6,42,2
147955,42,4,38,2
147956,52,14,38,2
147957,57,7,50,2
147958,60,7,53,2
147959,61,7,54,2
147960,59,6,53,2
147961,53,3,50,2
147962,48,6,42,2
147963,48,6,42,2
147964,61,7,54,2
147965,50,5,45,2
147966,55,5,50,2
147967,68,5,63,2
147968,48,6,42,2
147969,53,7,46,2
147970,50,7,43,2
147971,44,6,38,2
147972,54,6,48,2
147973,59,11,48,2
147974,52,6,46,2
147975,52,6,46,2
147976,43,7,36,2
147977,49,6,43,2
147978,69,6,63,2
147979,67,12,55,2
147980,70,6,64,2
147981,54,4,50,2
147982,55,8,47,2
147983,60,5,55,2
147984,42,6,36,2
147985,56,6,50,2
147986,53,2,51,2
147987,62,6,56,2
147988,43,6,37,2
147989,62,6,56,2
147990,53,10,43,2
147991,53,2,51,2
147992,71,11,60,2
147993,50,7,43,2
147994,52,5,47,2
147995,57,9,48,2
147996,54,7,47,2
147997,45,6,39,2
147998,53,6,47,2
147999,47,8,39,2
148000,58,6,52,2
148001,50,3,47,2
148002,42,7,35,2
148003,61,3,58,2
148004,52,3,49,2
148005,52,6,46,2
148006,43,8,35,2
148007,41,2,39,2
148008,39,5,34,2
148009,51,9,42,2
148010,54,7,47,2
148011,56,10,46,2
148012,56,9,47,2
148013,57,3,54,2
148014,45,4,41,2
148015,50,9,41,2
148016,47,3,44,2
148017,56,7,49,2
148018,52,9,43,2
148019,50,4,46,2
148020,49,2,47,2
148021,75,13,62,2
148022,57,6,51,2
148023,49,4,45,2
148024,71,8,63,2
148025,56,7,49,2
148026,54,5,49,2
148027,53,3,50,2
148028,48,10,38,2
148029,54,6,48,2
148030,53,15,38,2
148031,65,11,54,2
148032,67,4,63,2
148033,53,7,46,2
148034,51,4,47,2
148035,49,6,43,2
148036,57,8,49,2
148037,46,10,36,2
148038,59,9,50,2
148039,61,10,51,2
148040,59,8,51,2
148041,61,7,54,2
148042,52,4,48,2
148043,48,4,44,2
148044,51,6,45,2
148045,58,3,55,2
148046,45,2,43,2
148047,65,12,53,2
148048,51,4,47,2
148049,54,8,46,2
148050,50,6,44,2
148051,51,3,48,2
148052,48,3,45,2
148053,55,6,49,2
148054,55,7,48,2
148055,58,5,53,2
148056,53,6,47,2
148057,70,4,66,2
148058,42,8,34,2
148059,47,8,39,2
148060,59,8,51,2
148061,68,12,56,2
148062,59,2,57,2
148063,53,4,49,2
148064,64,11,53,2
148065,49,8,41,2
148066,74,5,69,2
148067,48,4,44,2
148068,54,10,44,2
148069,48,1,47,2
148070,57,5,52,2
148071,58,8,50,2
148072,71,10,61,2
148073,52,8,44,2
148074,52,7,45,2
148075,55,4,51,2
148076,74,9,65,2
148077,60,4,56,2
148078,40,3,37,2
148079,61,8,53,2
148080,46,4,42,2
148081,40,9,31,2
148082,63,8,55,2
148083,52,3,49,2
148084,67,7,60,2
148085,47,4,43,2
148086,58,8,50,2
148087,67,9,58,2
148088,61,7,54,2
148089,66,9,57,2
148090,47,8,39,2
148091,52,5,47,2
148092,44,8,36,2
148093,55,9,46,2
148094,38,3,35,2
148095,42,5,37,2
148096,55,9,46,2
148097,52,8,44,2
148098,49,5,44,2
148099,60,8,52,2
148100,48,9,39,2
148101,58,9,49,2
148102,56,4,52,2
148103,49,5,44,2
148104,55,11,44,2
148105,56,9,47,2
148106,55,4,51,2
148107,57,8,49,2
148108,46,6,40,2
148109,60,9,51,2
148110,49,4,45,2
148111,50,10,40,2
148112,60,5,55,2
148113,46,4,42,2
148114,60,5,55,2
148115,63,6,57,2
148116,47,7,40,2
148117,62,8,54,2
148118,63,3,60,2
148119,53,12,41,2
148120,59,8,51,2
148121,60,8,52,2
148122,64,7,57,2
148123,44,5,39,2
148124,44,6,38,2
148125,65,11,54,2
148126,56,6,50,2
148127,53,8,45,2
148128,52,8,44,2
148129,59,8,51,2
148130,45,4,41,2
148131,54,3,51,2
148132,42,3,39,2
148133,51,5,46,2
148134,44,5,39,2
148135,48,2,46,2
148136,54,4,50,2
148137,53,4,49,2
148138,49,6,43,2
148139,49,8,41,2
148140,66,7,59,2
148141,50,7,43,2
148142,66,11,55,2
148143,52,5,47,2
148144,56,6,50,2
148145,55,10,45,2
148146,57,6,51,2
148147,60,4,56,2
148148,53,6,47,2
148149,49,10,39,2
148150,44,5,39,2
148151,38,4,34,2
148152,46,7,39,2
148153,59,10,49,2
148154,62,8,54,2
148155,66,7,59,2
148156,52,6,46,2
148157,44,3,41,2
148158,54,6,48,2
148159,60,6,54,2
148160,58,8,50,2
148161,54,4,50,2
148162,60,9,51,2
148163,61,10,51,2
148164,65,7,58,2
148165,55,8,47,2
148166,59,7,52,2
148167,48,5,43,2
148168,63,11,52,2
148169,60,5,55,2
148170,53,5,48,2
148171,54,8,46,2
148172,52,9,43,2
148173,55,8,47,2
148174,43,4,39,2
148175,67,4,63,2
148176,39,5,34,2
148177,53,9,44,2
148178,50,6,44,2
148179,64,8,56,2
148180,54,8,46,2
148181,40,2,38,2
148182,49,10,39,2
148183,44,6,38,2
148184,53,6,47,2
148185,49,7,42,2
148186,56,8,48,2
148187,64,3,61,2
148188,58,4,54,2
148189,40,5,35,2
148190,49,3,46,2
148191,43,6,37,2
148192,48,3,45,2
148193,49,0,49,1
148194,57,6,51,2
148195,57,12,45,2
148196,53,6,47,2
148197,52,4,48,2
148198,49,4,45,2
148199,50,5,45,2
148200,47,3,44,2
148201,52,6,46,2
148202,61,14,47,2
148203,64,7,57,2
148204,52,8,44,2
148205,50,4,46,2
148206,57,8,49,2
148207,53,5,48,2
148208,55,11,44,2
148209,53,10,43,2
148210,49,6,43,2
148211,67,13,54,2
148212,69,11,58,2
148213,54,7,47,2
148214,53,8,45,2
148215,54,5,49,2
148216,57,6,51,2
148217,46,7,39,2
148218,53,11,42,2
148219,59,10,49,2
148220,53,3,50,2
148221,55,5,50,2
148222,46,3,43,2
148223,59,9,50,2
148224,52,5,47,2
148225,65,11,54,2
148226,78,7,71,2
148227,64,8,56,2
148228,59,6,53,2
148229,52,4,48,2
148230,86,8,78,2
148231,53,12,41,2
148232,51,9,42,2
148233,59,8,51,2
148234,66,6,60,2
148235,47,5,42,2
148236,58,3,55,2
148237,41,4,37,2
148238,51,5,46,2
148239,62,7,55,2
148240,50,10,40,2
148241,63,4,59,2
148242,50,4,46,2
148243,55,8,47,2
148244,53,6,47,2
148245,46,6,40,2
148246,56,8,48,2
148247,53,9,44,2
148248,53,8,45,2
148249,48,12,36,2
148250,60,4,56,2
148251,50,7,43,2
148252,52,4,48,2
148253,59,5,54,2
148254,50,7,43,2
148255,58,11,47,2
148256,52,8,44,2
148257,55,5,50,2
148258,65,10,55,2
148259,48,10,38,2
148260,58,6,52,2
148261,77,6,71,2
148262,47,1,46,2
148263,67,12,55,2
148264,69,14,55,2
148265,61,4,57,2
148266,50,6,44,2
148267,49,8,41,2
148268,57,9,48,2
148269,59,8,51,2
148270,52,5,47,2
148271,67,5,62,2
148272,54,7,47,2
148273,48,4,44,2
148274,52,8,44,2
148275,56,5,51,2
148276,58,8,50,2
148277,54,7,47,2
148278,49,3,46,2
148279,59,7,52,2
148280,50,8,42,2
148281,47,7,40,2
148282,54,8,46,2
148283,64,12,52,2
148284,63,7,56,2
148285,57,3,54,2
148286,68,5,63,2
148287,49,5,44,2
148288,54,8,46,2
148289,68,10,58,2
148290,61,4,57,2
148291,56,10,46,2
148292,37,2,35,2
148293,47,2,45,2
148294,51,6,45,2
148295,54,7,47,2
148296,58,7,51,2
148297,59,11,48,2
148298,47,5,42,2
148299,53,4,49,2
148300,53,6,47,2
148301,40,5,35,2
148302,60,6,54,2
148303,53,5,48,2
148304,55,4,51,2
148305,57,6,51,2
148306,37,1,36,2
148307,63,4,59,2
148308,68,9,59,2
148309,54,6,48,2
148310,44,5,39,2
148311,49,8,41,2
148312,50,5,45,2
148313,47,7,40,2
148314,57,7,50,2
148315,48,7,41,2
148316,57,11,46,2
148317,60,9,51,2
148318,64,9,55,2
148319,54,7,47,2
148320,71,5,66,2
148321,52,5,47,2
148322,57,9,48,2
148323,55,2,53,2
148324,68,6,62,2
148325,57,7,50,2
148326,52,7,45,2
148327,49,8,41,2
148328,53,8,45,2
148329,53,8,45,2
148330,68,6,62,2
148331,63,5,58,2
148332,62,4,58,2
148333,65,9,56,2
148334,46,2,44,2
148335,52,6,46,2
148336,54,5,49,2
148337,60,6,54,2
148338,58,9,49,2
148339,42,4,38,2
148340,47,4,43,2
148341,46,7,39,2
148342,57,4,53,2
148343,68,9,59,2
148344,57,6,51,2
148345,50,4,46,2
148346,63,8,55,2
148347,55,4,51,2
148348,51,9,42,2
148349,51,7,44,2
148350,46,4,42,2
148351,59,8,51,2
148352,54,6,48,2
148353,51,5,46,2
148354,44,8,36,2
148355,64,5,59,2
148356,64,6,58,2
148357,65,7,58,2
148358,46,8,38,2
148359,58,9,49,2
148360,50,3,47,2
148361,39,1,38,2
148362,44,3,41,2
148363,58,7,51,2
148364,59,8,51,2
148365,42,8,34,2
148366,51,7,44,2
148367,36,4,32,2
148368,44,8,36,2
148369,63,8,55,2
148370,60,3,57,2
148371,61,15,46,2
148372,53,9,44,2
148373,49,4,45,2
148374,64,7,57,2
148375,51,4,47,2
148376,57,6,51,2
148377,56,5,51,2
148378,62,8,54,2
148379,51,4,47,2
148380,60,8,52,2
148381,58,4,54,2
148382,52,7,45,2
148383,55,5,50,2
148384,56,4,52,2
148385,50,5,45,2
148386,43,5,38,2
148387,53,10,43,2
148388,53,6,47,2
148389,50,7,43,2
148390,65,13,52,2
148391,62,10,52,2
148392,53,7,46,2
148393,45,3,42,2
148394,54,8,46,2
148395,66,12,54,2
148396,53,8,45,2
148397,59,11,48,2
148398,54,6,48,2
148399,63,7,56,2
148400,51,3,48,2
148401,55,7,48,2
148402,58,5,53,2
148403,55,4,51,2
148404,47,7,40,2
148405,66,10,56,2
148406,49,5,44,2
148407,49,6,43,2
148408,54,3,51,2
148409,53,4,49,2
148410,61,4,57,2
148411,65,4,61,2
148412,55,8,47,2
148413,62,9,53,2
148414,54,6,48,2
148415,71,10,61,2
148416,55,5,50,2
148417,61,7,54,2
148418,39,9,30,2
148419,55,10,45,2
148420,58,7,51,2
148421,45,5,40,2
148422,44,8,36,2
148423,54,9,45,2
148424,52,7,45,2
148425,47,2,45,2
148426,49,9,40,2
148427,56,12,44,2
148428,62,11,51,2
148429,51,7,44,2
148430,59,7,52,2
148431,60,8,52,2
148432,58,7,51,2
148433,45,6,39,2
148434,63,8,55,2
148435,53,4,49,2
148436,54,7,47,2
148437,51,6,45,2
148438,52,8,44,2
148439,63,7,56,2
148440,38,4,34,2
148441,50,9,41,2
148442,52,4,48,2
148443,53,4,49,2
148444,61,6,55,2
148445,53,6,47,2
148446,54,7,47,2
148447,51,9,42,2
148448,61,7,54,2
148449,62,9,53,2
148450,59,10,49,2
148451,52,6,46,2
148452,50,6,44,2
148453,61,6,55,2
148454,56,7,49,2
148455,48,2,46,2
148456,60,6,54,2
148457,58,6,52,2
148458,63,7,56,2
148459,39,3,36,2
148460,54,6,48,2
148461,51,8,43,2
148462,48,3,45,2
148463,68,7,61,2
148464,47,4,43,2
148465,53,4,49,2
148466,35,6,29,2
148467,73,8,65,2
148468,52,7,45,2
148469,34,3,31,2
148470,41,4,37,2
148471,43,2,41,2
148472,45,7,38,2
148473,51,7,44,2
148474,43,1,42,2
148475,48,7,41,2
148476,53,10,43,2
148477,63,7,56,2
148478,53,4,49,2
148479,58,8,50,2
148480,69,8,61,2
148481,67,3,64,2
148482,38,5,33,2
148483,59,5,54,2
148484,44,5,39,2
148485,48,3,45,2
148486,53,10,43,2
148487,48,9,39,2
148488,57,7,50,2
148489,61,12,49,2
148490,67,16,51,2
148491,51,7,44,2
148492,57,10,47,2
148493,57,8,49,2
148494,56,8,48,2
148495,50,7,43,2
148496,46,5,41,2
148497,50,9,41,2
148498,56,4,52,2
148499,56,6,50,2
148500,48,7,41,2
148501,46,6,40,2
148502,53,5,48,2
148503,43,6,37,2
148504,52,4,48,2
148505,58,7,51,2
148506,51,3,48,2
148507,54,6,48,2
148508,65,13,52,2
148509,53,7,46,2
148510,59,7,52,2
148511,53,4,49,2
148512,55,12,43,2
148513,54,7,47,2
148514,50,4,46,2
148515,49,8,41,2
148516,56,4,52,2
148517,55,3,52,2
148518,54,4,50,2
148519,41,3,38,2
148520,57,8,49,2
148521,53,8,45,2
148522,44,2,42,2
148523,50,4,46,2
148524,48,4,44,2
148525,55,5,50,2
148526,60,10,50,2
148527,53,4,49,2
148528,58,9,49,2
148529,59,3,56,2
148530,51,6,45,2
148531,48,7,41,2
148532,46,6,40,2
148533,44,6,38,2
148534,49,9,40,2
148535,69,16,53,2
148536,52,6,46,2
148537,52,1,51,2
148538,45,3,42,2
148539,47,7,40,2
148540,71,3,68,2
148541,47,3,44,2
148542,58,12,46,2
148543,66,9,57,2
148544,57,7,50,2
148545,68,6,62,2
148546,45,6,39,2
148547,40,4,36,2
148548,56,6,50,2
148549,62,7,55,2
148550,44,6,38,2
148551,66,12,54,2
148552,42,6,36,2
148553,57,7,50,2
148554,50,10,40,2
148555,74,8,66,2
148556,53,5,48,2
148557,49,7,42,2
148558,57,6,51,2
148559,47,7,40,2
148560,62,5,57,2
148561,66,9,57,2
148562,57,9,48,2
148563,46,4,42,2
148564,51,7,44,2
148565,42,4,38,2
148566,52,6,46,2
148567,60,5,55,2
148568,47,7,40,2
148569,61,7,54,2
148570,51,4,47,2
148571,51,4,47,2
148572,42,6,36,2
148573,48,4,44,2
148574,60,8,52,2
148575,74,14,60,2
148576,61,5,56,2
148577,66,10,56,2
148578,79,3,76,2
148579,46,5,41,2
148580,52,8,44,2
148581,57,6,51,2
148582,60,4,56,2
148583,62,3,59,2
148584,52,9,43,2
148585,60,8,52,2
148586,52,9,43,2
148587,50,2,48,2
148588,66,4,62,2
148589,55,6,49,2
148590,51,3,48,2
148591,62,11,51,2
148592,53,10,43,2
148593,47,6,41,2
148594,49,3,46,2
148595,41,2,39,2
148596,49,10,39,2
148597,48,6,42,2
148598,59,7,52,2
148599,58,3,55,2
148600,69,8,61,2
148601,44,1,43,2
148602,51,6,45,2
148603,57,10,47,2
148604,54,9,45,2
148605,45,4,41,2
148606,60,4,56,2
148607,60,8,52,2
148608,65,5,60,2
148609,51,6,45,2
148610,64,4,60,2
148611,56,7,49,2
148612,59,8,51,2
148613,58,10,48,2
148614,61,13,48,2
148615,57,7,50,2
148616,58,11,47,2
148617,60,6,54,2
148618,49,6,43,2
148619,58,5,53,2
148620,44,7,37,2
148621,57,5,52,2
148622,56,8,48,2
148623,56,7,49,2
148624,73,17,56,2
148625,61,10,51,2
148626,52,6,46,2
148627,70,9,61,2
148628,44,3,41,2
148629,63,5,58,2
148630,64,10,54,2
148631,52,11,41,2
148632,47,6,41,2
148633,42,6,36,2
148634,58,2,56,2
148635,58,4,54,2
148636,53,6,47,2
148637,65,5,60,2
148638,49,6,43,2
148639,60,11,49,2
148640,55,6,49,2
148641,73,14,59,2
148642,45,6,39,2
148643,64,11,53,2
148644,53,4,49,2
148645,51,13,38,2
148646,55,10,45,2
148647,59,6,53,2
148648,52,8,44,2
148649,62,6,56,2
148650,61,6,55,2
148651,66,8,58,2
148652,71,8,63,2
148653,46,2,44,2
148654,64,8,56,2
148655,61,6,55,2
148656,75,8,67,2
148657,46,8,38,2
148658,53,4,49,2
148659,65,5,60,2
148660,50,9,41,2
148661,47,3,44,2
148662,53,3,50,2
148663,39,8,31,2
148664,46,5,41,2
148665,63,5,58,2
148666,50,5,45,2
148667,60,12,48,2
148668,54,5,49,2
148669,57,9,48,2
148670,54,6,48,2
148671,58,4,54,2
148672,46,5,41,2
148673,54,4,50,2
148674,61,8,53,2
148675,59,6,53,2
148676,47,5,42,2
148677,51,7,44,2
148678,70,10,60,2
148679,62,5,57,2
148680,62,6,56,2
148681,66,6,60,2
148682,59,9,50,2
148683,49,4,45,2
148684,42,4,38,2
148685,50,2,48,2
148686,68,10,58,2
148687,58,6,52,2
148688,49,5,44,2
148689,56,5,51,2
148690,49,6,43,2
148691,68,11,57,2
148692,48,10,38,2
148693,62,7,55,2
148694,57,9,48,2
148695,56,6,50,2
148696,68,8,60,2
148697,50,9,41,2
148698,60,9,51,2
148699,66,11,55,2
148700,58,6,52,2
148701,50,3,47,2
148702,57,6,51,2
148703,59,7,52,2
148704,40,7,33,2
148705,64,6,58,2
148706,61,5,56,2
148707,58,4,54,2
148708,46,8,38,2
148709,56,6,50,2
148710,52,3,49,2
148711,68,3,65,2
148712,64,4,60,2
148713,60,11,49,2
148714,57,7,50,2
148715,61,5,56,2
148716,60,6,54,2
148717,49,5,44,2
148718,53,5,48,2
148719,65,8,57,2
148720,56,7,49,2
148721,51,7,44,2
148722,56,8,48,2
148723,47,4,43,2
148724,54,10,44,2
148725,55,8,47,2
148726,46,6,40,2
148727,62,5,57,2
148728,48,6,42,2
148729,59,5,54,2
148730,62,7,55,2
148731,61,5,56,2
148732,60,8,52,2
148733,53,7,46,2
148734,57,9,48,2
148735,47,8,39,2
148736,62,9,53,2
148737,44,4,40,2
148738,47,5,42,2
148739,63,5,58,2
148740,53,7,46,2
148741,53,2,51,2
148742,54,4,50,2
148743,53,9,44,2
148744,50,8,42,2
148745,42,3,39,2
148746,51,4,47,2
148747,59,6,53,2
148748,56,11,45,2
148749,42,4,38,2
148750,46,5,41,2
148751,44,7,37,2
148752,57,8,49,2
148753,54,10,44,2
148754,72,7,65,2
148755,46,7,39,2
148756,52,8,44,2
148757,59,8,51,2
148758,50,10,40,2
148759,47,8,39,2
148760,56,9,47,2
148761,47,4,43,2
148762,59,5,54,2
148763,66,10,56,2
148764,59,8,51,2
148765,57,9,48,2
148766,56,6,50,2
148767,68,8,60,2
148768,59,4,55,2
148769,52,6,46,2
148770,75,11,64,2
148771,61,4,57,2
148772,56,5,51,2
148773,55,8,47,2
148774,55,9,46,2
148775,60,2,58,2
148776,51,5,46,2
148777,53,6,47,2
148778,52,7,45,2
148779,62,5,57,2
148780,57,9,48,2
148781,67,10,57,2
148782,45,5,40,2
148783,67,7,60,2
148784,63,8,55,2
148785,56,4,52,2
148786,63,8,55,2
148787,55,5,50,2
148788,62,4,58,2
148789,65,7,58,2
148790,57,5,52,2
148791,56,12,44,2
148792,45,4,41,2
148793,63,12,51,2
148794,66,7,59,2
148795,55,6,49,2
148796,60,7,53,2
148797,45,9,36,2
148798,46,7,39,2
148799,47,9,38,2
148800,64,11,53,2
148801,55,11,44,2
148802,68,11,57,2
148803,54,9,45,2
148804,53,6,47,2
148805,65,12,53,2
148806,47,7,40,2
148807,55,4,51,2
148808,61,9,52,2
148809,50,8,42,2
148810,50,8,42,2
148811,59,7,52,2
148812,46,3,43,2
148813,57,4,53,2
148814,55,9,46,2
148815,57,7,50,2
148816,59,5,54,2
148817,61,10,51,2
148818,54,9,45,2
148819,48,5,43,2
148820,48,6,42,2
148821,54,10,44,2
148822,66,10,56,2
148823,46,2,44,2
148824,44,2,42,2
148825,70,15,55,2
148826,52,8,44,2
148827,59,7,52,2
148828,59,9,50,2
148829,56,4,52,2
148830,65,6,59,2
148831,64,6,58,2
148832,41,3,38,2
148833,55,7,48,2
148834,55,3,52,2
148835,52,7,45,2
148836,38,3,35,2
148837,57,6,51,2
148838,61,9,52,2
148839,49,9,40,2
148840,59,8,51,2
148841,56,4,52,2
148842,64,12,52,2
148843,50,3,47,2
148844,58,7,51,2
148845,55,5,50,2
148846,56,5,51,2
148847,61,3,58,2
148848,59,8,51,2
148849,53,7,46,2
148850,61,6,55,2
148851,51,8,43,2
148852,51,7,44,2
148853,68,5,63,2
148854,52,10,42,2
148855,51,7,44,2
148856,44,7,37,2
148857,50,10,40,2
148858,43,1,42,2
148859,55,8,47,2
148860,47,5,42,2
148861,59,5,54,2
148862,47,3,44,2
148863,58,6,52,2
148864,63,4,59,2
148865,51,9,42,2
148866,61,5,56,2
148867,48,4,44,2
148868,61,11,50,2
148869,56,5,51,2
148870,47,8,39,2
148871,48,4,44,2
148872,49,3,46,2
148873,42,5,37,2
148874,63,4,59,2
148875,65,8,57,2
148876,67,6,61,2
148877,66,6,60,2
148878,50,9,41,2
148879,59,10,49,2
148880,62,4,58,2
148881,44,3,41,2
148882,47,12,35,2
148883,47,6,41,2
148884,51,8,43,2
148885,42,5,37,2
148886,66,9,57,2
148887,59,5,54,2
148888,50,6,44,2
148889,54,6,48,2
148890,52,4,48,2
148891,56,7,49,2
148892,59,7,52,2
148893,44,5,39,2
148894,57,8,49,2
148895,55,5,50,2
148896,43,7,36,2
148897,54,6,48,2
148898,58,5,53,2
148899,56,9,47,2
148900,64,13,51,2
148901,60,8,52,2
148902,62,6,56,2
148903,59,9,50,2
148904,63,10,53,2
148905,69,9,60,2
148906,46,3,43,2
148907,57,2,55,2
148908,58,9,49,2
148909,52,6,46,2
148910,63,11,52,2
148911,45,8,37,2
148912,53,6,47,2
148913,62,1,61,2
148914,59,11,48,2
148915,53,7,46,2
148916,55,8,47,2
148917,48,6,42,2
148918,42,7,35,2
148919,54,8,46,2
148920,55,8,47,2
148921,56,11,45,2
148922,44,5,39,2
148923,62,6,56,2
148924,52,4,48,2
148925,63,6,57,2
148926,57,7,50,2
148927,59,5,54,2
148928,58,7,51,2
148929,51,5,46,2
148930,67,6,61,2
148931,54,9,45,2
148932,49,4,45,2
148933,55,7,48,2
148934,51,8,43,2
148935,47,5,42,2
148936,55,3,52,2
148937,47,6,41,2
148938,42,9,33,2
148939,49,6,43,2
148940,52,6,46,2
148941,41,6,35,2
148942,54,10,44,2
148943,54,5,49,2
148944,52,6,46,2
148945,51,7,44,2
148946,56,9,47,2
148947,46,6,40,2
148948,50,6,44,2
148949,60,6,54,2
148950,52,5,47,2
148951,65,6,59,2
148952,55,7,48,2
148953,57,2,55,2
148954,44,7,37,2
148955,64,4,60,2
148956,49,8,41,2
148957,56,6,50,2
148958,59,4,55,2
148959,43,7,36,2
148960,61,9,52,2
148961,74,13,61,2
148962,51,7,44,2
148963,57,5,52,2
148964,57,10,47,2
148965,57,7,50,2
148966,55,9,46,2
148967,51,6,45,2
148968,63,5,58,2
148969,63,4,59,2
148970,44,0,44,1
148971,50,5,45,2
148972,58,9,49,2
148973,47,8,39,2
148974,60,4,56,2
148975,50,5,45,2
148976,55,13,42,2
148977,57,16,41,2
148978,47,7,40,2
148979,58,7,51,2
148980,54,10,44,2
148981,55,5,50,2
148982,58,4,54,2
148983,48,3,45,2
148984,58,9,49,2
148985,49,5,44,2
148986,44,5,39,2
148987,59,7,52,2
148988,53,8,45,2
148989,47,9,38,2
148990,44,8,36,2
148991,45,6,39,2
148992,45,7,38,2
148993,56,7,49,2
148994,57,4,53,2
148995,57,5,52,2
148996,56,4,52,2
148997,59,10,49,2
148998,44,5,39,2
148999,49,4,45,2
149000,62,7,55,2
149001,56,4,52,2
149002,50,10,40,2
149003,72,6,66,2
149004,51,7,44,2
149005,43,6,37,2
149006,55,9,46,2
149007,55,7,48,2
149008,58,4,54,2
149009,50,1,49,2
149010,32,3,29,2
149011,46,5,41,2
149012,50,4,46,2
149013,51,6,45,2
149014,52,5,47,2
149015,53,10,43,2
149016,57,5,52,2
149017,61,2,59,2
149018,52,10,42,2
149019,55,5,50,2
149020,47,2,45,2
149021,46,2,44,2
149022,58,6,52,2
149023,56,2,54,2
149024,39,5,34,2
149025,45,6,39,2
149026,54,6,48,2
149027,47,5,42,2
149028,57,6,51,2
149029,42,3,39,2
149030,57,2,55,2
149031,57,11,46,2
149032,64,9,55,2
149033,56,11,45,2
149034,64,5,59,2
149035,61,8,53,2
149036,55,5,50,2
149037,49,5,44,2
149038,57,11,46,2
149039,55,4,51,2
149040,54,9,45,2
149041,49,5,44,2
149042,62,6,56,2
149043,56,5,51,2
149044,63,5,58,2
149045,55,4,51,2
149046,37,5,32,2
149047,39,10,29,2
149048,53,5,48,2
149049,69,12,57,2
149050,55,8,47,2
149051,61,8,53,2
149052,52,6,46,2
149053,63,6,57,2
149054,63,9,54,2
149055,43,5,38,2
149056,39,3,36,2
149057,49,8,41,2
149058,49,8,41,2
149059,67,7,60,2
149060,58,8,50,2
149061,53,4,49,2
149062,50,5,45,2
149063,62,8,54,2
149064,40,5,35,2
149065,71,6,65,2
149066,48,3,45,2
149067,54,9,45,2
149068,41,8,33,2
149069,57,7,50,2
149070,53,2,51,2
149071,44,8,36,2
149072,61,7,54,2
149073,56,4,52,2
149074,61,9,52,2
149075,55,8,47,2
149076,62,6,56,2
149077,51,6,45,2
149078,49,8,41,2
149079,59,9,50,2
149080,57,9,48,2
149081,57,6,51,2
149082,64,5,59,2
149083,45,6,39,2
149084,55,10,45,2
149085,71,14,57,2
149086,61,9,52,2
149087,57,6,51,2
149088,60,6,54,2
149089,47,9,38,2
149090,52,7,45,2
149091,57,4,53,2
149092,61,9,52,2
149093,46,4,42,2
149094,79,12,67,2
149095,43,8,35,2
149096,51,12,39,2
149097,55,6,49,2
149098,51,2,49,2
149099,48,5,43,2
149100,66,8,58,2
149101,40,3,37,2
149102,49,5,44,2
149103,52,9,43,2
149104,50,7,43,2
149105,57,8,49,2
149106,67,11,56,2
149107,53,8,45,2
149108,58,4,54,2
149109,55,11,44,2
149110,57,11,46,2
149111,46,8,38,2
149112,55,6,49,2
149113,64,9,55,2
149114,50,7,43,2
149115,57,7,50,2
149116,57,11,46,2
149117,54,7,47,2
149118,58,12,46,2
149119,49,9,40,2
149120,64,13,51,2
149121,57,5,52,2
149122,63,7,56,2
149123,58,7,51,2
149124,50,7,43,2
149125,62,4,58,2
149126,57,5,52,2
149127,44,4,40,2
149128,57,2,55,2
149129,65,13,52,2
149130,45,6,39,2
149131,49,4,45,2
149132,60,5,55,2
149133,52,6,46,2
149134,45,4,41,2
149135,51,5,46,2
149136,63,9,54,2
149137,61,7,54,2
149138,56,2,54,2
149139,41,9,32,2
149140,52,6,46,2
149141,54,8,46,2
149142,63,11,52,2
149143,61,9,52,2
149144,41,4,37,2
149145,56,4,52,2
149146,55,4,51,2
149147,51,8,43,2
149148,46,5,41,2
149149,35,21,14,2
149150,45,1,44,2
149151,59,6,53,2
149152,56,6,50,2
149153,59,8,51,2
149154,63,11,52,2
149155,45,5,40,2
149156,58,5,53,2
149157,53,3,50,2
149158,62,6,56,2
149159,59,6,53,2
149160,61,12,49,2
149161,49,6,43,2
149162,45,3,42,2
149163,64,6,58,2
149164,53,7,46,2
149165,62,3,59,2
149166,57,7,50,2
149167,61,5,56,2
149168,58,10,48,2
149169,57,4,53,2
149170,43,3,40,2
149171,54,8,46,2
149172,55,6,49,2
149173,57,9,48,2
149174,57,4,53,2
149175,57,3,54,2
149176,47,7,40,2
149177,64,10,54,2
149178,50,4,46,2
149179,51,5,46,2
149180,55,5,50,2
149181,50,4,46,2
149182,61,10,51,2
149183,63,6,57,2
149184,45,6,39,2
149185,56,14,42,2
149186,47,4,43,2
149187,53,8,45,2
149188,42,1,41,2
149189,78,9,69,2
149190,59,9,50,2
149191,50,9,41,2
149192,46,6,40,2
149193,59,5,54,2
149194,54,9,45,2
149195,48,8,40,2
149196,62,5,57,2
149197,53,5,48,2
149198,51,3,48,2
149199,65,10,55,2
149200,52,4,48,2
149201,50,6,44,2
149202,60,8,52,2
149203,48,6,42,2
149204,50,6,44,2
149205,49,9,40,2
149206,60,9,51,2
149207,49,5,44,2
149208,54,4,50,2
149209,50,9,41,2
149210,61,8,53,2
149211,66,5,61,2
149212,51,8,43,2
149213,54,8,46,2
149214,51,2,49,2
149215,54,5,49,2
149216,50,4,46,2
149217,44,8,36,2
149218,37,2,35,2
149219,55,6,49,2
149220,63,5,58,2
149221,58,10,48,2
149222,64,8,56,2
149223,46,4,42,2
149224,57,9,48,2
149225,46,4,42,2
149226,52,5,47,2
149227,55,7,48,2
149228,66,6,60,2
149229,53,7,46,2
149230,61,9,52,2
149231,39,5,34,2
149232,61,7,54,2
149233,67,13,54,2
149234,48,4,44,2
149235,60,6,54,2
149236,57,8,49,2
149237,59,6,53,2
149238,61,3,58,2
149239,56,6,50,2
149240,54,11,43,2
149241,43,6,37,2
149242,42,3,39,2
149243,59,9,50,2
149244,53,3,50,2
149245,60,11,49,2
149246,46,6,40,2
149247,52,6,46,2
149248,48,10,38,2
149249,63,11,52,2
149250,66,7,59,2
149251,47,8,39,2
149252,53,7,46,2
149253,63,5,58,2
149254,61,8,53,2
149255,61,9,52,2
149256,62,6,56,2
149257,61,10,51,2
149258,49,8,41,2
149259,56,7,49,2
149260,56,2,54,2
149261,59,7,52,2
149262,47,2,45,2
149263,51,4,47,2
149264,56,2,54,2
149265,50,5,45,2
149266,52,7,45,2
149267,45,10,35,2
149268,63,8,55,2
149269,51,4,47,2
149270,63,7,56,2
149271,54,5,49,2
149272,51,7,44,2
149273,61,10,51,2
149274,52,6,46,2
149275,57,13,44,2
149276,54,4,50,2
149277,62,12,50,2
149278,52,6,46,2
149279,49,4,45,2
149280,68,12,56,2
149281,64,3,61,2
149282,51,4,47,2
149283,48,12,36,2
149284,50,5,45,2
149285,52,3,49,2
149286,47,2,45,2
149287,49,8,41,2
149288,49,2,47,2
149289,51,4,47,2
149290,47,6,41,2
149291,54,6,48,2
149292,54,8,46,2
149293,49,8,41,2
149294,63,12,51,2
149295,46,6,40,2
149296,56,6,50,2
149297,40,2,38,2
149298,55,5,50,2
149299,64,5,59,2
149300,51,4,47,2
149301,67,4,63,2
149302,56,4,52,2
149303,66,16,50,2
149304,68,5,63,2
149305,56,9,47,2
149306,55,7,48,2
149307,51,6,45,2
149308,46,6,40,2
149309,63,5,58,2
149310,50,4,46,2
149311,70,6,64,2
149312,54,6,48,2
149313,42,2,40,2
149314,59,9,50,2
149315,52,4,48,2
149316,45,5,40,2
149317,56,5,51,2
149318,51,4,47,2
149319,59,7,52,2
149320,59,5,54,2
149321,47,4,43,2
149322,54,6,48,2
149323,50,5,45,2
149324,42,8,34,2
149325,48,4,44,2
149326,59,5,54,2
149327,48,5,43,2
149328,48,6,42,2
149329,46,5,41,2
149330,53,4,49,2
149331,62,5,57,2
149332,63,7,56,2
149333,49,7,42,2
149334,49,2,47,2
149335,57,3,54,2
149336,57,6,51,2
149337,67,11,56,2
149338,46,9,37,2
149339,65,8,57,2
149340,54,4,50,2
149341,64,5,59,2
149342,44,4,40,2
149343,55,5,50,2
149344,49,5,44,2
149345,54,3,51,2
149346,63,12,51,2
149347,41,5,36,2
149348,55,8,47,2
149349,54,8,46,2
149350,43,10,33,2
149351,47,5,42,2
149352,52,5,47,2
149353,52,4,48,2
149354,64,9,55,2
149355,61,6,55,2
149356,45,7,38,2
149357,49,6,43,2
149358,46,6,40,2
149359,59,6,53,2
149360,53,13,40,2
149361,52,6,46,2
149362,52,4,48,2
149363,58,6,52,2
149364,49,5,44,2
149365,49,4,45,2
149366,40,2,38,2
149367,56,9,47,2
149368,47,6,41,2
149369,49,7,42,2
149370,43,5,38,2
149371,36,4,32,2
149372,47,5,42,2
149373,52,7,45,2
149374,54,7,47,2
149375,47,5,42,2
149376,52,8,44,2
149377,54,7,47,2
149378,55,5,50,2
149379,58,8,50,2
149380,57,12,45,2
149381,54,12,42,2
149382,53,3,50,2
149383,58,13,45,2
149384,51,7,44,2
149385,45,7,38,2
149386,66,7,59,2
149387,55,8,47,2
149388,40,5,35,2
149389,55,3,52,2
149390,59,5,54,2
149391,54,5,49,2
149392,44,7,37,2
149393,62,11,51,2
149394,56,4,52,2
149395,47,4,43,2
149396,53,7,46,2
149397,48,4,44,2
149398,48,6,42,2
149399,59,9,50,2
149400,55,11,44,2
149401,59,7,52,2
149402,65,8,57,2
149403,53,3,50,2
149404,59,7,52,2
149405,43,5,38,2
149406,62,5,57,2
149407,57,6,51,2
149408,46,4,42,2
149409,52,6,46,2
149410,43,7,36,2
149411,61,6,55,2
149412,66,10,56,2
149413,57,3,54,2
149414,61,1,60,2
149415,56,7,49,2
149416,53,7,46,2
149417,62,3,59,2
149418,51,6,45,2
149419,52,6,46,2
149420,39,6,33,2
149421,64,6,58,2
149422,62,5,57,2
149423,60,8,52,2
149424,44,4,40,2
149425,64,12,52,2
149426,56,9,47,2
149427,54,7,47,2
149428,55,9,46,2
149429,48,5,43,2
149430,61,6,55,2
149431,45,5,40,2
149432,66,7,59,2
149433,64,11,53,2
149434,62,6,56,2
149435,48,10,38,2
149436,48,5,43,2
149437,61,10,51,2
149438,57,8,49,2
149439,44,7,37,2
149440,52,1,51,2
149441,66,8,58,2
149442,62,12,50,2
149443,48,6,42,2
149444,57,9,48,2
149445,59,5,54,2
149446,60,7,53,2
149447,59,5,54,2
149448,44,5,39,2
149449,55,9,46,2
149450,59,3,56,2
149451,57,12,45,2
149452,55,6,49,2
149453,59,6,53,2
149454,51,6,45,2
149455,49,11,38,2
149456,39,6,33,2
149457,47,5,42,2
149458,55,2,53,2
149459,42,3,39,2
149460,57,6,51,2
149461,53,8,45,2
149462,61,6,55,2
149463,61,10,51,2
149464,65,5,60,2
149465,55,7,48,2
149466,53,8,45,2
149467,46,5,41,2
149468,70,9,61,2
149469,53,7,46,2
149470,63,8,55,2
149471,50,6,44,2
149472,57,12,45,2
149473,65,8,57,2
149474,54,6,48,2
149475,61,2,59,2
149476,57,6,51,2
149477,57,9,48,2
149478,53,14,39,2
149479,53,5,48,2
149480,54,7,47,2
149481,39,7,32,2
149482,47,5,42,2
149483,46,5,41,2
149484,59,4,55,2
149485,61,6,55,2
149486,60,6,54,2
149487,61,5,56,2
149488,60,6,54,2
149489,56,4,52,2
149490,62,11,51,2
149491,54,4,50,2
149492,48,3,45,2
149493,67,8,59,2
149494,43,6,37,2
149495,55,9,46,2
149496,46,9,37,2
149497,55,6,49,2
149498,49,3,46,2
149499,56,12,44,2
149500,67,7,60,2
149501,57,5,52,2
149502,57,8,49,2
149503,67,6,61,2
149504,53,7,46,2
149505,61,4,57,2
149506,56,9,47,2
149507,51,4,47,2
149508,46,8,38,2
149509,56,6,50,2
149510,42,7,35,2
149511,50,2,48,2
149512,52,10,42,2
149513,40,2,38,2
149514,46,6,40,2
149515,51,1,50,2
149516,58,8,50,2
149517,52,8,44,2
149518,55,7,48,2
149519,61,12,49,2
149520,56,10,46,2
149521,46,10,36,2
149522,57,10,47,2
149523,55,8,47,2
149524,64,5,59,2
149525,62,9,53,2
149526,57,6,51,2
149527,52,6,46,2
149528,49,5,44,2
149529,61,7,54,2
149530,50,6,44,2
149531,46,5,41,2
149532,51,5,46,2
149533,46,8,38,2
149534,53,6,47,2
149535,54,3,51,2
149536,44,9,35,2
149537,45,6,39,2
149538,46,8,38,2
149539,75,16,59,2
149540,57,7,50,2
149541,49,9,40,2
149542,52,7,45,2
149543,53,12,41,2
149544,48,5,43,2
149545,51,6,45,2
149546,48,6,42,2
149547,48,7,41,2
149548,60,10,50,2
149549,52,7,45,2
149550,55,8,47,2
149551,60,10,50,2
149552,43,7,36,2
149553,42,7,35,2
149554,51,5,46,2
149555,54,9,45,2
149556,42,6,36,2
149557,58,9,49,2
149558,41,2,39,2
149559,53,12,41,2
149560,49,2,47,2
149561,57,6,51,2
149562,53,5,48,2
149563,51,5,46,2
149564,62,11,51,2
149565,44,6,38,2
149566,50,5,45,2
149567,58,6,52,2
149568,54,3,51,2
149569,46,10,36,2
149570,65,10,55,2
149571,52,3,49,2
149572,49,2,47,2
149573,48,9,39,2
149574,60,10,50,2
149575,36,2,34,2
149576,54,5,49,2
149577,49,10,39,2
149578,36,3,33,2
149579,66,5,61,2
149580,41,6,35,2
149581,40,7,33,2
149582,52,7,45,2
149583,51,11,40,2
149584,48,3,45,2
149585,63,9,54,2
149586,52,6,46,2
149587,54,9,45,2
149588,59,5,54,2
149589,55,5,50,2
149590,42,3,39,2
149591,49,6,43,2
149592,50,4,46,2
149593,60,8,52,2
149594,55,3,52,2
149595,50,11,39,2
149596,56,5,51,2
149597,56,7,49,2
149598,64,9,55,2
149599,56,4,52,2
149600,64,8,56,2
149601,57,5,52,2
149602,57,5,52,2
149603,52,2,50,2
149604,57,5,52,2
149605,47,5,42,2
149606,51,3,48,2
149607,65,3,62,2
149608,53,6,47,2
149609,52,8,44,2
149610,54,5,49,2
149611,64,8,56,2
149612,54,4,50,2
149613,54,4,50,2
149614,52,3,49,2
149615,41,5,36,2
149616,58,7,51,2
149617,65,6,59,2
149618,64,7,57,2
149619,65,5,60,2
149620,59,3,56,2
149621,67,7,60,2
149622,56,7,49,2
149623,43,6,37,2
149624,51,5,46,2
149625,60,4,56,2
149626,70,5,65,2
149627,47,6,41,2
149628,63,3,60,2
149629,57,6,51,2
149630,55,7,48,2
149631,65,6,59,2
149632,54,7,47,2
149633,58,7,51,2
149634,56,7,49,2
149635,53,13,40,2
149636,55,5,50,2
149637,52,3,49,2
149638,60,5,55,2
149639,59,7,52,2
149640,69,8,61,2
149641,55,6,49,2
149642,59,6,53,2
149643,55,10,45,2
149644,51,9,42,2
149645,34,2,32,2
149646,47,8,39,2
149647,41,7,34,2
149648,57,7,50,2
149649,48,3,45,2
149650,64,7,57,2
149651,53,4,49,2
149652,60,6,54,2
149653,46,5,41,2
149654,53,5,48,2
149655,54,8,46,2
149656,47,5,42,2
149657,53,11,42,2
149658,60,12,48,2
149659,61,8,53,2
149660,55,5,50,2
149661,51,8,43,2
149662,49,4,45,2
149663,58,5,53,2
149664,56,6,50,2
149665,46,7,39,2
149666,49,9,40,2
149667,54,7,47,2
149668,56,7,49,2
149669,56,9,47,2
149670,53,6,47,2
149671,57,9,48,2
149672,74,5,69,2
149673,66,7,59,2
149674,50,7,43,2
149675,68,13,55,2
149676,70,8,62,2
149677,44,12,32,2
149678,68,8,60,2
149679,67,10,57,2
149680,64,10,54,2
149681,50,5,45,2
149682,46,5,41,2
149683,74,8,66,2
149684,57,6,51,2
149685,49,8,41,2
149686,57,4,53,2
149687,52,7,45,2
149688,51,6,45,2
149689,54,5,49,2
149690,58,10,48,2
149691,58,7,51,2
149692,65,9,56,2
149693,40,7,33,2
149694,48,6,42,2
149695,46,6,40,2
149696,55,6,49,2
149697,54,3,51,2
149698,56,6,50,2
149699,54,5,49,2
149700,45,7,38,2
149701,59,9,50,2
149702,60,11,49,2
149703,68,6,62,2
149704,48,3,45,2
149705,56,4,52,2
149706,59,5,54,2
149707,52,8,44,2
149708,53,9,44,2
149709,59,3,56,2
149710,51,7,44,2
149711,56,6,50,2
149712,58,7,51,2
149713,54,3,51,2
149714,46,8,38,2
149715,52,7,45,2
149716,53,5,48,2
149717,61,9,52,2
149718,57,8,49,2
149719,49,9,40,2
149720,54,5,49,2
149721,66,9,57,2
149722,41,4,37,2
149723,49,2,47,2
149724,52,11,41,2
149725,51,9,42,2
149726,51,8,43,2
149727,51,7,44,2
149728,59,13,46,2
149729,54,3,51,2
149730,50,5,45,2
149731,58,6,52,2
149732,53,10,43,2
149733,51,3,48,2
149734,56,3,53,2
149735,53,7,46,2
149736,55,9,46,2
149737,68,12,56,2
149738,54,8,46,2
149739,50,8,42,2
149740,53,4,49,2
149741,50,7,43,2
149742,60,10,50,2
149743,55,10,45,2
149744,50,5,45,2
149745,59,5,54,2
149746,57,5,52,2
149747,55,6,49,2
149748,50,7,43,2
149749,41,8,33,2
149750,43,9,34,2
149751,46,5,41,2
149752,51,2,49,2
149753,42,7,35,2
149754,46,4,42,2
149755,48,3,45,2
149756,51,9,42,2
149757,51,6,45,2
149758,52,9,43,2
149759,58,7,51,2
149760,60,8,52,2
149761,62,8,54,2
149762,75,10,65,2
149763,40,0,40,1
149765,57,7,50,2
149766,57,9,48,2
149767,44,8,36,2
149768,56,5,51,2
149769,50,4,46,2
149770,61,7,54,2
149771,63,8,55,2
149772,52,7,45,2
149773,56,8,48,2
149774,50,6,44,2
149775,55,10,45,2
149776,43,3,40,2
149777,53,8,45,2
149778,52,9,43,2
149779,58,2,56,2
149780,42,2,40,2
149781,52,8,44,2
149782,61,7,54,2
149783,51,6,45,2
149784,54,7,47,2
149785,56,3,53,2
149786,51,4,47,2
149787,64,8,56,2
149788,62,10,52,2
149789,62,11,51,2
149790,48,6,42,2
149791,59,5,54,2
149792,52,3,49,2
149793,55,4,51,2
149794,42,4,38,2
149795,65,5,60,2
149796,49,9,40,2
149797,54,10,44,2
149798,40,3,37,2
149799,66,5,61,2
149800,46,6,40,2
149801,50,5,45,2
149802,51,11,40,2
149803,57,8,49,2
149804,62,9,53,2
149805,58,7,51,2
149806,49,6,43,2
149807,51,9,42,2
149808,64,9,55,2
149809,49,6,43,2
149810,63,3,60,2
149811,53,9,44,2
149812,59,9,50,2
149813,53,9,44,2
149814,55,10,45,2
149815,59,9,50,2
149816,35,5,30,2
149817,52,7,45,2
149818,50,5,45,2
149819,60,10,50,2
149820,48,6,42,2
149821,50,5,45,2
149822,64,7,57,2
149823,59,3,56,2
149824,52,5,47,2
149825,53,5,48,2
149826,51,8,43,2
149827,45,5,40,2
149828,63,6,57,2
149829,50,9,41,2
149830,52,4,48,2
149831,55,10,45,2
149832,47,7,40,2
149833,56,8,48,2
149834,46,2,44,2
149835,53,3,50,2
149836,46,7,39,2
149837,53,5,48,2
149838,61,8,53,2
149839,60,9,51,2
149840,60,8,52,2
149841,60,4,56,2
149842,60,4,56,2
149843,55,12,43,2
149844,53,13,40,2
149845,52,5,47,2
149846,52,9,43,2
149847,58,5,53,2
149848,44,11,33,2
149849,55,10,45,2
149850,59,3,56,2
149851,59,10,49,2
149852,60,3,57,2
149853,57,6,51,2
149854,59,4,55,2
149855,62,6,56,2
149856,48,6,42,2
149857,52,9,43,2
149858,57,3,54,2
149859,56,13,43,2
149860,46,1,45,2
149861,48,3,45,2
149862,63,7,56,2
149863,49,7,42,2
149864,65,10,55,2
149865,59,3,56,2
149866,61,10,51,2
149867,54,4,50,2
149868,63,6,57,2
149869,50,6,44,2
149870,57,9,48,2
149871,52,5,47,2
149872,54,8,46,2
149873,51,5,46,2
149874,59,13,46,2
149875,59,2,57,2
149876,66,5,61,2
149877,53,6,47,2
149878,58,7,51,2
149879,49,8,41,2
149880,47,5,42,2
149881,63,14,49,2
149882,63,6,57,2
149883,60,3,57,2
149884,50,6,44,2
149885,54,3,51,2
149886,49,8,41,2
149887,48,7,41,2
149888,47,5,42,2
149889,55,9,46,2
149890,55,9,46,2
149891,53,9,44,2
149892,44,2,42,2
149893,54,9,45,2
149894,57,11,46,2
149895,45,3,42,2
149896,47,7,40,2
149897,39,4,35,2
149898,69,9,60,2
149899,56,5,51,2
149900,57,10,47,2
149901,42,4,38,2
149902,47,5,42,2
149903,52,5,47,2
149904,66,6,60,2
149905,52,8,44,2
149906,62,4,58,2
149907,63,9,54,2
149908,41,3,38,2
149909,59,11,48,2
149910,44,5,39,2
149911,51,8,43,2
149912,40,4,36,2
149913,50,6,44,2
149914,63,6,57,2
149915,49,7,42,2
149916,60,8,52,2
149917,49,2,47,2
149918,47,4,43,2
149919,45,6,39,2
149920,41,4,37,2
149921,42,5,37,2
149922,56,9,47,2
149923,52,7,45,2
149924,56,5,51,2
149925,53,7,46,2
149926,64,7,57,2
149927,42,2,40,2
149928,49,3,46,2
149929,34,4,30,2
149930,50,7,43,2
149931,56,5,51,2
149932,57,5,52,2
149933,63,12,51,2
149934,66,8,58,2
149935,45,11,34,2
149936,49,4,45,2
149937,54,6,48,2
149938,49,7,42,2
149939,48,4,44,2
149940,55,9,46,2
149941,45,7,38,2
149942,41,4,37,2
149943,53,8,45,2
149944,57,7,50,2
149945,50,7,43,2
149946,48,5,43,2
149947,54,6,48,2
149948,51,3,48,2
149949,49,6,43,2
149950,49,7,42,2
149951,56,5,51,2
149952,43,2,41,2
149953,58,9,49,2
149954,56,5,51,2
149955,63,7,56,2
149956,53,7,46,2
149957,64,11,53,2
149958,55,10,45,2
149959,49,9,40,2
149960,54,6,48,2
149961,51,6,45,2
149962,60,6,54,2
149963,48,5,43,2
149964,54,6,48,2
149965,71,6,65,2
149966,53,5,48,2
149967,47,5,42,2
149968,53,8,45,2
149969,55,6,49,2
149970,55,7,48,2
149971,56,9,47,2
149972,68,4,64,2
149973,59,8,51,2
149974,55,9,46,2
149975,53,6,47,2
149976,43,8,35,2
149977,51,5,46,2
149978,49,7,42,2
149979,42,5,37,2
149980,50,5,45,2
149981,56,10,46,2
149982,68,3,65,2
149983,60,9,51,2
149984,66,8,58,2
149985,61,6,55,2
149986,53,2,51,2
149987,63,7,56,2
149988,53,8,45,2
149989,51,4,47,2
149990,45,5,40,2
149991,54,5,49,2
149992,67,10,57,2
149993,48,7,41,2
149994,44,1,43,2
149995,65,9,56,2
149996,60,7,53,2
149997,55,5,50,2
149998,54,4,50,2
149999,56,10,46,2
150000,71,8,63,2
150001,40,2,38,2
150002,66,6,60,2
150003,45,2,43,2
150004,43,2,41,2
150005,61,9,52,2
150006,73,13,60,2
150007,52,8,44,2
150008,63,2,61,2
150009,65,11,54,2
150010,51,6,45,2
150011,46,3,43,2
150012,59,8,51,2
150013,54,4,50,2
150014,57,4,53,2
150015,50,5,45,2
150016,53,6,47,2
150017,50,7,43,2
150018,49,4,45,2
150019,51,8,43,2
150020,52,5,47,2
150021,50,6,44,2
150022,53,8,45,2
150023,62,4,58,2
150024,62,8,54,2
150025,60,8,52,2
150026,68,7,61,2
150027,66,8,58,2
150028,49,6,43,2
150029,50,5,45,2
150030,41,4,37,2
150031,71,14,57,2
150032,64,9,55,2
150033,44,7,37,2
150034,57,11,46,2
150035,41,7,34,2
150036,55,7,48,2
150037,51,10,41,2
150038,42,6,36,2
150039,47,5,42,2
150040,66,11,55,2
150041,63,8,55,2
150042,50,5,45,2
150043,47,11,36,2
150044,61,8,53,2
150045,48,7,41,2
150046,76,3,73,2
150047,53,5,48,2
150048,52,8,44,2
150049,43,3,40,2
150050,73,10,63,2
150051,55,4,51,2
150052,64,8,56,2
150053,67,12,55,2
150054,51,7,44,2
150055,51,5,46,2
150056,41,5,36,2
150057,50,5,45,2
150058,67,10,57,2
150059,47,5,42,2
150060,48,6,42,2
150061,50,3,47,2
150062,54,9,45,2
150063,54,7,47,2
150064,69,7,62,2
150065,55,8,47,2
150066,53,1,52,2
150067,48,9,39,2
150068,2,2,0,1
150069,41,4,37,2
150070,44,6,38,2
150071,58,11,47,2
150072,61,5,56,2
150073,50,7,43,2
150074,39,3,36,2
150075,47,6,41,2
150076,49,5,44,2
150077,59,10,49,2
150078,57,7,50,2
150079,57,7,50,2
150080,54,6,48,2
150081,48,7,41,2
150082,62,8,54,2
150083,53,6,47,2
150084,40,2,38,2
150085,64,8,56,2
150086,50,4,46,2
150087,54,7,47,2
150088,56,8,48,2
150089,50,7,43,2
150090,61,4,57,2
150091,46,6,40,2
150092,50,6,44,2
150093,62,12,50,2
150094,53,7,46,2
150095,57,10,47,2
150096,61,7,54,2
150097,60,10,50,2
150098,56,10,46,2
150099,67,12,55,2
150100,44,6,38,2
150101,45,2,43,2
150102,43,7,36,2
150103,50,8,42,2
150104,61,4,57,2
150105,59,5,54,2
150106,47,1,46,2
150107,47,2,45,2
150108,48,6,42,2
150109,62,4,58,2
150110,60,4,56,2
150111,43,6,37,2
150112,54,6,48,2
150113,53,8,45,2
150114,53,6,47,2
150115,47,6,41,2
150116,55,7,48,2
150117,50,5,45,2
150118,41,8,33,2
150119,49,11,38,2
150120,57,10,47,2
150121,52,8,44,2
150122,49,1,48,2
150123,58,9,49,2
150124,68,13,55,2
150125,59,8,51,2
150126,54,6,48,2
150127,62,7,55,2
150128,50,7,43,2
150129,46,3,43,2
150130,48,2,46,2
150131,59,8,51,2
150132,67,8,59,2
150133,55,2,53,2
150134,62,5,57,2
150135,41,6,35,2
150136,70,9,61,2
150137,57,10,47,2
150138,59,9,50,2
150139,57,7,50,2
150140,45,5,40,2
150141,56,5,51,2
150142,55,5,50,2
150143,58,6,52,2
150144,50,7,43,2
150145,53,7,46,2
150146,59,8,51,2
150147,57,5,52,2
150148,44,4,40,2
150149,62,9,53,2
150150,61,7,54,2
150151,46,4,42,2
150152,65,5,60,2
150153,51,5,46,2
150154,55,7,48,2
150155,61,9,52,2
150156,59,11,48,2
150157,51,7,44,2
150158,53,5,48,2
150159,66,6,60,2
150160,41,7,34,2
150161,50,9,41,2
150162,46,5,41,2
150163,57,3,54,2
150164,56,8,48,2
150165,60,5,55,2
150166,40,3,37,2
150167,57,3,54,2
150168,55,6,49,2
150169,49,3,46,2
150170,59,5,54,2
150171,52,4,48,2
150172,55,11,44,2
150173,55,8,47,2
150174,51,8,43,2
150175,49,5,44,2
150176,40,4,36,2
150177,60,8,52,2
150178,64,7,57,2
150179,63,6,57,2
150180,41,3,38,2
150181,60,7,53,2
150182,56,4,52,2
150183,60,9,51,2
150184,47,4,43,2
150185,61,7,54,2
150186,54,9,45,2
150187,51,6,45,2
150188,63,11,52,2
150189,58,7,51,2
150190,51,4,47,2
150191,52,5,47,2
150192,60,7,53,2
150193,54,5,49,2
150194,55,3,52,2
150195,62,13,49,2
150196,50,6,44,2
150197,43,4,39,2
150198,70,8,62,2
150199,46,5,41,2
150200,45,3,42,2
150201,51,7,44,2
150202,48,4,44,2
150203,51,7,44,2
150204,58,2,56,2
150205,60,9,51,2
150206,55,11,44,2
150207,58,8,50,2
150208,75,14,61,2
150209,61,7,54,2
150210,43,5,38,2
150211,49,4,45,2
150212,66,11,55,2
150213,54,7,47,2
150214,54,6,48,2
150215,64,11,53,2
150216,50,8,42,2
150217,63,13,50,2
150218,53,4,49,2
150219,44,5,39,2
150220,58,5,53,2
150221,51,11,40,2
150222,49,6,43,2
150223,63,7,56,2
150224,73,10,63,2
150225,64,6,58,2
150226,62,14,48,2
150227,44,5,39,2
150228,66,7,59,2
150229,55,8,47,2
150230,66,8,58,2
150231,58,5,53,2
150232,51,2,49,2
150233,55,6,49,2
150234,46,5,41,2
150235,61,9,52,2
150236,64,10,54,2
150237,48,5,43,2
150238,59,3,56,2
150239,47,9,38,2
150240,52,2,50,2
150241,72,11,61,2
150242,54,8,46,2
150243,51,8,43,2
150244,73,10,63,2
150245,45,9,36,2
150246,54,4,50,2
150247,65,8,57,2
150248,56,12,44,2
150249,54,8,46,2
150250,54,6,48,2
150251,59,5,54,2
150252,52,6,46,2
150253,47,8,39,2
150254,45,8,37,2
150255,60,5,55,2
150256,61,10,51,2
150257,56,5,51,2
150258,42,5,37,2
150259,63,10,53,2
150260,50,8,42,2
150261,55,10,45,2
150262,45,11,34,2
150263,57,4,53,2
150264,61,6,55,2
150265,49,2,47,2
150266,50,3,47,2
150267,47,8,39,2
150268,53,6,47,2
150269,52,8,44,2
150270,54,5,49,2
150271,64,10,54,2
150272,56,4,52,2
150273,58,10,48,2
150274,56,6,50,2
150275,51,4,47,2
150276,60,9,51,2
150277,44,3,41,2
150278,66,9,57,2
150279,63,8,55,2
150280,54,6,48,2
150281,54,3,51,2
150282,53,6,47,2
150283,67,10,57,2
150284,49,6,43,2
150285,51,7,44,2
150286,53,7,46,2
150287,50,10,40,2
150288,62,9,53,2
150289,46,2,44,2
150290,55,3,52,2
150291,49,8,41,2
150292,52,5,47,2
150293,66,5,61,2
150294,50,10,40,2
150295,74,9,65,2
150296,54,6,48,2
150297,68,8,60,2
150298,56,8,48,2
150299,68,11,57,2
150300,41,1,40,2
150301,52,7,45,2
150302,68,9,59,2
150303,55,8,47,2
150304,53,3,50,2
150305,41,3,38,2
150306,69,5,64,2
150307,71,8,63,2
150308,60,3,57,2
150309,55,8,47,2
150310,45,8,37,2
150311,54,4,50,2
150312,52,6,46,2
150313,51,5,46,2
150314,55,6,49,2
150315,57,6,51,2
150316,44,3,41,2
150317,65,10,55,2
150318,47,4,43,2
150319,51,1,50,2
150320,57,12,45,2
150321,74,12,62,2
150322,56,12,44,2
150323,43,3,40,2
150324,65,9,56,2
150325,50,4,46,2
150326,47,3,44,2
150327,63,7,56,2
150328,56,3,53,2
150329,49,6,43,2
150330,45,5,40,2
150331,69,8,61,2
150332,51,7,44,2
150333,44,4,40,2
150334,42,2,40,2
150335,48,5,43,2
150336,58,7,51,2
150337,56,7,49,2
150338,62,5,57,2
150339,44,5,39,2
150340,51,7,44,2
150341,49,4,45,2
150342,59,5,54,2
150343,57,1,56,2
150344,50,6,44,2
150345,49,5,44,2
150346,63,7,56,2
150347,61,7,54,2
150348,54,7,47,2
150349,46,5,41,2
150350,49,10,39,2
150351,53,9,44,2
150352,56,9,47,2
150353,60,6,54,2
150354,57,5,52,2
150355,38,2,36,2
150356,53,5,48,2
150357,62,2,60,2
150358,54,5,49,2
150359,44,7,37,2
150360,58,5,53,2
150361,49,4,45,2
150362,56,6,50,2
150363,53,3,50,2
150364,47,7,40,2
150365,43,4,39,2
150366,36,3,33,2
150367,56,4,52,2
150368,52,8,44,2
150369,53,7,46,2
150370,53,6,47,2
150371,51,6,45,2
150372,45,6,39,2
150373,51,10,41,2
150374,52,7,45,2
150375,51,6,45,2
150376,46,6,40,2
150377,61,8,53,2
150378,55,6,49,2
150379,62,2,60,2
150380,63,3,60,2
150381,49,6,43,2
150382,50,8,42,2
150383,55,6,49,2
150384,60,2,58,2
150385,68,14,54,2
150386,47,6,41,2
150387,59,8,51,2
150388,52,3,49,2
150389,49,5,44,2
150390,58,4,54,2
150391,60,9,51,2
150392,31,4,27,2
150393,57,6,51,2
150394,52,6,46,2
150395,52,10,42,2
150396,49,10,39,2
150397,50,6,44,2
150398,54,7,47,2
150399,53,4,49,2
150400,54,8,46,2
150401,56,7,49,2
150402,61,2,59,2
150403,55,10,45,2
150404,54,6,48,2
150405,42,3,39,2
150406,41,5,36,2
150407,63,6,57,2
150408,52,7,45,2
150409,46,6,40,2
150410,56,5,51,2
150411,53,8,45,2
150412,43,8,35,2
150413,49,2,47,2
150414,47,5,42,2
150415,57,3,54,2
150416,43,3,40,2
150417,59,7,52,2
150418,60,10,50,2
150419,58,5,53,2
150420,53,5,48,2
150421,57,11,46,2
150422,61,9,52,2
150423,45,5,40,2
150424,48,8,40,2
150425,54,6,48,2
150426,66,9,57,2
150427,62,12,50,2
150428,54,8,46,2
150429,51,7,44,2
150430,50,8,42,2
150431,42,3,39,2
150432,63,4,59,2
150433,59,7,52,2
150434,45,5,40,2
150435,48,7,41,2
150436,46,4,42,2
150437,54,8,46,2
150438,48,2,46,2
150439,58,12,46,2
150440,51,1,50,2
150441,46,6,40,2
150442,60,6,54,2
150443,63,8,55,2
150444,47,5,42,2
150445,52,3,49,2
150446,58,6,52,2
150447,45,2,43,2
150448,50,6,44,2
150449,47,3,44,2
150450,56,4,52,2
150451,47,7,40,2
150452,60,5,55,2
150453,47,6,41,2
150454,47,5,42,2
150455,40,2,38,2
150456,63,9,54,2
150457,76,7,69,2
150458,54,6,48,2
150459,62,3,59,2
150460,52,7,45,2
150461,45,9,36,2
150462,42,3,39,2
150463,48,4,44,2
150464,52,7,45,2
150465,59,4,55,2
150466,44,6,38,2
150467,60,8,52,2
150468,55,3,52,2
150469,56,7,49,2
150470,53,5,48,2
150471,59,8,51,2
150472,40,5,35,2
150473,54,6,48,2
150474,58,11,47,2
150475,54,8,46,2
150476,51,6,45,2
150477,51,9,42,2
150478,59,13,46,2
150479,50,1,49,2
150480,50,6,44,2
150481,59,11,48,2
150482,60,8,52,2
150483,51,5,46,2
150484,51,3,48,2
150485,43,5,38,2
150486,64,5,59,2
150487,59,7,52,2
150488,57,4,53,2
150489,61,7,54,2
150490,59,10,49,2
150491,46,5,41,2
150492,69,9,60,2
150493,70,7,63,2
150494,46,10,36,2
150495,52,6,46,2
150496,56,8,48,2
150497,46,5,41,2
150498,59,5,54,2
150499,58,4,54,2
150500,53,3,50,2
150501,266,227,39,2
150502,47,4,43,2
150503,60,12,48,2
150504,45,6,39,2
150505,61,9,52,2
150506,47,4,43,2
150507,58,8,50,2
150508,47,5,42,2
150509,52,7,45,2
150510,50,6,44,2
150511,69,3,66,2
150512,52,4,48,2
150513,62,7,55,2
150514,55,6,49,2
150515,53,4,49,2
150516,58,3,55,2
150517,52,8,44,2
150518,58,9,49,2
150519,59,5,54,2
150520,57,5,52,2
150521,66,11,55,2
150522,49,6,43,2
150523,53,3,50,2
150524,57,10,47,2
150525,64,9,55,2
150526,48,7,41,2
150527,60,8,52,2
150528,61,4,57,2
150529,41,4,37,2
150530,49,7,42,2
150531,53,6,47,2
150532,67,5,62,2
150533,47,9,38,2
150534,56,11,45,2
150535,48,7,41,2
150536,54,6,48,2
150537,60,7,53,2
150538,53,6,47,2
150539,52,11,41,2
150540,4,2,2,2
150541,61,5,56,2
150542,46,1,45,2
150543,47,5,42,2
150544,49,6,43,2
150545,64,9,55,2
150546,54,7,47,2
150547,44,6,38,2
150548,55,9,46,2
150549,47,5,42,2
150550,50,5,45,2
150551,48,6,42,2
150552,50,12,38,2
150553,56,13,43,2
150554,64,7,57,2
150555,60,6,54,2
150556,54,5,49,2
150557,58,8,50,2
150558,49,6,43,2
150559,42,4,38,2
150560,69,9,60,2
150561,63,7,56,2
150562,60,9,51,2
150563,48,5,43,2
150564,54,7,47,2
150565,56,5,51,2
150566,58,6,52,2
150567,56,8,48,2
150568,63,8,55,2
150569,65,9,56,2
150570,46,5,41,2
150571,51,8,43,2
150572,58,2,56,2
150573,75,11,64,2
150574,62,12,50,2
150575,67,8,59,2
150576,55,6,49,2
150577,59,9,50,2
150578,44,9,35,2
150579,63,5,58,2
150580,57,7,50,2
150581,53,9,44,2
150582,59,7,52,2
150583,56,5,51,2
150584,44,8,36,2
150585,67,8,59,2
150586,50,3,47,2
150587,63,4,59,2
150588,63,3,60,2
150589,55,3,52,2
150590,41,9,32,2
150591,52,7,45,2
150592,54,6,48,2
150593,58,7,51,2
150594,65,9,56,2
150595,54,8,46,2
150596,52,5,47,2
150597,54,6,48,2
150598,62,6,56,2
150599,57,7,50,2
150600,41,6,35,2
150601,56,6,50,2
150602,51,6,45,2
150603,59,13,46,2
150604,47,4,43,2
150605,61,6,55,2
150606,55,3,52,2
150607,59,9,50,2
150608,48,9,39,2
150609,45,7,38,2
150610,53,8,45,2
150611,51,7,44,2
150612,60,5,55,2
150613,67,8,59,2
150614,55,8,47,2
150615,42,2,40,2
150616,50,6,44,2
150617,53,6,47,2
150618,52,4,48,2
150619,56,4,52,2
150620,56,10,46,2
150621,65,10,55,2
150622,57,8,49,2
150623,54,5,49,2
150624,75,12,63,2
150625,63,7,56,2
150626,46,0,46,1
150627,56,12,44,2
150628,57,10,47,2
150629,55,6,49,2
150630,61,8,53,2
150631,58,8,50,2
150632,60,10,50,2
150633,56,10,46,2
150634,51,9,42,2
150635,55,8,47,2
150636,48,4,44,2
150637,51,9,42,2
150638,48,4,44,2
150639,61,2,59,2
150640,60,6,54,2
150641,51,5,46,2
150642,66,10,56,2
150643,47,5,42,2
150644,53,7,46,2
150645,54,8,46,2
150646,63,6,57,2
150647,49,6,43,2
150648,52,2,50,2
150649,66,7,59,2
150650,57,6,51,2
150651,56,8,48,2
150652,43,3,40,2
150653,65,8,57,2
150654,71,8,63,2
150655,41,5,36,2
150656,51,7,44,2
150657,51,12,39,2
150658,63,6,57,2
150659,52,6,46,2
150660,50,1,49,2
150661,51,3,48,2
150662,63,8,55,2
150663,64,4,60,2
150664,60,5,55,2
150665,46,8,38,2
150666,59,6,53,2
150667,62,8,54,2
150668,53,11,42,2
150669,62,10,52,2
150670,52,7,45,2
150671,56,7,49,2
150672,50,8,42,2
150673,58,7,51,2
150674,65,4,61,2
150675,53,5,48,2
150676,45,6,39,2
150677,45,9,36,2
150678,29,2,27,2
150679,41,4,37,2
150680,62,6,56,2
150681,50,4,46,2
150682,56,8,48,2
150683,55,4,51,2
150684,53,6,47,2
150685,57,11,46,2
150686,49,4,45,2
150687,56,8,48,2
150688,54,7,47,2
150689,56,3,53,2
150690,70,8,62,2
150691,42,8,34,2
150692,64,6,58,2
150693,63,9,54,2
150694,52,4,48,2
150695,40,4,36,2
150696,48,6,42,2
150697,47,5,42,2
150698,54,6,48,2
150699,51,2,49,2
150700,47,6,41,2
150701,52,16,36,2
150702,52,5,47,2
150703,50,5,45,2
150704,56,7,49,2
150705,38,4,34,2
150706,50,9,41,2
150707,59,6,53,2
150708,63,7,56,2
150709,60,9,51,2
150710,57,7,50,2
150711,54,3,51,2
150712,50,6,44,2
150713,57,6,51,2
150714,46,9,37,2
150715,54,6,48,2
150716,54,5,49,2
150717,68,13,55,2
150718,56,8,48,2
150719,60,9,51,2
150720,56,5,51,2
150721,48,8,40,2
150722,53,7,46,2
150723,47,3,44,2
150724,42,4,38,2
150725,57,6,51,2
150726,47,5,42,2
150727,51,9,42,2
150728,44,4,40,2
150729,56,11,45,2
150730,40,7,33,2
150731,62,8,54,2
150732,51,2,49,2
150733,49,4,45,2
150734,49,2,47,2
150735,53,7,46,2
150736,69,3,66,2
150737,68,8,60,2
150738,52,6,46,2
150739,48,4,44,2
150740,68,8,60,2
150741,47,7,40,2
150742,65,7,58,2
150743,51,4,47,2
150744,47,9,38,2
150745,54,5,49,2
150746,59,9,50,2
150747,63,6,57,2
150748,58,8,50,2
150749,38,5,33,2
150750,52,2,50,2
150751,54,13,41,2
150752,42,6,36,2
150753,58,6,52,2
150754,52,7,45,2
150755,68,6,62,2
150756,60,6,54,2
150757,64,8,56,2
150758,52,7,45,2
150759,57,12,45,2
150760,44,5,39,2
150761,42,4,38,2
150762,57,10,47,2
150763,54,10,44,2
150764,53,7,46,2
150765,57,7,50,2
150766,61,11,50,2
150767,58,7,51,2
150768,57,8,49,2
150769,46,6,40,2
150770,66,11,55,2
150771,49,7,42,2
150772,44,5,39,2
150773,58,5,53,2
150774,56,6,50,2
150775,45,7,38,2
150776,48,8,40,2
150777,56,9,47,2
150778,44,2,42,2
150779,49,8,41,2
150780,54,8,46,2
150781,50,3,47,2
150782,57,5,52,2
150783,52,7,45,2
150784,53,7,46,2
150785,52,3,49,2
150786,51,5,46,2
150787,46,4,42,2
150788,56,9,47,2
150789,62,11,51,2
150790,45,5,40,2
150791,61,4,57,2
150792,51,3,48,2
150793,51,1,50,2
150794,53,7,46,2
150795,45,2,43,2
150796,61,10,51,2
150797,59,3,56,2
150798,48,4,44,2
150799,41,6,35,2
150800,62,4,58,2
150801,45,4,41,2
150802,52,6,46,2
150803,59,5,54,2
150804,54,4,50,2
150805,59,8,51,2
150806,50,3,47,2
150807,45,5,40,2
150808,51,4,47,2
150809,44,6,38,2
150810,54,3,51,2
150811,60,4,56,2
150812,54,8,46,2
150813,50,6,44,2
150814,51,8,43,2
150815,52,9,43,2
150816,54,8,46,2
150817,47,4,43,2
150818,49,6,43,2
150819,58,12,46,2
150820,45,5,40,2
150821,60,6,54,2
150822,60,12,48,2
150823,68,9,59,2
150824,56,4,52,2
150825,50,6,44,2
150826,57,3,54,2
150827,59,5,54,2
150828,57,9,48,2
150829,50,10,40,2
150830,59,6,53,2
150831,58,7,51,2
150832,52,5,47,2
150833,70,4,66,2
150834,43,8,35,2
150835,51,3,48,2
150836,59,7,52,2
150837,55,8,47,2
150838,41,4,37,2
150839,58,7,51,2
150840,58,8,50,2
150841,53,8,45,2
150842,59,9,50,2
150843,61,8,53,2
150844,62,6,56,2
150845,61,7,54,2
150846,42,6,36,2
150847,62,9,53,2
150848,55,7,48,2
150849,57,5,52,2
150850,53,12,41,2
150851,58,9,49,2
150852,53,9,44,2
150853,49,5,44,2
150854,50,1,49,2
150855,54,7,47,2
150856,64,7,57,2
150857,62,5,57,2
150858,59,8,51,2
150859,49,4,45,2
150860,60,5,55,2
150861,60,9,51,2
150862,57,8,49,2
150863,49,2,47,2
150864,54,4,50,2
150865,56,6,50,2
150866,47,6,41,2
150867,50,3,47,2
150868,61,3,58,2
150869,62,5,57,2
150870,46,8,38,2
150871,53,7,46,2
150872,61,6,55,2
150873,54,8,46,2
150874,40,3,37,2
150875,66,5,61,2
150876,62,7,55,2
150877,49,8,41,2
150878,53,5,48,2
150879,46,8,38,2
150880,44,6,38,2
150881,50,4,46,2
150882,55,4,51,2
150883,62,5,57,2
150884,55,8,47,2
150885,59,5,54,2
150886,58,7,51,2
150887,56,5,51,2
150888,46,5,41,2
150889,62,2,60,2
150890,47,9,38,2
150891,52,11,41,2
150892,55,5,50,2
150893,55,9,46,2
150894,48,5,43,2
150895,50,8,42,2
150896,60,8,52,2
150897,57,5,52,2
150898,43,4,39,2
150899,50,6,44,2
150900,49,7,42,2
150901,59,6,53,2
150902,39,6,33,2
150903,67,9,58,2
150904,49,12,37,2
150905,54,5,49,2
150906,39,4,35,2
150907,55,9,46,2
150908,52,3,49,2
150909,48,12,36,2
150910,61,3,58,2
150911,58,9,49,2
150912,39,7,32,2
150913,57,5,52,2
150914,65,7,58,2
150915,65,3,62,2
150916,59,7,52,2
150917,61,6,55,2
150918,44,5,39,2
150919,53,8,45,2
150920,53,8,45,2
150921,62,4,58,2
150922,54,6,48,2
150923,51,6,45,2
150924,46,8,38,2
150925,56,10,46,2
150926,53,8,45,2
150927,50,6,44,2
150928,59,2,57,2
150929,51,5,46,2
150930,54,2,52,2
150931,51,8,43,2
150932,52,9,43,2
150933,44,4,40,2
150934,47,3,44,2
150935,55,7,48,2
150936,52,9,43,2
150937,57,7,50,2
150938,63,11,52,2
150939,44,5,39,2
150940,59,7,52,2
150941,55,7,48,2
150942,45,13,32,2
150943,57,11,46,2
150944,49,9,40,2
150945,61,8,53,2
150946,64,6,58,2
150947,48,4,44,2
150948,66,7,59,2
150949,48,3,45,2
150950,45,5,40,2
150951,67,10,57,2
150952,46,4,42,2
150953,56,1,55,2
150954,59,9,50,2
150955,47,5,42,2
150956,51,7,44,2
150957,55,6,49,2
150958,65,10,55,2
150959,62,10,52,2
150960,45,4,41,2
150961,51,10,41,2
150962,61,9,52,2
150963,55,4,51,2
150964,55,7,48,2
150965,54,4,50,2
150966,57,10,47,2
150967,56,7,49,2
150968,47,5,42,2
150969,53,2,51,2
150970,43,4,39,2
150971,50,7,43,2
150972,62,5,57,2
150973,53,3,50,2
150974,38,3,35,2
150975,59,7,52,2
150976,52,9,43,2
150977,44,2,42,2
150978,65,5,60,2
150979,48,4,44,2
150980,52,9,43,2
150981,59,8,51,2
150982,60,13,47,2
150983,51,6,45,2
150984,53,5,48,2
150985,44,12,32,2
150986,45,4,41,2
150987,52,7,45,2
150988,60,9,51,2
150989,47,8,39,2
150990,60,8,52,2
150991,47,5,42,2
150992,49,7,42,2
150993,49,5,44,2
150994,53,6,47,2
150995,61,7,54,2
150996,51,7,44,2
150997,47,7,40,2
150998,46,6,40,2
150999,49,6,43,2
151000,47,8,39,2
151001,53,5,48,2
151002,52,9,43,2
151003,48,6,42,2
151004,51,6,45,2
151005,52,9,43,2
151006,63,10,53,2
151007,59,9,50,2
151008,56,9,47,2
151009,62,9,53,2
151010,50,8,42,2
151011,51,6,45,2
151012,45,5,40,2
151013,42,5,37,2
151014,55,5,50,2
151015,51,5,46,2
151016,63,6,57,2
151017,50,7,43,2
151018,62,7,55,2
151019,47,6,41,2
151020,54,9,45,2
151021,51,2,49,2
151023,33,2,31,2
151024,47,5,42,2
151025,56,1,55,2
151026,51,8,43,2
151027,54,8,46,2
151028,68,8,60,2
151029,53,6,47,2
151030,55,8,47,2
151031,51,5,46,2
151032,49,9,40,2
151033,51,3,48,2
151034,48,1,47,2
151035,62,6,56,2
151036,47,4,43,2
151037,45,10,35,2
151038,43,6,37,2
151039,52,6,46,2
151040,57,6,51,2
151041,54,2,52,2
151042,52,8,44,2
151043,48,2,46,2
151044,55,9,46,2
151045,53,6,47,2
151046,60,9,51,2
151047,57,7,50,2
151048,56,4,52,2
151049,53,2,51,2
151050,51,10,41,2
151051,51,4,47,2
151052,47,11,36,2
151053,44,6,38,2
151054,59,6,53,2
151055,46,4,42,2
151056,53,8,45,2
151057,53,4,49,2
151058,60,6,54,2
151059,65,8,57,2
151060,60,2,58,2
151061,51,5,46,2
151062,57,6,51,2
151063,67,9,58,2
151064,55,6,49,2
151065,64,8,56,2
151066,57,10,47,2
151067,51,7,44,2
151068,48,3,45,2
151069,55,6,49,2
151070,51,9,42,2
151071,49,8,41,2
151072,59,6,53,2
151073,42,6,36,2
151074,61,6,55,2
151075,50,7,43,2
151076,48,4,44,2
151077,66,4,62,2
151078,54,6,48,2
151079,49,6,43,2
151080,50,4,46,2
151081,67,9,58,2
151082,57,8,49,2
151083,72,8,64,2
151084,54,7,47,2
151085,56,8,48,2
151086,47,12,35,2
151087,61,7,54,2
151088,43,7,36,2
151089,54,7,47,2
151090,52,5,47,2
151091,51,6,45,2
151092,61,2,59,2
151093,47,10,37,2
151094,56,4,52,2
151095,44,5,39,2
151096,44,7,37,2
151097,40,3,37,2
151098,50,8,42,2
151099,58,3,55,2
151100,57,3,54,2
151101,63,8,55,2
151102,52,6,46,2
151103,59,10,49,2
151104,59,3,56,2
151105,58,11,47,2
151106,62,7,55,2
151107,52,5,47,2
151108,56,14,42,2
151109,49,3,46,2
151110,40,4,36,2
151111,47,3,44,2
151112,62,8,54,2
151113,65,4,61,2
151114,49,2,47,2
151115,51,6,45,2
151116,59,6,53,2
151117,49,4,45,2
151118,58,11,47,2
151119,38,1,37,2
151120,54,7,47,2
151121,59,9,50,2
151122,46,7,39,2
151123,51,9,42,2
151124,58,5,53,2
151125,51,7,44,2
151126,53,11,42,2
151127,60,9,51,2
151128,59,7,52,2
151129,55,6,49,2
151130,63,4,59,2
151131,60,4,56,2
151132,56,5,51,2
151133,47,4,43,2
151134,50,6,44,2
151135,47,8,39,2
151136,57,7,50,2
151137,48,5,43,2
151138,53,2,51,2
151139,50,11,39,2
151140,46,8,38,2
151141,56,9,47,2
151142,41,1,40,2
151143,43,7,36,2
151144,52,4,48,2
151145,58,7,51,2
151146,59,9,50,2
151147,53,6,47,2
151148,51,8,43,2
151149,70,4,66,2
151150,58,4,54,2
151152,52,4,48,2
151153,40,4,36,2
151154,55,7,48,2
151155,54,2,52,2
151156,54,8,46,2
151157,62,10,52,2
151158,62,9,53,2
151159,52,5,47,2
151160,56,6,50,2
151161,62,5,57,2
151162,51,9,42,2
151163,56,8,48,2
151164,56,4,52,2
151165,52,8,44,2
151166,44,4,40,2
151167,48,6,42,2
151168,52,5,47,2
151169,60,11,49,2
151170,53,6,47,2
151171,67,13,54,2
151172,60,6,54,2
151173,66,9,57,2
151174,75,6,69,2
151175,53,8,45,2
151176,48,6,42,2
151177,48,3,45,2
151178,57,9,48,2
151179,53,7,46,2
151180,59,8,51,2
151181,68,7,61,2
151182,69,4,65,2
151183,56,4,52,2
151184,51,3,48,2
151185,48,3,45,2
151186,54,8,46,2
151187,62,7,55,2
151188,55,3,52,2
151189,48,5,43,2
151190,56,5,51,2
151191,63,10,53,2
151192,57,4,53,2
151193,56,11,45,2
151194,43,5,38,2
151195,47,5,42,2
151196,42,8,34,2
151197,53,7,46,2
151198,61,9,52,2
151199,66,4,62,2
151200,52,11,41,2
151201,55,6,49,2
151202,57,4,53,2
151203,46,8,38,2
151204,50,7,43,2
151205,45,2,43,2
151206,57,8,49,2
151207,45,5,40,2
151208,61,10,51,2
151209,60,10,50,2
151210,60,5,55,2
151211,47,6,41,2
151212,50,5,45,2
151213,49,6,43,2
151214,52,1,51,2
151215,63,12,51,2
151216,44,7,37,2
151217,61,13,48,2
151218,61,42,19,2
151219,51,1,50,2
151220,41,6,35,2
151221,48,5,43,2
151222,38,2,36,2
151223,61,4,57,2
151224,58,9,49,2
151225,59,13,46,2
151226,46,4,42,2
151227,42,6,36,2
151228,54,5,49,2
151229,42,5,37,2
151230,58,6,52,2
151231,51,8,43,2
151232,56,10,46,2
151233,51,4,47,2
151234,51,6,45,2
151235,51,3,48,2
151236,55,5,50,2
151237,50,7,43,2
151238,44,8,36,2
151239,43,8,35,2
151240,51,7,44,2
151241,72,10,62,2
151242,50,8,42,2
151243,47,3,44,2
151244,51,5,46,2
151245,55,7,48,2
151246,62,7,55,2
151247,60,7,53,2
151248,63,5,58,2
151249,55,8,47,2
151250,51,5,46,2
151251,56,2,54,2
151252,54,5,49,2
151253,43,3,40,2
151254,49,6,43,2
151255,52,4,48,2
151256,61,8,53,2
151257,53,9,44,2
151258,57,7,50,2
151259,71,11,60,2
151260,47,3,44,2
151261,42,3,39,2
151262,45,6,39,2
151263,64,10,54,2
151264,79,7,72,2
151265,46,5,41,2
151266,49,5,44,2
151267,55,4,51,2
151268,66,9,57,2
151269,47,8,39,2
151270,51,6,45,2
151271,60,6,54,2
151272,47,5,42,2
151273,55,5,50,2
151274,68,7,61,2
151275,52,3,49,2
151276,52,5,47,2
151277,58,5,53,2
151278,59,11,48,2
151279,51,8,43,2
151280,53,4,49,2
151281,61,10,51,2
151282,55,9,46,2
151283,39,7,32,2
151284,46,11,35,2
151285,50,7,43,2
151286,62,3,59,2
151287,59,8,51,2
151288,57,9,48,2
151289,48,7,41,2
151290,46,6,40,2
151291,43,5,38,2
151292,47,9,38,2
151293,62,6,56,2
151294,44,7,37,2
151295,55,4,51,2
151296,55,5,50,2
151297,46,6,40,2
151298,65,5,60,2
151299,46,7,39,2
151300,52,5,47,2
151301,52,6,46,2
151302,45,5,40,2
151303,59,7,52,2
151304,54,7,47,2
151305,51,9,42,2
151306,63,9,54,2
151307,65,8,57,2
151308,55,6,49,2
151309,62,7,55,2
151310,55,9,46,2
151311,51,3,48,2
151312,72,5,67,2
151313,61,9,52,2
151314,48,8,40,2
151315,65,6,59,2
151316,63,12,51,2
151317,53,5,48,2
151318,50,8,42,2
151319,56,8,48,2
151320,57,8,49,2
151321,51,9,42,2
151322,52,3,49,2
151323,48,8,40,2
151324,62,6,56,2
151325,38,4,34,2
151326,55,6,49,2
151327,67,10,57,2
151328,52,9,43,2
151329,52,9,43,2
151330,60,8,52,2
151331,61,5,56,2
151332,71,7,64,2
151333,57,4,53,2
151334,60,9,51,2
151335,52,8,44,2
151337,55,6,49,2
151338,46,8,38,2
151339,47,10,37,2
151340,61,6,55,2
151341,55,8,47,2
151342,60,9,51,2
151343,62,8,54,2
151344,46,6,40,2
151345,57,5,52,2
151346,54,3,51,2
151347,54,10,44,2
151348,47,9,38,2
151349,54,8,46,2
151350,58,5,53,2
151351,53,6,47,2
151352,52,8,44,2
151353,58,5,53,2
151354,53,4,49,2
151355,51,3,48,2
151356,46,5,41,2
151357,49,7,42,2
151358,50,6,44,2
151359,56,9,47,2
151360,50,5,45,2
151361,52,10,42,2
151362,51,5,46,2
151363,55,6,49,2
151364,50,5,45,2
151365,63,11,52,2
151366,64,5,59,2
151367,45,3,42,2
151368,42,4,38,2
151369,47,3,44,2
151370,51,8,43,2
151371,59,4,55,2
151372,56,9,47,2
151373,55,8,47,2
151374,57,10,47,2
151375,49,8,41,2
151376,69,8,61,2
151377,59,10,49,2
151378,40,6,34,2
151379,62,11,51,2
151380,53,5,48,2
151381,78,9,69,2
151382,60,7,53,2
151383,58,5,53,2
151384,62,6,56,2
151385,59,8,51,2
151386,48,8,40,2
151387,54,6,48,2
151388,57,6,51,2
151389,56,3,53,2
151390,62,7,55,2
151391,57,5,52,2
151392,52,4,48,2
151393,54,6,48,2
151394,46,11,35,2
151395,68,9,59,2
151396,54,13,41,2
151397,56,12,44,2
151398,43,7,36,2
151399,52,4,48,2
151400,49,6,43,2
151401,66,7,59,2
151402,52,10,42,2
151403,49,8,41,2
151404,40,8,32,2
151405,53,5,48,2
151406,52,4,48,2
151407,56,12,44,2
151408,61,7,54,2
151409,51,2,49,2
151410,65,9,56,2
151411,59,9,50,2
151412,49,4,45,2
151413,42,7,35,2
151414,74,17,57,2
151415,47,8,39,2
151416,53,6,47,2
151417,67,7,60,2
151418,58,12,46,2
151419,70,6,64,2
151420,57,6,51,2
151421,55,5,50,2
151422,44,5,39,2
151423,51,4,47,2
151424,72,4,68,2
151425,58,9,49,2
151426,56,4,52,2
151427,46,3,43,2
151428,55,3,52,2
151429,44,5,39,2
151430,59,10,49,2
151431,56,5,51,2
151432,49,9,40,2
151433,60,3,57,2
151434,72,7,65,2
151435,47,7,40,2
151436,62,7,55,2
151437,70,7,63,2
151438,50,6,44,2
151439,54,4,50,2
151440,54,2,52,2
151441,41,3,38,2
151442,61,8,53,2
151443,59,14,45,2
151444,53,7,46,2
151445,52,4,48,2
151446,43,7,36,2
151447,56,6,50,2
151448,63,10,53,2
151449,60,6,54,2
151450,57,8,49,2
151451,66,6,60,2
151452,48,4,44,2
151453,50,8,42,2
151454,60,6,54,2
151455,47,9,38,2
151456,62,11,51,2
151457,55,9,46,2
151458,57,3,54,2
151459,43,6,37,2
151460,45,13,32,2
151461,58,6,52,2
151462,43,7,36,2
151463,50,3,47,2
151464,56,6,50,2
151465,61,7,54,2
151466,60,10,50,2
151467,49,4,45,2
151468,63,8,55,2
151469,63,8,55,2
151470,48,5,43,2
151471,41,6,35,2
151472,58,4,54,2
151473,44,7,37,2
151474,58,4,54,2
151475,44,2,42,2
151476,67,9,58,2
151477,51,8,43,2
151478,53,4,49,2
151479,43,6,37,2
151480,48,3,45,2
151481,67,11,56,2
151482,71,8,63,2
151483,48,3,45,2
151484,46,7,39,2
151485,51,6,45,2
151486,52,8,44,2
151487,55,5,50,2
151488,48,1,47,2
151489,54,3,51,2
151490,59,11,48,2
151491,46,6,40,2
151492,43,3,40,2
151493,59,13,46,2
151494,54,9,45,2
151495,57,3,54,2
151496,62,8,54,2
151497,58,8,50,2
151498,58,8,50,2
151499,59,4,55,2
151500,63,9,54,2
151501,54,9,45,2
151502,56,9,47,2
151503,56,15,41,2
151504,52,8,44,2
151505,55,5,50,2
151506,63,9,54,2
151507,50,5,45,2
151508,43,1,42,2
151509,45,6,39,2
151510,48,5,43,2
151511,57,7,50,2
151512,57,6,51,2
151513,64,11,53,2
151514,56,4,52,2
151515,54,7,47,2
151516,53,11,42,2
151517,44,2,42,2
151518,61,8,53,2
151519,49,4,45,2
151520,55,7,48,2
151521,47,1,46,2
151522,58,11,47,2
151523,56,10,46,2
151524,63,16,47,2
151525,61,4,57,2
151526,66,12,54,2
151527,52,4,48,2
151528,62,14,48,2
151529,61,8,53,2
151530,55,11,44,2
151531,45,5,40,2
151532,61,4,57,2
151533,47,7,40,2
151534,69,7,62,2
151535,52,8,44,2
151536,46,11,35,2
151537,61,6,55,2
151538,53,11,42,2
151539,62,11,51,2
151540,48,5,43,2
151541,59,8,51,2
151542,47,9,38,2
151543,56,7,49,2
151544,47,8,39,2
151545,53,7,46,2
151546,53,7,46,2
151547,55,10,45,2
151548,53,11,42,2
151549,62,8,54,2
151550,49,4,45,2
151551,65,9,56,2
151552,65,7,58,2
151553,45,5,40,2
151554,56,4,52,2
151555,52,3,49,2
151556,64,8,56,2
151557,57,6,51,2
151558,49,2,47,2
151559,60,8,52,2
151560,57,6,51,2
151561,59,3,56,2
151562,47,8,39,2
151563,50,7,43,2
151564,53,4,49,2
151566,48,4,44,2
151567,40,3,37,2
151568,43,6,37,2
151569,59,7,52,2
151570,57,3,54,2
151571,64,4,60,2
151572,48,6,42,2
151573,48,5,43,2
151574,56,10,46,2
151575,58,5,53,2
151576,51,8,43,2
151577,54,4,50,2
151578,45,5,40,2
151579,55,10,45,2
151580,41,6,35,2
151581,55,5,50,2
151582,35,3,32,2
151583,53,8,45,2
151584,48,1,47,2
151585,63,11,52,2
151586,49,2,47,2
151587,40,3,37,2
151588,58,9,49,2
151589,62,6,56,2
151590,60,7,53,2
151591,65,10,55,2
151592,50,2,48,2
151593,76,12,64,2
151594,48,5,43,2
151595,45,5,40,2
151596,58,3,55,2
151597,50,7,43,2
151598,69,5,64,2
151599,36,6,30,2
151600,62,15,47,2
151601,47,5,42,2
151602,37,5,32,2
151603,47,6,41,2
151604,53,7,46,2
151605,47,7,40,2
151606,53,7,46,2
151607,58,3,55,2
151608,65,10,55,2
151609,53,8,45,2
151610,57,7,50,2
151611,64,11,53,2
151612,54,6,48,2
151613,46,5,41,2
151614,39,1,38,2
151615,56,7,49,2
151616,65,9,56,2
151617,45,4,41,2
151618,67,5,62,2
151619,57,7,50,2
151620,49,5,44,2
151621,55,5,50,2
151622,56,4,52,2
151623,48,5,43,2
151624,60,5,55,2
151625,47,6,41,2
151626,53,5,48,2
151627,58,5,53,2
151628,59,7,52,2
151629,60,8,52,2
151630,59,8,51,2
151631,46,7,39,2
151632,38,2,36,2
151633,52,6,46,2
151634,62,4,58,2
151635,51,6,45,2
151636,70,8,62,2
151637,58,9,49,2
151638,61,7,54,2
151639,50,10,40,2
151640,70,10,60,2
151641,48,10,38,2
151642,47,5,42,2
151643,50,11,39,2
151644,48,4,44,2
151645,51,8,43,2
151646,63,8,55,2
151647,62,8,54,2
151648,42,6,36,2
151649,42,4,38,2
151650,60,13,47,2
151651,48,4,44,2
151652,43,5,38,2
151653,58,10,48,2
151654,51,5,46,2
151655,40,4,36,2
151656,54,7,47,2
151657,53,4,49,2
151658,53,5,48,2
151659,56,6,50,2
151660,51,1,50,2
151661,60,8,52,2
151662,63,5,58,2
151663,69,5,64,2
151664,53,7,46,2
151665,49,7,42,2
151666,50,13,37,2
151667,45,5,40,2
151668,46,6,40,2
151669,49,3,46,2
151670,32,4,28,2
151671,45,10,35,2
151672,55,5,50,2
151673,60,13,47,2
151674,42,2,40,2
151675,34,5,29,2
151676,54,11,43,2
151677,62,6,56,2
151678,47,7,40,2
151679,60,4,56,2
151680,61,7,54,2
151681,53,6,47,2
151682,49,6,43,2
151683,39,4,35,2
151684,53,7,46,2
151685,46,7,39,2
151686,63,3,60,2
151687,56,8,48,2
151688,53,8,45,2
151689,39,2,37,2
151690,54,5,49,2
151691,53,8,45,2
151692,58,7,51,2
151693,61,4,57,2
151694,54,7,47,2
151695,57,10,47,2
151696,54,7,47,2
151697,51,4,47,2
151698,59,8,51,2
151699,53,5,48,2
151700,45,6,39,2
151701,50,5,45,2
151702,43,4,39,2
151703,61,6,55,2
151704,63,6,57,2
151705,54,5,49,2
151706,63,7,56,2
151707,58,10,48,2
151708,49,2,47,2
151709,58,10,48,2
151710,56,2,54,2
151711,62,11,51,2
151712,50,6,44,2
151713,57,9,48,2
151714,50,3,47,2
151715,45,5,40,2
151716,59,7,52,2
151717,48,5,43,2
151718,51,6,45,2
151719,51,3,48,2
151720,58,3,55,2
151721,57,4,53,2
151722,57,6,51,2
151723,57,7,50,2
151724,46,3,43,2
151725,66,11,55,2
151726,45,5,40,2
151727,46,8,38,2
151728,54,7,47,2
151729,62,10,52,2
151730,53,7,46,2
151731,54,7,47,2
151732,47,2,45,2
151733,64,10,54,2
151734,48,7,41,2
151735,49,6,43,2
151736,60,9,51,2
151737,62,5,57,2
151738,46,6,40,2
151739,68,9,59,2
151740,55,9,46,2
151741,66,10,56,2
151742,61,6,55,2
151743,50,6,44,2
151744,46,3,43,2
151745,51,5,46,2
151746,59,7,52,2
151747,42,2,40,2
151748,54,6,48,2
151749,50,2,48,2
151750,46,6,40,2
151751,56,6,50,2
151752,47,6,41,2
151753,41,7,34,2
151754,60,13,47,2
151755,53,5,48,2
151756,58,9,49,2
151757,49,7,42,2
151758,61,6,55,2
151759,56,8,48,2
151760,52,10,42,2
151761,73,10,63,2
151762,50,5,45,2
151763,46,11,35,2
151764,60,9,51,2
151765,45,9,36,2
151766,59,5,54,2
151767,75,9,66,2
151768,67,11,56,2
151769,52,6,46,2
151770,63,8,55,2
151771,52,5,47,2
151772,63,6,57,2
151773,53,4,49,2
151774,50,7,43,2
151775,65,8,57,2
151776,53,8,45,2
151777,49,8,41,2
151778,62,10,52,2
151779,58,8,50,2
151780,64,7,57,2
151781,56,8,48,2
151782,55,4,51,2
151783,54,10,44,2
151784,65,5,60,2
151785,48,3,45,2
151786,67,8,59,2
151787,59,8,51,2
151788,46,7,39,2
151789,54,8,46,2
151790,58,9,49,2
151791,47,3,44,2
151792,53,7,46,2
151793,66,8,58,2
151794,49,3,46,2
151795,53,8,45,2
151796,53,5,48,2
151797,53,8,45,2
151798,50,6,44,2
151799,44,7,37,2
151800,49,7,42,2
151801,62,7,55,2
151802,64,9,55,2
151803,51,5,46,2
151804,52,6,46,2
151805,73,8,65,2
151806,56,4,52,2
151807,45,5,40,2
151808,52,2,50,2
151809,44,6,38,2
151810,63,4,59,2
151811,62,12,50,2
151812,59,8,51,2
151813,58,5,53,2
151814,52,8,44,2
151815,54,4,50,2
151816,43,10,33,2
151817,57,11,46,2
151818,61,1,60,2
151819,47,4,43,2
151820,41,7,34,2
151821,65,11,54,2
151822,45,8,37,2
151823,52,8,44,2
151824,59,10,49,2
151825,57,4,53,2
151826,57,8,49,2
151827,50,4,46,2
151828,60,7,53,2
151829,51,4,47,2
151830,50,5,45,2
151831,51,9,42,2
151832,48,5,43,2
151833,50,5,45,2
151834,48,8,40,2
151835,55,6,49,2
151836,50,3,47,2
151837,57,6,51,2
151838,57,7,50,2
151839,56,7,49,2
151840,69,3,66,2
151841,65,6,59,2
151842,49,9,40,2
151843,62,3,59,2
151844,44,7,37,2
151845,44,7,37,2
151846,53,4,49,2
151847,49,7,42,2
151848,48,5,43,2
151849,44,7,37,2
151850,58,9,49,2
151851,53,8,45,2
151852,59,11,48,2
151853,53,7,46,2
151854,50,7,43,2
151855,48,4,44,2
151856,66,10,56,2
151857,57,6,51,2
151858,52,7,45,2
151859,59,7,52,2
151860,45,7,38,2
151861,53,8,45,2
151862,50,6,44,2
151863,58,4,54,2
151864,48,6,42,2
151865,45,5,40,2
151866,49,4,45,2
151867,57,5,52,2
151868,58,5,53,2
151869,36,4,32,2
151870,56,6,50,2
151871,52,6,46,2
151872,58,4,54,2
151873,49,5,44,2
151874,42,2,40,2
151875,67,8,59,2
151876,65,9,56,2
151877,44,5,39,2
151878,55,10,45,2
151879,51,3,48,2
151880,62,9,53,2
151881,63,7,56,2
151882,40,7,33,2
151883,58,6,52,2
151884,60,9,51,2
151885,59,6,53,2
151886,50,5,45,2
151887,45,4,41,2
151888,55,8,47,2
151889,50,6,44,2
151890,59,7,52,2
151891,47,3,44,2
151892,43,3,40,2
151893,46,3,43,2
151894,54,6,48,2
151895,64,9,55,2
151896,53,5,48,2
151897,54,2,52,2
151898,50,8,42,2
151899,74,7,67,2
151900,48,7,41,2
151901,66,12,54,2
151902,43,5,38,2
151903,41,3,38,2
151904,57,5,52,2
151905,46,8,38,2
151906,41,9,32,2
151907,60,6,54,2
151908,48,6,42,2
151909,47,5,42,2
151910,59,8,51,2
151911,45,4,41,2
151912,60,4,56,2
151913,62,9,53,2
151914,42,3,39,2
151915,52,9,43,2
151916,55,5,50,2
151917,45,8,37,2
151918,46,10,36,2
151919,53,6,47,2
151920,50,5,45,2
151921,57,8,49,2
151922,54,5,49,2
151923,58,3,55,2
151924,47,2,45,2
151925,69,16,53,2
151926,51,11,40,2
151927,43,11,32,2
151928,44,3,41,2
151929,68,10,58,2
151930,43,6,37,2
151931,49,4,45,2
151932,47,4,43,2
151933,41,1,40,2
151934,49,4,45,2
151935,47,1,46,2
151936,61,9,52,2
151937,56,5,51,2
151938,60,9,51,2
151939,54,10,44,2
151940,50,3,47,2
151941,69,5,64,2
151942,51,4,47,2
151943,59,7,52,2
151944,49,10,39,2
151945,46,8,38,2
151946,49,9,40,2
151947,61,8,53,2
151948,48,7,41,2
151949,60,7,53,2
151950,42,4,38,2
151951,64,7,57,2
151952,50,4,46,2
151953,54,12,42,2
151954,52,5,47,2
151955,66,5,61,2
151956,49,6,43,2
151957,45,6,39,2
151958,54,9,45,2
151959,44,11,33,2
151960,57,16,41,2
151961,58,6,52,2
151962,47,5,42,2
151963,58,4,54,2
151964,53,4,49,2
151965,54,4,50,2
151966,61,10,51,2
151967,58,3,55,2
151968,66,14,52,2
151969,57,8,49,2
151970,50,7,43,2
151971,55,4,51,2
151972,63,12,51,2
151973,50,6,44,2
151974,72,7,65,2
151975,50,4,46,2
151976,62,8,54,2
151977,56,4,52,2
151978,56,3,53,2
151979,62,6,56,2
151980,65,6,59,2
151981,69,5,64,2
151982,42,5,37,2
151983,42,5,37,2
151984,53,0,53,1
151985,57,7,50,2
151986,55,9,46,2
151987,50,8,42,2
151988,46,6,40,2
151989,55,5,50,2
151990,39,3,36,2
151991,62,9,53,2
151992,64,7,57,2
151993,58,5,53,2
151994,48,8,40,2
151995,60,10,50,2
151996,62,9,53,2
151997,59,10,49,2
151998,76,34,42,2
151999,54,9,45,2
152000,48,8,40,2
152001,67,6,61,2
152002,47,7,40,2
152003,48,6,42,2
152004,53,8,45,2
152005,62,4,58,2
152006,57,8,49,2
152007,64,4,60,2
152008,59,3,56,2
152009,50,5,45,2
152010,43,3,40,2
152011,58,8,50,2
152012,45,5,40,2
152013,60,6,54,2
152014,80,12,68,2
152015,57,6,51,2
152016,47,0,47,1
152017,56,9,47,2
152018,55,5,50,2
152019,40,7,33,2
152020,64,7,57,2
152021,63,3,60,2
152022,58,5,53,2
152023,62,7,55,2
152024,76,7,69,2
152025,51,12,39,2
152026,55,10,45,2
152027,47,2,45,2
152028,51,8,43,2
152029,52,6,46,2
152030,54,8,46,2
152031,61,8,53,2
152032,56,6,50,2
152033,49,8,41,2
152034,59,7,52,2
152035,66,9,57,2
152036,48,9,39,2
152037,64,11,53,2
152038,47,4,43,2
152039,53,4,49,2
152040,58,8,50,2
152041,59,4,55,2
152042,61,6,55,2
152043,56,4,52,2
152044,58,10,48,2
152045,47,5,42,2
152046,47,9,38,2
152047,52,5,47,2
152048,58,10,48,2
152049,49,7,42,2
152050,50,5,45,2
152051,51,3,48,2
152052,53,9,44,2
152053,49,5,44,2
152054,60,6,54,2
152055,56,9,47,2
152056,57,6,51,2
152057,51,0,51,1
152058,58,11,47,2
152059,53,6,47,2
152060,61,3,58,2
152061,58,4,54,2
152062,56,1,55,2
152063,53,7,46,2
152064,55,13,42,2
152065,43,5,38,2
152066,51,6,45,2
152067,54,6,48,2
152068,48,5,43,2
152069,46,5,41,2
152070,57,10,47,2
152071,59,5,54,2
152072,53,6,47,2
152073,51,6,45,2
152074,56,3,53,2
152075,55,4,51,2
152076,61,5,56,2
152077,52,5,47,2
152078,59,5,54,2
152079,46,5,41,2
152080,54,4,50,2
152081,53,4,49,2
152082,60,7,53,2
152083,40,8,32,2
152084,66,10,56,2
152085,47,8,39,2
152086,46,3,43,2
152087,54,9,45,2
152088,50,6,44,2
152089,56,4,52,2
152090,69,12,57,2
152091,49,3,46,2
152092,55,5,50,2
152093,56,8,48,2
152094,44,6,38,2
152095,58,9,49,2
152096,51,3,48,2
152097,66,8,58,2
152099,53,4,49,2
152100,57,10,47,2
152101,58,8,50,2
152102,56,4,52,2
152103,55,4,51,2
152104,46,5,41,2
152105,56,6,50,2
152106,68,8,60,2
152107,45,10,35,2
152108,56,6,50,2
152109,59,7,52,2
152110,59,5,54,2
152111,51,2,49,2
152112,53,8,45,2
152113,52,6,46,2
152114,58,5,53,2
152115,37,2,35,2
152116,48,4,44,2
152117,64,12,52,2
152118,46,7,39,2
152119,52,7,45,2
152120,55,3,52,2
152121,57,4,53,2
152122,49,8,41,2
152123,43,11,32,2
152124,48,9,39,2
152125,51,5,46,2
152126,58,6,52,2
152127,56,3,53,2
152128,65,8,57,2
152129,53,9,44,2
152130,47,5,42,2
152131,48,7,41,2
152132,55,6,49,2
152133,61,7,54,2
152134,61,5,56,2
152135,57,3,54,2
152136,51,3,48,2
152137,54,5,49,2
152138,59,1,58,2
152139,63,7,56,2
152140,55,8,47,2
152141,46,3,43,2
152142,57,5,52,2
152143,50,7,43,2
152144,39,6,33,2
152145,47,5,42,2
152146,46,8,38,2
152147,52,6,46,2
152148,56,8,48,2
152149,54,6,48,2
152150,53,3,50,2
152151,61,9,52,2
152152,54,6,48,2
152153,65,7,58,2
152154,53,3,50,2
152155,54,6,48,2
152156,60,7,53,2
152157,50,7,43,2
152158,52,7,45,2
152159,58,3,55,2
152160,66,7,59,2
152161,57,6,51,2
152162,61,3,58,2
152163,66,4,62,2
152164,69,7,62,2
152165,59,9,50,2
152166,44,7,37,2
152167,46,8,38,2
152168,55,7,48,2
152169,57,6,51,2
152170,57,7,50,2
152171,60,6,54,2
152172,54,10,44,2
152173,67,10,57,2
152174,52,12,40,2
152175,41,6,35,2
152176,38,6,32,2
152177,50,5,45,2
152178,47,2,45,2
152179,46,3,43,2
152180,53,6,47,2
152181,51,5,46,2
152182,55,4,51,2
152183,47,5,42,2
152184,45,3,42,2
152185,64,5,59,2
152186,58,9,49,2
152187,72,11,61,2
152188,48,4,44,2
152189,55,7,48,2
152190,57,9,48,2
152191,44,8,36,2
152192,67,11,56,2
152193,58,3,55,2
152194,53,7,46,2
152195,57,3,54,2
152196,53,8,45,2
152197,53,8,45,2
152198,41,8,33,2
152199,64,9,55,2
152200,53,10,43,2
152201,66,7,59,2
152202,68,7,61,2
152203,49,7,42,2
152204,57,7,50,2
152205,56,11,45,2
152206,60,10,50,2
152207,44,6,38,2
152208,59,3,56,2
152209,55,5,50,2
152210,52,9,43,2
152211,53,7,46,2
152212,52,5,47,2
152213,51,3,48,2
152214,61,9,52,2
152215,33,8,25,2
152216,48,5,43,2
152217,51,9,42,2
152218,40,7,33,2
152219,51,4,47,2
152220,52,5,47,2
152221,35,5,30,2
152222,65,5,60,2
152223,49,4,45,2
152224,51,5,46,2
152225,57,3,54,2
152226,63,7,56,2
152227,47,1,46,2
152228,57,1,56,2
152229,59,4,55,2
152230,50,6,44,2
152231,48,5,43,2
152232,56,6,50,2
152233,45,4,41,2
152234,55,4,51,2
152235,53,4,49,2
152236,46,8,38,2
152237,55,7,48,2
152238,48,10,38,2
152239,55,4,51,2
152240,51,5,46,2
152241,56,5,51,2
152242,53,4,49,2
152243,50,5,45,2
152244,44,8,36,2
152245,45,9,36,2
152246,53,8,45,2
152247,50,5,45,2
152248,45,5,40,2
152249,51,10,41,2
152250,61,9,52,2
152251,64,9,55,2
152252,54,8,46,2
152253,66,9,57,2
152254,46,3,43,2
152255,53,7,46,2
152256,67,4,63,2
152257,52,4,48,2
152258,58,4,54,2
152259,62,9,53,2
152260,51,4,47,2
152261,55,3,52,2
152262,57,5,52,2
152263,65,8,57,2
152264,42,4,38,2
152265,52,11,41,2
152266,59,4,55,2
152267,58,1,57,2
152268,61,7,54,2
152269,50,2,48,2
152270,44,3,41,2
152271,55,9,46,2
152272,52,7,45,2
152273,51,4,47,2
152274,59,14,45,2
152275,70,9,61,2
152276,55,6,49,2
152277,50,7,43,2
152278,52,2,50,2
152279,56,4,52,2
152280,45,6,39,2
152281,61,2,59,2
152282,41,4,37,2
152283,57,7,50,2
152284,48,10,38,2
152285,61,5,56,2
152286,66,4,62,2
152287,2,1,1,2
152288,61,10,51,2
152289,69,10,59,2
152290,60,5,55,2
152291,56,10,46,2
152292,50,5,45,2
152293,69,11,58,2
152294,55,9,46,2
152295,62,8,54,2
152296,71,9,62,2
152297,57,6,51,2
152298,55,9,46,2
152299,60,7,53,2
152300,43,7,36,2
152301,48,3,45,2
152302,45,6,39,2
152303,56,10,46,2
152304,55,5,50,2
152305,63,11,52,2
152306,50,7,43,2
152307,56,8,48,2
152308,38,3,35,2
152309,55,10,45,2
152310,52,2,50,2
152311,51,2,49,2
152312,59,9,50,2
152313,55,8,47,2
152314,52,6,46,2
152315,52,4,48,2
152316,42,4,38,2
152317,45,6,39,2
152318,50,4,46,2
152319,64,8,56,2
152320,57,6,51,2
152321,51,5,46,2
152322,54,2,52,2
152323,52,6,46,2
152324,66,7,59,2
152325,60,9,51,2
152326,50,8,42,2
152327,54,6,48,2
152328,57,9,48,2
152329,53,6,47,2
152330,42,5,37,2
152331,50,6,44,2
152332,59,8,51,2
152333,60,10,50,2
152334,53,5,48,2
152335,60,6,54,2
152336,54,1,53,2
152337,62,6,56,2
152338,51,11,40,2
152339,21,21,0,1
152340,65,8,57,2
152341,41,4,37,2
152342,54,11,43,2
152343,40,4,36,2
152344,58,8,50,2
152345,51,2,49,2
152346,49,5,44,2
152347,64,12,52,2
152348,46,2,44,2
152349,49,4,45,2
152350,54,4,50,2
152351,69,9,60,2
152352,75,6,69,2
152353,45,6,39,2
152354,70,10,60,2
152355,50,5,45,2
152356,52,4,48,2
152357,67,9,58,2
152358,47,3,44,2
152359,44,3,41,2
152360,60,8,52,2
152361,60,4,56,2
152362,60,4,56,2
152363,56,9,47,2
152364,51,6,45,2
152365,58,5,53,2
152366,67,4,63,2
152367,61,5,56,2
152368,57,6,51,2
152369,51,9,42,2
152370,51,7,44,2
152371,51,7,44,2
152372,57,7,50,2
152373,52,8,44,2
152374,64,8,56,2
152375,54,2,52,2
152376,55,3,52,2
152377,44,3,41,2
152378,55,4,51,2
152379,58,8,50,2
152380,50,8,42,2
152381,48,9,39,2
152382,66,10,56,2
152383,87,87,0,1
152384,49,9,40,2
152385,52,13,39,2
152386,60,8,52,2
152387,53,3,50,2
152388,67,4,63,2
152389,53,2,51,2
152390,46,7,39,2
152391,47,3,44,2
152392,56,4,52,2
152393,55,3,52,2
152394,60,10,50,2
152395,59,5,54,2
152396,45,4,41,2
152397,53,5,48,2
152398,45,5,40,2
152399,60,8,52,2
152400,44,4,40,2
152401,63,4,59,2
152402,64,7,57,2
152403,42,5,37,2
152404,50,7,43,2
152405,55,7,48,2
152406,47,2,45,2
152407,62,10,52,2
152408,32,7,25,2
152409,39,2,37,2
152410,52,7,45,2
152411,50,5,45,2
152412,47,3,44,2
152413,57,10,47,2
152414,63,5,58,2
152415,58,10,48,2
152416,50,7,43,2
152417,46,5,41,2
152418,63,8,55,2
152419,62,10,52,2
152420,59,5,54,2
152421,49,10,39,2
152422,54,6,48,2
152423,61,11,50,2
152424,49,2,47,2
152425,43,2,41,2
152426,46,5,41,2
152427,68,10,58,2
152428,49,4,45,2
152429,65,9,56,2
152430,67,6,61,2
152431,55,6,49,2
152432,59,2,57,2
152433,48,7,41,2
152434,77,9,68,2
152435,58,3,55,2
152436,50,5,45,2
152437,60,8,52,2
152438,60,7,53,2
152439,58,4,54,2
152440,49,6,43,2
152441,58,5,53,2
152442,45,4,41,2
152443,67,9,58,2
152444,51,7,44,2
152445,52,4,48,2
152446,67,8,59,2
152447,64,7,57,2
152448,67,8,59,2
152449,63,9,54,2
152450,55,3,52,2
152451,53,10,43,2
152452,46,8,38,2
152453,53,7,46,2
152454,62,7,55,2
152455,54,3,51,2
152456,52,7,45,2
152457,46,3,43,2
152458,65,5,60,2
152459,55,5,50,2
152460,53,9,44,2
152461,59,8,51,2
152462,45,7,38,2
152463,66,7,59,2
152464,55,5,50,2
152465,57,7,50,2
152466,41,8,33,2
152467,60,3,57,2
152468,58,5,53,2
152469,66,7,59,2
152470,60,12,48,2
152471,39,2,37,2
152472,59,5,54,2
152473,47,5,42,2
152474,59,4,55,2
152475,52,9,43,2
152476,58,7,51,2
152477,69,8,61,2
152478,48,5,43,2
152479,54,5,49,2
152480,62,5,57,2
152481,49,6,43,2
152482,61,9,52,2
152483,66,6,60,2
152484,55,10,45,2
152485,57,5,52,2
152486,54,6,48,2
152487,52,7,45,2
152488,71,5,66,2
152489,52,7,45,2
152490,51,4,47,2
152491,47,6,41,2
152492,58,7,51,2
152493,48,3,45,2
152494,53,6,47,2
152495,58,6,52,2
152496,62,4,58,2
152497,56,6,50,2
152498,49,5,44,2
152499,48,2,46,2
152500,54,9,45,2
152501,50,8,42,2
152502,50,4,46,2
152503,50,5,45,2
152504,62,3,59,2
152505,59,5,54,2
152506,59,5,54,2
152507,48,7,41,2
152508,66,7,59,2
152509,57,8,49,2
152510,53,6,47,2
152511,62,2,60,2
152512,66,9,57,2
152513,56,4,52,2
152514,58,8,50,2
152515,44,4,40,2
152516,60,6,54,2
152517,53,1,52,2
152518,56,7,49,2
152519,61,7,54,2
152520,48,6,42,2
152521,49,5,44,2
152522,61,9,52,2
152523,46,7,39,2
152524,59,7,52,2
152525,54,6,48,2
152526,59,5,54,2
152527,45,3,42,2
152528,43,9,34,2
152529,59,10,49,2
152530,55,10,45,2
152531,58,8,50,2
152532,55,11,44,2
152533,41,3,38,2
152534,50,5,45,2
152535,51,5,46,2
152536,58,5,53,2
152537,56,7,49,2
152538,53,9,44,2
152539,50,3,47,2
152540,47,8,39,2
152541,43,2,41,2
152542,63,9,54,2
152543,55,5,50,2
152544,53,3,50,2
152545,57,5,52,2
152546,50,3,47,2
152547,60,10,50,2
152548,54,8,46,2
152549,51,2,49,2
152550,47,7,40,2
152551,45,4,41,2
152552,49,4,45,2
152553,50,9,41,2
152554,62,7,55,2
152555,59,6,53,2
152556,54,6,48,2
152557,49,8,41,2
152558,58,5,53,2
152559,45,6,39,2
152560,52,11,41,2
152561,48,7,41,2
152562,47,10,37,2
152563,54,3,51,2
152564,46,9,37,2
152565,52,5,47,2
152566,61,7,54,2
152567,46,5,41,2
152568,56,9,47,2
152569,52,3,49,2
152570,36,4,32,2
152571,44,4,40,2
152572,52,3,49,2
152573,46,3,43,2
152574,37,4,33,2
152575,66,8,58,2
152576,69,10,59,2
152577,51,5,46,2
152578,40,3,37,2
152579,57,4,53,2
152580,64,12,52,2
152581,46,7,39,2
152582,53,3,50,2
152583,49,9,40,2
152584,50,5,45,2
152585,46,3,43,2
152586,38,2,36,2
152587,51,1,50,2
152588,38,5,33,2
152589,55,9,46,2
152590,46,7,39,2
152591,69,9,60,2
152592,32,4,28,2
152593,47,6,41,2
152594,53,3,50,2
152595,54,7,47,2
152596,62,4,58,2
152597,60,10,50,2
152598,49,4,45,2
152599,61,7,54,2
152600,55,6,49,2
152601,54,8,46,2
152602,45,3,42,2
152603,60,7,53,2
152604,62,7,55,2
152605,41,5,36,2
152606,67,7,60,2
152607,64,6,58,2
152608,51,8,43,2
152609,50,7,43,2
152610,56,6,50,2
152611,57,4,53,2
152612,52,8,44,2
152613,56,4,52,2
152614,50,6,44,2
152615,60,4,56,2
152616,54,7,47,2
152617,53,3,50,2
152618,58,5,53,2
152619,58,8,50,2
152620,57,2,55,2
152621,75,9,66,2
152622,67,13,54,2
152623,56,7,49,2
152624,51,6,45,2
152625,54,5,49,2
152626,65,6,59,2
152627,45,7,38,2
152628,38,5,33,2
152629,66,5,61,2
152630,46,5,41,2
152631,43,2,41,2
152632,57,8,49,2
152633,62,7,55,2
152634,50,5,45,2
152635,52,4,48,2
152636,52,7,45,2
152637,55,5,50,2
152639,51,5,46,2
152640,66,11,55,2
152641,61,5,56,2
152642,47,5,42,2
152643,70,5,65,2
152644,55,3,52,2
152645,42,3,39,2
152646,59,4,55,2
152647,59,3,56,2
152648,64,13,51,2
152649,41,5,36,2
152650,66,8,58,2
152651,49,11,38,2
152652,52,8,44,2
152653,64,7,57,2
152654,42,3,39,2
152655,43,4,39,2
152656,52,3,49,2
152657,52,2,50,2
152658,58,4,54,2
152659,60,6,54,2
152660,70,9,61,2
152661,54,8,46,2
152662,51,1,50,2
152663,47,6,41,2
152664,57,7,50,2
152665,57,4,53,2
152666,49,5,44,2
152667,67,5,62,2
152668,43,4,39,2
152669,55,7,48,2
152670,58,6,52,2
152671,47,5,42,2
152672,52,12,40,2
152673,61,5,56,2
152674,44,2,42,2
152675,73,10,63,2
152676,58,6,52,2
152677,56,7,49,2
152678,59,8,51,2
152679,62,11,51,2
152680,60,10,50,2
152681,55,5,50,2
152682,59,5,54,2
152683,47,6,41,2
152684,46,7,39,2
152685,60,4,56,2
152686,67,7,60,2
152687,56,3,53,2
152688,49,4,45,2
152689,46,8,38,2
152690,62,14,48,2
152691,58,6,52,2
152692,54,9,45,2
152693,63,9,54,2
152694,58,13,45,2
152695,64,4,60,2
152696,59,4,55,2
152697,36,4,32,2
152698,61,11,50,2
152699,54,3,51,2
152700,51,7,44,2
152701,47,4,43,2
152702,51,5,46,2
152703,55,4,51,2
152704,62,6,56,2
152705,51,5,46,2
152706,50,7,43,2
152707,54,7,47,2
152708,54,1,53,2
152709,52,8,44,2
152710,68,6,62,2
152711,52,2,50,2
152712,49,5,44,2
152713,47,2,45,2
152714,45,5,40,2
152715,48,10,38,2
152716,57,9,48,2
152717,56,8,48,2
152718,52,7,45,2
152719,53,4,49,2
152720,58,5,53,2
152721,56,8,48,2
152722,41,5,36,2
152723,56,7,49,2
152724,49,4,45,2
152725,54,8,46,2
152726,55,8,47,2
152727,49,10,39,2
152728,73,8,65,2
152729,64,8,56,2
152730,59,6,53,2
152731,45,4,41,2
152732,71,7,64,2
152733,43,6,37,2
152734,48,4,44,2
152735,44,5,39,2
152736,60,7,53,2
152737,57,5,52,2
152738,63,11,52,2
152739,49,8,41,2
152740,51,5,46,2
152741,61,4,57,2
152742,48,5,43,2
152743,53,8,45,2
152744,45,1,44,2
152745,61,11,50,2
152746,52,7,45,2
152747,46,9,37,2
152748,64,5,59,2
152749,37,4,33,2
152750,56,4,52,2
152751,56,5,51,2
152752,40,4,36,2
152753,51,4,47,2
152754,64,7,57,2
152755,58,6,52,2
152756,49,7,42,2
152757,59,7,52,2
152758,60,3,57,2
152759,40,6,34,2
152760,57,9,48,2
152761,47,12,35,2
152762,52,3,49,2
152763,64,7,57,2
152764,52,9,43,2
152765,69,6,63,2
152766,53,6,47,2
152767,51,3,48,2
152768,40,3,37,2
152769,51,7,44,2
152770,47,3,44,2
152771,62,11,51,2
152772,47,3,44,2
152773,43,4,39,2
152774,52,6,46,2
152775,52,4,48,2
152776,54,5,49,2
152777,51,5,46,2
152778,51,14,37,2
152779,68,7,61,2
152780,54,5,49,2
152781,58,7,51,2
152782,53,9,44,2
152783,54,5,49,2
152784,57,8,49,2
152785,49,4,45,2
152786,49,7,42,2
152787,58,9,49,2
152788,49,4,45,2
152789,68,9,59,2
152790,54,4,50,2
152791,55,8,47,2
152792,65,5,60,2
152794,38,2,36,2
152795,52,5,47,2
152796,53,3,50,2
152797,50,6,44,2
152798,57,2,55,2
152799,43,7,36,2
152800,60,8,52,2
152801,57,9,48,2
152802,62,7,55,2
152803,49,4,45,2
152804,67,8,59,2
152805,56,8,48,2
152806,50,7,43,2
152807,58,7,51,2
152808,56,5,51,2
152809,52,7,45,2
152810,49,5,44,2
152811,44,4,40,2
152812,53,8,45,2
152813,69,10,59,2
152814,48,7,41,2
152815,63,4,59,2
152816,51,7,44,2
152817,68,8,60,2
152818,58,6,52,2
152819,46,7,39,2
152820,64,8,56,2
152821,43,6,37,2
152822,55,6,49,2
152823,53,5,48,2
152824,55,6,49,2
152825,61,6,55,2
152826,61,6,55,2
152827,60,9,51,2
152828,62,7,55,2
152829,50,6,44,2
152830,48,9,39,2
152831,50,8,42,2
152832,61,4,57,2
152833,60,11,49,2
152834,44,7,37,2
152835,43,6,37,2
152836,54,5,49,2
152837,52,2,50,2
152838,50,5,45,2
152839,46,3,43,2
152840,56,7,49,2
152841,45,10,35,2
152842,64,4,60,2
152843,61,3,58,2
152844,56,6,50,2
152845,51,3,48,2
152846,43,4,39,2
152847,61,7,54,2
152848,46,5,41,2
152849,47,4,43,2
152850,60,5,55,2
152851,54,4,50,2
152852,44,11,33,2
152853,53,6,47,2
152854,58,7,51,2
152855,67,6,61,2
152856,56,7,49,2
152857,75,9,66,2
152858,57,4,53,2
152859,65,10,55,2
152860,47,9,38,2
152861,52,8,44,2
152862,56,5,51,2
152863,58,6,52,2
152864,50,7,43,2
152865,36,4,32,2
152866,52,5,47,2
152867,48,5,43,2
152868,63,10,53,2
152869,58,9,49,2
152870,57,6,51,2
152871,55,5,50,2
152872,66,5,61,2
152873,50,4,46,2
152874,52,4,48,2
152875,62,10,52,2
152876,51,9,42,2
152878,50,4,46,2
152879,63,9,54,2
152880,56,9,47,2
152881,52,4,48,2
152882,61,7,54,2
152883,42,4,38,2
152884,65,14,51,2
152885,56,5,51,2
152886,49,8,41,2
152887,41,5,36,2
152888,54,7,47,2
152889,65,10,55,2
152890,59,6,53,2
152891,55,7,48,2
152892,60,9,51,2
152893,48,7,41,2
152894,47,5,42,2
152895,53,6,47,2
152896,61,8,53,2
152897,38,5,33,2
152898,50,8,42,2
152899,60,9,51,2
152900,58,6,52,2
152901,60,5,55,2
152902,49,3,46,2
152903,63,4,59,2
152904,48,4,44,2
152905,58,4,54,2
152906,64,11,53,2
152907,57,8,49,2
152908,51,6,45,2
152909,54,9,45,2
152910,53,5,48,2
152911,71,7,64,2
152912,61,3,58,2
152913,47,11,36,2
152914,54,4,50,2
152915,47,8,39,2
152916,57,6,51,2
152917,61,3,58,2
152918,61,7,54,2
152919,56,9,47,2
152920,58,8,50,2
152921,53,5,48,2
152922,58,7,51,2
152923,40,7,33,2
152924,54,7,47,2
152925,43,5,38,2
152926,41,3,38,2
152927,55,4,51,2
152928,53,10,43,2
152929,55,7,48,2
152930,57,8,49,2
152931,48,4,44,2
152932,49,7,42,2
152933,61,6,55,2
152934,67,5,62,2
152935,60,9,51,2
152936,45,3,42,2
152937,53,3,50,2
152938,42,7,35,2
152939,56,9,47,2
152940,50,6,44,2
152941,62,5,57,2
152942,54,5,49,2
152943,48,10,38,2
152944,54,4,50,2
152945,55,11,44,2
152946,50,10,40,2
152947,55,5,50,2
152948,65,5,60,2
152949,69,3,66,2
152950,59,11,48,2
152951,57,7,50,2
152952,58,9,49,2
152953,49,3,46,2
152954,64,9,55,2
152955,55,6,49,2
152956,65,9,56,2
152957,43,7,36,2
152958,65,5,60,2
152959,55,11,44,2
152960,48,2,46,2
152961,55,4,51,2
152962,49,6,43,2
152963,56,3,53,2
152964,43,5,38,2
152965,68,4,64,2
152966,55,5,50,2
152967,75,4,71,2
152968,59,8,51,2
152969,41,3,38,2
152970,50,10,40,2
152971,48,5,43,2
152972,50,4,46,2
152973,50,7,43,2
152974,61,8,53,2
152975,42,4,38,2
152976,45,4,41,2
152977,52,4,48,2
152978,54,6,48,2
152979,66,8,58,2
152980,63,9,54,2
152981,59,7,52,2
152982,57,6,51,2
152983,44,6,38,2
152984,58,7,51,2
152985,48,6,42,2
152986,63,9,54,2
152987,60,8,52,2
152988,57,5,52,2
152989,50,8,42,2
152990,54,5,49,2
152991,48,6,42,2
152992,57,5,52,2
152993,51,3,48,2
152994,50,8,42,2
152995,52,11,41,2
152996,64,6,58,2
152997,54,5,49,2
152998,55,8,47,2
152999,52,6,46,2
153000,46,9,37,2
153001,56,6,50,2
153002,44,1,43,2
153003,59,9,50,2
153004,53,4,49,2
153005,46,7,39,2
153006,54,5,49,2
153007,60,4,56,2
153008,56,3,53,2
153009,45,5,40,2
153010,54,10,44,2
153011,73,6,67,2
153012,51,6,45,2
153013,44,8,36,2
153014,53,6,47,2
153015,59,4,55,2
153016,49,2,47,2
153017,49,7,42,2
153018,61,5,56,2
153019,65,6,59,2
153020,54,7,47,2
153021,56,5,51,2
153022,61,7,54,2
153023,48,5,43,2
153024,59,3,56,2
153025,49,5,44,2
153026,48,6,42,2
153027,61,4,57,2
153028,57,2,55,2
153029,55,7,48,2
153030,55,5,50,2
153031,60,4,56,2
153032,51,6,45,2
153033,52,4,48,2
153034,70,7,63,2
153035,59,10,49,2
153036,62,6,56,2
153037,42,5,37,2
153038,59,7,52,2
153039,52,9,43,2
153040,52,5,47,2
153041,47,4,43,2
153042,53,6,47,2
153043,42,2,40,2
153044,43,9,34,2
153045,71,4,67,2
153046,47,6,41,2
153047,57,6,51,2
153048,47,11,36,2
153049,48,6,42,2
153050,59,4,55,2
153051,44,4,40,2
153052,54,6,48,2
153053,57,6,51,2
153054,65,9,56,2
153055,71,5,66,2
153056,53,6,47,2
153057,49,3,46,2
153058,52,6,46,2
153059,62,15,47,2
153060,57,5,52,2
153061,35,6,29,2
153062,53,10,43,2
153063,46,10,36,2
153064,58,6,52,2
153065,52,5,47,2
153066,57,6,51,2
153067,54,3,51,2
153068,46,5,41,2
153069,50,9,41,2
153070,52,7,45,2
153071,56,7,49,2
153072,50,3,47,2
153073,48,7,41,2
153074,59,7,52,2
153075,71,6,65,2
153076,43,4,39,2
153078,61,4,57,2
153079,45,6,39,2
153080,45,5,40,2
153081,53,4,49,2
153082,44,6,38,2
153083,55,10,45,2
153084,63,10,53,2
153085,46,3,43,2
153086,54,5,49,2
153087,47,5,42,2
153088,53,7,46,2
153089,63,4,59,2
153090,69,9,60,2
153091,55,6,49,2
153092,59,4,55,2
153093,53,8,45,2
153094,62,4,58,2
153095,55,6,49,2
153096,56,7,49,2
153097,58,9,49,2
153098,70,11,59,2
153099,45,5,40,2
153100,55,9,46,2
153101,52,8,44,2
153102,52,5,47,2
153103,52,3,49,2
153104,59,8,51,2
153105,69,9,60,2
153106,51,7,44,2
153107,56,10,46,2
153108,60,7,53,2
153109,42,4,38,2
153110,53,9,44,2
153111,40,3,37,2
153112,57,3,54,2
153113,54,4,50,2
153114,59,6,53,2
153115,53,6,47,2
153116,52,2,50,2
153117,55,10,45,2
153118,51,4,47,2
153119,59,10,49,2
153120,68,8,60,2
153121,65,10,55,2
153122,44,9,35,2
153123,58,4,54,2
153124,48,4,44,2
153125,70,13,57,2
153126,59,10,49,2
153127,48,3,45,2
153128,61,4,57,2
153129,58,10,48,2
153130,44,5,39,2
153131,54,8,46,2
153132,48,4,44,2
153133,55,6,49,2
153134,58,10,48,2
153135,63,10,53,2
153136,59,7,52,2
153137,60,6,54,2
153138,42,7,35,2
153139,48,5,43,2
153140,61,11,50,2
153141,54,11,43,2
153142,57,7,50,2
153143,47,4,43,2
153144,68,6,62,2
153145,49,6,43,2
153146,53,4,49,2
153147,47,7,40,2
153148,56,5,51,2
153149,45,5,40,2
153150,48,2,46,2
153151,54,6,48,2
153152,56,6,50,2
153153,44,9,35,2
153154,54,6,48,2
153155,50,6,44,2
153156,46,3,43,2
153157,44,3,41,2
153158,54,7,47,2
153159,72,10,62,2
153160,39,5,34,2
153161,59,9,50,2
153162,57,7,50,2
153163,45,4,41,2
153164,53,9,44,2
153165,52,4,48,2
153166,57,6,51,2
153167,67,6,61,2
153168,57,9,48,2
153169,53,13,40,2
153170,42,2,40,2
153171,45,8,37,2
153172,46,4,42,2
153173,56,3,53,2
153174,43,6,37,2
153175,49,3,46,2
153176,52,10,42,2
153177,64,5,59,2
153178,46,6,40,2
153179,64,8,56,2
153180,60,7,53,2
153181,52,6,46,2
153182,45,5,40,2
153183,55,8,47,2
153184,53,10,43,2
153185,52,6,46,2
153186,62,6,56,2
153187,60,7,53,2
153188,44,6,38,2
153189,55,5,50,2
153190,58,8,50,2
153191,64,7,57,2
153192,46,5,41,2
153193,52,7,45,2
153194,55,8,47,2
153195,58,4,54,2
153196,64,7,57,2
153197,58,8,50,2
153198,70,12,58,2
153199,39,3,36,2
153200,43,4,39,2
153201,45,3,42,2
153202,51,8,43,2
153203,42,3,39,2
153204,49,6,43,2
153205,66,6,60,2
153206,43,6,37,2
153207,50,5,45,2
153208,48,8,40,2
153209,53,6,47,2
153210,54,9,45,2
153211,57,5,52,2
153212,44,5,39,2
153213,58,6,52,2
153214,60,6,54,2
153215,53,11,42,2
153216,60,14,46,2
153217,68,14,54,2
153218,50,4,46,2
153219,66,7,59,2
153220,57,5,52,2
153221,48,2,46,2
153222,60,7,53,2
153223,69,7,62,2
153224,55,10,45,2
153225,51,4,47,2
153226,44,3,41,2
153227,54,5,49,2
153228,45,8,37,2
153229,51,7,44,2
153230,64,12,52,2
153231,46,3,43,2
153232,46,7,39,2
153233,49,6,43,2
153234,60,3,57,2
153235,56,8,48,2
153236,53,6,47,2
153237,58,5,53,2
153238,56,8,48,2
153239,57,4,53,2
153240,52,6,46,2
153241,48,3,45,2
153242,48,3,45,2
153243,33,5,28,2
153244,51,8,43,2
153245,48,3,45,2
153246,41,4,37,2
153247,47,6,41,2
153248,49,7,42,2
153249,66,8,58,2
153250,45,4,41,2
153251,49,5,44,2
153252,67,12,55,2
153253,71,16,55,2
153254,57,8,49,2
153255,53,3,50,2
153256,70,7,63,2
153257,71,6,65,2
153258,60,3,57,2
153259,58,8,50,2
153260,54,8,46,2
153261,48,5,43,2
153262,45,11,34,2
153263,52,6,46,2
153264,66,6,60,2
153265,47,5,42,2
153266,50,6,44,2
153267,59,7,52,2
153268,56,5,51,2
153269,59,4,55,2
153270,66,7,59,2
153271,62,5,57,2
153272,52,2,50,2
153273,58,7,51,2
153274,56,10,46,2
153275,61,5,56,2
153276,43,7,36,2
153277,60,9,51,2
153278,43,3,40,2
153279,63,5,58,2
153280,58,7,51,2
153281,44,6,38,2
153282,58,11,47,2
153283,60,6,54,2
153284,58,7,51,2
153285,66,5,61,2
153286,54,5,49,2
153287,47,3,44,2
153288,63,7,56,2
153289,50,6,44,2
153290,47,7,40,2
153291,66,6,60,2
153292,48,2,46,2
153293,35,1,34,2
153294,50,7,43,2
153295,50,2,48,2
153296,38,4,34,2
153297,62,12,50,2
153298,52,8,44,2
153299,61,6,55,2
153300,58,7,51,2
153301,55,13,42,2
153302,48,4,44,2
153303,51,6,45,2
153304,47,11,36,2
153305,51,7,44,2
153306,56,9,47,2
153307,57,9,48,2
153308,48,5,43,2
153309,56,3,53,2
153310,56,6,50,2
153311,50,7,43,2
153312,59,9,50,2
153313,45,3,42,2
153314,39,9,30,2
153315,56,9,47,2
153316,64,6,58,2
153317,52,4,48,2
153318,51,8,43,2
153319,57,9,48,2
153320,61,3,58,2
153321,54,6,48,2
153322,43,5,38,2
153323,52,8,44,2
153324,49,6,43,2
153325,43,6,37,2
153326,51,7,44,2
153327,62,7,55,2
153328,57,9,48,2
153329,51,6,45,2
153330,56,9,47,2
153331,61,7,54,2
153332,38,7,31,2
153333,42,3,39,2
153334,56,7,49,2
153335,63,6,57,2
153336,60,7,53,2
153337,55,5,50,2
153338,61,13,48,2
153339,48,4,44,2
153340,52,4,48,2
153341,57,9,48,2
153342,60,10,50,2
153343,56,5,51,2
153344,51,5,46,2
153345,50,2,48,2
153346,61,1,60,2
153347,57,8,49,2
153348,42,4,38,2
153349,49,3,46,2
153351,48,3,45,2
153352,60,5,55,2
153353,55,5,50,2
153354,53,7,46,2
153355,57,7,50,2
153356,58,6,52,2
153357,66,8,58,2
153358,50,5,45,2
153359,57,12,45,2
153360,63,3,60,2
153361,49,6,43,2
153362,51,6,45,2
153363,67,9,58,2
153364,59,6,53,2
153365,52,5,47,2
153366,53,8,45,2
153367,59,4,55,2
153368,49,7,42,2
153369,50,7,43,2
153370,61,5,56,2
153371,47,6,41,2
153372,80,9,71,2
153373,64,9,55,2
153374,50,4,46,2
153375,40,5,35,2
153376,53,3,50,2
153377,45,6,39,2
153378,65,8,57,2
153379,56,8,48,2
153380,50,6,44,2
153381,66,9,57,2
153382,61,7,54,2
153383,50,9,41,2
153384,48,3,45,2
153385,65,7,58,2
153386,56,3,53,2
153387,48,5,43,2
153388,52,6,46,2
153389,60,12,48,2
153390,60,5,55,2
153391,56,10,46,2
153392,44,7,37,2
153393,58,8,50,2
153394,54,6,48,2
153395,65,9,56,2
153396,71,6,65,2
153397,62,6,56,2
153398,63,6,57,2
153399,65,6,59,2
153400,51,4,47,2
153401,53,8,45,2
153402,51,4,47,2
153403,62,11,51,2
153404,61,5,56,2
153405,45,4,41,2
153406,55,8,47,2
153407,56,6,50,2
153408,47,3,44,2
153409,46,9,37,2
153410,58,5,53,2
153411,54,5,49,2
153412,38,7,31,2
153413,49,4,45,2
153414,45,5,40,2
153415,42,9,33,2
153416,51,8,43,2
153417,56,9,47,2
153418,53,5,48,2
153419,67,11,56,2
153420,60,6,54,2
153421,50,2,48,2
153422,57,5,52,2
153423,46,3,43,2
153424,52,6,46,2
153425,65,9,56,2
153426,58,9,49,2
153427,53,10,43,2
153428,51,5,46,2
153429,54,4,50,2
153430,55,8,47,2
153431,45,7,38,2
153432,59,7,52,2
153433,56,5,51,2
153434,76,11,65,2
153435,59,12,47,2
153436,58,6,52,2
153437,63,4,59,2
153438,47,8,39,2
153439,50,9,41,2
153440,64,9,55,2
153441,68,6,62,2
153442,58,10,48,2
153443,57,6,51,2
153444,42,2,40,2
153445,49,4,45,2
153446,46,6,40,2
153447,60,4,56,2
153448,55,6,49,2
153449,61,11,50,2
153450,45,3,42,2
153451,56,6,50,2
153452,48,7,41,2
153453,48,3,45,2
153454,59,11,48,2
153455,59,9,50,2
153456,54,7,47,2
153457,40,3,37,2
153458,54,6,48,2
153459,65,10,55,2
153460,54,4,50,2
153461,52,7,45,2
153462,62,7,55,2
153463,62,6,56,2
153464,44,7,37,2
153465,51,6,45,2
153466,55,7,48,2
153467,54,8,46,2
153468,50,4,46,2
153469,57,8,49,2
153470,56,10,46,2
153471,59,6,53,2
153472,51,5,46,2
153473,49,13,36,2
153474,50,8,42,2
153475,57,4,53,2
153476,63,5,58,2
153477,50,7,43,2
153478,57,9,48,2
153479,54,7,47,2
153480,55,9,46,2
153481,58,6,52,2
153482,64,6,58,2
153483,47,9,38,2
153484,60,8,52,2
153485,54,8,46,2
153486,40,2,38,2
153487,60,3,57,2
153488,60,8,52,2
153489,42,1,41,2
153490,55,6,49,2
153491,50,5,45,2
153492,52,6,46,2
153493,50,4,46,2
153494,53,7,46,2
153495,56,3,53,2
153496,50,8,42,2
153497,57,11,46,2
153498,43,3,40,2
153499,56,6,50,2
153500,43,6,37,2
153501,42,1,41,2
153502,64,7,57,2
153503,52,5,47,2
153504,54,5,49,2
153505,58,7,51,2
153506,60,11,49,2
153507,59,6,53,2
153508,56,6,50,2
153509,60,6,54,2
153510,59,4,55,2
153511,60,9,51,2
153512,49,4,45,2
153513,54,6,48,2
153514,63,11,52,2
153515,67,8,59,2
153516,67,9,58,2
153517,42,2,40,2
153518,61,9,52,2
153519,51,8,43,2
153520,50,5,45,2
153521,59,6,53,2
153522,60,6,54,2
153523,63,5,58,2
153524,54,8,46,2
153525,39,3,36,2
153526,48,2,46,2
153527,59,12,47,2
153528,68,9,59,2
153529,54,6,48,2
153530,55,7,48,2
153531,53,9,44,2
153532,65,4,61,2
153533,47,6,41,2
153534,58,9,49,2
153535,59,9,50,2
153536,39,3,36,2
153537,56,10,46,2
153538,49,3,46,2
153539,45,2,43,2
153540,51,7,44,2
153541,53,3,50,2
153542,49,4,45,2
153543,63,6,57,2
153544,56,11,45,2
153545,55,4,51,2
153546,51,6,45,2
153547,50,7,43,2
153548,53,4,49,2
153549,48,5,43,2
153550,50,5,45,2
153551,61,4,57,2
153552,46,5,41,2
153553,56,6,50,2
153554,44,8,36,2
153555,55,5,50,2
153556,45,6,39,2
153557,51,5,46,2
153558,50,3,47,2
153559,57,4,53,2
153560,58,2,56,2
153561,54,5,49,2
153562,60,8,52,2
153563,43,3,40,2
153564,63,7,56,2
153565,47,10,37,2
153566,47,2,45,2
153567,52,7,45,2
153568,47,6,41,2
153569,59,8,51,2
153570,47,4,43,2
153571,58,3,55,2
153572,55,7,48,2
153573,40,6,34,2
153574,69,3,66,2
153575,52,4,48,2
153576,48,5,43,2
153577,51,6,45,2
153578,51,7,44,2
153579,50,2,48,2
153580,45,4,41,2
153581,53,7,46,2
153582,53,5,48,2
153583,48,7,41,2
153584,53,7,46,2
153585,52,8,44,2
153586,45,5,40,2
153587,51,10,41,2
153588,62,12,50,2
153589,56,8,48,2
153590,56,8,48,2
153591,64,8,56,2
153592,55,7,48,2
153593,48,1,47,2
153594,50,6,44,2
153595,51,9,42,2
153596,56,4,52,2
153597,48,8,40,2
153598,53,5,48,2
153599,57,6,51,2
153600,61,5,56,2
153601,51,8,43,2
153602,62,5,57,2
153603,58,5,53,2
153604,48,4,44,2
153605,49,5,44,2
153606,71,9,62,2
153607,55,6,49,2
153608,59,8,51,2
153609,56,5,51,2
153610,44,4,40,2
153611,56,7,49,2
153612,54,5,49,2
153613,50,5,45,2
153614,55,8,47,2
153615,45,7,38,2
153616,46,4,42,2
153617,55,9,46,2
153618,57,4,53,2
153619,53,3,50,2
153620,50,6,44,2
153621,47,3,44,2
153622,43,3,40,2
153623,60,2,58,2
153624,51,8,43,2
153625,65,7,58,2
153626,60,7,53,2
153627,58,3,55,2
153628,46,10,36,2
153629,53,4,49,2
153630,56,6,50,2
153631,62,7,55,2
153632,52,9,43,2
153633,57,9,48,2
153634,48,8,40,2
153635,44,5,39,2
153636,44,5,39,2
153637,40,5,35,2
153638,52,7,45,2
153639,67,6,61,2
153640,59,6,53,2
153641,47,5,42,2
153642,48,4,44,2
153643,52,8,44,2
153644,48,10,38,2
153645,59,4,55,2
153646,69,8,61,2
153647,73,10,63,2
153648,38,1,37,2
153649,50,6,44,2
153650,59,9,50,2
153651,50,6,44,2
153652,52,9,43,2
153653,59,5,54,2
153654,69,13,56,2
153655,56,7,49,2
153656,58,6,52,2
153657,41,3,38,2
153658,59,5,54,2
153659,62,4,58,2
153660,47,4,43,2
153661,45,8,37,2
153662,48,3,45,2
153663,40,9,31,2
153664,51,3,48,2
153665,55,5,50,2
153666,67,8,59,2
153667,50,6,44,2
153668,60,9,51,2
153669,42,5,37,2
153670,62,9,53,2
153671,51,7,44,2
153672,53,7,46,2
153673,55,7,48,2
153674,55,4,51,2
153675,44,6,38,2
153676,57,10,47,2
153677,47,5,42,2
153678,57,11,46,2
153679,59,10,49,2
153680,65,8,57,2
153681,54,9,45,2
153682,64,9,55,2
153683,59,7,52,2
153684,59,7,52,2
153685,50,3,47,2
153686,68,2,66,2
153687,46,2,44,2
153688,45,3,42,2
153689,47,6,41,2
153690,41,2,39,2
153691,53,6,47,2
153692,56,4,52,2
153693,60,10,50,2
153694,55,6,49,2
153695,51,3,48,2
153696,48,4,44,2
153697,60,3,57,2
153698,55,8,47,2
153699,70,9,61,2
153700,60,6,54,2
153701,56,6,50,2
153702,57,6,51,2
153703,47,6,41,2
153704,49,6,43,2
153705,50,9,41,2
153706,48,4,44,2
153707,42,6,36,2
153708,60,8,52,2
153709,62,6,56,2
153710,36,3,33,2
153711,47,6,41,2
153712,54,6,48,2
153713,53,9,44,2
153714,59,6,53,2
153715,66,7,59,2
153716,63,6,57,2
153717,54,7,47,2
153718,60,12,48,2
153719,50,4,46,2
153720,51,7,44,2
153721,56,8,48,2
153722,49,3,46,2
153723,44,7,37,2
153724,64,10,54,2
153725,44,7,37,2
153726,55,6,49,2
153727,57,9,48,2
153728,56,7,49,2
153729,63,7,56,2
153730,39,3,36,2
153731,68,10,58,2
153732,46,8,38,2
153733,51,10,41,2
153734,59,7,52,2
153735,57,8,49,2
153736,54,4,50,2
153737,40,5,35,2
153738,64,6,58,2
153739,59,10,49,2
153740,56,9,47,2
153741,58,9,49,2
153742,60,2,58,2
153743,57,6,51,2
153744,48,4,44,2
153745,57,4,53,2
153746,60,6,54,2
153747,50,4,46,2
153748,67,7,60,2
153749,49,4,45,2
153750,58,5,53,2
153751,64,10,54,2
153752,59,7,52,2
153753,56,6,50,2
153754,56,6,50,2
153755,54,8,46,2
153756,49,6,43,2
153757,52,8,44,2
153758,63,4,59,2
153759,49,4,45,2
153760,45,8,37,2
153761,51,7,44,2
153762,41,7,34,2
153763,68,9,59,2
153764,64,8,56,2
153765,55,5,50,2
153766,68,10,58,2
153767,60,9,51,2
153768,56,3,53,2
153769,62,9,53,2
153770,47,4,43,2
153771,66,7,59,2
153772,57,3,54,2
153773,53,5,48,2
153774,67,10,57,2
153775,53,5,48,2
153776,47,4,43,2
153777,65,4,61,2
153778,68,12,56,2
153779,45,3,42,2
153780,57,8,49,2
153781,47,5,42,2
153782,51,7,44,2
153783,48,3,45,2
153784,68,11,57,2
153785,54,5,49,2
153786,53,6,47,2
153787,51,5,46,2
153788,49,4,45,2
153789,51,6,45,2
153790,53,5,48,2
153791,58,7,51,2
153792,50,7,43,2
153793,54,10,44,2
153794,55,7,48,2
153795,41,5,36,2
153796,67,7,60,2
153797,53,7,46,2
153798,52,5,47,2
153799,49,4,45,2
153800,57,4,53,2
153801,52,4,48,2
153802,63,8,55,2
153803,40,4,36,2
153804,41,3,38,2
153805,62,10,52,2
153806,57,7,50,2
153807,64,7,57,2
153808,55,5,50,2
153809,59,9,50,2
153810,58,2,56,2
153811,52,4,48,2
153812,51,6,45,2
153813,62,5,57,2
153814,54,6,48,2
153815,53,6,47,2
153816,42,4,38,2
153817,49,10,39,2
153818,74,9,65,2
153819,54,8,46,2
153820,42,6,36,2
153821,53,8,45,2
153822,47,5,42,2
153823,55,5,50,2
153824,52,9,43,2
153825,57,6,51,2
153826,54,5,49,2
153827,55,6,49,2
153828,53,4,49,2
153829,46,4,42,2
153830,57,5,52,2
153831,60,5,55,2
153832,62,9,53,2
153833,56,6,50,2
153834,48,5,43,2
153835,52,7,45,2
153836,49,4,45,2
153837,52,7,45,2
153838,54,9,45,2
153839,55,10,45,2
153840,54,5,49,2
153841,64,7,57,2
153842,65,9,56,2
153843,51,6,45,2
153844,43,2,41,2
153845,48,11,37,2
153846,52,9,43,2
153847,62,5,57,2
153848,52,4,48,2
153849,59,6,53,2
153850,54,7,47,2
153851,54,8,46,2
153852,57,9,48,2
153853,60,5,55,2
153854,50,8,42,2
153855,55,7,48,2
153856,44,3,41,2
153857,55,6,49,2
153858,54,6,48,2
153859,47,7,40,2
153860,48,5,43,2
153861,44,6,38,2
153862,47,3,44,2
153863,52,7,45,2
153864,52,7,45,2
153865,43,4,39,2
153866,67,6,61,2
153867,69,6,63,2
153868,53,3,50,2
153869,54,3,51,2
153870,54,4,50,2
153871,57,5,52,2
153872,53,10,43,2
153873,61,9,52,2
153874,47,6,41,2
153875,62,7,55,2
153876,66,4,62,2
153877,60,7,53,2
153878,65,11,54,2
153879,64,9,55,2
153880,57,6,51,2
153881,43,6,37,2
153882,56,11,45,2
153883,50,10,40,2
153884,55,6,49,2
153885,63,6,57,2
153886,47,7,40,2
153887,49,12,37,2
153888,51,11,40,2
153889,59,7,52,2
153890,56,4,52,2
153891,46,8,38,2
153892,59,10,49,2
153893,50,4,46,2
153894,50,8,42,2
153895,47,8,39,2
153896,53,6,47,2
153897,67,7,60,2
153898,62,7,55,2
153899,58,7,51,2
153900,52,8,44,2
153901,74,8,66,2
153902,62,9,53,2
153903,45,3,42,2
153904,51,7,44,2
153905,56,6,50,2
153906,42,5,37,2
153907,58,13,45,2
153908,51,2,49,2
153909,52,4,48,2
153910,47,7,40,2
153911,47,3,44,2
153912,65,10,55,2
153913,50,11,39,2
153914,58,10,48,2
153915,55,8,47,2
153916,47,7,40,2
153917,60,2,58,2
153918,66,6,60,2
153919,49,9,40,2
153920,53,6,47,2
153921,56,9,47,2
153922,47,8,39,2
153923,48,7,41,2
153924,63,8,55,2
153925,57,8,49,2
153926,60,9,51,2
153927,56,6,50,2
153928,61,8,53,2
153929,46,3,43,2
153930,53,6,47,2
153931,51,8,43,2
153932,54,7,47,2
153933,47,5,42,2
153934,60,17,43,2
153935,56,5,51,2
153936,46,3,43,2
153937,63,9,54,2
153938,43,9,34,2
153939,41,5,36,2
153940,43,3,40,2
153941,42,4,38,2
153942,54,6,48,2
153943,53,8,45,2
153944,56,6,50,2
153945,46,3,43,2
153946,63,6,57,2
153947,40,6,34,2
153948,72,10,62,2
153949,47,6,41,2
153950,61,4,57,2
153951,54,5,49,2
153952,48,5,43,2
153953,66,6,60,2
153954,54,6,48,2
153955,48,7,41,2
153956,54,7,47,2
153957,43,4,39,2
153958,55,6,49,2
153959,64,10,54,2
153960,45,5,40,2
153961,48,6,42,2
153962,46,7,39,2
153963,52,8,44,2
153964,48,4,44,2
153965,51,5,46,2
153966,39,5,34,2
153967,58,3,55,2
153968,56,4,52,2
153969,58,11,47,2
153970,61,4,57,2
153971,56,8,48,2
153972,51,3,48,2
153973,53,7,46,2
153974,46,6,40,2
153975,48,5,43,2
153976,61,9,52,2
153977,50,7,43,2
153978,41,5,36,2
153979,61,8,53,2
153980,62,4,58,2
153981,52,5,47,2
153982,69,3,66,2
153983,46,6,40,2
153984,60,7,53,2
153985,61,6,55,2
153986,63,4,59,2
153987,62,7,55,2
153988,54,5,49,2
153989,57,13,44,2
153990,48,11,37,2
153991,55,8,47,2
153992,50,8,42,2
153993,60,8,52,2
153994,46,5,41,2
153995,37,5,32,2
153996,50,6,44,2
153997,55,8,47,2
153998,55,5,50,2
153999,53,7,46,2
154000,47,2,45,2
154001,49,6,43,2
154002,46,3,43,2
154003,54,7,47,2
154004,57,4,53,2
154005,54,12,42,2
154006,53,4,49,2
154007,54,8,46,2
154008,57,2,55,2
154009,58,6,52,2
154010,59,11,48,2
154011,40,8,32,2
154012,51,5,46,2
154013,51,4,47,2
154014,54,5,49,2
154015,63,11,52,2
154016,48,8,40,2
154017,49,5,44,2
154018,63,6,57,2
154019,45,5,40,2
154020,62,8,54,2
154021,44,6,38,2
154022,83,11,72,2
154023,55,6,49,2
154024,49,9,40,2
154025,44,8,36,2
154026,50,3,47,2
154027,76,9,67,2
154028,59,9,50,2
154029,58,6,52,2
154030,63,9,54,2
154031,51,6,45,2
154032,47,7,40,2
154033,53,5,48,2
154034,50,4,46,2
154035,40,5,35,2
154036,53,11,42,2
154037,44,4,40,2
154038,63,7,56,2
154039,56,7,49,2
154040,44,1,43,2
154041,50,7,43,2
154042,46,5,41,2
154043,61,8,53,2
154044,45,7,38,2
154045,55,7,48,2
154046,46,9,37,2
154047,55,7,48,2
154048,49,6,43,2
154049,62,8,54,2
154050,59,9,50,2
154051,56,9,47,2
154052,39,6,33,2
154053,46,5,41,2
154054,40,4,36,2
154055,65,8,57,2
154056,40,3,37,2
154057,44,3,41,2
154058,57,9,48,2
154059,61,11,50,2
154060,67,6,61,2
154061,57,9,48,2
154062,40,6,34,2
154063,68,2,66,2
154064,63,3,60,2
154065,55,6,49,2
154066,59,9,50,2
154067,65,7,58,2
154068,55,9,46,2
154069,57,7,50,2
154070,54,8,46,2
154071,46,6,40,2
154072,53,8,45,2
154073,63,4,59,2
154074,48,6,42,2
154075,52,5,47,2
154076,54,9,45,2
154077,63,8,55,2
154078,44,6,38,2
154079,53,8,45,2
154080,57,8,49,2
154081,63,9,54,2
154082,49,5,44,2
154083,49,4,45,2
154084,55,6,49,2
154085,45,3,42,2
154086,59,9,50,2
154087,51,7,44,2
154088,55,10,45,2
154089,56,5,51,2
154090,62,9,53,2
154091,51,6,45,2
154092,52,6,46,2
154093,52,3,49,2
154094,47,2,45,2
154095,55,7,48,2
154096,50,6,44,2
154097,48,4,44,2
154098,55,5,50,2
154099,52,5,47,2
154100,55,11,44,2
154101,58,8,50,2
154102,48,6,42,2
154103,62,8,54,2
154104,53,8,45,2
154105,56,7,49,2
154106,42,7,35,2
154107,56,4,52,2
154108,52,6,46,2
154109,46,4,42,2
154110,49,4,45,2
154111,56,8,48,2
154112,56,7,49,2
154113,46,6,40,2
154114,50,2,48,2
154115,50,7,43,2
154116,66,7,59,2
154117,70,7,63,2
154118,58,8,50,2
154119,47,7,40,2
154120,64,5,59,2
154121,55,1,54,2
154122,68,5,63,2
154123,37,2,35,2
154124,44,4,40,2
154125,64,4,60,2
154126,47,7,40,2
154127,61,4,57,2
154128,57,4,53,2
154129,66,10,56,2
154130,52,5,47,2
154131,40,6,34,2
154132,47,7,40,2
154133,56,5,51,2
154134,62,4,58,2
154135,53,3,50,2
154136,51,5,46,2
154137,54,7,47,2
154138,45,5,40,2
154139,53,8,45,2
154140,57,8,49,2
154141,68,4,64,2
154142,54,7,47,2
154143,42,4,38,2
154144,70,11,59,2
154145,65,9,56,2
154146,51,8,43,2
154147,51,8,43,2
154148,67,8,59,2
154149,59,6,53,2
154150,54,6,48,2
154151,46,5,41,2
154152,59,8,51,2
154153,41,1,40,2
154154,63,7,56,2
154155,56,5,51,2
154156,48,7,41,2
154157,49,7,42,2
154158,45,6,39,2
154159,53,10,43,2
154160,49,9,40,2
154161,48,5,43,2
154162,50,5,45,2
154163,69,9,60,2
154164,55,5,50,2
154165,50,8,42,2
154166,63,14,49,2
154167,49,2,47,2
154168,77,7,70,2
154170,54,8,46,2
154171,45,7,38,2
154172,59,6,53,2
154173,61,6,55,2
154174,55,8,47,2
154175,57,6,51,2
154176,66,7,59,2
154177,57,7,50,2
154178,60,7,53,2
154179,46,7,39,2
154180,53,8,45,2
154181,51,6,45,2
154182,64,6,58,2
154183,58,7,51,2
154184,43,3,40,2
154185,53,7,46,2
154186,55,8,47,2
154187,55,5,50,2
154188,52,7,45,2
154189,57,9,48,2
154190,54,8,46,2
154191,70,11,59,2
154192,52,8,44,2
154193,46,7,39,2
154194,41,5,36,2
154195,57,9,48,2
154196,57,5,52,2
154197,66,7,59,2
154198,52,4,48,2
154199,60,10,50,2
154200,78,8,70,2
154201,50,5,45,2
154202,56,7,49,2
154203,56,9,47,2
154204,41,3,38,2
154205,45,5,40,2
154206,67,10,57,2
154207,63,8,55,2
154208,38,3,35,2
154209,67,6,61,2
154210,65,8,57,2
154211,55,7,48,2
154212,54,11,43,2
154213,46,6,40,2
154214,47,6,41,2
154215,48,5,43,2
154216,60,9,51,2
154217,43,4,39,2
154218,63,7,56,2
154219,58,12,46,2
154220,60,5,55,2
154221,66,12,54,2
154222,60,9,51,2
154223,41,5,36,2
154224,53,6,47,2
154225,54,6,48,2
154226,57,5,52,2
154227,48,2,46,2
154228,53,6,47,2
154229,46,3,43,2
154230,49,8,41,2
154231,67,9,58,2
154232,54,11,43,2
154233,55,7,48,2
154234,48,7,41,2
154235,55,5,50,2
154236,57,5,52,2
154237,56,9,47,2
154238,65,4,61,2
154239,53,5,48,2
154240,40,5,35,2
154241,57,5,52,2
154242,55,3,52,2
154243,58,7,51,2
154244,59,7,52,2
154245,60,5,55,2
154246,55,8,47,2
154247,44,6,38,2
154248,46,3,43,2
154249,66,8,58,2
154250,51,5,46,2
154251,56,6,50,2
154252,58,6,52,2
154253,63,6,57,2
154254,55,4,51,2
154255,53,6,47,2
154256,71,11,60,2
154257,49,9,40,2
154258,63,7,56,2
154259,46,6,40,2
154260,49,3,46,2
154261,63,6,57,2
154262,62,7,55,2
154263,46,6,40,2
154264,52,7,45,2
154265,59,6,53,2
154266,59,9,50,2
154267,43,7,36,2
154268,57,7,50,2
154269,62,8,54,2
154270,48,5,43,2
154271,44,3,41,2
154272,44,3,41,2
154273,47,5,42,2
154274,55,6,49,2
154275,56,8,48,2
154276,46,4,42,2
154277,39,3,36,2
154278,60,5,55,2
154279,46,6,40,2
154280,49,5,44,2
154281,72,8,64,2
154282,61,9,52,2
154283,42,4,38,2
154284,51,8,43,2
154285,52,4,48,2
154286,56,7,49,2
154287,57,8,49,2
154288,62,6,56,2
154289,51,9,42,2
154290,50,6,44,2
154291,46,7,39,2
154292,54,3,51,2
154293,63,7,56,2
154294,54,10,44,2
154295,62,11,51,2
154296,52,5,47,2
154297,42,4,38,2
154298,50,9,41,2
154299,64,6,58,2
154300,44,7,37,2
154301,53,11,42,2
154302,64,7,57,2
154303,65,5,60,2
154304,53,7,46,2
154305,41,6,35,2
154306,67,9,58,2
154307,58,5,53,2
154308,58,12,46,2
154309,54,4,50,2
154310,49,6,43,2
154311,71,9,62,2
154312,56,8,48,2
154313,57,5,52,2
154314,51,10,41,2
154315,52,9,43,2
154316,53,11,42,2
154317,60,7,53,2
154318,47,3,44,2
154319,42,4,38,2
154320,50,4,46,2
154321,51,6,45,2
154322,57,5,52,2
154323,63,9,54,2
154324,46,4,42,2
154325,47,6,41,2
154326,50,7,43,2
154327,54,5,49,2
154328,55,3,52,2
154329,69,11,58,2
154330,51,5,46,2
154331,58,10,48,2
154332,47,10,37,2
154333,50,5,45,2
154334,48,6,42,2
154335,63,18,45,2
154336,66,5,61,2
154337,57,9,48,2
154338,56,5,51,2
154339,43,5,38,2
154340,50,4,46,2
154341,56,7,49,2
154342,58,8,50,2
154343,48,8,40,2
154344,52,11,41,2
154345,59,9,50,2
154346,56,8,48,2
154347,63,6,57,2
154348,67,6,61,2
154349,56,4,52,2
154350,49,4,45,2
154351,54,8,46,2
154352,44,4,40,2
154353,47,9,38,2
154354,50,9,41,2
154355,54,5,49,2
154356,46,5,41,2
154357,56,10,46,2
154358,47,4,43,2
154359,57,7,50,2
154360,44,6,38,2
154361,73,13,60,2
154362,50,5,45,2
154363,56,10,46,2
154364,71,7,64,2
154365,53,5,48,2
154366,60,5,55,2
154367,51,9,42,2
154368,52,2,50,2
154369,51,3,48,2
154370,60,6,54,2
154371,65,4,61,2
154372,48,8,40,2
154373,55,7,48,2
154374,49,2,47,2
154375,52,8,44,2
154376,46,2,44,2
154377,58,4,54,2
154378,54,3,51,2
154379,60,12,48,2
154380,65,10,55,2
154381,72,8,64,2
154382,61,4,57,2
154383,55,6,49,2
154384,60,9,51,2
154385,52,6,46,2
154386,51,5,46,2
154387,52,6,46,2
154388,62,12,50,2
154389,60,5,55,2
154390,59,9,50,2
154391,45,2,43,2
154392,69,6,63,2
154393,45,5,40,2
154394,42,6,36,2
154395,63,7,56,2
154396,57,8,49,2
154397,59,13,46,2
154398,45,5,40,2
154399,46,7,39,2
154400,59,8,51,2
154401,61,3,58,2
154402,55,10,45,2
154403,60,4,56,2
154404,59,6,53,2
154405,48,6,42,2
154406,56,6,50,2
154407,48,5,43,2
154408,49,5,44,2
154409,66,9,57,2
154410,50,6,44,2
154411,41,4,37,2
154412,55,6,49,2
154413,38,6,32,2
154414,59,7,52,2
154415,43,4,39,2
154416,55,8,47,2
154417,62,4,58,2
154418,59,10,49,2
154419,52,9,43,2
154420,60,13,47,2
154421,60,8,52,2
154422,46,8,38,2
154423,64,9,55,2
154424,60,6,54,2
154425,43,8,35,2
154426,70,7,63,2
154427,41,7,34,2
154428,39,4,35,2
154429,50,8,42,2
154430,60,5,55,2
154431,69,6,63,2
154432,48,5,43,2
154433,50,7,43,2
154434,64,9,55,2
154435,52,6,46,2
154436,49,2,47,2
154437,48,5,43,2
154438,52,10,42,2
154439,60,9,51,2
154440,47,4,43,2
154441,57,6,51,2
154442,60,3,57,2
154443,55,7,48,2
154444,48,10,38,2
154445,70,14,56,2
154446,59,6,53,2
154447,47,8,39,2
154448,59,5,54,2
154449,62,7,55,2
154450,65,10,55,2
154451,57,7,50,2
154452,54,8,46,2
154453,54,3,51,2
154454,54,5,49,2
154455,51,10,41,2
154456,50,8,42,2
154457,45,6,39,2
154458,45,3,42,2
154459,55,4,51,2
154460,57,12,45,2
154461,51,6,45,2
154462,66,6,60,2
154463,46,6,40,2
154464,53,3,50,2
154465,60,8,52,2
154466,56,7,49,2
154467,53,6,47,2
154468,58,10,48,2
154469,66,7,59,2
154470,54,8,46,2
154471,65,12,53,2
154472,57,8,49,2
154473,62,11,51,2
154474,59,6,53,2
154475,52,11,41,2
154476,48,6,42,2
154477,62,9,53,2
154478,48,8,40,2
154479,57,5,52,2
154480,49,5,44,2
154481,49,7,42,2
154482,56,7,49,2
154483,83,4,79,2
154484,51,8,43,2
154485,45,2,43,2
154486,51,1,50,2
154487,53,6,47,2
154488,55,3,52,2
154489,62,7,55,2
154490,53,7,46,2
154491,52,8,44,2
154492,50,8,42,2
154493,60,7,53,2
154494,53,5,48,2
154495,41,4,37,2
154496,64,6,58,2
154497,67,6,61,2
154498,47,7,40,2
154499,44,2,42,2
154500,46,4,42,2
154501,59,8,51,2
154502,58,9,49,2
154503,67,12,55,2
154504,42,5,37,2
154505,52,4,48,2
154506,50,4,46,2
154507,54,5,49,2
154508,52,6,46,2
154509,50,6,44,2
154510,59,5,54,2
154511,63,7,56,2
154512,53,12,41,2
154513,48,3,45,2
154514,38,4,34,2
154515,57,7,50,2
154516,57,7,50,2
154517,62,2,60,2
154518,55,8,47,2
154519,52,6,46,2
154520,70,11,59,2
154521,58,7,51,2
154522,36,2,34,2
154523,45,6,39,2
154524,63,10,53,2
154525,69,13,56,2
154526,64,10,54,2
154527,49,6,43,2
154528,72,7,65,2
154529,57,6,51,2
154530,48,11,37,2
154531,59,10,49,2
154532,49,3,46,2
154533,46,3,43,2
154534,56,6,50,2
154535,46,11,35,2
154536,56,10,46,2
154537,58,7,51,2
154538,66,6,60,2
154539,55,7,48,2
154540,46,5,41,2
154541,68,5,63,2
154542,53,3,50,2
154543,55,11,44,2
154544,57,9,48,2
154545,52,10,42,2
154546,59,7,52,2
154547,61,12,49,2
154548,55,8,47,2
154549,66,7,59,2
154550,45,4,41,2
154551,45,8,37,2
154552,45,6,39,2
154553,48,6,42,2
154554,57,4,53,2
154555,55,3,52,2
154556,53,7,46,2
154557,49,4,45,2
154558,56,3,53,2
154559,61,8,53,2
154560,67,8,59,2
154561,59,5,54,2
154562,55,3,52,2
154563,59,6,53,2
154564,49,2,47,2
154565,51,5,46,2
154566,53,7,46,2
154567,51,7,44,2
154568,57,7,50,2
154569,45,4,41,2
154570,52,8,44,2
154571,61,8,53,2
154572,53,9,44,2
154573,60,7,53,2
154574,59,9,50,2
154575,64,6,58,2
154576,52,6,46,2
154577,46,3,43,2
154578,71,8,63,2
154579,50,7,43,2
154580,48,4,44,2
154581,58,11,47,2
154582,62,10,52,2
154583,49,7,42,2
154584,55,3,52,2
154585,42,4,38,2
154586,51,7,44,2
154587,51,3,48,2
154588,47,4,43,2
154589,57,5,52,2
154590,46,8,38,2
154591,53,6,47,2
154592,50,9,41,2
154593,57,6,51,2
154594,53,11,42,2
154595,58,8,50,2
154596,58,6,52,2
154597,54,4,50,2
154598,50,3,47,2
154599,60,9,51,2
154600,56,12,44,2
154601,51,4,47,2
154602,48,4,44,2
154603,52,7,45,2
154604,57,11,46,2
154605,62,7,55,2
154606,62,8,54,2
154607,50,5,45,2
154608,63,11,52,2
154609,59,6,53,2
154610,47,4,43,2
154611,62,11,51,2
154612,55,4,51,2
154613,46,4,42,2
154614,61,5,56,2
154615,66,11,55,2
154616,61,6,55,2
154617,44,10,34,2
154618,42,7,35,2
154619,52,8,44,2
154620,46,4,42,2
154621,53,5,48,2
154622,60,3,57,2
154623,56,9,47,2
154624,52,8,44,2
154625,55,7,48,2
154626,61,5,56,2
154627,48,7,41,2
154628,52,3,49,2
154629,53,8,45,2
154630,62,8,54,2
154631,54,4,50,2
154632,49,5,44,2
154633,57,7,50,2
154634,54,5,49,2
154635,44,5,39,2
154636,59,8,51,2
154637,52,7,45,2
154638,68,10,58,2
154639,59,7,52,2
154640,47,5,42,2
154641,50,7,43,2
154642,58,10,48,2
154643,57,6,51,2
154644,47,6,41,2
154645,54,5,49,2
154646,58,5,53,2
154647,62,6,56,2
154648,48,4,44,2
154649,46,6,40,2
154650,55,7,48,2
154651,61,10,51,2
154652,57,10,47,2
154653,48,10,38,2
154654,65,8,57,2
154655,59,6,53,2
154656,59,10,49,2
154657,58,6,52,2
154658,60,4,56,2
154659,65,15,50,2
154660,71,12,59,2
154661,60,9,51,2
154662,51,5,46,2
154663,48,6,42,2
154664,51,4,47,2
154665,55,6,49,2
154666,65,7,58,2
154667,45,6,39,2
154668,54,5,49,2
154669,58,7,51,2
154670,45,6,39,2
154671,57,7,50,2
154672,57,4,53,2
154673,51,6,45,2
154674,71,6,65,2
154675,57,4,53,2
154676,62,5,57,2
154677,49,4,45,2
154678,46,5,41,2
154679,64,6,58,2
154680,59,4,55,2
154681,51,5,46,2
154682,61,7,54,2
154683,47,4,43,2
154684,50,8,42,2
154685,57,9,48,2
154686,41,7,34,2
154687,50,6,44,2
154688,60,7,53,2
154689,64,9,55,2
154690,52,7,45,2
154691,42,4,38,2
154692,67,9,58,2
154693,50,7,43,2
154694,50,4,46,2
154695,55,8,47,2
154696,59,8,51,2
154697,49,4,45,2
154698,58,12,46,2
154699,62,14,48,2
154700,59,7,52,2
154701,62,4,58,2
154702,51,5,46,2
154703,50,4,46,2
154704,46,5,41,2
154705,52,8,44,2
154706,54,8,46,2
154707,50,13,37,2
154708,56,6,50,2
154709,61,6,55,2
154710,53,6,47,2
154711,49,8,41,2
154712,64,10,54,2
154713,48,8,40,2
154714,62,11,51,2
154715,50,5,45,2
154716,54,1,53,2
154717,53,6,47,2
154718,72,6,66,2
154719,38,2,36,2
154720,38,6,32,2
154721,53,9,44,2
154722,62,10,52,2
154723,54,4,50,2
154724,46,5,41,2
154725,54,5,49,2
154726,65,8,57,2
154727,49,9,40,2
154728,66,8,58,2
154729,50,7,43,2
154730,60,5,55,2
154731,50,11,39,2
154732,62,4,58,2
154733,56,6,50,2
154734,64,10,54,2
154735,47,7,40,2
154736,53,2,51,2
154737,61,12,49,2
154738,42,5,37,2
154739,49,6,43,2
154740,53,6,47,2
154741,52,10,42,2
154742,55,7,48,2
154743,54,5,49,2
154744,55,9,46,2
154745,40,4,36,2
154746,50,7,43,2
154747,52,3,49,2
154748,64,8,56,2
154749,42,5,37,2
154750,49,7,42,2
154751,57,5,52,2
154752,59,7,52,2
154753,63,6,57,2
154754,55,7,48,2
154755,53,9,44,2
154756,49,2,47,2
154757,50,6,44,2
154758,56,9,47,2
154759,52,0,52,1
154760,52,7,45,2
154761,59,5,54,2
154762,52,7,45,2
154763,53,4,49,2
154764,44,2,42,2
154765,51,4,47,2
154766,50,6,44,2
154767,57,6,51,2
154768,55,6,49,2
154769,53,6,47,2
154770,44,2,42,2
154771,53,3,50,2
154772,48,3,45,2
154773,54,7,47,2
154774,64,9,55,2
154775,50,6,44,2
154776,48,5,43,2
154777,53,9,44,2
154778,56,6,50,2
154779,56,9,47,2
154780,49,9,40,2
154781,47,5,42,2
154782,53,6,47,2
154783,63,7,56,2
154784,47,4,43,2
154785,54,7,47,2
154786,55,9,46,2
154787,55,10,45,2
154788,49,5,44,2
154789,62,12,50,2
154790,50,3,47,2
154791,58,9,49,2
154792,62,9,53,2
154793,63,5,58,2
154794,63,15,48,2
154795,60,8,52,2
154796,60,8,52,2
154797,61,0,61,1
154798,59,7,52,2
154799,54,10,44,2
154800,65,7,58,2
154801,58,6,52,2
154802,48,3,45,2
154803,56,6,50,2
154804,45,4,41,2
154805,47,9,38,2
154806,45,8,37,2
154807,47,6,41,2
154808,42,6,36,2
154809,58,6,52,2
154810,51,7,44,2
154811,72,7,65,2
154812,60,5,55,2
154813,59,4,55,2
154814,55,7,48,2
154815,63,11,52,2
154816,51,4,47,2
154817,51,8,43,2
154818,50,6,44,2
154819,47,5,42,2
154820,58,5,53,2
154821,42,5,37,2
154822,54,5,49,2
154823,60,6,54,2
154824,62,8,54,2
154825,48,10,38,2
154826,60,9,51,2
154827,48,11,37,2
154828,53,5,48,2
154829,45,6,39,2
154830,59,7,52,2
154831,52,8,44,2
154832,60,12,48,2
154833,58,7,51,2
154834,57,8,49,2
154835,66,13,53,2
154836,57,7,50,2
154837,49,4,45,2
154838,50,7,43,2
154839,51,7,44,2
154840,59,3,56,2
154841,52,4,48,2
154842,51,8,43,2
154843,57,7,50,2
154844,56,5,51,2
154845,61,11,50,2
154846,54,2,52,2
154847,68,8,60,2
154848,47,2,45,2
154849,61,5,56,2
154850,53,5,48,2
154851,51,5,46,2
154852,52,3,49,2
154853,40,3,37,2
154854,41,6,35,2
154855,49,7,42,2
154856,65,4,61,2
154857,55,4,51,2
154858,62,3,59,2
154859,52,7,45,2
154860,48,10,38,2
154861,47,10,37,2
154862,55,6,49,2
154863,48,6,42,2
154864,51,7,44,2
154865,48,4,44,2
154866,51,6,45,2
154867,37,9,28,2
154868,47,7,40,2
154869,57,7,50,2
154870,58,4,54,2
154871,64,11,53,2
154872,70,9,61,2
154873,58,14,44,2
154874,48,8,40,2
154875,46,9,37,2
154876,44,6,38,2
154877,58,4,54,2
154878,61,14,47,2
154879,60,5,55,2
154880,66,11,55,2
154881,48,6,42,2
154882,60,6,54,2
154883,50,6,44,2
154884,35,5,30,2
154885,55,6,49,2
154886,59,6,53,2
154887,58,4,54,2
154888,59,6,53,2
154889,48,2,46,2
154890,62,11,51,2
154891,58,4,54,2
154892,54,6,48,2
154893,52,7,45,2
154894,49,9,40,2
154895,53,4,49,2
154896,52,4,48,2
154897,54,6,48,2
154898,63,11,52,2
154899,62,7,55,2
154900,62,9,53,2
154901,53,5,48,2
154902,52,5,47,2
154903,50,2,48,2
154904,59,9,50,2
154905,60,10,50,2
154906,53,2,51,2
154907,59,5,54,2
154908,52,7,45,2
154909,45,7,38,2
154910,42,3,39,2
154911,46,8,38,2
154912,46,5,41,2
154913,58,6,52,2
154914,54,9,45,2
154915,65,10,55,2
154916,40,5,35,2
154917,53,13,40,2
154918,71,5,66,2
154919,46,7,39,2
154920,75,5,70,2
154921,47,2,45,2
154922,46,4,42,2
154923,52,5,47,2
154924,60,2,58,2
154925,55,8,47,2
154926,68,8,60,2
154927,51,4,47,2
154928,46,4,42,2
154929,57,8,49,2
154930,59,6,53,2
154931,65,8,57,2
154932,61,13,48,2
154933,53,4,49,2
154934,62,4,58,2
154935,53,6,47,2
154936,46,8,38,2
154937,51,11,40,2
154938,58,8,50,2
154939,68,10,58,2
154940,42,9,33,2
154941,71,8,63,2
154942,4,3,1,2
154943,46,8,38,2
154944,63,8,55,2
154945,42,4,38,2
154946,56,2,54,2
154947,51,6,45,2
154948,58,5,53,2
154949,54,10,44,2
154950,67,8,59,2
154951,55,7,48,2
154952,57,6,51,2
154953,49,7,42,2
154954,62,2,60,2
154955,53,7,46,2
154956,47,4,43,2
154957,64,4,60,2
154958,60,8,52,2
154959,51,5,46,2
154960,52,6,46,2
154961,55,6,49,2
154962,54,4,50,2
154963,60,9,51,2
154964,51,8,43,2
154965,69,6,63,2
154966,53,8,45,2
154967,45,5,40,2
154968,57,7,50,2
154969,60,6,54,2
154970,64,7,57,2
154971,57,7,50,2
154972,62,6,56,2
154973,48,3,45,2
154974,56,6,50,2
154975,54,8,46,2
154976,44,4,40,2
154977,64,10,54,2
154978,52,8,44,2
154979,58,9,49,2
154980,52,5,47,2
154981,60,3,57,2
154982,51,6,45,2
154983,48,9,39,2
154984,64,10,54,2
154985,49,7,42,2
154986,48,5,43,2
154987,45,4,41,2
154988,54,4,50,2
154989,65,14,51,2
154990,47,3,44,2
154991,64,8,56,2
154992,54,11,43,2
154993,61,6,55,2
154994,52,7,45,2
154995,56,4,52,2
154996,63,9,54,2
154997,58,6,52,2
154998,53,6,47,2
154999,43,6,37,2
155000,67,14,53,2
155001,48,7,41,2
155002,46,0,46,1
155003,60,12,48,2
155004,46,6,40,2
155005,44,3,41,2
155006,43,8,35,2
155007,57,5,52,2
155008,41,0,41,1
155009,67,4,63,2
155010,53,6,47,2
155011,54,12,42,2
155012,78,13,65,2
155013,68,5,63,2
155014,53,6,47,2
155015,54,7,47,2
155016,49,11,38,2
155017,55,8,47,2
155018,59,8,51,2
155019,56,0,56,1
155020,47,6,41,2
155021,51,7,44,2
155022,52,7,45,2
155023,34,3,31,2
155024,65,10,55,2
155025,39,4,35,2
155026,55,7,48,2
155027,56,5,51,2
155028,50,7,43,2
155029,58,7,51,2
155030,50,6,44,2
155031,61,6,55,2
155032,52,8,44,2
155033,66,13,53,2
155034,52,7,45,2
155035,49,11,38,2
155036,43,3,40,2
155037,64,8,56,2
155038,53,5,48,2
155039,54,8,46,2
155040,37,4,33,2
155041,52,4,48,2
155042,60,9,51,2
155043,43,3,40,2
155044,63,8,55,2
155045,58,9,49,2
155046,48,3,45,2
155047,60,5,55,2
155048,57,3,54,2
155049,48,6,42,2
155050,55,9,46,2
155051,41,5,36,2
155052,67,5,62,2
155053,61,9,52,2
155054,64,11,53,2
155055,61,9,52,2
155056,49,6,43,2
155057,55,12,43,2
155058,48,8,40,2
155059,62,9,53,2
155060,42,9,33,2
155061,63,5,58,2
155062,54,5,49,2
155063,52,4,48,2
155064,58,4,54,2
155065,58,6,52,2
155066,51,5,46,2
155067,51,4,47,2
155068,60,7,53,2
155069,54,3,51,2
155070,62,8,54,2
155071,51,4,47,2
155072,51,5,46,2
155073,54,9,45,2
155074,61,8,53,2
155075,45,4,41,2
155076,57,7,50,2
155077,47,6,41,2
155078,62,5,57,2
155079,67,8,59,2
155080,50,8,42,2
155081,67,13,54,2
155082,60,6,54,2
155083,48,4,44,2
155084,56,10,46,2
155085,49,7,42,2
155086,60,10,50,2
155087,63,5,58,2
155088,51,9,42,2
155089,51,3,48,2
155090,60,4,56,2
155091,54,11,43,2
155092,49,3,46,2
155093,56,7,49,2
155094,71,5,66,2
155095,59,11,48,2
155096,60,5,55,2
155097,60,6,54,2
155098,49,4,45,2
155099,66,7,59,2
155100,50,9,41,2
155101,49,3,46,2
155102,46,4,42,2
155103,54,4,50,2
155104,45,3,42,2
155105,45,9,36,2
155106,51,5,46,2
155107,50,6,44,2
155108,45,7,38,2
155109,48,5,43,2
155110,48,6,42,2
155111,51,6,45,2
155112,60,7,53,2
155113,49,5,44,2
155114,66,10,56,2
155115,55,7,48,2
155116,53,5,48,2
155117,50,3,47,2
155118,57,5,52,2
155119,63,8,55,2
155120,51,8,43,2
155121,52,2,50,2
155122,68,7,61,2
155123,60,8,52,2
155124,61,7,54,2
155125,40,4,36,2
155126,32,0,32,1
155127,55,5,50,2
155128,56,4,52,2
155129,61,8,53,2
155130,43,4,39,2
155131,48,5,43,2
155132,60,7,53,2
155133,54,6,48,2
155134,71,4,67,2
155135,48,1,47,2
155136,53,4,49,2
155137,58,8,50,2
155138,59,4,55,2
155139,52,5,47,2
155140,47,7,40,2
155141,54,8,46,2
155142,59,8,51,2
155143,59,10,49,2
155144,66,7,59,2
155145,65,6,59,2
155146,55,5,50,2
155147,57,10,47,2
155148,49,8,41,2
155149,54,7,47,2
155150,61,7,54,2
155151,62,6,56,2
155152,52,1,51,2
155153,49,9,40,2
155154,50,7,43,2
155155,53,9,44,2
155156,48,7,41,2
155157,58,6,52,2
155158,52,7,45,2
155159,66,8,58,2
155160,45,6,39,2
155161,46,6,40,2
155162,46,8,38,2
155163,53,4,49,2
155164,57,6,51,2
155165,42,2,40,2
155166,51,3,48,2
155167,58,7,51,2
155168,40,6,34,2
155169,50,10,40,2
155170,58,9,49,2
155171,55,8,47,2
155172,53,6,47,2
155173,56,11,45,2
155174,75,8,67,2
155175,57,4,53,2
155176,62,13,49,2
155177,64,6,58,2
155178,51,8,43,2
155179,55,9,46,2
155180,55,8,47,2
155181,52,5,47,2
155182,48,6,42,2
155183,39,4,35,2
155184,58,6,52,2
155185,49,7,42,2
155186,53,1,52,2
155187,54,4,50,2
155188,60,8,52,2
155189,58,6,52,2
155190,57,8,49,2
155191,65,10,55,2
155192,62,6,56,2
155193,55,6,49,2
155194,48,5,43,2
155195,55,9,46,2
155196,61,9,52,2
155197,55,4,51,2
155198,58,4,54,2
155199,52,6,46,2
155200,44,4,40,2
155201,59,8,51,2
155202,54,5,49,2
155203,59,2,57,2
155204,48,1,47,2
155205,52,6,46,2
155206,50,5,45,2
155207,73,10,63,2
155208,45,5,40,2
155209,50,5,45,2
155210,50,6,44,2
155211,40,4,36,2
155212,44,2,42,2
155213,59,7,52,2
155214,59,7,52,2
155215,53,8,45,2
155216,53,5,48,2
155217,48,3,45,2
155218,62,10,52,2
155219,46,1,45,2
155220,56,11,45,2
155221,54,7,47,2
155222,53,7,46,2
155223,57,11,46,2
155224,67,10,57,2
155225,55,11,44,2
155226,58,4,54,2
155227,68,10,58,2
155228,70,9,61,2
155229,47,7,40,2
155230,47,5,42,2
155231,57,9,48,2
155232,65,11,54,2
155233,37,9,28,2
155234,58,4,54,2
155235,40,3,37,2
155236,59,8,51,2
155237,61,7,54,2
155238,58,9,49,2
155239,66,13,53,2
155240,54,8,46,2
155241,66,10,56,2
155242,55,5,50,2
155243,67,10,57,2
155244,61,16,45,2
155245,52,9,43,2
155246,57,6,51,2
155247,66,5,61,2
155248,62,9,53,2
155249,58,3,55,2
155250,51,2,49,2
155251,49,4,45,2
155252,50,4,46,2
155253,62,12,50,2
155254,61,5,56,2
155255,47,6,41,2
155256,51,5,46,2
155257,59,5,54,2
155258,65,5,60,2
155259,60,7,53,2
155260,45,4,41,2
155261,54,7,47,2
155262,48,6,42,2
155263,50,4,46,2
155264,54,15,39,2
155265,36,3,33,2
155266,54,6,48,2
155267,47,3,44,2
155268,48,13,35,2
155269,40,7,33,2
155270,41,7,34,2
155271,63,8,55,2
155272,61,5,56,2
155273,51,4,47,2
155274,51,7,44,2
155275,59,8,51,2
155276,49,7,42,2
155277,59,8,51,2
155278,45,0,45,1
155279,41,5,36,2
155280,46,9,37,2
155281,59,10,49,2
155282,53,5,48,2
155283,56,3,53,2
155284,48,9,39,2
155285,51,4,47,2
155286,62,9,53,2
155287,43,3,40,2
155288,52,4,48,2
155289,54,10,44,2
155290,54,8,46,2
155291,50,8,42,2
155292,55,7,48,2
155293,59,8,51,2
155294,51,5,46,2
155295,61,5,56,2
155296,61,7,54,2
155297,40,1,39,2
155298,39,6,33,2
155299,60,9,51,2
155300,59,5,54,2
155301,65,10,55,2
155302,57,6,51,2
155303,60,5,55,2
155304,66,7,59,2
155305,57,3,54,2
155306,71,7,64,2
155307,46,8,38,2
155308,52,8,44,2
155309,58,6,52,2
155310,55,7,48,2
155311,59,6,53,2
155312,46,6,40,2
155313,64,6,58,2
155314,61,4,57,2
155315,78,15,63,2
155316,68,6,62,2
155317,60,7,53,2
155318,69,7,62,2
155319,45,4,41,2
155320,63,11,52,2
155321,57,7,50,2
155322,51,2,49,2
155323,61,8,53,2
155324,50,6,44,2
155325,51,7,44,2
155326,47,4,43,2
155327,61,10,51,2
155328,53,6,47,2
155329,44,3,41,2
155330,51,4,47,2
155331,45,6,39,2
155332,61,10,51,2
155333,59,6,53,2
155334,39,3,36,2
155335,51,3,48,2
155336,47,4,43,2
155337,58,7,51,2
155338,61,9,52,2
155339,50,9,41,2
155340,59,5,54,2
155341,41,5,36,2
155342,53,5,48,2
155343,50,4,46,2
155344,54,5,49,2
155345,66,10,56,2
155346,58,5,53,2
155347,59,10,49,2
155348,57,6,51,2
155349,57,8,49,2
155350,51,8,43,2
155351,48,2,46,2
155352,60,5,55,2
155353,64,9,55,2
155354,44,4,40,2
155355,61,11,50,2
155356,55,5,50,2
155357,55,6,49,2
155358,62,6,56,2
155359,53,6,47,2
155360,55,8,47,2
155361,64,4,60,2
155362,62,10,52,2
155363,51,8,43,2
155364,52,7,45,2
155365,61,15,46,2
155366,53,4,49,2
155367,48,8,40,2
155368,55,10,45,2
155369,53,13,40,2
155370,46,5,41,2
155371,66,4,62,2
155372,46,7,39,2
155373,54,9,45,2
155374,46,3,43,2
155375,58,8,50,2
155376,40,4,36,2
155377,60,11,49,2
155378,68,7,61,2
155379,53,7,46,2
155380,59,8,51,2
155381,57,9,48,2
155382,63,9,54,2
155383,39,7,32,2
155384,53,7,46,2
155385,62,7,55,2
155386,54,5,49,2
155387,48,6,42,2
155388,42,3,39,2
155389,49,5,44,2
155390,47,7,40,2
155391,58,11,47,2
155392,52,6,46,2
155393,50,7,43,2
155394,44,3,41,2
155395,51,12,39,2
155396,55,7,48,2
155397,63,6,57,2
155398,73,9,64,2
155399,69,9,60,2
155400,44,6,38,2
155401,48,4,44,2
155402,47,2,45,2
155403,45,5,40,2
155404,42,7,35,2
155405,42,3,39,2
155406,50,6,44,2
155407,65,10,55,2
155408,56,12,44,2
155409,56,6,50,2
155410,68,7,61,2
155411,67,14,53,2
155412,51,11,40,2
155413,58,5,53,2
155414,52,6,46,2
155415,48,7,41,2
155416,57,6,51,2
155417,65,9,56,2
155418,55,6,49,2
155419,49,8,41,2
155420,62,11,51,2
155421,47,13,34,2
155422,49,3,46,2
155423,72,11,61,2
155424,46,10,36,2
155425,64,4,60,2
155426,48,6,42,2
155427,50,9,41,2
155428,48,9,39,2
155429,53,5,48,2
155430,49,6,43,2
155431,40,4,36,2
155432,47,4,43,2
155433,47,8,39,2
155434,55,7,48,2
155435,40,4,36,2
155436,58,2,56,2
155437,57,5,52,2
155438,38,8,30,2
155439,45,6,39,2
155440,60,8,52,2
155441,45,7,38,2
155442,46,4,42,2
155443,65,6,59,2
155444,62,6,56,2
155445,60,9,51,2
155446,61,11,50,2
155447,57,9,48,2
155448,40,4,36,2
155449,44,8,36,2
155450,62,7,55,2
155451,59,7,52,2
155452,55,8,47,2
155453,56,6,50,2
155454,51,3,48,2
155455,53,4,49,2
155456,69,8,61,2
155457,62,6,56,2
155458,58,8,50,2
155459,59,7,52,2
155460,48,8,40,2
155461,62,7,55,2
155462,45,1,44,2
155463,63,10,53,2
155464,44,11,33,2
155465,60,1,59,2
155466,49,5,44,2
155467,66,8,58,2
155468,53,9,44,2
155469,48,10,38,2
155470,62,8,54,2
155471,52,8,44,2
155472,62,7,55,2
155473,49,4,45,2
155474,55,6,49,2
155475,67,8,59,2
155476,57,4,53,2
155477,49,4,45,2
155478,55,8,47,2
155479,56,9,47,2
155480,58,5,53,2
155481,61,11,50,2
155482,50,3,47,2
155483,58,10,48,2
155484,61,7,54,2
155485,56,5,51,2
155486,57,8,49,2
155487,64,8,56,2
155488,60,7,53,2
155489,66,8,58,2
155490,59,11,48,2
155491,63,6,57,2
155492,47,6,41,2
155493,53,7,46,2
155494,52,4,48,2
155495,68,48,20,2
155496,64,7,57,2
155497,50,3,47,2
155498,56,8,48,2
155499,57,9,48,2
155500,42,4,38,2
155501,61,4,57,2
155502,65,8,57,2
155503,51,6,45,2
155504,64,8,56,2
155505,55,7,48,2
155506,50,7,43,2
155507,55,5,50,2
155508,55,3,52,2
155509,47,10,37,2
155510,51,4,47,2
155511,46,3,43,2
155512,59,8,51,2
155513,54,5,49,2
155514,56,6,50,2
155515,48,9,39,2
155516,48,3,45,2
155517,47,4,43,2
155518,62,10,52,2
155519,62,8,54,2
155520,56,5,51,2
155521,56,6,50,2
155522,57,7,50,2
155523,52,5,47,2
155524,53,7,46,2
155525,59,7,52,2
155526,57,8,49,2
155527,52,9,43,2
155528,43,7,36,2
155529,59,7,52,2
155530,54,3,51,2
155531,75,11,64,2
155532,47,5,42,2
155533,57,11,46,2
155534,53,5,48,2
155535,62,5,57,2
155536,64,7,57,2
155537,48,7,41,2
155538,46,10,36,2
155539,56,4,52,2
155540,46,6,40,2
155541,62,7,55,2
155542,51,6,45,2
155543,50,1,49,2
155544,62,3,59,2
155545,48,4,44,2
155546,56,6,50,2
155547,53,6,47,2
155548,48,3,45,2
155549,54,6,48,2
155550,60,10,50,2
155551,50,5,45,2
155552,57,5,52,2
155553,58,7,51,2
155554,52,5,47,2
155555,66,10,56,2
155556,50,5,45,2
155557,46,11,35,2
155558,57,9,48,2
155559,51,6,45,2
155560,58,6,52,2
155561,54,6,48,2
155562,66,8,58,2
155563,61,2,59,2
155564,55,5,50,2
155565,56,10,46,2
155566,45,3,42,2
155567,63,7,56,2
155568,43,6,37,2
155569,52,5,47,2
155570,61,4,57,2
155571,53,7,46,2
155572,62,9,53,2
155573,60,10,50,2
155574,42,3,39,2
155575,56,10,46,2
155576,57,5,52,2
155577,46,4,42,2
155578,70,9,61,2
155579,55,7,48,2
155580,61,7,54,2
155581,58,7,51,2
155582,56,3,53,2
155583,47,1,46,2
155584,51,6,45,2
155585,51,7,44,2
155586,72,12,60,2
155587,47,6,41,2
155588,46,6,40,2
155589,46,5,41,2
155590,43,4,39,2
155591,63,4,59,2
155592,50,3,47,2
155593,40,4,36,2
155594,70,10,60,2
155595,52,7,45,2
155596,52,6,46,2
155597,54,3,51,2
155598,59,9,50,2
155599,48,5,43,2
155600,66,3,63,2
155601,60,6,54,2
155602,55,7,48,2
155603,53,4,49,2
155604,69,10,59,2
155605,43,7,36,2
155606,52,6,46,2
155607,60,7,53,2
155608,58,2,56,2
155609,61,8,53,2
155610,48,7,41,2
155611,62,7,55,2
155612,52,9,43,2
155613,54,3,51,2
155614,59,5,54,2
155615,56,6,50,2
155616,52,7,45,2
155617,34,4,30,2
155618,50,9,41,2
155619,67,13,54,2
155620,63,8,55,2
155621,48,7,41,2
155622,51,5,46,2
155623,51,3,48,2
155624,65,7,58,2
155625,55,11,44,2
155626,56,6,50,2
155627,59,8,51,2
155628,58,3,55,2
155629,45,5,40,2
155630,44,3,41,2
155631,62,4,58,2
155632,45,3,42,2
155634,59,11,48,2
155635,50,6,44,2
155636,52,6,46,2
155637,58,7,51,2
155638,54,5,49,2
155639,49,5,44,2
155640,55,4,51,2
155641,59,8,51,2
155642,60,8,52,2
155643,50,5,45,2
155644,62,8,54,2
155645,59,11,48,2
155646,50,4,46,2
155647,64,4,60,2
155648,46,2,44,2
155649,61,3,58,2
155650,61,11,50,2
155651,45,3,42,2
155652,75,6,69,2
155653,50,6,44,2
155654,46,4,42,2
155655,63,12,51,2
155656,42,1,41,2
155657,65,4,61,2
155658,50,8,42,2
155659,60,6,54,2
155660,57,3,54,2
155661,48,4,44,2
155662,59,10,49,2
155663,57,5,52,2
155664,66,6,60,2
155665,60,6,54,2
155666,50,7,43,2
155667,68,9,59,2
155668,51,6,45,2
155669,51,8,43,2
155670,57,8,49,2
155671,56,6,50,2
155672,54,5,49,2
155673,61,7,54,2
155674,69,9,60,2
155675,47,2,45,2
155676,48,13,35,2
155677,54,7,47,2
155678,43,9,34,2
155679,53,8,45,2
155680,57,6,51,2
155681,40,8,32,2
155682,59,10,49,2
155683,47,4,43,2
155684,55,12,43,2
155685,47,4,43,2
155686,60,6,54,2
155687,46,6,40,2
155688,60,5,55,2
155689,58,8,50,2
155690,54,5,49,2
155691,60,6,54,2
155692,56,10,46,2
155693,58,4,54,2
155694,55,8,47,2
155695,51,9,42,2
155696,59,9,50,2
155697,51,4,47,2
155698,52,8,44,2
155699,42,0,42,1
155700,51,9,42,2
155701,78,13,65,2
155702,47,6,41,2
155703,51,2,49,2
155704,68,9,59,2
155705,43,4,39,2
155706,60,6,54,2
155707,55,8,47,2
155708,53,7,46,2
155709,57,7,50,2
155710,51,9,42,2
155711,59,7,52,2
155712,53,9,44,2
155713,60,3,57,2
155714,45,6,39,2
155715,45,9,36,2
155716,53,4,49,2
155717,46,8,38,2
155718,52,7,45,2
155719,52,5,47,2
155720,65,12,53,2
155721,64,4,60,2
155722,53,5,48,2
155723,47,10,37,2
155724,49,6,43,2
155725,56,7,49,2
155726,52,5,47,2
155727,57,6,51,2
155728,46,5,41,2
155729,49,6,43,2
155730,76,12,64,2
155731,59,5,54,2
155732,48,5,43,2
155733,56,6,50,2
155734,51,8,43,2
155735,63,11,52,2
155736,59,1,58,2
155737,47,4,43,2
155738,54,8,46,2
155739,60,6,54,2
155740,53,7,46,2
155741,58,8,50,2
155742,45,9,36,2
155743,58,10,48,2
155744,65,9,56,2
155745,45,4,41,2
155746,44,10,34,2
155747,40,3,37,2
155748,58,4,54,2
155749,56,3,53,2
155750,53,7,46,2
155751,59,9,50,2
155752,49,7,42,2
155753,46,5,41,2
155754,56,8,48,2
155755,52,4,48,2
155756,49,1,48,2
155757,51,11,40,2
155758,60,2,58,2
155759,62,6,56,2
155760,41,4,37,2
155761,50,3,47,2
155762,42,5,37,2
155763,56,2,54,2
155764,48,7,41,2
155765,56,6,50,2
155766,48,4,44,2
155767,52,8,44,2
155768,60,16,44,2
155769,57,4,53,2
155770,58,8,50,2
155771,49,6,43,2
155772,58,7,51,2
155773,44,6,38,2
155774,52,6,46,2
155775,62,9,53,2
155776,57,7,50,2
155777,45,6,39,2
155778,55,9,46,2
155779,72,8,64,2
155780,53,7,46,2
155781,63,3,60,2
155782,47,2,45,2
155783,54,5,49,2
155784,49,3,46,2
155785,62,8,54,2
155786,65,6,59,2
155787,52,5,47,2
155788,51,8,43,2
155789,44,2,42,2
155790,57,10,47,2
155791,56,5,51,2
155792,54,6,48,2
155793,67,7,60,2
155794,49,6,43,2
155795,44,2,42,2
155796,59,12,47,2
155797,53,8,45,2
155798,44,5,39,2
155799,53,7,46,2
155800,34,6,28,2
155801,64,6,58,2
155802,53,3,50,2
155803,53,0,53,1
155804,59,9,50,2
155805,56,7,49,2
155806,57,6,51,2
155807,40,6,34,2
155808,61,9,52,2
155809,55,8,47,2
155810,55,3,52,2
155811,70,4,66,2
155812,61,8,53,2
155813,53,6,47,2
155814,47,3,44,2
155815,61,6,55,2
155816,52,7,45,2
155817,62,12,50,2
155818,51,3,48,2
155819,49,5,44,2
155820,54,8,46,2
155821,49,7,42,2
155822,49,4,45,2
155823,69,5,64,2
155824,55,8,47,2
155825,57,3,54,2
155826,62,5,57,2
155827,60,1,59,2
155828,51,6,45,2
155829,60,4,56,2
155830,57,6,51,2
155831,58,7,51,2
155832,57,6,51,2
155833,53,8,45,2
155834,52,4,48,2
155835,48,6,42,2
155836,53,5,48,2
155837,51,9,42,2
155838,56,7,49,2
155839,46,6,40,2
155840,44,6,38,2
155841,52,5,47,2
155842,64,10,54,2
155843,58,10,48,2
155844,58,6,52,2
155845,58,6,52,2
155846,62,6,56,2
155847,60,9,51,2
155848,50,5,45,2
155849,58,10,48,2
155850,71,11,60,2
155851,59,7,52,2
155852,68,13,55,2
155853,50,2,48,2
155854,59,6,53,2
155855,47,4,43,2
155856,51,6,45,2
155857,45,6,39,2
155858,45,9,36,2
155859,53,4,49,2
155860,51,3,48,2
155861,57,5,52,2
155862,56,9,47,2
155863,58,13,45,2
155864,49,6,43,2
155865,49,5,44,2
155866,66,11,55,2
155867,64,6,58,2
155868,67,7,60,2
155869,64,6,58,2
155870,51,7,44,2
155871,54,5,49,2
155872,51,4,47,2
155873,51,7,44,2
155874,53,10,43,2
155875,65,6,59,2
155876,54,9,45,2
155877,49,3,46,2
155878,53,2,51,2
155879,65,4,61,2
155880,64,8,56,2
155881,55,4,51,2
155882,79,7,72,2
155883,51,9,42,2
155884,44,0,44,1
155885,62,11,51,2
155886,49,6,43,2
155887,53,5,48,2
155888,52,7,45,2
155889,57,6,51,2
155890,55,8,47,2
155891,59,3,56,2
155892,65,7,58,2
155893,61,13,48,2
155894,57,7,50,2
155895,48,9,39,2
155896,50,4,46,2
155897,53,3,50,2
155898,51,3,48,2
155899,61,8,53,2
155900,58,9,49,2
155901,64,2,62,2
155902,51,9,42,2
155903,53,7,46,2
155904,36,2,34,2
155905,62,5,57,2
155906,44,8,36,2
155907,73,7,66,2
155908,48,5,43,2
155909,54,6,48,2
155910,47,3,44,2
155911,55,4,51,2
155912,62,7,55,2
155913,53,7,46,2
155914,57,9,48,2
155915,45,3,42,2
155916,46,7,39,2
155917,66,11,55,2
155918,59,12,47,2
155919,60,8,52,2
155920,51,9,42,2
155921,55,6,49,2
155922,50,6,44,2
155923,58,3,55,2
155924,50,6,44,2
155925,62,6,56,2
155926,58,5,53,2
155927,53,6,47,2
155928,56,4,52,2
155929,53,5,48,2
155930,45,5,40,2
155931,52,4,48,2
155932,65,12,53,2
155933,58,7,51,2
155934,55,6,49,2
155935,54,4,50,2
155936,47,4,43,2
155937,49,7,42,2
155938,51,8,43,2
155939,56,9,47,2
155940,59,8,51,2
155941,55,11,44,2
155942,67,11,56,2
155943,47,6,41,2
155944,62,11,51,2
155945,50,5,45,2
155946,48,10,38,2
155947,55,11,44,2
155948,47,9,38,2
155949,50,5,45,2
155950,53,5,48,2
155951,57,5,52,2
155952,45,2,43,2
155953,68,11,57,2
155954,67,10,57,2
155955,63,7,56,2
155956,52,5,47,2
155957,59,5,54,2
155958,60,1,59,2
155959,50,11,39,2
155960,56,7,49,2
155961,52,10,42,2
155962,53,11,42,2
155963,56,8,48,2
155964,56,7,49,2
155965,47,3,44,2
155966,49,5,44,2
155967,53,6,47,2
155968,57,5,52,2
155969,52,7,45,2
155970,56,3,53,2
155971,46,11,35,2
155972,56,7,49,2
155973,64,5,59,2
155974,55,4,51,2
155975,44,6,38,2
155976,57,5,52,2
155977,49,4,45,2
155978,52,4,48,2
155979,49,6,43,2
155980,51,7,44,2
155981,42,6,36,2
155982,51,7,44,2
155983,57,5,52,2
155984,62,9,53,2
155985,44,5,39,2
155986,57,2,55,2
155987,52,5,47,2
155988,52,8,44,2
155989,58,4,54,2
155990,61,10,51,2
155991,50,11,39,2
155992,44,5,39,2
155993,54,8,46,2
155994,58,8,50,2
155995,45,7,38,2
155996,46,6,40,2
155997,58,7,51,2
155998,52,7,45,2
155999,50,5,45,2
156000,60,6,54,2
156001,52,3,49,2
156002,67,8,59,2
156003,61,5,56,2
156004,64,7,57,2
156005,61,9,52,2
156006,56,8,48,2
156007,61,8,53,2
156008,47,3,44,2
156009,56,9,47,2
156010,54,6,48,2
156011,49,6,43,2
156012,64,9,55,2
156013,62,9,53,2
156014,53,10,43,2
156015,68,7,61,2
156016,56,5,51,2
156017,48,2,46,2
156018,53,10,43,2
156019,55,9,46,2
156020,61,8,53,2
156021,45,5,40,2
156022,65,6,59,2
156023,54,9,45,2
156024,61,9,52,2
156025,57,7,50,2
156026,45,8,37,2
156027,42,2,40,2
156028,57,3,54,2
156029,75,6,69,2
156030,59,5,54,2
156031,55,4,51,2
156032,45,2,43,2
156033,57,6,51,2
156034,48,8,40,2
156035,42,4,38,2
156036,57,4,53,2
156037,59,9,50,2
156038,63,2,61,2
156039,51,7,44,2
156040,70,7,63,2
156041,59,8,51,2
156042,44,4,40,2
156043,47,8,39,2
156044,60,12,48,2
156045,48,4,44,2
156046,52,6,46,2
156047,60,7,53,2
156048,39,4,35,2
156049,55,6,49,2
156050,53,7,46,2
156051,35,4,31,2
156052,44,4,40,2
156053,55,6,49,2
156054,52,4,48,2
156055,47,5,42,2
156056,55,3,52,2
156057,56,8,48,2
156058,49,4,45,2
156059,57,11,46,2
156060,48,5,43,2
156061,47,6,41,2
156062,56,8,48,2
156063,57,4,53,2
156064,60,7,53,2
156065,51,8,43,2
156066,53,2,51,2
156067,57,5,52,2
156068,62,8,54,2
156069,62,5,57,2
156070,40,8,32,2
156071,59,4,55,2
156072,50,5,45,2
156073,48,7,41,2
156074,61,10,51,2
156075,60,9,51,2
156076,52,8,44,2
156077,45,1,44,2
156078,55,5,50,2
156079,54,8,46,2
156080,51,3,48,2
156081,44,4,40,2
156082,55,8,47,2
156083,61,7,54,2
156084,63,4,59,2
156085,65,8,57,2
156086,56,9,47,2
156087,59,7,52,2
156088,54,7,47,2
156089,58,8,50,2
156090,49,1,48,2
156091,46,8,38,2
156092,53,8,45,2
156093,59,7,52,2
156094,43,2,41,2
156095,68,5,63,2
156096,63,4,59,2
156097,53,7,46,2
156098,48,6,42,2
156099,48,3,45,2
156100,61,10,51,2
156101,52,6,46,2
156102,49,9,40,2
156103,53,8,45,2
156104,62,11,51,2
156105,56,7,49,2
156106,55,6,49,2
156107,52,6,46,2
156108,48,6,42,2
156109,60,9,51,2
156110,48,7,41,2
156111,56,7,49,2
156112,53,7,46,2
156113,52,8,44,2
156114,61,4,57,2
156115,49,9,40,2
156116,53,7,46,2
156117,44,7,37,2
156118,58,11,47,2
156119,58,11,47,2
156120,43,8,35,2
156121,38,1,37,2
156122,62,5,57,2
156123,46,9,37,2
156124,58,6,52,2
156125,51,4,47,2
156126,43,6,37,2
156127,51,5,46,2
156128,62,8,54,2
156129,51,3,48,2
156130,59,8,51,2
156131,45,6,39,2
156132,54,6,48,2
156133,55,10,45,2
156134,66,9,57,2
156135,50,7,43,2
156136,59,10,49,2
156137,57,6,51,2
156138,49,5,44,2
156139,50,6,44,2
156140,56,4,52,2
156141,57,6,51,2
156142,52,9,43,2
156143,53,7,46,2
156144,46,6,40,2
156146,55,6,49,2
156147,51,6,45,2
156148,54,7,47,2
156149,67,8,59,2
156150,57,7,50,2
156151,44,9,35,2
156152,52,5,47,2
156153,61,10,51,2
156154,60,5,55,2
156155,48,6,42,2
156156,51,6,45,2
156157,48,7,41,2
156158,56,9,47,2
156159,56,11,45,2
156160,54,4,50,2
156161,57,9,48,2
156162,53,5,48,2
156163,64,9,55,2
156164,58,9,49,2
156165,40,5,35,2
156166,49,3,46,2
156167,49,8,41,2
156168,56,8,48,2
156169,52,5,47,2
156170,52,6,46,2
156171,53,6,47,2
156172,50,3,47,2
156173,49,6,43,2
156174,56,7,49,2
156175,66,12,54,2
156176,73,8,65,2
156177,49,7,42,2
156178,54,4,50,2
156179,65,4,61,2
156180,53,2,51,2
156181,69,7,62,2
156182,65,6,59,2
156183,56,11,45,2
156184,43,6,37,2
156185,79,9,70,2
156186,42,3,39,2
156187,55,9,46,2
156188,58,8,50,2
156189,57,7,50,2
156190,55,7,48,2
156191,48,7,41,2
156192,51,2,49,2
156193,70,9,61,2
156194,59,10,49,2
156195,75,6,69,2
156196,56,5,51,2
156197,57,7,50,2
156198,52,6,46,2
156199,46,4,42,2
156200,59,8,51,2
156201,49,3,46,2
156202,61,10,51,2
156203,59,5,54,2
156204,60,10,50,2
156205,45,8,37,2
156206,71,9,62,2
156207,54,2,52,2
156208,55,5,50,2
156209,52,6,46,2
156210,50,4,46,2
156211,69,7,62,2
156212,45,5,40,2
156213,58,6,52,2
156214,43,5,38,2
156215,60,9,51,2
156216,51,2,49,2
156217,36,5,31,2
156218,58,10,48,2
156219,57,7,50,2
156220,65,8,57,2
156221,55,8,47,2
156222,52,10,42,2
156223,48,5,43,2
156224,54,8,46,2
156225,47,8,39,2
156226,62,10,52,2
156227,47,4,43,2
156228,50,12,38,2
156229,51,7,44,2
156230,51,5,46,2
156231,28,3,25,2
156232,61,10,51,2
156233,59,11,48,2
156234,54,7,47,2
156235,70,4,66,2
156236,51,7,44,2
156237,62,10,52,2
156238,69,7,62,2
156239,56,5,51,2
156240,57,6,51,2
156241,51,4,47,2
156242,47,7,40,2
156243,52,5,47,2
156244,58,8,50,2
156245,62,4,58,2
156246,56,2,54,2
156247,45,4,41,2
156248,70,6,64,2
156249,55,3,52,2
156250,55,2,53,2
156251,52,5,47,2
156252,45,8,37,2
156253,60,8,52,2
156254,46,8,38,2
156255,59,4,55,2
156256,48,3,45,2
156257,51,8,43,2
156258,55,7,48,2
156259,57,8,49,2
156260,58,5,53,2
156261,60,10,50,2
156262,50,9,41,2
156263,41,5,36,2
156264,60,4,56,2
156265,49,2,47,2
156266,55,6,49,2
156267,52,9,43,2
156268,38,5,33,2
156269,42,3,39,2
156270,49,3,46,2
156271,49,4,45,2
156272,55,6,49,2
156273,51,6,45,2
156274,65,6,59,2
156275,64,7,57,2
156276,66,6,60,2
156277,48,7,41,2
156278,60,6,54,2
156279,59,11,48,2
156280,51,7,44,2
156281,53,5,48,2
156282,50,5,45,2
156283,51,9,42,2
156284,41,4,37,2
156285,56,8,48,2
156286,56,7,49,2
156287,47,4,43,2
156288,66,3,63,2
156289,68,8,60,2
156290,43,3,40,2
156291,66,14,52,2
156292,52,6,46,2
156293,52,3,49,2
156294,52,4,48,2
156295,50,7,43,2
156296,63,4,59,2
156297,59,4,55,2
156298,62,5,57,2
156299,54,4,50,2
156300,54,8,46,2
156301,56,7,49,2
156302,74,7,67,2
156303,54,8,46,2
156304,46,5,41,2
156305,56,8,48,2
156306,58,5,53,2
156307,61,4,57,2
156308,52,6,46,2
156309,61,7,54,2
156310,49,2,47,2
156311,65,5,60,2
156312,56,3,53,2
156313,56,10,46,2
156314,67,5,62,2
156315,59,9,50,2
156316,54,5,49,2
156317,58,12,46,2
156318,62,9,53,2
156319,44,8,36,2
156320,49,5,44,2
156321,57,2,55,2
156322,67,5,62,2
156323,69,11,58,2
156324,48,4,44,2
156325,47,7,40,2
156326,61,6,55,2
156327,53,4,49,2
156328,48,3,45,2
156329,61,11,50,2
156330,47,5,42,2
156331,61,8,53,2
156332,54,9,45,2
156333,51,5,46,2
156334,48,3,45,2
156335,54,6,48,2
156336,52,10,42,2
156337,41,6,35,2
156338,45,9,36,2
156339,62,5,57,2
156340,34,3,31,2
156341,57,6,51,2
156342,48,5,43,2
156343,55,3,52,2
156344,62,9,53,2
156345,48,6,42,2
156346,60,2,58,2
156347,67,2,65,2
156348,52,4,48,2
156349,54,8,46,2
156350,50,6,44,2
156351,62,2,60,2
156352,61,5,56,2
156353,47,7,40,2
156354,46,4,42,2
156355,63,9,54,2
156356,68,6,62,2
156357,66,10,56,2
156358,56,6,50,2
156359,53,4,49,2
156360,57,4,53,2
156361,54,3,51,2
156362,49,5,44,2
156364,52,9,43,2
156365,48,11,37,2
156366,52,5,47,2
156367,62,7,55,2
156368,56,7,49,2
156369,54,4,50,2
156370,59,5,54,2
156371,57,10,47,2
156372,54,9,45,2
156373,44,5,39,2
156374,54,5,49,2
156375,44,9,35,2
156376,51,7,44,2
156377,44,7,37,2
156378,41,3,38,2
156379,4,4,0,1
156380,47,5,42,2
156381,45,1,44,2
156382,56,8,48,2
156383,48,6,42,2
156384,51,10,41,2
156385,55,2,53,2
156386,61,7,54,2
156387,51,6,45,2
156388,56,3,53,2
156389,54,5,49,2
156390,58,4,54,2
156391,49,6,43,2
156392,51,9,42,2
156393,52,6,46,2
156394,54,7,47,2
156395,45,8,37,2
156396,57,12,45,2
156397,59,8,51,2
156398,55,7,48,2
156399,43,1,42,2
156400,56,6,50,2
156401,59,4,55,2
156402,39,4,35,2
156403,56,10,46,2
156404,63,6,57,2
156405,45,4,41,2
156406,39,5,34,2
156407,48,7,41,2
156408,65,11,54,2
156409,54,7,47,2
156410,49,4,45,2
156411,44,5,39,2
156412,41,6,35,2
156413,63,10,53,2
156414,44,8,36,2
156415,58,8,50,2
156416,59,7,52,2
156417,60,5,55,2
156418,52,7,45,2
156419,52,8,44,2
156420,54,4,50,2
156421,57,4,53,2
156422,44,4,40,2
156423,46,5,41,2
156424,48,8,40,2
156425,49,6,43,2
156426,48,3,45,2
156427,46,4,42,2
156428,59,2,57,2
156429,48,5,43,2
156430,58,14,44,2
156431,55,7,48,2
156432,47,4,43,2
156433,59,6,53,2
156434,55,8,47,2
156435,53,6,47,2
156436,62,11,51,2
156437,44,4,40,2
156438,56,8,48,2
156439,58,11,47,2
156440,50,5,45,2
156441,62,11,51,2
156442,49,7,42,2
156443,52,5,47,2
156444,73,6,67,2
156445,53,5,48,2
156446,58,5,53,2
156447,59,7,52,2
156448,52,7,45,2
156449,62,6,56,2
156450,47,7,40,2
156451,54,13,41,2
156452,46,3,43,2
156453,48,1,47,2
156454,55,7,48,2
156455,47,3,44,2
156456,46,9,37,2
156457,61,3,58,2
156458,51,5,46,2
156459,54,3,51,2
156460,54,2,52,2
156461,45,4,41,2
156462,53,8,45,2
156463,56,9,47,2
156464,51,7,44,2
156465,52,4,48,2
156466,59,7,52,2
156467,47,3,44,2
156468,50,5,45,2
156469,53,10,43,2
156470,57,9,48,2
156471,65,6,59,2
156472,51,8,43,2
156474,61,6,55,2
156475,49,4,45,2
156476,58,5,53,2
156477,44,5,39,2
156478,47,4,43,2
156479,55,9,46,2
156480,55,9,46,2
156481,58,6,52,2
156482,46,6,40,2
156483,58,7,51,2
156484,48,4,44,2
156485,41,3,38,2
156486,62,6,56,2
156487,61,9,52,2
156488,58,10,48,2
156489,53,7,46,2
156490,45,8,37,2
156491,59,5,54,2
156492,53,6,47,2
156493,54,8,46,2
156494,47,4,43,2
156495,44,6,38,2
156496,62,12,50,2
156497,55,8,47,2
156498,50,6,44,2
156499,45,6,39,2
156500,60,5,55,2
156501,42,6,36,2
156502,59,7,52,2
156503,57,7,50,2
156504,45,12,33,2
156505,47,3,44,2
156506,57,7,50,2
156507,61,10,51,2
156508,49,5,44,2
156509,67,12,55,2
156510,54,6,48,2
156511,56,5,51,2
156512,65,3,62,2
156513,53,10,43,2
156514,56,9,47,2
156515,65,7,58,2
156516,60,7,53,2
156517,55,7,48,2
156518,54,7,47,2
156519,59,9,50,2
156520,48,9,39,2
156521,40,2,38,2
156522,64,8,56,2
156523,49,12,37,2
156524,59,4,55,2
156525,59,7,52,2
156526,44,5,39,2
156527,50,7,43,2
156528,52,9,43,2
156529,52,5,47,2
156530,60,11,49,2
156531,54,7,47,2
156532,50,5,45,2
156533,55,4,51,2
156534,58,4,54,2
156535,60,5,55,2
156536,33,1,32,2
156537,53,7,46,2
156538,53,5,48,2
156539,58,6,52,2
156540,54,6,48,2
156541,71,5,66,2
156542,66,9,57,2
156543,55,5,50,2
156544,54,3,51,2
156545,51,3,48,2
156546,51,6,45,2
156547,60,6,54,2
156548,56,5,51,2
156549,59,11,48,2
156550,40,5,35,2
156551,55,6,49,2
156552,49,5,44,2
156553,47,9,38,2
156554,36,2,34,2
156555,51,7,44,2
156556,62,2,60,2
156557,41,13,28,2
156558,49,4,45,2
156559,47,6,41,2
156560,48,5,43,2
156561,49,9,40,2
156562,60,7,53,2
156563,52,10,42,2
156564,59,9,50,2
156565,43,5,38,2
156566,41,7,34,2
156567,50,6,44,2
156568,55,5,50,2
156569,52,13,39,2
156570,63,7,56,2
156571,53,2,51,2
156572,50,10,40,2
156573,52,4,48,2
156574,63,9,54,2
156575,70,7,63,2
156576,57,8,49,2
156577,48,4,44,2
156578,42,2,40,2
156579,57,7,50,2
156580,60,8,52,2
156581,45,6,39,2
156582,55,7,48,2
156583,51,11,40,2
156584,51,2,49,2
156585,46,8,38,2
156586,51,6,45,2
156587,46,7,39,2
156588,54,10,44,2
156589,67,9,58,2
156590,58,8,50,2
156591,53,4,49,2
156592,72,7,65,2
156593,48,8,40,2
156594,56,8,48,2
156595,49,6,43,2
156596,57,10,47,2
156597,74,9,65,2
156598,43,3,40,2
156599,48,9,39,2
156600,44,6,38,2
156601,56,8,48,2
156602,54,8,46,2
156603,53,11,42,2
156604,53,6,47,2
156605,61,6,55,2
156606,54,6,48,2
156607,64,7,57,2
156608,50,4,46,2
156609,56,7,49,2
156610,60,9,51,2
156611,44,6,38,2
156612,68,8,60,2
156613,61,2,59,2
156614,47,7,40,2
156615,54,6,48,2
156616,54,8,46,2
156617,53,4,49,2
156618,53,9,44,2
156619,61,8,53,2
156620,54,6,48,2
156621,59,10,49,2
156622,53,2,51,2
156623,66,11,55,2
156624,61,5,56,2
156625,51,5,46,2
156626,59,5,54,2
156627,50,9,41,2
156628,53,3,50,2
156629,57,5,52,2
156630,58,2,56,2
156631,65,5,60,2
156632,50,8,42,2
156633,37,2,35,2
156634,60,5,55,2
156635,54,5,49,2
156636,56,7,49,2
156637,54,6,48,2
156638,45,6,39,2
156639,65,7,58,2
156640,49,6,43,2
156641,53,4,49,2
156642,48,5,43,2
156643,52,5,47,2
156644,57,8,49,2
156645,55,6,49,2
156646,66,4,62,2
156647,68,7,61,2
156648,45,6,39,2
156649,63,8,55,2
156650,59,10,49,2
156651,65,10,55,2
156652,63,9,54,2
156653,56,3,53,2
156654,43,5,38,2
156655,48,7,41,2
156656,47,6,41,2
156657,64,3,61,2
156658,54,6,48,2
156659,49,4,45,2
156660,55,5,50,2
156661,58,6,52,2
156662,53,6,47,2
156663,68,9,59,2
156664,46,4,42,2
156665,47,5,42,2
156666,57,4,53,2
156667,52,6,46,2
156668,48,4,44,2
156669,59,4,55,2
156670,50,3,47,2
156671,55,6,49,2
156672,43,3,40,2
156673,55,11,44,2
156674,57,8,49,2
156675,53,2,51,2
156676,55,7,48,2
156677,44,6,38,2
156678,54,5,49,2
156679,52,7,45,2
156680,50,1,49,2
156681,52,5,47,2
156682,47,6,41,2
156683,62,7,55,2
156684,56,8,48,2
156685,45,3,42,2
156686,39,3,36,2
156687,62,7,55,2
156688,41,5,36,2
156689,62,7,55,2
156690,44,4,40,2
156691,50,6,44,2
156692,61,12,49,2
156693,52,6,46,2
156694,51,3,48,2
156695,48,3,45,2
156696,53,6,47,2
156697,63,9,54,2
156698,51,6,45,2
156699,56,8,48,2
156700,53,9,44,2
156701,58,6,52,2
156702,53,10,43,2
156703,57,14,43,2
156704,52,4,48,2
156705,48,7,41,2
156706,69,10,59,2
156707,51,5,46,2
156708,64,6,58,2
156709,59,9,50,2
156710,52,5,47,2
156711,42,5,37,2
156712,59,3,56,2
156713,64,8,56,2
156714,59,7,52,2
156715,53,7,46,2
156716,53,7,46,2
156717,51,12,39,2
156718,56,8,48,2
156719,54,4,50,2
156720,51,8,43,2
156721,49,4,45,2
156722,53,4,49,2
156723,63,3,60,2
156724,46,6,40,2
156725,48,6,42,2
156726,44,5,39,2
156727,68,9,59,2
156728,50,7,43,2
156729,65,8,57,2
156730,45,7,38,2
156731,64,8,56,2
156732,50,7,43,2
156733,49,5,44,2
156734,54,8,46,2
156735,37,4,33,2
156736,59,5,54,2
156737,56,7,49,2
156738,51,5,46,2
156739,63,8,55,2
156740,50,5,45,2
156741,52,7,45,2
156742,51,5,46,2
156743,62,6,56,2
156744,49,7,42,2
156745,47,6,41,2
156746,46,6,40,2
156747,57,4,53,2
156748,55,8,47,2
156749,51,7,44,2
156750,54,5,49,2
156751,47,4,43,2
156752,61,3,58,2
156753,61,10,51,2
156754,41,5,36,2
156755,53,6,47,2
156756,48,5,43,2
156757,53,6,47,2
156758,68,7,61,2
156759,51,2,49,2
156760,63,7,56,2
156761,62,8,54,2
156762,64,7,57,2
156763,59,7,52,2
156764,44,3,41,2
156765,52,6,46,2
156766,40,2,38,2
156767,58,8,50,2
156768,54,11,43,2
156769,60,6,54,2
156770,51,5,46,2
156771,50,7,43,2
156772,65,11,54,2
156773,67,4,63,2
156774,65,6,59,2
156775,56,3,53,2
156776,51,9,42,2
156777,51,11,40,2
156778,50,11,39,2
156779,55,12,43,2
156780,56,11,45,2
156781,46,8,38,2
156782,40,7,33,2
156783,55,7,48,2
156784,67,4,63,2
156785,68,5,63,2
156786,60,9,51,2
156787,50,7,43,2
156788,40,2,38,2
156789,47,3,44,2
156790,62,9,53,2
156791,45,3,42,2
156792,50,7,43,2
156793,59,9,50,2
156794,57,9,48,2
156795,42,6,36,2
156796,57,4,53,2
156797,56,7,49,2
156798,42,5,37,2
156799,53,4,49,2
156800,55,7,48,2
156801,46,5,41,2
156802,49,8,41,2
156803,57,5,52,2
156804,62,8,54,2
156805,45,7,38,2
156806,60,7,53,2
156807,66,9,57,2
156808,62,7,55,2
156809,60,8,52,2
156810,49,7,42,2
156811,63,9,54,2
156812,61,9,52,2
156813,56,7,49,2
156814,62,5,57,2
156815,59,6,53,2
156816,57,5,52,2
156817,59,4,55,2
156818,53,8,45,2
156819,67,10,57,2
156820,59,3,56,2
156821,58,5,53,2
156822,60,14,46,2
156823,55,10,45,2
156824,38,4,34,2
156825,43,7,36,2
156826,67,8,59,2
156827,48,1,47,2
156828,53,7,46,2
156829,56,8,48,2
156830,59,10,49,2
156831,64,6,58,2
156832,53,11,42,2
156833,42,6,36,2
156834,42,7,35,2
156835,66,8,58,2
156836,46,5,41,2
156837,63,7,56,2
156838,57,13,44,2
156839,57,6,51,2
156840,53,8,45,2
156841,64,10,54,2
156842,52,3,49,2
156843,47,4,43,2
156844,49,5,44,2
156845,53,9,44,2
156846,52,10,42,2
156847,46,7,39,2
156848,46,6,40,2
156849,57,4,53,2
156850,51,7,44,2
156851,69,8,61,2
156852,47,5,42,2
156853,73,6,67,2
156854,44,4,40,2
156855,67,6,61,2
156856,50,5,45,2
156857,51,7,44,2
156858,51,7,44,2
156859,60,6,54,2
156860,54,3,51,2
156861,59,4,55,2
156862,52,10,42,2
156863,56,7,49,2
156864,49,4,45,2
156865,70,5,65,2
156866,47,6,41,2
156867,56,5,51,2
156868,51,5,46,2
156869,47,5,42,2
156870,62,4,58,2
156871,64,7,57,2
156872,43,3,40,2
156873,41,7,34,2
156874,51,9,42,2
156875,56,10,46,2
156876,57,7,50,2
156877,57,7,50,2
156878,42,5,37,2
156879,49,4,45,2
156880,47,3,44,2
156881,55,10,45,2
156882,55,11,44,2
156883,60,10,50,2
156884,45,5,40,2
156885,50,6,44,2
156886,59,6,53,2
156887,41,3,38,2
156888,47,8,39,2
156889,46,5,41,2
156890,60,8,52,2
156891,66,7,59,2
156892,67,9,58,2
156893,49,6,43,2
156894,62,12,50,2
156895,58,7,51,2
156896,53,10,43,2
156897,45,7,38,2
156898,55,8,47,2
156899,63,7,56,2
156900,73,14,59,2
156901,46,4,42,2
156902,46,4,42,2
156903,51,7,44,2
156904,47,6,41,2
156905,53,5,48,2
156906,46,1,45,2
156907,46,3,43,2
156908,50,2,48,2
156909,47,7,40,2
156910,50,10,40,2
156911,65,10,55,2
156912,55,3,52,2
156913,49,6,43,2
156914,45,6,39,2
156915,48,7,41,2
156916,39,8,31,2
156917,65,8,57,2
156918,43,9,34,2
156919,46,6,40,2
156920,54,6,48,2
156921,57,7,50,2
156922,46,8,38,2
156923,48,5,43,2
156924,12,12,0,1
156925,52,5,47,2
156926,64,8,56,2
156927,62,13,49,2
156928,65,6,59,2
156929,63,8,55,2
156930,43,5,38,2
156931,64,9,55,2
156932,56,6,50,2
156933,66,6,60,2
156934,43,5,38,2
156935,57,9,48,2
156936,53,3,50,2
156937,55,10,45,2
156938,71,5,66,2
156939,49,7,42,2
156940,46,7,39,2
156941,44,3,41,2
156942,51,6,45,2
156943,56,11,45,2
156944,45,5,40,2
156945,64,4,60,2
156946,63,4,59,2
156947,51,7,44,2
156948,41,4,37,2
156949,75,6,69,2
156950,61,9,52,2
156951,48,8,40,2
156952,70,8,62,2
156953,58,5,53,2
156954,53,5,48,2
156955,55,6,49,2
156956,58,3,55,2
156957,52,8,44,2
156958,47,2,45,2
156959,75,8,67,2
156960,52,5,47,2
156961,57,7,50,2
156962,51,11,40,2
156963,49,5,44,2
156964,52,9,43,2
156965,50,3,47,2
156966,40,4,36,2
156967,48,8,40,2
156968,72,10,62,2
156969,59,6,53,2
156970,58,10,48,2
156971,54,10,44,2
156972,49,6,43,2
156973,69,9,60,2
156974,51,6,45,2
156975,56,9,47,2
156976,45,5,40,2
156977,51,12,39,2
156978,51,8,43,2
156979,52,5,47,2
156980,56,8,48,2
156981,65,8,57,2
156982,63,11,52,2
156983,60,9,51,2
156984,60,10,50,2
156985,62,5,57,2
156986,52,2,50,2
156987,47,5,42,2
156988,43,4,39,2
156989,38,6,32,2
156990,47,7,40,2
156991,53,3,50,2
156992,58,8,50,2
156993,54,8,46,2
156994,52,9,43,2
156995,60,6,54,2
156996,64,10,54,2
156997,55,6,49,2
156998,53,7,46,2
156999,58,10,48,2
157000,56,9,47,2
157001,34,4,30,2
157002,38,3,35,2
157003,57,7,50,2
157004,58,4,54,2
157005,70,5,65,2
157006,73,1,72,2
157007,55,5,50,2
157008,48,8,40,2
157009,58,11,47,2
157010,67,10,57,2
157011,50,13,37,2
157012,74,10,64,2
157013,58,8,50,2
157014,61,11,50,2
157016,56,3,53,2
157017,52,5,47,2
157018,59,7,52,2
157019,55,5,50,2
157020,67,6,61,2
157021,48,2,46,2
157022,44,3,41,2
157023,49,9,40,2
157024,50,9,41,2
157025,51,3,48,2
157026,49,2,47,2
157027,46,9,37,2
157028,63,4,59,2
157029,59,4,55,2
157030,55,6,49,2
157031,44,2,42,2
157032,51,13,38,2
157033,46,7,39,2
157034,54,10,44,2
157035,49,5,44,2
157036,54,5,49,2
157037,53,7,46,2
157038,58,6,52,2
157039,56,10,46,2
157040,49,4,45,2
157041,49,7,42,2
157042,68,9,59,2
157043,42,4,38,2
157044,71,7,64,2
157045,54,6,48,2
157046,56,7,49,2
157047,66,6,60,2
157048,48,8,40,2
157049,56,11,45,2
157050,50,4,46,2
157051,55,7,48,2
157052,59,7,52,2
157053,60,6,54,2
157054,56,6,50,2
157055,59,4,55,2
157056,53,9,44,2
157057,53,10,43,2
157058,56,2,54,2
157059,53,5,48,2
157060,50,5,45,2
157061,53,4,49,2
157062,52,2,50,2
157063,49,7,42,2
157064,56,6,50,2
157065,55,4,51,2
157066,55,11,44,2
157067,65,8,57,2
157068,55,6,49,2
157069,68,10,58,2
157070,52,3,49,2
157071,66,9,57,2
157072,55,4,51,2
157073,60,8,52,2
157074,43,2,41,2
157075,50,5,45,2
157076,54,6,48,2
157077,56,5,51,2
157078,51,11,40,2
157079,44,3,41,2
157080,59,7,52,2
157081,59,4,55,2
157082,51,3,48,2
157083,41,1,40,2
157084,61,6,55,2
157085,50,4,46,2
157086,55,5,50,2
157087,55,3,52,2
157088,48,9,39,2
157089,56,6,50,2
157090,59,6,53,2
157091,59,11,48,2
157092,43,4,39,2
157093,63,6,57,2
157094,56,7,49,2
157095,50,5,45,2
157096,52,4,48,2
157097,62,10,52,2
157098,60,6,54,2
157099,57,5,52,2
157100,57,10,47,2
157101,63,7,56,2
157102,46,8,38,2
157103,56,5,51,2
157104,43,6,37,2
157105,63,8,55,2
157106,57,7,50,2
157107,61,6,55,2
157108,63,12,51,2
157109,48,6,42,2
157110,55,4,51,2
157111,55,4,51,2
157112,46,5,41,2
157113,62,8,54,2
157114,53,6,47,2
157115,54,8,46,2
157116,45,7,38,2
157117,50,4,46,2
157118,50,14,36,2
157119,50,5,45,2
157120,46,4,42,2
157121,46,4,42,2
157122,57,4,53,2
157123,51,8,43,2
157124,62,10,52,2
157125,68,7,61,2
157126,49,5,44,2
157127,55,7,48,2
157128,54,5,49,2
157129,73,8,65,2
157130,56,8,48,2
157131,56,9,47,2
157132,53,4,49,2
157133,46,5,41,2
157134,59,6,53,2
157135,51,8,43,2
157136,53,6,47,2
157137,46,4,42,2
157138,60,7,53,2
157139,44,5,39,2
157140,77,8,69,2
157141,44,6,38,2
157142,54,5,49,2
157143,64,3,61,2
157144,51,9,42,2
157145,48,2,46,2
157146,55,8,47,2
157147,50,6,44,2
157148,49,5,44,2
157149,69,13,56,2
157150,57,6,51,2
157151,56,6,50,2
157152,48,5,43,2
157153,57,6,51,2
157154,66,10,56,2
157155,57,11,46,2
157156,50,7,43,2
157157,44,2,42,2
157158,50,3,47,2
157159,65,8,57,2
157160,55,5,50,2
157161,58,11,47,2
157162,53,6,47,2
157163,62,11,51,2
157164,62,5,57,2
157165,60,5,55,2
157166,48,8,40,2
157167,55,7,48,2
157168,53,6,47,2
157169,57,7,50,2
157170,60,2,58,2
157171,59,6,53,2
157172,55,8,47,2
157173,64,8,56,2
157174,48,5,43,2
157175,47,6,41,2
157176,43,2,41,2
157177,46,4,42,2
157178,45,9,36,2
157179,61,6,55,2
157180,52,3,49,2
157181,51,7,44,2
157182,71,7,64,2
157183,58,4,54,2
157184,57,8,49,2
157185,51,5,46,2
157186,63,7,56,2
157187,49,1,48,2
157188,53,6,47,2
157189,44,2,42,2
157190,41,9,32,2
157191,48,4,44,2
157192,51,5,46,2
157193,44,4,40,2
157194,56,7,49,2
157195,50,5,45,2
157196,54,10,44,2
157197,61,11,50,2
157198,54,8,46,2
157199,66,8,58,2
157200,48,8,40,2
157201,62,9,53,2
157202,53,8,45,2
157203,43,8,35,2
157204,69,5,64,2
157205,41,8,33,2
157206,69,10,59,2
157207,58,6,52,2
157208,60,5,55,2
157209,66,6,60,2
157210,44,6,38,2
157211,49,10,39,2
157212,64,12,52,2
157213,57,6,51,2
157214,55,10,45,2
157215,48,5,43,2
157216,62,4,58,2
157217,69,9,60,2
157218,67,9,58,2
157219,51,6,45,2
157220,60,6,54,2
157221,56,5,51,2
157222,47,6,41,2
157223,56,5,51,2
157224,53,8,45,2
157225,57,3,54,2
157226,54,12,42,2
157227,57,7,50,2
157228,58,11,47,2
157229,47,7,40,2
157230,61,7,54,2
157231,55,5,50,2
157232,58,12,46,2
157233,61,11,50,2
157234,59,5,54,2
157235,62,8,54,2
157236,57,10,47,2
157237,66,5,61,2
157238,55,9,46,2
157239,66,6,60,2
157240,69,8,61,2
157241,53,3,50,2
157242,43,3,40,2
157243,59,7,52,2
157244,51,11,40,2
157245,56,11,45,2
157246,64,10,54,2
157247,56,10,46,2
157248,64,10,54,2
157249,60,5,55,2
157250,43,4,39,2
157251,62,7,55,2
157252,50,5,45,2
157253,52,5,47,2
157254,51,6,45,2
157255,42,5,37,2
157256,51,6,45,2
157257,62,6,56,2
157258,57,8,49,2
157259,66,8,58,2
157260,52,8,44,2
157261,57,9,48,2
157262,58,5,53,2
157263,48,3,45,2
157264,64,5,59,2
157265,46,6,40,2
157266,61,6,55,2
157267,58,6,52,2
157268,48,10,38,2
157269,52,7,45,2
157270,52,5,47,2
157271,60,8,52,2
157272,62,12,50,2
157273,57,7,50,2
157274,54,4,50,2
157275,66,4,62,2
157276,56,9,47,2
157277,64,9,55,2
157278,54,7,47,2
157279,52,7,45,2
157280,65,10,55,2
157281,65,11,54,2
157282,62,5,57,2
157283,59,5,54,2
157284,52,3,49,2
157285,58,6,52,2
157286,48,4,44,2
157287,44,5,39,2
157288,45,5,40,2
157289,62,7,55,2
157290,44,7,37,2
157291,46,7,39,2
157292,54,3,51,2
157293,54,9,45,2
157294,60,12,48,2
157295,56,4,52,2
157296,54,6,48,2
157297,70,6,64,2
157298,52,5,47,2
157299,66,6,60,2
157300,57,14,43,2
157301,54,5,49,2
157302,61,3,58,2
157303,64,10,54,2
157304,50,4,46,2
157305,65,8,57,2
157306,52,6,46,2
157307,49,9,40,2
157308,59,8,51,2
157309,43,1,42,2
157310,59,7,52,2
157311,46,7,39,2
157312,50,5,45,2
157313,58,7,51,2
157314,71,2,69,2
157315,59,6,53,2
157316,50,6,44,2
157317,64,8,56,2
157318,57,8,49,2
157319,53,4,49,2
157320,49,4,45,2
157321,63,8,55,2
157322,61,6,55,2
157323,45,8,37,2
157324,44,4,40,2
157325,73,12,61,2
157326,56,7,49,2
157327,51,5,46,2
157328,61,5,56,2
157329,45,7,38,2
157330,55,1,54,2
157331,54,7,47,2
157332,46,6,40,2
157333,35,5,30,2
157334,57,9,48,2
157335,53,3,50,2
157336,51,3,48,2
157337,49,5,44,2
157338,58,7,51,2
157339,70,7,63,2
157340,52,9,43,2
157341,48,5,43,2
157342,52,3,49,2
157343,55,6,49,2
157344,56,9,47,2
157345,56,8,48,2
157346,49,3,46,2
157347,48,4,44,2
157348,66,5,61,2
157349,49,6,43,2
157350,59,10,49,2
157351,49,5,44,2
157352,52,7,45,2
157353,53,5,48,2
157354,63,10,53,2
157355,57,6,51,2
157356,43,7,36,2
157357,66,4,62,2
157358,62,8,54,2
157359,71,4,67,2
157360,60,4,56,2
157361,60,4,56,2
157362,59,8,51,2
157363,55,9,46,2
157364,50,4,46,2
157365,53,5,48,2
157366,64,11,53,2
157367,54,5,49,2
157368,68,8,60,2
157369,55,2,53,2
157370,51,5,46,2
157371,55,9,46,2
157372,64,8,56,2
157374,56,8,48,2
157375,65,7,58,2
157376,59,4,55,2
157377,46,5,41,2
157378,45,9,36,2
157379,70,12,58,2
157380,40,6,34,2
157381,55,5,50,2
157382,59,8,51,2
157383,74,7,67,2
157384,47,4,43,2
157385,45,5,40,2
157386,55,12,43,2
157387,64,11,53,2
157388,56,5,51,2
157389,49,3,46,2
157390,54,2,52,2
157391,61,13,48,2
157392,49,8,41,2
157393,62,9,53,2
157394,56,3,53,2
157395,52,10,42,2
157396,43,6,37,2
157397,53,1,52,2
157398,37,5,32,2
157399,50,8,42,2
157400,49,7,42,2
157401,54,7,47,2
157402,58,11,47,2
157403,45,2,43,2
157404,56,2,54,2
157405,49,6,43,2
157406,64,10,54,2
157407,58,13,45,2
157408,64,5,59,2
157409,56,7,49,2
157410,61,9,52,2
157411,47,7,40,2
157412,53,3,50,2
157413,41,7,34,2
157414,50,6,44,2
157415,61,8,53,2
157416,51,8,43,2
157417,52,3,49,2
157418,52,6,46,2
157419,54,11,43,2
157420,66,11,55,2
157421,48,9,39,2
157422,52,5,47,2
157423,66,6,60,2
157424,59,2,57,2
157425,52,3,49,2
157427,52,7,45,2
157428,49,7,42,2
157429,55,10,45,2
157430,54,5,49,2
157431,61,2,59,2
157432,49,7,42,2
157433,52,8,44,2
157434,43,4,39,2
157435,43,4,39,2
157436,43,5,38,2
157437,49,5,44,2
157438,45,3,42,2
157439,41,3,38,2
157440,45,11,34,2
157441,50,4,46,2
157442,55,10,45,2
157443,62,10,52,2
157444,39,4,35,2
157445,47,4,43,2
157446,66,7,59,2
157447,51,6,45,2
157448,46,6,40,2
157449,45,5,40,2
157450,49,4,45,2
157451,51,4,47,2
157452,43,7,36,2
157453,57,5,52,2
157454,50,8,42,2
157455,41,6,35,2
157456,39,3,36,2
157457,53,7,46,2
157458,50,6,44,2
157459,63,9,54,2
157460,60,8,52,2
157461,55,4,51,2
157462,59,4,55,2
157463,52,7,45,2
157464,49,7,42,2
157465,59,10,49,2
157466,60,9,51,2
157467,48,3,45,2
157468,48,7,41,2
157469,45,6,39,2
157470,60,5,55,2
157471,45,6,39,2
157472,50,1,49,2
157473,52,5,47,2
157474,54,8,46,2
157475,62,8,54,2
157476,55,5,50,2
157477,35,7,28,2
157478,44,7,37,2
157479,48,6,42,2
157480,59,7,52,2
157481,52,6,46,2
157482,62,11,51,2
157483,56,6,50,2
157484,1,0,1,1
157485,53,5,48,2
157486,48,4,44,2
157487,65,11,54,2
157488,49,6,43,2
157489,56,9,47,2
157490,59,8,51,2
157491,64,11,53,2
157492,54,8,46,2
157494,62,7,55,2
157495,53,7,46,2
157496,42,1,41,2
157497,60,10,50,2
157498,55,9,46,2
157499,38,4,34,2
157500,50,8,42,2
157501,44,1,43,2
157502,48,5,43,2
157503,42,5,37,2
157504,38,2,36,2
157505,59,3,56,2
157506,50,6,44,2
157507,33,2,31,2
157508,51,5,46,2
157509,43,4,39,2
157510,51,6,45,2
157511,53,12,41,2
157512,53,5,48,2
157513,66,7,59,2
157514,41,5,36,2
157515,59,7,52,2
157516,50,6,44,2
157517,47,5,42,2
157518,60,10,50,2
157519,53,5,48,2
157520,61,5,56,2
157521,46,5,41,2
157522,43,4,39,2
157523,52,5,47,2
157524,46,1,45,2
157525,59,11,48,2
157526,58,3,55,2
157527,50,12,38,2
157528,55,7,48,2
157529,45,8,37,2
157530,66,10,56,2
157531,58,8,50,2
157532,52,7,45,2
157533,55,10,45,2
157534,46,5,41,2
157535,44,6,38,2
157536,59,6,53,2
157537,37,5,32,2
157538,49,7,42,2
157539,63,5,58,2
157540,59,7,52,2
157541,59,5,54,2
157542,53,10,43,2
157543,53,3,50,2
157544,63,4,59,2
157545,53,6,47,2
157546,64,10,54,2
157547,59,3,56,2
157548,57,5,52,2
157549,52,5,47,2
157550,53,4,49,2
157551,58,12,46,2
157552,48,9,39,2
157553,49,3,46,2
157554,49,9,40,2
157555,71,12,59,2
157556,62,8,54,2
157557,62,8,54,2
157558,53,8,45,2
157559,53,9,44,2
157560,55,10,45,2
157561,51,6,45,2
157562,43,6,37,2
157563,50,6,44,2
157564,62,7,55,2
157565,59,5,54,2
157566,56,11,45,2
157567,58,8,50,2
157568,58,10,48,2
157569,55,6,49,2
157570,51,5,46,2
157571,56,9,47,2
157572,55,3,52,2
157573,57,3,54,2
157574,55,7,48,2
157575,53,8,45,2
157576,62,7,55,2
157577,57,7,50,2
157578,51,10,41,2
157579,43,7,36,2
157580,66,8,58,2
157581,48,4,44,2
157582,58,3,55,2
157583,52,3,49,2
157584,52,5,47,2
157585,57,7,50,2
157586,48,3,45,2
157587,47,3,44,2
157588,49,5,44,2
157589,53,7,46,2
157590,56,11,45,2
157591,33,5,28,2
157592,42,7,35,2
157593,56,7,49,2
157594,55,8,47,2
157595,55,5,50,2
157596,50,2,48,2
157597,56,4,52,2
157598,35,1,34,2
157599,58,7,51,2
157600,51,5,46,2
157601,53,6,47,2
157602,50,7,43,2
157603,43,5,38,2
157604,59,7,52,2
157605,48,9,39,2
157606,61,7,54,2
157607,59,4,55,2
157608,51,8,43,2
157609,50,5,45,2
157610,61,7,54,2
157611,41,6,35,2
157612,54,9,45,2
157613,44,10,34,2
157615,63,7,56,2
157616,58,6,52,2
157617,56,6,50,2
157618,59,6,53,2
157619,70,3,67,2
157620,41,7,34,2
157621,57,5,52,2
157622,46,5,41,2
157623,51,4,47,2
157624,63,9,54,2
157625,46,5,41,2
157626,62,12,50,2
157627,55,8,47,2
157628,47,5,42,2
157629,56,4,52,2
157630,66,7,59,2
157631,51,5,46,2
157632,58,6,52,2
157633,52,9,43,2
157634,49,6,43,2
157635,71,5,66,2
157636,46,7,39,2
157637,60,5,55,2
157638,59,3,56,2
157639,55,6,49,2
157640,53,10,43,2
157641,55,12,43,2
157642,53,6,47,2
157643,70,10,60,2
157644,51,10,41,2
157645,43,4,39,2
157646,43,8,35,2
157647,54,6,48,2
157648,55,5,50,2
157649,43,8,35,2
157650,52,8,44,2
157651,45,3,42,2
157652,47,4,43,2
157653,60,4,56,2
157654,46,3,43,2
157655,60,5,55,2
157656,58,7,51,2
157657,44,6,38,2
157658,59,6,53,2
157659,47,10,37,2
157660,64,9,55,2
157661,49,6,43,2
157662,49,5,44,2
157663,56,7,49,2
157664,47,6,41,2
157665,61,4,57,2
157666,50,6,44,2
157667,60,6,54,2
157668,61,6,55,2
157669,47,8,39,2
157670,53,4,49,2
157671,52,5,47,2
157672,63,4,59,2
157673,57,7,50,2
157674,49,3,46,2
157675,58,7,51,2
157676,56,7,49,2
157677,54,3,51,2
157678,62,5,57,2
157679,52,9,43,2
157680,49,4,45,2
157681,76,10,66,2
157682,58,7,51,2
157683,46,4,42,2
157684,50,3,47,2
157685,66,7,59,2
157686,51,11,40,2
157687,52,7,45,2
157688,67,9,58,2
157689,53,8,45,2
157690,51,6,45,2
157691,44,3,41,2
157692,61,10,51,2
157693,54,9,45,2
157694,57,9,48,2
157695,57,6,51,2
157696,42,8,34,2
157697,48,5,43,2
157698,57,8,49,2
157699,56,9,47,2
157700,50,5,45,2
157701,52,5,47,2
157702,74,6,68,2
157703,53,6,47,2
157704,56,2,54,2
157705,70,1,69,2
157706,54,7,47,2
157707,51,5,46,2
157708,65,6,59,2
157709,49,4,45,2
157710,64,7,57,2
157711,52,7,45,2
157712,57,6,51,2
157713,48,5,43,2
157714,51,8,43,2
157715,49,5,44,2
157716,69,8,61,2
157717,61,5,56,2
157718,54,3,51,2
157719,55,11,44,2
157720,54,7,47,2
157721,61,6,55,2
157722,50,6,44,2
157723,54,6,48,2
157724,62,4,58,2
157725,45,4,41,2
157726,60,7,53,2
157727,50,5,45,2
157728,44,3,41,2
157729,61,8,53,2
157730,58,8,50,2
157731,50,8,42,2
157732,59,11,48,2
157733,59,6,53,2
157734,59,5,54,2
157735,43,5,38,2
157736,40,6,34,2
157737,43,4,39,2
157738,54,9,45,2
157739,53,9,44,2
157740,56,7,49,2
157741,51,8,43,2
157742,46,8,38,2
157743,52,4,48,2
157744,55,7,48,2
157745,44,7,37,2
157746,53,4,49,2
157747,51,4,47,2
157748,51,10,41,2
157749,56,6,50,2
157750,48,5,43,2
157751,47,3,44,2
157752,57,11,46,2
157753,58,3,55,2
157754,43,5,38,2
157755,56,4,52,2
157756,62,6,56,2
157757,53,6,47,2
157758,67,8,59,2
157759,62,10,52,2
157760,42,7,35,2
157761,55,5,50,2
157762,54,8,46,2
157763,55,9,46,2
157764,47,2,45,2
157765,48,4,44,2
157766,49,7,42,2
157767,59,10,49,2
157768,53,7,46,2
157769,38,5,33,2
157770,68,6,62,2
157771,69,13,56,2
157772,46,4,42,2
157773,55,4,51,2
157774,63,3,60,2
157775,48,8,40,2
157776,45,1,44,2
157777,53,8,45,2
157778,24,24,0,1
157779,56,3,53,2
157780,60,6,54,2
157781,54,4,50,2
157782,60,9,51,2
157783,48,6,42,2
157784,53,8,45,2
157785,47,9,38,2
157786,59,9,50,2
157787,55,5,50,2
157788,53,3,50,2
157789,55,6,49,2
157790,59,7,52,2
157791,65,4,61,2
157792,53,6,47,2
157793,66,8,58,2
157794,56,4,52,2
157795,51,4,47,2
157796,65,3,62,2
157797,53,6,47,2
157798,46,5,41,2
157799,45,4,41,2
157800,48,5,43,2
157801,41,4,37,2
157802,44,2,42,2
157803,52,5,47,2
157804,54,8,46,2
157805,47,7,40,2
157806,51,4,47,2
157807,55,9,46,2
157808,45,3,42,2
157809,69,5,64,2
157810,57,5,52,2
157811,73,8,65,2
157812,60,4,56,2
157813,55,6,49,2
157814,55,7,48,2
157815,62,4,58,2
157816,59,6,53,2
157817,56,12,44,2
157818,64,7,57,2
157819,63,7,56,2
157820,53,6,47,2
157821,44,7,37,2
157822,63,6,57,2
157823,60,9,51,2
157824,56,15,41,2
157825,45,4,41,2
157826,51,8,43,2
157827,60,7,53,2
157828,48,7,41,2
157829,43,8,35,2
157830,40,4,36,2
157831,66,2,64,2
157832,58,13,45,2
157833,56,5,51,2
157834,40,6,34,2
157835,53,4,49,2
157836,53,7,46,2
157837,47,4,43,2
157838,50,6,44,2
157839,53,4,49,2
157840,44,3,41,2
157841,71,8,63,2
157842,52,8,44,2
157843,58,8,50,2
157844,57,9,48,2
157845,41,7,34,2
157846,49,10,39,2
157847,68,6,62,2
157848,63,10,53,2
157849,44,7,37,2
157850,49,4,45,2
157851,51,4,47,2
157852,62,8,54,2
157853,56,7,49,2
157854,54,5,49,2
157855,62,8,54,2
157856,53,3,50,2
157857,54,5,49,2
157858,62,4,58,2
157859,51,4,47,2
157860,64,4,60,2
157861,49,8,41,2
157862,52,4,48,2
157863,51,8,43,2
157864,65,6,59,2
157865,62,7,55,2
157866,50,4,46,2
157867,63,3,60,2
157868,44,6,38,2
157869,63,4,59,2
157870,56,6,50,2
157871,54,4,50,2
157872,56,8,48,2
157873,66,5,61,2
157874,58,5,53,2
157875,51,7,44,2
157876,58,3,55,2
157877,58,6,52,2
157878,68,10,58,2
157879,43,3,40,2
157880,59,11,48,2
157881,38,5,33,2
157882,58,12,46,2
157883,53,3,50,2
157884,59,7,52,2
157885,61,7,54,2
157886,52,8,44,2
157887,58,10,48,2
157888,66,6,60,2
157889,45,2,43,2
157890,48,7,41,2
157891,52,5,47,2
157892,47,8,39,2
157893,63,11,52,2
157894,47,4,43,2
157895,47,8,39,2
157896,54,4,50,2
157897,44,5,39,2
157898,60,5,55,2
157899,48,7,41,2
157900,51,5,46,2
157901,57,10,47,2
157902,52,6,46,2
157903,57,4,53,2
157904,58,6,52,2
157905,57,9,48,2
157906,52,9,43,2
157907,54,8,46,2
157908,58,12,46,2
157909,48,2,46,2
157910,59,7,52,2
157911,58,14,44,2
157912,49,6,43,2
157913,48,8,40,2
157914,48,3,45,2
157915,60,7,53,2
157916,56,8,48,2
157917,39,1,38,2
157918,58,4,54,2
157919,47,4,43,2
157920,51,7,44,2
157921,54,6,48,2
157922,43,4,39,2
157923,72,12,60,2
157924,56,10,46,2
157925,67,8,59,2
157926,50,8,42,2
157927,57,4,53,2
157928,51,7,44,2
157929,53,5,48,2
157930,56,10,46,2
157931,54,7,47,2
157932,63,9,54,2
157933,50,7,43,2
157934,46,4,42,2
157935,37,8,29,2
157936,48,4,44,2
157937,37,5,32,2
157938,63,10,53,2
157939,46,3,43,2
157940,56,8,48,2
157941,52,7,45,2
157942,54,9,45,2
157943,54,9,45,2
157944,45,6,39,2
157945,59,9,50,2
157946,69,9,60,2
157947,53,7,46,2
157948,58,9,49,2
157949,60,11,49,2
157950,40,2,38,2
157951,44,5,39,2
157952,56,3,53,2
157953,60,7,53,2
157954,56,8,48,2
157955,49,6,43,2
157956,57,4,53,2
157957,55,10,45,2
157958,52,6,46,2
157959,51,6,45,2
157960,44,4,40,2
157961,56,10,46,2
157962,45,6,39,2
157963,38,6,32,2
157964,55,6,49,2
157965,46,2,44,2
157966,53,9,44,2
157967,58,5,53,2
157968,60,7,53,2
157969,49,11,38,2
157970,41,3,38,2
157971,49,2,47,2
157972,40,6,34,2
157973,60,7,53,2
157974,62,8,54,2
157975,45,5,40,2
157976,65,6,59,2
157977,63,10,53,2
157978,60,8,52,2
157979,43,3,40,2
157980,49,4,45,2
157981,63,11,52,2
157982,49,8,41,2
157983,53,4,49,2
157984,64,6,58,2
157985,38,5,33,2
157986,45,4,41,2
157987,62,7,55,2
157988,61,8,53,2
157989,53,9,44,2
157990,60,8,52,2
157991,54,5,49,2
157992,53,6,47,2
157993,56,6,50,2
157994,47,6,41,2
157995,52,1,51,2
157996,43,6,37,2
157997,61,3,58,2
157998,63,10,53,2
157999,43,7,36,2
158000,54,7,47,2
158001,11,0,11,1
158002,43,5,38,2
158003,64,7,57,2
158004,53,2,51,2
158005,54,7,47,2
158006,67,7,60,2
158007,46,7,39,2
158008,55,5,50,2
158009,49,8,41,2
158010,53,4,49,2
158011,56,7,49,2
158012,61,6,55,2
158013,46,6,40,2
158014,52,1,51,2
158015,49,9,40,2
158016,36,2,34,2
158017,48,3,45,2
158018,54,4,50,2
158019,44,4,40,2
158020,52,7,45,2
158021,57,7,50,2
158022,63,7,56,2
158023,56,5,51,2
158024,56,5,51,2
158025,63,6,57,2
158026,51,6,45,2
158027,55,5,50,2
158028,51,6,45,2
158029,50,4,46,2
158030,53,2,51,2
158031,42,4,38,2
158032,53,8,45,2
158033,55,4,51,2
158034,48,4,44,2
158035,57,10,47,2
158036,51,8,43,2
158037,43,9,34,2
158038,60,9,51,2
158039,65,8,57,2
158040,71,5,66,2
158041,50,9,41,2
158042,60,9,51,2
158043,56,4,52,2
158044,57,7,50,2
158045,52,5,47,2
158046,52,7,45,2
158047,52,6,46,2
158048,56,9,47,2
158049,58,8,50,2
158050,48,2,46,2
158051,56,8,48,2
158052,49,5,44,2
158053,52,5,47,2
158054,56,8,48,2
158055,59,4,55,2
158056,55,5,50,2
158057,59,3,56,2
158058,48,7,41,2
158059,64,3,61,2
158060,68,8,60,2
158061,55,6,49,2
158062,59,11,48,2
158063,58,9,49,2
158064,53,6,47,2
158065,47,15,32,2
158066,41,6,35,2
158067,53,9,44,2
158068,50,6,44,2
158069,60,6,54,2
158070,43,8,35,2
158071,46,1,45,2
158072,49,5,44,2
158073,64,7,57,2
158074,55,12,43,2
158075,61,8,53,2
158076,59,5,54,2
158077,55,5,50,2
158078,53,9,44,2
158079,56,5,51,2
158080,74,6,68,2
158081,60,5,55,2
158082,51,5,46,2
158083,58,9,49,2
158084,42,3,39,2
158085,56,5,51,2
158086,60,11,49,2
158087,53,7,46,2
158088,50,7,43,2
158089,67,5,62,2
158090,55,8,47,2
158091,55,5,50,2
158092,55,9,46,2
158093,47,6,41,2
158094,55,6,49,2
158095,42,5,37,2
158096,51,2,49,2
158097,57,10,47,2
158098,64,7,57,2
158099,57,2,55,2
158100,50,4,46,2
158101,63,9,54,2
158102,44,6,38,2
158103,54,5,49,2
158104,45,7,38,2
158105,56,6,50,2
158106,65,8,57,2
158107,66,9,57,2
158108,46,4,42,2
158109,47,8,39,2
158110,54,7,47,2
158111,62,3,59,2
158112,67,5,62,2
158113,72,5,67,2
158114,60,9,51,2
158115,63,6,57,2
158116,45,4,41,2
158117,47,6,41,2
158118,57,4,53,2
158119,81,12,69,2
158120,47,6,41,2
158121,50,7,43,2
158122,61,4,57,2
158123,59,5,54,2
158124,40,6,34,2
158125,66,8,58,2
158126,49,4,45,2
158127,58,6,52,2
158128,68,10,58,2
158129,47,6,41,2
158130,58,9,49,2
158131,55,5,50,2
158132,65,13,52,2
158133,60,8,52,2
158134,52,3,49,2
158135,62,8,54,2
158136,67,8,59,2
158137,61,5,56,2
158138,61,11,50,2
158139,50,3,47,2
158140,50,3,47,2
158141,51,5,46,2
158142,64,7,57,2
158143,58,11,47,2
158144,58,7,51,2
158145,45,8,37,2
158146,44,5,39,2
158147,64,3,61,2
158148,54,5,49,2
158149,52,5,47,2
158150,47,8,39,2
158151,51,8,43,2
158152,38,5,33,2
158153,55,9,46,2
158154,62,5,57,2
158155,61,8,53,2
158156,74,6,68,2
158157,64,8,56,2
158158,58,6,52,2
158159,47,3,44,2
158160,52,11,41,2
158161,50,3,47,2
158162,62,9,53,2
158163,57,3,54,2
158164,62,7,55,2
158165,55,4,51,2
158166,51,9,42,2
158167,49,7,42,2
158168,47,6,41,2
158169,53,8,45,2
158170,62,7,55,2
158171,54,9,45,2
158172,69,7,62,2
158173,51,6,45,2
158174,47,5,42,2
158175,60,10,50,2
158176,57,5,52,2
158177,53,3,50,2
158178,74,5,69,2
158179,58,5,53,2
158180,52,6,46,2
158181,61,5,56,2
158182,70,7,63,2
158183,59,5,54,2
158184,59,6,53,2
158185,46,12,34,2
158186,57,5,52,2
158187,51,9,42,2
158188,54,4,50,2
158189,55,7,48,2
158190,63,11,52,2
158191,56,5,51,2
158192,57,6,51,2
158193,50,8,42,2
158194,67,4,63,2
158195,50,4,46,2
158196,53,6,47,2
158197,49,10,39,2
158198,52,4,48,2
158199,60,11,49,2
158200,67,5,62,2
158201,56,11,45,2
158202,63,6,57,2
158203,51,5,46,2
158204,44,6,38,2
158205,52,6,46,2
158206,46,5,41,2
158207,70,5,65,2
158208,56,9,47,2
158209,64,9,55,2
158210,58,8,50,2
158211,49,3,46,2
158212,48,7,41,2
158213,66,8,58,2
158214,39,2,37,2
158215,46,7,39,2
158216,55,6,49,2
158217,61,9,52,2
158218,55,7,48,2
158219,46,4,42,2
158220,45,6,39,2
158221,60,9,51,2
158222,57,8,49,2
158223,62,9,53,2
158224,56,2,54,2
158225,61,5,56,2
158226,52,6,46,2
158227,54,4,50,2
158228,50,3,47,2
158229,45,5,40,2
158230,55,5,50,2
158231,57,5,52,2
158232,43,8,35,2
158233,61,7,54,2
158234,53,8,45,2
158235,41,4,37,2
158236,55,5,50,2
158237,47,2,45,2
158238,58,8,50,2
158239,67,8,59,2
158240,54,6,48,2
158241,66,7,59,2
158242,48,4,44,2
158243,56,6,50,2
158244,56,7,49,2
158245,47,7,40,2
158246,64,4,60,2
158247,48,4,44,2
158248,53,5,48,2
158249,53,13,40,2
158250,47,6,41,2
158251,64,7,57,2
158252,71,11,60,2
158253,59,10,49,2
158254,52,3,49,2
158255,52,2,50,2
158256,62,5,57,2
158257,58,6,52,2
158258,63,10,53,2
158259,53,6,47,2
158260,44,11,33,2
158261,52,8,44,2
158262,55,4,51,2
158263,38,5,33,2
158264,62,9,53,2
158265,48,6,42,2
158266,58,4,54,2
158267,42,6,36,2
158269,50,9,41,2
158270,54,4,50,2
158271,57,10,47,2
158272,52,6,46,2
158273,51,3,48,2
158274,58,4,54,2
158275,54,5,49,2
158276,52,4,48,2
158277,50,5,45,2
158278,47,7,40,2
158279,49,8,41,2
158280,53,14,39,2
158281,50,8,42,2
158282,59,4,55,2
158283,50,4,46,2
158284,56,7,49,2
158285,60,6,54,2
158286,52,8,44,2
158287,59,3,56,2
158288,67,9,58,2
158289,57,8,49,2
158290,55,9,46,2
158291,45,7,38,2
158292,47,8,39,2
158293,50,3,47,2
158294,42,5,37,2
158295,56,9,47,2
158296,47,5,42,2
158297,57,8,49,2
158298,50,2,48,2
158299,53,5,48,2
158300,69,5,64,2
158301,55,6,49,2
158302,49,6,43,2
158303,56,5,51,2
158304,57,6,51,2
158305,54,12,42,2
158306,41,4,37,2
158308,53,8,45,2
158309,47,9,38,2
158310,47,5,42,2
158311,54,6,48,2
158312,54,4,50,2
158313,49,9,40,2
158314,48,5,43,2
158315,45,3,42,2
158316,53,6,47,2
158317,49,4,45,2
158318,41,5,36,2
158319,48,8,40,2
158320,57,8,49,2
158321,71,8,63,2
158322,64,7,57,2
158323,53,4,49,2
158324,47,5,42,2
158325,35,2,33,2
158326,65,8,57,2
158327,64,4,60,2
158328,41,3,38,2
158329,51,7,44,2
158330,56,10,46,2
158331,49,5,44,2
158332,53,5,48,2
158333,49,8,41,2
158334,49,7,42,2
158335,62,4,58,2
158336,45,7,38,2
158337,57,4,53,2
158338,71,9,62,2
158339,65,7,58,2
158340,53,6,47,2
158341,51,4,47,2
158342,57,9,48,2
158343,52,7,45,2
158344,58,5,53,2
158345,44,6,38,2
158346,51,6,45,2
158347,53,12,41,2
158348,44,2,42,2
158349,52,6,46,2
158350,44,6,38,2
158351,51,4,47,2
158352,49,2,47,2
158353,45,10,35,2
158354,50,5,45,2
158355,54,10,44,2
158356,45,9,36,2
158357,52,7,45,2
158358,62,6,56,2
158359,44,4,40,2
158360,57,8,49,2
158361,47,9,38,2
158362,53,8,45,2
158363,48,7,41,2
158364,55,4,51,2
158365,54,7,47,2
158366,40,4,36,2
158367,46,5,41,2
158368,50,9,41,2
158369,48,6,42,2
158370,46,4,42,2
158371,70,8,62,2
158372,52,2,50,2
158373,66,7,59,2
158374,63,8,55,2
158375,47,4,43,2
158376,59,10,49,2
158377,67,10,57,2
158378,52,4,48,2
158379,53,4,49,2
158380,58,5,53,2
158381,64,9,55,2
158382,57,6,51,2
158383,48,11,37,2
158384,71,12,59,2
158385,45,4,41,2
158386,46,5,41,2
158387,60,11,49,2
158388,60,10,50,2
158389,54,8,46,2
158390,55,8,47,2
158391,53,8,45,2
158392,52,2,50,2
158393,51,10,41,2
158394,56,4,52,2
158395,65,8,57,2
158396,59,12,47,2
158397,55,6,49,2
158398,44,5,39,2
158399,60,2,58,2
158400,53,4,49,2
158401,45,4,41,2
158402,53,7,46,2
158403,63,5,58,2
158404,45,3,42,2
158405,65,10,55,2
158406,83,6,77,2
158407,61,7,54,2
158408,46,7,39,2
158409,49,10,39,2
158410,60,6,54,2
158411,51,9,42,2
158412,62,12,50,2
158413,50,5,45,2
158414,72,9,63,2
158415,47,6,41,2
158416,59,5,54,2
158417,54,2,52,2
158418,58,6,52,2
158419,55,11,44,2
158420,45,5,40,2
158421,54,11,43,2
158422,70,10,60,2
158423,50,5,45,2
158424,56,9,47,2
158425,52,2,50,2
158426,61,5,56,2
158427,58,10,48,2
158428,51,5,46,2
158429,43,1,42,2
158430,59,9,50,2
158431,51,2,49,2
158432,76,16,60,2
158433,50,7,43,2
158434,56,5,51,2
158435,51,3,48,2
158436,67,9,58,2
158437,51,11,40,2
158438,48,11,37,2
158439,51,1,50,2
158440,47,7,40,2
158441,44,6,38,2
158442,60,7,53,2
158443,42,2,40,2
158444,58,9,49,2
158445,57,10,47,2
158446,55,11,44,2
158447,42,4,38,2
158448,44,4,40,2
158449,48,7,41,2
158450,40,6,34,2
158451,48,5,43,2
158452,61,1,60,2
158453,45,8,37,2
158454,49,5,44,2
158455,51,6,45,2
158456,53,5,48,2
158457,53,3,50,2
158458,43,5,38,2
158459,44,1,43,2
158460,36,6,30,2
158461,49,7,42,2
158462,52,6,46,2
158463,49,7,42,2
158464,49,7,42,2
158465,47,1,46,2
158466,57,6,51,2
158467,54,6,48,2
158468,55,7,48,2
158469,57,11,46,2
158470,60,4,56,2
158471,61,8,53,2
158472,56,8,48,2
158473,53,9,44,2
158474,49,6,43,2
158475,48,3,45,2
158476,66,10,56,2
158477,47,7,40,2
158478,55,5,50,2
158479,56,7,49,2
158480,46,4,42,2
158481,42,4,38,2
158482,55,3,52,2
158483,50,6,44,2
158484,49,6,43,2
158485,45,5,40,2
158486,51,7,44,2
158487,56,11,45,2
158488,43,4,39,2
158489,54,3,51,2
158490,58,6,52,2
158491,53,8,45,2
158492,58,7,51,2
158493,56,11,45,2
158494,49,9,40,2
158495,45,7,38,2
158496,46,5,41,2
158497,47,7,40,2
158498,52,8,44,2
158499,40,5,35,2
158500,53,6,47,2
158501,54,4,50,2
158502,54,5,49,2
158503,63,5,58,2
158504,45,6,39,2
158505,46,5,41,2
158506,52,10,42,2
158507,56,4,52,2
158508,55,8,47,2
158509,50,9,41,2
158510,62,8,54,2
158511,45,8,37,2
158512,57,9,48,2
158513,50,5,45,2
158514,81,16,65,2
158515,43,4,39,2
158516,57,5,52,2
158517,53,4,49,2
158518,55,5,50,2
158519,56,5,51,2
158520,48,5,43,2
158522,57,8,49,2
158523,67,11,56,2
158524,59,4,55,2
158525,46,9,37,2
158526,48,4,44,2
158527,51,3,48,2
158528,53,5,48,2
158529,66,11,55,2
158530,51,8,43,2
158531,65,9,56,2
158532,48,2,46,2
158533,59,7,52,2
158534,58,5,53,2
158535,57,7,50,2
158536,64,10,54,2
158537,60,9,51,2
158538,48,4,44,2
158539,50,5,45,2
158540,52,12,40,2
158541,55,6,49,2
158542,49,9,40,2
158543,50,4,46,2
158544,54,6,48,2
158545,49,3,46,2
158546,64,7,57,2
158547,54,7,47,2
158548,52,9,43,2
158549,58,6,52,2
158550,47,8,39,2
158551,58,11,47,2
158552,57,12,45,2
158553,48,7,41,2
158554,67,4,63,2
158555,66,10,56,2
158556,53,6,47,2
158557,57,10,47,2
158558,51,7,44,2
158559,58,9,49,2
158560,57,0,57,1
158561,43,7,36,2
158562,58,8,50,2
158563,58,4,54,2
158564,54,7,47,2
158565,50,5,45,2
158566,48,2,46,2
158567,55,4,51,2
158568,57,8,49,2
158569,50,2,48,2
158570,58,5,53,2
158571,58,5,53,2
158572,52,6,46,2
158573,52,1,51,2
158574,57,4,53,2
158575,48,5,43,2
158576,49,3,46,2
158577,47,6,41,2
158578,63,3,60,2
158579,58,6,52,2
158580,64,10,54,2
158581,38,9,29,2
158582,54,7,47,2
158583,57,6,51,2
158584,54,4,50,2
158585,61,7,54,2
158586,40,7,33,2
158587,44,6,38,2
158588,71,8,63,2
158589,58,8,50,2
158590,60,2,58,2
158591,50,5,45,2
158592,49,5,44,2
158593,50,6,44,2
158594,48,2,46,2
158595,58,7,51,2
158596,53,6,47,2
158597,53,5,48,2
158598,50,10,40,2
158600,66,8,58,2
158601,62,9,53,2
158602,63,10,53,2
158603,65,12,53,2
158604,60,6,54,2
158605,60,9,51,2
158607,51,10,41,2
158608,51,8,43,2
158609,46,5,41,2
158610,52,6,46,2
158611,62,8,54,2
158612,55,5,50,2
158613,54,7,47,2
158614,48,6,42,2
158615,59,8,51,2
158616,72,11,61,2
158617,57,6,51,2
158618,61,9,52,2
158619,57,10,47,2
158620,64,8,56,2
158621,75,10,65,2
158622,50,6,44,2
158623,55,7,48,2
158624,59,6,53,2
158625,51,7,44,2
158626,58,8,50,2
158627,53,7,46,2
158628,58,7,51,2
158629,49,9,40,2
158630,51,8,43,2
158631,63,6,57,2
158632,47,4,43,2
158633,56,10,46,2
158634,50,6,44,2
158635,56,6,50,2
158636,58,5,53,2
158637,59,4,55,2
158638,61,9,52,2
158639,59,7,52,2
158640,60,5,55,2
158641,53,6,47,2
158642,48,7,41,2
158643,54,6,48,2
158644,49,3,46,2
158645,60,10,50,2
158646,52,8,44,2
158647,53,2,51,2
158648,53,6,47,2
158649,65,10,55,2
158650,56,9,47,2
158651,38,6,32,2
158652,53,3,50,2
158653,45,10,35,2
158654,53,9,44,2
158655,64,9,55,2
158656,56,8,48,2
158657,48,2,46,2
158658,54,7,47,2
158659,53,5,48,2
158660,54,10,44,2
158661,45,6,39,2
158662,66,6,60,2
158663,58,5,53,2
158664,63,14,49,2
158665,56,12,44,2
158666,46,5,41,2
158667,60,9,51,2
158668,57,6,51,2
158669,45,6,39,2
158670,58,13,45,2
158671,43,6,37,2
158672,44,11,33,2
158673,63,7,56,2
158674,53,11,42,2
158675,48,8,40,2
158676,61,5,56,2
158677,56,3,53,2
158678,68,7,61,2
158679,54,5,49,2
158680,45,7,38,2
158681,44,4,40,2
158682,54,7,47,2
158683,52,9,43,2
158684,59,3,56,2
158685,57,7,50,2
158686,60,5,55,2
158687,47,4,43,2
158688,61,7,54,2
158689,60,8,52,2
158690,45,10,35,2
158691,83,12,71,2
158692,51,4,47,2
158693,55,9,46,2
158694,51,7,44,2
158695,50,5,45,2
158696,46,4,42,2
158697,57,10,47,2
158698,54,10,44,2
158699,58,6,52,2
158700,47,4,43,2
158701,39,3,36,2
158702,59,10,49,2
158703,41,6,35,2
158704,53,10,43,2
158705,54,7,47,2
158706,45,6,39,2
158707,47,6,41,2
158708,45,4,41,2
158709,55,9,46,2
158710,57,5,52,2
158711,56,9,47,2
158712,59,4,55,2
158713,56,8,48,2
158714,54,8,46,2
158715,67,3,64,2
158716,60,8,52,2
158717,55,11,44,2
158718,61,7,54,2
158719,58,4,54,2
158720,57,9,48,2
158721,63,5,58,2
158722,53,4,49,2
158723,71,8,63,2
158724,47,5,42,2
158725,35,3,32,2
158726,52,5,47,2
158727,53,7,46,2
158728,62,9,53,2
158729,63,11,52,2
158730,45,7,38,2
158731,40,7,33,2
158732,57,8,49,2
158733,57,8,49,2
158734,61,7,54,2
158735,56,6,50,2
158736,51,2,49,2
158737,68,10,58,2
158738,57,8,49,2
158739,57,3,54,2
158740,58,7,51,2
158741,42,3,39,2
158742,59,7,52,2
158743,48,6,42,2
158744,47,6,41,2
158745,58,5,53,2
158746,41,8,33,2
158747,51,5,46,2
158748,59,7,52,2
158749,51,7,44,2
158750,60,5,55,2
158751,52,6,46,2
158752,50,9,41,2
158753,56,7,49,2
158754,45,5,40,2
158755,57,11,46,2
158756,54,6,48,2
158757,44,5,39,2
158758,59,7,52,2
158759,53,8,45,2
158760,57,4,53,2
158761,61,8,53,2
158762,52,4,48,2
158763,40,3,37,2
158764,69,9,60,2
158765,51,7,44,2
158766,51,3,48,2
158767,54,8,46,2
158768,49,5,44,2
158769,49,9,40,2
158770,48,5,43,2
158771,52,5,47,2
158772,48,6,42,2
158773,54,5,49,2
158774,52,5,47,2
158775,57,12,45,2
158776,59,6,53,2
158777,60,8,52,2
158778,55,7,48,2
158779,58,8,50,2
158780,50,7,43,2
158781,67,10,57,2
158782,63,6,57,2
158783,52,8,44,2
158784,52,4,48,2
158785,61,5,56,2
158786,56,5,51,2
158787,47,6,41,2
158788,69,3,66,2
158789,52,9,43,2
158790,63,7,56,2
158791,71,8,63,2
158792,39,7,32,2
158793,58,9,49,2
158794,47,3,44,2
158795,52,5,47,2
158796,44,6,38,2
158797,57,8,49,2
158798,65,11,54,2
158799,53,10,43,2
158800,53,9,44,2
158801,55,6,49,2
158802,60,5,55,2
158803,49,8,41,2
158804,47,2,45,2
158805,50,3,47,2
158806,64,12,52,2
158807,53,6,47,2
158808,66,12,54,2
158809,47,7,40,2
158810,55,4,51,2
158811,63,10,53,2
158812,51,5,46,2
158813,73,10,63,2
158814,50,8,42,2
158815,57,5,52,2
158816,61,9,52,2
158817,52,9,43,2
158818,57,7,50,2
158819,55,7,48,2
158820,54,4,50,2
158821,41,4,37,2
158822,63,7,56,2
158823,44,3,41,2
158824,43,6,37,2
158825,65,5,60,2
158826,51,3,48,2
158827,61,3,58,2
158828,53,9,44,2
158829,68,10,58,2
158830,65,13,52,2
158831,67,11,56,2
158832,59,11,48,2
158833,69,8,61,2
158834,46,4,42,2
158835,58,6,52,2
158836,49,3,46,2
158837,48,1,47,2
158838,45,1,44,2
158839,46,5,41,2
158840,50,4,46,2
158841,58,7,51,2
158842,56,7,49,2
158843,63,7,56,2
158844,54,7,47,2
158845,60,5,55,2
158846,59,7,52,2
158847,61,8,53,2
158848,52,9,43,2
158849,68,8,60,2
158850,60,8,52,2
158851,43,7,36,2
158852,51,8,43,2
158853,47,4,43,2
158854,51,5,46,2
158855,51,9,42,2
158856,57,10,47,2
158857,67,11,56,2
158858,51,7,44,2
158859,54,2,52,2
158860,64,4,60,2
158861,43,2,41,2
158862,42,7,35,2
158863,73,7,66,2
158864,61,8,53,2
158865,59,7,52,2
158866,69,4,65,2
158867,60,12,48,2
158868,47,8,39,2
158869,64,10,54,2
158870,48,5,43,2
158871,62,6,56,2
158872,59,8,51,2
158873,57,5,52,2
158874,60,12,48,2
158875,53,13,40,2
158876,55,4,51,2
158877,48,4,44,2
158878,56,6,50,2
158879,56,8,48,2
158880,53,1,52,2
158881,45,6,39,2
158882,51,7,44,2
158883,64,5,59,2
158884,51,6,45,2
158885,62,11,51,2
158886,62,6,56,2
158887,50,5,45,2
158888,51,4,47,2
158889,40,7,33,2
158890,62,10,52,2
158891,58,8,50,2
158892,60,10,50,2
158893,61,10,51,2
158894,48,5,43,2
158895,61,8,53,2
158896,58,3,55,2
158897,42,7,35,2
158898,71,9,62,2
158899,57,8,49,2
158900,49,7,42,2
158901,49,6,43,2
158902,59,8,51,2
158903,65,8,57,2
158904,64,8,56,2
158905,47,4,43,2
158906,52,3,49,2
158907,77,12,65,2
158908,47,6,41,2
158909,58,10,48,2
158910,47,7,40,2
158911,55,6,49,2
158912,51,4,47,2
158913,60,6,54,2
158914,39,1,38,2
158915,47,8,39,2
158916,47,5,42,2
158917,61,7,54,2
158918,54,7,47,2
158919,48,5,43,2
158920,56,7,49,2
158921,70,9,61,2
158922,61,6,55,2
158923,45,2,43,2
158924,59,4,55,2
158925,61,11,50,2
158926,49,5,44,2
158927,58,6,52,2
158928,48,6,42,2
158929,48,5,43,2
158930,63,8,55,2
158931,51,10,41,2
158932,50,4,46,2
158933,42,2,40,2
158934,59,7,52,2
158935,51,6,45,2
158936,66,3,63,2
158937,43,10,33,2
158938,43,7,36,2
158939,61,4,57,2
158940,48,5,43,2
158941,60,9,51,2
158942,67,8,59,2
158943,61,7,54,2
158944,46,8,38,2
158945,48,8,40,2
158946,49,9,40,2
158947,73,12,61,2
158948,57,6,51,2
158949,54,10,44,2
158950,52,11,41,2
158951,44,7,37,2
158952,60,5,55,2
158953,65,13,52,2
158954,44,4,40,2
158955,52,7,45,2
158956,52,5,47,2
158957,42,3,39,2
158958,56,10,46,2
158959,61,10,51,2
158960,56,8,48,2
158961,51,9,42,2
158962,48,10,38,2
158963,76,2,74,2
158964,61,8,53,2
158965,57,4,53,2
158966,56,8,48,2
158967,59,10,49,2
158968,63,9,54,2
158969,58,11,47,2
158970,48,5,43,2
158971,61,5,56,2
158972,51,5,46,2
158973,53,10,43,2
158974,54,5,49,2
158975,52,3,49,2
158976,55,5,50,2
158977,46,6,40,2
158978,49,8,41,2
158979,46,5,41,2
158980,61,8,53,2
158981,63,10,53,2
158982,64,6,58,2
158983,49,5,44,2
158985,64,11,53,2
158986,64,6,58,2
158987,53,6,47,2
158988,61,6,55,2
158989,48,6,42,2
158990,60,10,50,2
158991,31,4,27,2
158992,43,3,40,2
158993,61,5,56,2
158994,47,4,43,2
158995,43,4,39,2
158996,59,9,50,2
158997,56,5,51,2
158998,66,6,60,2
158999,50,10,40,2
159000,38,5,33,2
159001,57,6,51,2
159002,47,8,39,2
159003,41,5,36,2
159004,53,7,46,2
159005,56,1,55,2
159006,68,4,64,2
159007,57,4,53,2
159008,52,6,46,2
159009,48,10,38,2
159010,42,3,39,2
159011,44,10,34,2
159012,59,12,47,2
159013,56,6,50,2
159014,60,7,53,2
159015,46,8,38,2
159016,45,3,42,2
159017,41,8,33,2
159018,52,7,45,2
159019,56,5,51,2
159020,63,9,54,2
159021,73,9,64,2
159022,72,5,67,2
159023,55,11,44,2
159024,60,10,50,2
159025,75,8,67,2
159026,55,9,46,2
159027,61,10,51,2
159028,53,7,46,2
159029,51,10,41,2
159030,72,8,64,2
159031,40,5,35,2
159032,50,4,46,2
159033,56,8,48,2
159034,59,8,51,2
159035,64,6,58,2
159036,40,4,36,2
159037,55,7,48,2
159038,62,8,54,2
159039,64,5,59,2
159040,47,4,43,2
159041,50,7,43,2
159042,53,7,46,2
159043,59,5,54,2
159044,54,5,49,2
159045,37,4,33,2
159046,53,11,42,2
159047,55,3,52,2
159048,66,6,60,2
159049,53,8,45,2
159050,50,7,43,2
159051,42,3,39,2
159052,51,8,43,2
159053,58,9,49,2
159054,48,5,43,2
159055,50,7,43,2
159056,56,6,50,2
159057,51,7,44,2
159058,47,3,44,2
159059,58,6,52,2
159060,51,8,43,2
159061,41,6,35,2
159062,50,4,46,2
159063,55,6,49,2
159064,74,3,71,2
159065,55,7,48,2
159066,64,4,60,2
159067,59,8,51,2
159068,56,6,50,2
159069,55,5,50,2
159070,52,3,49,2
159071,53,6,47,2
159072,64,4,60,2
159073,42,3,39,2
159074,72,5,67,2
159075,47,13,34,2
159076,60,6,54,2
159077,50,8,42,2
159078,48,7,41,2
159079,57,6,51,2
159080,61,9,52,2
159081,51,6,45,2
159082,53,10,43,2
159083,51,5,46,2
159084,63,12,51,2
159085,48,4,44,2
159086,54,6,48,2
159087,49,6,43,2
159088,51,5,46,2
159089,53,8,45,2
159090,62,9,53,2
159091,57,9,48,2
159092,63,4,59,2
159093,51,9,42,2
159094,55,11,44,2
159095,45,9,36,2
159096,58,6,52,2
159097,48,6,42,2
159098,55,5,50,2
159099,40,2,38,2
159100,48,6,42,2
159101,62,12,50,2
159102,58,9,49,2
159103,44,9,35,2
159104,71,6,65,2
159105,53,6,47,2
159106,52,4,48,2
159107,58,8,50,2
159108,58,8,50,2
159109,47,3,44,2
159110,50,6,44,2
159111,56,6,50,2
159112,65,11,54,2
159113,53,8,45,2
159114,56,5,51,2
159115,51,5,46,2
159116,62,9,53,2
159117,60,5,55,2
159118,53,5,48,2
159119,50,4,46,2
159120,48,6,42,2
159121,52,4,48,2
159122,64,5,59,2
159123,55,11,44,2
159124,48,4,44,2
159125,61,8,53,2
159126,56,4,52,2
159127,53,3,50,2
159128,58,7,51,2
159129,41,6,35,2
159130,52,4,48,2
159131,75,8,67,2
159132,67,5,62,2
159133,56,10,46,2
159134,63,9,54,2
159135,46,3,43,2
159136,44,4,40,2
159137,57,6,51,2
159138,60,4,56,2
159139,56,8,48,2
159140,55,5,50,2
159141,61,8,53,2
159142,53,7,46,2
159143,56,6,50,2
159144,48,8,40,2
159145,57,18,39,2
159146,48,8,40,2
159147,64,7,57,2
159148,58,7,51,2
159149,64,7,57,2
159150,45,3,42,2
159151,59,5,54,2
159152,60,9,51,2
159153,52,5,47,2
159154,57,13,44,2
159155,41,8,33,2
159156,50,2,48,2
159157,58,9,49,2
159158,52,6,46,2
159159,55,11,44,2
159160,61,6,55,2
159161,44,7,37,2
159162,60,9,51,2
159163,62,14,48,2
159164,43,4,39,2
159165,50,9,41,2
159166,54,4,50,2
159167,60,10,50,2
159168,65,5,60,2
159169,46,5,41,2
159170,50,8,42,2
159171,48,7,41,2
159172,47,3,44,2
159173,47,6,41,2
159174,44,4,40,2
159175,49,10,39,2
159176,60,8,52,2
159177,56,4,52,2
159178,52,8,44,2
159179,55,5,50,2
159181,49,7,42,2
159182,53,4,49,2
159183,68,11,57,2
159184,63,4,59,2
159185,62,4,58,2
159186,44,2,42,2
159187,53,7,46,2
159188,53,2,51,2
159189,47,6,41,2
159190,53,9,44,2
159191,55,4,51,2
159192,54,8,46,2
159193,49,8,41,2
159194,44,4,40,2
159195,63,7,56,2
159196,46,6,40,2
159197,69,3,66,2
159198,62,6,56,2
159199,50,6,44,2
159200,45,4,41,2
159201,51,8,43,2
159202,46,5,41,2
159203,54,8,46,2
159204,58,9,49,2
159205,48,7,41,2
159206,49,3,46,2
159207,46,4,42,2
159208,62,7,55,2
159209,53,5,48,2
159210,67,14,53,2
159211,57,7,50,2
159212,52,7,45,2
159213,65,11,54,2
159214,53,4,49,2
159215,48,7,41,2
159216,58,4,54,2
159217,48,9,39,2
159218,38,5,33,2
159219,60,5,55,2
159220,72,4,68,2
159221,56,5,51,2
159222,54,5,49,2
159223,48,8,40,2
159224,67,9,58,2
159225,58,6,52,2
159226,57,4,53,2
159227,56,5,51,2
159228,34,3,31,2
159229,56,8,48,2
159230,53,2,51,2
159231,60,11,49,2
159232,57,12,45,2
159233,64,5,59,2
159234,68,8,60,2
159235,65,10,55,2
159236,51,9,42,2
159237,54,3,51,2
159238,64,8,56,2
159239,67,7,60,2
159240,41,6,35,2
159241,60,10,50,2
159242,53,7,46,2
159243,52,10,42,2
159244,47,4,43,2
159245,48,2,46,2
159246,56,4,52,2
159247,60,9,51,2
159248,52,3,49,2
159249,49,7,42,2
159250,54,10,44,2
159251,55,4,51,2
159252,57,8,49,2
159253,51,4,47,2
159254,66,10,56,2
159255,61,5,56,2
159256,61,6,55,2
159257,63,4,59,2
159258,51,7,44,2
159259,40,4,36,2
159260,43,5,38,2
159261,63,11,52,2
159262,52,6,46,2
159263,55,4,51,2
159264,56,10,46,2
159265,57,7,50,2
159266,46,3,43,2
159267,52,7,45,2
159268,58,10,48,2
159269,68,8,60,2
159270,55,8,47,2
159271,46,2,44,2
159272,44,6,38,2
159273,56,4,52,2
159274,57,9,48,2
159275,61,10,51,2
159276,55,3,52,2
159277,50,8,42,2
159278,55,7,48,2
159279,64,6,58,2
159280,57,6,51,2
159281,63,10,53,2
159282,56,6,50,2
159283,61,8,53,2
159284,48,5,43,2
159285,58,5,53,2
159286,50,7,43,2
159287,53,6,47,2
159288,58,9,49,2
159289,46,5,41,2
159290,52,6,46,2
159291,68,8,60,2
159292,60,5,55,2
159293,53,8,45,2
159294,42,4,38,2
159295,58,9,49,2
159297,69,9,60,2
159298,57,11,46,2
159299,58,11,47,2
159300,51,7,44,2
159301,50,4,46,2
159302,57,10,47,2
159303,55,12,43,2
159304,65,8,57,2
159305,63,9,54,2
159306,67,4,63,2
159307,57,7,50,2
159308,61,7,54,2
159309,64,9,55,2
159310,55,7,48,2
159311,58,4,54,2
159312,55,8,47,2
159313,45,2,43,2
159314,33,3,30,2
159315,68,8,60,2
159316,54,5,49,2
159317,59,3,56,2
159318,55,2,53,2
159319,54,9,45,2
159320,44,6,38,2
159321,60,6,54,2
159322,50,9,41,2
159323,55,9,46,2
159324,50,5,45,2
159325,47,7,40,2
159326,52,7,45,2
159327,57,7,50,2
159328,49,5,44,2
159329,52,4,48,2
159330,61,5,56,2
159331,55,9,46,2
159332,45,6,39,2
159333,66,6,60,2
159334,65,6,59,2
159335,51,10,41,2
159336,58,8,50,2
159337,64,9,55,2
159338,56,9,47,2
159339,49,6,43,2
159340,55,7,48,2
159341,49,3,46,2
159342,50,4,46,2
159343,55,6,49,2
159344,46,5,41,2
159345,57,7,50,2
159346,44,5,39,2
159347,46,2,44,2
159348,53,5,48,2
159349,48,4,44,2
159350,40,3,37,2
159351,53,6,47,2
159352,44,4,40,2
159353,45,6,39,2
159354,70,5,65,2
159355,48,5,43,2
159356,67,9,58,2
159357,50,4,46,2
159358,55,6,49,2
159359,59,6,53,2
159360,60,6,54,2
159361,66,4,62,2
159362,51,5,46,2
159363,63,8,55,2
159364,46,7,39,2
159365,64,12,52,2
159366,39,4,35,2
159368,49,4,45,2
159369,60,9,51,2
159370,53,7,46,2
159371,56,4,52,2
159372,61,9,52,2
159373,67,6,61,2
159374,53,6,47,2
159375,54,8,46,2
159376,37,4,33,2
159377,53,5,48,2
159379,55,7,48,2
159380,63,2,61,2
159381,47,4,43,2
159382,51,10,41,2
159383,53,8,45,2
159384,54,3,51,2
159385,56,9,47,2
159386,45,4,41,2
159387,60,7,53,2
159388,52,4,48,2
159389,53,4,49,2
159391,49,6,43,2
159392,48,8,40,2
159393,49,5,44,2
159394,45,4,41,2
159395,60,8,52,2
159396,35,2,33,2
159397,61,7,54,2
159398,64,4,60,2
159399,52,4,48,2
159400,52,4,48,2
159401,41,5,36,2
159402,60,3,57,2
159403,47,9,38,2
159404,60,11,49,2
159405,59,6,53,2
159406,57,10,47,2
159407,43,5,38,2
159408,41,7,34,2
159409,51,5,46,2
159410,59,4,55,2
159411,57,9,48,2
159412,50,3,47,2
159413,47,3,44,2
159414,47,5,42,2
159415,54,9,45,2
159416,41,2,39,2
159417,48,6,42,2
159418,49,6,43,2
159419,56,5,51,2
159420,51,6,45,2
159421,54,8,46,2
159422,56,4,52,2
159423,66,9,57,2
159424,31,5,26,2
159425,59,7,52,2
159426,59,11,48,2
159427,56,6,50,2
159428,53,6,47,2
159429,54,5,49,2
159430,59,4,55,2
159431,60,11,49,2
159432,60,6,54,2
159433,45,4,41,2
159434,65,4,61,2
159435,54,8,46,2
159436,57,9,48,2
159437,59,9,50,2
159438,44,6,38,2
159439,48,3,45,2
159440,51,11,40,2
159441,53,5,48,2
159442,63,5,58,2
159443,49,8,41,2
159444,48,4,44,2
159445,60,7,53,2
159446,53,5,48,2
159447,59,8,51,2
159448,46,8,38,2
159449,53,8,45,2
159450,49,7,42,2
159451,58,8,50,2
159452,54,5,49,2
159453,43,2,41,2
159454,63,10,53,2
159455,71,7,64,2
159456,67,11,56,2
159457,49,5,44,2
159458,58,6,52,2
159459,52,12,40,2
159460,42,2,40,2
159461,56,9,47,2
159462,52,5,47,2
159463,56,7,49,2
159464,41,7,34,2
159466,49,9,40,2
159467,55,6,49,2
159468,65,10,55,2
159469,59,5,54,2
159470,58,7,51,2
159471,49,2,47,2
159472,49,4,45,2
159473,48,8,40,2
159474,58,7,51,2
159475,54,6,48,2
159476,51,9,42,2
159477,58,9,49,2
159478,50,6,44,2
159479,50,6,44,2
159480,50,5,45,2
159481,67,10,57,2
159482,51,3,48,2
159483,60,7,53,2
159484,49,9,40,2
159485,47,6,41,2
159486,55,7,48,2
159487,53,6,47,2
159488,53,5,48,2
159489,59,10,49,2
159490,51,8,43,2
159491,42,3,39,2
159492,49,5,44,2
159493,58,4,54,2
159494,48,6,42,2
159495,63,10,53,2
159496,44,5,39,2
159497,50,5,45,2
159498,61,8,53,2
159499,58,14,44,2
159500,61,6,55,2
159501,71,6,65,2
159502,38,3,35,2
159503,63,10,53,2
159504,63,9,54,2
159505,68,4,64,2
159506,70,4,66,2
159507,63,8,55,2
159508,60,7,53,2
159509,60,11,49,2
159510,57,7,50,2
159511,60,10,50,2
159512,57,6,51,2
159513,54,6,48,2
159514,58,9,49,2
159515,64,8,56,2
159516,59,5,54,2
159517,65,13,52,2
159518,59,10,49,2
159519,41,5,36,2
159520,47,3,44,2
159521,56,5,51,2
159522,53,4,49,2
159523,44,4,40,2
159524,44,6,38,2
159525,49,7,42,2
159526,49,7,42,2
159527,55,3,52,2
159528,70,7,63,2
159529,51,2,49,2
159530,50,6,44,2
159531,55,7,48,2
159532,61,12,49,2
159533,62,12,50,2
159534,51,5,46,2
159535,78,9,69,2
159536,42,6,36,2
159537,48,11,37,2
159538,56,4,52,2
159539,52,4,48,2
159540,56,8,48,2
159541,57,6,51,2
159542,60,3,57,2
159543,69,9,60,2
159544,60,8,52,2
159545,51,10,41,2
159546,60,3,57,2
159547,52,3,49,2
159548,62,14,48,2
159549,65,3,62,2
159550,56,6,50,2
159551,56,10,46,2
159552,61,8,53,2
159553,57,8,49,2
159554,57,6,51,2
159555,56,7,49,2
159556,53,11,42,2
159557,48,6,42,2
159558,49,8,41,2
159559,58,8,50,2
159560,60,12,48,2
159561,43,6,37,2
159562,52,5,47,2
159563,37,2,35,2
159564,63,14,49,2
159565,66,12,54,2
159566,65,6,59,2
159567,66,6,60,2
159568,58,4,54,2
159569,63,6,57,2
159570,50,7,43,2
159571,46,6,40,2
159572,51,5,46,2
159573,44,8,36,2
159574,50,5,45,2
159575,55,6,49,2
159576,48,5,43,2
159577,57,12,45,2
159578,50,2,48,2
159579,66,9,57,2
159580,48,10,38,2
159581,49,8,41,2
159582,51,7,44,2
159583,69,12,57,2
159584,68,9,59,2
159585,52,5,47,2
159586,46,7,39,2
159587,58,8,50,2
159588,46,4,42,2
159589,54,3,51,2
159590,59,10,49,2
159591,58,11,47,2
159592,47,4,43,2
159593,42,3,39,2
159594,57,10,47,2
159595,48,7,41,2
159596,47,3,44,2
159597,54,7,47,2
159598,63,3,60,2
159599,55,11,44,2
159600,58,3,55,2
159601,62,5,57,2
159602,58,6,52,2
159603,60,10,50,2
159604,61,4,57,2
159605,54,7,47,2
159606,45,5,40,2
159607,41,5,36,2
159608,51,5,46,2
159609,60,8,52,2
159610,38,5,33,2
159611,57,6,51,2
159612,66,10,56,2
159613,58,9,49,2
159614,48,4,44,2
159615,47,6,41,2
159616,54,3,51,2
159617,68,6,62,2
159618,43,5,38,2
159619,44,5,39,2
159620,62,5,57,2
159621,61,4,57,2
159622,54,5,49,2
159623,41,5,36,2
159624,58,5,53,2
159625,59,6,53,2
159626,58,7,51,2
159627,54,7,47,2
159628,53,10,43,2
159629,45,5,40,2
159630,51,6,45,2
159631,60,4,56,2
159632,59,9,50,2
159633,55,7,48,2
159634,54,5,49,2
159635,52,8,44,2
159636,62,5,57,2
159637,53,4,49,2
159638,51,7,44,2
159639,47,5,42,2
159640,61,7,54,2
159641,44,8,36,2
159642,57,4,53,2
159643,52,7,45,2
159644,53,7,46,2
159645,60,9,51,2
159646,52,4,48,2
159647,45,3,42,2
159648,48,4,44,2
159649,60,11,49,2
159650,60,11,49,2
159651,48,5,43,2
159652,53,12,41,2
159653,40,6,34,2
159654,57,4,53,2
159655,49,4,45,2
159656,48,7,41,2
159657,56,7,49,2
159658,48,6,42,2
159659,50,9,41,2
159660,57,7,50,2
159661,52,5,47,2
159662,57,7,50,2
159663,69,5,64,2
159664,50,5,45,2
159665,73,7,66,2
159666,53,6,47,2
159667,57,10,47,2
159668,51,2,49,2
159669,65,12,53,2
159670,53,12,41,2
159671,50,6,44,2
159672,58,13,45,2
159673,61,6,55,2
159674,59,9,50,2
159675,48,7,41,2
159676,48,4,44,2
159677,53,4,49,2
159678,54,5,49,2
159679,55,2,53,2
159680,57,4,53,2
159681,55,8,47,2
159682,64,8,56,2
159683,45,3,42,2
159684,49,5,44,2
159685,63,9,54,2
159686,67,3,64,2
159687,59,6,53,2
159688,55,3,52,2
159689,53,10,43,2
159690,55,8,47,2
159691,44,1,43,2
159692,55,8,47,2
159693,56,6,50,2
159694,53,2,51,2
159695,48,4,44,2
159696,65,7,58,2
159697,46,7,39,2
159698,57,4,53,2
159699,51,6,45,2
159700,43,2,41,2
159701,58,9,49,2
159702,51,10,41,2
159703,68,8,60,2
159704,66,11,55,2
159705,59,8,51,2
159706,49,5,44,2
159707,64,10,54,2
159708,42,4,38,2
159709,42,4,38,2
159710,59,6,53,2
159711,53,8,45,2
159712,50,3,47,2
159713,58,8,50,2
159714,53,7,46,2
159715,65,8,57,2
159716,38,6,32,2
159717,6,4,2,2
159718,52,3,49,2
159719,56,6,50,2
159720,55,6,49,2
159721,49,6,43,2
159722,68,11,57,2
159723,60,4,56,2
159724,48,6,42,2
159725,60,9,51,2
159726,43,6,37,2
159727,57,9,48,2
159728,50,5,45,2
159729,62,7,55,2
159730,45,8,37,2
159731,44,7,37,2
159732,61,8,53,2
159733,56,8,48,2
159734,54,10,44,2
159735,57,10,47,2
159736,51,10,41,2
159737,64,11,53,2
159738,48,3,45,2
159739,61,7,54,2
159740,53,9,44,2
159741,44,4,40,2
159742,52,9,43,2
159743,55,5,50,2
159744,47,6,41,2
159745,40,2,38,2
159746,64,8,56,2
159747,70,6,64,2
159748,49,7,42,2
159749,59,14,45,2
159750,48,6,42,2
159751,55,8,47,2
159752,47,6,41,2
159753,60,7,53,2
159754,61,13,48,2
159755,51,6,45,2
159756,57,4,53,2
159757,54,1,53,2
159758,57,6,51,2
159759,55,5,50,2
159760,51,7,44,2
159761,56,7,49,2
159762,58,6,52,2
159763,55,7,48,2
159764,62,6,56,2
159765,56,4,52,2
159766,55,7,48,2
159767,71,10,61,2
159768,52,5,47,2
159769,48,10,38,2
159770,45,7,38,2
159771,54,3,51,2
159772,53,10,43,2
159773,48,4,44,2
159774,51,3,48,2
159775,43,5,38,2
159776,48,9,39,2
159777,59,5,54,2
159778,54,13,41,2
159779,63,8,55,2
159780,58,4,54,2
159781,47,7,40,2
159782,58,8,50,2
159783,56,10,46,2
159784,68,9,59,2
159785,58,8,50,2
159786,50,6,44,2
159787,55,9,46,2
159788,57,5,52,2
159789,54,4,50,2
159790,51,9,42,2
159791,54,8,46,2
159792,61,13,48,2
159793,54,7,47,2
159794,51,6,45,2
159795,50,3,47,2
159796,65,7,58,2
159797,62,5,57,2
159798,54,9,45,2
159799,59,9,50,2
159800,61,4,57,2
159801,64,8,56,2
159802,60,9,51,2
159803,34,1,33,2
159804,57,1,56,2
159805,53,3,50,2
159806,63,8,55,2
159807,51,10,41,2
159808,55,7,48,2
159809,61,9,52,2
159810,55,6,49,2
159811,47,5,42,2
159812,56,8,48,2
159813,49,5,44,2
159814,53,12,41,2
159815,67,13,54,2
159816,51,5,46,2
159817,53,4,49,2
159818,77,10,67,2
159819,56,6,50,2
159820,39,4,35,2
159821,58,9,49,2
159822,55,6,49,2
159823,45,10,35,2
159824,53,6,47,2
159825,56,2,54,2
159826,43,3,40,2
159827,55,8,47,2
159828,49,6,43,2
159829,67,10,57,2
159830,54,10,44,2
159831,68,16,52,2
159832,54,7,47,2
159833,58,10,48,2
159834,49,9,40,2
159835,46,5,41,2
159836,57,3,54,2
159837,47,3,44,2
159838,51,8,43,2
159839,45,7,38,2
159840,56,3,53,2
159841,55,3,52,2
159842,50,4,46,2
159843,63,8,55,2
159844,59,5,54,2
159845,56,8,48,2
159846,49,9,40,2
159847,46,5,41,2
159848,43,1,42,2
159849,40,9,31,2
159850,51,6,45,2
159851,54,6,48,2
159852,65,8,57,2
159853,59,10,49,2
159854,46,8,38,2
159855,59,5,54,2
159856,65,5,60,2
159857,53,13,40,2
159858,61,6,55,2
159859,34,4,30,2
159860,68,13,55,2
159861,40,2,38,2
159862,53,3,50,2
159863,57,4,53,2
159864,60,6,54,2
159865,61,4,57,2
159866,46,10,36,2
159867,58,7,51,2
159868,63,4,59,2
159869,55,7,48,2
159870,60,5,55,2
159871,51,7,44,2
159872,41,2,39,2
159873,58,6,52,2
159874,53,5,48,2
159875,49,5,44,2
159876,55,4,51,2
159877,50,9,41,2
159878,41,3,38,2
159879,52,11,41,2
159880,44,4,40,2
159881,56,5,51,2
159882,54,7,47,2
159883,56,4,52,2
159884,50,3,47,2
159885,64,10,54,2
159886,52,5,47,2
159887,54,5,49,2
159888,63,7,56,2
159889,49,8,41,2
159890,51,9,42,2
159891,53,6,47,2
159892,60,7,53,2
159893,61,7,54,2
159894,60,4,56,2
159895,58,5,53,2
159896,78,10,68,2
159897,45,4,41,2
159898,61,5,56,2
159899,48,4,44,2
159900,69,5,64,2
159901,56,9,47,2
159902,59,9,50,2
159903,62,5,57,2
159904,46,4,42,2
159905,59,9,50,2
159906,55,4,51,2
159907,51,4,47,2
159908,43,4,39,2
159909,55,8,47,2
159910,46,7,39,2
159911,60,11,49,2
159912,55,6,49,2
159913,54,11,43,2
159914,38,4,34,2
159915,45,4,41,2
159916,50,5,45,2
159917,58,8,50,2
159918,68,11,57,2
159919,44,7,37,2
159920,50,4,46,2
159921,38,4,34,2
159922,56,6,50,2
159923,61,4,57,2
159924,64,12,52,2
159925,54,3,51,2
159926,77,14,63,2
159927,55,2,53,2
159928,53,3,50,2
159929,53,4,49,2
159930,56,9,47,2
159931,65,11,54,2
159932,58,4,54,2
159933,52,6,46,2
159934,62,4,58,2
159935,55,4,51,2
159936,64,10,54,2
159937,50,7,43,2
159938,44,2,42,2
159939,53,4,49,2
159940,55,6,49,2
159941,57,8,49,2
159942,56,9,47,2
159943,53,5,48,2
159944,63,12,51,2
159945,68,9,59,2
159946,51,6,45,2
159947,59,9,50,2
159948,59,5,54,2
159949,50,4,46,2
159950,63,9,54,2
159951,61,7,54,2
159952,56,10,46,2
159953,51,5,46,2
159954,45,4,41,2
159955,54,4,50,2
159956,52,10,42,2
159957,52,8,44,2
159958,61,6,55,2
159959,51,7,44,2
159960,57,7,50,2
159961,58,6,52,2
159962,47,5,42,2
159963,62,12,50,2
159964,46,5,41,2
159965,56,8,48,2
159966,54,12,42,2
159967,44,6,38,2
159968,46,5,41,2
159969,62,6,56,2
159970,47,7,40,2
159971,54,5,49,2
159972,49,6,43,2
159973,65,9,56,2
159974,69,9,60,2
159975,55,8,47,2
159976,45,4,41,2
159977,52,5,47,2
159978,52,7,45,2
159979,44,9,35,2
159980,53,9,44,2
159981,53,7,46,2
159982,53,5,48,2
159983,51,4,47,2
159984,46,5,41,2
159985,65,11,54,2
159986,50,5,45,2
159987,42,7,35,2
159988,57,10,47,2
159989,52,4,48,2
159990,50,5,45,2
159991,43,5,38,2
159992,47,6,41,2
159993,62,7,55,2
159994,56,11,45,2
159995,66,7,59,2
159996,48,8,40,2
159997,59,6,53,2
159998,39,3,36,2
159999,57,7,50,2
160000,57,8,49,2
160001,64,5,59,2
160002,57,5,52,2
160003,71,7,64,2
160004,66,7,59,2
160005,50,3,47,2
160006,41,2,39,2
160007,52,6,46,2
160008,44,6,38,2
160009,55,7,48,2
160010,54,10,44,2
160011,49,3,46,2
160012,54,5,49,2
160013,59,6,53,2
160014,60,10,50,2
160015,62,6,56,2
160016,52,3,49,2
160017,59,7,52,2
160018,57,7,50,2
160019,48,6,42,2
160020,54,7,47,2
160021,62,12,50,2
160022,46,3,43,2
160023,59,3,56,2
160024,53,10,43,2
160025,57,8,49,2
160026,44,5,39,2
160027,50,5,45,2
160028,39,6,33,2
160029,63,2,61,2
160030,53,6,47,2
160031,48,8,40,2
160032,52,10,42,2
160033,55,8,47,2
160034,53,7,46,2
160035,61,12,49,2
160036,58,10,48,2
160037,51,5,46,2
160038,53,6,47,2
160039,54,7,47,2
160040,60,10,50,2
160041,52,7,45,2
160042,43,7,36,2
160043,62,8,54,2
160044,54,6,48,2
160045,56,6,50,2
160046,50,1,49,2
160047,40,6,34,2
160048,58,3,55,2
160049,60,8,52,2
160050,52,10,42,2
160051,41,4,37,2
160052,57,6,51,2
160053,47,3,44,2
160054,58,5,53,2
160055,51,8,43,2
160056,44,6,38,2
160057,46,5,41,2
160058,46,2,44,2
160059,41,3,38,2
160060,58,9,49,2
160061,49,7,42,2
160062,67,10,57,2
160063,65,7,58,2
160064,65,7,58,2
160065,49,6,43,2
160066,51,7,44,2
160067,46,7,39,2
160068,69,8,61,2
160069,57,6,51,2
160070,55,7,48,2
160071,56,4,52,2
160072,42,5,37,2
160073,56,8,48,2
160074,41,8,33,2
160075,53,6,47,2
160076,54,4,50,2
160077,51,7,44,2
160078,56,9,47,2
160079,57,8,49,2
160080,54,4,50,2
160081,60,5,55,2
160082,56,6,50,2
160083,56,7,49,2
160084,58,9,49,2
160085,51,7,44,2
160086,76,6,70,2
160087,56,8,48,2
160088,55,9,46,2
160089,59,4,55,2
160090,53,3,50,2
160091,49,7,42,2
160092,57,7,50,2
160093,53,10,43,2
160094,47,5,42,2
160095,50,3,47,2
160096,56,8,48,2
160097,49,8,41,2
160098,63,8,55,2
160099,46,6,40,2
160100,48,6,42,2
160101,59,7,52,2
160102,51,3,48,2
160103,55,10,45,2
160104,64,7,57,2
160105,54,4,50,2
160106,65,8,57,2
160107,56,6,50,2
160108,46,6,40,2
160109,67,5,62,2
160110,42,6,36,2
160111,67,10,57,2
160112,73,7,66,2
160113,63,8,55,2
160114,48,5,43,2
160115,57,4,53,2
160116,44,6,38,2
160117,59,4,55,2
160118,40,7,33,2
160119,60,9,51,2
160120,65,8,57,2
160121,56,6,50,2
160122,55,7,48,2
160123,53,8,45,2
160124,58,3,55,2
160125,55,5,50,2
160126,46,6,40,2
160127,10,10,0,1
160128,73,16,57,2
160129,44,1,43,2
160130,55,5,50,2
160131,47,6,41,2
160132,53,8,45,2
160133,48,6,42,2
160134,59,11,48,2
160135,62,7,55,2
160136,46,4,42,2
160137,50,2,48,2
160138,56,7,49,2
160139,51,6,45,2
160140,51,7,44,2
160141,67,8,59,2
160142,55,8,47,2
160143,56,4,52,2
160144,63,3,60,2
160145,47,7,40,2
160146,52,8,44,2
160147,55,12,43,2
160148,73,8,65,2
160149,65,5,60,2
160150,56,6,50,2
160151,53,6,47,2
160152,55,9,46,2
160153,69,6,63,2
160154,60,8,52,2
160155,45,3,42,2
160156,56,9,47,2
160157,46,5,41,2
160158,62,11,51,2
160159,54,6,48,2
160160,60,7,53,2
160161,42,3,39,2
160162,68,7,61,2
160163,57,4,53,2
160164,59,8,51,2
160165,54,12,42,2
160166,56,5,51,2
160167,64,9,55,2
160168,63,8,55,2
160169,68,8,60,2
160170,56,9,47,2
160171,48,4,44,2
160172,74,9,65,2
160173,50,5,45,2
160174,48,48,0,1
160175,37,6,31,2
160176,58,7,51,2
160177,52,10,42,2
160178,59,8,51,2
160179,50,4,46,2
160180,51,7,44,2
160181,47,1,46,2
160182,50,5,45,2
160183,58,4,54,2
160184,52,6,46,2
160185,58,6,52,2
160186,58,9,49,2
160187,50,9,41,2
160188,47,5,42,2
160189,58,6,52,2
160190,56,7,49,2
160191,56,9,47,2
160192,51,5,46,2
160193,62,10,52,2
160194,49,3,46,2
160195,43,7,36,2
160196,41,2,39,2
160197,49,6,43,2
160198,41,8,33,2
160199,50,6,44,2
160200,64,6,58,2
160201,48,4,44,2
160202,64,7,57,2
160203,63,8,55,2
160204,50,10,40,2
160205,58,6,52,2
160206,53,6,47,2
160207,53,9,44,2
160208,52,3,49,2
160209,61,5,56,2
160210,50,7,43,2
160211,56,4,52,2
160212,56,8,48,2
160213,56,4,52,2
160214,54,5,49,2
160215,57,5,52,2
160216,54,5,49,2
160217,55,3,52,2
160218,47,6,41,2
160219,60,7,53,2
160220,58,11,47,2
160221,54,5,49,2
160222,54,6,48,2
160223,63,8,55,2
160224,53,3,50,2
160225,65,4,61,2
160226,67,10,57,2
160227,63,4,59,2
160228,56,3,53,2
160229,55,7,48,2
160230,61,9,52,2
160231,56,5,51,2
160232,46,7,39,2
160233,44,4,40,2
160234,53,6,47,2
160235,46,5,41,2
160236,53,9,44,2
160237,56,6,50,2
160238,43,7,36,2
160239,65,9,56,2
160240,62,3,59,2
160241,46,5,41,2
160242,43,6,37,2
160243,59,6,53,2
160244,50,3,47,2
160245,60,8,52,2
160246,46,1,45,2
160247,53,7,46,2
160248,48,6,42,2
160249,67,9,58,2
160250,60,3,57,2
160251,43,4,39,2
160252,66,8,58,2
160253,47,2,45,2
160254,45,5,40,2
160255,62,8,54,2
160256,57,9,48,2
160257,60,6,54,2
160258,48,3,45,2
160259,33,4,29,2
160260,63,11,52,2
160261,57,9,48,2
160262,51,7,44,2
160263,45,7,38,2
160264,64,9,55,2
160265,52,1,51,2
160266,56,4,52,2
160267,57,7,50,2
160268,64,11,53,2
160269,51,4,47,2
160270,57,8,49,2
160271,59,6,53,2
160272,71,8,63,2
160273,46,3,43,2
160274,42,6,36,2
160275,48,4,44,2
160276,53,6,47,2
160277,57,12,45,2
160278,53,1,52,2
160279,54,6,48,2
160280,66,11,55,2
160281,32,1,31,2
160282,51,5,46,2
160283,56,11,45,2
160284,47,5,42,2
160285,59,8,51,2
160286,47,5,42,2
160287,64,8,56,2
160288,66,6,60,2
160289,48,4,44,2
160290,53,9,44,2
160291,76,8,68,2
160292,72,3,69,2
160293,50,5,45,2
160294,48,5,43,2
160295,51,3,48,2
160296,56,5,51,2
160297,65,4,61,2
160298,45,5,40,2
160299,66,8,58,2
160300,57,9,48,2
160301,63,3,60,2
160302,67,6,61,2
160303,64,6,58,2
160304,58,10,48,2
160305,51,4,47,2
160306,63,7,56,2
160307,47,6,41,2
160308,40,2,38,2
160309,63,12,51,2
160310,48,5,43,2
160311,51,7,44,2
160312,56,13,43,2
160313,59,9,50,2
160314,52,9,43,2
160315,50,8,42,2
160316,51,6,45,2
160317,61,6,55,2
160318,63,7,56,2
160319,54,8,46,2
160320,55,3,52,2
160321,47,4,43,2
160322,45,10,35,2
160323,48,4,44,2
160324,61,3,58,2
160325,52,8,44,2
160326,62,15,47,2
160327,57,7,50,2
160328,60,8,52,2
160329,50,4,46,2
160330,54,10,44,2
160331,52,9,43,2
160332,59,8,51,2
160333,63,7,56,2
160334,47,6,41,2
160335,52,6,46,2
160336,50,9,41,2
160337,53,7,46,2
160338,52,8,44,2
160339,52,7,45,2
160340,65,8,57,2
160341,53,4,49,2
160342,53,9,44,2
160343,48,2,46,2
160344,65,9,56,2
160345,69,8,61,2
160346,52,5,47,2
160347,51,9,42,2
160348,59,12,47,2
160349,63,8,55,2
160350,63,11,52,2
160351,58,7,51,2
160352,54,7,47,2
160353,55,7,48,2
160354,52,5,47,2
160355,58,5,53,2
160356,37,2,35,2
160357,52,3,49,2
160358,41,6,35,2
160359,59,7,52,2
160360,61,4,57,2
160361,59,8,51,2
160362,51,6,45,2
160363,58,6,52,2
160364,53,7,46,2
160365,55,6,49,2
160366,63,7,56,2
160367,52,10,42,2
160368,65,12,53,2
160369,52,7,45,2
160370,52,8,44,2
160371,52,7,45,2
160372,55,6,49,2
160373,66,7,59,2
160374,61,10,51,2
160375,59,10,49,2
160376,39,3,36,2
160377,58,7,51,2
160378,60,6,54,2
160379,60,7,53,2
160380,54,8,46,2
160381,57,5,52,2
160382,41,5,36,2
160383,45,6,39,2
160384,56,8,48,2
160385,63,6,57,2
160386,51,6,45,2
160387,56,10,46,2
160388,48,7,41,2
160389,70,9,61,2
160390,48,7,41,2
160391,66,8,58,2
160392,55,6,49,2
160393,46,6,40,2
160394,45,4,41,2
160395,56,6,50,2
160396,46,4,42,2
160397,65,11,54,2
160398,46,6,40,2
160399,46,9,37,2
160400,43,6,37,2
160401,54,10,44,2
160402,50,6,44,2
160403,47,6,41,2
160404,52,3,49,2
160405,53,5,48,2
160406,45,7,38,2
160407,53,3,50,2
160408,57,3,54,2
160409,47,5,42,2
160410,67,10,57,2
160411,64,7,57,2
160412,58,8,50,2
160413,52,4,48,2
160414,58,5,53,2
160415,67,10,57,2
160416,51,3,48,2
160417,65,5,60,2
160418,58,7,51,2
160419,71,5,66,2
160420,55,6,49,2
160421,36,7,29,2
160422,60,13,47,2
160423,53,6,47,2
160424,41,5,36,2
160425,62,5,57,2
160426,49,6,43,2
160427,56,9,47,2
160428,56,3,53,2
160429,59,11,48,2
160430,50,7,43,2
160431,52,8,44,2
160432,44,4,40,2
160433,48,9,39,2
160434,54,2,52,2
160435,62,8,54,2
160436,52,9,43,2
160437,37,2,35,2
160438,53,5,48,2
160439,50,7,43,2
160440,51,9,42,2
160441,50,7,43,2
160442,49,6,43,2
160443,70,6,64,2
160444,49,7,42,2
160445,52,5,47,2
160446,57,4,53,2
160447,46,7,39,2
160448,56,11,45,2
160449,50,7,43,2
160450,56,11,45,2
160451,51,4,47,2
160452,50,8,42,2
160453,59,11,48,2
160454,53,7,46,2
160455,62,8,54,2
160456,54,8,46,2
160457,52,6,46,2
160458,52,0,52,1
160459,56,4,52,2
160460,50,3,47,2
160461,55,8,47,2
160462,70,7,63,2
160463,62,7,55,2
160464,56,5,51,2
160465,46,2,44,2
160466,54,7,47,2
160467,51,5,46,2
160468,48,8,40,2
160469,60,11,49,2
160470,47,2,45,2
160471,45,4,41,2
160472,50,8,42,2
160473,58,6,52,2
160474,49,5,44,2
160475,62,4,58,2
160476,59,7,52,2
160477,45,11,34,2
160478,55,9,46,2
160479,60,9,51,2
160480,42,5,37,2
160481,53,8,45,2
160482,44,1,43,2
160483,48,7,41,2
160484,62,8,54,2
160485,72,9,63,2
160486,54,1,53,2
160487,79,4,75,2
160488,48,4,44,2
160489,56,10,46,2
160490,55,6,49,2
160491,59,6,53,2
160492,53,6,47,2
160493,47,9,38,2
160494,51,7,44,2
160495,74,10,64,2
160496,60,12,48,2
160497,55,6,49,2
160498,56,7,49,2
160499,51,6,45,2
160500,45,3,42,2
160501,72,10,62,2
160502,65,4,61,2
160503,54,7,47,2
160504,49,3,46,2
160505,65,6,59,2
160506,53,7,46,2
160507,60,5,55,2
160508,56,6,50,2
160509,56,12,44,2
160510,47,8,39,2
160511,54,9,45,2
160512,52,4,48,2
160513,48,4,44,2
160514,51,3,48,2
160515,44,3,41,2
160516,56,8,48,2
160517,55,4,51,2
160518,43,1,42,2
160519,54,10,44,2
160520,63,8,55,2
160521,62,9,53,2
160522,46,2,44,2
160523,37,2,35,2
160524,46,4,42,2
160525,58,9,49,2
160526,40,7,33,2
160527,75,8,67,2
160528,42,3,39,2
160529,52,4,48,2
160530,66,8,58,2
160531,55,11,44,2
160532,52,6,46,2
160533,56,5,51,2
160534,58,6,52,2
160535,51,2,49,2
160536,58,9,49,2
160537,46,7,39,2
160538,48,5,43,2
160539,47,5,42,2
160540,56,5,51,2
160541,54,7,47,2
160542,69,4,65,2
160543,53,3,50,2
160544,60,7,53,2
160545,56,5,51,2
160546,52,5,47,2
160547,43,4,39,2
160548,57,5,52,2
160549,56,4,52,2
160550,41,4,37,2
160551,50,11,39,2
160552,65,5,60,2
160553,45,4,41,2
160554,47,5,42,2
160555,55,7,48,2
160556,51,5,46,2
160557,48,7,41,2
160558,53,4,49,2
160559,48,7,41,2
160560,66,4,62,2
160561,65,3,62,2
160562,46,6,40,2
160563,62,9,53,2
160564,64,5,59,2
160565,65,9,56,2
160566,52,6,46,2
160567,55,6,49,2
160568,46,1,45,2
160569,45,3,42,2
160570,44,5,39,2
160571,53,6,47,2
160572,67,9,58,2
160573,56,11,45,2
160574,51,8,43,2
160575,62,8,54,2
160576,59,9,50,2
160577,44,5,39,2
160578,49,9,40,2
160579,49,10,39,2
160580,48,12,36,2
160581,57,8,49,2
160582,59,5,54,2
160584,54,8,46,2
160585,65,10,55,2
160586,49,6,43,2
160587,68,9,59,2
160588,50,10,40,2
160589,51,7,44,2
160590,54,10,44,2
160591,44,9,35,2
160592,56,5,51,2
160593,50,3,47,2
160594,60,6,54,2
160595,56,11,45,2
160596,53,8,45,2
160597,57,5,52,2
160598,58,9,49,2
160599,50,3,47,2
160600,57,13,44,2
160601,62,7,55,2
160602,50,4,46,2
160603,43,9,34,2
160604,61,9,52,2
160605,68,9,59,2
160606,53,8,45,2
160607,64,5,59,2
160608,67,12,55,2
160609,47,5,42,2
160610,58,7,51,2
160611,50,7,43,2
160612,43,5,38,2
160613,42,4,38,2
160614,46,3,43,2
160615,58,8,50,2
160616,52,9,43,2
160617,51,5,46,2
160618,69,6,63,2
160619,55,4,51,2
160620,51,4,47,2
160621,56,9,47,2
160622,57,13,44,2
160623,49,4,45,2
160624,62,10,52,2
160625,57,6,51,2
160626,59,5,54,2
160627,52,10,42,2
160628,47,7,40,2
160629,55,6,49,2
160630,59,4,55,2
160631,50,5,45,2
160632,52,4,48,2
160633,51,6,45,2
160634,47,4,43,2
160635,49,6,43,2
160636,46,5,41,2
160637,56,5,51,2
160638,50,10,40,2
160639,51,6,45,2
160640,74,8,66,2
160641,51,7,44,2
160642,53,11,42,2
160643,59,4,55,2
160644,59,4,55,2
160645,57,3,54,2
160646,51,6,45,2
160647,43,4,39,2
160648,60,6,54,2
160649,59,5,54,2
160650,51,7,44,2
160651,51,9,42,2
160652,47,8,39,2
160653,60,10,50,2
160654,53,7,46,2
160655,53,5,48,2
160656,39,4,35,2
160657,55,5,50,2
160658,65,12,53,2
160659,46,2,44,2
160660,55,3,52,2
160661,53,2,51,2
160662,58,8,50,2
160663,49,5,44,2
160664,41,7,34,2
160665,58,7,51,2
160666,55,5,50,2
160667,46,8,38,2
160668,67,7,60,2
160669,50,8,42,2
160670,61,7,54,2
160671,66,9,57,2
160672,57,4,53,2
160673,47,4,43,2
160674,49,7,42,2
160675,52,3,49,2
160676,48,7,41,2
160677,41,9,32,2
160678,60,12,48,2
160679,59,4,55,2
160680,54,7,47,2
160681,58,6,52,2
160682,60,9,51,2
160683,49,6,43,2
160684,53,5,48,2
160685,60,8,52,2
160686,59,2,57,2
160687,49,5,44,2
160688,59,7,52,2
160689,52,7,45,2
160690,56,8,48,2
160691,51,7,44,2
160692,66,7,59,2
160693,66,11,55,2
160694,33,2,31,2
160695,46,7,39,2
160696,52,6,46,2
160697,49,10,39,2
160698,60,4,56,2
160699,52,8,44,2
160700,54,8,46,2
160701,63,7,56,2
160702,63,6,57,2
160703,62,6,56,2
160704,42,8,34,2
160705,58,6,52,2
160706,49,4,45,2
160707,59,10,49,2
160708,49,4,45,2
160709,41,3,38,2
160710,61,5,56,2
160711,58,9,49,2
160712,52,10,42,2
160713,52,8,44,2
160714,58,13,45,2
160715,61,11,50,2
160716,48,4,44,2
160717,63,8,55,2
160718,55,11,44,2
160719,73,5,68,2
160720,56,6,50,2
160721,52,9,43,2
160722,51,4,47,2
160723,61,6,55,2
160724,53,3,50,2
160725,48,9,39,2
160726,57,4,53,2
160727,61,8,53,2
160728,51,9,42,2
160729,53,9,44,2
160730,54,7,47,2
160731,66,6,60,2
160732,42,6,36,2
160733,59,4,55,2
160734,46,7,39,2
160735,51,5,46,2
160736,59,8,51,2
160737,55,3,52,2
160738,51,5,46,2
160739,52,2,50,2
160740,59,6,53,2
160741,53,7,46,2
160742,72,4,68,2
160743,56,4,52,2
160744,42,3,39,2
160745,61,5,56,2
160746,50,5,45,2
160747,55,7,48,2
160748,66,10,56,2
160749,69,9,60,2
160750,48,5,43,2
160751,44,4,40,2
160752,60,3,57,2
160753,56,9,47,2
160754,62,3,59,2
160755,47,5,42,2
160756,51,3,48,2
160757,53,3,50,2
160758,44,7,37,2
160759,40,5,35,2
160760,61,6,55,2
160761,49,8,41,2
160762,49,6,43,2
160763,46,5,41,2
160764,55,6,49,2
160765,48,3,45,2
160766,56,6,50,2
160767,59,4,55,2
160768,57,5,52,2
160769,52,7,45,2
160770,53,7,46,2
160771,50,8,42,2
160772,54,4,50,2
160773,56,5,51,2
160774,54,4,50,2
160775,50,9,41,2
160776,62,10,52,2
160777,52,5,47,2
160778,59,7,52,2
160779,32,1,31,2
160780,58,8,50,2
160781,51,5,46,2
160782,50,4,46,2
160783,56,6,50,2
160784,62,3,59,2
160785,64,9,55,2
160786,53,4,49,2
160787,60,6,54,2
160788,52,4,48,2
160789,48,9,39,2
160790,44,5,39,2
160791,55,6,49,2
160792,52,9,43,2
160793,64,9,55,2
160794,55,8,47,2
160795,57,6,51,2
160796,44,9,35,2
160797,54,5,49,2
160798,53,5,48,2
160799,61,9,52,2
160800,57,9,48,2
160801,58,7,51,2
160802,54,4,50,2
160803,51,9,42,2
160804,54,8,46,2
160805,43,4,39,2
160806,58,1,57,2
160807,57,8,49,2
160808,51,8,43,2
160809,55,4,51,2
160810,70,3,67,2
160811,48,6,42,2
160812,51,6,45,2
160813,64,7,57,2
160814,48,9,39,2
160815,49,5,44,2
160816,59,14,45,2
160817,55,8,47,2
160818,60,7,53,2
160819,56,7,49,2
160820,52,4,48,2
160821,51,6,45,2
160822,54,6,48,2
160823,63,9,54,2
160824,70,11,59,2
160825,65,4,61,2
160826,56,4,52,2
160827,52,5,47,2
160828,41,5,36,2
160829,42,5,37,2
160830,56,6,50,2
160831,47,4,43,2
160832,50,5,45,2
160833,48,5,43,2
160834,63,7,56,2
160835,60,10,50,2
160836,44,4,40,2
160837,60,6,54,2
160838,37,4,33,2
160839,53,6,47,2
160840,70,9,61,2
160841,51,3,48,2
160842,50,5,45,2
160843,51,6,45,2
160844,64,8,56,2
160845,50,2,48,2
160846,45,6,39,2
160847,56,6,50,2
160848,46,6,40,2
160849,65,11,54,2
160850,58,12,46,2
160851,55,5,50,2
160852,56,12,44,2
160853,57,5,52,2
160854,70,9,61,2
160855,51,4,47,2
160856,57,11,46,2
160857,68,7,61,2
160858,60,5,55,2
160859,56,6,50,2
160860,58,6,52,2
160861,53,6,47,2
160862,47,3,44,2
160863,46,6,40,2
160864,69,9,60,2
160865,63,10,53,2
160866,61,6,55,2
160867,61,5,56,2
160868,56,7,49,2
160869,69,8,61,2
160870,56,4,52,2
160871,54,6,48,2
160872,49,6,43,2
160873,54,4,50,2
160874,45,6,39,2
160875,61,7,54,2
160876,55,6,49,2
160877,62,6,56,2
160878,46,8,38,2
160879,52,8,44,2
160880,59,4,55,2
160881,53,9,44,2
160882,68,7,61,2
160883,57,8,49,2
160884,42,6,36,2
160885,47,5,42,2
160886,66,12,54,2
160887,60,3,57,2
160888,42,5,37,2
160889,54,6,48,2
160890,43,4,39,2
160891,51,5,46,2
160892,45,6,39,2
160893,59,8,51,2
160894,39,6,33,2
160895,48,5,43,2
160896,56,4,52,2
160897,58,7,51,2
160898,54,7,47,2
160899,56,4,52,2
160900,52,13,39,2
160901,49,9,40,2
160902,63,6,57,2
160903,56,7,49,2
160904,53,9,44,2
160905,62,9,53,2
160906,58,4,54,2
160907,67,8,59,2
160908,50,7,43,2
160909,68,7,61,2
160910,47,5,42,2
160912,49,5,44,2
160913,59,7,52,2
160914,51,4,47,2
160915,62,13,49,2
160916,59,3,56,2
160917,64,8,56,2
160918,43,6,37,2
160919,61,8,53,2
160920,47,7,40,2
160921,51,6,45,2
160922,62,10,52,2
160923,57,14,43,2
160924,58,7,51,2
160925,46,7,39,2
160926,51,8,43,2
160927,62,7,55,2
160928,45,6,39,2
160929,53,3,50,2
160930,69,8,61,2
160931,54,6,48,2
160932,49,3,46,2
160933,61,7,54,2
160934,56,9,47,2
160935,51,5,46,2
160936,48,3,45,2
160937,49,4,45,2
160938,72,13,59,2
160939,59,6,53,2
160940,65,5,60,2
160941,55,4,51,2
160942,58,4,54,2
160943,52,7,45,2
160944,63,8,55,2
160945,53,7,46,2
160946,62,3,59,2
160947,54,7,47,2
160948,54,4,50,2
160949,55,7,48,2
160950,60,6,54,2
160951,51,9,42,2
160952,54,5,49,2
160953,70,8,62,2
160954,57,6,51,2
160955,66,4,62,2
160956,60,10,50,2
160957,41,3,38,2
160958,56,3,53,2
160959,62,12,50,2
160960,48,7,41,2
160961,49,5,44,2
160962,44,8,36,2
160963,55,6,49,2
160964,54,2,52,2
160965,38,5,33,2
160966,65,14,51,2
160967,45,6,39,2
160968,58,7,51,2
160969,58,2,56,2
160970,62,7,55,2
160971,64,2,62,2
160972,49,5,44,2
160973,55,6,49,2
160974,59,5,54,2
160975,50,8,42,2
160976,61,2,59,2
160977,55,5,50,2
160978,51,5,46,2
160979,51,2,49,2
160980,57,9,48,2
160981,43,4,39,2
160982,50,6,44,2
160983,58,9,49,2
160984,53,7,46,2
160985,36,8,28,2
160986,48,7,41,2
160987,48,8,40,2
160988,53,7,46,2
160989,49,3,46,2
160990,62,4,58,2
160991,47,6,41,2
160992,65,8,57,2
160993,60,11,49,2
160994,63,5,58,2
160995,60,6,54,2
160996,51,7,44,2
160997,52,3,49,2
160998,60,6,54,2
160999,53,7,46,2
161000,55,5,50,2
161001,61,8,53,2
161002,56,8,48,2
161003,55,5,50,2
161004,55,6,49,2
161005,52,6,46,2
161006,43,11,32,2
161007,55,7,48,2
161008,57,5,52,2
161009,51,12,39,2
161010,59,8,51,2
161011,40,4,36,2
161012,49,7,42,2
161013,48,7,41,2
161014,46,2,44,2
161015,53,5,48,2
161016,49,6,43,2
161017,57,9,48,2
161018,42,6,36,2
161019,49,10,39,2
161020,53,5,48,2
161021,60,4,56,2
161022,52,9,43,2
161023,34,8,26,2
161024,58,3,55,2
161025,61,11,50,2
161026,63,9,54,2
161027,58,5,53,2
161028,49,6,43,2
161029,2,0,2,1
161030,47,7,40,2
161031,59,6,53,2
161032,65,10,55,2
161033,49,6,43,2
161034,56,8,48,2
161035,51,12,39,2
161036,49,3,46,2
161037,53,5,48,2
161038,52,9,43,2
161039,55,7,48,2
161040,62,2,60,2
161041,65,3,62,2
161042,50,7,43,2
161043,63,3,60,2
161044,52,3,49,2
161045,53,8,45,2
161046,55,1,54,2
161047,57,10,47,2
161048,61,5,56,2
161049,57,7,50,2
161050,59,7,52,2
161051,51,7,44,2
161052,54,4,50,2
161053,48,2,46,2
161054,49,16,33,2
161055,59,7,52,2
161056,51,4,47,2
161057,63,9,54,2
161058,60,3,57,2
161059,51,4,47,2
161060,63,6,57,2
161061,38,4,34,2
161062,58,5,53,2
161063,53,4,49,2
161064,41,5,36,2
161065,62,9,53,2
161066,62,8,54,2
161067,52,6,46,2
161068,54,6,48,2
161069,60,7,53,2
161070,50,7,43,2
161071,62,3,59,2
161072,52,7,45,2
161073,49,6,43,2
161074,50,6,44,2
161075,63,7,56,2
161076,61,5,56,2
161077,54,8,46,2
161078,53,8,45,2
161079,53,5,48,2
161080,52,4,48,2
161081,58,7,51,2
161082,48,4,44,2
161083,50,4,46,2
161084,50,4,46,2
161085,61,10,51,2
161086,45,5,40,2
161087,57,10,47,2
161088,61,10,51,2
161089,52,8,44,2
161090,55,6,49,2
161091,45,3,42,2
161092,55,8,47,2
161093,44,6,38,2
161094,53,6,47,2
161095,43,1,42,2
161096,46,4,42,2
161097,60,10,50,2
161098,58,12,46,2
161099,56,8,48,2
161100,71,5,66,2
161101,47,5,42,2
161102,50,7,43,2
161103,67,8,59,2
161104,53,5,48,2
161105,55,4,51,2
161106,51,2,49,2
161107,58,2,56,2
161108,50,4,46,2
161109,40,6,34,2
161110,53,3,50,2
161111,57,6,51,2
161112,62,5,57,2
161113,58,7,51,2
161114,49,1,48,2
161115,59,5,54,2
161116,57,6,51,2
161117,48,9,39,2
161118,57,5,52,2
161119,48,5,43,2
161120,54,6,48,2
161121,62,5,57,2
161122,31,3,28,2
161123,54,11,43,2
161124,54,6,48,2
161125,44,4,40,2
161126,56,7,49,2
161127,40,4,36,2
161128,61,11,50,2
161129,61,11,50,2
161130,55,6,49,2
161131,57,4,53,2
161132,59,9,50,2
161133,47,3,44,2
161134,47,9,38,2
161135,47,4,43,2
161136,58,5,53,2
161137,44,4,40,2
161138,50,10,40,2
161139,70,8,62,2
161140,55,6,49,2
161141,56,5,51,2
161142,55,8,47,2
161143,59,8,51,2
161144,55,10,45,2
161145,51,5,46,2
161146,52,1,51,2
161147,53,5,48,2
161148,65,4,61,2
161149,51,6,45,2
161150,62,8,54,2
161151,59,12,47,2
161152,61,4,57,2
161153,56,5,51,2
161154,50,7,43,2
161155,55,10,45,2
161156,62,12,50,2
161157,42,3,39,2
161158,68,8,60,2
161159,58,9,49,2
161160,48,8,40,2
161161,60,6,54,2
161162,58,8,50,2
161163,36,5,31,2
161164,55,6,49,2
161165,59,6,53,2
161166,56,6,50,2
161167,49,9,40,2
161168,52,4,48,2
161169,45,6,39,2
161170,72,10,62,2
161171,56,4,52,2
161172,60,9,51,2
161173,67,8,59,2
161174,47,8,39,2
161175,52,4,48,2
161176,63,8,55,2
161177,48,3,45,2
161178,56,1,55,2
161179,52,3,49,2
161180,45,6,39,2
161181,61,7,54,2
161182,49,6,43,2
161183,60,10,50,2
161184,56,8,48,2
161185,38,2,36,2
161186,59,6,53,2
161187,65,2,63,2
161188,53,8,45,2
161189,52,8,44,2
161190,58,11,47,2
161191,47,4,43,2
161192,44,5,39,2
161193,48,8,40,2
161194,38,5,33,2
161195,50,9,41,2
161196,46,5,41,2
161197,61,6,55,2
161198,56,10,46,2
161199,50,6,44,2
161200,71,6,65,2
161201,60,7,53,2
161202,48,4,44,2
161203,63,6,57,2
161204,54,3,51,2
161205,79,10,69,2
161206,60,4,56,2
161207,53,9,44,2
161208,58,3,55,2
161209,47,7,40,2
161210,54,11,43,2
161211,62,4,58,2
161212,55,5,50,2
161213,63,8,55,2
161214,46,4,42,2
161215,50,9,41,2
161216,67,11,56,2
161217,42,7,35,2
161218,51,5,46,2
161219,67,6,61,2
161220,50,8,42,2
161221,51,7,44,2
161222,46,7,39,2
161223,73,8,65,2
161224,65,9,56,2
161225,54,9,45,2
161226,38,4,34,2
161227,55,4,51,2
161228,57,10,47,2
161229,64,6,58,2
161230,63,8,55,2
161231,59,8,51,2
161232,52,12,40,2
161233,53,5,48,2
161234,64,6,58,2
161235,53,7,46,2
161236,57,7,50,2
161237,50,6,44,2
161238,59,8,51,2
161239,63,8,55,2
161240,56,12,44,2
161241,60,9,51,2
161242,49,3,46,2
161243,63,7,56,2
161244,58,6,52,2
161245,63,10,53,2
161246,42,8,34,2
161247,69,10,59,2
161248,56,9,47,2
161249,48,8,40,2
161250,55,4,51,2
161251,45,5,40,2
161252,52,2,50,2
161253,43,7,36,2
161254,63,8,55,2
161255,57,9,48,2
161256,59,4,55,2
161257,58,6,52,2
161258,65,12,53,2
161259,55,3,52,2
161260,58,10,48,2
161261,45,4,41,2
161262,67,11,56,2
161263,60,3,57,2
161264,68,7,61,2
161265,58,8,50,2
161266,43,5,38,2
161267,56,7,49,2
161268,56,4,52,2
161269,63,9,54,2
161270,54,4,50,2
161271,56,10,46,2
161272,54,6,48,2
161273,61,9,52,2
161274,47,5,42,2
161275,61,7,54,2
161276,50,7,43,2
161277,66,8,58,2
161278,58,2,56,2
161279,37,5,32,2
161280,68,13,55,2
161281,45,1,44,2
161282,47,5,42,2
161283,61,11,50,2
161284,54,2,52,2
161285,49,6,43,2
161286,46,4,42,2
161287,57,7,50,2
161288,44,6,38,2
161289,54,6,48,2
161290,50,5,45,2
161291,68,10,58,2
161292,47,3,44,2
161293,59,1,58,2
161294,68,4,64,2
161295,61,10,51,2
161296,70,6,64,2
161297,64,6,58,2
161298,50,5,45,2
161299,59,10,49,2
161300,55,1,54,2
161301,65,10,55,2
161302,60,6,54,2
161303,60,5,55,2
161304,42,6,36,2
161305,43,6,37,2
161306,39,4,35,2
161307,60,12,48,2
161308,54,5,49,2
161309,57,7,50,2
161310,58,8,50,2
161311,52,10,42,2
161312,53,11,42,2
161313,46,5,41,2
161314,47,6,41,2
161315,55,8,47,2
161316,43,8,35,2
161317,51,8,43,2
161318,53,5,48,2
161319,62,6,56,2
161320,50,5,45,2
161321,50,9,41,2
161322,48,4,44,2
161323,50,7,43,2
161324,52,5,47,2
161325,49,6,43,2
161326,54,6,48,2
161327,51,9,42,2
161328,55,5,50,2
161329,70,3,67,2
161330,54,11,43,2
161331,59,5,54,2
161332,49,7,42,2
161333,60,8,52,2
161334,57,6,51,2
161335,52,5,47,2
161336,62,8,54,2
161337,50,6,44,2
161338,49,3,46,2
161339,58,7,51,2
161340,59,2,57,2
161341,66,6,60,2
161342,53,11,42,2
161343,70,9,61,2
161344,53,9,44,2
161345,62,7,55,2
161346,49,4,45,2
161347,50,10,40,2
161348,57,4,53,2
161349,61,9,52,2
161350,59,8,51,2
161351,46,3,43,2
161352,54,6,48,2
161353,56,5,51,2
161354,67,7,60,2
161355,65,6,59,2
161356,72,6,66,2
161357,52,11,41,2
161358,53,5,48,2
161359,57,3,54,2
161360,44,4,40,2
161361,48,6,42,2
161362,55,1,54,2
161363,55,8,47,2
161364,53,7,46,2
161365,52,6,46,2
161366,43,8,35,2
161367,46,6,40,2
161368,56,5,51,2
161369,59,6,53,2
161370,65,13,52,2
161371,55,5,50,2
161372,56,10,46,2
161373,65,10,55,2
161374,47,6,41,2
161375,48,6,42,2
161376,57,13,44,2
161377,56,8,48,2
161378,52,8,44,2
161379,44,7,37,2
161380,58,7,51,2
161381,49,3,46,2
161382,47,8,39,2
161383,49,2,47,2
161384,61,9,52,2
161385,45,10,35,2
161386,48,5,43,2
161387,54,6,48,2
161388,57,7,50,2
161389,54,5,49,2
161390,61,7,54,2
161391,47,9,38,2
161392,67,5,62,2
161393,50,8,42,2
161394,64,7,57,2
161395,65,5,60,2
161396,54,12,42,2
161397,51,7,44,2
161398,59,8,51,2
161399,43,5,38,2
161400,59,3,56,2
161401,59,5,54,2
161402,50,4,46,2
161403,55,9,46,2
161404,49,8,41,2
161405,49,3,46,2
161406,56,7,49,2
161407,61,6,55,2
161408,56,11,45,2
161409,48,4,44,2
161410,60,7,53,2
161411,51,5,46,2
161412,63,8,55,2
161413,46,4,42,2
161414,52,6,46,2
161415,54,7,47,2
161416,56,6,50,2
161417,53,4,49,2
161418,55,5,50,2
161419,64,7,57,2
161420,54,4,50,2
161421,62,9,53,2
161422,45,3,42,2
161423,46,7,39,2
161424,61,6,55,2
161425,57,7,50,2
161426,58,7,51,2
161427,66,6,60,2
161428,52,5,47,2
161429,54,8,46,2
161430,59,5,54,2
161431,52,8,44,2
161432,54,7,47,2
161433,46,3,43,2
161434,57,5,52,2
161435,60,6,54,2
161436,45,5,40,2
161437,44,6,38,2
161438,59,8,51,2
161439,61,10,51,2
161440,54,6,48,2
161441,47,2,45,2
161442,43,7,36,2
161443,55,1,54,2
161444,65,7,58,2
161445,52,3,49,2
161446,53,9,44,2
161447,48,7,41,2
161448,49,7,42,2
161449,45,7,38,2
161450,51,6,45,2
161451,49,8,41,2
161452,43,2,41,2
161453,64,7,57,2
161454,54,9,45,2
161455,46,3,43,2
161456,53,8,45,2
161457,48,4,44,2
161458,54,4,50,2
161459,56,8,48,2
161460,48,4,44,2
161461,45,4,41,2
161462,52,1,51,2
161463,47,6,41,2
161464,43,6,37,2
161465,64,8,56,2
161466,58,2,56,2
161467,66,8,58,2
161468,38,5,33,2
161469,50,7,43,2
161470,64,10,54,2
161471,55,11,44,2
161472,56,9,47,2
161473,50,7,43,2
161474,55,9,46,2
161475,54,8,46,2
161476,49,7,42,2
161477,54,7,47,2
161478,43,7,36,2
161479,61,7,54,2
161480,58,6,52,2
161481,63,9,54,2
161482,64,5,59,2
161483,52,5,47,2
161484,64,10,54,2
161485,39,3,36,2
161486,56,4,52,2
161487,46,6,40,2
161488,48,5,43,2
161489,49,5,44,2
161490,59,11,48,2
161491,54,2,52,2
161492,40,3,37,2
161493,55,7,48,2
161494,53,7,46,2
161495,46,9,37,2
161496,54,3,51,2
161497,51,5,46,2
161498,43,6,37,2
161499,51,8,43,2
161500,53,3,50,2
161501,62,7,55,2
161502,42,5,37,2
161503,60,6,54,2
161504,59,6,53,2
161505,50,6,44,2
161506,60,5,55,2
161507,55,5,50,2
161508,53,4,49,2
161509,62,8,54,2
161510,63,9,54,2
161511,52,4,48,2
161512,66,8,58,2
161513,65,8,57,2
161514,57,4,53,2
161515,59,6,53,2
161516,57,10,47,2
161517,51,5,46,2
161518,65,12,53,2
161519,56,9,47,2
161520,53,5,48,2
161521,43,6,37,2
161522,49,6,43,2
161523,56,5,51,2
161524,67,4,63,2
161525,55,6,49,2
161526,47,10,37,2
161527,53,11,42,2
161528,68,8,60,2
161529,42,8,34,2
161530,46,5,41,2
161531,55,9,46,2
161532,70,8,62,2
161533,55,5,50,2
161534,58,7,51,2
161535,59,3,56,2
161536,61,4,57,2
161537,55,5,50,2
161538,38,4,34,2
161539,48,6,42,2
161540,60,7,53,2
161541,38,2,36,2
161542,49,7,42,2
161543,47,5,42,2
161544,53,6,47,2
161545,56,6,50,2
161546,58,8,50,2
161547,48,7,41,2
161548,61,7,54,2
161549,47,7,40,2
161550,54,5,49,2
161551,56,5,51,2
161552,47,2,45,2
161553,55,6,49,2
161554,53,10,43,2
161555,51,11,40,2
161556,49,6,43,2
161557,51,5,46,2
161558,71,7,64,2
161559,44,6,38,2
161560,64,10,54,2
161561,53,6,47,2
161562,48,5,43,2
161563,44,3,41,2
161564,55,8,47,2
161565,56,2,54,2
161566,46,4,42,2
161567,56,9,47,2
161568,58,7,51,2
161569,58,6,52,2
161570,47,6,41,2
161571,57,5,52,2
161572,48,5,43,2
161573,66,11,55,2
161574,48,2,46,2
161575,46,7,39,2
161576,64,5,59,2
161577,55,7,48,2
161578,63,5,58,2
161579,57,4,53,2
161580,62,9,53,2
161581,51,4,47,2
161582,53,8,45,2
161583,46,7,39,2
161584,69,6,63,2
161585,54,11,43,2
161586,47,4,43,2
161587,52,5,47,2
161588,47,8,39,2
161589,65,8,57,2
161590,53,6,47,2
161591,48,6,42,2
161592,64,4,60,2
161593,46,5,41,2
161594,60,5,55,2
161595,53,5,48,2
161596,50,9,41,2
161597,55,11,44,2
161598,55,3,52,2
161599,61,5,56,2
161600,63,13,50,2
161601,53,11,42,2
161602,46,10,36,2
161603,52,5,47,2
161604,58,7,51,2
161605,59,8,51,2
161606,55,6,49,2
161607,63,5,58,2
161608,60,8,52,2
161609,50,9,41,2
161610,61,7,54,2
161611,46,5,41,2
161612,50,7,43,2
161613,46,4,42,2
161614,45,2,43,2
161615,52,2,50,2
161616,50,9,41,2
161617,63,8,55,2
161618,49,8,41,2
161619,61,4,57,2
161620,60,10,50,2
161621,55,7,48,2
161622,62,7,55,2
161623,45,10,35,2
161624,52,6,46,2
161625,46,3,43,2
161626,64,7,57,2
161627,49,8,41,2
161628,53,5,48,2
161629,56,7,49,2
161630,39,4,35,2
161631,49,3,46,2
161632,69,8,61,2
161633,57,5,52,2
161634,57,9,48,2
161635,50,4,46,2
161636,51,9,42,2
161637,57,7,50,2
161638,49,9,40,2
161639,63,12,51,2
161640,62,4,58,2
161641,47,6,41,2
161642,46,7,39,2
161643,57,5,52,2
161644,76,4,72,2
161645,56,11,45,2
161646,48,5,43,2
161647,42,2,40,2
161648,53,8,45,2
161649,64,11,53,2
161650,59,5,54,2
161651,53,4,49,2
161652,66,11,55,2
161653,48,9,39,2
161654,61,12,49,2
161655,50,6,44,2
161656,51,8,43,2
161657,56,8,48,2
161658,58,5,53,2
161659,63,8,55,2
161660,58,8,50,2
161661,42,5,37,2
161662,50,4,46,2
161663,46,6,40,2
161664,61,5,56,2
161665,55,5,50,2
161666,57,9,48,2
161667,64,6,58,2
161668,52,5,47,2
161669,56,6,50,2
161670,51,6,45,2
161671,52,8,44,2
161672,47,5,42,2
161673,50,5,45,2
161674,45,7,38,2
161675,69,3,66,2
161676,63,8,55,2
161677,67,3,64,2
161678,74,6,68,2
161679,56,6,50,2
161680,51,7,44,2
161681,57,11,46,2
161682,69,6,63,2
161683,68,6,62,2
161684,54,4,50,2
161685,62,9,53,2
161686,54,10,44,2
161687,70,5,65,2
161688,46,5,41,2
161689,56,9,47,2
161690,55,8,47,2
161691,50,5,45,2
161692,57,6,51,2
161693,47,2,45,2
161694,51,4,47,2
161695,36,4,32,2
161696,58,7,51,2
161697,46,4,42,2
161698,11,5,6,2
161699,61,4,57,2
161700,49,3,46,2
161701,63,3,60,2
161702,60,1,59,2
161703,63,14,49,2
161704,36,3,33,2
161705,44,5,39,2
161706,60,6,54,2
161707,48,8,40,2
161708,58,8,50,2
161709,64,5,59,2
161710,66,10,56,2
161711,45,3,42,2
161712,57,5,52,2
161713,55,4,51,2
161714,55,6,49,2
161715,51,7,44,2
161716,54,9,45,2
161717,51,4,47,2
161718,63,3,60,2
161719,44,7,37,2
161720,55,5,50,2
161721,53,6,47,2
161722,63,10,53,2
161723,64,7,57,2
161724,66,8,58,2
161725,57,6,51,2
161726,55,7,48,2
161727,53,1,52,2
161728,56,7,49,2
161729,54,7,47,2
161730,72,12,60,2
161731,66,9,57,2
161732,41,8,33,2
161733,51,6,45,2
161734,58,6,52,2
161735,54,9,45,2
161736,44,11,33,2
161737,53,7,46,2
161738,47,7,40,2
161739,54,11,43,2
161740,47,6,41,2
161741,55,9,46,2
161742,52,6,46,2
161743,54,9,45,2
161744,60,4,56,2
161745,51,5,46,2
161746,55,4,51,2
161747,65,6,59,2
161748,41,3,38,2
161749,56,6,50,2
161750,65,6,59,2
161751,41,9,32,2
161752,70,8,62,2
161753,50,6,44,2
161754,62,6,56,2
161755,55,8,47,2
161756,49,6,43,2
161757,59,9,50,2
161758,53,9,44,2
161759,63,5,58,2
161760,51,8,43,2
161761,50,8,42,2
161762,48,7,41,2
161763,54,9,45,2
161764,59,7,52,2
161765,46,3,43,2
161766,53,4,49,2
161767,67,10,57,2
161768,48,5,43,2
161769,59,7,52,2
161770,42,8,34,2
161771,58,11,47,2
161772,58,5,53,2
161773,58,12,46,2
161774,52,6,46,2
161775,62,4,58,2
161776,60,4,56,2
161777,71,9,62,2
161778,68,9,59,2
161779,45,3,42,2
161780,61,10,51,2
161781,58,6,52,2
161782,58,7,51,2
161783,54,8,46,2
161784,3,2,1,2
161785,46,3,43,2
161786,49,6,43,2
161787,59,8,51,2
161788,41,4,37,2
161789,53,14,39,2
161790,69,13,56,2
161791,55,7,48,2
161792,66,11,55,2
161793,52,10,42,2
161794,59,6,53,2
161795,49,7,42,2
161796,63,10,53,2
161797,42,4,38,2
161798,39,7,32,2
161799,54,2,52,2
161800,61,7,54,2
161801,55,12,43,2
161802,63,9,54,2
161803,62,10,52,2
161804,47,5,42,2
161805,53,7,46,2
161806,43,5,38,2
161807,54,14,40,2
161808,65,9,56,2
161809,49,10,39,2
161810,59,8,51,2
161811,60,10,50,2
161812,53,6,47,2
161813,47,7,40,2
161814,53,5,48,2
161815,43,7,36,2
161816,52,3,49,2
161817,54,9,45,2
161818,60,6,54,2
161819,55,2,53,2
161820,64,4,60,2
161821,52,7,45,2
161822,50,5,45,2
161823,54,6,48,2
161824,48,4,44,2
161825,49,7,42,2
161826,62,13,49,2
161827,64,8,56,2
161828,45,6,39,2
161829,35,3,32,2
161830,64,3,61,2
161831,51,8,43,2
161832,57,7,50,2
161833,48,9,39,2
161834,50,8,42,2
161835,58,7,51,2
161838,56,6,50,2
161839,40,3,37,2
161840,64,5,59,2
161841,56,8,48,2
161842,51,9,42,2
161843,45,5,40,2
161844,51,4,47,2
161845,65,7,58,2
161846,61,7,54,2
161847,55,6,49,2
161848,55,8,47,2
161849,50,6,44,2
161850,65,8,57,2
161851,51,7,44,2
161852,48,5,43,2
161853,49,9,40,2
161854,56,10,46,2
161855,61,11,50,2
161856,64,6,58,2
161857,61,6,55,2
161858,49,8,41,2
161859,61,4,57,2
161860,60,8,52,2
161861,49,5,44,2
161862,56,5,51,2
161863,56,11,45,2
161864,50,4,46,2
161865,46,3,43,2
161866,52,4,48,2
161868,52,3,49,2
161869,76,8,68,2
161870,51,6,45,2
161871,61,7,54,2
161872,59,5,54,2
161873,48,7,41,2
161874,53,6,47,2
161875,51,3,48,2
161876,56,3,53,2
161877,53,6,47,2
161878,41,3,38,2
161879,54,9,45,2
161880,53,6,47,2
161881,49,9,40,2
161882,58,7,51,2
161883,54,10,44,2
161884,38,2,36,2
161885,50,6,44,2
161886,51,7,44,2
161887,48,7,41,2
161888,65,6,59,2
161889,54,6,48,2
161890,52,8,44,2
161891,48,4,44,2
161892,51,4,47,2
161893,68,13,55,2
161894,48,5,43,2
161895,67,5,62,2
161896,46,4,42,2
161897,54,7,47,2
161898,46,5,41,2
161899,61,5,56,2
161900,69,9,60,2
161901,56,5,51,2
161902,62,7,55,2
161903,57,8,49,2
161904,64,8,56,2
161905,51,5,46,2
161906,52,9,43,2
161907,61,7,54,2
161908,56,5,51,2
161909,44,5,39,2
161910,58,9,49,2
161911,44,4,40,2
161912,53,8,45,2
161913,51,8,43,2
161914,69,8,61,2
161915,56,5,51,2
161916,59,10,49,2
161917,47,6,41,2
161918,58,8,50,2
161919,57,6,51,2
161920,68,10,58,2
161921,51,6,45,2
161922,67,6,61,2
161923,57,4,53,2
161924,47,5,42,2
161925,50,4,46,2
161926,57,6,51,2
161927,68,7,61,2
161928,64,6,58,2
161929,55,7,48,2
161930,67,14,53,2
161931,66,8,58,2
161932,53,5,48,2
161933,56,6,50,2
161934,48,6,42,2
161935,59,7,52,2
161936,43,9,34,2
161937,52,5,47,2
161938,53,5,48,2
161939,47,5,42,2
161940,64,7,57,2
161941,60,10,50,2
161942,66,10,56,2
161943,47,4,43,2
161944,65,11,54,2
161945,56,9,47,2
161946,56,7,49,2
161947,69,8,61,2
161948,58,7,51,2
161949,61,11,50,2
161950,61,4,57,2
161951,44,5,39,2
161952,52,6,46,2
161953,63,6,57,2
161954,52,2,50,2
161955,58,3,55,2
161956,59,4,55,2
161957,57,7,50,2
161958,61,11,50,2
161959,60,9,51,2
161960,55,6,49,2
161961,49,4,45,2
161962,56,4,52,2
161963,74,7,67,2
161964,57,11,46,2
161965,51,5,46,2
161966,71,7,64,2
161967,58,9,49,2
161968,57,13,44,2
161969,56,9,47,2
161970,53,5,48,2
161971,53,7,46,2
161972,47,6,41,2
161973,59,3,56,2
161974,49,2,47,2
161975,72,4,68,2
161976,50,6,44,2
161977,54,8,46,2
161978,59,10,49,2
161979,48,6,42,2
161980,55,8,47,2
161981,63,5,58,2
161982,52,8,44,2
161983,44,5,39,2
161984,51,6,45,2
161985,40,5,35,2
161986,53,4,49,2
161987,61,11,50,2
161988,61,11,50,2
161989,66,12,54,2
161990,54,4,50,2
161991,50,6,44,2
161992,64,7,57,2
161993,72,9,63,2
161994,64,7,57,2
161995,52,4,48,2
161996,57,11,46,2
161997,45,8,37,2
161998,58,13,45,2
161999,45,3,42,2
162000,56,7,49,2
162001,40,5,35,2
162002,45,8,37,2
162003,51,5,46,2
162004,50,6,44,2
162005,56,8,48,2
162006,51,3,48,2
162007,43,6,37,2
162008,53,6,47,2
162009,55,10,45,2
162010,49,8,41,2
162011,66,9,57,2
162012,63,9,54,2
162013,56,5,51,2
162014,61,8,53,2
162015,53,4,49,2
162016,60,4,56,2
162017,58,10,48,2
162018,46,5,41,2
162019,68,10,58,2
162020,58,6,52,2
162021,57,7,50,2
162022,52,5,47,2
162023,47,4,43,2
162024,58,9,49,2
162025,62,7,55,2
162026,65,8,57,2
162027,55,8,47,2
162028,63,9,54,2
162029,46,4,42,2
162030,57,9,48,2
162031,64,3,61,2
162032,51,4,47,2
162033,46,4,42,2
162034,56,7,49,2
162035,51,5,46,2
162036,64,9,55,2
162037,55,10,45,2
162038,56,3,53,2
162039,51,4,47,2
162040,57,9,48,2
162041,55,9,46,2
162042,51,5,46,2
162043,71,9,62,2
162044,51,5,46,2
162045,65,7,58,2
162046,60,7,53,2
162047,56,7,49,2
162048,72,11,61,2
162049,56,8,48,2
162050,73,9,64,2
162051,47,5,42,2
162052,55,6,49,2
162053,49,5,44,2
162054,59,7,52,2
162055,53,10,43,2
162056,54,3,51,2
162057,47,6,41,2
162058,65,7,58,2
162059,58,2,56,2
162060,56,6,50,2
162061,42,7,35,2
162062,57,8,49,2
162063,40,6,34,2
162064,49,7,42,2
162065,62,7,55,2
162066,52,5,47,2
162067,50,7,43,2
162068,56,10,46,2
162069,50,3,47,2
162070,45,5,40,2
162071,56,8,48,2
162072,49,3,46,2
162073,41,7,34,2
162074,44,6,38,2
162075,64,6,58,2
162076,44,7,37,2
162077,51,7,44,2
162078,56,7,49,2
162079,45,4,41,2
162080,64,6,58,2
162081,46,9,37,2
162082,42,3,39,2
162083,49,9,40,2
162084,60,6,54,2
162085,56,4,52,2
162086,53,5,48,2
162087,44,5,39,2
162088,57,6,51,2
162089,54,9,45,2
162090,59,11,48,2
162091,70,4,66,2
162092,66,8,58,2
162093,59,3,56,2
162094,41,3,38,2
162095,54,3,51,2
162096,50,3,47,2
162097,46,8,38,2
162098,50,7,43,2
162099,67,10,57,2
162100,55,14,41,2
162101,41,4,37,2
162102,54,7,47,2
162103,58,6,52,2
162104,50,7,43,2
162105,59,7,52,2
162106,60,8,52,2
162107,51,3,48,2
162108,39,2,37,2
162109,52,7,45,2
162110,56,9,47,2
162111,53,10,43,2
162112,52,6,46,2
162113,45,7,38,2
162114,49,4,45,2
162115,48,13,35,2
162116,54,4,50,2
162117,52,6,46,2
162118,45,4,41,2
162119,70,8,62,2
162120,56,7,49,2
162121,57,6,51,2
162122,49,6,43,2
162123,48,8,40,2
162124,49,5,44,2
162125,54,8,46,2
162126,64,2,62,2
162127,65,9,56,2
162128,70,4,66,2
162129,48,9,39,2
162130,54,11,43,2
162131,47,6,41,2
162132,52,4,48,2
162133,59,6,53,2
162134,73,10,63,2
162135,65,6,59,2
162136,51,7,44,2
162137,44,7,37,2
162138,53,5,48,2
162139,63,6,57,2
162140,59,10,49,2
162141,52,7,45,2
162142,34,8,26,2
162143,67,8,59,2
162144,59,13,46,2
162145,58,15,43,2
162146,60,7,53,2
162147,57,5,52,2
162148,60,10,50,2
162149,58,5,53,2
162150,60,5,55,2
162151,57,6,51,2
162152,49,5,44,2
162153,44,5,39,2
162154,48,7,41,2
162155,52,2,50,2
162156,63,7,56,2
162157,50,8,42,2
162158,41,1,40,2
162159,56,6,50,2
162160,52,9,43,2
162161,48,4,44,2
162162,64,6,58,2
162163,56,10,46,2
162164,47,9,38,2
162165,72,6,66,2
162166,58,10,48,2
162167,52,3,49,2
162168,64,2,62,2
162169,49,8,41,2
162170,51,6,45,2
162171,53,8,45,2
162172,57,6,51,2
162173,45,7,38,2
162174,64,5,59,2
162175,42,6,36,2
162176,61,8,53,2
162177,58,6,52,2
162178,76,12,64,2
162179,45,5,40,2
162180,56,3,53,2
162181,55,5,50,2
162182,50,5,45,2
162183,64,7,57,2
162184,48,7,41,2
162185,55,8,47,2
162186,38,4,34,2
162187,55,9,46,2
162188,68,9,59,2
162189,48,3,45,2
162190,58,6,52,2
162191,75,8,67,2
162192,57,9,48,2
162193,47,3,44,2
162194,51,5,46,2
162195,58,7,51,2
162196,53,7,46,2
162197,58,7,51,2
162198,52,12,40,2
162199,50,2,48,2
162200,56,8,48,2
162201,58,5,53,2
162202,61,6,55,2
162203,54,6,48,2
162204,46,8,38,2
162205,54,11,43,2
162206,59,2,57,2
162207,55,9,46,2
162208,56,10,46,2
162209,57,8,49,2
162210,67,11,56,2
162211,33,4,29,2
162212,43,5,38,2
162213,60,6,54,2
162214,48,6,42,2
162215,68,7,61,2
162216,60,11,49,2
162217,57,13,44,2
162218,51,6,45,2
162219,48,4,44,2
162220,56,9,47,2
162221,50,6,44,2
162222,51,5,46,2
162223,66,7,59,2
162224,62,14,48,2
162225,53,3,50,2
162226,57,12,45,2
162227,55,5,50,2
162228,56,8,48,2
162229,45,3,42,2
162230,49,9,40,2
162231,45,7,38,2
162232,45,4,41,2
162233,47,2,45,2
162234,73,7,66,2
162235,50,8,42,2
162236,52,6,46,2
162237,57,5,52,2
162238,64,11,53,2
162239,54,3,51,2
162240,49,6,43,2
162241,57,5,52,2
162242,63,8,55,2
162243,53,8,45,2
162244,46,6,40,2
162245,52,3,49,2
162246,47,3,44,2
162247,62,10,52,2
162248,45,9,36,2
162249,55,5,50,2
162250,58,6,52,2
162251,59,11,48,2
162252,59,13,46,2
162253,50,8,42,2
162254,43,3,40,2
162255,55,9,46,2
162256,47,5,42,2
162257,53,8,45,2
162258,59,4,55,2
162259,68,7,61,2
162260,49,9,40,2
162261,50,4,46,2
162262,52,4,48,2
162263,52,6,46,2
162264,54,5,49,2
162265,70,7,63,2
162266,40,2,38,2
162267,57,6,51,2
162268,51,3,48,2
162269,54,7,47,2
162270,48,5,43,2
162271,51,10,41,2
162272,34,4,30,2
162273,42,3,39,2
162274,58,11,47,2
162275,61,8,53,2
162276,54,5,49,2
162277,45,3,42,2
162278,48,6,42,2
162279,43,11,32,2
162280,54,8,46,2
162281,57,9,48,2
162282,53,4,49,2
162283,58,9,49,2
162284,59,3,56,2
162285,64,9,55,2
162286,65,4,61,2
162287,61,8,53,2
162288,42,5,37,2
162289,48,6,42,2
162290,46,4,42,2
162291,61,6,55,2
162292,52,5,47,2
162293,60,7,53,2
162294,57,11,46,2
162295,44,3,41,2
162296,61,5,56,2
162297,60,10,50,2
162298,55,6,49,2
162299,47,6,41,2
162300,65,10,55,2
162301,67,10,57,2
162302,64,9,55,2
162303,59,4,55,2
162304,49,8,41,2
162305,70,6,64,2
162306,56,6,50,2
162307,62,9,53,2
162308,51,10,41,2
162309,50,5,45,2
162310,56,7,49,2
162311,57,4,53,2
162312,63,5,58,2
162313,55,9,46,2
162314,41,5,36,2
162315,51,3,48,2
162316,53,7,46,2
162317,58,9,49,2
162318,53,6,47,2
162319,47,6,41,2
162320,45,6,39,2
162321,44,5,39,2
162322,56,13,43,2
162323,54,3,51,2
162324,57,7,50,2
162325,52,7,45,2
162326,51,8,43,2
162327,56,5,51,2
162328,45,5,40,2
162329,48,7,41,2
162330,56,8,48,2
162331,66,6,60,2
162332,59,5,54,2
162333,46,5,41,2
162334,66,9,57,2
162335,54,7,47,2
162336,56,5,51,2
162337,52,8,44,2
162338,55,6,49,2
162339,44,6,38,2
162340,67,7,60,2
162341,57,3,54,2
162342,57,5,52,2
162343,54,7,47,2
162344,51,3,48,2
162345,45,5,40,2
162346,49,2,47,2
162347,60,4,56,2
162348,54,4,50,2
162349,49,3,46,2
162350,59,7,52,2
162351,51,9,42,2
162352,63,7,56,2
162353,49,5,44,2
162354,35,3,32,2
162355,54,9,45,2
162356,62,6,56,2
162357,66,8,58,2
162358,51,5,46,2
162359,60,13,47,2
162360,62,6,56,2
162361,49,4,45,2
162362,61,6,55,2
162363,66,4,62,2
162364,65,11,54,2
162365,58,8,50,2
162366,55,8,47,2
162367,58,8,50,2
162368,53,5,48,2
162369,65,3,62,2
162370,60,6,54,2
162371,43,3,40,2
162372,55,7,48,2
162373,48,6,42,2
162374,57,8,49,2
162375,44,7,37,2
162376,54,7,47,2
162377,48,10,38,2
162378,45,8,37,2
162379,55,3,52,2
162380,63,7,56,2
162381,56,8,48,2
162382,56,7,49,2
162383,41,5,36,2
162384,56,6,50,2
162385,48,4,44,2
162386,60,8,52,2
162387,63,8,55,2
162388,59,3,56,2
162389,62,9,53,2
162390,55,3,52,2
162391,56,5,51,2
162392,62,3,59,2
162393,55,9,46,2
162394,53,5,48,2
162395,52,7,45,2
162396,72,11,61,2
162397,52,7,45,2
162398,51,4,47,2
162399,60,8,52,2
162400,54,3,51,2
162401,57,8,49,2
162402,36,7,29,2
162403,59,6,53,2
162404,57,7,50,2
162405,52,5,47,2
162406,54,7,47,2
162407,60,6,54,2
162408,67,5,62,2
162409,68,6,62,2
162410,55,5,50,2
162411,38,3,35,2
162412,53,6,47,2
162413,69,7,62,2
162414,48,5,43,2
162415,57,6,51,2
162416,46,3,43,2
162417,57,7,50,2
162418,55,8,47,2
162419,52,8,44,2
162420,49,6,43,2
162421,65,6,59,2
162422,50,6,44,2
162423,61,10,51,2
162424,64,11,53,2
162425,64,5,59,2
162426,41,7,34,2
162427,50,8,42,2
162428,38,3,35,2
162429,65,8,57,2
162430,50,5,45,2
162431,48,4,44,2
162432,49,6,43,2
162433,54,7,47,2
162434,59,5,54,2
162435,54,4,50,2
162436,59,9,50,2
162437,57,2,55,2
162438,47,4,43,2
162439,55,8,47,2
162440,45,3,42,2
162441,40,3,37,2
162442,56,10,46,2
162443,54,8,46,2
162444,52,5,47,2
162445,61,10,51,2
162446,64,4,60,2
162447,48,7,41,2
162448,52,5,47,2
162449,53,8,45,2
162450,47,4,43,2
162451,57,9,48,2
162452,48,6,42,2
162453,69,10,59,2
162454,46,8,38,2
162455,44,8,36,2
162456,56,7,49,2
162457,59,7,52,2
162458,58,2,56,2
162459,55,2,53,2
162460,52,7,45,2
162461,46,6,40,2
162462,44,7,37,2
162463,45,4,41,2
162464,55,5,50,2
162465,59,8,51,2
162466,68,5,63,2
162467,61,8,53,2
162468,58,3,55,2
162469,53,3,50,2
162470,49,6,43,2
162471,62,5,57,2
162472,51,6,45,2
162473,59,2,57,2
162474,56,8,48,2
162475,51,6,45,2
162476,65,7,58,2
162477,56,8,48,2
162478,41,4,37,2
162479,54,7,47,2
162480,42,4,38,2
162481,54,4,50,2
162482,55,8,47,2
162483,48,5,43,2
162484,59,7,52,2
162485,48,10,38,2
162486,44,4,40,2
162487,63,5,58,2
162488,56,6,50,2
162489,56,13,43,2
162490,60,9,51,2
162491,64,7,57,2
162492,56,10,46,2
162493,57,5,52,2
162494,62,8,54,2
162495,51,8,43,2
162496,51,5,46,2
162497,52,6,46,2
162498,52,3,49,2
162499,44,4,40,2
162500,41,1,40,2
162501,47,4,43,2
162502,65,3,62,2
162503,49,7,42,2
162504,51,6,45,2
162505,46,3,43,2
162506,52,4,48,2
162507,53,9,44,2
162508,57,7,50,2
162509,55,8,47,2
162510,57,4,53,2
162511,58,8,50,2
162512,62,6,56,2
162513,48,3,45,2
162514,55,8,47,2
162515,65,7,58,2
162516,53,8,45,2
162517,52,5,47,2
162518,55,3,52,2
162519,55,9,46,2
162520,49,6,43,2
162521,51,4,47,2
162522,45,5,40,2
162523,57,3,54,2
162524,61,11,50,2
162525,52,6,46,2
162526,58,5,53,2
162527,54,8,46,2
162528,45,6,39,2
162529,51,8,43,2
162530,53,4,49,2
162531,44,4,40,2
162532,55,8,47,2
162533,51,5,46,2
162534,62,6,56,2
162535,47,8,39,2
162536,53,11,42,2
162537,57,6,51,2
162538,49,6,43,2
162539,40,3,37,2
162540,52,6,46,2
162541,46,5,41,2
162542,50,7,43,2
162543,53,2,51,2
162544,52,2,50,2
162545,68,12,56,2
162546,47,8,39,2
162547,62,5,57,2
162548,50,3,47,2
162549,46,2,44,2
162550,42,7,35,2
162551,47,4,43,2
162552,51,7,44,2
162553,55,8,47,2
162554,53,6,47,2
162555,48,5,43,2
162556,51,5,46,2
162557,56,5,51,2
162558,49,6,43,2
162559,46,8,38,2
162560,51,6,45,2
162561,48,6,42,2
162562,43,1,42,2
162563,50,5,45,2
162564,60,7,53,2
162565,43,2,41,2
162566,62,10,52,2
162567,57,8,49,2
162568,56,7,49,2
162569,62,9,53,2
162570,41,6,35,2
162571,54,10,44,2
162572,56,7,49,2
162573,41,5,36,2
162574,50,4,46,2
162575,61,11,50,2
162576,61,4,57,2
162577,52,4,48,2
162578,53,8,45,2
162579,59,9,50,2
162580,50,7,43,2
162581,52,5,47,2
162582,62,8,54,2
162583,47,3,44,2
162584,57,4,53,2
162585,50,6,44,2
162586,54,8,46,2
162587,47,4,43,2
162588,55,9,46,2
162589,52,4,48,2
162590,57,4,53,2
162591,51,7,44,2
162592,62,5,57,2
162593,54,6,48,2
162594,48,7,41,2
162595,59,9,50,2
162596,55,4,51,2
162597,47,6,41,2
162598,46,6,40,2
162599,57,7,50,2
162600,53,4,49,2
162601,70,8,62,2
162602,48,3,45,2
162603,58,16,42,2
162604,55,6,49,2
162605,55,8,47,2
162606,58,1,57,2
162607,40,4,36,2
162608,43,4,39,2
162609,49,5,44,2
162610,51,5,46,2
162611,62,8,54,2
162612,65,10,55,2
162613,75,13,62,2
162614,51,6,45,2
162615,69,8,61,2
162616,53,4,49,2
162617,44,7,37,2
162618,59,8,51,2
162619,62,9,53,2
162620,55,11,44,2
162621,47,9,38,2
162622,60,5,55,2
162623,55,9,46,2
162624,55,5,50,2
162625,57,8,49,2
162626,59,12,47,2
162627,55,5,50,2
162628,56,3,53,2
162629,62,8,54,2
162630,60,7,53,2
162631,56,4,52,2
162632,58,6,52,2
162633,48,9,39,2
162634,48,8,40,2
162635,52,2,50,2
162636,61,3,58,2
162637,50,9,41,2
162638,53,10,43,2
162639,54,8,46,2
162640,61,12,49,2
162641,48,8,40,2
162642,62,4,58,2
162643,36,2,34,2
162644,55,8,47,2
162645,67,10,57,2
162646,58,8,50,2
162647,66,8,58,2
162648,63,12,51,2
162649,45,7,38,2
162650,41,6,35,2
162651,40,4,36,2
162652,52,6,46,2
162653,58,7,51,2
162654,56,6,50,2
162655,52,14,38,2
162656,59,7,52,2
162657,54,5,49,2
162658,55,3,52,2
162659,44,6,38,2
162660,47,3,44,2
162661,43,4,39,2
162662,53,2,51,2
162663,63,8,55,2
162664,57,5,52,2
162665,49,9,40,2
162666,53,6,47,2
162667,46,7,39,2
162668,59,11,48,2
162669,65,8,57,2
162670,47,5,42,2
162671,48,9,39,2
162672,70,10,60,2
162673,47,3,44,2
162674,51,8,43,2
162675,43,5,38,2
162676,54,8,46,2
162677,50,2,48,2
162678,41,2,39,2
162679,47,3,44,2
162680,62,7,55,2
162681,50,6,44,2
162682,53,5,48,2
162683,59,11,48,2
162684,47,6,41,2
162685,52,7,45,2
162686,63,13,50,2
162687,61,6,55,2
162688,49,7,42,2
162689,50,3,47,2
162690,54,8,46,2
162691,58,8,50,2
162692,41,3,38,2
162693,62,13,49,2
162694,66,4,62,2
162695,54,5,49,2
162696,47,5,42,2
162697,59,4,55,2
162698,54,8,46,2
162699,62,8,54,2
162700,46,2,44,2
162701,41,4,37,2
162702,61,3,58,2
162703,71,6,65,2
162704,50,5,45,2
162705,65,8,57,2
162706,59,11,48,2
162707,50,5,45,2
162708,56,10,46,2
162709,46,3,43,2
162710,47,6,41,2
162711,63,10,53,2
162712,57,3,54,2
162713,59,4,55,2
162714,59,3,56,2
162715,50,7,43,2
162716,41,5,36,2
162717,57,6,51,2
162718,65,9,56,2
162719,54,10,44,2
162720,54,5,49,2
162721,57,6,51,2
162722,61,5,56,2
162723,52,4,48,2
162724,51,7,44,2
162725,58,12,46,2
162726,49,3,46,2
162727,59,6,53,2
162728,44,6,38,2
162729,43,7,36,2
162730,55,13,42,2
162731,57,6,51,2
162732,59,5,54,2
162733,46,3,43,2
162734,59,5,54,2
162735,50,5,45,2
162736,58,5,53,2
162737,54,4,50,2
162738,49,3,46,2
162739,59,8,51,2
162740,50,3,47,2
162741,53,7,46,2
162742,46,2,44,2
162743,43,3,40,2
162744,47,9,38,2
162745,61,6,55,2
162746,62,6,56,2
162747,51,8,43,2
162748,48,3,45,2
162749,60,11,49,2
162750,52,9,43,2
162751,59,6,53,2
162752,45,6,39,2
162753,54,8,46,2
162754,50,3,47,2
162755,68,12,56,2
162756,57,10,47,2
162757,57,6,51,2
162758,56,7,49,2
162759,60,7,53,2
162760,57,13,44,2
162761,63,5,58,2
162762,51,3,48,2
162763,65,4,61,2
162764,55,5,50,2
162765,57,7,50,2
162766,52,3,49,2
162767,53,7,46,2
162768,36,2,34,2
162769,50,3,47,2
162770,56,8,48,2
162771,55,2,53,2
162772,51,5,46,2
162773,53,6,47,2
162774,51,4,47,2
162775,45,4,41,2
162776,49,1,48,2
162777,55,6,49,2
162778,56,9,47,2
162779,51,1,50,2
162780,55,6,49,2
162781,47,7,40,2
162782,48,8,40,2
162783,49,6,43,2
162784,70,7,63,2
162785,54,8,46,2
162786,54,9,45,2
162787,48,8,40,2
162788,47,9,38,2
162789,60,4,56,2
162790,67,9,58,2
162791,55,6,49,2
162792,47,3,44,2
162793,52,9,43,2
162794,56,12,44,2
162795,56,6,50,2
162796,53,8,45,2
162797,60,8,52,2
162798,57,7,50,2
162799,54,7,47,2
162800,46,7,39,2
162801,68,5,63,2
162802,57,10,47,2
162803,50,5,45,2
162804,59,10,49,2
162805,64,7,57,2
162806,62,8,54,2
162807,54,12,42,2
162808,52,4,48,2
162809,48,6,42,2
162810,63,5,58,2
162811,49,6,43,2
162812,47,2,45,2
162813,62,3,59,2
162814,61,5,56,2
162815,59,4,55,2
162816,59,11,48,2
162817,51,9,42,2
162818,57,5,52,2
162819,57,9,48,2
162820,37,2,35,2
162821,70,8,62,2
162822,69,10,59,2
162823,48,5,43,2
162824,52,2,50,2
162825,49,6,43,2
162826,43,5,38,2
162827,42,7,35,2
162828,46,3,43,2
162829,50,5,45,2
162830,59,6,53,2
162831,56,5,51,2
162832,61,9,52,2
162833,45,4,41,2
162834,57,4,53,2
162835,57,7,50,2
162836,55,7,48,2
162837,59,5,54,2
162838,66,9,57,2
162839,48,4,44,2
162840,74,5,69,2
162841,53,4,49,2
162842,62,7,55,2
162843,57,10,47,2
162844,58,9,49,2
162845,42,6,36,2
162846,55,8,47,2
162847,50,4,46,2
162848,54,6,48,2
162849,53,5,48,2
162850,55,9,46,2
162851,63,8,55,2
162852,53,6,47,2
162853,67,6,61,2
162854,49,6,43,2
162855,57,7,50,2
162856,64,8,56,2
162857,49,6,43,2
162858,50,7,43,2
162859,47,5,42,2
162860,51,6,45,2
162861,67,10,57,2
162862,49,5,44,2
162863,51,6,45,2
162864,55,10,45,2
162865,59,5,54,2
162866,57,6,51,2
162867,48,4,44,2
162868,45,5,40,2
162869,57,6,51,2
162870,54,3,51,2
162871,59,3,56,2
162872,62,6,56,2
162873,47,7,40,2
162874,47,8,39,2
162875,56,8,48,2
162876,53,4,49,2
162877,49,12,37,2
162878,49,4,45,2
162879,56,2,54,2
162880,53,9,44,2
162881,44,8,36,2
162882,52,6,46,2
162883,56,3,53,2
162884,55,5,50,2
162885,42,4,38,2
162886,53,5,48,2
162887,57,10,47,2
162888,47,6,41,2
162889,48,5,43,2
162890,49,2,47,2
162891,57,9,48,2
162892,62,7,55,2
162893,58,6,52,2
162894,47,5,42,2
162895,46,3,43,2
162896,58,1,57,2
162897,68,7,61,2
162898,54,7,47,2
162899,56,15,41,2
162900,48,4,44,2
162901,44,3,41,2
162902,55,9,46,2
162903,48,6,42,2
162904,50,5,45,2
162905,50,3,47,2
162906,57,1,56,2
162907,56,3,53,2
162908,54,6,48,2
162909,50,5,45,2
162910,45,6,39,2
162911,63,13,50,2
162912,61,11,50,2
162913,67,7,60,2
162914,50,8,42,2
162915,48,3,45,2
162916,53,4,49,2
162917,56,13,43,2
162918,58,7,51,2
162919,59,5,54,2
162920,57,4,53,2
162921,56,7,49,2
162922,65,8,57,2
162923,56,6,50,2
162924,55,10,45,2
162925,51,8,43,2
162926,55,6,49,2
162927,56,4,52,2
162928,46,10,36,2
162929,59,8,51,2
162930,55,2,53,2
162931,54,9,45,2
162932,71,4,67,2
162933,48,3,45,2
162934,46,4,42,2
162935,55,5,50,2
162936,63,9,54,2
162937,64,3,61,2
162938,48,4,44,2
162939,55,5,50,2
162940,57,4,53,2
162941,56,8,48,2
162942,69,11,58,2
162943,43,7,36,2
162944,59,5,54,2
162945,69,12,57,2
162946,66,9,57,2
162947,62,13,49,2
162948,55,7,48,2
162949,46,5,41,2
162950,58,3,55,2
162951,59,7,52,2
162952,61,10,51,2
162953,43,9,34,2
162954,60,8,52,2
162955,55,4,51,2
162956,57,4,53,2
162957,67,8,59,2
162958,55,3,52,2
162959,57,4,53,2
162960,45,5,40,2
162961,62,4,58,2
162962,47,5,42,2
162963,51,7,44,2
162964,63,8,55,2
162965,64,3,61,2
162966,54,11,43,2
162967,63,6,57,2
162968,59,7,52,2
162969,50,5,45,2
162970,51,6,45,2
162971,38,4,34,2
162972,52,8,44,2
162973,58,7,51,2
162974,55,2,53,2
162975,48,6,42,2
162976,56,8,48,2
162977,54,7,47,2
162978,50,5,45,2
162979,54,8,46,2
162980,60,9,51,2
162981,62,6,56,2
162982,54,6,48,2
162983,58,6,52,2
162984,63,11,52,2
162985,52,10,42,2
162986,52,4,48,2
162987,51,6,45,2
162988,65,7,58,2
162989,49,6,43,2
162990,49,6,43,2
162991,61,8,53,2
162992,52,8,44,2
162993,50,5,45,2
162994,56,5,51,2
162995,55,6,49,2
162996,50,6,44,2
162997,57,7,50,2
162998,50,4,46,2
162999,70,11,59,2
163000,79,7,72,2
163001,50,9,41,2
163002,54,8,46,2
163003,47,7,40,2
163004,52,9,43,2
163005,58,6,52,2
163006,59,3,56,2
163007,48,7,41,2
163008,51,13,38,2
163009,54,5,49,2
163010,49,4,45,2
163011,51,4,47,2
163012,44,8,36,2
163013,59,3,56,2
163014,53,7,46,2
163015,50,8,42,2
163016,61,6,55,2
163017,50,5,45,2
163018,42,5,37,2
163019,49,4,45,2
163020,65,3,62,2
163021,56,8,48,2
163022,55,5,50,2
163023,72,6,66,2
163024,66,4,62,2
163025,51,3,48,2
163026,59,7,52,2
163027,66,4,62,2
163028,67,12,55,2
163029,50,7,43,2
163030,45,7,38,2
163031,61,8,53,2
163032,65,10,55,2
163033,59,6,53,2
163034,58,6,52,2
163035,56,8,48,2
163036,51,4,47,2
163037,67,7,60,2
163038,49,7,42,2
163039,55,12,43,2
163040,66,10,56,2
163041,51,2,49,2
163042,56,5,51,2
163043,61,5,56,2
163044,57,7,50,2
163045,67,11,56,2
163046,51,11,40,2
163047,58,8,50,2
163048,46,8,38,2
163049,48,3,45,2
163050,51,6,45,2
163051,53,9,44,2
163052,53,7,46,2
163053,45,7,38,2
163054,53,3,50,2
163055,57,9,48,2
163056,53,7,46,2
163057,47,6,41,2
163058,62,13,49,2
163059,57,9,48,2
163060,54,8,46,2
163061,60,13,47,2
163062,54,10,44,2
163063,53,5,48,2
163064,57,5,52,2
163065,59,5,54,2
163066,54,6,48,2
163067,55,10,45,2
163068,58,4,54,2
163069,55,9,46,2
163070,44,3,41,2
163071,43,6,37,2
163072,63,11,52,2
163073,62,10,52,2
163074,46,3,43,2
163075,55,10,45,2
163076,55,10,45,2
163077,56,7,49,2
163078,50,8,42,2
163079,54,5,49,2
163080,49,5,44,2
163081,62,10,52,2
163082,66,6,60,2
163083,53,5,48,2
163084,58,7,51,2
163085,41,1,40,2
163086,57,5,52,2
163087,59,9,50,2
163088,58,7,51,2
163089,47,5,42,2
163090,63,6,57,2
163091,58,7,51,2
163092,45,4,41,2
163093,50,8,42,2
163094,47,7,40,2
163095,50,3,47,2
163096,45,3,42,2
163097,50,4,46,2
163098,47,6,41,2
163099,45,6,39,2
163100,45,5,40,2
163101,56,10,46,2
163102,65,7,58,2
163103,49,4,45,2
163104,51,5,46,2
163105,59,6,53,2
163106,47,5,42,2
163107,62,12,50,2
163108,68,11,57,2
163109,54,9,45,2
163110,53,6,47,2
163111,48,11,37,2
163112,66,6,60,2
163113,54,8,46,2
163114,46,6,40,2
163115,49,7,42,2
163116,55,8,47,2
163117,62,9,53,2
163118,59,8,51,2
163119,43,7,36,2
163120,70,11,59,2
163121,41,3,38,2
163122,57,7,50,2
163123,72,13,59,2
163124,55,8,47,2
163125,45,3,42,2
163126,47,5,42,2
163127,57,9,48,2
163128,46,2,44,2
163129,54,9,45,2
163130,61,5,56,2
163131,53,4,49,2
163132,56,5,51,2
163133,55,6,49,2
163134,74,7,67,2
163135,59,7,52,2
163136,47,12,35,2
163137,55,8,47,2
163138,60,8,52,2
163139,54,8,46,2
163140,56,12,44,2
163141,62,8,54,2
163142,61,6,55,2
163143,50,7,43,2
163144,62,4,58,2
163145,58,7,51,2
163146,55,6,49,2
163147,49,5,44,2
163148,49,6,43,2
163149,54,7,47,2
163150,58,5,53,2
163151,53,8,45,2
163152,56,3,53,2
163153,63,10,53,2
163154,60,10,50,2
163155,47,5,42,2
163156,64,3,61,2
163157,54,6,48,2
163158,56,8,48,2
163159,48,6,42,2
163160,60,7,53,2
163161,49,4,45,2
163162,52,5,47,2
163163,39,4,35,2
163164,50,12,38,2
163165,59,8,51,2
163166,56,7,49,2
163167,59,12,47,2
163168,59,4,55,2
163169,55,7,48,2
163170,65,10,55,2
163171,59,7,52,2
163172,53,5,48,2
163173,58,2,56,2
163174,60,7,53,2
163175,68,9,59,2
163176,48,5,43,2
163177,63,5,58,2
163178,48,7,41,2
163179,46,3,43,2
163180,55,12,43,2
163181,54,5,49,2
163182,51,7,44,2
163183,49,5,44,2
163184,60,6,54,2
163185,57,6,51,2
163186,67,8,59,2
163187,48,7,41,2
163188,61,7,54,2
163189,49,6,43,2
163190,48,8,40,2
163191,55,6,49,2
163192,62,10,52,2
163193,53,4,49,2
163194,58,5,53,2
163195,54,6,48,2
163196,51,10,41,2
163197,58,1,57,2
163198,51,5,46,2
163199,64,4,60,2
163200,54,5,49,2
163201,62,13,49,2
163202,55,5,50,2
163203,57,7,50,2
163204,62,5,57,2
163205,44,5,39,2
163206,53,3,50,2
163207,58,7,51,2
163208,49,5,44,2
163209,55,2,53,2
163210,44,9,35,2
163211,68,9,59,2
163212,56,8,48,2
163213,50,5,45,2
163214,55,6,49,2
163215,51,3,48,2
163216,42,4,38,2
163217,47,4,43,2
163218,48,6,42,2
163219,47,4,43,2
163220,68,11,57,2
163221,47,8,39,2
163222,55,2,53,2
163223,52,5,47,2
163224,52,9,43,2
163225,60,4,56,2
163226,62,4,58,2
163227,48,7,41,2
163228,64,5,59,2
163229,55,4,51,2
163230,61,8,53,2
163231,52,7,45,2
163232,58,9,49,2
163233,45,8,37,2
163234,63,6,57,2
163235,66,9,57,2
163236,43,3,40,2
163237,42,5,37,2
163238,48,6,42,2
163239,61,7,54,2
163240,59,12,47,2
163241,48,9,39,2
163242,49,7,42,2
163243,57,3,54,2
163244,60,11,49,2
163245,60,11,49,2
163246,57,4,53,2
163247,56,6,50,2
163248,47,4,43,2
163249,60,8,52,2
163250,55,10,45,2
163251,56,6,50,2
163252,39,3,36,2
163253,63,10,53,2
163254,44,7,37,2
163255,58,10,48,2
163256,65,7,58,2
163257,51,7,44,2
163258,66,6,60,2
163259,49,6,43,2
163260,55,6,49,2
163261,59,9,50,2
163262,49,5,44,2
163263,48,5,43,2
163264,59,9,50,2
163265,45,6,39,2
163266,55,6,49,2
163267,45,7,38,2
163268,62,7,55,2
163269,58,4,54,2
163270,50,5,45,2
163271,53,8,45,2
163272,47,5,42,2
163273,55,4,51,2
163274,45,6,39,2
163275,45,4,41,2
163276,52,7,45,2
163277,59,5,54,2
163278,44,9,35,2
163279,57,5,52,2
163280,53,7,46,2
163281,65,6,59,2
163282,43,3,40,2
163283,53,8,45,2
163284,57,4,53,2
163285,49,5,44,2
163286,57,8,49,2
163287,50,5,45,2
163288,46,6,40,2
163289,64,6,58,2
163290,46,3,43,2
163291,44,9,35,2
163292,55,8,47,2
163293,58,8,50,2
163294,68,7,61,2
163295,63,6,57,2
163296,63,8,55,2
163297,65,7,58,2
163298,51,6,45,2
163299,53,5,48,2
163300,49,6,43,2
163301,61,4,57,2
163302,67,12,55,2
163303,52,5,47,2
163304,55,3,52,2
163305,59,4,55,2
163306,47,6,41,2
163307,52,7,45,2
163308,51,7,44,2
163309,61,4,57,2
163310,62,6,56,2
163311,56,10,46,2
163312,65,5,60,2
163313,65,10,55,2
163314,51,2,49,2
163315,51,8,43,2
163316,47,3,44,2
163317,55,11,44,2
163318,44,9,35,2
163319,52,9,43,2
163320,62,4,58,2
163321,58,5,53,2
163322,62,4,58,2
163323,57,8,49,2
163324,55,5,50,2
163325,64,6,58,2
163326,59,8,51,2
163327,64,9,55,2
163328,60,7,53,2
163329,62,8,54,2
163330,51,4,47,2
163331,56,8,48,2
163332,40,4,36,2
163333,56,6,50,2
163334,49,7,42,2
163335,65,8,57,2
163336,57,8,49,2
163337,63,7,56,2
163338,53,7,46,2
163339,62,7,55,2
163340,65,11,54,2
163341,64,11,53,2
163342,39,7,32,2
163343,46,6,40,2
163344,57,4,53,2
163345,48,6,42,2
163346,60,8,52,2
163347,66,7,59,2
163348,51,4,47,2
163349,40,7,33,2
163350,59,7,52,2
163351,51,6,45,2
163352,60,4,56,2
163353,50,5,45,2
163354,47,8,39,2
163355,52,4,48,2
163356,64,10,54,2
163357,57,8,49,2
163358,59,10,49,2
163359,68,8,60,2
163360,54,9,45,2
163361,53,6,47,2
163362,51,4,47,2
163363,48,2,46,2
163364,58,8,50,2
163365,53,10,43,2
163366,66,8,58,2
163367,55,7,48,2
163368,61,7,54,2
163369,45,5,40,2
163370,51,12,39,2
163371,47,7,40,2
163372,49,10,39,2
163373,42,3,39,2
163374,56,10,46,2
163375,48,5,43,2
163376,44,3,41,2
163377,57,11,46,2
163378,39,3,36,2
163379,57,8,49,2
163380,54,9,45,2
163381,52,7,45,2
163382,60,9,51,2
163383,47,7,40,2
163384,56,3,53,2
163385,56,8,48,2
163386,59,8,51,2
163387,49,9,40,2
163388,48,5,43,2
163389,66,5,61,2
163390,62,10,52,2
163391,48,6,42,2
163392,62,14,48,2
163393,61,2,59,2
163394,54,10,44,2
163395,64,4,60,2
163396,49,3,46,2
163397,57,8,49,2
163398,57,3,54,2
163399,46,5,41,2
163400,49,7,42,2
163401,56,7,49,2
163402,57,7,50,2
163403,55,10,45,2
163404,44,6,38,2
163405,63,7,56,2
163406,60,6,54,2
163407,64,8,56,2
163408,51,5,46,2
163409,62,2,60,2
163410,60,9,51,2
163411,58,4,54,2
163412,51,11,40,2
163413,64,7,57,2
163414,55,8,47,2
163415,53,5,48,2
163416,54,8,46,2
163417,58,10,48,2
163418,56,10,46,2
163419,47,4,43,2
163420,51,8,43,2
163421,61,9,52,2
163422,59,11,48,2
163423,57,7,50,2
163424,58,9,49,2
163425,58,4,54,2
163426,45,7,38,2
163427,52,10,42,2
163428,62,8,54,2
163429,68,6,62,2
163430,49,6,43,2
163431,51,6,45,2
163432,56,8,48,2
163433,61,3,58,2
163434,59,12,47,2
163435,44,4,40,2
163436,64,2,62,2
163437,57,9,48,2
163438,50,6,44,2
163439,60,13,47,2
163440,65,8,57,2
163441,57,7,50,2
163442,50,3,47,2
163443,49,6,43,2
163444,52,2,50,2
163445,52,4,48,2
163446,37,1,36,2
163447,49,8,41,2
163448,55,7,48,2
163449,59,14,45,2
163450,48,5,43,2
163451,46,7,39,2
163452,53,7,46,2
163453,55,8,47,2
163454,58,8,50,2
163455,58,7,51,2
163456,54,5,49,2
163457,60,9,51,2
163458,48,10,38,2
163459,70,7,63,2
163460,53,6,47,2
163461,48,5,43,2
163462,45,4,41,2
163463,52,8,44,2
163464,59,11,48,2
163465,65,10,55,2
163466,43,5,38,2
163467,54,6,48,2
163468,49,3,46,2
163469,49,10,39,2
163470,59,6,53,2
163471,75,9,66,2
163472,45,4,41,2
163473,49,4,45,2
163474,63,13,50,2
163475,58,10,48,2
163476,50,6,44,2
163477,48,6,42,2
163478,54,9,45,2
163479,54,4,50,2
163480,49,6,43,2
163481,45,4,41,2
163482,61,7,54,2
163483,61,6,55,2
163484,54,4,50,2
163485,59,4,55,2
163486,49,5,44,2
163487,47,7,40,2
163488,56,6,50,2
163489,56,3,53,2
163490,57,9,48,2
163491,54,6,48,2
163492,53,7,46,2
163493,49,5,44,2
163494,45,6,39,2
163495,42,7,35,2
163496,53,4,49,2
163497,54,5,49,2
163498,57,4,53,2
163499,60,11,49,2
163500,69,4,65,2
163501,56,9,47,2
163502,60,12,48,2
163503,56,8,48,2
163504,59,9,50,2
163505,59,7,52,2
163506,68,9,59,2
163507,50,6,44,2
163508,47,12,35,2
163509,61,4,57,2
163510,49,8,41,2
163511,53,7,46,2
163512,46,5,41,2
163513,51,10,41,2
163514,58,6,52,2
163515,43,4,39,2
163516,62,8,54,2
163517,52,7,45,2
163518,56,7,49,2
163519,46,3,43,2
163520,51,7,44,2
163521,49,4,45,2
163522,47,4,43,2
163523,59,8,51,2
163524,55,9,46,2
163525,55,7,48,2
163526,51,5,46,2
163527,63,4,59,2
163528,50,3,47,2
163529,63,12,51,2
163530,66,12,54,2
163531,57,9,48,2
163532,53,9,44,2
163533,43,4,39,2
163534,54,4,50,2
163535,49,10,39,2
163536,54,9,45,2
163537,60,4,56,2
163538,59,7,52,2
163539,57,1,56,2
163540,64,5,59,2
163541,49,3,46,2
163542,70,6,64,2
163543,64,10,54,2
163544,51,8,43,2
163545,37,7,30,2
163546,47,3,44,2
163547,62,8,54,2
163548,62,8,54,2
163549,50,4,46,2
163550,53,5,48,2
163551,38,3,35,2
163552,48,4,44,2
163553,55,8,47,2
163554,57,10,47,2
163555,56,3,53,2
163556,64,7,57,2
163557,59,8,51,2
163558,55,5,50,2
163559,54,8,46,2
163560,38,9,29,2
163561,62,8,54,2
163562,39,6,33,2
163563,60,7,53,2
163564,49,7,42,2
163565,51,10,41,2
163566,52,7,45,2
163567,46,9,37,2
163568,57,7,50,2
163569,59,7,52,2
163570,52,3,49,2
163571,56,5,51,2
163572,50,6,44,2
163573,55,4,51,2
163574,58,6,52,2
163575,57,6,51,2
163576,52,6,46,2
163577,61,5,56,2
163578,50,3,47,2
163579,48,5,43,2
163580,61,6,55,2
163581,69,6,63,2
163582,58,5,53,2
163583,62,7,55,2
163584,59,10,49,2
163585,40,3,37,2
163586,64,5,59,2
163587,48,5,43,2
163588,55,10,45,2
163589,66,8,58,2
163590,72,6,66,2
163591,46,7,39,2
163592,52,5,47,2
163593,41,6,35,2
163594,54,1,53,2
163595,48,2,46,2
163596,57,9,48,2
163597,50,4,46,2
163598,55,7,48,2
163599,56,8,48,2
163600,57,6,51,2
163601,60,9,51,2
163602,46,4,42,2
163603,57,7,50,2
163604,58,5,53,2
163605,47,5,42,2
163606,60,5,55,2
163607,43,4,39,2
163608,55,6,49,2
163609,55,8,47,2
163610,49,7,42,2
163611,64,7,57,2
163612,54,6,48,2
163613,46,5,41,2
163614,50,7,43,2
163615,53,7,46,2
163616,60,7,53,2
163617,62,10,52,2
163618,51,8,43,2
163619,52,6,46,2
163620,61,3,58,2
163621,54,4,50,2
163622,53,6,47,2
163623,55,1,54,2
163624,55,5,50,2
163625,45,7,38,2
163626,64,6,58,2
163627,52,4,48,2
163628,59,13,46,2
163629,61,13,48,2
163630,54,5,49,2
163631,47,4,43,2
163632,70,9,61,2
163633,48,7,41,2
163634,57,6,51,2
163635,54,5,49,2
163636,53,3,50,2
163637,46,4,42,2
163638,65,7,58,2
163639,58,9,49,2
163640,52,4,48,2
163641,58,10,48,2
163642,56,8,48,2
163643,57,8,49,2
163644,61,6,55,2
163645,55,6,49,2
163646,60,12,48,2
163647,50,3,47,2
163648,63,5,58,2
163649,49,9,40,2
163650,43,5,38,2
163651,50,3,47,2
163652,55,3,52,2
163653,43,5,38,2
163654,50,4,46,2
163655,58,7,51,2
163656,58,11,47,2
163657,48,5,43,2
163658,72,3,69,2
163659,59,9,50,2
163660,48,4,44,2
163661,48,7,41,2
163662,60,6,54,2
163663,47,1,46,2
163664,41,5,36,2
163665,54,7,47,2
163666,56,8,48,2
163667,46,6,40,2
163668,61,8,53,2
163669,50,7,43,2
163670,61,11,50,2
163671,52,7,45,2
163672,43,3,40,2
163673,50,5,45,2
163674,53,4,49,2
163675,66,6,60,2
163676,54,6,48,2
163677,65,5,60,2
163678,51,3,48,2
163679,47,4,43,2
163680,54,5,49,2
163681,51,7,44,2
163682,60,8,52,2
163683,67,7,60,2
163684,53,7,46,2
163685,52,7,45,2
163686,61,4,57,2
163687,61,6,55,2
163688,65,9,56,2
163689,61,2,59,2
163690,59,6,53,2
163691,65,7,58,2
163692,54,6,48,2
163693,53,5,48,2
163694,57,1,56,2
163695,61,4,57,2
163696,56,6,50,2
163697,67,8,59,2
163698,60,8,52,2
163699,50,5,45,2
163700,49,4,45,2
163701,71,7,64,2
163702,45,9,36,2
163703,45,5,40,2
163704,49,8,41,2
163705,61,4,57,2
163706,54,4,50,2
163707,61,5,56,2
163708,45,4,41,2
163709,52,9,43,2
163710,50,2,48,2
163711,59,6,53,2
163712,63,10,53,2
163713,49,6,43,2
163714,54,8,46,2
163715,53,9,44,2
163716,54,8,46,2
163717,63,1,62,2
163718,39,5,34,2
163719,56,6,50,2
163720,46,3,43,2
163721,44,4,40,2
163722,42,7,35,2
163723,57,5,52,2
163724,47,6,41,2
163725,57,6,51,2
163726,37,5,32,2
163727,52,3,49,2
163728,56,7,49,2
163729,66,7,59,2
163730,46,6,40,2
163731,72,9,63,2
163732,50,6,44,2
163733,71,4,67,2
163734,56,10,46,2
163735,59,7,52,2
163736,55,10,45,2
163737,57,4,53,2
163738,78,10,68,2
163739,42,3,39,2
163740,61,9,52,2
163741,58,5,53,2
163742,45,3,42,2
163743,57,9,48,2
163744,52,6,46,2
163745,53,4,49,2
163746,53,5,48,2
163747,61,9,52,2
163748,52,6,46,2
163749,54,9,45,2
163750,49,6,43,2
163751,44,10,34,2
163752,50,3,47,2
163753,64,10,54,2
163754,52,4,48,2
163755,51,3,48,2
163756,62,9,53,2
163757,59,8,51,2
163758,46,5,41,2
163759,65,10,55,2
163760,68,10,58,2
163761,60,4,56,2
163762,52,1,51,2
163763,55,6,49,2
163764,46,6,40,2
163765,58,6,52,2
163766,48,4,44,2
163767,61,4,57,2
163768,55,8,47,2
163769,68,5,63,2
163770,52,8,44,2
163771,60,7,53,2
163772,64,7,57,2
163773,57,11,46,2
163774,47,7,40,2
163775,50,4,46,2
163776,49,10,39,2
163777,58,10,48,2
163778,48,6,42,2
163779,52,8,44,2
163780,42,3,39,2
163781,55,8,47,2
163782,63,8,55,2
163783,44,10,34,2
163784,45,9,36,2
163785,47,2,45,2
163786,59,9,50,2
163787,58,11,47,2
163788,54,8,46,2
163789,61,9,52,2
163790,60,8,52,2
163791,50,5,45,2
163792,45,4,41,2
163793,59,7,52,2
163794,55,5,50,2
163795,52,7,45,2
163796,56,4,52,2
163797,54,3,51,2
163798,60,6,54,2
163799,62,8,54,2
163800,55,6,49,2
163801,50,9,41,2
163802,54,9,45,2
163803,54,2,52,2
163804,47,1,46,2
163805,55,5,50,2
163806,79,5,74,2
163807,48,6,42,2
163808,48,7,41,2
163809,47,8,39,2
163810,62,10,52,2
163811,43,5,38,2
163812,54,7,47,2
163813,55,9,46,2
163814,50,4,46,2
163815,51,8,43,2
163816,55,6,49,2
163817,55,4,51,2
163818,48,6,42,2
163819,52,10,42,2
163820,51,8,43,2
163821,49,6,43,2
163822,55,7,48,2
163823,57,7,50,2
163824,50,6,44,2
163825,65,13,52,2
163826,57,6,51,2
163827,53,8,45,2
163828,53,7,46,2
163829,46,8,38,2
163830,48,5,43,2
163831,62,6,56,2
163832,39,5,34,2
163833,44,6,38,2
163834,52,4,48,2
163835,51,3,48,2
163836,55,8,47,2
163837,56,7,49,2
163838,57,5,52,2
163839,51,7,44,2
163840,55,5,50,2
163841,58,4,54,2
163842,65,6,59,2
163843,48,8,40,2
163844,53,8,45,2
163845,83,10,73,2
163846,53,6,47,2
163847,71,8,63,2
163848,50,3,47,2
163849,59,5,54,2
163850,48,7,41,2
163851,46,6,40,2
163852,61,5,56,2
163853,58,12,46,2
163854,57,7,50,2
163855,48,3,45,2
163856,54,10,44,2
163857,55,6,49,2
163858,55,8,47,2
163859,57,6,51,2
163860,53,3,50,2
163861,48,7,41,2
163862,43,7,36,2
163863,53,7,46,2
163864,58,9,49,2
163865,45,5,40,2
163866,51,12,39,2
163867,56,6,50,2
163868,49,9,40,2
163869,50,5,45,2
163870,45,10,35,2
163871,62,10,52,2
163872,61,8,53,2
163873,54,9,45,2
163874,63,9,54,2
163875,50,8,42,2
163876,54,5,49,2
163877,43,4,39,2
163878,55,12,43,2
163879,39,4,35,2
163880,53,7,46,2
163881,43,5,38,2
163882,38,2,36,2
163883,58,6,52,2
163884,59,3,56,2
163885,52,6,46,2
163886,57,10,47,2
163887,55,3,52,2
163888,57,14,43,2
163889,60,7,53,2
163890,52,2,50,2
163891,46,6,40,2
163892,61,7,54,2
163893,48,8,40,2
163894,56,4,52,2
163895,60,4,56,2
163896,53,5,48,2
163897,48,3,45,2
163898,72,9,63,2
163899,62,2,60,2
163900,65,6,59,2
163901,48,6,42,2
163902,48,1,47,2
163903,49,13,36,2
163904,55,9,46,2
163905,64,7,57,2
163906,59,4,55,2
163907,58,10,48,2
163908,53,13,40,2
163909,62,10,52,2
163910,61,5,56,2
163911,60,5,55,2
163912,51,9,42,2
163913,58,4,54,2
163914,63,4,59,2
163915,45,2,43,2
163916,40,4,36,2
163917,64,10,54,2
163918,44,4,40,2
163919,50,8,42,2
163920,61,10,51,2
163921,43,3,40,2
163922,59,7,52,2
163923,40,9,31,2
163924,62,3,59,2
163925,45,5,40,2
163926,56,2,54,2
163927,72,8,64,2
163928,64,8,56,2
163929,56,6,50,2
163930,59,12,47,2
163931,46,7,39,2
163932,58,10,48,2
163933,49,6,43,2
163934,53,5,48,2
163935,53,7,46,2
163936,48,7,41,2
163937,57,7,50,2
163938,61,7,54,2
163939,60,11,49,2
163940,62,9,53,2
163941,55,10,45,2
163942,53,6,47,2
163943,49,7,42,2
163944,54,2,52,2
163945,56,8,48,2
163946,56,8,48,2
163947,54,4,50,2
163948,59,11,48,2
163949,50,9,41,2
163950,44,9,35,2
163951,34,2,32,2
163952,53,6,47,2
163953,65,8,57,2
163954,45,8,37,2
163955,57,8,49,2
163956,73,11,62,2
163957,59,11,48,2
163958,63,5,58,2
163959,50,6,44,2
163960,49,9,40,2
163961,59,10,49,2
163962,60,4,56,2
163963,55,7,48,2
163964,62,7,55,2
163965,60,5,55,2
163966,59,6,53,2
163967,53,9,44,2
163968,60,9,51,2
163969,60,10,50,2
163970,68,9,59,2
163971,59,10,49,2
163972,65,12,53,2
163973,58,8,50,2
163974,60,9,51,2
163975,54,7,47,2
163976,45,5,40,2
163977,56,8,48,2
163978,65,10,55,2
163979,54,6,48,2
163980,54,5,49,2
163981,49,5,44,2
163982,55,6,49,2
163983,55,6,49,2
163984,47,1,46,2
163985,45,4,41,2
163986,52,5,47,2
163987,65,15,50,2
163988,59,5,54,2
163989,54,2,52,2
163990,58,9,49,2
163991,64,12,52,2
163992,45,7,38,2
163993,47,6,41,2
163994,44,8,36,2
163995,54,5,49,2
163996,39,6,33,2
163997,52,6,46,2
163998,64,7,57,2
163999,59,9,50,2
164000,44,5,39,2
164001,46,2,44,2
164002,61,8,53,2
164003,56,6,50,2
164004,50,6,44,2
164005,60,7,53,2
164006,59,7,52,2
164007,63,6,57,2
164008,65,12,53,2
164009,50,7,43,2
164010,45,2,43,2
164011,47,5,42,2
164012,43,7,36,2
164013,52,3,49,2
164014,58,7,51,2
164015,47,2,45,2
164016,65,11,54,2
164017,42,4,38,2
164018,57,6,51,2
164019,64,7,57,2
164020,62,5,57,2
164021,56,7,49,2
164022,54,2,52,2
164023,47,5,42,2
164024,52,6,46,2
164025,69,5,64,2
164026,64,8,56,2
164027,49,6,43,2
164028,50,11,39,2
164029,65,11,54,2
164030,49,5,44,2
164031,46,4,42,2
164032,60,6,54,2
164033,59,8,51,2
164034,65,11,54,2
164035,72,9,63,2
164036,57,5,52,2
164037,58,7,51,2
164038,64,9,55,2
164039,52,4,48,2
164040,75,10,65,2
164041,65,9,56,2
164042,54,5,49,2
164043,47,13,34,2
164044,51,9,42,2
164045,49,4,45,2
164046,54,8,46,2
164047,48,4,44,2
164048,68,9,59,2
164049,60,6,54,2
164050,50,5,45,2
164051,61,8,53,2
164052,58,7,51,2
164053,42,3,39,2
164054,55,9,46,2
164055,59,7,52,2
164056,49,13,36,2
164057,57,9,48,2
164058,63,3,60,2
164059,57,5,52,2
164060,57,7,50,2
164061,56,9,47,2
164062,67,8,59,2
164063,61,6,55,2
164064,51,6,45,2
164065,69,7,62,2
164066,46,8,38,2
164067,63,11,52,2
164068,56,5,51,2
164069,51,8,43,2
164070,54,14,40,2
164071,54,6,48,2
164072,46,6,40,2
164073,62,13,49,2
164074,41,7,34,2
164075,58,9,49,2
164076,74,9,65,2
164077,65,5,60,2
164078,59,8,51,2
164079,51,8,43,2
164080,53,9,44,2
164081,48,8,40,2
164082,47,3,44,2
164083,58,8,50,2
164084,54,4,50,2
164085,59,8,51,2
164086,52,2,50,2
164087,51,4,47,2
164088,66,11,55,2
164089,51,10,41,2
164090,49,2,47,2
164091,57,5,52,2
164092,54,5,49,2
164093,54,7,47,2
164094,43,6,37,2
164095,43,7,36,2
164096,38,6,32,2
164097,55,7,48,2
164098,55,2,53,2
164099,60,10,50,2
164100,44,5,39,2
164101,66,4,62,2
164102,59,9,50,2
164103,50,4,46,2
164104,54,8,46,2
164105,56,9,47,2
164106,60,8,52,2
164107,55,7,48,2
164108,46,3,43,2
164109,54,8,46,2
164110,69,8,61,2
164111,64,6,58,2
164112,53,4,49,2
164113,51,5,46,2
164114,56,9,47,2
164115,59,5,54,2
164116,53,6,47,2
164117,56,6,50,2
164118,60,9,51,2
164119,51,1,50,2
164120,51,2,49,2
164121,72,6,66,2
164122,53,9,44,2
164123,51,5,46,2
164124,57,7,50,2
164125,58,6,52,2
164126,57,4,53,2
164127,60,4,56,2
164128,43,5,38,2
164129,41,2,39,2
164130,51,5,46,2
164131,51,8,43,2
164132,49,9,40,2
164133,55,7,48,2
164134,44,5,39,2
164135,52,6,46,2
164136,57,12,45,2
164137,49,13,36,2
164138,45,6,39,2
164139,57,8,49,2
164140,54,7,47,2
164141,56,3,53,2
164142,59,9,50,2
164143,62,6,56,2
164144,76,8,68,2
164145,52,8,44,2
164146,57,9,48,2
164147,49,10,39,2
164148,54,9,45,2
164149,58,3,55,2
164150,46,7,39,2
164151,56,7,49,2
164152,57,10,47,2
164153,40,4,36,2
164154,60,8,52,2
164155,50,7,43,2
164156,53,4,49,2
164157,57,9,48,2
164158,65,11,54,2
164159,53,6,47,2
164160,52,7,45,2
164161,71,8,63,2
164162,58,7,51,2
164163,56,11,45,2
164164,58,3,55,2
164165,53,8,45,2
164166,56,4,52,2
164167,45,10,35,2
164168,48,4,44,2
164169,50,8,42,2
164170,60,8,52,2
164171,54,6,48,2
164172,45,6,39,2
164173,48,2,46,2
164174,55,8,47,2
164175,49,4,45,2
164176,61,4,57,2
164177,52,6,46,2
164178,53,6,47,2
164179,46,8,38,2
164180,58,4,54,2
164181,67,7,60,2
164182,53,2,51,2
164183,58,10,48,2
164184,43,5,38,2
164185,54,6,48,2
164186,54,5,49,2
164187,40,2,38,2
164188,46,2,44,2
164189,55,1,54,2
164190,59,7,52,2
164191,62,6,56,2
164192,59,5,54,2
164193,54,5,49,2
164194,60,6,54,2
164195,49,5,44,2
164196,62,11,51,2
164197,59,13,46,2
164198,68,9,59,2
164199,54,7,47,2
164200,55,9,46,2
164201,54,10,44,2
164202,65,6,59,2
164203,60,8,52,2
164204,47,7,40,2
164205,63,7,56,2
164206,49,6,43,2
164207,51,7,44,2
164208,43,7,36,2
164209,64,11,53,2
164210,46,6,40,2
164211,59,9,50,2
164212,61,9,52,2
164213,48,4,44,2
164214,64,6,58,2
164215,33,5,28,2
164216,57,9,48,2
164217,54,9,45,2
164218,69,5,64,2
164219,52,6,46,2
164220,54,6,48,2
164221,45,4,41,2
164222,62,10,52,2
164223,61,8,53,2
164224,62,4,58,2
164225,54,4,50,2
164226,54,4,50,2
164227,54,7,47,2
164228,64,7,57,2
164229,50,6,44,2
164230,57,12,45,2
164231,63,9,54,2
164232,51,2,49,2
164233,49,3,46,2
164234,58,8,50,2
164235,49,8,41,2
164236,58,5,53,2
164237,51,8,43,2
164238,53,5,48,2
164239,60,13,47,2
164240,56,6,50,2
164241,47,4,43,2
164242,48,5,43,2
164243,70,4,66,2
164244,55,11,44,2
164245,57,9,48,2
164246,62,3,59,2
164247,63,5,58,2
164248,60,6,54,2
164249,52,8,44,2
164250,58,9,49,2
164251,61,7,54,2
164252,66,9,57,2
164253,53,6,47,2
164254,48,5,43,2
164255,46,7,39,2
164256,57,5,52,2
164257,57,5,52,2
164258,47,5,42,2
164259,55,9,46,2
164260,55,11,44,2
164261,65,8,57,2
164262,58,9,49,2
164263,47,6,41,2
164264,53,3,50,2
164265,48,5,43,2
164266,54,10,44,2
164267,64,10,54,2
164268,54,5,49,2
164269,53,4,49,2
164270,71,10,61,2
164271,44,3,41,2
164272,54,11,43,2
164273,48,7,41,2
164274,62,7,55,2
164275,50,5,45,2
164276,50,7,43,2
164277,52,4,48,2
164278,50,7,43,2
164279,45,5,40,2
164280,52,8,44,2
164281,53,2,51,2
164282,67,12,55,2
164283,62,8,54,2
164284,54,9,45,2
164285,62,6,56,2
164286,59,8,51,2
164287,44,9,35,2
164288,52,9,43,2
164289,48,9,39,2
164290,55,9,46,2
164291,50,10,40,2
164292,47,8,39,2
164293,47,6,41,2
164294,55,11,44,2
164295,54,4,50,2
164296,45,0,45,1
164297,54,3,51,2
164298,50,6,44,2
164299,42,5,37,2
164300,59,9,50,2
164301,52,7,45,2
164302,49,6,43,2
164303,62,10,52,2
164304,58,12,46,2
164305,44,5,39,2
164306,53,3,50,2
164307,53,4,49,2
164308,43,5,38,2
164309,54,5,49,2
164310,52,5,47,2
164311,66,4,62,2
164312,61,6,55,2
164313,44,3,41,2
164314,58,7,51,2
164315,63,8,55,2
164316,56,5,51,2
164317,60,12,48,2
164318,52,5,47,2
164319,59,6,53,2
164320,57,9,48,2
164321,54,7,47,2
164322,61,6,55,2
164323,51,2,49,2
164324,58,6,52,2
164325,59,7,52,2
164326,49,4,45,2
164327,44,4,40,2
164328,58,7,51,2
164329,58,7,51,2
164330,61,9,52,2
164331,43,2,41,2
164332,62,9,53,2
164333,58,6,52,2
164334,48,6,42,2
164335,73,5,68,2
164336,48,4,44,2
164337,54,7,47,2
164338,56,6,50,2
164339,61,10,51,2
164340,58,10,48,2
164341,60,3,57,2
164342,56,9,47,2
164343,49,4,45,2
164344,59,10,49,2
164345,52,8,44,2
164346,54,7,47,2
164347,45,9,36,2
164348,43,8,35,2
164349,51,8,43,2
164350,50,4,46,2
164351,50,8,42,2
164352,44,7,37,2
164353,42,4,38,2
164354,57,5,52,2
164355,65,5,60,2
164356,55,1,54,2
164357,53,6,47,2
164358,56,4,52,2
164359,62,8,54,2
164360,55,7,48,2
164361,39,8,31,2
164362,53,5,48,2
164363,57,7,50,2
164364,44,2,42,2
164365,57,6,51,2
164366,55,8,47,2
164367,46,4,42,2
164368,50,9,41,2
164369,52,9,43,2
164370,76,14,62,2
164371,51,3,48,2
164372,56,11,45,2
164373,48,5,43,2
164374,52,5,47,2
164375,65,8,57,2
164376,49,7,42,2
164377,54,7,47,2
164378,58,7,51,2
164379,54,1,53,2
164380,60,12,48,2
164381,53,9,44,2
164382,62,9,53,2
164383,65,9,56,2
164384,61,4,57,2
164385,64,10,54,2
164386,53,5,48,2
164387,50,6,44,2
164388,47,3,44,2
164389,43,1,42,2
164390,46,5,41,2
164391,61,5,56,2
164392,50,7,43,2
164393,64,7,57,2
164394,56,5,51,2
164395,50,7,43,2
164396,55,6,49,2
164397,59,7,52,2
164398,53,7,46,2
164399,51,5,46,2
164400,45,3,42,2
164401,56,6,50,2
164402,68,4,64,2
164403,50,2,48,2
164404,66,9,57,2
164405,55,2,53,2
164406,57,4,53,2
164407,53,9,44,2
164408,55,3,52,2
164409,65,7,58,2
164410,62,5,57,2
164411,49,4,45,2
164412,42,4,38,2
164413,48,5,43,2
164414,46,6,40,2
164415,47,5,42,2
164416,63,7,56,2
164417,54,7,47,2
164418,58,5,53,2
164419,50,2,48,2
164420,55,11,44,2
164421,58,4,54,2
164422,46,5,41,2
164423,57,8,49,2
164424,47,3,44,2
164425,50,9,41,2
164426,60,7,53,2
164427,49,4,45,2
164428,49,2,47,2
164429,45,3,42,2
164430,57,3,54,2
164431,42,7,35,2
164432,64,9,55,2
164433,57,7,50,2
164434,49,5,44,2
164435,59,11,48,2
164436,56,7,49,2
164437,40,5,35,2
164438,43,4,39,2
164439,59,5,54,2
164440,46,5,41,2
164441,57,6,51,2
164442,40,6,34,2
164443,63,9,54,2
164444,51,11,40,2
164445,61,6,55,2
164446,40,4,36,2
164447,48,8,40,2
164448,53,4,49,2
164449,58,5,53,2
164450,59,7,52,2
164451,60,3,57,2
164452,54,6,48,2
164453,62,6,56,2
164454,52,4,48,2
164455,53,5,48,2
164456,57,6,51,2
164457,64,8,56,2
164458,51,10,41,2
164459,48,9,39,2
164460,50,5,45,2
164461,65,5,60,2
164462,65,12,53,2
164463,61,7,54,2
164464,54,6,48,2
164465,53,4,49,2
164466,41,4,37,2
164467,62,10,52,2
164468,54,4,50,2
164469,56,8,48,2
164470,52,7,45,2
164471,61,10,51,2
164472,54,6,48,2
164473,45,4,41,2
164474,58,8,50,2
164475,52,8,44,2
164476,54,9,45,2
164477,47,10,37,2
164478,68,9,59,2
164479,57,2,55,2
164480,53,5,48,2
164481,55,7,48,2
164482,48,11,37,2
164483,61,5,56,2
164484,50,1,49,2
164485,52,7,45,2
164486,59,8,51,2
164487,50,7,43,2
164488,48,9,39,2
164489,45,6,39,2
164490,48,6,42,2
164491,43,4,39,2
164492,61,12,49,2
164493,66,10,56,2
164494,52,5,47,2
164495,47,12,35,2
164496,46,7,39,2
164497,45,6,39,2
164498,54,6,48,2
164499,52,9,43,2
164500,50,3,47,2
164501,49,5,44,2
164502,49,8,41,2
164503,45,5,40,2
164504,50,9,41,2
164505,58,8,50,2
164506,57,6,51,2
164507,48,5,43,2
164508,57,3,54,2
164509,59,6,53,2
164510,59,8,51,2
164511,62,2,60,2
164512,44,7,37,2
164513,61,5,56,2
164514,50,7,43,2
164515,57,7,50,2
164516,56,9,47,2
164517,55,8,47,2
164518,57,5,52,2
164519,59,9,50,2
164520,57,5,52,2
164521,48,6,42,2
164522,63,7,56,2
164523,48,7,41,2
164524,55,7,48,2
164525,53,7,46,2
164526,47,9,38,2
164527,64,15,49,2
164528,49,8,41,2
164529,60,7,53,2
164530,46,3,43,2
164531,56,4,52,2
164532,61,9,52,2
164533,60,7,53,2
164534,50,7,43,2
164535,62,10,52,2
164536,44,6,38,2
164537,58,3,55,2
164538,52,3,49,2
164539,53,3,50,2
164540,67,3,64,2
164541,49,8,41,2
164542,63,6,57,2
164543,54,4,50,2
164544,53,4,49,2
164545,58,1,57,2
164546,65,9,56,2
164547,54,5,49,2
164548,55,10,45,2
164549,68,7,61,2
164550,56,10,46,2
164551,50,4,46,2
164552,39,2,37,2
164553,48,6,42,2
164554,59,4,55,2
164555,53,8,45,2
164556,60,8,52,2
164557,49,7,42,2
164558,54,6,48,2
164559,59,8,51,2
164560,44,3,41,2
164561,50,6,44,2
164562,48,4,44,2
164563,74,12,62,2
164564,45,4,41,2
164565,51,8,43,2
164566,48,5,43,2
164567,68,5,63,2
164568,47,5,42,2
164569,61,6,55,2
164570,60,11,49,2
164571,62,11,51,2
164572,59,7,52,2
164573,56,6,50,2
164574,45,8,37,2
164575,59,8,51,2
164576,48,7,41,2
164577,42,7,35,2
164578,59,9,50,2
164579,66,11,55,2
164580,42,5,37,2
164581,51,8,43,2
164582,49,5,44,2
164583,57,5,52,2
164584,51,6,45,2
164585,46,8,38,2
164586,64,6,58,2
164587,51,3,48,2
164588,58,3,55,2
164589,54,7,47,2
164590,53,7,46,2
164591,53,3,50,2
164592,47,6,41,2
164593,63,12,51,2
164594,54,7,47,2
164595,47,3,44,2
164596,55,5,50,2
164597,60,5,55,2
164598,55,5,50,2
164599,53,7,46,2
164600,70,7,63,2
164601,51,5,46,2
164602,41,1,40,2
164603,44,6,38,2
164604,64,6,58,2
164605,39,5,34,2
164606,62,6,56,2
164607,61,5,56,2
164608,60,7,53,2
164609,55,5,50,2
164610,50,2,48,2
164611,57,9,48,2
164612,54,8,46,2
164613,38,4,34,2
164614,64,7,57,2
164615,58,7,51,2
164616,62,12,50,2
164617,50,9,41,2
164618,47,6,41,2
164619,61,5,56,2
164620,49,4,45,2
164621,61,4,57,2
164622,52,3,49,2
164623,53,9,44,2
164624,52,7,45,2
164625,50,4,46,2
164626,41,5,36,2
164627,52,5,47,2
164628,53,3,50,2
164629,55,9,46,2
164630,51,7,44,2
164631,46,6,40,2
164632,50,7,43,2
164633,52,8,44,2
164634,55,5,50,2
164635,51,6,45,2
164636,56,7,49,2
164637,52,6,46,2
164638,55,10,45,2
164639,53,5,48,2
164640,53,8,45,2
164641,64,6,58,2
164642,47,6,41,2
164643,56,6,50,2
164644,58,6,52,2
164645,55,9,46,2
164646,42,5,37,2
164647,59,10,49,2
164648,51,7,44,2
164649,52,5,47,2
164650,60,5,55,2
164651,57,8,49,2
164652,58,5,53,2
164653,51,3,48,2
164654,59,11,48,2
164655,59,3,56,2
164656,50,6,44,2
164657,48,3,45,2
164658,50,4,46,2
164659,51,6,45,2
164660,60,3,57,2
164661,61,10,51,2
164662,56,6,50,2
164663,48,7,41,2
164664,56,6,50,2
164665,59,11,48,2
164666,57,10,47,2
164667,46,3,43,2
164668,40,6,34,2
164669,39,2,37,2
164670,43,0,43,1
164671,57,5,52,2
164672,49,5,44,2
164673,50,2,48,2
164674,66,5,61,2
164675,72,5,67,2
164676,47,5,42,2
164677,48,8,40,2
164678,54,7,47,2
164679,49,5,44,2
164680,61,9,52,2
164681,61,6,55,2
164682,63,5,58,2
164683,53,5,48,2
164684,52,8,44,2
164685,51,6,45,2
164686,59,8,51,2
164687,57,6,51,2
164688,59,5,54,2
164689,62,9,53,2
164690,55,4,51,2
164691,66,8,58,2
164692,61,5,56,2
164693,53,3,50,2
164694,51,4,47,2
164695,58,9,49,2
164696,49,6,43,2
164697,54,3,51,2
164698,54,7,47,2
164699,55,4,51,2
164700,50,8,42,2
164701,54,3,51,2
164702,57,9,48,2
164703,51,7,44,2
164704,63,6,57,2
164705,55,4,51,2
164706,53,6,47,2
164707,56,6,50,2
164708,44,4,40,2
164709,62,8,54,2
164710,47,3,44,2
164711,59,10,49,2
164712,58,5,53,2
164713,55,7,48,2
164714,55,9,46,2
164715,54,5,49,2
164716,50,9,41,2
164717,54,5,49,2
164718,56,7,49,2
164719,54,2,52,2
164720,61,13,48,2
164721,49,1,48,2
164722,48,6,42,2
164723,54,6,48,2
164724,62,4,58,2
164725,49,8,41,2
164726,62,3,59,2
164727,48,7,41,2
164728,72,11,61,2
164729,46,4,42,2
164730,43,8,35,2
164731,51,4,47,2
164732,50,5,45,2
164733,48,8,40,2
164734,51,3,48,2
164735,78,11,67,2
164736,45,3,42,2
164737,53,3,50,2
164738,50,9,41,2
164739,70,8,62,2
164740,46,5,41,2
164741,64,7,57,2
164742,54,9,45,2
164743,46,6,40,2
164744,54,5,49,2
164745,56,11,45,2
164746,49,5,44,2
164747,56,5,51,2
164748,62,4,58,2
164749,56,5,51,2
164750,74,11,63,2
164751,56,10,46,2
164752,41,4,37,2
164753,52,10,42,2
164754,48,6,42,2
164755,59,6,53,2
164756,48,5,43,2
164757,45,7,38,2
164758,59,7,52,2
164759,57,7,50,2
164760,57,4,53,2
164761,56,7,49,2
164762,60,9,51,2
164763,57,5,52,2
164764,59,7,52,2
164765,63,9,54,2
164766,59,7,52,2
164767,47,11,36,2
164768,58,8,50,2
164769,57,4,53,2
164770,61,6,55,2
164771,76,6,70,2
164772,67,9,58,2
164773,68,8,60,2
164774,56,7,49,2
164775,50,5,45,2
164776,46,5,41,2
164777,59,1,58,2
164778,41,4,37,2
164779,47,8,39,2
164780,60,6,54,2
164781,56,5,51,2
164782,52,7,45,2
164783,58,7,51,2
164784,53,2,51,2
164785,45,6,39,2
164786,52,2,50,2
164787,50,7,43,2
164788,62,9,53,2
164789,54,7,47,2
164790,61,14,47,2
164791,60,5,55,2
164792,47,3,44,2
164793,58,4,54,2
164794,54,8,46,2
164795,46,7,39,2
164796,58,4,54,2
164797,54,8,46,2
164798,56,6,50,2
164799,61,9,52,2
164800,55,7,48,2
164801,60,11,49,2
164802,60,3,57,2
164803,46,4,42,2
164804,56,5,51,2
164805,59,8,51,2
164806,50,9,41,2
164807,64,10,54,2
164808,45,6,39,2
164809,57,11,46,2
164810,51,4,47,2
164811,56,8,48,2
164812,50,8,42,2
164813,35,4,31,2
164814,54,6,48,2
164815,71,9,62,2
164816,51,5,46,2
164817,60,1,59,2
164818,47,5,42,2
164819,45,7,38,2
164820,52,5,47,2
164821,61,12,49,2
164822,52,5,47,2
164823,56,9,47,2
164824,65,12,53,2
164825,78,13,65,2
164826,46,7,39,2
164827,59,13,46,2
164828,54,6,48,2
164829,53,6,47,2
164830,58,8,50,2
164831,48,7,41,2
164832,70,10,60,2
164833,50,7,43,2
164834,44,3,41,2
164835,49,5,44,2
164836,48,6,42,2
164837,51,6,45,2
164838,65,12,53,2
164839,61,10,51,2
164840,57,7,50,2
164841,57,4,53,2
164842,62,7,55,2
164843,45,9,36,2
164844,51,6,45,2
164845,50,9,41,2
164846,41,9,32,2
164847,55,2,53,2
164848,52,6,46,2
164849,57,10,47,2
164850,57,7,50,2
164851,65,10,55,2
164852,59,5,54,2
164853,63,6,57,2
164854,45,6,39,2
164855,61,4,57,2
164856,68,6,62,2
164857,50,8,42,2
164858,58,8,50,2
164859,56,7,49,2
164860,52,4,48,2
164861,55,8,47,2
164862,54,8,46,2
164863,62,5,57,2
164864,61,7,54,2
164865,70,14,56,2
164866,54,7,47,2
164867,51,6,45,2
164868,73,7,66,2
164869,55,5,50,2
164870,45,5,40,2
164871,55,6,49,2
164872,55,5,50,2
164873,50,8,42,2
164874,51,7,44,2
164875,56,6,50,2
164876,54,5,49,2
164877,49,4,45,2
164878,65,9,56,2
164879,57,5,52,2
164880,50,4,46,2
164881,58,13,45,2
164882,64,5,59,2
164883,41,8,33,2
164884,58,7,51,2
164885,55,6,49,2
164886,50,6,44,2
164887,50,7,43,2
164888,49,9,40,2
164889,47,7,40,2
164890,57,6,51,2
164891,61,7,54,2
164892,63,9,54,2
164893,64,5,59,2
164894,57,9,48,2
164895,51,9,42,2
164896,59,6,53,2
164897,49,3,46,2
164898,43,9,34,2
164899,48,8,40,2
164900,49,7,42,2
164901,52,9,43,2
164902,55,6,49,2
164903,50,3,47,2
164904,61,7,54,2
164905,56,6,50,2
164906,63,5,58,2
164907,70,9,61,2
164908,55,7,48,2
164909,48,6,42,2
164910,57,6,51,2
164911,62,11,51,2
164912,67,7,60,2
164913,59,9,50,2
164914,46,2,44,2
164915,47,6,41,2
164916,56,5,51,2
164917,48,6,42,2
164918,59,9,50,2
164919,55,8,47,2
164920,65,9,56,2
164921,51,8,43,2
164922,45,5,40,2
164923,64,6,58,2
164924,52,5,47,2
164925,62,9,53,2
164926,60,6,54,2
164927,62,5,57,2
164928,49,8,41,2
164929,56,11,45,2
164930,54,9,45,2
164931,53,3,50,2
164932,55,7,48,2
164933,49,3,46,2
164934,45,6,39,2
164935,58,4,54,2
164936,45,4,41,2
164937,41,4,37,2
164938,57,3,54,2
164939,68,8,60,2
164940,48,4,44,2
164941,65,7,58,2
164942,63,8,55,2
164943,62,8,54,2
164944,49,7,42,2
164945,56,5,51,2
164946,41,4,37,2
164947,50,4,46,2
164948,50,8,42,2
164949,54,5,49,2
164950,53,6,47,2
164951,63,5,58,2
164952,53,4,49,2
164953,57,7,50,2
164954,58,9,49,2
164955,52,5,47,2
164956,54,8,46,2
164957,51,8,43,2
164958,49,7,42,2
164959,48,4,44,2
164960,57,4,53,2
164961,55,9,46,2
164962,67,8,59,2
164963,64,13,51,2
164964,61,11,50,2
164965,41,8,33,2
164966,40,3,37,2
164967,64,7,57,2
164968,69,15,54,2
164969,43,4,39,2
164970,53,8,45,2
164971,48,2,46,2
164972,61,12,49,2
164973,53,9,44,2
164974,50,5,45,2
164975,62,4,58,2
164976,64,6,58,2
164977,58,9,49,2
164978,49,6,43,2
164979,42,8,34,2
164980,55,6,49,2
164981,53,5,48,2
164982,47,4,43,2
164983,54,6,48,2
164984,48,3,45,2
164985,57,9,48,2
164986,47,7,40,2
164987,56,11,45,2
164988,41,5,36,2
164989,56,2,54,2
164990,44,6,38,2
164991,64,8,56,2
164992,49,5,44,2
164993,60,7,53,2
164994,60,7,53,2
164995,66,10,56,2
164996,60,10,50,2
164997,50,8,42,2
164998,63,11,52,2
164999,56,4,52,2
165000,48,4,44,2
165001,59,7,52,2
165002,52,7,45,2
165003,65,10,55,2
165004,52,6,46,2
165005,53,5,48,2
165006,67,12,55,2
165007,49,6,43,2
165008,53,6,47,2
165009,51,3,48,2
165010,51,7,44,2
165011,61,5,56,2
165012,68,9,59,2
165013,56,7,49,2
165014,53,4,49,2
165015,57,7,50,2
165016,55,5,50,2
165017,60,5,55,2
165018,50,9,41,2
165019,46,5,41,2
165020,47,3,44,2
165021,63,6,57,2
165022,64,10,54,2
165023,51,5,46,2
165024,59,5,54,2
165025,55,11,44,2
165026,51,2,49,2
165027,63,4,59,2
165028,49,6,43,2
165029,63,12,51,2
165030,54,10,44,2
165031,56,6,50,2
165032,59,8,51,2
165033,49,5,44,2
165034,58,9,49,2
165035,57,4,53,2
165036,52,5,47,2
165037,59,3,56,2
165038,56,7,49,2
165039,54,5,49,2
165040,59,7,52,2
165041,53,3,50,2
165042,54,7,47,2
165043,59,11,48,2
165044,61,7,54,2
165045,58,7,51,2
165046,65,9,56,2
165047,55,6,49,2
165048,47,1,46,2
165049,47,9,38,2
165050,62,7,55,2
165051,57,7,50,2
165052,65,5,60,2
165053,51,4,47,2
165054,46,6,40,2
165055,51,6,45,2
165056,59,6,53,2
165057,53,5,48,2
165058,51,5,46,2
165059,64,4,60,2
165060,51,7,44,2
165061,49,3,46,2
165062,51,9,42,2
165063,47,6,41,2
165064,52,7,45,2
165065,52,2,50,2
165066,55,6,49,2
165067,47,5,42,2
165068,52,5,47,2
165069,58,13,45,2
165070,57,6,51,2
165071,49,8,41,2
165072,71,6,65,2
165073,49,12,37,2
165074,64,7,57,2
165075,57,4,53,2
165076,55,7,48,2
165077,53,8,45,2
165078,46,3,43,2
165079,55,5,50,2
165080,46,4,42,2
165081,53,5,48,2
165082,52,2,50,2
165083,67,8,59,2
165084,43,4,39,2
165085,45,6,39,2
165086,64,9,55,2
165087,59,7,52,2
165088,50,7,43,2
165089,52,9,43,2
165090,50,5,45,2
165091,59,6,53,2
165092,51,0,51,1
165093,59,10,49,2
165094,59,6,53,2
165095,63,5,58,2
165096,65,8,57,2
165097,60,8,52,2
165098,60,11,49,2
165099,58,5,53,2
165100,62,4,58,2
165101,68,11,57,2
165102,57,10,47,2
165103,66,5,61,2
165104,54,6,48,2
165105,60,7,53,2
165106,52,8,44,2
165107,55,4,51,2
165108,64,13,51,2
165109,44,9,35,2
165110,56,0,56,1
165111,50,5,45,2
165112,57,8,49,2
165113,48,7,41,2
165114,51,5,46,2
165115,39,1,38,2
165116,64,1,63,2
165117,46,6,40,2
165118,63,7,56,2
165119,54,7,47,2
165120,60,9,51,2
165121,41,1,40,2
165122,40,5,35,2
165123,45,6,39,2
165124,65,13,52,2
165125,34,5,29,2
165126,55,4,51,2
165127,51,4,47,2
165128,51,9,42,2
165129,48,7,41,2
165130,57,6,51,2
165131,51,7,44,2
165132,64,8,56,2
165133,60,10,50,2
165134,52,8,44,2
165135,54,4,50,2
165136,65,11,54,2
165137,49,8,41,2
165138,52,8,44,2
165139,42,3,39,2
165140,53,2,51,2
165141,60,13,47,2
165142,70,3,67,2
165143,47,6,41,2
165144,53,9,44,2
165145,60,4,56,2
165146,49,2,47,2
165147,43,7,36,2
165148,59,5,54,2
165149,56,5,51,2
165150,69,12,57,2
165151,53,9,44,2
165152,56,7,49,2
165153,55,7,48,2
165154,50,1,49,2
165155,63,5,58,2
165156,60,5,55,2
165157,44,1,43,2
165158,43,4,39,2
165159,50,4,46,2
165160,45,2,43,2
165161,46,8,38,2
165162,66,10,56,2
165163,49,6,43,2
165164,57,4,53,2
165165,47,7,40,2
165166,48,5,43,2
165167,73,10,63,2
165168,50,8,42,2
165169,55,13,42,2
165170,56,4,52,2
165171,55,4,51,2
165172,52,4,48,2
165173,54,7,47,2
165174,61,5,56,2
165175,49,7,42,2
165176,55,4,51,2
165177,55,9,46,2
165178,63,8,55,2
165179,55,7,48,2
165180,53,7,46,2
165181,48,4,44,2
165182,48,4,44,2
165183,57,4,53,2
165184,61,4,57,2
165185,58,7,51,2
165186,48,5,43,2
165187,48,5,43,2
165188,44,2,42,2
165189,59,6,53,2
165190,45,2,43,2
165191,51,3,48,2
165192,43,3,40,2
165193,65,7,58,2
165194,52,8,44,2
165195,66,4,62,2
165196,58,10,48,2
165197,71,10,61,2
165198,54,6,48,2
165199,48,2,46,2
165200,56,2,54,2
165201,54,7,47,2
165202,43,3,40,2
165203,61,4,57,2
165204,55,5,50,2
165205,55,9,46,2
165206,58,4,54,2
165207,44,5,39,2
165208,65,13,52,2
165209,47,4,43,2
165210,55,8,47,2
165211,52,8,44,2
165212,47,8,39,2
165213,55,5,50,2
165214,58,9,49,2
165215,60,5,55,2
165216,62,9,53,2
165217,63,7,56,2
165218,59,7,52,2
165219,56,6,50,2
165220,48,3,45,2
165221,67,8,59,2
165222,48,7,41,2
165223,73,9,64,2
165224,64,6,58,2
165225,52,10,42,2
165226,71,4,67,2
165227,40,5,35,2
165228,48,9,39,2
165229,51,4,47,2
165230,51,5,46,2
165231,45,6,39,2
165232,60,8,52,2
165233,59,8,51,2
165234,55,3,52,2
165235,56,6,50,2
165236,46,7,39,2
165237,52,6,46,2
165238,54,6,48,2
165239,54,7,47,2
165240,60,2,58,2
165241,57,9,48,2
165242,54,8,46,2
165243,63,7,56,2
165244,57,6,51,2
165245,52,8,44,2
165246,51,10,41,2
165247,78,8,70,2
165248,54,2,52,2
165249,54,7,47,2
165250,41,5,36,2
165251,47,2,45,2
165252,44,4,40,2
165253,55,7,48,2
165254,47,3,44,2
165255,59,13,46,2
165256,62,9,53,2
165257,44,4,40,2
165258,47,6,41,2
165259,50,4,46,2
165260,58,7,51,2
165261,52,10,42,2
165262,67,4,63,2
165263,59,8,51,2
165264,50,5,45,2
165265,52,4,48,2
165266,48,6,42,2
165267,42,6,36,2
165268,51,7,44,2
165269,52,7,45,2
165270,46,7,39,2
165271,68,7,61,2
165272,55,6,49,2
165273,54,3,51,2
165274,53,7,46,2
165275,52,5,47,2
165276,61,14,47,2
165277,52,3,49,2
165278,55,3,52,2
165279,56,10,46,2
165280,34,5,29,2
165281,64,8,56,2
165282,56,2,54,2
165283,63,2,61,2
165284,55,7,48,2
165285,62,5,57,2
165286,57,6,51,2
165287,52,5,47,2
165288,55,5,50,2
165289,50,11,39,2
165290,49,4,45,2
165291,68,8,60,2
165292,59,5,54,2
165293,48,7,41,2
165294,54,5,49,2
165295,46,8,38,2
165296,59,7,52,2
165297,63,12,51,2
165298,54,5,49,2
165299,62,7,55,2
165300,56,7,49,2
165301,48,4,44,2
165302,52,7,45,2
165303,66,6,60,2
165304,53,4,49,2
165305,59,8,51,2
165306,66,8,58,2
165307,62,10,52,2
165308,50,7,43,2
165309,57,7,50,2
165310,59,6,53,2
165311,53,12,41,2
165312,52,4,48,2
165313,71,11,60,2
165314,47,8,39,2
165315,59,10,49,2
165316,52,8,44,2
165317,54,5,49,2
165318,67,8,59,2
165319,57,7,50,2
165320,58,8,50,2
165321,55,2,53,2
165322,48,10,38,2
165323,57,9,48,2
165324,52,7,45,2
165325,51,3,48,2
165326,45,7,38,2
165327,55,7,48,2
165328,43,5,38,2
165329,56,8,48,2
165330,60,4,56,2
165331,41,4,37,2
165332,64,4,60,2
165333,63,4,59,2
165334,58,9,49,2
165335,44,9,35,2
165336,43,6,37,2
165337,55,5,50,2
165338,63,10,53,2
165339,58,7,51,2
165340,56,9,47,2
165341,60,7,53,2
165342,54,9,45,2
165343,60,5,55,2
165344,57,6,51,2
165345,58,6,52,2
165346,72,9,63,2
165347,69,9,60,2
165348,47,5,42,2
165349,53,5,48,2
165350,56,6,50,2
165351,47,2,45,2
165352,46,8,38,2
165353,58,4,54,2
165354,52,6,46,2
165355,50,9,41,2
165356,59,5,54,2
165357,72,6,66,2
165358,62,2,60,2
165359,50,7,43,2
165360,60,5,55,2
165361,54,7,47,2
165362,47,5,42,2
165363,53,5,48,2
165364,52,5,47,2
165365,47,8,39,2
165366,53,6,47,2
165367,64,7,57,2
165368,45,7,38,2
165369,77,11,66,2
165370,56,7,49,2
165371,65,6,59,2
165372,55,4,51,2
165373,68,7,61,2
165374,63,6,57,2
165375,52,9,43,2
165376,58,4,54,2
165377,66,10,56,2
165378,63,5,58,2
165379,57,4,53,2
165380,65,14,51,2
165381,57,3,54,2
165382,56,10,46,2
165383,58,7,51,2
165384,57,6,51,2
165385,56,10,46,2
165386,54,8,46,2
165387,50,6,44,2
165388,63,5,58,2
165389,59,8,51,2
165390,49,8,41,2
165391,54,7,47,2
165392,55,7,48,2
165393,59,7,52,2
165394,76,7,69,2
165395,42,4,38,2
165396,63,6,57,2
165397,45,4,41,2
165398,75,7,68,2
165399,67,9,58,2
165400,55,9,46,2
165401,45,4,41,2
165402,57,10,47,2
165403,53,7,46,2
165404,48,3,45,2
165405,52,5,47,2
165406,54,4,50,2
165407,67,8,59,2
165408,58,7,51,2
165409,63,4,59,2
165410,54,8,46,2
165411,62,2,60,2
165412,52,10,42,2
165413,48,3,45,2
165414,61,5,56,2
165415,50,6,44,2
165416,67,13,54,2
165417,65,7,58,2
165418,49,2,47,2
165419,49,8,41,2
165420,57,6,51,2
165421,46,4,42,2
165422,55,5,50,2
165423,41,8,33,2
165424,54,5,49,2
165425,54,7,47,2
165426,67,8,59,2
165427,57,10,47,2
165428,54,3,51,2
165429,53,6,47,2
165430,47,4,43,2
165431,49,6,43,2
165432,61,11,50,2
165433,38,4,34,2
165434,55,3,52,2
165435,57,9,48,2
165436,67,10,57,2
165437,47,4,43,2
165438,57,7,50,2
165439,69,9,60,2
165440,49,6,43,2
165441,55,8,47,2
165442,73,2,71,2
165443,60,12,48,2
165444,56,13,43,2
165445,66,11,55,2
165446,44,7,37,2
165447,54,12,42,2
165448,52,9,43,2
165449,58,8,50,2
165450,59,5,54,2
165451,43,7,36,2
165452,58,10,48,2
165453,59,4,55,2
165454,57,14,43,2
165455,56,7,49,2
165456,47,5,42,2
165457,50,1,49,2
165458,43,6,37,2
165459,56,10,46,2
165460,39,6,33,2
165461,49,8,41,2
165462,47,3,44,2
165463,56,6,50,2
165464,67,6,61,2
165465,49,2,47,2
165466,77,13,64,2
165467,58,14,44,2
165468,57,11,46,2
165469,69,9,60,2
165470,44,7,37,2
165471,54,5,49,2
165472,50,6,44,2
165473,57,3,54,2
165474,58,7,51,2
165475,53,6,47,2
165476,50,8,42,2
165477,60,7,53,2
165478,45,3,42,2
165479,50,2,48,2
165480,56,11,45,2
165481,69,6,63,2
165482,48,5,43,2
165483,49,8,41,2
165484,52,6,46,2
165485,53,2,51,2
165486,55,9,46,2
165487,55,10,45,2
165488,72,9,63,2
165489,55,7,48,2
165490,51,5,46,2
165491,63,6,57,2
165492,58,12,46,2
165493,58,5,53,2
165494,45,7,38,2
165495,48,5,43,2
165496,54,4,50,2
165497,43,2,41,2
165498,67,6,61,2
165499,62,10,52,2
165500,46,6,40,2
165501,57,7,50,2
165502,59,8,51,2
165503,65,9,56,2
165504,47,6,41,2
165505,51,9,42,2
165506,57,7,50,2
165507,52,9,43,2
165508,50,7,43,2
165509,52,9,43,2
165510,50,1,49,2
165511,53,6,47,2
165512,52,6,46,2
165513,50,5,45,2
165514,65,8,57,2
165515,65,7,58,2
165516,59,7,52,2
165517,53,6,47,2
165518,59,7,52,2
165519,58,8,50,2
165520,58,10,48,2
165521,58,9,49,2
165522,59,4,55,2
165523,52,5,47,2
165524,63,6,57,2
165525,47,7,40,2
165526,64,6,58,2
165527,62,5,57,2
165528,45,9,36,2
165529,39,2,37,2
165530,51,6,45,2
165531,60,5,55,2
165532,59,10,49,2
165533,42,4,38,2
165534,48,4,44,2
165535,46,11,35,2
165536,59,6,53,2
165537,52,7,45,2
165538,54,10,44,2
165539,66,9,57,2
165540,62,6,56,2
165541,58,7,51,2
165542,51,9,42,2
165543,65,6,59,2
165544,62,8,54,2
165545,47,1,46,2
165546,67,8,59,2
165547,58,7,51,2
165548,59,4,55,2
165549,60,5,55,2
165550,64,4,60,2
165551,54,6,48,2
165552,54,5,49,2
165553,61,14,47,2
165554,48,6,42,2
165555,59,10,49,2
165556,41,3,38,2
165557,58,5,53,2
165558,47,6,41,2
165559,55,5,50,2
165560,63,9,54,2
165561,47,4,43,2
165562,53,4,49,2
165563,55,8,47,2
165564,57,7,50,2
165565,61,4,57,2
165566,54,8,46,2
165567,51,6,45,2
165568,46,5,41,2
165569,53,4,49,2
165570,52,7,45,2
165571,59,3,56,2
165572,51,6,45,2
165573,62,5,57,2
165574,52,8,44,2
165575,51,6,45,2
165576,48,4,44,2
165577,41,2,39,2
165578,53,8,45,2
165579,63,5,58,2
165580,60,8,52,2
165581,61,8,53,2
165582,49,5,44,2
165583,58,11,47,2
165584,59,4,55,2
165585,57,6,51,2
165586,55,4,51,2
165587,44,5,39,2
165588,48,10,38,2
165589,54,10,44,2
165590,50,7,43,2
165591,46,8,38,2
165592,60,9,51,2
165593,56,8,48,2
165594,53,5,48,2
165595,62,7,55,2
165596,57,6,51,2
165597,52,3,49,2
165598,62,7,55,2
165599,53,6,47,2
165600,69,8,61,2
165601,69,6,63,2
165602,53,8,45,2
165603,55,5,50,2
165604,52,7,45,2
165605,65,6,59,2
165606,50,1,49,2
165607,48,5,43,2
165608,50,5,45,2
165609,62,10,52,2
165610,59,6,53,2
165611,54,9,45,2
165612,49,7,42,2
165613,50,6,44,2
165614,42,2,40,2
165615,63,6,57,2
165616,57,9,48,2
165617,53,5,48,2
165618,52,3,49,2
165619,53,6,47,2
165620,45,4,41,2
165621,50,11,39,2
165622,58,10,48,2
165623,59,11,48,2
165624,50,8,42,2
165625,62,7,55,2
165626,57,7,50,2
165627,62,7,55,2
165628,54,4,50,2
165629,52,5,47,2
165630,57,5,52,2
165631,63,8,55,2
165632,50,5,45,2
165633,53,6,47,2
165634,55,5,50,2
165635,55,8,47,2
165636,57,8,49,2
165637,54,6,48,2
165638,62,11,51,2
165639,45,2,43,2
165640,47,6,41,2
165641,47,7,40,2
165642,55,7,48,2
165643,64,4,60,2
165644,54,9,45,2
165645,50,4,46,2
165646,58,7,51,2
165647,55,2,53,2
165648,63,7,56,2
165649,50,5,45,2
165650,55,10,45,2
165651,47,7,40,2
165652,45,6,39,2
165653,65,3,62,2
165654,61,8,53,2
165655,56,8,48,2
165656,40,0,40,1
165657,69,8,61,2
165658,61,5,56,2
165659,56,6,50,2
165660,44,2,42,2
165661,48,9,39,2
165662,48,7,41,2
165663,52,11,41,2
165664,45,5,40,2
165665,45,4,41,2
165666,56,9,47,2
165667,65,8,57,2
165668,59,5,54,2
165669,60,6,54,2
165670,67,6,61,2
165671,59,5,54,2
165672,48,3,45,2
165673,50,6,44,2
165674,56,1,55,2
165675,48,10,38,2
165676,58,8,50,2
165677,53,6,47,2
165678,52,2,50,2
165679,50,4,46,2
165680,62,10,52,2
165681,59,12,47,2
165682,59,9,50,2
165683,59,5,54,2
165684,65,8,57,2
165685,64,9,55,2
165686,49,6,43,2
165687,62,3,59,2
165688,61,10,51,2
165689,56,8,48,2
165690,60,6,54,2
165691,50,6,44,2
165692,54,4,50,2
165693,50,5,45,2
165694,51,8,43,2
165695,55,5,50,2
165696,59,10,49,2
165697,66,4,62,2
165698,36,6,30,2
165699,48,4,44,2
165700,55,7,48,2
165701,50,6,44,2
165702,47,4,43,2
165703,57,5,52,2
165704,47,2,45,2
165705,57,5,52,2
165706,44,2,42,2
165707,49,2,47,2
165708,46,7,39,2
165709,57,6,51,2
165710,47,6,41,2
165711,53,8,45,2
165712,50,9,41,2
165713,49,5,44,2
165714,39,4,35,2
165715,70,9,61,2
165716,43,6,37,2
165717,47,4,43,2
165718,55,10,45,2
165719,43,4,39,2
165720,54,7,47,2
165721,56,7,49,2
165722,45,3,42,2
165723,55,5,50,2
165724,54,5,49,2
165725,52,3,49,2
165726,61,4,57,2
165727,64,9,55,2
165728,69,6,63,2
165729,49,6,43,2
165730,48,4,44,2
165731,53,6,47,2
165732,70,10,60,2
165733,47,9,38,2
165734,56,8,48,2
165735,58,10,48,2
165736,65,13,52,2
165737,45,7,38,2
165738,41,4,37,2
165739,52,4,48,2
165740,46,6,40,2
165741,63,6,57,2
165742,48,5,43,2
165743,50,8,42,2
165744,43,4,39,2
165745,45,4,41,2
165746,62,7,55,2
165747,60,8,52,2
165748,50,3,47,2
165749,65,8,57,2
165750,69,10,59,2
165751,64,9,55,2
165752,60,10,50,2
165753,55,2,53,2
165754,62,9,53,2
165755,69,13,56,2
165756,41,5,36,2
165757,46,7,39,2
165758,54,4,50,2
165759,50,4,46,2
165760,47,8,39,2
165761,61,10,51,2
165762,60,9,51,2
165763,47,5,42,2
165764,61,6,55,2
165765,45,5,40,2
165766,55,5,50,2
165767,69,8,61,2
165768,47,7,40,2
165769,53,2,51,2
165770,62,7,55,2
165771,71,6,65,2
165772,52,8,44,2
165773,48,7,41,2
165774,52,6,46,2
165775,51,3,48,2
165776,67,16,51,2
165777,55,4,51,2
165778,64,7,57,2
165779,45,5,40,2
165780,52,7,45,2
165781,62,6,56,2
165782,59,14,45,2
165783,49,5,44,2
165784,51,4,47,2
165785,49,9,40,2
165786,59,5,54,2
165787,59,2,57,2
165788,47,8,39,2
165789,52,4,48,2
165790,65,3,62,2
165791,57,4,53,2
165792,50,5,45,2
165793,69,10,59,2
165794,49,6,43,2
165795,56,10,46,2
165796,57,10,47,2
165797,48,6,42,2
165798,47,4,43,2
165799,58,5,53,2
165800,47,7,40,2
165801,55,6,49,2
165802,65,12,53,2
165803,45,6,39,2
165804,63,6,57,2
165805,47,4,43,2
165806,54,9,45,2
165807,49,5,44,2
165808,50,6,44,2
165809,51,9,42,2
165810,57,9,48,2
165811,59,4,55,2
165812,54,5,49,2
165813,35,4,31,2
165814,47,3,44,2
165815,48,4,44,2
165816,51,2,49,2
165817,55,5,50,2
165818,68,10,58,2
165819,54,9,45,2
165820,47,2,45,2
165821,56,8,48,2
165822,53,10,43,2
165823,62,8,54,2
165824,54,9,45,2
165825,49,4,45,2
165826,67,7,60,2
165827,57,4,53,2
165828,54,4,50,2
165829,49,8,41,2
165830,60,4,56,2
165831,62,11,51,2
165832,48,6,42,2
165833,48,8,40,2
165834,38,9,29,2
165835,56,3,53,2
165836,39,3,36,2
165837,46,3,43,2
165838,51,10,41,2
165839,58,2,56,2
165840,51,5,46,2
165841,63,11,52,2
165842,59,12,47,2
165843,52,9,43,2
165844,72,11,61,2
165845,53,4,49,2
165846,60,6,54,2
165847,46,3,43,2
165848,59,7,52,2
165849,52,8,44,2
165850,50,6,44,2
165851,59,6,53,2
165852,49,9,40,2
165853,69,7,62,2
165854,56,9,47,2
165855,68,8,60,2
165856,47,5,42,2
165857,39,4,35,2
165858,52,6,46,2
165859,57,11,46,2
165860,60,8,52,2
165861,69,6,63,2
165862,67,5,62,2
165863,61,7,54,2
165864,65,6,59,2
165865,53,5,48,2
165866,58,3,55,2
165867,54,2,52,2
165868,67,6,61,2
165869,61,11,50,2
165870,60,11,49,2
165871,48,6,42,2
165872,57,5,52,2
165873,63,7,56,2
165874,47,7,40,2
165875,57,6,51,2
165876,42,4,38,2
165877,45,3,42,2
165878,53,7,46,2
165879,54,4,50,2
165880,61,12,49,2
165881,57,6,51,2
165882,49,7,42,2
165883,51,10,41,2
165884,67,10,57,2
165885,57,4,53,2
165886,51,4,47,2
165887,53,6,47,2
165888,57,11,46,2
165889,56,5,51,2
165890,51,10,41,2
165891,57,5,52,2
165892,54,7,47,2
165893,56,7,49,2
165894,61,8,53,2
165895,54,3,51,2
165896,56,8,48,2
165897,47,3,44,2
165898,49,9,40,2
165899,54,6,48,2
165900,48,5,43,2
165901,61,8,53,2
165902,56,10,46,2
165903,57,7,50,2
165904,50,8,42,2
165905,48,4,44,2
165906,64,10,54,2
165907,57,5,52,2
165908,47,3,44,2
165909,42,5,37,2
165910,38,4,34,2
165911,67,11,56,2
165912,46,3,43,2
165913,51,5,46,2
165914,60,7,53,2
165915,57,9,48,2
165916,43,6,37,2
165917,61,5,56,2
165918,51,5,46,2
165919,49,6,43,2
165920,57,3,54,2
165921,48,5,43,2
165922,44,7,37,2
165923,49,5,44,2
165924,60,5,55,2
165925,53,9,44,2
165926,44,5,39,2
165927,52,6,46,2
165928,51,5,46,2
165929,55,8,47,2
165930,50,7,43,2
165931,72,7,65,2
165932,59,7,52,2
165933,62,12,50,2
165934,51,7,44,2
165935,58,5,53,2
165936,54,9,45,2
165937,62,10,52,2
165938,53,2,51,2
165939,55,2,53,2
165940,58,9,49,2
165941,59,12,47,2
165942,52,5,47,2
165943,57,5,52,2
165944,57,6,51,2
165945,58,7,51,2
165946,54,4,50,2
165947,53,10,43,2
165948,61,11,50,2
165949,62,8,54,2
165950,56,5,51,2
165951,46,5,41,2
165952,41,2,39,2
165953,58,8,50,2
165954,51,4,47,2
165955,49,7,42,2
165956,55,10,45,2
165957,64,5,59,2
165958,55,12,43,2
165959,52,5,47,2
165960,42,2,40,2
165961,53,9,44,2
165962,53,3,50,2
165963,61,7,54,2
165964,55,7,48,2
165965,49,7,42,2
165966,54,8,46,2
165967,46,7,39,2
165968,62,4,58,2
165969,59,5,54,2
165970,48,3,45,2
165971,50,6,44,2
165972,54,5,49,2
165973,67,4,63,2
165974,49,7,42,2
165975,66,8,58,2
165976,58,5,53,2
165977,64,8,56,2
165978,56,7,49,2
165979,56,4,52,2
165980,54,7,47,2
165981,62,8,54,2
165982,57,11,46,2
165983,57,7,50,2
165984,53,8,45,2
165985,57,6,51,2
165986,51,5,46,2
165987,61,5,56,2
165988,58,6,52,2
165989,39,4,35,2
165990,49,6,43,2
165991,46,7,39,2
165992,42,3,39,2
165993,54,7,47,2
165994,57,5,52,2
165995,55,6,49,2
165996,47,9,38,2
165997,51,4,47,2
165998,58,16,42,2
165999,68,9,59,2
166000,57,3,54,2
166001,47,4,43,2
166002,55,7,48,2
166003,50,3,47,2
166004,46,2,44,2
166005,73,5,68,2
166006,39,3,36,2
166007,45,6,39,2
166008,57,6,51,2
166009,45,5,40,2
166010,47,5,42,2
166011,69,9,60,2
166012,52,6,46,2
166013,53,8,45,2
166014,40,5,35,2
166015,72,7,65,2
166016,59,7,52,2
166017,69,7,62,2
166018,59,4,55,2
166019,70,18,52,2
166020,62,3,59,2
166021,51,6,45,2
166022,63,9,54,2
166023,47,5,42,2
166024,54,10,44,2
166025,67,10,57,2
166026,50,8,42,2
166027,55,7,48,2
166028,53,3,50,2
166029,42,3,39,2
166030,47,6,41,2
166031,56,8,48,2
166032,53,6,47,2
166033,48,6,42,2
166034,54,7,47,2
166035,54,10,44,2
166036,55,11,44,2
166037,55,11,44,2
166038,71,6,65,2
166039,46,8,38,2
166040,57,7,50,2
166041,52,4,48,2
166042,51,5,46,2
166043,39,5,34,2
166044,52,6,46,2
166045,55,5,50,2
166046,54,8,46,2
166047,47,9,38,2
166048,55,8,47,2
166049,45,5,40,2
166050,57,7,50,2
166051,64,6,58,2
166052,59,6,53,2
166053,59,5,54,2
166054,54,10,44,2
166055,62,12,50,2
166056,48,9,39,2
166057,50,8,42,2
166058,52,5,47,2
166059,54,6,48,2
166060,64,5,59,2
166061,53,7,46,2
166062,52,8,44,2
166063,45,3,42,2
166064,56,7,49,2
166065,44,3,41,2
166066,60,9,51,2
166067,58,8,50,2
166068,56,6,50,2
166069,50,9,41,2
166070,51,6,45,2
166071,54,6,48,2
166072,65,9,56,2
166073,53,12,41,2
166074,55,6,49,2
166075,43,4,39,2
166076,57,7,50,2
166077,54,7,47,2
166078,40,3,37,2
166079,60,7,53,2
166080,64,10,54,2
166081,53,5,48,2
166082,53,6,47,2
166083,46,9,37,2
166084,59,5,54,2
166085,64,6,58,2
166086,73,10,63,2
166087,59,11,48,2
166088,61,11,50,2
166089,43,10,33,2
166090,40,3,37,2
166091,48,3,45,2
166092,59,8,51,2
166093,49,2,47,2
166094,66,8,58,2
166095,46,5,41,2
166096,64,14,50,2
166097,55,5,50,2
166098,45,5,40,2
166099,56,7,49,2
166100,56,9,47,2
166101,54,5,49,2
166102,61,8,53,2
166103,61,7,54,2
166104,51,3,48,2
166105,57,10,47,2
166106,47,7,40,2
166107,50,7,43,2
166108,55,2,53,2
166109,49,4,45,2
166110,45,8,37,2
166111,55,7,48,2
166112,49,8,41,2
166113,55,11,44,2
166114,54,4,50,2
166115,51,4,47,2
166116,48,1,47,2
166117,53,6,47,2
166118,48,3,45,2
166119,55,5,50,2
166120,51,6,45,2
166121,47,10,37,2
166122,52,6,46,2
166123,55,3,52,2
166124,63,8,55,2
166125,64,5,59,2
166126,57,5,52,2
166127,48,3,45,2
166128,55,10,45,2
166129,42,4,38,2
166130,60,10,50,2
166131,59,7,52,2
166132,59,6,53,2
166133,55,9,46,2
166134,50,6,44,2
166135,56,7,49,2
166136,52,2,50,2
166137,45,7,38,2
166138,51,7,44,2
166139,39,5,34,2
166140,58,4,54,2
166141,55,4,51,2
166142,49,5,44,2
166143,50,6,44,2
166144,54,9,45,2
166145,53,7,46,2
166146,63,8,55,2
166147,61,9,52,2
166148,65,10,55,2
166149,60,4,56,2
166150,55,5,50,2
166151,61,8,53,2
166152,64,8,56,2
166153,49,8,41,2
166154,55,4,51,2
166155,75,8,67,2
166156,51,5,46,2
166157,47,6,41,2
166158,61,2,59,2
166159,64,10,54,2
166160,56,6,50,2
166161,50,5,45,2
166162,55,6,49,2
166163,48,7,41,2
166164,70,8,62,2
166165,58,3,55,2
166166,61,7,54,2
166167,63,7,56,2
166168,55,10,45,2
166169,65,10,55,2
166170,52,5,47,2
166171,49,7,42,2
166172,46,8,38,2
166173,35,3,32,2
166174,53,9,44,2
166175,54,5,49,2
166176,60,7,53,2
166177,56,5,51,2
166178,52,2,50,2
166179,48,9,39,2
166180,61,4,57,2
166181,60,5,55,2
166182,60,6,54,2
166183,46,3,43,2
166184,45,9,36,2
166185,51,2,49,2
166186,53,5,48,2
166187,65,8,57,2
166188,54,9,45,2
166189,54,7,47,2
166190,62,5,57,2
166191,55,6,49,2
166192,44,5,39,2
166193,43,7,36,2
166194,65,9,56,2
166195,56,4,52,2
166196,54,6,48,2
166197,48,5,43,2
166198,52,3,49,2
166199,54,8,46,2
166200,60,8,52,2
166201,52,9,43,2
166202,61,10,51,2
166203,66,5,61,2
166204,58,6,52,2
166205,54,4,50,2
166206,77,8,69,2
166207,64,8,56,2
166208,52,4,48,2
166209,62,9,53,2
166210,54,5,49,2
166211,44,6,38,2
166212,73,15,58,2
166213,61,4,57,2
166214,65,8,57,2
166215,57,6,51,2
166216,66,11,55,2
166217,66,11,55,2
166218,52,6,46,2
166219,53,5,48,2
166220,56,6,50,2
166221,62,7,55,2
166222,52,2,50,2
166223,60,4,56,2
166224,54,8,46,2
166225,48,4,44,2
166226,59,2,57,2
166227,51,4,47,2
166228,58,8,50,2
166229,50,4,46,2
166230,56,6,50,2
166231,49,4,45,2
166232,53,7,46,2
166233,64,8,56,2
166234,49,8,41,2
166235,52,6,46,2
166236,52,9,43,2
166237,65,7,58,2
166238,67,6,61,2
166239,42,8,34,2
166240,46,7,39,2
166241,47,5,42,2
166242,49,8,41,2
166243,48,10,38,2
166244,51,8,43,2
166245,48,5,43,2
166246,63,8,55,2
166247,64,8,56,2
166248,52,4,48,2
166249,49,8,41,2
166250,51,7,44,2
166251,49,2,47,2
166252,58,8,50,2
166253,53,8,45,2
166254,58,7,51,2
166255,68,12,56,2
166256,59,7,52,2
166257,54,7,47,2
166258,45,3,42,2
166259,49,4,45,2
166260,54,8,46,2
166261,49,6,43,2
166262,50,7,43,2
166263,62,9,53,2
166264,61,7,54,2
166265,57,8,49,2
166266,67,6,61,2
166267,54,4,50,2
166268,50,6,44,2
166269,59,7,52,2
166270,44,6,38,2
166271,61,6,55,2
166272,53,8,45,2
166273,54,6,48,2
166274,48,6,42,2
166275,55,3,52,2
166276,54,11,43,2
166277,54,7,47,2
166278,54,8,46,2
166279,60,4,56,2
166280,58,7,51,2
166281,55,8,47,2
166282,56,6,50,2
166283,52,7,45,2
166284,56,8,48,2
166285,44,5,39,2
166286,54,5,49,2
166287,57,1,56,2
166288,65,12,53,2
166289,55,1,54,2
166290,62,7,55,2
166291,52,5,47,2
166292,57,9,48,2
166293,46,6,40,2
166294,58,10,48,2
166295,53,11,42,2
166296,64,5,59,2
166297,65,8,57,2
166298,58,7,51,2
166299,58,7,51,2
166300,46,3,43,2
166301,57,8,49,2
166302,54,8,46,2
166303,49,4,45,2
166304,55,6,49,2
166305,63,6,57,2
166306,64,8,56,2
166307,55,4,51,2
166308,61,8,53,2
166309,37,6,31,2
166310,42,8,34,2
166311,49,5,44,2
166312,47,9,38,2
166313,67,7,60,2
166314,41,7,34,2
166315,50,1,49,2
166316,60,5,55,2
166317,47,5,42,2
166318,53,8,45,2
166319,46,5,41,2
166320,52,8,44,2
166321,46,4,42,2
166322,61,11,50,2
166323,40,3,37,2
166324,49,5,44,2
166325,43,5,38,2
166326,47,10,37,2
166327,56,5,51,2
166328,57,6,51,2
166329,47,4,43,2
166330,52,4,48,2
166331,59,10,49,2
166332,50,6,44,2
166333,58,6,52,2
166334,54,3,51,2
166335,61,10,51,2
166336,64,9,55,2
166337,72,10,62,2
166338,57,7,50,2
166339,41,2,39,2
166340,47,6,41,2
166341,55,4,51,2
166342,46,5,41,2
166343,41,8,33,2
166344,62,12,50,2
166345,57,7,50,2
166346,64,8,56,2
166347,37,3,34,2
166348,48,4,44,2
166349,41,7,34,2
166350,46,5,41,2
166351,56,4,52,2
166352,53,8,45,2
166353,55,4,51,2
166354,64,9,55,2
166355,59,8,51,2
166356,55,8,47,2
166357,57,6,51,2
166358,41,3,38,2
166359,50,4,46,2
166360,47,4,43,2
166361,54,2,52,2
166362,50,4,46,2
166363,57,3,54,2
166364,48,5,43,2
166365,52,7,45,2
166366,42,3,39,2
166367,75,9,66,2
166368,59,9,50,2
166369,54,4,50,2
166370,55,6,49,2
166371,42,4,38,2
166372,43,6,37,2
166373,51,6,45,2
166374,71,5,66,2
166375,54,4,50,2
166376,62,4,58,2
166377,70,8,62,2
166378,44,2,42,2
166379,53,5,48,2
166380,61,11,50,2
166381,46,7,39,2
166382,44,3,41,2
166383,53,6,47,2
166384,49,5,44,2
166385,40,5,35,2
166386,58,6,52,2
166387,54,3,51,2
166388,66,11,55,2
166389,50,5,45,2
166390,52,3,49,2
166391,51,3,48,2
166392,59,6,53,2
166393,56,9,47,2
166394,63,8,55,2
166395,59,8,51,2
166396,50,4,46,2
166397,51,6,45,2
166398,57,2,55,2
166399,55,7,48,2
166400,57,4,53,2
166401,56,4,52,2
166402,51,9,42,2
166403,45,3,42,2
166404,50,5,45,2
166405,50,7,43,2
166406,51,3,48,2
166407,46,4,42,2
166408,63,5,58,2
166409,59,3,56,2
166410,45,8,37,2
166411,43,7,36,2
166412,59,11,48,2
166413,41,4,37,2
166414,54,4,50,2
166415,57,8,49,2
166416,65,12,53,2
166417,44,2,42,2
166418,58,5,53,2
166419,47,7,40,2
166420,35,1,34,2
166421,49,4,45,2
166422,48,6,42,2
166423,50,10,40,2
166424,46,8,38,2
166425,47,7,40,2
166426,56,5,51,2
166427,55,9,46,2
166428,67,9,58,2
166429,59,6,53,2
166430,57,6,51,2
166431,50,5,45,2
166432,65,10,55,2
166433,59,5,54,2
166434,62,9,53,2
166435,56,3,53,2
166436,69,6,63,2
166437,47,8,39,2
166438,45,7,38,2
166439,59,9,50,2
166440,52,6,46,2
166441,52,4,48,2
166442,59,8,51,2
166443,49,6,43,2
166444,56,11,45,2
166445,56,3,53,2
166446,47,4,43,2
166447,53,3,50,2
166448,57,6,51,2
166449,61,7,54,2
166450,57,3,54,2
166451,64,4,60,2
166452,65,7,58,2
166453,50,3,47,2
166454,43,4,39,2
166455,51,7,44,2
166456,51,9,42,2
166457,60,5,55,2
166458,56,10,46,2
166459,50,5,45,2
166460,60,3,57,2
166461,51,6,45,2
166462,56,6,50,2
166463,57,4,53,2
166464,52,7,45,2
166465,59,4,55,2
166466,58,7,51,2
166467,56,4,52,2
166468,55,5,50,2
166469,51,7,44,2
166470,53,5,48,2
166471,58,13,45,2
166472,58,4,54,2
166473,54,7,47,2
166474,55,8,47,2
166475,57,7,50,2
166476,48,8,40,2
166477,56,7,49,2
166478,57,8,49,2
166479,47,7,40,2
166480,59,3,56,2
166481,55,2,53,2
166482,45,5,40,2
166483,54,5,49,2
166484,57,9,48,2
166485,65,7,58,2
166486,49,7,42,2
166487,57,5,52,2
166488,53,9,44,2
166489,52,6,46,2
166490,49,5,44,2
166491,43,4,39,2
166492,82,12,70,2
166493,43,4,39,2
166494,44,4,40,2
166495,62,10,52,2
166496,53,7,46,2
166497,55,8,47,2
166498,56,3,53,2
166499,57,15,42,2
166500,61,7,54,2
166501,52,7,45,2
166502,45,7,38,2
166503,70,12,58,2
166504,45,4,41,2
166505,57,6,51,2
166506,60,6,54,2
166507,59,5,54,2
166508,48,2,46,2
166509,56,5,51,2
166510,57,7,50,2
166511,54,6,48,2
166512,62,6,56,2
166513,55,9,46,2
166514,53,4,49,2
166515,58,3,55,2
166516,53,10,43,2
166517,58,10,48,2
166518,57,8,49,2
166519,67,10,57,2
166520,47,9,38,2
166521,51,9,42,2
166522,67,5,62,2
166523,62,6,56,2
166524,52,9,43,2
166525,46,7,39,2
166526,51,7,44,2
166527,48,2,46,2
166528,66,6,60,2
166529,61,3,58,2
166530,60,9,51,2
166531,57,10,47,2
166532,53,6,47,2
166533,57,3,54,2
166534,55,4,51,2
166535,55,7,48,2
166536,62,6,56,2
166537,64,6,58,2
166538,54,8,46,2
166539,48,5,43,2
166540,56,6,50,2
166541,61,8,53,2
166542,43,10,33,2
166543,53,8,45,2
166544,51,5,46,2
166545,59,4,55,2
166546,53,8,45,2
166547,58,6,52,2
166548,47,3,44,2
166549,57,4,53,2
166550,48,5,43,2
166551,57,7,50,2
166552,52,7,45,2
166553,49,10,39,2
166554,46,5,41,2
166555,52,3,49,2
166556,50,6,44,2
166557,41,6,35,2
166558,38,4,34,2
166559,63,8,55,2
166560,45,7,38,2
166561,52,6,46,2
166562,68,9,59,2
166563,55,8,47,2
166564,51,7,44,2
166565,48,4,44,2
166566,50,6,44,2
166567,61,8,53,2
166568,59,6,53,2
166569,54,8,46,2
166570,53,7,46,2
166571,64,9,55,2
166572,58,9,49,2
166573,52,7,45,2
166574,54,7,47,2
166575,52,5,47,2
166576,53,6,47,2
166577,40,1,39,2
166578,56,1,55,2
166579,59,7,52,2
166580,68,8,60,2
166581,51,5,46,2
166582,56,6,50,2
166583,49,8,41,2
166584,55,5,50,2
166585,52,8,44,2
166586,46,3,43,2
166587,47,5,42,2
166588,52,3,49,2
166589,50,6,44,2
166590,60,7,53,2
166591,60,6,54,2
166592,62,9,53,2
166593,42,4,38,2
166594,57,8,49,2
166595,62,5,57,2
166596,54,6,48,2
166597,55,6,49,2
166598,59,6,53,2
166599,56,4,52,2
166600,46,6,40,2
166601,62,8,54,2
166602,36,3,33,2
166603,54,6,48,2
166604,61,5,56,2
166605,54,6,48,2
166606,50,9,41,2
166607,50,8,42,2
166608,56,8,48,2
166609,40,9,31,2
166610,54,5,49,2
166611,54,4,50,2
166612,50,3,47,2
166613,56,7,49,2
166614,66,14,52,2
166615,39,5,34,2
166616,63,7,56,2
166617,54,7,47,2
166618,51,7,44,2
166619,53,10,43,2
166620,60,8,52,2
166621,48,5,43,2
166622,50,7,43,2
166623,65,11,54,2
166624,56,8,48,2
166625,49,5,44,2
166626,55,9,46,2
166627,56,7,49,2
166628,49,10,39,2
166629,60,8,52,2
166630,47,6,41,2
166631,44,6,38,2
166632,58,5,53,2
166633,46,3,43,2
166634,52,10,42,2
166635,59,7,52,2
166636,71,6,65,2
166637,46,5,41,2
166638,48,5,43,2
166639,57,8,49,2
166640,65,9,56,2
166641,60,5,55,2
166642,62,7,55,2
166643,47,7,40,2
166644,65,7,58,2
166645,52,5,47,2
166646,58,3,55,2
166647,50,11,39,2
166648,45,5,40,2
166649,56,2,54,2
166650,56,9,47,2
166651,61,10,51,2
166652,50,8,42,2
166653,53,9,44,2
166654,50,7,43,2
166655,64,9,55,2
166656,53,8,45,2
166657,51,3,48,2
166658,52,7,45,2
166659,55,6,49,2
166660,51,5,46,2
166661,59,5,54,2
166662,73,12,61,2
166663,50,5,45,2
166664,55,6,49,2
166665,61,7,54,2
166666,49,6,43,2
166667,67,5,62,2
166668,50,7,43,2
166669,48,4,44,2
166670,61,5,56,2
166671,64,10,54,2
166672,55,13,42,2
166673,44,6,38,2
166674,44,4,40,2
166675,43,5,38,2
166676,61,6,55,2
166677,53,8,45,2
166678,67,7,60,2
166679,59,7,52,2
166680,61,5,56,2
166681,64,6,58,2
166682,53,8,45,2
166683,72,10,62,2
166684,61,5,56,2
166685,61,11,50,2
166686,48,4,44,2
166687,53,5,48,2
166688,44,5,39,2
166689,58,7,51,2
166690,54,6,48,2
166691,61,5,56,2
166692,44,6,38,2
166693,56,2,54,2
166694,55,7,48,2
166695,47,7,40,2
166696,50,14,36,2
166697,54,10,44,2
166698,58,7,51,2
166699,50,7,43,2
166700,54,9,45,2
166701,46,4,42,2
166702,63,5,58,2
166703,60,8,52,2
166704,45,8,37,2
166705,51,5,46,2
166706,46,8,38,2
166707,54,8,46,2
166708,47,5,42,2
166709,64,12,52,2
166710,60,5,55,2
166711,54,1,53,2
166712,67,5,62,2
166713,58,4,54,2
166714,38,5,33,2
166715,57,9,48,2
166716,54,8,46,2
166717,64,12,52,2
166718,59,6,53,2
166719,55,13,42,2
166720,60,7,53,2
166721,46,6,40,2
166722,53,4,49,2
166723,61,10,51,2
166724,39,7,32,2
166725,53,10,43,2
166726,58,6,52,2
166727,69,4,65,2
166728,55,4,51,2
166729,58,7,51,2
166730,45,7,38,2
166731,60,9,51,2
166732,65,11,54,2
166733,60,7,53,2
166734,56,7,49,2
166735,64,3,61,2
166736,54,11,43,2
166737,63,10,53,2
166738,52,9,43,2
166739,45,5,40,2
166740,55,5,50,2
166741,61,3,58,2
166742,42,2,40,2
166743,52,5,47,2
166744,45,4,41,2
166745,70,11,59,2
166746,51,5,46,2
166747,56,6,50,2
166748,61,7,54,2
166749,43,3,40,2
166750,45,9,36,2
166751,50,4,46,2
166752,57,6,51,2
166753,42,1,41,2
166754,64,6,58,2
166755,59,8,51,2
166756,63,2,61,2
166757,51,6,45,2
166758,55,11,44,2
166759,61,10,51,2
166760,51,7,44,2
166761,46,5,41,2
166762,55,6,49,2
166763,57,7,50,2
166764,51,5,46,2
166765,49,4,45,2
166766,52,7,45,2
166767,51,8,43,2
166768,58,6,52,2
166769,52,6,46,2
166770,63,6,57,2
166771,57,9,48,2
166772,53,9,44,2
166773,55,7,48,2
166774,61,8,53,2
166775,61,8,53,2
166776,44,6,38,2
166777,61,3,58,2
166778,62,2,60,2
166779,66,11,55,2
166780,60,8,52,2
166781,50,7,43,2
166782,68,7,61,2
166783,55,6,49,2
166784,56,8,48,2
166785,59,9,50,2
166786,63,8,55,2
166787,69,8,61,2
166788,58,8,50,2
166789,55,8,47,2
166790,47,2,45,2
166791,62,8,54,2
166792,65,6,59,2
166793,70,6,64,2
166794,63,8,55,2
166795,57,9,48,2
166796,68,8,60,2
166797,57,8,49,2
166798,54,7,47,2
166799,68,9,59,2
166800,55,5,50,2
166801,56,2,54,2
166802,55,6,49,2
166803,48,5,43,2
166804,53,8,45,2
166805,54,5,49,2
166806,54,4,50,2
166807,54,10,44,2
166808,48,4,44,2
166809,55,5,50,2
166810,43,4,39,2
166811,78,11,67,2
166812,58,8,50,2
166813,70,12,58,2
166814,55,8,47,2
166815,72,10,62,2
166816,59,10,49,2
166817,46,5,41,2
166818,48,2,46,2
166819,43,6,37,2
166820,55,5,50,2
166821,51,5,46,2
166822,65,5,60,2
166823,47,2,45,2
166824,50,5,45,2
166825,59,9,50,2
166826,55,7,48,2
166827,51,11,40,2
166828,70,6,64,2
166829,56,7,49,2
166830,59,4,55,2
166831,59,7,52,2
166832,62,6,56,2
166833,45,5,40,2
166834,55,4,51,2
166835,64,9,55,2
166836,40,5,35,2
166837,59,7,52,2
166838,59,6,53,2
166839,62,6,56,2
166840,65,11,54,2
166841,51,11,40,2
166842,61,7,54,2
166843,51,5,46,2
166844,58,9,49,2
166845,55,7,48,2
166846,62,9,53,2
166847,66,9,57,2
166848,57,9,48,2
166849,64,10,54,2
166850,56,5,51,2
166851,50,8,42,2
166852,68,10,58,2
166853,59,10,49,2
166854,58,6,52,2
166855,49,4,45,2
166856,55,11,44,2
166857,56,11,45,2
166858,47,6,41,2
166859,56,8,48,2
166860,65,6,59,2
166861,53,8,45,2
166862,57,9,48,2
166863,56,6,50,2
166864,53,10,43,2
166865,59,3,56,2
166866,66,11,55,2
166867,58,8,50,2
166868,58,10,48,2
166869,55,5,50,2
166870,46,5,41,2
166871,50,5,45,2
166872,58,8,50,2
166873,61,9,52,2
166874,56,14,42,2
166875,46,1,45,2
166876,53,3,50,2
166877,64,4,60,2
166878,39,2,37,2
166879,54,4,50,2
166880,60,5,55,2
166881,48,4,44,2
166882,56,6,50,2
166883,46,7,39,2
166884,44,4,40,2
166885,62,10,52,2
166886,47,5,42,2
166887,53,8,45,2
166888,63,5,58,2
166889,48,1,47,2
166890,52,8,44,2
166891,54,7,47,2
166892,56,5,51,2
166893,54,8,46,2
166894,60,13,47,2
166895,57,5,52,2
166896,55,6,49,2
166897,51,3,48,2
166898,72,6,66,2
166899,53,5,48,2
166900,62,9,53,2
166901,54,5,49,2
166902,60,14,46,2
166903,49,4,45,2
166904,45,7,38,2
166905,61,5,56,2
166906,50,5,45,2
166907,47,10,37,2
166908,52,4,48,2
166909,52,9,43,2
166910,59,5,54,2
166911,62,5,57,2
166912,59,6,53,2
166913,53,9,44,2
166914,63,4,59,2
166915,50,7,43,2
166916,61,6,55,2
166917,49,5,44,2
166918,50,4,46,2
166919,42,6,36,2
166920,49,11,38,2
166921,49,7,42,2
166922,46,3,43,2
166923,49,7,42,2
166924,50,5,45,2
166925,40,6,34,2
166926,65,10,55,2
166927,57,6,51,2
166928,48,5,43,2
166929,55,7,48,2
166930,52,10,42,2
166931,63,8,55,2
166932,59,5,54,2
166933,48,4,44,2
166934,61,4,57,2
166935,54,8,46,2
166936,43,6,37,2
166937,55,11,44,2
166938,57,8,49,2
166939,49,4,45,2
166940,52,4,48,2
166941,51,4,47,2
166942,56,9,47,2
166943,64,11,53,2
166944,58,4,54,2
166945,49,4,45,2
166946,45,2,43,2
166947,55,3,52,2
166948,61,5,56,2
166949,47,4,43,2
166950,53,9,44,2
166951,52,6,46,2
166952,58,4,54,2
166953,62,6,56,2
166954,41,4,37,2
166955,53,6,47,2
166956,46,4,42,2
166957,64,11,53,2
166958,52,6,46,2
166959,60,5,55,2
166960,68,7,61,2
166961,52,3,49,2
166962,50,8,42,2
166963,39,8,31,2
166964,54,3,51,2
166965,56,6,50,2
166966,58,2,56,2
166967,62,10,52,2
166968,64,5,59,2
166969,55,4,51,2
166970,45,3,42,2
166971,66,6,60,2
166972,51,3,48,2
166973,46,6,40,2
166974,55,5,50,2
166975,47,4,43,2
166976,48,6,42,2
166977,57,4,53,2
166978,54,5,49,2
166979,63,7,56,2
166980,47,3,44,2
166981,55,8,47,2
166982,57,7,50,2
166983,52,5,47,2
166984,55,6,49,2
166985,59,7,52,2
166986,57,7,50,2
166987,54,6,48,2
166988,64,10,54,2
166989,65,3,62,2
166990,51,1,50,2
166991,52,3,49,2
166992,48,7,41,2
166993,57,7,50,2
166994,56,7,49,2
166995,46,5,41,2
166996,65,6,59,2
166997,45,5,40,2
166998,63,10,53,2
166999,50,5,45,2
167000,59,7,52,2
167001,58,10,48,2
167002,48,6,42,2
167003,57,9,48,2
167004,38,4,34,2
167005,52,7,45,2
167006,44,2,42,2
167007,42,8,34,2
167008,43,5,38,2
167009,41,6,35,2
167010,56,14,42,2
167011,52,6,46,2
167012,44,2,42,2
167013,47,5,42,2
167014,45,7,38,2
167015,47,8,39,2
167016,55,4,51,2
167017,53,5,48,2
167018,62,5,57,2
167019,68,10,58,2
167020,50,3,47,2
167021,46,5,41,2
167022,52,6,46,2
167023,58,9,49,2
167024,42,3,39,2
167025,52,6,46,2
167026,60,7,53,2
167027,52,4,48,2
167028,61,6,55,2
167029,50,7,43,2
167030,56,6,50,2
167031,51,7,44,2
167032,52,11,41,2
167033,57,4,53,2
167034,53,6,47,2
167035,69,7,62,2
167036,49,8,41,2
167037,56,6,50,2
167038,63,6,57,2
167039,51,5,46,2
167040,61,6,55,2
167041,66,10,56,2
167042,49,8,41,2
167043,53,8,45,2
167044,58,5,53,2
167045,63,10,53,2
167046,52,6,46,2
167047,60,4,56,2
167048,49,9,40,2
167049,54,4,50,2
167050,41,3,38,2
167051,55,9,46,2
167052,55,4,51,2
167053,47,11,36,2
167054,61,6,55,2
167055,51,5,46,2
167056,66,5,61,2
167057,49,3,46,2
167058,49,2,47,2
167059,57,6,51,2
167060,58,8,50,2
167061,55,6,49,2
167062,63,4,59,2
167063,61,7,54,2
167064,54,8,46,2
167065,64,11,53,2
167066,57,8,49,2
167067,54,10,44,2
167068,59,10,49,2
167069,50,6,44,2
167070,68,11,57,2
167071,50,3,47,2
167072,60,6,54,2
167073,61,7,54,2
167074,58,4,54,2
167075,75,9,66,2
167076,46,7,39,2
167077,50,4,46,2
167078,50,8,42,2
167079,45,6,39,2
167080,64,10,54,2
167081,50,5,45,2
167082,41,9,32,2
167083,44,4,40,2
167084,46,3,43,2
167085,65,7,58,2
167086,66,9,57,2
167087,62,10,52,2
167088,45,1,44,2
167089,55,4,51,2
167090,62,4,58,2
167091,52,6,46,2
167092,37,6,31,2
167093,57,4,53,2
167094,41,1,40,2
167095,47,5,42,2
167096,48,6,42,2
167097,46,4,42,2
167098,48,5,43,2
167099,59,12,47,2
167100,49,5,44,2
167101,49,8,41,2
167102,63,9,54,2
167103,56,5,51,2
167104,56,4,52,2
167105,53,3,50,2
167106,61,5,56,2
167107,50,8,42,2
167108,58,12,46,2
167109,56,7,49,2
167110,50,4,46,2
167111,74,6,68,2
167112,52,3,49,2
167113,64,8,56,2
167114,45,8,37,2
167115,59,7,52,2
167116,41,6,35,2
167117,60,7,53,2
167118,45,5,40,2
167119,61,7,54,2
167120,49,6,43,2
167121,48,5,43,2
167122,68,8,60,2
167123,65,7,58,2
167124,45,3,42,2
167125,61,4,57,2
167126,49,1,48,2
167127,47,3,44,2
167128,45,3,42,2
167129,49,4,45,2
167130,64,4,60,2
167131,47,10,37,2
167132,54,5,49,2
167133,63,8,55,2
167134,63,10,53,2
167135,59,3,56,2
167136,43,0,43,1
167137,62,8,54,2
167138,69,8,61,2
167139,60,6,54,2
167140,65,8,57,2
167141,53,6,47,2
167142,56,7,49,2
167143,53,4,49,2
167144,59,9,50,2
167145,54,7,47,2
167146,56,6,50,2
167147,48,5,43,2
167148,52,4,48,2
167149,63,4,59,2
167150,55,9,46,2
167151,62,10,52,2
167152,58,4,54,2
167153,43,6,37,2
167154,59,8,51,2
167155,50,10,40,2
167156,57,15,42,2
167157,53,4,49,2
167158,53,4,49,2
167159,73,8,65,2
167160,50,5,45,2
167161,51,5,46,2
167162,59,6,53,2
167163,52,6,46,2
167164,58,3,55,2
167165,63,4,59,2
167166,60,3,57,2
167167,51,7,44,2
167168,52,7,45,2
167169,57,5,52,2
167170,52,5,47,2
167171,62,9,53,2
167172,51,4,47,2
167173,50,6,44,2
167174,60,9,51,2
167175,51,4,47,2
167176,52,6,46,2
167177,49,3,46,2
167178,45,4,41,2
167179,66,10,56,2
167180,53,8,45,2
167181,59,5,54,2
167182,49,6,43,2
167183,67,11,56,2
167184,56,7,49,2
167185,66,10,56,2
167186,47,4,43,2
167187,47,8,39,2
167188,46,7,39,2
167189,63,3,60,2
167190,64,4,60,2
167191,51,6,45,2
167192,54,5,49,2
167193,62,1,61,2
167194,45,1,44,2
167195,59,8,51,2
167196,50,6,44,2
167197,75,11,64,2
167198,56,9,47,2
167199,55,8,47,2
167200,57,8,49,2
167201,47,4,43,2
167202,66,7,59,2
167203,44,3,41,2
167204,50,6,44,2
167205,56,10,46,2
167206,59,5,54,2
167207,47,4,43,2
167208,50,6,44,2
167209,41,10,31,2
167210,64,3,61,2
167211,53,8,45,2
167212,64,7,57,2
167213,57,6,51,2
167214,49,3,46,2
167215,50,4,46,2
167216,57,9,48,2
167217,49,7,42,2
167218,50,8,42,2
167219,58,7,51,2
167220,54,2,52,2
167221,45,4,41,2
167222,50,9,41,2
167223,60,5,55,2
167224,54,4,50,2
167225,46,8,38,2
167226,57,3,54,2
167227,52,5,47,2
167228,50,6,44,2
167229,61,8,53,2
167230,51,4,47,2
167231,61,7,54,2
167232,57,7,50,2
167233,51,6,45,2
167234,47,5,42,2
167235,48,12,36,2
167236,53,6,47,2
167237,47,5,42,2
167238,58,8,50,2
167239,43,4,39,2
167240,54,3,51,2
167241,48,4,44,2
167242,67,10,57,2
167243,50,5,45,2
167244,76,11,65,2
167245,58,6,52,2
167246,54,4,50,2
167247,61,2,59,2
167248,54,6,48,2
167249,60,11,49,2
167250,57,6,51,2
167251,64,6,58,2
167252,51,4,47,2
167253,49,6,43,2
167254,56,10,46,2
167255,70,8,62,2
167256,61,6,55,2
167257,47,4,43,2
167258,52,8,44,2
167259,61,8,53,2
167260,58,2,56,2
167261,46,5,41,2
167262,58,6,52,2
167263,56,7,49,2
167264,52,6,46,2
167265,47,4,43,2
167266,55,5,50,2
167267,49,6,43,2
167268,50,10,40,2
167269,60,6,54,2
167270,47,6,41,2
167271,58,4,54,2
167272,44,2,42,2
167273,43,1,42,2
167274,54,3,51,2
167275,52,7,45,2
167276,63,8,55,2
167277,58,4,54,2
167278,51,4,47,2
167279,59,8,51,2
167280,50,5,45,2
167281,57,5,52,2
167282,63,7,56,2
167283,56,6,50,2
167284,64,9,55,2
167285,48,4,44,2
167286,58,6,52,2
167287,44,2,42,2
167288,70,10,60,2
167289,53,5,48,2
167290,45,4,41,2
167291,53,5,48,2
167292,47,5,42,2
167293,60,5,55,2
167294,49,1,48,2
167295,54,3,51,2
167296,53,2,51,2
167297,55,8,47,2
167298,46,7,39,2
167299,56,6,50,2
167300,42,7,35,2
167301,53,6,47,2
167302,56,8,48,2
167303,55,6,49,2
167304,61,12,49,2
167305,49,5,44,2
167306,46,6,40,2
167307,57,11,46,2
167308,66,6,60,2
167309,60,4,56,2
167310,52,7,45,2
167311,56,7,49,2
167312,55,4,51,2
167313,48,4,44,2
167314,55,3,52,2
167315,64,5,59,2
167316,51,5,46,2
167317,50,7,43,2
167318,51,6,45,2
167319,46,7,39,2
167320,46,7,39,2
167321,60,7,53,2
167322,54,8,46,2
167323,55,6,49,2
167324,54,10,44,2
167325,57,7,50,2
167326,65,10,55,2
167327,60,7,53,2
167328,57,11,46,2
167329,52,13,39,2
167330,51,7,44,2
167331,53,8,45,2
167332,55,3,52,2
167333,65,9,56,2
167334,54,5,49,2
167335,50,7,43,2
167336,54,6,48,2
167337,55,10,45,2
167338,57,6,51,2
167339,53,6,47,2
167340,57,6,51,2
167341,67,5,62,2
167342,56,11,45,2
167343,48,6,42,2
167344,40,8,32,2
167345,54,4,50,2
167346,46,1,45,2
167347,65,6,59,2
167348,45,4,41,2
167349,53,10,43,2
167350,62,7,55,2
167351,48,8,40,2
167352,63,6,57,2
167353,54,3,51,2
167354,65,11,54,2
167355,64,7,57,2
167356,59,5,54,2
167357,57,9,48,2
167358,65,6,59,2
167359,48,1,47,2
167360,59,7,52,2
167361,47,5,42,2
167362,53,7,46,2
167363,44,5,39,2
167364,59,6,53,2
167365,49,6,43,2
167366,58,6,52,2
167367,54,14,40,2
167368,52,4,48,2
167369,58,8,50,2
167370,49,5,44,2
167371,55,7,48,2
167372,62,8,54,2
167373,57,9,48,2
167374,65,4,61,2
167375,61,8,53,2
167376,58,4,54,2
167377,52,9,43,2
167378,48,8,40,2
167379,45,5,40,2
167380,58,8,50,2
167381,54,11,43,2
167382,76,8,68,2
167383,46,9,37,2
167384,57,8,49,2
167385,46,4,42,2
167386,58,6,52,2
167387,52,4,48,2
167388,59,4,55,2
167389,58,14,44,2
167390,61,7,54,2
167391,56,7,49,2
167392,62,8,54,2
167393,65,7,58,2
167394,43,5,38,2
167395,57,6,51,2
167396,71,4,67,2
167397,44,9,35,2
167398,64,9,55,2
167399,51,7,44,2
167400,63,4,59,2
167401,56,10,46,2
167402,75,7,68,2
167403,60,7,53,2
167404,57,8,49,2
167405,55,6,49,2
167406,47,5,42,2
167407,48,6,42,2
167408,61,3,58,2
167409,60,9,51,2
167410,59,6,53,2
167411,58,7,51,2
167412,53,9,44,2
167413,56,6,50,2
167414,53,4,49,2
167415,58,9,49,2
167416,61,4,57,2
167417,65,11,54,2
167418,37,5,32,2
167419,44,7,37,2
167420,50,8,42,2
167421,49,7,42,2
167422,56,9,47,2
167423,51,10,41,2
167424,53,6,47,2
167425,56,4,52,2
167426,56,7,49,2
167427,60,9,51,2
167428,61,10,51,2
167429,52,8,44,2
167430,49,10,39,2
167431,64,8,56,2
167432,65,5,60,2
167433,48,3,45,2
167434,59,4,55,2
167435,46,2,44,2
167436,63,7,56,2
167437,58,9,49,2
167438,61,7,54,2
167439,55,5,50,2
167440,65,9,56,2
167441,62,11,51,2
167442,49,4,45,2
167443,62,8,54,2
167444,49,7,42,2
167445,53,5,48,2
167446,49,4,45,2
167447,55,4,51,2
167448,58,6,52,2
167449,49,5,44,2
167450,53,6,47,2
167451,56,10,46,2
167452,49,9,40,2
167453,49,5,44,2
167454,47,9,38,2
167455,48,4,44,2
167456,49,5,44,2
167457,62,7,55,2
167458,58,8,50,2
167459,73,11,62,2
167460,59,5,54,2
167461,53,4,49,2
167462,60,7,53,2
167463,50,5,45,2
167464,60,6,54,2
167465,51,3,48,2
167466,53,8,45,2
167467,57,8,49,2
167468,57,7,50,2
167469,51,7,44,2
167470,64,8,56,2
167471,51,6,45,2
167472,56,8,48,2
167473,43,3,40,2
167474,61,10,51,2
167475,48,9,39,2
167476,56,3,53,2
167477,57,8,49,2
167478,42,6,36,2
167479,58,7,51,2
167480,60,7,53,2
167481,55,5,50,2
167482,70,14,56,2
167483,48,4,44,2
167484,49,7,42,2
167485,52,8,44,2
167486,70,6,64,2
167487,59,5,54,2
167488,43,5,38,2
167489,49,3,46,2
167490,56,4,52,2
167491,54,4,50,2
167492,61,7,54,2
167493,51,12,39,2
167494,52,6,46,2
167495,42,5,37,2
167496,55,8,47,2
167497,55,7,48,2
167498,65,6,59,2
167499,50,6,44,2
167500,44,6,38,2
167501,52,8,44,2
167502,41,7,34,2
167503,46,2,44,2
167504,53,12,41,2
167505,47,6,41,2
167506,54,8,46,2
167507,62,8,54,2
167508,51,2,49,2
167509,63,7,56,2
167510,49,5,44,2
167511,47,5,42,2
167512,50,5,45,2
167513,59,13,46,2
167514,47,6,41,2
167515,52,8,44,2
167516,45,10,35,2
167517,66,6,60,2
167518,48,8,40,2
167519,48,6,42,2
167520,55,6,49,2
167521,50,7,43,2
167522,60,8,52,2
167523,58,4,54,2
167524,47,4,43,2
167525,51,4,47,2
167526,56,7,49,2
167527,60,7,53,2
167528,48,7,41,2
167529,56,7,49,2
167530,51,6,45,2
167531,60,7,53,2
167532,52,9,43,2
167533,48,8,40,2
167534,65,11,54,2
167535,69,8,61,2
167536,55,3,52,2
167537,43,7,36,2
167538,55,10,45,2
167539,53,5,48,2
167540,64,9,55,2
167541,60,7,53,2
167542,69,5,64,2
167543,53,7,46,2
167544,61,7,54,2
167545,61,6,55,2
167546,65,8,57,2
167547,62,11,51,2
167548,64,7,57,2
167549,53,8,45,2
167550,66,6,60,2
167551,47,6,41,2
167552,68,7,61,2
167553,64,9,55,2
167554,55,4,51,2
167555,57,8,49,2
167556,53,3,50,2
167557,60,4,56,2
167558,41,4,37,2
167559,51,4,47,2
167560,57,4,53,2
167561,62,7,55,2
167562,47,10,37,2
167563,56,5,51,2
167564,43,5,38,2
167565,45,6,39,2
167566,60,4,56,2
167567,50,5,45,2
167568,59,9,50,2
167569,52,8,44,2
167570,55,9,46,2
167571,61,10,51,2
167572,52,6,46,2
167573,70,10,60,2
167574,48,3,45,2
167575,46,4,42,2
167576,62,5,57,2
167577,66,3,63,2
167578,57,4,53,2
167579,40,2,38,2
167580,55,8,47,2
167581,59,3,56,2
167582,54,7,47,2
167583,60,10,50,2
167584,58,2,56,2
167585,62,5,57,2
167586,69,10,59,2
167587,61,7,54,2
167588,62,12,50,2
167589,46,10,36,2
167590,61,11,50,2
167591,54,7,47,2
167592,57,4,53,2
167593,52,3,49,2
167594,66,13,53,2
167595,54,6,48,2
167596,48,7,41,2
167597,63,6,57,2
167598,37,4,33,2
167599,56,8,48,2
167600,50,7,43,2
167601,50,9,41,2
167602,46,6,40,2
167603,55,4,51,2
167604,67,7,60,2
167605,44,8,36,2
167606,48,2,46,2
167607,49,6,43,2
167608,49,7,42,2
167609,73,9,64,2
167610,66,9,57,2
167611,52,6,46,2
167612,50,7,43,2
167613,57,4,53,2
167614,62,13,49,2
167615,57,2,55,2
167616,61,9,52,2
167617,44,5,39,2
167618,68,13,55,2
167619,65,9,56,2
167620,54,9,45,2
167621,64,5,59,2
167622,48,5,43,2
167623,51,3,48,2
167624,50,9,41,2
167625,47,5,42,2
167626,60,6,54,2
167627,48,8,40,2
167628,62,10,52,2
167629,51,4,47,2
167630,49,4,45,2
167631,43,6,37,2
167632,57,7,50,2
167633,52,5,47,2
167634,61,7,54,2
167635,46,8,38,2
167636,58,4,54,2
167637,72,8,64,2
167638,50,5,45,2
167639,44,7,37,2
167640,57,9,48,2
167641,53,5,48,2
167642,56,7,49,2
167643,67,6,61,2
167644,31,6,25,2
167645,53,8,45,2
167646,54,7,47,2
167647,52,5,47,2
167648,53,6,47,2
167649,49,6,43,2
167650,68,9,59,2
167651,46,7,39,2
167652,49,6,43,2
167653,68,10,58,2
167654,55,8,47,2
167655,56,7,49,2
167656,76,11,65,2
167657,44,8,36,2
167658,51,5,46,2
167659,58,6,52,2
167660,47,5,42,2
167661,60,9,51,2
167662,54,9,45,2
167663,59,5,54,2
167664,64,8,56,2
167665,54,9,45,2
167666,59,11,48,2
167667,64,6,58,2
167668,51,4,47,2
167669,68,6,62,2
167670,50,11,39,2
167671,49,5,44,2
167672,43,2,41,2
167673,52,4,48,2
167674,50,6,44,2
167675,53,5,48,2
167676,60,10,50,2
167677,45,2,43,2
167678,53,7,46,2
167679,64,13,51,2
167680,48,8,40,2
167681,50,3,47,2
167682,50,4,46,2
167683,56,6,50,2
167684,51,5,46,2
167685,60,7,53,2
167686,63,11,52,2
167687,45,6,39,2
167688,40,2,38,2
167689,62,9,53,2
167690,41,0,41,1
167691,66,7,59,2
167692,52,7,45,2
167693,55,4,51,2
167694,59,12,47,2
167695,56,6,50,2
167696,44,8,36,2
167697,49,12,37,2
167698,43,6,37,2
167699,50,6,44,2
167700,54,6,48,2
167701,48,8,40,2
167702,59,13,46,2
167703,60,6,54,2
167704,61,6,55,2
167705,65,7,58,2
167706,45,4,41,2
167707,47,8,39,2
167708,66,13,53,2
167709,60,7,53,2
167710,38,6,32,2
167711,68,12,56,2
167712,50,2,48,2
167713,62,9,53,2
167714,61,10,51,2
167715,54,8,46,2
167716,63,4,59,2
167717,47,8,39,2
167718,62,12,50,2
167719,67,12,55,2
167720,59,7,52,2
167721,45,5,40,2
167722,48,7,41,2
167723,66,4,62,2
167724,58,6,52,2
167725,41,8,33,2
167726,53,8,45,2
167727,64,4,60,2
167728,70,9,61,2
167729,50,6,44,2
167730,58,9,49,2
167731,45,3,42,2
167732,61,9,52,2
167733,75,9,66,2
167734,46,4,42,2
167735,58,6,52,2
167736,49,4,45,2
167737,46,8,38,2
167738,59,10,49,2
167739,53,3,50,2
167740,53,2,51,2
167741,54,3,51,2
167742,49,5,44,2
167743,61,11,50,2
167744,65,5,60,2
167745,48,5,43,2
167746,57,8,49,2
167747,50,6,44,2
167748,49,4,45,2
167749,56,5,51,2
167750,55,4,51,2
167751,54,9,45,2
167752,65,5,60,2
167753,51,11,40,2
167754,47,7,40,2
167755,38,4,34,2
167756,46,5,41,2
167757,62,5,57,2
167758,65,7,58,2
167759,52,6,46,2
167760,47,1,46,2
167761,53,8,45,2
167762,63,9,54,2
167763,59,7,52,2
167764,48,2,46,2
167765,45,4,41,2
167766,57,6,51,2
167767,57,7,50,2
167768,58,7,51,2
167769,61,10,51,2
167770,40,6,34,2
167771,47,8,39,2
167772,60,8,52,2
167773,53,6,47,2
167774,52,8,44,2
167775,57,6,51,2
167776,48,8,40,2
167777,58,7,51,2
167778,56,6,50,2
167779,62,8,54,2
167780,53,13,40,2
167781,52,5,47,2
167782,56,6,50,2
167783,47,8,39,2
167784,74,8,66,2
167785,60,11,49,2
167786,63,5,58,2
167787,58,5,53,2
167788,72,9,63,2
167789,57,3,54,2
167790,57,4,53,2
167791,43,5,38,2
167792,64,6,58,2
167793,70,3,67,2
167794,67,10,57,2
167795,65,8,57,2
167796,62,7,55,2
167797,50,2,48,2
167798,68,7,61,2
167799,60,5,55,2
167800,52,4,48,2
167801,60,7,53,2
167802,70,7,63,2
167803,44,3,41,2
167804,62,8,54,2
167805,49,5,44,2
167806,53,9,44,2
167807,65,8,57,2
167808,51,4,47,2
167809,58,8,50,2
167810,49,3,46,2
167811,56,4,52,2
167812,41,4,37,2
167813,48,6,42,2
167814,48,7,41,2
167815,57,11,46,2
167816,48,7,41,2
167817,58,4,54,2
167818,40,5,35,2
167819,44,8,36,2
167820,49,5,44,2
167821,55,8,47,2
167822,54,4,50,2
167823,44,5,39,2
167824,58,4,54,2
167825,50,4,46,2
167826,67,5,62,2
167827,42,3,39,2
167828,60,7,53,2
167829,53,3,50,2
167830,55,5,50,2
167831,46,7,39,2
167832,41,2,39,2
167833,63,10,53,2
167834,50,8,42,2
167835,60,6,54,2
167836,48,6,42,2
167837,45,5,40,2
167838,41,9,32,2
167839,46,5,41,2
167840,57,7,50,2
167841,39,6,33,2
167842,56,7,49,2
167843,57,8,49,2
167844,53,9,44,2
167845,66,12,54,2
167846,58,11,47,2
167847,68,9,59,2
167848,48,10,38,2
167849,59,5,54,2
167850,59,11,48,2
167851,47,6,41,2
167852,60,10,50,2
167853,57,9,48,2
167854,45,6,39,2
167855,56,6,50,2
167856,53,9,44,2
167857,47,6,41,2
167858,49,7,42,2
167859,56,8,48,2
167860,46,8,38,2
167861,44,7,37,2
167862,47,5,42,2
167863,54,7,47,2
167864,70,8,62,2
167865,57,7,50,2
167866,58,6,52,2
167867,51,4,47,2
167868,59,10,49,2
167869,67,11,56,2
167870,54,8,46,2
167871,59,7,52,2
167872,60,9,51,2
167873,41,5,36,2
167874,66,5,61,2
167875,55,9,46,2
167876,47,10,37,2
167877,50,7,43,2
167878,62,6,56,2
167879,60,9,51,2
167880,47,4,43,2
167881,39,4,35,2
167882,59,10,49,2
167883,52,7,45,2
167884,49,7,42,2
167885,47,9,38,2
167886,76,7,69,2
167887,50,7,43,2
167888,49,9,40,2
167889,61,4,57,2
167890,44,3,41,2
167891,55,5,50,2
167892,54,5,49,2
167893,44,4,40,2
167894,53,4,49,2
167895,56,5,51,2
167896,58,5,53,2
167897,62,9,53,2
167898,59,11,48,2
167899,64,6,58,2
167900,50,7,43,2
167901,66,9,57,2
167902,77,8,69,2
167903,65,7,58,2
167904,63,10,53,2
167905,54,3,51,2
167906,55,9,46,2
167907,46,7,39,2
167908,56,7,49,2
167909,44,5,39,2
167910,55,5,50,2
167911,58,7,51,2
167912,54,8,46,2
167913,56,8,48,2
167914,58,14,44,2
167915,46,4,42,2
167916,65,4,61,2
167917,56,5,51,2
167918,54,8,46,2
167919,51,7,44,2
167920,58,8,50,2
167921,72,7,65,2
167922,57,12,45,2
167923,60,7,53,2
167924,63,13,50,2
167925,44,7,37,2
167926,46,8,38,2
167927,48,5,43,2
167928,66,7,59,2
167929,54,7,47,2
167930,43,3,40,2
167931,61,6,55,2
167932,57,4,53,2
167933,66,3,63,2
167934,48,6,42,2
167935,49,5,44,2
167936,52,6,46,2
167937,52,5,47,2
167938,65,7,58,2
167939,46,7,39,2
167940,49,5,44,2
167941,48,2,46,2
167942,42,3,39,2
167943,48,4,44,2
167944,54,4,50,2
167945,72,5,67,2
167946,48,8,40,2
167947,57,7,50,2
167948,57,9,48,2
167949,54,6,48,2
167950,55,6,49,2
167951,62,7,55,2
167952,58,6,52,2
167953,63,6,57,2
167954,64,6,58,2
167955,52,8,44,2
167956,60,6,54,2
167957,64,10,54,2
167958,49,9,40,2
167959,48,6,42,2
167960,62,3,59,2
167961,68,9,59,2
167962,62,8,54,2
167963,49,3,46,2
167964,62,8,54,2
167965,56,4,52,2
167966,58,7,51,2
167967,51,7,44,2
167968,54,6,48,2
167969,51,10,41,2
167970,56,6,50,2
167971,52,8,44,2
167972,51,4,47,2
167973,41,6,35,2
167974,54,9,45,2
167975,52,3,49,2
167976,52,9,43,2
167977,71,7,64,2
167978,51,5,46,2
167979,51,5,46,2
167980,58,10,48,2
167981,60,8,52,2
167982,57,7,50,2
167983,57,5,52,2
167984,57,6,51,2
167985,52,11,41,2
167986,62,2,60,2
167987,63,5,58,2
167988,56,3,53,2
167989,50,11,39,2
167990,47,8,39,2
167991,51,5,46,2
167992,49,9,40,2
167993,35,6,29,2
167994,52,7,45,2
167995,58,5,53,2
167996,45,8,37,2
167997,47,10,37,2
167998,50,5,45,2
167999,54,12,42,2
168000,49,5,44,2
168001,46,6,40,2
168002,60,12,48,2
168003,61,5,56,2
168004,54,11,43,2
168005,50,8,42,2
168006,58,8,50,2
168007,59,12,47,2
168008,50,4,46,2
168009,57,5,52,2
168010,57,8,49,2
168011,48,5,43,2
168012,65,6,59,2
168013,75,10,65,2
168014,54,7,47,2
168015,52,3,49,2
168016,56,8,48,2
168017,50,5,45,2
168018,44,2,42,2
168019,79,8,71,2
168020,55,10,45,2
168021,58,5,53,2
168022,59,11,48,2
168023,53,7,46,2
168024,56,6,50,2
168025,66,2,64,2
168026,39,4,35,2
168027,49,3,46,2
168028,48,4,44,2
168029,39,5,34,2
168030,56,11,45,2
168031,54,8,46,2
168032,58,9,49,2
168033,46,2,44,2
168034,54,7,47,2
168035,51,11,40,2
168036,67,10,57,2
168037,46,7,39,2
168038,48,4,44,2
168039,57,7,50,2
168040,63,8,55,2
168041,67,7,60,2
168042,59,5,54,2
168043,59,6,53,2
168044,57,4,53,2
168045,63,8,55,2
168046,49,7,42,2
168047,47,7,40,2
168048,52,4,48,2
168049,59,12,47,2
168050,56,7,49,2
168051,54,6,48,2
168052,69,5,64,2
168053,52,7,45,2
168054,55,5,50,2
168055,59,7,52,2
168056,49,8,41,2
168057,42,9,33,2
168058,52,10,42,2
168059,45,2,43,2
168060,52,4,48,2
168061,57,7,50,2
168062,38,4,34,2
168063,55,7,48,2
168064,61,8,53,2
168065,53,12,41,2
168066,58,1,57,2
168067,49,6,43,2
168068,56,5,51,2
168069,52,4,48,2
168070,56,4,52,2
168071,61,8,53,2
168072,63,11,52,2
168073,60,8,52,2
168074,60,5,55,2
168075,55,5,50,2
168076,51,7,44,2
168077,55,6,49,2
168078,60,8,52,2
168079,40,5,35,2
168080,61,5,56,2
168081,72,12,60,2
168082,66,6,60,2
168083,52,5,47,2
168084,62,12,50,2
168085,68,8,60,2
168086,65,6,59,2
168087,46,4,42,2
168088,69,13,56,2
168089,57,4,53,2
168090,51,5,46,2
168091,51,9,42,2
168092,59,12,47,2
168093,62,7,55,2
168094,61,8,53,2
168095,68,7,61,2
168096,55,6,49,2
168097,62,12,50,2
168098,50,11,39,2
168099,57,8,49,2
168100,60,10,50,2
168101,64,8,56,2
168102,46,5,41,2
168103,56,11,45,2
168104,57,2,55,2
168105,70,8,62,2
168106,53,3,50,2
168107,46,2,44,2
168108,58,8,50,2
168109,52,7,45,2
168110,44,7,37,2
168111,55,4,51,2
168112,72,9,63,2
168113,53,9,44,2
168114,65,8,57,2
168115,63,7,56,2
168116,58,13,45,2
168117,61,4,57,2
168118,54,9,45,2
168119,61,4,57,2
168120,54,7,47,2
168121,57,6,51,2
168122,52,3,49,2
168123,67,7,60,2
168124,51,4,47,2
168125,53,4,49,2
168126,53,9,44,2
168127,51,8,43,2
168128,49,5,44,2
168129,60,5,55,2
168130,60,9,51,2
168131,52,5,47,2
168132,69,9,60,2
168133,57,7,50,2
168134,57,10,47,2
168135,58,4,54,2
168136,58,4,54,2
168137,53,8,45,2
168138,48,3,45,2
168139,51,7,44,2
168140,43,3,40,2
168141,56,6,50,2
168142,52,5,47,2
168143,66,8,58,2
168144,64,3,61,2
168145,52,6,46,2
168146,63,7,56,2
168147,41,5,36,2
168148,62,10,52,2
168149,53,3,50,2
168150,75,13,62,2
168151,46,8,38,2
168152,58,8,50,2
168153,49,7,42,2
168154,64,10,54,2
168155,58,7,51,2
168156,54,10,44,2
168157,61,4,57,2
168158,58,2,56,2
168159,50,9,41,2
168160,47,3,44,2
168161,71,11,60,2
168162,56,10,46,2
168163,49,7,42,2
168164,47,6,41,2
168165,61,6,55,2
168166,59,8,51,2
168167,60,8,52,2
168168,41,4,37,2
168169,65,6,59,2
168170,54,8,46,2
168171,45,7,38,2
168172,49,2,47,2
168173,39,5,34,2
168174,61,7,54,2
168175,54,6,48,2
168176,46,6,40,2
168177,53,9,44,2
168178,54,11,43,2
168179,45,5,40,2
168180,47,6,41,2
168181,58,9,49,2
168182,63,8,55,2
168183,65,8,57,2
168184,58,8,50,2
168185,62,6,56,2
168186,40,2,38,2
168187,56,12,44,2
168188,54,5,49,2
168189,56,7,49,2
168190,47,5,42,2
168191,42,7,35,2
168192,45,6,39,2
168193,49,4,45,2
168194,59,5,54,2
168195,59,13,46,2
168196,51,9,42,2
168197,67,8,59,2
168198,45,8,37,2
168199,55,8,47,2
168200,42,8,34,2
168201,65,8,57,2
168202,58,11,47,2
168203,69,7,62,2
168204,46,7,39,2
168205,50,7,43,2
168206,57,7,50,2
168207,60,9,51,2
168208,57,6,51,2
168209,58,5,53,2
168210,61,6,55,2
168211,63,6,57,2
168212,54,7,47,2
168213,45,4,41,2
168214,61,12,49,2
168215,60,10,50,2
168216,64,5,59,2
168217,60,6,54,2
168218,47,5,42,2
168219,57,7,50,2
168220,46,6,40,2
168221,50,2,48,2
168222,63,9,54,2
168223,60,4,56,2
168224,48,6,42,2
168225,51,7,44,2
168226,56,5,51,2
168227,50,6,44,2
168228,51,10,41,2
168229,56,1,55,2
168230,61,6,55,2
168231,46,3,43,2
168232,66,5,61,2
168233,43,7,36,2
168234,55,3,52,2
168235,64,12,52,2
168236,63,7,56,2
168237,52,10,42,2
168238,66,8,58,2
168239,52,5,47,2
168240,52,7,45,2
168241,52,5,47,2
168242,43,4,39,2
168243,65,4,61,2
168244,58,7,51,2
168245,53,2,51,2
168246,52,7,45,2
168247,49,4,45,2
168248,45,5,40,2
168249,44,4,40,2
168250,77,11,66,2
168251,57,6,51,2
168252,39,6,33,2
168253,53,2,51,2
168254,51,3,48,2
168255,49,10,39,2
168256,63,7,56,2
168257,55,9,46,2
168258,53,6,47,2
168259,50,10,40,2
168260,51,8,43,2
168261,60,9,51,2
168262,52,6,46,2
168263,66,9,57,2
168264,63,8,55,2
168265,51,4,47,2
168266,55,5,50,2
168267,58,11,47,2
168268,61,10,51,2
168269,59,7,52,2
168270,58,8,50,2
168271,60,10,50,2
168272,65,9,56,2
168273,53,8,45,2
168274,53,7,46,2
168275,51,6,45,2
168276,51,4,47,2
168277,67,8,59,2
168278,50,6,44,2
168279,49,3,46,2
168280,54,4,50,2
168281,47,8,39,2
168282,43,1,42,2
168283,54,3,51,2
168284,50,10,40,2
168285,50,4,46,2
168286,65,9,56,2
168287,63,7,56,2
168288,40,5,35,2
168289,48,7,41,2
168290,51,3,48,2
168291,53,4,49,2
168292,44,5,39,2
168293,62,8,54,2
168294,44,5,39,2
168295,47,3,44,2
168296,61,6,55,2
168297,53,4,49,2
168298,50,6,44,2
168299,53,4,49,2
168300,56,9,47,2
168301,48,6,42,2
168302,55,8,47,2
168303,52,8,44,2
168304,48,6,42,2
168305,49,7,42,2
168306,42,2,40,2
168307,71,8,63,2
168308,60,5,55,2
168309,49,7,42,2
168310,49,4,45,2
168311,49,6,43,2
168312,47,6,41,2
168313,51,8,43,2
168314,57,5,52,2
168315,57,4,53,2
168316,48,3,45,2
168317,64,9,55,2
168318,59,8,51,2
168319,53,5,48,2
168320,46,5,41,2
168321,70,7,63,2
168322,59,7,52,2
168323,49,3,46,2
168324,55,4,51,2
168325,50,7,43,2
168326,52,8,44,2
168327,56,9,47,2
168328,71,10,61,2
168329,71,9,62,2
168330,52,7,45,2
168331,73,5,68,2
168332,52,7,45,2
168333,62,7,55,2
168334,51,8,43,2
168335,54,6,48,2
168336,58,7,51,2
168337,52,7,45,2
168338,52,2,50,2
168339,57,6,51,2
168340,55,8,47,2
168341,58,7,51,2
168342,54,8,46,2
168343,46,2,44,2
168344,65,9,56,2
168345,57,4,53,2
168346,53,5,48,2
168347,47,5,42,2
168348,65,1,64,2
168349,49,4,45,2
168350,63,8,55,2
168351,47,5,42,2
168352,66,9,57,2
168353,51,6,45,2
168354,50,5,45,2
168355,47,5,42,2
168356,68,7,61,2
168357,46,4,42,2
168358,62,10,52,2
168359,53,11,42,2
168360,45,10,35,2
168361,62,9,53,2
168362,45,10,35,2
168363,55,2,53,2
168364,58,6,52,2
168365,55,5,50,2
168366,51,5,46,2
168367,73,11,62,2
168368,40,4,36,2
168369,45,5,40,2
168370,52,6,46,2
168371,66,4,62,2
168372,57,4,53,2
168373,59,5,54,2
168374,53,6,47,2
168375,53,7,46,2
168376,52,6,46,2
168377,43,6,37,2
168378,56,5,51,2
168379,58,9,49,2
168380,63,11,52,2
168381,52,9,43,2
168382,68,9,59,2
168383,41,4,37,2
168384,52,8,44,2
168385,61,7,54,2
168386,53,8,45,2
168387,46,5,41,2
168388,52,6,46,2
168389,50,10,40,2
168390,63,4,59,2
168391,63,10,53,2
168392,55,8,47,2
168393,40,3,37,2
168394,59,5,54,2
168395,45,9,36,2
168396,51,5,46,2
168397,54,6,48,2
168398,54,5,49,2
168399,57,7,50,2
168400,54,8,46,2
168401,56,7,49,2
168402,49,4,45,2
168403,60,5,55,2
168404,45,4,41,2
168405,53,4,49,2
168406,56,3,53,2
168407,65,4,61,2
168408,64,8,56,2
168409,54,5,49,2
168410,54,6,48,2
168411,63,10,53,2
168412,51,5,46,2
168413,59,6,53,2
168414,63,10,53,2
168415,51,5,46,2
168416,64,8,56,2
168417,53,9,44,2
168418,42,2,40,2
168419,53,7,46,2
168420,54,5,49,2
168421,51,4,47,2
168422,54,9,45,2
168423,41,3,38,2
168424,49,4,45,2
168425,51,6,45,2
168426,50,1,49,2
168427,50,5,45,2
168428,65,9,56,2
168429,50,8,42,2
168430,61,10,51,2
168431,47,6,41,2
168432,50,8,42,2
168433,63,5,58,2
168434,56,7,49,2
168435,67,9,58,2
168436,47,6,41,2
168437,58,8,50,2
168438,55,7,48,2
168439,55,9,46,2
168440,51,5,46,2
168441,43,3,40,2
168442,61,7,54,2
168443,50,8,42,2
168444,70,11,59,2
168445,45,11,34,2
168446,54,9,45,2
168447,56,5,51,2
168448,56,5,51,2
168449,58,9,49,2
168450,53,8,45,2
168451,49,8,41,2
168452,50,8,42,2
168453,49,7,42,2
168454,58,10,48,2
168455,55,11,44,2
168456,46,4,42,2
168457,61,8,53,2
168458,59,7,52,2
168459,45,12,33,2
168460,52,6,46,2
168461,47,1,46,2
168462,53,7,46,2
168463,52,8,44,2
168464,44,9,35,2
168465,45,5,40,2
168466,53,9,44,2
168467,46,5,41,2
168468,58,9,49,2
168469,60,8,52,2
168470,68,12,56,2
168471,46,5,41,2
168472,59,5,54,2
168473,57,4,53,2
168474,65,8,57,2
168475,45,6,39,2
168476,54,13,41,2
168477,56,6,50,2
168478,54,10,44,2
168479,59,6,53,2
168480,53,6,47,2
168481,46,4,42,2
168482,62,7,55,2
168483,39,2,37,2
168484,64,7,57,2
168485,63,8,55,2
168486,49,8,41,2
168487,53,7,46,2
168488,54,6,48,2
168489,61,7,54,2
168490,60,4,56,2
168491,65,8,57,2
168492,55,9,46,2
168493,60,2,58,2
168494,74,7,67,2
168495,47,10,37,2
168496,55,11,44,2
168497,60,10,50,2
168498,50,5,45,2
168499,57,8,49,2
168500,47,4,43,2
168501,57,6,51,2
168502,67,7,60,2
168503,59,8,51,2
168504,54,4,50,2
168505,59,6,53,2
168506,42,9,33,2
168507,50,5,45,2
168508,55,6,49,2
168509,62,7,55,2
168510,65,5,60,2
168511,46,4,42,2
168512,50,12,38,2
168513,43,7,36,2
168514,52,7,45,2
168515,57,6,51,2
168516,47,4,43,2
168517,63,6,57,2
168518,56,8,48,2
168519,64,7,57,2
168520,58,2,56,2
168521,61,8,53,2
168522,62,8,54,2
168523,61,5,56,2
168524,46,4,42,2
168525,54,6,48,2
168526,64,9,55,2
168527,50,8,42,2
168528,50,5,45,2
168529,61,8,53,2
168530,62,6,56,2
168531,44,6,38,2
168532,48,4,44,2
168533,48,5,43,2
168534,45,1,44,2
168535,62,4,58,2
168536,62,7,55,2
168537,56,4,52,2
168538,35,4,31,2
168539,61,7,54,2
168540,56,5,51,2
168541,56,8,48,2
168542,51,5,46,2
168543,53,6,47,2
168544,66,6,60,2
168545,46,3,43,2
168546,54,8,46,2
168547,43,6,37,2
168548,57,6,51,2
168549,55,9,46,2
168550,64,4,60,2
168551,67,10,57,2
168552,63,3,60,2
168553,57,5,52,2
168554,69,7,62,2
168555,63,9,54,2
168556,69,5,64,2
168557,47,6,41,2
168558,69,6,63,2
168559,57,7,50,2
168560,49,7,42,2
168561,56,4,52,2
168562,55,3,52,2
168563,55,5,50,2
168564,64,7,57,2
168565,49,7,42,2
168566,52,8,44,2
168567,66,5,61,2
168568,40,6,34,2
168569,37,2,35,2
168570,53,7,46,2
168571,42,2,40,2
168572,51,4,47,2
168573,47,5,42,2
168574,55,8,47,2
168575,48,3,45,2
168576,40,4,36,2
168577,40,6,34,2
168578,62,6,56,2
168579,60,7,53,2
168580,43,4,39,2
168581,61,10,51,2
168582,62,13,49,2
168583,45,5,40,2
168584,50,7,43,2
168585,68,9,59,2
168586,59,7,52,2
168587,55,2,53,2
168588,58,6,52,2
168589,49,6,43,2
168590,48,7,41,2
168591,45,6,39,2
168592,43,8,35,2
168593,53,7,46,2
168594,46,7,39,2
168595,71,7,64,2
168596,46,5,41,2
168597,48,7,41,2
168598,48,6,42,2
168599,57,4,53,2
168600,64,6,58,2
168601,67,10,57,2
168602,44,5,39,2
168603,46,8,38,2
168604,60,10,50,2
168605,53,8,45,2
168606,53,6,47,2
168607,51,3,48,2
168608,45,3,42,2
168609,53,7,46,2
168610,44,5,39,2
168611,49,2,47,2
168612,38,2,36,2
168613,54,5,49,2
168614,44,7,37,2
168615,50,3,47,2
168616,60,5,55,2
168617,47,12,35,2
168618,59,7,52,2
168619,54,6,48,2
168620,61,9,52,2
168621,55,9,46,2
168622,57,11,46,2
168623,69,8,61,2
168624,42,9,33,2
168625,56,7,49,2
168626,61,6,55,2
168627,58,6,52,2
168628,57,3,54,2
168629,65,5,60,2
168630,57,5,52,2
168631,58,7,51,2
168632,56,5,51,2
168633,44,5,39,2
168634,43,5,38,2
168635,54,10,44,2
168636,39,4,35,2
168637,52,8,44,2
168638,59,9,50,2
168639,70,11,59,2
168640,41,1,40,2
168641,54,7,47,2
168642,56,11,45,2
168643,62,6,56,2
168644,53,4,49,2
168645,51,8,43,2
168646,54,9,45,2
168647,52,2,50,2
168648,56,5,51,2
168649,50,5,45,2
168650,48,6,42,2
168651,48,3,45,2
168652,60,4,56,2
168653,42,7,35,2
168654,54,8,46,2
168655,61,7,54,2
168656,41,3,38,2
168657,45,9,36,2
168658,56,8,48,2
168659,51,3,48,2
168660,45,3,42,2
168661,51,6,45,2
168662,51,4,47,2
168663,52,3,49,2
168664,64,7,57,2
168665,55,6,49,2
168666,42,5,37,2
168667,52,4,48,2
168668,56,6,50,2
168669,65,8,57,2
168670,47,12,35,2
168671,62,4,58,2
168672,73,9,64,2
168673,54,6,48,2
168674,60,8,52,2
168675,52,13,39,2
168676,73,8,65,2
168677,64,10,54,2
168678,55,5,50,2
168679,38,2,36,2
168680,41,7,34,2
168681,43,5,38,2
168682,44,5,39,2
168683,53,6,47,2
168684,61,7,54,2
168685,48,2,46,2
168686,53,11,42,2
168687,60,7,53,2
168688,57,4,53,2
168689,46,10,36,2
168690,51,6,45,2
168691,61,8,53,2
168692,45,2,43,2
168693,59,7,52,2
168694,67,10,57,2
168695,56,4,52,2
168696,44,7,37,2
168697,71,8,63,2
168698,48,4,44,2
168699,57,7,50,2
168700,58,4,54,2
168701,47,5,42,2
168702,50,6,44,2
168703,44,6,38,2
168704,55,8,47,2
168705,54,4,50,2
168706,52,11,41,2
168707,51,7,44,2
168708,38,3,35,2
168709,34,2,32,2
168710,57,4,53,2
168711,48,3,45,2
168712,46,4,42,2
168713,54,8,46,2
168714,69,10,59,2
168715,46,3,43,2
168716,39,4,35,2
168717,51,9,42,2
168718,47,4,43,2
168719,50,8,42,2
168720,49,6,43,2
168721,60,6,54,2
168722,57,6,51,2
168723,62,10,52,2
168724,55,7,48,2
168725,43,6,37,2
168726,58,10,48,2
168727,60,10,50,2
168728,51,6,45,2
168729,40,5,35,2
168730,61,5,56,2
168731,44,4,40,2
168732,59,2,57,2
168733,56,5,51,2
168734,61,6,55,2
168735,65,6,59,2
168736,50,10,40,2
168737,49,6,43,2
168738,45,3,42,2
168739,58,9,49,2
168740,52,4,48,2
168741,61,3,58,2
168742,55,5,50,2
168743,70,12,58,2
168744,52,6,46,2
168745,68,6,62,2
168746,48,3,45,2
168747,51,5,46,2
168748,51,8,43,2
168749,56,4,52,2
168750,51,8,43,2
168751,53,6,47,2
168752,64,4,60,2
168753,39,6,33,2
168754,51,7,44,2
168755,41,5,36,2
168756,53,3,50,2
168757,52,3,49,2
168758,53,6,47,2
168759,61,10,51,2
168760,42,5,37,2
168761,54,2,52,2
168762,43,5,38,2
168763,58,9,49,2
168764,50,7,43,2
168765,35,2,33,2
168766,51,8,43,2
168767,50,6,44,2
168768,52,2,50,2
168769,60,6,54,2
168770,45,7,38,2
168771,57,8,49,2
168772,52,7,45,2
168773,49,4,45,2
168774,43,7,36,2
168775,56,3,53,2
168776,60,13,47,2
168777,53,7,46,2
168778,56,9,47,2
168779,62,11,51,2
168780,56,2,54,2
168781,53,8,45,2
168782,66,8,58,2
168783,61,13,48,2
168784,41,7,34,2
168785,47,3,44,2
168786,56,6,50,2
168787,49,3,46,2
168788,50,4,46,2
168789,70,8,62,2
168790,59,7,52,2
168791,64,6,58,2
168792,57,8,49,2
168793,57,6,51,2
168794,43,2,41,2
168795,53,6,47,2
168796,53,2,51,2
168797,55,4,51,2
168798,43,4,39,2
168799,53,5,48,2
168800,50,5,45,2
168801,48,9,39,2
168802,62,6,56,2
168803,61,7,54,2
168804,50,13,37,2
168805,49,4,45,2
168806,56,7,49,2
168807,55,7,48,2
168808,69,8,61,2
168809,61,8,53,2
168810,62,4,58,2
168811,50,10,40,2
168812,60,5,55,2
168813,52,4,48,2
168814,58,5,53,2
168815,51,11,40,2
168816,49,8,41,2
168817,64,10,54,2
168818,57,7,50,2
168819,53,6,47,2
168820,56,5,51,2
168821,40,5,35,2
168822,63,8,55,2
168823,60,8,52,2
168824,46,3,43,2
168825,53,5,48,2
168826,48,4,44,2
168827,51,7,44,2
168828,63,12,51,2
168829,47,7,40,2
168830,53,11,42,2
168831,48,5,43,2
168832,62,2,60,2
168833,59,6,53,2
168834,59,5,54,2
168835,45,4,41,2
168836,56,8,48,2
168837,56,7,49,2
168838,55,7,48,2
168839,44,4,40,2
168840,48,6,42,2
168841,52,7,45,2
168842,50,8,42,2
168843,52,4,48,2
168844,56,5,51,2
168845,60,8,52,2
168846,47,4,43,2
168847,55,6,49,2
168848,46,2,44,2
168849,55,3,52,2
168850,45,5,40,2
168851,56,10,46,2
168852,46,5,41,2
168853,60,11,49,2
168854,43,6,37,2
168855,53,6,47,2
168856,55,6,49,2
168857,60,9,51,2
168858,65,4,61,2
168859,51,4,47,2
168860,61,5,56,2
168861,64,8,56,2
168862,48,5,43,2
168863,58,9,49,2
168864,51,4,47,2
168865,45,8,37,2
168866,44,6,38,2
168867,48,11,37,2
168868,42,4,38,2
168869,49,9,40,2
168870,65,7,58,2
168871,70,9,61,2
168872,46,4,42,2
168873,52,5,47,2
168874,55,6,49,2
168875,58,6,52,2
168876,55,4,51,2
168877,54,4,50,2
168878,59,6,53,2
168879,58,7,51,2
168880,51,5,46,2
168881,56,7,49,2
168882,41,7,34,2
168883,55,7,48,2
168884,48,8,40,2
168885,52,6,46,2
168886,57,3,54,2
168887,40,5,35,2
168888,65,11,54,2
168889,45,5,40,2
168890,51,3,48,2
168891,52,7,45,2
168892,50,4,46,2
168893,45,2,43,2
168894,54,2,52,2
168895,46,3,43,2
168896,64,3,61,2
168897,45,5,40,2
168898,57,7,50,2
168899,53,8,45,2
168900,54,7,47,2
168901,60,9,51,2
168902,44,8,36,2
168903,49,7,42,2
168904,55,6,49,2
168905,57,4,53,2
168906,47,1,46,2
168907,53,2,51,2
168908,52,5,47,2
168909,54,10,44,2
168910,43,1,42,2
168911,53,4,49,2
168912,52,4,48,2
168913,53,4,49,2
168914,60,8,52,2
168915,57,9,48,2
168916,72,13,59,2
168917,52,8,44,2
168918,65,9,56,2
168919,49,6,43,2
168920,51,8,43,2
168921,59,8,51,2
168922,54,8,46,2
168923,48,7,41,2
168924,55,7,48,2
168925,58,7,51,2
168926,49,3,46,2
168927,59,5,54,2
168928,48,5,43,2
168929,49,9,40,2
168930,59,5,54,2
168931,44,4,40,2
168932,58,8,50,2
168933,51,3,48,2
168934,53,9,44,2
168935,55,8,47,2
168936,57,12,45,2
168937,59,10,49,2
168938,65,8,57,2
168939,54,8,46,2
168940,51,6,45,2
168941,62,3,59,2
168942,62,5,57,2
168943,63,5,58,2
168944,53,12,41,2
168945,58,7,51,2
168946,57,7,50,2
168947,53,7,46,2
168948,51,3,48,2
168949,49,9,40,2
168950,44,4,40,2
168951,56,9,47,2
168952,49,6,43,2
168953,59,9,50,2
168954,49,5,44,2
168955,59,4,55,2
168956,44,7,37,2
168957,49,6,43,2
168958,65,8,57,2
168959,68,7,61,2
168960,67,7,60,2
168961,59,7,52,2
168962,34,5,29,2
168963,50,7,43,2
168964,44,5,39,2
168965,63,10,53,2
168966,56,7,49,2
168967,61,4,57,2
168968,49,5,44,2
168969,52,3,49,2
168970,50,4,46,2
168971,56,6,50,2
168972,63,10,53,2
168973,47,5,42,2
168974,50,3,47,2
168975,47,9,38,2
168976,47,6,41,2
168977,67,11,56,2
168978,66,8,58,2
168979,48,6,42,2
168980,57,7,50,2
168981,53,8,45,2
168982,61,13,48,2
168983,58,6,52,2
168984,64,4,60,2
168985,59,8,51,2
168986,67,12,55,2
168987,41,8,33,2
168988,54,4,50,2
168989,56,7,49,2
168990,51,9,42,2
168991,51,6,45,2
168992,50,5,45,2
168993,54,7,47,2
168994,55,7,48,2
168995,55,12,43,2
168996,51,3,48,2
168997,60,7,53,2
168998,71,6,65,2
168999,49,3,46,2
169000,56,7,49,2
169001,52,5,47,2
169002,60,9,51,2
169003,50,5,45,2
169004,59,6,53,2
169005,57,8,49,2
169006,41,3,38,2
169007,39,6,33,2
169008,55,5,50,2
169009,51,2,49,2
169010,54,6,48,2
169011,60,7,53,2
169012,53,6,47,2
169013,54,5,49,2
169014,68,14,54,2
169015,47,4,43,2
169016,59,8,51,2
169017,62,9,53,2
169018,47,8,39,2
169019,64,11,53,2
169020,54,10,44,2
169021,63,7,56,2
169022,51,8,43,2
169023,58,10,48,2
169024,47,7,40,2
169025,65,10,55,2
169026,56,5,51,2
169027,56,4,52,2
169028,48,4,44,2
169029,60,7,53,2
169030,54,8,46,2
169031,41,5,36,2
169032,53,7,46,2
169033,53,9,44,2
169034,62,9,53,2
169035,58,10,48,2
169036,63,11,52,2
169037,51,5,46,2
169038,48,6,42,2
169039,65,7,58,2
169040,57,5,52,2
169041,54,8,46,2
169042,56,10,46,2
169043,60,10,50,2
169044,58,9,49,2
169045,72,7,65,2
169046,50,1,49,2
169047,49,5,44,2
169048,58,5,53,2
169049,43,9,34,2
169050,57,8,49,2
169051,51,5,46,2
169052,61,7,54,2
169053,48,4,44,2
169054,46,3,43,2
169055,53,8,45,2
169056,59,5,54,2
169057,65,10,55,2
169058,74,3,71,2
169059,58,8,50,2
169060,57,6,51,2
169061,48,6,42,2
169062,66,10,56,2
169063,48,2,46,2
169064,60,7,53,2
169065,57,5,52,2
169066,43,5,38,2
169067,61,10,51,2
169068,48,2,46,2
169069,42,5,37,2
169070,66,7,59,2
169071,67,7,60,2
169072,54,7,47,2
169073,54,7,47,2
169074,48,4,44,2
169075,62,5,57,2
169076,62,10,52,2
169077,68,10,58,2
169078,50,4,46,2
169079,47,9,38,2
169080,60,6,54,2
169081,46,6,40,2
169082,64,8,56,2
169083,50,7,43,2
169084,55,9,46,2
169085,66,9,57,2
169086,52,4,48,2
169087,51,6,45,2
169088,38,6,32,2
169089,69,7,62,2
169090,51,7,44,2
169091,61,7,54,2
169092,51,7,44,2
169093,49,8,41,2
169094,57,4,53,2
169095,61,12,49,2
169096,55,11,44,2
169097,66,5,61,2
169098,53,4,49,2
169099,54,8,46,2
169100,59,7,52,2
169101,43,7,36,2
169102,47,4,43,2
169103,52,5,47,2
169104,62,5,57,2
169105,61,7,54,2
169106,53,6,47,2
169107,45,6,39,2
169108,58,5,53,2
169109,59,5,54,2
169110,59,6,53,2
169111,68,7,61,2
169112,48,10,38,2
169113,60,11,49,2
169114,52,6,46,2
169115,59,7,52,2
169116,54,10,44,2
169117,40,2,38,2
169118,54,6,48,2
169119,64,10,54,2
169120,56,4,52,2
169121,67,9,58,2
169122,57,6,51,2
169123,56,6,50,2
169124,57,4,53,2
169125,48,9,39,2
169126,50,9,41,2
169127,53,7,46,2
169128,50,4,46,2
169129,55,11,44,2
169130,50,4,46,2
169131,54,7,47,2
169132,49,6,43,2
169133,56,9,47,2
169134,59,4,55,2
169135,68,7,61,2
169136,61,3,58,2
169137,45,4,41,2
169138,52,8,44,2
169139,60,9,51,2
169140,49,3,46,2
169141,54,4,50,2
169142,55,8,47,2
169143,49,5,44,2
169144,55,10,45,2
169145,61,5,56,2
169146,45,4,41,2
169147,48,5,43,2
169148,58,6,52,2
169149,47,5,42,2
169150,49,5,44,2
169151,56,4,52,2
169152,61,5,56,2
169153,54,4,50,2
169154,60,13,47,2
169155,58,10,48,2
169156,56,4,52,2
169157,51,4,47,2
169158,45,4,41,2
169159,51,7,44,2
169160,44,6,38,2
169161,44,6,38,2
169162,38,3,35,2
169163,56,7,49,2
169164,65,6,59,2
169165,47,10,37,2
169166,49,6,43,2
169167,65,5,60,2
169168,53,5,48,2
169169,55,9,46,2
169170,51,4,47,2
169171,63,3,60,2
169172,66,8,58,2
169173,54,9,45,2
169174,52,9,43,2
169175,58,4,54,2
169176,67,6,61,2
169177,44,4,40,2
169178,60,4,56,2
169179,56,8,48,2
169180,53,11,42,2
169181,69,9,60,2
169182,63,7,56,2
169183,50,3,47,2
169184,49,7,42,2
169185,55,6,49,2
169186,60,10,50,2
169187,61,8,53,2
169188,56,8,48,2
169189,47,6,41,2
169190,60,12,48,2
169191,38,2,36,2
169192,55,4,51,2
169193,65,9,56,2
169194,55,7,48,2
169195,64,10,54,2
169196,52,6,46,2
169197,70,7,63,2
169198,57,10,47,2
169199,60,6,54,2
169200,56,8,48,2
169201,48,5,43,2
169202,55,5,50,2
169203,62,12,50,2
169204,51,4,47,2
169205,55,5,50,2
169206,50,5,45,2
169207,56,10,46,2
169208,53,5,48,2
169209,49,5,44,2
169210,46,7,39,2
169211,64,7,57,2
169212,59,5,54,2
169213,54,7,47,2
169214,43,6,37,2
169215,48,5,43,2
169216,51,4,47,2
169217,45,8,37,2
169218,57,8,49,2
169219,53,7,46,2
169220,41,4,37,2
169221,47,10,37,2
169222,55,7,48,2
169223,49,2,47,2
169224,44,6,38,2
169225,57,5,52,2
169226,64,6,58,2
169227,55,5,50,2
169228,57,10,47,2
169229,43,7,36,2
169230,53,3,50,2
169231,52,5,47,2
169232,63,10,53,2
169233,46,5,41,2
169234,46,4,42,2
169235,70,12,58,2
169236,44,6,38,2
169237,53,6,47,2
169238,63,4,59,2
169239,61,7,54,2
169240,55,3,52,2
169241,58,10,48,2
169242,55,5,50,2
169243,60,4,56,2
169244,51,10,41,2
169245,48,8,40,2
169246,44,7,37,2
169247,55,4,51,2
169248,69,6,63,2
169249,53,7,46,2
169250,54,5,49,2
169251,59,4,55,2
169252,55,7,48,2
169253,58,8,50,2
169254,61,8,53,2
169255,66,5,61,2
169256,57,9,48,2
169257,61,6,55,2
169258,68,13,55,2
169259,52,4,48,2
169260,47,5,42,2
169261,60,4,56,2
169262,52,7,45,2
169263,58,8,50,2
169264,50,7,43,2
169265,54,5,49,2
169266,51,9,42,2
169267,50,9,41,2
169268,48,5,43,2
169269,52,10,42,2
169270,59,11,48,2
169271,48,3,45,2
169272,50,5,45,2
169273,64,6,58,2
169274,57,7,50,2
169275,57,7,50,2
169276,57,3,54,2
169277,68,6,62,2
169278,36,6,30,2
169279,63,9,54,2
169280,58,5,53,2
169281,67,6,61,2
169282,48,6,42,2
169283,51,7,44,2
169284,52,12,40,2
169285,61,6,55,2
169286,58,6,52,2
169287,53,2,51,2
169288,59,9,50,2
169289,50,6,44,2
169290,50,6,44,2
169291,56,8,48,2
169292,54,10,44,2
169293,43,5,38,2
169294,58,5,53,2
169295,64,8,56,2
169296,62,7,55,2
169297,46,7,39,2
169298,58,8,50,2
169299,46,6,40,2
169300,53,2,51,2
169301,58,4,54,2
169302,59,6,53,2
169303,58,6,52,2
169304,44,3,41,2
169305,39,5,34,2
169306,46,3,43,2
169307,53,7,46,2
169308,55,4,51,2
169309,55,8,47,2
169310,51,9,42,2
169311,60,9,51,2
169312,67,5,62,2
169313,60,5,55,2
169314,57,10,47,2
169315,42,8,34,2
169316,55,6,49,2
169317,63,7,56,2
169318,52,4,48,2
169319,57,5,52,2
169320,61,12,49,2
169321,43,4,39,2
169322,49,6,43,2
169323,47,8,39,2
169324,47,8,39,2
169325,39,6,33,2
169326,47,4,43,2
169327,41,10,31,2
169328,57,5,52,2
169329,55,5,50,2
169330,47,6,41,2
169331,60,6,54,2
169332,53,6,47,2
169333,49,6,43,2
169334,47,4,43,2
169335,57,6,51,2
169336,55,6,49,2
169337,57,2,55,2
169338,60,7,53,2
169339,40,7,33,2
169340,53,4,49,2
169341,65,4,61,2
169342,54,7,47,2
169343,60,10,50,2
169344,57,6,51,2
169345,60,7,53,2
169346,51,4,47,2
169347,58,9,49,2
169348,59,10,49,2
169349,49,3,46,2
169350,72,10,62,2
169351,65,5,60,2
169352,51,2,49,2
169353,43,3,40,2
169354,47,9,38,2
169355,63,8,55,2
169356,56,11,45,2
169357,54,8,46,2
169358,51,9,42,2
169359,59,2,57,2
169360,52,4,48,2
169361,37,2,35,2
169362,59,7,52,2
169363,42,8,34,2
169364,50,9,41,2
169365,53,6,47,2
169366,44,4,40,2
169367,51,3,48,2
169368,45,6,39,2
169369,61,7,54,2
169370,50,9,41,2
169371,43,6,37,2
169372,55,8,47,2
169373,57,11,46,2
169374,44,6,38,2
169375,63,7,56,2
169376,56,8,48,2
169377,57,7,50,2
169378,57,2,55,2
169379,61,9,52,2
169380,62,4,58,2
169381,50,3,47,2
169382,51,8,43,2
169383,36,7,29,2
169384,63,6,57,2
169385,52,6,46,2
169386,48,6,42,2
169387,38,1,37,2
169388,64,12,52,2
169389,47,7,40,2
169390,59,6,53,2
169391,44,7,37,2
169392,61,8,53,2
169393,51,8,43,2
169394,52,4,48,2
169395,67,8,59,2
169396,52,7,45,2
169397,56,7,49,2
169398,52,11,41,2
169399,47,8,39,2
169400,44,6,38,2
169401,54,9,45,2
169402,42,2,40,2
169403,46,2,44,2
169404,67,6,61,2
169405,65,6,59,2
169406,40,5,35,2
169407,80,9,71,2
169408,61,5,56,2
169409,52,8,44,2
169410,56,9,47,2
169411,68,11,57,2
169412,56,5,51,2
169413,47,7,40,2
169414,60,6,54,2
169415,64,10,54,2
169416,44,2,42,2
169417,56,7,49,2
169418,52,2,50,2
169419,47,3,44,2
169420,56,7,49,2
169421,51,5,46,2
169422,51,7,44,2
169423,39,6,33,2
169424,53,2,51,2
169425,50,6,44,2
169426,61,3,58,2
169427,55,3,52,2
169428,50,6,44,2
169429,46,6,40,2
169430,60,9,51,2
169431,58,6,52,2
169432,55,3,52,2
169433,61,7,54,2
169434,64,4,60,2
169435,59,8,51,2
169436,59,8,51,2
169437,56,3,53,2
169438,61,7,54,2
169439,49,13,36,2
169440,61,7,54,2
169441,63,7,56,2
169442,47,6,41,2
169443,66,8,58,2
169444,50,3,47,2
169445,61,7,54,2
169446,61,3,58,2
169447,51,6,45,2
169448,54,9,45,2
169449,49,6,43,2
169450,65,10,55,2
169451,51,5,46,2
169452,55,1,54,2
169453,46,6,40,2
169454,51,8,43,2
169455,47,5,42,2
169456,56,6,50,2
169457,40,6,34,2
169458,63,10,53,2
169459,57,8,49,2
169460,43,5,38,2
169461,56,9,47,2
169462,68,12,56,2
169463,53,10,43,2
169464,46,6,40,2
169465,56,7,49,2
169466,71,11,60,2
169467,81,10,71,2
169468,58,7,51,2
169469,47,7,40,2
169470,50,4,46,2
169471,53,10,43,2
169472,55,5,50,2
169473,56,9,47,2
169474,61,9,52,2
169475,56,6,50,2
169476,50,6,44,2
169477,52,2,50,2
169478,68,10,58,2
169479,51,9,42,2
169480,49,5,44,2
169481,58,10,48,2
169482,76,10,66,2
169483,50,4,46,2
169484,59,9,50,2
169485,51,5,46,2
169486,61,5,56,2
169487,50,9,41,2
169488,50,7,43,2
169489,49,1,48,2
169490,52,5,47,2
169491,73,12,61,2
169492,60,6,54,2
169493,62,3,59,2
169494,63,3,60,2
169495,47,8,39,2
169496,62,12,50,2
169497,66,5,61,2
169498,41,2,39,2
169499,63,6,57,2
169500,54,9,45,2
169501,49,3,46,2
169502,61,7,54,2
169503,50,6,44,2
169504,55,6,49,2
169505,64,7,57,2
169506,61,8,53,2
169507,55,10,45,2
169508,38,4,34,2
169509,62,6,56,2
169510,62,10,52,2
169511,53,8,45,2
169512,63,8,55,2
169513,56,2,54,2
169514,52,7,45,2
169515,47,3,44,2
169516,61,7,54,2
169517,55,4,51,2
169518,49,9,40,2
169519,50,4,46,2
169520,55,7,48,2
169521,61,3,58,2
169522,56,4,52,2
169523,63,8,55,2
169524,65,11,54,2
169525,52,5,47,2
169526,47,8,39,2
169527,62,3,59,2
169528,58,3,55,2
169529,60,4,56,2
169530,55,9,46,2
169531,65,6,59,2
169532,62,8,54,2
169533,57,4,53,2
169534,59,8,51,2
169535,55,5,50,2
169536,50,3,47,2
169537,64,12,52,2
169538,52,10,42,2
169539,57,4,53,2
169540,53,7,46,2
169541,57,6,51,2
169542,45,4,41,2
169543,53,8,45,2
169544,50,5,45,2
169545,49,5,44,2
169546,64,7,57,2
169547,46,3,43,2
169548,63,6,57,2
169549,55,8,47,2
169550,53,6,47,2
169551,59,9,50,2
169552,52,11,41,2
169553,58,8,50,2
169554,50,5,45,2
169555,56,7,49,2
169556,57,8,49,2
169557,50,6,44,2
169558,52,8,44,2
169559,50,1,49,2
169560,52,6,46,2
169561,45,3,42,2
169562,50,4,46,2
169563,52,9,43,2
169564,58,4,54,2
169565,47,7,40,2
169566,42,8,34,2
169567,58,7,51,2
169568,65,8,57,2
169569,71,7,64,2
169570,70,7,63,2
169571,61,8,53,2
169572,62,9,53,2
169573,47,5,42,2
169574,57,6,51,2
169575,46,5,41,2
169576,50,9,41,2
169577,54,9,45,2
169578,60,10,50,2
169579,52,7,45,2
169580,59,7,52,2
169581,52,5,47,2
169582,55,5,50,2
169583,45,6,39,2
169584,52,5,47,2
169585,48,3,45,2
169586,62,7,55,2
169587,46,4,42,2
169588,54,6,48,2
169589,61,9,52,2
169590,39,6,33,2
169591,64,6,58,2
169592,60,4,56,2
169593,54,6,48,2
169594,49,4,45,2
169595,60,5,55,2
169596,60,6,54,2
169597,50,6,44,2
169598,53,11,42,2
169599,66,6,60,2
169600,50,7,43,2
169601,50,10,40,2
169602,49,5,44,2
169603,57,12,45,2
169604,47,7,40,2
169605,58,3,55,2
169606,42,8,34,2
169607,48,6,42,2
169608,51,3,48,2
169609,52,5,47,2
169610,51,2,49,2
169611,67,3,64,2
169612,57,8,49,2
169613,56,4,52,2
169614,50,7,43,2
169615,51,7,44,2
169616,50,9,41,2
169617,59,7,52,2
169618,69,7,62,2
169619,54,2,52,2
169620,43,5,38,2
169621,69,8,61,2
169622,61,7,54,2
169623,61,13,48,2
169624,56,6,50,2
169625,45,4,41,2
169626,59,12,47,2
169627,54,9,45,2
169628,60,5,55,2
169629,69,12,57,2
169630,64,7,57,2
169631,48,3,45,2
169632,49,6,43,2
169633,55,13,42,2
169634,45,3,42,2
169635,51,7,44,2
169636,60,4,56,2
169637,52,8,44,2
169638,73,16,57,2
169639,49,9,40,2
169640,53,6,47,2
169641,57,8,49,2
169642,47,8,39,2
169643,76,9,67,2
169644,71,6,65,2
169645,44,8,36,2
169646,48,6,42,2
169647,58,8,50,2
169648,61,9,52,2
169649,62,8,54,2
169650,55,8,47,2
169651,63,3,60,2
169652,53,9,44,2
169653,58,7,51,2
169654,64,8,56,2
169655,51,5,46,2
169656,52,7,45,2
169657,58,7,51,2
169658,47,6,41,2
169659,56,8,48,2
169660,56,7,49,2
169661,57,5,52,2
169662,46,6,40,2
169663,68,5,63,2
169664,44,7,37,2
169665,52,6,46,2
169666,50,4,46,2
169667,61,5,56,2
169668,49,5,44,2
169669,64,9,55,2
169670,56,4,52,2
169671,49,5,44,2
169672,52,4,48,2
169673,50,9,41,2
169674,61,5,56,2
169675,63,12,51,2
169676,57,6,51,2
169677,53,7,46,2
169678,55,11,44,2
169679,59,9,50,2
169680,48,10,38,2
169681,45,4,41,2
169682,63,5,58,2
169683,63,10,53,2
169684,47,3,44,2
169685,64,8,56,2
169686,49,7,42,2
169687,46,7,39,2
169688,54,10,44,2
169689,54,9,45,2
169690,62,8,54,2
169691,54,10,44,2
169692,64,6,58,2
169693,55,3,52,2
169694,51,4,47,2
169695,56,6,50,2
169696,53,4,49,2
169697,54,5,49,2
169698,56,7,49,2
169699,45,4,41,2
169700,65,9,56,2
169701,47,5,42,2
169702,56,7,49,2
169703,65,4,61,2
169704,53,4,49,2
169705,50,2,48,2
169706,62,11,51,2
169707,60,3,57,2
169708,52,5,47,2
169709,69,7,62,2
169710,58,7,51,2
169711,51,8,43,2
169712,40,5,35,2
169713,60,10,50,2
169714,56,8,48,2
169715,64,8,56,2
169716,63,11,52,2
169717,49,6,43,2
169718,62,8,54,2
169719,60,2,58,2
169720,60,6,54,2
169721,56,6,50,2
169722,66,6,60,2
169723,62,3,59,2
169724,56,5,51,2
169725,52,6,46,2
169726,50,6,44,2
169727,52,10,42,2
169728,61,12,49,2
169729,48,5,43,2
169730,56,8,48,2
169731,55,11,44,2
169732,58,13,45,2
169733,62,8,54,2
169734,49,6,43,2
169735,49,7,42,2
169736,49,8,41,2
169737,59,6,53,2
169738,46,4,42,2
169739,55,6,49,2
169740,46,5,41,2
169741,56,13,43,2
169742,60,6,54,2
169743,50,11,39,2
169744,65,8,57,2
169745,51,7,44,2
169746,53,4,49,2
169747,58,8,50,2
169748,62,14,48,2
169749,47,7,40,2
169750,63,8,55,2
169751,58,8,50,2
169752,50,4,46,2
169753,52,5,47,2
169754,54,7,47,2
169755,48,3,45,2
169756,54,9,45,2
169757,62,7,55,2
169758,57,4,53,2
169759,49,4,45,2
169760,66,8,58,2
169761,73,10,63,2
169762,48,8,40,2
169763,61,9,52,2
169764,59,11,48,2
169765,61,4,57,2
169766,44,5,39,2
169767,53,8,45,2
169768,43,6,37,2
169769,47,11,36,2
169770,61,7,54,2
169771,60,5,55,2
169772,62,8,54,2
169773,46,3,43,2
169774,62,3,59,2
169775,47,5,42,2
169776,68,8,60,2
169777,60,9,51,2
169778,56,6,50,2
169779,48,7,41,2
169780,47,4,43,2
169781,56,4,52,2
169782,60,4,56,2
169783,51,5,46,2
169784,51,8,43,2
169785,70,6,64,2
169786,54,9,45,2
169787,54,7,47,2
169788,45,5,40,2
169789,46,5,41,2
169790,57,5,52,2
169791,53,7,46,2
169792,56,11,45,2
169793,50,6,44,2
169794,54,4,50,2
169795,62,9,53,2
169796,49,3,46,2
169797,52,4,48,2
169798,54,4,50,2
169799,63,4,59,2
169800,42,9,33,2
169801,58,10,48,2
169802,42,6,36,2
169803,67,10,57,2
169804,63,6,57,2
169805,63,5,58,2
169806,48,9,39,2
169807,61,9,52,2
169808,64,9,55,2
169809,58,5,53,2
169810,48,6,42,2
169811,55,6,49,2
169812,47,5,42,2
169813,52,1,51,2
169814,53,1,52,2
169815,55,7,48,2
169816,51,7,44,2
169817,58,9,49,2
169818,64,5,59,2
169819,52,8,44,2
169820,60,11,49,2
169821,56,10,46,2
169822,57,7,50,2
169823,45,5,40,2
169824,67,10,57,2
169825,61,12,49,2
169826,52,11,41,2
169827,51,6,45,2
169828,49,3,46,2
169829,59,5,54,2
169830,51,8,43,2
169831,63,5,58,2
169832,48,7,41,2
169833,43,7,36,2
169834,66,10,56,2
169835,58,5,53,2
169836,52,5,47,2
169837,52,5,47,2
169838,65,3,62,2
169839,70,7,63,2
169840,48,3,45,2
169841,58,7,51,2
169842,50,6,44,2
169843,51,10,41,2
169844,64,7,57,2
169845,53,4,49,2
169846,51,6,45,2
169847,47,11,36,2
169848,51,8,43,2
169849,57,12,45,2
169850,46,4,42,2
169851,37,3,34,2
169852,37,7,30,2
169853,58,6,52,2
169854,51,5,46,2
169855,50,6,44,2
169856,62,7,55,2
169857,52,8,44,2
169858,50,5,45,2
169859,72,6,66,2
169860,54,7,47,2
169861,66,8,58,2
169862,62,10,52,2
169863,66,8,58,2
169864,40,4,36,2
169865,49,12,37,2
169866,48,10,38,2
169867,45,2,43,2
169868,59,8,51,2
169869,47,4,43,2
169870,43,5,38,2
169871,51,2,49,2
169872,61,6,55,2
169873,64,5,59,2
169874,53,4,49,2
169875,58,7,51,2
169876,64,5,59,2
169877,62,14,48,2
169878,45,7,38,2
169879,48,4,44,2
169880,48,5,43,2
169881,59,6,53,2
169882,54,5,49,2
169883,58,3,55,2
169884,63,7,56,2
169885,55,5,50,2
169886,45,6,39,2
169887,63,4,59,2
169888,61,9,52,2
169889,57,10,47,2
169890,55,8,47,2
169891,71,8,63,2
169892,52,4,48,2
169893,53,9,44,2
169894,55,8,47,2
169895,57,10,47,2
169896,50,5,45,2
169897,51,7,44,2
169898,60,7,53,2
169899,57,7,50,2
169900,65,9,56,2
169901,43,6,37,2
169902,62,6,56,2
169903,47,9,38,2
169904,53,4,49,2
169905,52,5,47,2
169906,42,5,37,2
169907,51,4,47,2
169908,59,7,52,2
169909,60,8,52,2
169910,56,6,50,2
169911,59,6,53,2
169912,40,3,37,2
169913,56,3,53,2
169914,58,5,53,2
169915,49,7,42,2
169916,55,7,48,2
169917,49,6,43,2
169918,50,7,43,2
169919,63,9,54,2
169920,53,8,45,2
169921,70,7,63,2
169922,52,6,46,2
169923,60,5,55,2
169924,51,8,43,2
169925,59,7,52,2
169926,55,7,48,2
169927,50,5,45,2
169928,55,6,49,2
169929,55,9,46,2
169930,47,3,44,2
169931,53,4,49,2
169932,56,5,51,2
169933,48,5,43,2
169934,53,6,47,2
169935,64,5,59,2
169936,52,9,43,2
169937,54,1,53,2
169938,50,10,40,2
169939,35,4,31,2
169940,63,4,59,2
169941,54,11,43,2
169942,52,1,51,2
169943,50,8,42,2
169944,46,8,38,2
169945,54,8,46,2
169946,54,8,46,2
169947,61,8,53,2
169948,59,8,51,2
169949,53,4,49,2
169950,50,8,42,2
169951,43,5,38,2
169952,56,6,50,2
169953,57,5,52,2
169954,53,10,43,2
169955,53,8,45,2
169956,56,10,46,2
169957,49,3,46,2
169958,57,10,47,2
169959,59,6,53,2
169960,65,8,57,2
169961,51,5,46,2
169962,54,6,48,2
169963,35,3,32,2
169964,65,11,54,2
169965,64,7,57,2
169966,41,4,37,2
169967,52,4,48,2
169968,47,4,43,2
169969,70,8,62,2
169970,58,5,53,2
169971,63,6,57,2
169972,60,6,54,2
169973,53,5,48,2
169974,40,3,37,2
169975,58,8,50,2
169976,53,3,50,2
169977,40,5,35,2
169978,43,4,39,2
169979,59,7,52,2
169980,65,14,51,2
169981,56,6,50,2
169982,60,7,53,2
169983,75,6,69,2
169984,51,6,45,2
169985,55,3,52,2
169986,65,6,59,2
169987,43,3,40,2
169988,54,6,48,2
169989,42,4,38,2
169990,41,6,35,2
169991,51,5,46,2
169992,57,10,47,2
169993,47,4,43,2
169994,59,2,57,2
169995,60,8,52,2
169996,62,8,54,2
169997,55,4,51,2
169998,60,5,55,2
169999,65,9,56,2
170000,51,3,48,2
170001,63,12,51,2
170002,58,7,51,2
170003,58,6,52,2
170004,52,7,45,2
170005,60,9,51,2
170006,61,8,53,2
170007,59,4,55,2
170008,52,7,45,2
170009,62,8,54,2
170010,49,3,46,2
170011,59,8,51,2
170012,58,8,50,2
170013,57,4,53,2
170014,42,3,39,2
170015,50,5,45,2
170016,64,11,53,2
170017,56,8,48,2
170018,60,5,55,2
170019,61,3,58,2
170020,44,2,42,2
170021,55,5,50,2
170022,54,7,47,2
170023,67,10,57,2
170024,50,5,45,2
170025,69,10,59,2
170026,73,8,65,2
170027,60,8,52,2
170028,58,7,51,2
170029,40,8,32,2
170030,48,4,44,2
170031,53,7,46,2
170032,59,6,53,2
170033,50,7,43,2
170034,58,5,53,2
170035,58,2,56,2
170036,38,1,37,2
170037,62,4,58,2
170038,48,6,42,2
170039,47,6,41,2
170040,59,7,52,2
170041,55,4,51,2
170042,51,4,47,2
170043,60,5,55,2
170044,54,10,44,2
170045,54,7,47,2
170046,61,8,53,2
170047,58,8,50,2
170048,54,6,48,2
170049,45,6,39,2
170050,53,2,51,2
170051,65,9,56,2
170052,54,12,42,2
170053,45,8,37,2
170054,61,6,55,2
170055,45,2,43,2
170056,65,5,60,2
170057,52,10,42,2
170058,41,6,35,2
170059,53,7,46,2
170060,55,4,51,2
170061,54,5,49,2
170062,59,6,53,2
170063,44,7,37,2
170064,44,10,34,2
170065,53,10,43,2
170066,55,9,46,2
170067,58,9,49,2
170068,44,6,38,2
170069,54,7,47,2
170070,53,4,49,2
170071,45,7,38,2
170072,47,4,43,2
170073,48,9,39,2
170074,60,9,51,2
170075,53,1,52,2
170076,53,7,46,2
170077,59,10,49,2
170078,47,7,40,2
170079,56,11,45,2
170080,62,7,55,2
170081,39,3,36,2
170082,55,6,49,2
170083,50,5,45,2
170084,58,10,48,2
170085,39,4,35,2
170086,58,8,50,2
170087,34,5,29,2
170088,54,5,49,2
170089,45,6,39,2
170090,48,6,42,2
170091,53,6,47,2
170092,61,5,56,2
170093,58,10,48,2
170094,54,4,50,2
170095,45,3,42,2
170096,70,11,59,2
170097,73,8,65,2
170098,47,9,38,2
170099,70,5,65,2
170100,58,3,55,2
170101,71,8,63,2
170102,44,11,33,2
170103,58,4,54,2
170104,55,6,49,2
170105,64,14,50,2
170106,59,9,50,2
170107,51,6,45,2
170108,69,6,63,2
170109,54,9,45,2
170110,51,1,50,2
170111,39,2,37,2
170112,65,8,57,2
170113,66,9,57,2
170114,59,8,51,2
170115,52,5,47,2
170116,60,7,53,2
170117,48,7,41,2
170118,46,4,42,2
170119,54,6,48,2
170120,57,8,49,2
170121,56,7,49,2
170122,58,9,49,2
170123,51,6,45,2
170124,59,9,50,2
170125,46,4,42,2
170126,54,4,50,2
170127,44,7,37,2
170128,48,9,39,2
170129,49,6,43,2
170130,53,8,45,2
170131,40,4,36,2
170132,54,8,46,2
170133,56,6,50,2
170134,63,8,55,2
170135,46,4,42,2
170136,52,5,47,2
170137,57,4,53,2
170138,49,8,41,2
170139,53,5,48,2
170140,71,9,62,2
170141,42,6,36,2
170142,49,6,43,2
170143,49,4,45,2
170144,56,3,53,2
170145,51,6,45,2
170146,56,7,49,2
170147,51,9,42,2
170148,48,10,38,2
170149,38,5,33,2
170150,44,5,39,2
170151,44,11,33,2
170152,65,8,57,2
170153,41,9,32,2
170154,56,2,54,2
170155,54,4,50,2
170156,43,6,37,2
170157,66,9,57,2
170158,49,7,42,2
170159,69,14,55,2
170160,55,6,49,2
170161,58,10,48,2
170162,60,6,54,2
170163,61,6,55,2
170164,58,4,54,2
170165,44,5,39,2
170166,55,5,50,2
170167,58,8,50,2
170168,59,9,50,2
170169,48,2,46,2
170170,50,4,46,2
170171,62,5,57,2
170172,67,9,58,2
170173,58,8,50,2
170174,58,7,51,2
170175,48,5,43,2
170176,56,4,52,2
170177,64,12,52,2
170178,49,15,34,2
170179,74,8,66,2
170180,49,7,42,2
170181,67,4,63,2
170182,55,5,50,2
170183,62,10,52,2
170184,74,6,68,2
170185,42,7,35,2
170186,52,7,45,2
170187,53,10,43,2
170188,59,6,53,2
170189,61,13,48,2
170190,57,5,52,2
170191,51,7,44,2
170192,50,7,43,2
170193,55,9,46,2
170194,69,11,58,2
170195,56,8,48,2
170196,58,9,49,2
170197,45,3,42,2
170198,48,3,45,2
170199,59,8,51,2
170200,47,3,44,2
170201,58,7,51,2
170202,43,6,37,2
170203,53,5,48,2
170204,51,4,47,2
170205,53,7,46,2
170206,52,10,42,2
170207,63,5,58,2
170208,63,8,55,2
170209,60,8,52,2
170210,53,6,47,2
170211,56,9,47,2
170212,57,5,52,2
170213,58,8,50,2
170214,52,6,46,2
170215,68,5,63,2
170216,67,5,62,2
170217,46,6,40,2
170218,49,7,42,2
170219,59,5,54,2
170220,57,9,48,2
170221,59,6,53,2
170222,59,5,54,2
170223,60,3,57,2
170224,56,6,50,2
170225,46,5,41,2
170226,43,4,39,2
170227,55,5,50,2
170228,38,3,35,2
170229,46,4,42,2
170230,70,9,61,2
170231,49,9,40,2
170232,45,7,38,2
170233,54,8,46,2
170234,43,3,40,2
170235,48,5,43,2
170236,61,11,50,2
170237,47,7,40,2
170238,53,4,49,2
170239,51,8,43,2
170240,39,6,33,2
170241,59,7,52,2
170242,48,4,44,2
170243,54,8,46,2
170244,49,6,43,2
170245,45,8,37,2
170246,45,4,41,2
170247,54,7,47,2
170248,55,8,47,2
170249,47,8,39,2
170250,60,4,56,2
170251,47,6,41,2
170252,62,7,55,2
170253,68,8,60,2
170254,49,3,46,2
170255,55,4,51,2
170256,71,9,62,2
170257,61,4,57,2
170258,50,8,42,2
170259,59,8,51,2
170260,76,14,62,2
170261,61,4,57,2
170262,51,5,46,2
170263,59,9,50,2
170264,41,0,41,1
170265,53,6,47,2
170266,57,9,48,2
170267,57,11,46,2
170268,52,11,41,2
170269,55,3,52,2
170270,50,7,43,2
170271,57,7,50,2
170272,49,8,41,2
170273,65,10,55,2
170274,65,7,58,2
170275,58,6,52,2
170276,49,6,43,2
170277,40,5,35,2
170278,45,6,39,2
170279,55,9,46,2
170280,44,6,38,2
170281,55,12,43,2
170282,47,5,42,2
170283,57,4,53,2
170284,59,8,51,2
170285,47,4,43,2
170286,54,7,47,2
170287,58,8,50,2
170288,50,4,46,2
170289,58,4,54,2
170290,54,9,45,2
170291,40,6,34,2
170292,57,4,53,2
170293,49,4,45,2
170294,70,11,59,2
170295,39,5,34,2
170296,57,7,50,2
170297,48,5,43,2
170298,42,6,36,2
170299,60,6,54,2
170300,62,5,57,2
170301,63,2,61,2
170302,62,8,54,2
170303,56,7,49,2
170304,55,6,49,2
170305,67,8,59,2
170306,63,5,58,2
170307,57,9,48,2
170308,53,7,46,2
170309,60,6,54,2
170310,48,6,42,2
170311,72,10,62,2
170312,45,5,40,2
170313,49,4,45,2
170314,49,6,43,2
170315,44,3,41,2
170316,65,4,61,2
170317,51,4,47,2
170318,53,6,47,2
170319,58,10,48,2
170320,65,6,59,2
170321,47,3,44,2
170322,57,3,54,2
170323,38,3,35,2
170324,62,8,54,2
170325,53,4,49,2
170326,37,2,35,2
170327,46,5,41,2
170328,44,6,38,2
170329,51,5,46,2
170330,44,5,39,2
170331,59,7,52,2
170332,60,12,48,2
170333,47,7,40,2
170334,43,7,36,2
170335,46,4,42,2
170336,44,2,42,2
170337,63,12,51,2
170338,53,6,47,2
170339,47,7,40,2
170340,63,4,59,2
170341,70,12,58,2
170342,49,5,44,2
170343,49,10,39,2
170344,69,10,59,2
170345,53,6,47,2
170346,49,6,43,2
170347,62,7,55,2
170348,64,5,59,2
170349,51,6,45,2
170350,56,7,49,2
170351,53,6,47,2
170352,54,6,48,2
170353,76,12,64,2
170354,63,9,54,2
170355,54,6,48,2
170356,59,5,54,2
170357,49,10,39,2
170358,62,3,59,2
170359,52,7,45,2
170360,50,8,42,2
170361,61,7,54,2
170362,60,7,53,2
170363,63,10,53,2
170364,63,8,55,2
170365,64,6,58,2
170366,41,5,36,2
170367,34,3,31,2
170368,61,8,53,2
170369,61,4,57,2
170370,60,10,50,2
170371,58,6,52,2
170372,54,10,44,2
170373,54,3,51,2
170374,46,2,44,2
170375,55,5,50,2
170376,51,5,46,2
170377,56,6,50,2
170378,48,8,40,2
170379,59,5,54,2
170380,60,9,51,2
170381,48,5,43,2
170382,52,8,44,2
170383,66,3,63,2
170384,55,7,48,2
170385,50,13,37,2
170386,67,5,62,2
170387,47,5,42,2
170388,57,7,50,2
170389,62,9,53,2
170390,53,8,45,2
170391,55,4,51,2
170392,55,6,49,2
170393,55,5,50,2
170394,54,11,43,2
170395,45,7,38,2
170396,54,10,44,2
170397,42,3,39,2
170398,57,8,49,2
170399,49,5,44,2
170400,60,6,54,2
170401,69,10,59,2
170402,61,13,48,2
170403,55,7,48,2
170404,64,7,57,2
170405,66,12,54,2
170406,67,8,59,2
170407,61,6,55,2
170408,53,9,44,2
170409,37,5,32,2
170410,52,8,44,2
170411,62,2,60,2
170412,43,3,40,2
170413,62,7,55,2
170414,70,8,62,2
170415,63,8,55,2
170416,48,5,43,2
170417,59,6,53,2
170418,56,7,49,2
170419,47,13,34,2
170420,70,13,57,2
170421,54,9,45,2
170422,63,11,52,2
170423,58,7,51,2
170424,50,6,44,2
170425,58,3,55,2
170426,52,9,43,2
170427,61,2,59,2
170428,54,5,49,2
170429,61,9,52,2
170430,63,3,60,2
170431,45,5,40,2
170432,44,3,41,2
170433,46,4,42,2
170434,59,7,52,2
170435,66,5,61,2
170436,59,6,53,2
170437,50,7,43,2
170438,45,4,41,2
170439,49,5,44,2
170440,47,8,39,2
170441,65,9,56,2
170442,65,5,60,2
170443,48,8,40,2
170444,53,8,45,2
170445,48,3,45,2
170446,63,4,59,2
170447,50,9,41,2
170448,45,4,41,2
170449,61,4,57,2
170450,56,11,45,2
170451,47,8,39,2
170452,57,7,50,2
170453,53,8,45,2
170454,53,10,43,2
170455,62,9,53,2
170456,47,5,42,2
170457,51,4,47,2
170458,57,9,48,2
170459,53,5,48,2
170460,73,13,60,2
170461,42,7,35,2
170462,59,5,54,2
170463,47,4,43,2
170464,48,4,44,2
170465,62,5,57,2
170466,47,6,41,2
170467,78,8,70,2
170468,54,11,43,2
170469,56,5,51,2
170470,56,7,49,2
170471,49,5,44,2
170472,52,5,47,2
170473,59,9,50,2
170474,63,6,57,2
170475,57,9,48,2
170476,62,9,53,2
170477,44,5,39,2
170478,52,7,45,2
170479,80,13,67,2
170480,45,4,41,2
170481,57,7,50,2
170482,58,5,53,2
170483,49,5,44,2
170484,44,6,38,2
170485,42,4,38,2
170486,46,4,42,2
170487,62,4,58,2
170488,47,4,43,2
170489,54,6,48,2
170490,58,9,49,2
170491,48,7,41,2
170492,48,7,41,2
170493,57,7,50,2
170494,44,3,41,2
170495,57,5,52,2
170496,41,3,38,2
170497,74,11,63,2
170498,50,5,45,2
170499,60,7,53,2
170500,48,4,44,2
170501,57,4,53,2
170502,52,6,46,2
170503,40,6,34,2
170504,64,7,57,2
170505,57,9,48,2
170506,40,2,38,2
170507,60,9,51,2
170508,49,7,42,2
170509,57,5,52,2
170510,56,7,49,2
170511,66,9,57,2
170512,46,5,41,2
170513,61,6,55,2
170514,55,11,44,2
170515,66,4,62,2
170516,50,6,44,2
170517,62,9,53,2
170518,59,10,49,2
170519,59,6,53,2
170520,52,7,45,2
170521,52,6,46,2
170522,59,11,48,2
170523,52,7,45,2
170524,66,5,61,2
170525,54,11,43,2
170526,63,13,50,2
170527,50,7,43,2
170528,40,0,40,1
170529,57,10,47,2
170530,51,6,45,2
170531,48,12,36,2
170532,70,8,62,2
170533,44,3,41,2
170534,68,9,59,2
170535,55,3,52,2
170536,38,5,33,2
170537,55,8,47,2
170538,51,4,47,2
170539,55,6,49,2
170540,56,5,51,2
170541,58,3,55,2
170542,61,10,51,2
170543,55,5,50,2
170544,59,5,54,2
170545,63,7,56,2
170546,63,11,52,2
170547,55,4,51,2
170548,56,5,51,2
170549,55,3,52,2
170550,61,6,55,2
170551,47,6,41,2
170552,59,7,52,2
170553,57,7,50,2
170554,48,8,40,2
170555,58,6,52,2
170556,55,9,46,2
170557,54,4,50,2
170558,60,8,52,2
170559,55,9,46,2
170560,43,3,40,2
170561,49,7,42,2
170562,54,7,47,2
170563,52,9,43,2
170564,55,7,48,2
170565,65,8,57,2
170566,56,3,53,2
170567,58,11,47,2
170568,45,3,42,2
170569,43,8,35,2
170570,52,6,46,2
170571,57,5,52,2
170572,44,4,40,2
170573,66,9,57,2
170574,68,8,60,2
170575,55,5,50,2
170576,50,2,48,2
170577,53,5,48,2
170578,54,6,48,2
170579,73,6,67,2
170580,66,4,62,2
170581,41,7,34,2
170582,56,13,43,2
170583,61,6,55,2
170584,61,7,54,2
170585,51,8,43,2
170586,46,2,44,2
170587,46,8,38,2
170588,56,9,47,2
170589,63,3,60,2
170590,68,12,56,2
170591,51,4,47,2
170592,61,8,53,2
170593,56,12,44,2
170594,53,8,45,2
170595,57,7,50,2
170596,64,11,53,2
170597,61,9,52,2
170598,66,6,60,2
170599,64,5,59,2
170600,44,5,39,2
170601,55,12,43,2
170602,35,2,33,2
170603,62,7,55,2
170604,55,10,45,2
170605,66,8,58,2
170606,56,4,52,2
170607,60,4,56,2
170608,66,7,59,2
170609,68,8,60,2
170610,62,4,58,2
170611,44,4,40,2
170612,44,5,39,2
170613,65,7,58,2
170614,58,7,51,2
170615,50,6,44,2
170616,63,6,57,2
170617,52,4,48,2
170618,52,6,46,2
170619,64,6,58,2
170620,46,9,37,2
170621,52,6,46,2
170622,48,4,44,2
170623,50,3,47,2
170624,48,10,38,2
170625,50,6,44,2
170626,61,7,54,2
170627,56,8,48,2
170628,55,6,49,2
170629,56,4,52,2
170630,49,7,42,2
170631,55,8,47,2
170632,52,7,45,2
170633,75,8,67,2
170634,57,7,50,2
170635,52,7,45,2
170636,58,8,50,2
170637,55,4,51,2
170638,40,3,37,2
170639,49,8,41,2
170640,45,3,42,2
170641,55,10,45,2
170642,53,9,44,2
170643,38,1,37,2
170644,59,9,50,2
170645,55,6,49,2
170646,50,6,44,2
170647,49,5,44,2
170648,44,7,37,2
170649,58,10,48,2
170650,44,0,44,1
170651,40,3,37,2
170652,48,8,40,2
170653,43,4,39,2
170654,48,5,43,2
170655,58,8,50,2
170656,55,10,45,2
170657,49,11,38,2
170658,63,9,54,2
170659,55,13,42,2
170660,55,8,47,2
170661,62,11,51,2
170662,50,9,41,2
170663,54,8,46,2
170664,65,6,59,2
170665,53,8,45,2
170666,40,2,38,2
170667,42,4,38,2
170668,47,8,39,2
170669,57,6,51,2
170670,47,2,45,2
170671,67,6,61,2
170672,60,9,51,2
170673,62,12,50,2
170674,64,9,55,2
170675,50,5,45,2
170676,52,5,47,2
170677,55,4,51,2
170678,62,6,56,2
170679,76,4,72,2
170680,64,5,59,2
170681,52,7,45,2
170682,41,5,36,2
170683,61,7,54,2
170684,46,9,37,2
170685,43,7,36,2
170686,44,9,35,2
170687,57,6,51,2
170688,51,6,45,2
170689,53,5,48,2
170690,50,9,41,2
170691,57,5,52,2
170692,44,4,40,2
170693,39,3,36,2
170694,58,4,54,2
170695,71,8,63,2
170696,51,3,48,2
170697,47,4,43,2
170698,48,8,40,2
170699,71,12,59,2
170700,51,5,46,2
170701,48,7,41,2
170702,51,7,44,2
170703,49,6,43,2
170704,58,6,52,2
170705,45,4,41,2
170706,53,5,48,2
170707,55,7,48,2
170708,64,5,59,2
170709,45,4,41,2
170710,55,5,50,2
170711,64,4,60,2
170712,62,5,57,2
170713,59,14,45,2
170714,46,4,42,2
170715,55,2,53,2
170716,62,9,53,2
170717,56,9,47,2
170718,56,3,53,2
170719,58,11,47,2
170720,37,7,30,2
170721,58,8,50,2
170722,61,8,53,2
170723,49,11,38,2
170724,46,7,39,2
170725,61,3,58,2
170726,53,9,44,2
170727,67,9,58,2
170728,51,6,45,2
170729,62,14,48,2
170730,52,9,43,2
170731,51,9,42,2
170732,46,4,42,2
170733,38,7,31,2
170734,55,10,45,2
170735,49,4,45,2
170736,55,6,49,2
170737,51,9,42,2
170738,44,5,39,2
170739,49,10,39,2
170740,39,6,33,2
170741,50,6,44,2
170742,50,5,45,2
170743,54,8,46,2
170744,44,5,39,2
170745,47,6,41,2
170746,51,7,44,2
170747,64,9,55,2
170748,56,12,44,2
170749,65,7,58,2
170750,51,6,45,2
170751,55,5,50,2
170752,56,5,51,2
170753,54,8,46,2
170754,61,9,52,2
170755,63,10,53,2
170756,56,3,53,2
170757,49,5,44,2
170758,60,6,54,2
170759,70,5,65,2
170760,65,10,55,2
170761,51,5,46,2
170762,56,9,47,2
170763,52,5,47,2
170764,64,5,59,2
170765,62,10,52,2
170766,72,11,61,2
170767,68,2,66,2
170768,54,6,48,2
170769,52,8,44,2
170770,52,6,46,2
170771,44,4,40,2
170772,43,3,40,2
170773,66,5,61,2
170774,49,13,36,2
170775,59,6,53,2
170776,64,4,60,2
170777,48,4,44,2
170778,66,7,59,2
170779,50,9,41,2
170780,54,8,46,2
170781,51,6,45,2
170782,50,7,43,2
170783,58,10,48,2
170784,46,4,42,2
170785,72,7,65,2
170786,63,9,54,2
170787,46,0,46,1
170788,56,4,52,2
170789,50,6,44,2
170790,59,10,49,2
170791,47,7,40,2
170792,57,7,50,2
170793,60,8,52,2
170794,60,4,56,2
170795,53,7,46,2
170796,70,12,58,2
170797,50,5,45,2
170798,48,5,43,2
170799,55,6,49,2
170800,63,4,59,2
170801,52,2,50,2
170802,54,6,48,2
170803,51,5,46,2
170804,57,2,55,2
170805,59,8,51,2
170806,45,6,39,2
170807,52,5,47,2
170808,66,5,61,2
170809,49,8,41,2
170810,59,4,55,2
170811,64,9,55,2
170812,54,3,51,2
170813,58,5,53,2
170814,46,5,41,2
170815,57,5,52,2
170816,56,10,46,2
170817,51,7,44,2
170818,58,3,55,2
170819,52,10,42,2
170820,56,12,44,2
170821,41,2,39,2
170822,60,7,53,2
170823,54,7,47,2
170824,59,7,52,2
170825,73,5,68,2
170826,53,9,44,2
170827,55,5,50,2
170828,43,3,40,2
170829,47,3,44,2
170830,56,6,50,2
170831,48,4,44,2
170832,66,8,58,2
170833,61,7,54,2
170834,64,12,52,2
170835,61,8,53,2
170836,54,9,45,2
170837,54,7,47,2
170838,50,8,42,2
170839,50,5,45,2
170840,60,7,53,2
170841,49,7,42,2
170842,65,9,56,2
170843,58,5,53,2
170844,54,4,50,2
170845,62,8,54,2
170846,50,5,45,2
170847,53,6,47,2
170848,50,2,48,2
170849,58,6,52,2
170850,58,8,50,2
170851,57,10,47,2
170852,40,2,38,2
170853,48,6,42,2
170854,50,13,37,2
170855,51,6,45,2
170856,55,10,45,2
170857,51,7,44,2
170858,67,5,62,2
170859,44,6,38,2
170860,52,5,47,2
170861,65,9,56,2
170862,65,4,61,2
170863,42,5,37,2
170864,55,2,53,2
170865,53,7,46,2
170866,65,6,59,2
170867,48,9,39,2
170868,51,4,47,2
170869,55,9,46,2
170870,53,7,46,2
170871,52,8,44,2
170872,50,7,43,2
170873,57,6,51,2
170874,63,10,53,2
170875,53,6,47,2
170876,53,5,48,2
170877,66,9,57,2
170878,61,5,56,2
170879,59,9,50,2
170880,59,3,56,2
170881,46,3,43,2
170882,55,8,47,2
170883,54,5,49,2
170884,55,5,50,2
170885,50,8,42,2
170886,45,6,39,2
170887,57,4,53,2
170888,59,6,53,2
170889,58,10,48,2
170890,52,5,47,2
170891,71,11,60,2
170892,58,6,52,2
170893,51,8,43,2
170894,50,4,46,2
170895,67,4,63,2
170896,61,8,53,2
170897,52,5,47,2
170898,44,3,41,2
170899,47,5,42,2
170900,53,6,47,2
170901,64,6,58,2
170902,52,5,47,2
170903,63,8,55,2
170904,62,8,54,2
170905,50,2,48,2
170906,48,8,40,2
170907,51,5,46,2
170908,51,3,48,2
170909,53,3,50,2
170910,58,4,54,2
170911,67,7,60,2
170912,65,11,54,2
170913,68,6,62,2
170914,43,4,39,2
170915,50,4,46,2
170916,50,5,45,2
170917,62,9,53,2
170918,65,3,62,2
170919,52,3,49,2
170920,50,7,43,2
170921,64,5,59,2
170922,73,5,68,2
170923,54,5,49,2
170924,56,4,52,2
170925,62,4,58,2
170926,60,9,51,2
170927,44,6,38,2
170928,62,7,55,2
170929,48,5,43,2
170930,59,7,52,2
170931,43,7,36,2
170932,48,6,42,2
170933,54,7,47,2
170934,50,5,45,2
170935,49,7,42,2
170936,58,10,48,2
170937,62,10,52,2
170938,46,2,44,2
170939,42,7,35,2
170940,56,6,50,2
170941,53,4,49,2
170942,56,10,46,2
170943,50,7,43,2
170944,42,6,36,2
170945,69,5,64,2
170946,57,3,54,2
170947,65,5,60,2
170948,67,5,62,2
170949,68,9,59,2
170950,59,5,54,2
170951,48,9,39,2
170952,67,14,53,2
170953,43,5,38,2
170954,63,5,58,2
170955,55,2,53,2
170956,52,7,45,2
170957,50,7,43,2
170958,55,5,50,2
170959,56,11,45,2
170960,41,9,32,2
170961,56,6,50,2
170962,64,6,58,2
170963,60,8,52,2
170964,50,7,43,2
170965,56,8,48,2
170966,45,4,41,2
170967,52,7,45,2
170968,53,6,47,2
170969,50,2,48,2
170970,57,2,55,2
170971,55,9,46,2
170972,53,4,49,2
170973,64,9,55,2
170974,48,7,41,2
170975,64,9,55,2
170976,64,4,60,2
170977,55,4,51,2
170978,55,5,50,2
170979,60,3,57,2
170980,59,6,53,2
170981,50,7,43,2
170982,55,3,52,2
170983,55,4,51,2
170984,51,2,49,2
170985,57,7,50,2
170986,57,11,46,2
170987,61,9,52,2
170988,48,4,44,2
170989,33,3,30,2
170990,56,4,52,2
170991,53,7,46,2
170992,48,5,43,2
170993,40,6,34,2
170994,49,6,43,2
170995,52,6,46,2
170996,58,9,49,2
170997,44,7,37,2
170998,56,10,46,2
170999,58,4,54,2
171000,59,8,51,2
171001,66,5,61,2
171002,46,4,42,2
171003,58,6,52,2
171004,54,8,46,2
171005,45,6,39,2
171006,55,5,50,2
171007,48,9,39,2
171008,51,9,42,2
171009,46,6,40,2
171010,53,4,49,2
171011,51,2,49,2
171012,53,4,49,2
171013,50,2,48,2
171014,49,4,45,2
171015,38,4,34,2
171016,56,7,49,2
171017,51,3,48,2
171018,58,6,52,2
171019,42,7,35,2
171020,59,9,50,2
171021,49,5,44,2
171022,53,7,46,2
171023,52,11,41,2
171024,60,9,51,2
171025,53,6,47,2
171026,55,8,47,2
171027,44,3,41,2
171028,61,8,53,2
171029,62,5,57,2
171030,57,10,47,2
171031,54,9,45,2
171032,64,5,59,2
171033,58,12,46,2
171034,48,5,43,2
171035,63,8,55,2
171036,52,8,44,2
171037,56,5,51,2
171038,60,5,55,2
171039,44,6,38,2
171040,65,6,59,2
171041,72,6,66,2
171042,64,10,54,2
171043,49,6,43,2
171044,47,2,45,2
171045,47,7,40,2
171046,60,8,52,2
171047,48,6,42,2
171048,41,3,38,2
171049,61,6,55,2
171050,61,6,55,2
171051,61,13,48,2
171052,45,8,37,2
171053,58,5,53,2
171054,44,7,37,2
171055,63,7,56,2
171056,58,5,53,2
171057,54,4,50,2
171058,51,7,44,2
171059,40,2,38,2
171060,55,8,47,2
171061,51,13,38,2
171062,58,6,52,2
171063,66,9,57,2
171064,69,9,60,2
171065,74,8,66,2
171066,73,12,61,2
171067,55,3,52,2
171068,63,7,56,2
171069,50,10,40,2
171070,46,8,38,2
171071,57,8,49,2
171072,52,5,47,2
171073,51,1,50,2
171074,56,7,49,2
171075,57,6,51,2
171076,50,4,46,2
171077,51,10,41,2
171078,60,10,50,2
171079,62,10,52,2
171080,51,12,39,2
171081,48,7,41,2
171082,60,6,54,2
171083,56,10,46,2
171084,43,3,40,2
171085,51,4,47,2
171086,55,6,49,2
171087,55,4,51,2
171088,40,5,35,2
171089,57,9,48,2
171090,60,6,54,2
171091,60,6,54,2
171092,53,8,45,2
171093,56,6,50,2
171094,47,3,44,2
171095,59,11,48,2
171096,57,7,50,2
171097,39,3,36,2
171098,63,4,59,2
171099,60,7,53,2
171100,62,4,58,2
171101,49,4,45,2
171102,47,4,43,2
171103,63,11,52,2
171104,49,5,44,2
171105,51,4,47,2
171106,42,6,36,2
171107,48,11,37,2
171108,57,4,53,2
171109,48,4,44,2
171110,56,6,50,2
171111,51,6,45,2
171112,50,3,47,2
171113,61,8,53,2
171114,66,7,59,2
171115,47,8,39,2
171116,55,11,44,2
171117,41,3,38,2
171118,52,9,43,2
171119,64,8,56,2
171120,44,9,35,2
171121,54,7,47,2
171122,49,2,47,2
171123,55,7,48,2
171124,58,6,52,2
171125,55,2,53,2
171126,70,9,61,2
171127,46,6,40,2
171128,66,9,57,2
171129,49,6,43,2
171130,51,2,49,2
171131,48,6,42,2
171132,57,3,54,2
171133,48,5,43,2
171134,51,8,43,2
171135,51,6,45,2
171136,43,4,39,2
171137,39,2,37,2
171138,50,8,42,2
171139,51,9,42,2
171140,59,6,53,2
171141,50,7,43,2
171142,49,2,47,2
171143,61,8,53,2
171144,59,9,50,2
171145,38,5,33,2
171146,56,2,54,2
171147,66,7,59,2
171148,61,12,49,2
171149,67,9,58,2
171150,64,10,54,2
171151,57,8,49,2
171152,52,7,45,2
171153,54,7,47,2
171154,57,3,54,2
171155,52,9,43,2
171156,48,4,44,2
171157,40,5,35,2
171158,57,6,51,2
171159,58,6,52,2
171160,52,7,45,2
171161,54,6,48,2
171162,48,9,39,2
171163,66,7,59,2
171164,59,9,50,2
171165,44,4,40,2
171166,64,7,57,2
171167,61,10,51,2
171168,57,7,50,2
171169,70,9,61,2
171170,52,2,50,2
171171,55,3,52,2
171172,61,10,51,2
171173,52,5,47,2
171174,62,6,56,2
171175,68,11,57,2
171176,45,4,41,2
171177,69,5,64,2
171178,60,3,57,2
171179,53,8,45,2
171180,41,2,39,2
171181,62,5,57,2
171182,59,8,51,2
171183,53,8,45,2
171184,51,7,44,2
171185,55,7,48,2
171186,63,7,56,2
171187,54,3,51,2
171188,55,6,49,2
171189,54,9,45,2
171190,55,6,49,2
171191,60,5,55,2
171192,66,5,61,2
171193,65,7,58,2
171194,58,9,49,2
171195,56,9,47,2
171196,36,6,30,2
171197,61,10,51,2
171198,61,4,57,2
171199,49,8,41,2
171200,64,8,56,2
171201,76,12,64,2
171202,58,10,48,2
171203,68,8,60,2
171204,50,2,48,2
171205,55,6,49,2
171206,64,8,56,2
171207,49,5,44,2
171208,42,9,33,2
171209,58,11,47,2
171210,64,7,57,2
171211,58,8,50,2
171212,65,11,54,2
171213,49,7,42,2
171214,45,6,39,2
171215,69,9,60,2
171216,52,5,47,2
171217,47,4,43,2
171218,44,2,42,2
171219,51,8,43,2
171220,49,8,41,2
171221,55,4,51,2
171222,51,8,43,2
171223,57,7,50,2
171224,64,6,58,2
171225,43,9,34,2
171226,47,4,43,2
171227,60,9,51,2
171228,58,10,48,2
171229,47,5,42,2
171230,48,2,46,2
171231,49,5,44,2
171232,42,7,35,2
171233,70,5,65,2
171234,60,10,50,2
171235,37,4,33,2
171236,53,5,48,2
171237,49,6,43,2
171238,49,4,45,2
171239,47,10,37,2
171240,58,4,54,2
171241,53,5,48,2
171242,67,8,59,2
171243,54,9,45,2
171244,44,6,38,2
171245,56,8,48,2
171246,53,2,51,2
171247,46,5,41,2
171248,60,3,57,2
171249,52,5,47,2
171250,64,6,58,2
171251,51,7,44,2
171252,47,9,38,2
171253,63,8,55,2
171254,51,9,42,2
171255,49,2,47,2
171256,54,6,48,2
171257,52,5,47,2
171258,59,4,55,2
171259,58,5,53,2
171260,59,3,56,2
171261,45,7,38,2
171262,58,5,53,2
171263,38,6,32,2
171264,56,6,50,2
171265,62,10,52,2
171266,67,8,59,2
171267,62,5,57,2
171268,53,5,48,2
171269,67,5,62,2
171270,49,4,45,2
171271,70,8,62,2
171272,51,6,45,2
171273,54,2,52,2
171274,62,7,55,2
171275,51,9,42,2
171276,55,4,51,2
171277,52,7,45,2
171278,55,9,46,2
171279,57,9,48,2
171280,50,5,45,2
171281,50,3,47,2
171282,49,5,44,2
171283,44,7,37,2
171284,58,7,51,2
171285,35,3,32,2
171286,66,5,61,2
171287,50,5,45,2
171288,43,3,40,2
171289,55,12,43,2
171290,51,4,47,2
171291,51,7,44,2
171292,56,4,52,2
171293,62,5,57,2
171294,52,6,46,2
171295,58,7,51,2
171296,53,4,49,2
171297,59,6,53,2
171298,61,11,50,2
171299,56,5,51,2
171300,54,11,43,2
171301,47,3,44,2
171302,52,9,43,2
171303,48,10,38,2
171304,62,8,54,2
171305,42,5,37,2
171306,51,6,45,2
171307,56,5,51,2
171308,55,6,49,2
171309,62,8,54,2
171310,53,4,49,2
171311,65,4,61,2
171312,62,6,56,2
171313,50,7,43,2
171314,50,6,44,2
171315,60,8,52,2
171316,56,6,50,2
171317,49,6,43,2
171318,56,11,45,2
171319,65,13,52,2
171320,56,7,49,2
171321,73,8,65,2
171322,50,4,46,2
171323,48,3,45,2
171324,54,8,46,2
171325,57,4,53,2
171326,56,7,49,2
171327,64,5,59,2
171328,52,4,48,2
171329,58,11,47,2
171330,79,6,73,2
171331,50,5,45,2
171332,62,5,57,2
171333,52,9,43,2
171334,51,5,46,2
171335,64,8,56,2
171336,63,13,50,2
171337,44,9,35,2
171338,61,13,48,2
171339,49,7,42,2
171340,52,7,45,2
171341,59,3,56,2
171342,49,9,40,2
171343,54,7,47,2
171344,51,9,42,2
171345,56,10,46,2
171346,54,10,44,2
171347,62,11,51,2
171348,61,5,56,2
171349,51,9,42,2
171350,61,6,55,2
171351,55,13,42,2
171352,51,7,44,2
171353,56,9,47,2
171354,49,2,47,2
171355,45,6,39,2
171356,43,8,35,2
171357,54,7,47,2
171358,43,3,40,2
171359,50,7,43,2
171360,55,3,52,2
171361,61,5,56,2
171362,57,5,52,2
171363,42,7,35,2
171364,52,6,46,2
171365,39,8,31,2
171366,47,6,41,2
171367,53,10,43,2
171368,60,10,50,2
171369,47,3,44,2
171370,48,7,41,2
171371,57,12,45,2
171372,61,8,53,2
171373,51,7,44,2
171374,59,4,55,2
171375,62,7,55,2
171376,51,8,43,2
171377,54,6,48,2
171378,48,4,44,2
171379,62,9,53,2
171380,59,4,55,2
171381,45,5,40,2
171382,57,7,50,2
171383,62,12,50,2
171384,52,7,45,2
171385,64,10,54,2
171386,66,6,60,2
171387,44,5,39,2
171388,51,5,46,2
171389,46,6,40,2
171390,44,6,38,2
171391,49,9,40,2
171392,48,5,43,2
171393,78,11,67,2
171394,62,6,56,2
171395,41,8,33,2
171396,57,8,49,2
171397,49,4,45,2
171398,39,5,34,2
171399,55,10,45,2
171400,67,9,58,2
171401,45,5,40,2
171402,60,7,53,2
171403,48,3,45,2
171404,56,6,50,2
171405,65,6,59,2
171406,62,7,55,2
171407,60,12,48,2
171408,51,4,47,2
171409,62,9,53,2
171410,58,5,53,2
171411,58,3,55,2
171412,42,2,40,2
171413,61,12,49,2
171414,60,7,53,2
171415,52,6,46,2
171416,64,10,54,2
171417,57,7,50,2
171418,70,5,65,2
171419,49,1,48,2
171420,68,7,61,2
171421,59,7,52,2
171422,53,10,43,2
171423,42,4,38,2
171424,59,9,50,2
171425,53,8,45,2
171426,50,5,45,2
171427,56,7,49,2
171428,65,16,49,2
171429,55,12,43,2
171430,51,8,43,2
171431,47,10,37,2
171432,45,3,42,2
171433,57,5,52,2
171434,36,3,33,2
171435,53,11,42,2
171436,60,8,52,2
171437,53,7,46,2
171438,62,4,58,2
171439,56,9,47,2
171440,60,11,49,2
171441,43,5,38,2
171442,61,6,55,2
171443,64,5,59,2
171444,57,3,54,2
171445,44,2,42,2
171446,42,4,38,2
171447,32,3,29,2
171448,45,10,35,2
171449,57,7,50,2
171450,68,9,59,2
171451,40,5,35,2
171452,55,6,49,2
171453,55,4,51,2
171454,65,9,56,2
171455,55,5,50,2
171456,36,1,35,2
171457,56,8,48,2
171458,49,6,43,2
171459,68,14,54,2
171460,55,4,51,2
171461,53,11,42,2
171462,68,9,59,2
171463,57,6,51,2
171464,53,9,44,2
171465,41,5,36,2
171466,44,12,32,2
171467,51,8,43,2
171468,62,10,52,2
171469,53,7,46,2
171470,61,4,57,2
171471,63,5,58,2
171472,65,7,58,2
171473,57,6,51,2
171474,53,2,51,2
171475,57,6,51,2
171476,56,6,50,2
171477,55,10,45,2
171478,46,6,40,2
171479,46,3,43,2
171480,49,7,42,2
171481,48,4,44,2
171482,53,9,44,2
171483,47,10,37,2
171484,71,4,67,2
171485,43,3,40,2
171486,61,7,54,2
171487,65,3,62,2
171488,56,4,52,2
171489,59,3,56,2
171490,53,6,47,2
171491,64,4,60,2
171492,44,7,37,2
171493,52,11,41,2
171494,47,9,38,2
171495,52,3,49,2
171496,63,6,57,2
171497,62,9,53,2
171498,51,5,46,2
171499,59,6,53,2
171500,52,10,42,2
171501,57,1,56,2
171502,48,3,45,2
171503,52,8,44,2
171504,48,8,40,2
171505,53,8,45,2
171506,51,6,45,2
171507,55,7,48,2
171508,48,8,40,2
171509,68,7,61,2
171510,56,13,43,2
171511,55,3,52,2
171512,50,6,44,2
171513,50,5,45,2
171514,68,6,62,2
171515,57,5,52,2
171516,52,8,44,2
171517,63,6,57,2
171518,53,4,49,2
171519,54,4,50,2
171520,54,8,46,2
171521,42,8,34,2
171522,49,3,46,2
171523,71,11,60,2
171524,60,9,51,2
171525,58,9,49,2
171526,54,2,52,2
171527,52,4,48,2
171528,58,8,50,2
171529,55,10,45,2
171530,51,6,45,2
171531,43,5,38,2
171532,59,11,48,2
171533,54,6,48,2
171534,53,9,44,2
171535,70,8,62,2
171536,65,8,57,2
171537,51,7,44,2
171538,57,6,51,2
171539,69,12,57,2
171540,61,6,55,2
171541,59,10,49,2
171542,56,3,53,2
171543,53,8,45,2
171544,58,6,52,2
171545,50,5,45,2
171546,56,7,49,2
171547,63,11,52,2
171548,57,6,51,2
171549,54,8,46,2
171550,55,6,49,2
171551,55,8,47,2
171552,70,6,64,2
171553,61,3,58,2
171554,55,5,50,2
171555,56,8,48,2
171556,48,7,41,2
171557,63,7,56,2
171558,60,12,48,2
171559,62,7,55,2
171560,50,4,46,2
171561,45,5,40,2
171562,53,6,47,2
171563,54,7,47,2
171564,60,3,57,2
171565,56,4,52,2
171566,55,3,52,2
171567,49,3,46,2
171568,57,7,50,2
171569,67,6,61,2
171570,55,6,49,2
171571,49,5,44,2
171572,64,6,58,2
171573,65,10,55,2
171574,50,3,47,2
171575,58,2,56,2
171576,51,2,49,2
171577,59,6,53,2
171578,46,4,42,2
171579,54,8,46,2
171580,56,7,49,2
171581,58,9,49,2
171582,54,9,45,2
171583,54,7,47,2
171584,51,9,42,2
171585,51,7,44,2
171586,49,3,46,2
171587,69,6,63,2
171588,47,7,40,2
171589,61,9,52,2
171590,68,12,56,2
171591,63,7,56,2
171592,53,7,46,2
171593,63,7,56,2
171594,50,3,47,2
171595,69,8,61,2
171596,59,6,53,2
171597,59,8,51,2
171598,49,8,41,2
171599,48,9,39,2
171600,56,11,45,2
171601,51,5,46,2
171602,63,9,54,2
171603,58,7,51,2
171604,65,6,59,2
171605,67,4,63,2
171606,53,6,47,2
171607,57,3,54,2
171608,57,9,48,2
171609,57,11,46,2
171610,60,8,52,2
171611,65,10,55,2
171612,55,8,47,2
171613,47,2,45,2
171614,57,6,51,2
171615,46,6,40,2
171616,59,3,56,2
171617,60,4,56,2
171618,53,7,46,2
171619,54,9,45,2
171620,58,7,51,2
171621,59,10,49,2
171622,64,7,57,2
171623,53,8,45,2
171624,51,4,47,2
171625,49,4,45,2
171626,50,4,46,2
171627,62,9,53,2
171628,51,5,46,2
171629,59,10,49,2
171630,60,6,54,2
171631,56,6,50,2
171632,51,6,45,2
171633,66,5,61,2
171634,56,8,48,2
171635,45,6,39,2
171636,52,5,47,2
171637,52,5,47,2
171638,49,5,44,2
171639,60,5,55,2
171640,57,6,51,2
171641,60,14,46,2
171642,44,5,39,2
171643,55,5,50,2
171644,48,7,41,2
171645,55,8,47,2
171646,54,10,44,2
171647,54,11,43,2
171648,50,4,46,2
171649,70,7,63,2
171650,49,5,44,2
171651,49,7,42,2
171652,48,3,45,2
171653,61,10,51,2
171654,46,3,43,2
171655,66,6,60,2
171656,44,3,41,2
171657,81,6,75,2
171658,51,6,45,2
171659,47,6,41,2
171660,62,7,55,2
171661,56,9,47,2
171662,49,6,43,2
171663,61,9,52,2
171664,48,8,40,2
171665,39,4,35,2
171666,49,4,45,2
171667,61,10,51,2
171668,56,4,52,2
171669,51,6,45,2
171670,57,10,47,2
171671,54,7,47,2
171672,56,7,49,2
171673,58,7,51,2
171674,57,11,46,2
171675,49,10,39,2
171676,63,7,56,2
171677,59,3,56,2
171678,67,4,63,2
171679,55,8,47,2
171680,55,8,47,2
171681,42,4,38,2
171682,53,8,45,2
171683,65,10,55,2
171684,49,4,45,2
171685,55,9,46,2
171686,51,7,44,2
171687,41,4,37,2
171688,47,3,44,2
171689,50,5,45,2
171690,55,7,48,2
171691,68,11,57,2
171692,40,5,35,2
171693,46,8,38,2
171694,48,6,42,2
171695,66,7,59,2
171696,56,6,50,2
171697,58,9,49,2
171698,54,3,51,2
171699,70,10,60,2
171700,44,2,42,2
171701,62,9,53,2
171702,57,7,50,2
171703,40,1,39,2
171704,47,6,41,2
171705,44,7,37,2
171706,58,3,55,2
171707,50,3,47,2
171708,56,4,52,2
171709,63,6,57,2
171710,53,9,44,2
171711,61,6,55,2
171712,63,9,54,2
171713,47,7,40,2
171714,52,5,47,2
171715,60,5,55,2
171716,63,7,56,2
171717,51,3,48,2
171718,67,11,56,2
171719,38,4,34,2
171720,59,9,50,2
171721,61,6,55,2
171722,55,8,47,2
171723,58,8,50,2
171724,52,6,46,2
171725,55,4,51,2
171726,49,2,47,2
171727,47,5,42,2
171728,47,3,44,2
171729,65,8,57,2
171730,48,5,43,2
171731,66,8,58,2
171732,64,11,53,2
171733,59,10,49,2
171734,53,5,48,2
171735,42,7,35,2
171736,56,7,49,2
171737,50,2,48,2
171738,47,10,37,2
171739,67,5,62,2
171740,60,8,52,2
171741,53,9,44,2
171742,63,6,57,2
171743,48,4,44,2
171744,47,8,39,2
171745,54,3,51,2
171746,58,6,52,2
171747,63,12,51,2
171748,60,7,53,2
171749,50,6,44,2
171750,60,7,53,2
171751,53,4,49,2
171752,52,3,49,2
171753,50,6,44,2
171754,57,5,52,2
171755,55,7,48,2
171756,61,9,52,2
171757,41,3,38,2
171758,61,9,52,2
171759,46,4,42,2
171760,42,5,37,2
171761,66,6,60,2
171762,54,6,48,2
171763,50,3,47,2
171764,63,7,56,2
171765,51,7,44,2
171766,38,5,33,2
171767,57,6,51,2
171768,60,7,53,2
171769,57,9,48,2
171770,60,6,54,2
171771,52,3,49,2
171772,57,7,50,2
171773,47,7,40,2
171774,61,12,49,2
171775,69,8,61,2
171776,45,3,42,2
171777,63,12,51,2
171778,56,5,51,2
171779,49,2,47,2
171780,49,7,42,2
171781,49,9,40,2
171782,52,4,48,2
171783,55,9,46,2
171784,45,6,39,2
171785,55,8,47,2
171786,57,9,48,2
171787,73,5,68,2
171788,54,5,49,2
171789,59,7,52,2
171790,53,3,50,2
171791,63,8,55,2
171792,60,7,53,2
171793,60,12,48,2
171794,70,8,62,2
171795,56,7,49,2
171796,52,7,45,2
171797,45,3,42,2
171798,59,2,57,2
171799,57,4,53,2
171800,53,3,50,2
171801,53,5,48,2
171802,51,7,44,2
171803,53,7,46,2
171804,67,6,61,2
171805,55,4,51,2
171806,57,10,47,2
171807,72,11,61,2
171808,47,6,41,2
171809,52,6,46,2
171810,63,15,48,2
171811,64,9,55,2
171812,57,5,52,2
171813,56,6,50,2
171814,59,6,53,2
171815,57,7,50,2
171816,45,7,38,2
171817,58,4,54,2
171818,57,5,52,2
171819,57,4,53,2
171820,50,3,47,2
171821,53,3,50,2
171822,48,7,41,2
171823,52,11,41,2
171824,59,9,50,2
171825,54,7,47,2
171826,68,14,54,2
171827,55,3,52,2
171828,45,10,35,2
171829,45,12,33,2
171830,53,6,47,2
171831,51,2,49,2
171832,54,2,52,2
171833,46,9,37,2
171834,49,3,46,2
171835,52,4,48,2
171836,59,5,54,2
171837,50,8,42,2
171838,53,3,50,2
171839,58,4,54,2
171840,50,2,48,2
171841,54,5,49,2
171842,49,4,45,2
171843,61,8,53,2
171844,43,3,40,2
171845,57,6,51,2
171846,44,5,39,2
171847,49,8,41,2
171848,49,7,42,2
171849,72,6,66,2
171850,55,5,50,2
171851,51,8,43,2
171852,54,6,48,2
171853,45,3,42,2
171854,50,7,43,2
171855,54,9,45,2
171856,49,7,42,2
171857,46,5,41,2
171858,51,12,39,2
171859,49,4,45,2
171860,56,9,47,2
171861,54,8,46,2
171862,49,8,41,2
171863,58,7,51,2
171864,47,7,40,2
171865,64,7,57,2
171866,53,4,49,2
171867,57,7,50,2
171868,48,4,44,2
171869,57,4,53,2
171870,51,7,44,2
171871,63,8,55,2
171872,55,5,50,2
171873,53,7,46,2
171874,75,7,68,2
171875,60,11,49,2
171876,64,11,53,2
171877,47,2,45,2
171878,52,4,48,2
171879,54,7,47,2
171880,55,9,46,2
171881,54,9,45,2
171882,61,4,57,2
171883,55,6,49,2
171884,57,4,53,2
171885,57,8,49,2
171886,56,9,47,2
171887,61,11,50,2
171888,46,7,39,2
171889,53,6,47,2
171890,56,7,49,2
171891,60,6,54,2
171892,65,8,57,2
171893,64,7,57,2
171894,64,8,56,2
171895,47,5,42,2
171896,47,2,45,2
171897,44,1,43,2
171898,63,11,52,2
171899,46,3,43,2
171900,51,5,46,2
171901,56,8,48,2
171902,58,8,50,2
171903,51,7,44,2
171904,56,6,50,2
171905,53,4,49,2
171906,45,3,42,2
171907,47,9,38,2
171908,56,8,48,2
171909,56,8,48,2
171910,45,5,40,2
171911,49,7,42,2
171912,41,1,40,2
171913,46,8,38,2
171914,57,8,49,2
171915,60,10,50,2
171916,56,6,50,2
171917,54,6,48,2
171918,43,6,37,2
171919,48,7,41,2
171920,50,9,41,2
171921,54,5,49,2
171922,62,8,54,2
171923,61,9,52,2
171924,73,10,63,2
171925,48,3,45,2
171926,71,8,63,2
171927,57,2,55,2
171928,50,3,47,2
171929,56,7,49,2
171930,62,9,53,2
171931,56,8,48,2
171932,61,3,58,2
171933,58,11,47,2
171934,63,5,58,2
171935,61,10,51,2
171936,61,9,52,2
171937,57,5,52,2
171938,50,7,43,2
171939,45,5,40,2
171940,51,7,44,2
171941,45,4,41,2
171942,42,6,36,2
171943,54,9,45,2
171944,44,6,38,2
171945,61,11,50,2
171946,61,9,52,2
171947,46,4,42,2
171948,52,5,47,2
171949,52,6,46,2
171950,56,5,51,2
171951,47,6,41,2
171952,50,9,41,2
171953,64,8,56,2
171954,57,9,48,2
171955,51,7,44,2
171956,41,5,36,2
171957,73,8,65,2
171958,56,4,52,2
171959,46,3,43,2
171960,57,7,50,2
171961,45,5,40,2
171962,50,9,41,2
171963,63,10,53,2
171964,48,7,41,2
171965,72,4,68,2
171966,49,6,43,2
171967,47,6,41,2
171968,60,7,53,2
171969,66,9,57,2
171970,44,1,43,2
171971,56,7,49,2
171972,42,6,36,2
171973,61,7,54,2
171974,47,5,42,2
171975,57,8,49,2
171976,59,6,53,2
171977,61,6,55,2
171978,42,6,36,2
171979,49,5,44,2
171980,63,2,61,2
171981,67,5,62,2
171982,47,4,43,2
171983,42,9,33,2
171984,63,9,54,2
171985,58,4,54,2
171986,43,6,37,2
171987,50,3,47,2
171988,53,7,46,2
171989,56,7,49,2
171990,52,6,46,2
171991,63,9,54,2
171992,51,8,43,2
171993,54,4,50,2
171994,51,6,45,2
171995,48,2,46,2
171996,55,5,50,2
171997,51,1,50,2
171998,57,6,51,2
171999,65,8,57,2
172000,61,4,57,2
172001,56,8,48,2
172002,60,5,55,2
172003,46,5,41,2
172004,69,7,62,2
172005,53,7,46,2
172006,51,4,47,2
172007,53,7,46,2
172008,59,7,52,2
172009,61,9,52,2
172010,51,6,45,2
172011,30,2,28,2
172012,33,5,28,2
172013,46,6,40,2
172014,58,4,54,2
172015,61,5,56,2
172016,62,9,53,2
172017,60,6,54,2
172018,52,11,41,2
172019,55,5,50,2
172020,70,4,66,2
172021,42,4,38,2
172022,58,8,50,2
172023,47,4,43,2
172024,53,6,47,2
172025,53,5,48,2
172026,49,8,41,2
172027,57,8,49,2
172028,52,13,39,2
172029,57,10,47,2
172030,53,2,51,2
172031,64,6,58,2
172032,69,9,60,2
172033,60,5,55,2
172034,53,4,49,2
172035,54,3,51,2
172036,48,8,40,2
172037,41,2,39,2
172038,55,8,47,2
172039,63,7,56,2
172040,54,5,49,2
172041,58,7,51,2
172042,53,6,47,2
172043,57,5,52,2
172044,52,5,47,2
172045,48,1,47,2
172046,60,6,54,2
172047,45,8,37,2
172048,51,4,47,2
172049,49,9,40,2
172050,54,5,49,2
172051,42,1,41,2
172052,63,7,56,2
172053,52,2,50,2
172054,47,6,41,2
172055,56,4,52,2
172056,53,9,44,2
172057,45,3,42,2
172058,54,8,46,2
172059,61,3,58,2
172060,59,7,52,2
172061,64,5,59,2
172062,54,9,45,2
172063,64,10,54,2
172064,44,8,36,2
172065,48,5,43,2
172066,42,4,38,2
172067,53,6,47,2
172068,49,9,40,2
172069,69,10,59,2
172070,58,6,52,2
172071,52,4,48,2
172072,42,7,35,2
172073,45,4,41,2
172074,57,6,51,2
172075,53,10,43,2
172076,59,5,54,2
172077,60,6,54,2
172078,42,5,37,2
172079,46,8,38,2
172080,56,8,48,2
172081,55,8,47,2
172082,50,4,46,2
172083,51,5,46,2
172084,54,4,50,2
172085,60,9,51,2
172086,52,6,46,2
172087,46,3,43,2
172088,63,12,51,2
172089,51,8,43,2
172090,38,1,37,2
172091,51,7,44,2
172092,50,2,48,2
172093,66,10,56,2
172094,55,7,48,2
172095,63,6,57,2
172096,55,7,48,2
172097,54,4,50,2
172098,52,7,45,2
172099,58,4,54,2
172100,57,12,45,2
172101,49,3,46,2
172102,53,7,46,2
172103,41,3,38,2
172104,56,6,50,2
172105,51,6,45,2
172106,54,8,46,2
172107,44,7,37,2
172108,53,5,48,2
172109,59,8,51,2
172110,55,5,50,2
172111,55,5,50,2
172112,70,5,65,2
172113,59,4,55,2
172114,57,3,54,2
172115,61,6,55,2
172116,55,6,49,2
172117,57,9,48,2
172118,51,9,42,2
172119,52,6,46,2
172120,48,6,42,2
172121,53,5,48,2
172122,55,7,48,2
172123,69,4,65,2
172124,52,9,43,2
172125,59,5,54,2
172126,41,4,37,2
172127,54,10,44,2
172128,57,4,53,2
172129,49,6,43,2
172130,59,5,54,2
172131,56,3,53,2
172132,53,9,44,2
172133,55,5,50,2
172134,55,6,49,2
172135,56,6,50,2
172136,69,8,61,2
172137,50,7,43,2
172138,44,2,42,2
172139,62,7,55,2
172140,53,7,46,2
172141,53,9,44,2
172142,46,8,38,2
172143,60,7,53,2
172144,60,9,51,2
172145,41,5,36,2
172146,68,11,57,2
172147,52,6,46,2
172148,45,7,38,2
172149,54,11,43,2
172150,63,14,49,2
172151,55,5,50,2
172152,57,10,47,2
172153,56,4,52,2
172154,50,7,43,2
172155,47,8,39,2
172156,51,4,47,2
172157,53,8,45,2
172158,55,4,51,2
172159,48,4,44,2
172160,51,5,46,2
172161,61,9,52,2
172162,46,10,36,2
172163,53,7,46,2
172164,62,7,55,2
172165,46,8,38,2
172166,55,5,50,2
172167,57,2,55,2
172168,40,6,34,2
172169,56,5,51,2
172170,66,6,60,2
172171,59,4,55,2
172172,45,3,42,2
172173,70,8,62,2
172174,43,2,41,2
172175,60,8,52,2
172176,51,4,47,2
172177,49,7,42,2
172178,45,3,42,2
172179,47,9,38,2
172180,52,3,49,2
172181,49,6,43,2
172182,51,4,47,2
172183,45,7,38,2
172184,56,10,46,2
172185,47,7,40,2
172186,63,12,51,2
172187,58,8,50,2
172188,50,6,44,2
172189,51,5,46,2
172190,46,4,42,2
172191,43,4,39,2
172192,51,8,43,2
172193,42,6,36,2
172194,45,4,41,2
172195,59,7,52,2
172196,56,7,49,2
172197,46,9,37,2
172198,53,8,45,2
172199,56,2,54,2
172200,59,4,55,2
172201,47,4,43,2
172202,57,9,48,2
172203,54,3,51,2
172204,55,10,45,2
172205,55,7,48,2
172206,53,2,51,2
172207,62,8,54,2
172208,68,10,58,2
172209,52,6,46,2
172210,49,6,43,2
172211,55,3,52,2
172212,61,7,54,2
172213,44,2,42,2
172214,63,9,54,2
172215,60,9,51,2
172216,44,5,39,2
172217,48,8,40,2
172218,59,6,53,2
172219,50,10,40,2
172220,63,9,54,2
172221,46,3,43,2
172222,42,3,39,2
172223,50,4,46,2
172224,44,8,36,2
172225,49,3,46,2
172226,39,3,36,2
172227,51,8,43,2
172228,66,10,56,2
172229,63,9,54,2
172230,46,4,42,2
172231,48,6,42,2
172232,56,3,53,2
172233,54,7,47,2
172234,68,6,62,2
172235,56,4,52,2
172236,50,3,47,2
172237,52,3,49,2
172238,53,7,46,2
172239,45,3,42,2
172240,56,6,50,2
172241,59,9,50,2
172242,52,8,44,2
172243,49,8,41,2
172244,60,9,51,2
172245,49,8,41,2
172246,50,5,45,2
172247,51,9,42,2
172248,60,3,57,2
172249,46,3,43,2
172250,71,8,63,2
172251,53,6,47,2
172252,39,2,37,2
172253,53,5,48,2
172254,56,4,52,2
172255,71,9,62,2
172256,58,3,55,2
172257,52,11,41,2
172258,57,8,49,2
172259,50,9,41,2
172260,54,8,46,2
172261,59,11,48,2
172262,56,9,47,2
172263,66,8,58,2
172264,50,6,44,2
172265,47,4,43,2
172266,45,3,42,2
172267,59,6,53,2
172268,54,6,48,2
172269,57,5,52,2
172270,63,13,50,2
172271,50,5,45,2
172272,56,7,49,2
172273,52,6,46,2
172274,65,6,59,2
172275,55,2,53,2
172276,56,10,46,2
172277,59,11,48,2
172278,47,3,44,2
172279,56,5,51,2
172280,61,7,54,2
172281,47,6,41,2
172282,69,6,63,2
172283,59,3,56,2
172284,51,5,46,2
172285,63,8,55,2
172286,65,8,57,2
172287,57,7,50,2
172288,62,5,57,2
172289,52,11,41,2
172290,57,8,49,2
172291,53,4,49,2
172292,45,6,39,2
172293,55,7,48,2
172294,57,7,50,2
172295,49,3,46,2
172296,49,2,47,2
172297,52,5,47,2
172298,49,7,42,2
172299,55,8,47,2
172300,49,5,44,2
172301,43,8,35,2
172302,53,12,41,2
172303,47,4,43,2
172304,49,7,42,2
172305,62,9,53,2
172306,49,5,44,2
172307,51,3,48,2
172308,54,5,49,2
172309,54,8,46,2
172310,58,5,53,2
172311,48,3,45,2
172312,48,8,40,2
172313,54,6,48,2
172314,64,5,59,2
172315,46,8,38,2
172316,51,6,45,2
172317,53,11,42,2
172318,71,8,63,2
172319,47,6,41,2
172320,60,9,51,2
172321,54,4,50,2
172322,67,10,57,2
172323,53,6,47,2
172324,45,8,37,2
172325,50,8,42,2
172326,47,8,39,2
172327,49,6,43,2
172328,60,7,53,2
172329,52,5,47,2
172330,50,10,40,2
172331,65,5,60,2
172332,44,6,38,2
172333,51,6,45,2
172334,62,9,53,2
172335,56,9,47,2
172336,55,10,45,2
172337,60,9,51,2
172338,60,6,54,2
172339,53,8,45,2
172340,50,4,46,2
172341,49,4,45,2
172342,55,9,46,2
172343,64,4,60,2
172344,56,6,50,2
172345,54,8,46,2
172346,50,9,41,2
172347,59,7,52,2
172348,61,5,56,2
172349,49,5,44,2
172350,63,5,58,2
172351,55,5,50,2
172352,48,3,45,2
172353,71,12,59,2
172354,39,3,36,2
172355,65,6,59,2
172356,58,6,52,2
172357,52,6,46,2
172358,56,7,49,2
172359,65,1,64,2
172360,61,7,54,2
172361,56,6,50,2
172362,62,7,55,2
172363,62,3,59,2
172364,44,9,35,2
172365,52,2,50,2
172366,45,2,43,2
172367,50,9,41,2
172368,53,7,46,2
172369,58,7,51,2
172370,50,8,42,2
172371,66,7,59,2
172372,59,7,52,2
172373,50,4,46,2
172374,46,10,36,2
172375,47,6,41,2
172376,55,4,51,2
172377,58,4,54,2
172378,40,7,33,2
172379,46,4,42,2
172380,64,6,58,2
172381,55,4,51,2
172382,42,4,38,2
172383,56,7,49,2
172384,47,6,41,2
172385,64,6,58,2
172386,41,3,38,2
172387,49,8,41,2
172388,60,6,54,2
172389,57,8,49,2
172390,64,2,62,2
172391,61,11,50,2
172392,55,3,52,2
172393,48,5,43,2
172394,56,7,49,2
172395,60,5,55,2
172396,69,10,59,2
172397,45,4,41,2
172398,51,9,42,2
172399,54,6,48,2
172400,59,6,53,2
172401,54,5,49,2
172402,44,4,40,2
172403,52,5,47,2
172404,47,4,43,2
172405,54,12,42,2
172406,49,3,46,2
172407,56,7,49,2
172408,62,9,53,2
172409,45,9,36,2
172410,74,5,69,2
172411,57,6,51,2
172412,65,13,52,2
172413,59,10,49,2
172414,46,4,42,2
172415,51,12,39,2
172416,49,6,43,2
172417,53,1,52,2
172418,43,9,34,2
172419,60,5,55,2
172420,59,10,49,2
172421,53,6,47,2
172422,55,8,47,2
172423,57,7,50,2
172424,57,7,50,2
172425,63,8,55,2
172426,45,3,42,2
172427,64,9,55,2
172428,52,8,44,2
172429,61,7,54,2
172430,58,3,55,2
172431,62,14,48,2
172432,55,15,40,2
172433,50,5,45,2
172434,51,8,43,2
172435,49,3,46,2
172436,47,6,41,2
172437,56,10,46,2
172438,60,6,54,2
172439,62,7,55,2
172440,56,7,49,2
172441,54,6,48,2
172442,64,6,58,2
172443,50,12,38,2
172444,52,6,46,2
172445,51,3,48,2
172446,53,7,46,2
172447,46,4,42,2
172448,52,2,50,2
172449,58,6,52,2
172450,54,3,51,2
172451,59,15,44,2
172452,61,4,57,2
172453,63,12,51,2
172454,59,4,55,2
172455,63,4,59,2
172456,52,6,46,2
172457,62,7,55,2
172458,55,12,43,2
172459,52,7,45,2
172460,36,3,33,2
172461,49,7,42,2
172462,59,5,54,2
172463,48,7,41,2
172464,50,8,42,2
172465,62,7,55,2
172466,62,9,53,2
172467,45,5,40,2
172468,62,4,58,2
172469,51,4,47,2
172470,55,5,50,2
172471,58,9,49,2
172472,52,4,48,2
172473,58,7,51,2
172474,55,8,47,2
172475,48,3,45,2
172476,63,3,60,2
172477,40,4,36,2
172478,67,9,58,2
172479,60,3,57,2
172480,60,4,56,2
172481,58,8,50,2
172482,49,5,44,2
172483,50,8,42,2
172484,59,11,48,2
172485,41,1,40,2
172486,58,3,55,2
172487,57,8,49,2
172488,54,5,49,2
172489,67,10,57,2
172490,49,6,43,2
172491,55,2,53,2
172492,57,5,52,2
172493,63,7,56,2
172494,60,13,47,2
172495,53,6,47,2
172496,57,4,53,2
172497,54,4,50,2
172498,48,6,42,2
172499,42,3,39,2
172500,45,7,38,2
172501,45,7,38,2
172502,57,6,51,2
172503,53,10,43,2
172504,65,6,59,2
172505,55,6,49,2
172506,40,2,38,2
172507,48,8,40,2
172508,44,5,39,2
172509,52,5,47,2
172510,51,5,46,2
172511,62,9,53,2
172512,50,9,41,2
172513,51,7,44,2
172514,62,10,52,2
172515,36,5,31,2
172516,52,10,42,2
172517,49,8,41,2
172518,62,9,53,2
172519,60,7,53,2
172520,48,7,41,2
172521,60,7,53,2
172522,65,4,61,2
172523,57,9,48,2
172524,58,7,51,2
172525,58,12,46,2
172526,58,6,52,2
172527,47,5,42,2
172528,55,8,47,2
172529,52,2,50,2
172530,51,7,44,2
172531,50,3,47,2
172532,55,10,45,2
172533,55,5,50,2
172534,47,4,43,2
172535,58,10,48,2
172536,58,5,53,2
172537,47,5,42,2
172538,44,5,39,2
172539,67,9,58,2
172540,47,6,41,2
172541,61,8,53,2
172542,62,5,57,2
172543,66,9,57,2
172544,61,8,53,2
172545,50,4,46,2
172546,59,12,47,2
172547,47,4,43,2
172548,57,3,54,2
172549,72,5,67,2
172550,66,8,58,2
172551,48,4,44,2
172552,54,3,51,2
172553,51,4,47,2
172554,58,9,49,2
172555,51,10,41,2
172556,58,8,50,2
172557,45,9,36,2
172558,52,5,47,2
172559,64,10,54,2
172560,57,5,52,2
172561,41,5,36,2
172562,52,6,46,2
172563,50,8,42,2
172564,46,5,41,2
172565,52,6,46,2
172566,57,3,54,2
172567,48,8,40,2
172568,58,7,51,2
172569,48,10,38,2
172570,56,10,46,2
172571,51,5,46,2
172572,56,8,48,2
172573,60,7,53,2
172574,56,5,51,2
172575,55,8,47,2
172576,58,4,54,2
172577,62,4,58,2
172578,69,6,63,2
172579,50,5,45,2
172580,56,9,47,2
172581,45,7,38,2
172582,43,8,35,2
172583,55,3,52,2
172584,55,3,52,2
172585,53,2,51,2
172586,56,5,51,2
172587,61,11,50,2
172588,49,8,41,2
172589,54,6,48,2
172590,52,3,49,2
172591,46,7,39,2
172592,52,4,48,2
172593,50,10,40,2
172594,49,3,46,2
172595,59,5,54,2
172596,43,7,36,2
172597,45,5,40,2
172598,45,12,33,2
172599,63,8,55,2
172600,54,5,49,2
172601,63,5,58,2
172602,49,6,43,2
172603,55,6,49,2
172604,58,10,48,2
172605,59,8,51,2
172606,41,4,37,2
172607,53,4,49,2
172608,50,7,43,2
172609,57,4,53,2
172610,45,5,40,2
172611,60,5,55,2
172612,61,10,51,2
172613,53,5,48,2
172614,48,10,38,2
172615,58,10,48,2
172616,46,3,43,2
172617,54,6,48,2
172618,62,10,52,2
172619,57,8,49,2
172620,52,3,49,2
172621,56,2,54,2
172622,59,8,51,2
172623,57,7,50,2
172624,51,4,47,2
172625,56,5,51,2
172626,49,6,43,2
172627,57,10,47,2
172628,52,7,45,2
172629,54,9,45,2
172630,49,6,43,2
172631,44,5,39,2
172632,55,8,47,2
172633,59,5,54,2
172634,55,4,51,2
172635,54,9,45,2
172636,54,3,51,2
172637,48,8,40,2
172638,45,6,39,2
172639,57,4,53,2
172640,53,3,50,2
172641,48,4,44,2
172642,59,6,53,2
172643,52,10,42,2
172644,48,3,45,2
172645,51,6,45,2
172646,60,8,52,2
172647,56,11,45,2
172648,46,5,41,2
172649,50,6,44,2
172650,58,7,51,2
172651,49,7,42,2
172652,49,7,42,2
172653,58,6,52,2
172654,51,3,48,2
172655,44,2,42,2
172656,64,7,57,2
172657,54,6,48,2
172658,53,4,49,2
172659,55,5,50,2
172660,68,8,60,2
172661,62,6,56,2
172662,40,0,40,1
172663,39,4,35,2
172664,49,4,45,2
172665,60,7,53,2
172666,49,8,41,2
172667,44,14,30,2
172668,61,8,53,2
172669,50,4,46,2
172670,59,8,51,2
172671,55,4,51,2
172672,47,9,38,2
172673,56,8,48,2
172674,63,5,58,2
172675,58,6,52,2
172676,50,5,45,2
172677,66,9,57,2
172678,53,11,42,2
172679,72,10,62,2
172680,41,10,31,2
172681,61,4,57,2
172682,57,7,50,2
172683,61,3,58,2
172684,51,7,44,2
172685,50,4,46,2
172686,56,4,52,2
172687,69,15,54,2
172688,55,13,42,2
172689,52,11,41,2
172690,66,7,59,2
172691,56,5,51,2
172692,46,8,38,2
172693,45,4,41,2
172694,51,7,44,2
172695,51,4,47,2
172696,64,9,55,2
172697,46,7,39,2
172698,46,6,40,2
172699,60,8,52,2
172700,58,3,55,2
172701,55,6,49,2
172702,58,11,47,2
172703,53,8,45,2
172704,68,5,63,2
172705,61,5,56,2
172706,54,10,44,2
172707,59,10,49,2
172708,44,5,39,2
172709,59,9,50,2
172710,58,10,48,2
172711,44,5,39,2
172712,47,4,43,2
172713,44,3,41,2
172714,56,8,48,2
172715,59,4,55,2
172716,53,9,44,2
172717,57,6,51,2
172718,58,9,49,2
172719,60,9,51,2
172720,48,6,42,2
172721,61,5,56,2
172722,56,7,49,2
172723,56,11,45,2
172724,45,5,40,2
172725,48,4,44,2
172726,59,2,57,2
172727,63,4,59,2
172728,48,7,41,2
172729,40,4,36,2
172730,51,4,47,2
172731,55,2,53,2
172732,59,8,51,2
172733,59,10,49,2
172734,60,6,54,2
172735,55,8,47,2
172736,52,9,43,2
172737,57,6,51,2
172738,42,6,36,2
172739,51,9,42,2
172740,54,14,40,2
172741,48,5,43,2
172742,53,8,45,2
172743,46,9,37,2
172744,68,7,61,2
172745,50,2,48,2
172746,41,2,39,2
172747,47,3,44,2
172748,50,3,47,2
172749,59,6,53,2
172750,46,7,39,2
172751,40,4,36,2
172752,41,3,38,2
172753,57,5,52,2
172754,51,6,45,2
172755,57,5,52,2
172756,47,4,43,2
172757,53,4,49,2
172758,62,7,55,2
172759,61,4,57,2
172760,52,3,49,2
172761,47,6,41,2
172762,56,5,51,2
172763,52,4,48,2
172764,53,6,47,2
172765,56,9,47,2
172766,53,8,45,2
172767,47,3,44,2
172768,57,11,46,2
172769,79,19,60,2
172770,55,7,48,2
172771,58,6,52,2
172772,63,7,56,2
172773,39,7,32,2
172774,58,8,50,2
172775,50,4,46,2
172776,61,8,53,2
172777,58,4,54,2
172778,64,8,56,2
172779,55,5,50,2
172780,64,13,51,2
172781,53,4,49,2
172782,53,4,49,2
172783,48,5,43,2
172784,60,9,51,2
172785,64,13,51,2
172786,62,6,56,2
172787,69,11,58,2
172788,63,7,56,2
172789,53,5,48,2
172790,56,5,51,2
172791,56,8,48,2
172792,51,5,46,2
172793,54,8,46,2
172794,56,5,51,2
172795,58,8,50,2
172796,51,7,44,2
172797,54,7,47,2
172798,59,5,54,2
172799,48,6,42,2
172800,47,4,43,2
172801,63,5,58,2
172802,56,8,48,2
172803,60,10,50,2
172804,53,8,45,2
172805,47,5,42,2
172806,52,6,46,2
172807,52,6,46,2
172808,57,9,48,2
172809,69,4,65,2
172810,45,4,41,2
172811,66,13,53,2
172812,41,9,32,2
172813,59,8,51,2
172814,50,6,44,2
172815,49,2,47,2
172816,44,3,41,2
172817,58,10,48,2
172818,54,7,47,2
172819,40,5,35,2
172820,47,3,44,2
172821,62,4,58,2
172822,51,6,45,2
172823,42,5,37,2
172824,66,9,57,2
172825,54,4,50,2
172826,60,10,50,2
172827,51,7,44,2
172828,49,8,41,2
172829,50,4,46,2
172830,48,7,41,2
172831,59,8,51,2
172832,55,5,50,2
172833,56,8,48,2
172834,50,3,47,2
172835,44,9,35,2
172836,53,9,44,2
172837,67,12,55,2
172838,55,8,47,2
172839,40,6,34,2
172840,59,8,51,2
172841,39,4,35,2
172842,69,13,56,2
172843,57,5,52,2
172844,58,9,49,2
172845,52,6,46,2
172846,51,7,44,2
172847,55,8,47,2
172848,54,8,46,2
172849,65,6,59,2
172850,45,4,41,2
172851,56,10,46,2
172852,48,8,40,2
172853,53,7,46,2
172854,47,9,38,2
172855,64,9,55,2
172856,56,4,52,2
172857,53,4,49,2
172858,57,7,50,2
172859,44,8,36,2
172860,55,8,47,2
172861,61,9,52,2
172862,52,6,46,2
172863,48,9,39,2
172864,58,6,52,2
172865,57,7,50,2
172866,61,9,52,2
172867,58,11,47,2
172868,48,1,47,2
172869,68,8,60,2
172870,58,3,55,2
172871,41,4,37,2
172872,50,8,42,2
172873,52,7,45,2
172874,46,8,38,2
172875,60,7,53,2
172876,53,6,47,2
172877,56,6,50,2
172878,45,4,41,2
172879,59,8,51,2
172880,59,9,50,2
172881,73,8,65,2
172882,57,8,49,2
172883,59,8,51,2
172884,54,7,47,2
172885,62,3,59,2
172886,64,12,52,2
172887,57,8,49,2
172888,56,2,54,2
172889,44,6,38,2
172890,61,4,57,2
172891,57,5,52,2
172892,54,2,52,2
172893,63,12,51,2
172894,59,7,52,2
172895,49,9,40,2
172896,57,8,49,2
172897,48,6,42,2
172898,52,6,46,2
172899,58,7,51,2
172900,49,7,42,2
172901,58,10,48,2
172902,57,8,49,2
172903,63,9,54,2
172904,38,7,31,2
172905,62,5,57,2
172906,61,8,53,2
172907,51,7,44,2
172908,51,5,46,2
172909,50,7,43,2
172910,52,6,46,2
172911,56,7,49,2
172912,62,7,55,2
172913,54,6,48,2
172914,55,9,46,2
172915,60,10,50,2
172916,62,16,46,2
172917,51,8,43,2
172918,40,5,35,2
172919,59,11,48,2
172920,46,6,40,2
172921,59,9,50,2
172922,59,9,50,2
172923,55,7,48,2
172924,61,6,55,2
172925,48,7,41,2
172926,60,6,54,2
172927,37,5,32,2
172928,63,8,55,2
172929,44,5,39,2
172930,56,9,47,2
172931,49,6,43,2
172932,48,7,41,2
172933,57,6,51,2
172934,51,8,43,2
172935,60,7,53,2
172936,50,9,41,2
172937,54,11,43,2
172938,55,11,44,2
172939,63,6,57,2
172940,64,11,53,2
172941,56,7,49,2
172942,59,5,54,2
172943,67,8,59,2
172944,51,9,42,2
172945,52,8,44,2
172946,39,7,32,2
172947,55,2,53,2
172948,67,9,58,2
172949,45,4,41,2
172950,48,2,46,2
172951,50,5,45,2
172952,60,6,54,2
172953,49,5,44,2
172954,42,7,35,2
172955,55,8,47,2
172956,52,5,47,2
172957,55,4,51,2
172958,47,2,45,2
172959,67,9,58,2
172960,43,5,38,2
172961,50,4,46,2
172962,75,8,67,2
172963,60,7,53,2
172964,48,7,41,2
172965,44,10,34,2
172966,55,9,46,2
172967,47,7,40,2
172968,51,4,47,2
172969,48,7,41,2
172970,59,5,54,2
172971,56,7,49,2
172972,58,6,52,2
172973,50,7,43,2
172974,59,7,52,2
172975,68,9,59,2
172976,59,11,48,2
172977,65,7,58,2
172978,45,5,40,2
172979,50,10,40,2
172980,63,5,58,2
172981,61,11,50,2
172982,54,9,45,2
172983,73,4,69,2
172984,49,7,42,2
172985,62,9,53,2
172986,59,11,48,2
172987,61,4,57,2
172988,61,10,51,2
172989,36,0,36,1
172990,55,8,47,2
172991,60,7,53,2
172992,55,8,47,2
172993,50,8,42,2
172994,42,4,38,2
172995,66,9,57,2
172996,50,3,47,2
172997,49,4,45,2
172998,44,3,41,2
172999,49,4,45,2
173000,56,8,48,2
173001,55,8,47,2
173002,55,8,47,2
173003,39,3,36,2
173004,59,9,50,2
173005,46,4,42,2
173006,67,8,59,2
173007,64,5,59,2
173008,53,4,49,2
173009,40,6,34,2
173010,59,6,53,2
173011,58,6,52,2
173012,37,3,34,2
173013,58,3,55,2
173014,50,3,47,2
173015,58,7,51,2
173016,48,5,43,2
173017,55,5,50,2
173018,60,11,49,2
173019,54,4,50,2
173020,62,8,54,2
173021,55,5,50,2
173022,41,3,38,2
173023,41,5,36,2
173024,51,10,41,2
173025,59,7,52,2
173026,65,5,60,2
173027,45,6,39,2
173028,48,8,40,2
173029,58,7,51,2
173030,58,6,52,2
173031,66,10,56,2
173032,46,1,45,2
173033,44,12,32,2
173034,57,5,52,2
173035,51,5,46,2
173036,41,5,36,2
173037,54,6,48,2
173038,48,9,39,2
173039,54,5,49,2
173040,48,7,41,2
173041,50,5,45,2
173042,62,5,57,2
173043,47,4,43,2
173044,44,3,41,2
173045,65,10,55,2
173046,64,9,55,2
173047,53,4,49,2
173048,37,2,35,2
173049,57,9,48,2
173050,55,6,49,2
173051,50,9,41,2
173052,66,7,59,2
173053,57,10,47,2
173054,60,7,53,2
173055,53,7,46,2
173056,57,7,50,2
173057,44,3,41,2
173058,45,12,33,2
173059,62,6,56,2
173060,43,6,37,2
173061,42,6,36,2
173062,59,6,53,2
173063,65,10,55,2
173064,65,13,52,2
173065,59,4,55,2
173066,58,5,53,2
173067,51,13,38,2
173068,59,2,57,2
173069,51,12,39,2
173070,51,8,43,2
173071,58,13,45,2
173072,52,9,43,2
173073,60,12,48,2
173074,47,4,43,2
173075,51,11,40,2
173076,62,10,52,2
173077,66,8,58,2
173078,59,6,53,2
173079,58,4,54,2
173080,52,6,46,2
173081,58,11,47,2
173082,56,6,50,2
173083,54,13,41,2
173084,56,6,50,2
173085,50,10,40,2
173086,60,5,55,2
173087,67,6,61,2
173088,59,7,52,2
173089,57,2,55,2
173090,44,5,39,2
173091,56,7,49,2
173092,49,8,41,2
173093,54,8,46,2
173094,78,10,68,2
173095,50,8,42,2
173096,57,9,48,2
173097,52,8,44,2
173098,50,8,42,2
173099,50,11,39,2
173100,42,7,35,2
173101,65,8,57,2
173102,48,1,47,2
173103,66,11,55,2
173104,68,4,64,2
173105,43,5,38,2
173106,43,4,39,2
173107,49,9,40,2
173108,50,8,42,2
173109,53,5,48,2
173110,54,4,50,2
173111,57,4,53,2
173112,53,8,45,2
173113,61,2,59,2
173114,54,9,45,2
173115,70,4,66,2
173116,49,5,44,2
173117,53,5,48,2
173118,58,5,53,2
173119,66,7,59,2
173120,59,6,53,2
173121,78,7,71,2
173122,40,3,37,2
173123,44,5,39,2
173124,50,8,42,2
173125,53,8,45,2
173126,62,10,52,2
173127,54,9,45,2
173128,52,6,46,2
173129,39,1,38,2
173130,46,11,35,2
173131,53,8,45,2
173132,41,4,37,2
173133,58,6,52,2
173134,47,7,40,2
173135,50,7,43,2
173136,68,5,63,2
173137,59,7,52,2
173138,54,7,47,2
173139,54,8,46,2
173140,62,6,56,2
173141,51,4,47,2
173142,58,8,50,2
173143,55,5,50,2
173144,52,4,48,2
173145,61,7,54,2
173146,60,8,52,2
173147,59,8,51,2
173148,45,6,39,2
173149,55,5,50,2
173150,43,4,39,2
173151,58,4,54,2
173152,61,8,53,2
173153,61,6,55,2
173154,50,2,48,2
173155,42,3,39,2
173156,59,12,47,2
173157,49,4,45,2
173158,53,6,47,2
173159,56,7,49,2
173160,54,4,50,2
173161,57,5,52,2
173162,60,5,55,2
173163,55,6,49,2
173164,47,8,39,2
173165,35,7,28,2
173166,48,3,45,2
173167,55,5,50,2
173168,58,9,49,2
173169,49,8,41,2
173170,62,6,56,2
173171,63,7,56,2
173172,54,5,49,2
173173,45,7,38,2
173174,68,5,63,2
173175,57,6,51,2
173176,58,8,50,2
173177,55,8,47,2
173178,62,7,55,2
173179,48,4,44,2
173180,50,4,46,2
173181,53,4,49,2
173182,55,7,48,2
173183,42,3,39,2
173184,52,7,45,2
173185,55,8,47,2
173186,57,8,49,2
173187,53,8,45,2
173188,50,5,45,2
173189,52,4,48,2
173190,65,8,57,2
173191,55,7,48,2
173192,65,4,61,2
173193,78,10,68,2
173194,55,3,52,2
173195,52,3,49,2
173196,54,9,45,2
173197,45,6,39,2
173198,59,6,53,2
173199,57,5,52,2
173200,44,3,41,2
173201,59,5,54,2
173202,52,5,47,2
173203,51,3,48,2
173204,56,8,48,2
173205,43,4,39,2
173206,49,4,45,2
173207,48,2,46,2
173208,37,7,30,2
173209,55,11,44,2
173210,55,10,45,2
173211,63,9,54,2
173212,49,8,41,2
173213,58,4,54,2
173214,60,9,51,2
173215,59,6,53,2
173216,60,7,53,2
173217,51,8,43,2
173218,39,4,35,2
173219,53,3,50,2
173220,40,6,34,2
173221,59,4,55,2
173222,49,10,39,2
173223,46,3,43,2
173224,57,7,50,2
173225,61,4,57,2
173226,56,5,51,2
173227,55,3,52,2
173228,62,6,56,2
173229,53,4,49,2
173230,48,2,46,2
173231,45,3,42,2
173232,70,6,64,2
173233,67,8,59,2
173234,67,9,58,2
173235,63,8,55,2
173236,54,4,50,2
173237,51,4,47,2
173238,56,5,51,2
173239,56,7,49,2
173240,48,4,44,2
173241,63,4,59,2
173242,47,3,44,2
173243,52,6,46,2
173244,55,7,48,2
173245,50,4,46,2
173246,62,7,55,2
173247,59,9,50,2
173248,46,3,43,2
173249,58,5,53,2
173250,53,3,50,2
173251,61,9,52,2
173252,57,4,53,2
173253,56,8,48,2
173254,50,8,42,2
173255,59,7,52,2
173256,40,4,36,2
173257,54,3,51,2
173258,54,8,46,2
173259,65,5,60,2
173260,57,9,48,2
173261,45,5,40,2
173262,54,9,45,2
173263,42,4,38,2
173264,46,6,40,2
173265,53,7,46,2
173266,51,3,48,2
173267,61,4,57,2
173268,60,10,50,2
173269,57,12,45,2
173270,52,2,50,2
173271,49,5,44,2
173272,58,10,48,2
173273,46,7,39,2
173274,52,9,43,2
173275,50,8,42,2
173276,51,4,47,2
173277,55,6,49,2
173278,57,5,52,2
173279,56,10,46,2
173280,49,6,43,2
173281,59,9,50,2
173282,69,11,58,2
173283,53,8,45,2
173284,72,9,63,2
173285,71,3,68,2
173286,60,8,52,2
173287,57,12,45,2
173288,60,8,52,2
173289,51,5,46,2
173290,72,8,64,2
173291,46,11,35,2
173292,54,7,47,2
173293,47,3,44,2
173294,50,6,44,2
173295,50,7,43,2
173296,48,9,39,2
173297,74,8,66,2
173298,59,4,55,2
173299,61,6,55,2
173300,51,5,46,2
173301,54,7,47,2
173302,68,6,62,2
173303,44,2,42,2
173304,46,2,44,2
173305,75,9,66,2
173306,50,4,46,2
173307,58,4,54,2
173308,50,5,45,2
173309,44,7,37,2
173310,55,5,50,2
173311,49,7,42,2
173312,57,5,52,2
173313,55,7,48,2
173314,48,3,45,2
173315,61,8,53,2
173316,60,8,52,2
173317,66,6,60,2
173318,41,4,37,2
173319,58,6,52,2
173320,60,5,55,2
173321,75,9,66,2
173322,61,7,54,2
173323,57,7,50,2
173324,56,8,48,2
173325,59,10,49,2
173326,51,5,46,2
173327,61,10,51,2
173328,57,6,51,2
173329,53,7,46,2
173330,50,8,42,2
173331,49,6,43,2
173332,43,4,39,2
173333,46,4,42,2
173334,55,8,47,2
173335,47,7,40,2
173336,55,7,48,2
173337,55,3,52,2
173338,53,2,51,2
173339,42,2,40,2
173340,59,5,54,2
173341,41,9,32,2
173342,62,8,54,2
173343,45,1,44,2
173344,58,12,46,2
173345,53,3,50,2
173346,53,2,51,2
173347,49,6,43,2
173348,63,10,53,2
173349,59,10,49,2
173350,63,7,56,2
173351,55,6,49,2
173352,52,7,45,2
173353,53,7,46,2
173354,63,8,55,2
173355,41,7,34,2
173356,51,11,40,2
173357,54,10,44,2
173358,46,8,38,2
173359,55,11,44,2
173360,66,7,59,2
173361,49,4,45,2
173362,65,9,56,2
173363,59,7,52,2
173364,61,7,54,2
173365,46,8,38,2
173366,51,5,46,2
173367,48,5,43,2
173368,53,7,46,2
173369,48,9,39,2
173370,54,9,45,2
173371,63,2,61,2
173372,58,6,52,2
173373,48,9,39,2
173374,49,3,46,2
173375,53,7,46,2
173376,67,5,62,2
173377,48,5,43,2
173378,51,3,48,2
173379,59,7,52,2
173380,45,7,38,2
173381,61,8,53,2
173382,54,8,46,2
173383,52,6,46,2
173384,51,6,45,2
173385,52,6,46,2
173386,56,7,49,2
173387,62,8,54,2
173388,47,8,39,2
173389,45,5,40,2
173390,54,8,46,2
173391,63,10,53,2
173392,56,5,51,2
173393,40,4,36,2
173394,60,9,51,2
173395,68,4,64,2
173396,49,4,45,2
173397,63,6,57,2
173398,59,6,53,2
173399,62,9,53,2
173400,49,7,42,2
173401,71,6,65,2
173402,55,6,49,2
173403,58,6,52,2
173404,46,12,34,2
173405,68,9,59,2
173406,64,13,51,2
173407,52,3,49,2
173408,63,3,60,2
173409,48,6,42,2
173410,48,6,42,2
173411,52,9,43,2
173412,59,11,48,2
173413,60,7,53,2
173414,41,3,38,2
173415,59,6,53,2
173416,49,7,42,2
173417,55,8,47,2
173418,49,4,45,2
173419,49,9,40,2
173420,63,9,54,2
173421,53,2,51,2
173422,49,9,40,2
173423,53,4,49,2
173424,68,5,63,2
173425,39,6,33,2
173426,61,2,59,2
173427,54,5,49,2
173428,55,8,47,2
173429,59,3,56,2
173430,67,9,58,2
173431,48,11,37,2
173432,64,7,57,2
173433,53,9,44,2
173434,51,7,44,2
173435,39,1,38,2
173436,47,5,42,2
173437,61,7,54,2
173438,55,7,48,2
173439,54,7,47,2
173440,62,6,56,2
173441,63,9,54,2
173442,55,7,48,2
173443,55,4,51,2
173444,62,6,56,2
173445,56,12,44,2
173446,59,8,51,2
173447,49,9,40,2
173448,56,7,49,2
173449,49,7,42,2
173450,65,4,61,2
173451,59,8,51,2
173452,52,7,45,2
173453,39,10,29,2
173454,58,7,51,2
173455,50,7,43,2
173456,37,2,35,2
173457,50,6,44,2
173458,45,12,33,2
173459,47,4,43,2
173460,62,11,51,2
173461,45,3,42,2
173462,67,8,59,2
173463,49,3,46,2
173464,41,3,38,2
173465,56,11,45,2
173466,69,10,59,2
173467,47,6,41,2
173468,72,7,65,2
173469,55,8,47,2
173470,53,7,46,2
173471,56,10,46,2
173472,64,11,53,2
173473,59,9,50,2
173474,73,5,68,2
173475,56,12,44,2
173476,56,7,49,2
173477,46,6,40,2
173478,53,6,47,2
173479,54,6,48,2
173480,67,4,63,2
173481,62,4,58,2
173482,55,3,52,2
173483,62,9,53,2
173484,49,10,39,2
173485,54,9,45,2
173486,67,8,59,2
173487,63,4,59,2
173488,61,8,53,2
173489,63,6,57,2
173490,66,9,57,2
173491,45,5,40,2
173492,51,4,47,2
173493,65,6,59,2
173494,60,8,52,2
173495,54,10,44,2
173496,53,7,46,2
173497,56,8,48,2
173498,59,6,53,2
173499,65,5,60,2
173500,55,6,49,2
173501,60,8,52,2
173502,64,8,56,2
173503,59,8,51,2
173504,49,5,44,2
173505,51,6,45,2
173506,63,8,55,2
173507,51,3,48,2
173508,70,12,58,2
173509,47,4,43,2
173510,57,8,49,2
173511,60,10,50,2
173512,62,5,57,2
173513,67,14,53,2
173514,55,5,50,2
173515,49,7,42,2
173516,60,9,51,2
173517,50,9,41,2
173518,51,5,46,2
173519,44,7,37,2
173520,66,9,57,2
173521,54,7,47,2
173522,45,7,38,2
173523,53,6,47,2
173524,57,7,50,2
173525,55,8,47,2
173526,49,4,45,2
173527,55,6,49,2
173528,46,6,40,2
173529,61,10,51,2
173530,54,9,45,2
173531,58,3,55,2
173532,43,5,38,2
173533,61,4,57,2
173534,50,7,43,2
173535,60,6,54,2
173536,54,5,49,2
173537,59,10,49,2
173538,46,4,42,2
173539,64,8,56,2
173540,46,4,42,2
173541,45,1,44,2
173542,55,7,48,2
173543,49,5,44,2
173544,55,6,49,2
173545,57,4,53,2
173546,49,6,43,2
173547,51,8,43,2
173548,55,4,51,2
173549,52,6,46,2
173550,43,4,39,2
173551,47,3,44,2
173552,55,7,48,2
173553,43,6,37,2
173554,42,6,36,2
173555,51,4,47,2
173556,59,10,49,2
173557,51,6,45,2
173558,53,4,49,2
173559,48,4,44,2
173560,50,5,45,2
173561,52,7,45,2
173562,65,8,57,2
173563,52,8,44,2
173564,49,6,43,2
173565,62,7,55,2
173566,58,11,47,2
173567,52,4,48,2
173568,53,7,46,2
173569,55,11,44,2
173570,58,3,55,2
173571,48,9,39,2
173572,53,5,48,2
173573,59,6,53,2
173574,58,6,52,2
173575,60,9,51,2
173576,51,6,45,2
173577,58,6,52,2
173578,53,8,45,2
173579,58,8,50,2
173580,46,3,43,2
173581,60,8,52,2
173582,47,5,42,2
173583,51,5,46,2
173584,47,7,40,2
173585,52,6,46,2
173586,57,8,49,2
173587,59,10,49,2
173588,56,7,49,2
173589,45,4,41,2
173590,51,5,46,2
173591,64,4,60,2
173592,60,12,48,2
173593,47,6,41,2
173594,51,4,47,2
173595,59,8,51,2
173596,70,5,65,2
173597,50,8,42,2
173598,74,10,64,2
173599,56,5,51,2
173600,61,8,53,2
173601,60,10,50,2
173602,60,8,52,2
173603,56,12,44,2
173604,60,7,53,2
173605,52,6,46,2
173606,55,10,45,2
173607,58,6,52,2
173608,56,9,47,2
173609,55,8,47,2
173610,64,4,60,2
173611,63,11,52,2
173612,63,11,52,2
173613,59,9,50,2
173614,52,7,45,2
173615,53,8,45,2
173616,52,7,45,2
173617,55,9,46,2
173618,59,7,52,2
173619,54,7,47,2
173620,56,11,45,2
173621,46,6,40,2
173622,46,3,43,2
173623,48,4,44,2
173624,53,4,49,2
173625,54,2,52,2
173626,55,4,51,2
173627,47,6,41,2
173628,59,6,53,2
173629,59,12,47,2
173630,50,4,46,2
173631,53,4,49,2
173632,62,11,51,2
173633,67,12,55,2
173634,65,6,59,2
173635,50,3,47,2
173636,56,7,49,2
173637,48,6,42,2
173638,54,7,47,2
173639,59,6,53,2
173640,52,2,50,2
173641,57,6,51,2
173642,57,6,51,2
173643,60,5,55,2
173644,52,10,42,2
173645,62,8,54,2
173646,40,4,36,2
173647,70,7,63,2
173648,56,10,46,2
173649,53,8,45,2
173650,42,4,38,2
173651,63,8,55,2
173652,43,5,38,2
173653,56,11,45,2
173654,42,6,36,2
173655,56,7,49,2
173656,51,5,46,2
173657,50,4,46,2
173658,49,6,43,2
173659,57,8,49,2
173660,55,7,48,2
173661,67,13,54,2
173662,47,4,43,2
173663,55,3,52,2
173664,65,8,57,2
173665,60,3,57,2
173666,53,5,48,2
173667,45,4,41,2
173668,49,2,47,2
173669,50,4,46,2
173670,57,9,48,2
173671,58,8,50,2
173672,60,7,53,2
173673,52,4,48,2
173674,60,13,47,2
173675,37,5,32,2
173676,61,7,54,2
173677,70,9,61,2
173678,60,9,51,2
173679,35,5,30,2
173680,49,3,46,2
173681,38,6,32,2
173682,51,4,47,2
173683,68,3,65,2
173684,63,10,53,2
173685,61,10,51,2
173686,59,9,50,2
173687,45,1,44,2
173688,68,5,63,2
173689,48,6,42,2
173690,62,4,58,2
173691,54,9,45,2
173692,41,7,34,2
173693,50,10,40,2
173694,63,15,48,2
173695,57,2,55,2
173696,46,11,35,2
173697,62,6,56,2
173698,57,9,48,2
173699,54,4,50,2
173700,50,8,42,2
173701,54,9,45,2
173702,46,12,34,2
173703,64,6,58,2
173704,39,5,34,2
173705,43,6,37,2
173706,42,6,36,2
173707,51,7,44,2
173708,45,6,39,2
173709,56,5,51,2
173710,53,7,46,2
173711,45,4,41,2
173712,53,8,45,2
173713,62,9,53,2
173714,40,3,37,2
173715,51,4,47,2
173716,46,6,40,2
173717,49,3,46,2
173718,55,10,45,2
173719,62,8,54,2
173720,56,9,47,2
173721,51,5,46,2
173722,70,6,64,2
173723,58,7,51,2
173724,51,8,43,2
173725,45,10,35,2
173726,46,6,40,2
173727,57,8,49,2
173728,62,6,56,2
173729,55,6,49,2
173730,58,7,51,2
173731,58,6,52,2
173732,67,8,59,2
173733,60,6,54,2
173734,55,9,46,2
173735,69,8,61,2
173736,55,3,52,2
173737,62,8,54,2
173738,47,4,43,2
173739,53,5,48,2
173740,55,6,49,2
173741,51,4,47,2
173742,44,5,39,2
173743,60,8,52,2
173744,49,4,45,2
173745,52,10,42,2
173746,51,6,45,2
173747,66,17,49,2
173748,56,4,52,2
173749,53,10,43,2
173750,64,9,55,2
173751,54,7,47,2
173752,55,11,44,2
173753,51,2,49,2
173754,45,3,42,2
173755,51,6,45,2
173756,54,7,47,2
173757,69,8,61,2
173758,51,3,48,2
173759,52,7,45,2
173760,54,3,51,2
173761,48,2,46,2
173762,63,10,53,2
173763,50,3,47,2
173764,71,4,67,2
173765,51,1,50,2
173766,59,8,51,2
173767,48,6,42,2
173768,50,3,47,2
173769,56,5,51,2
173770,50,10,40,2
173771,44,8,36,2
173772,61,7,54,2
173773,52,7,45,2
173774,51,8,43,2
173775,50,5,45,2
173776,49,4,45,2
173777,62,8,54,2
173778,57,5,52,2
173779,50,9,41,2
173780,62,7,55,2
173781,55,6,49,2
173782,48,6,42,2
173783,57,7,50,2
173784,56,6,50,2
173785,44,3,41,2
173786,56,5,51,2
173787,61,4,57,2
173788,63,11,52,2
173789,60,11,49,2
173790,56,11,45,2
173791,61,3,58,2
173792,54,6,48,2
173793,64,8,56,2
173794,59,6,53,2
173795,61,12,49,2
173796,59,5,54,2
173797,57,14,43,2
173798,56,8,48,2
173799,53,4,49,2
173800,56,4,52,2
173801,64,6,58,2
173802,51,9,42,2
173803,50,8,42,2
173804,61,6,55,2
173805,43,5,38,2
173806,43,4,39,2
173807,52,9,43,2
173808,59,7,52,2
173809,57,8,49,2
173810,59,7,52,2
173811,54,3,51,2
173812,60,7,53,2
173813,44,6,38,2
173814,64,5,59,2
173815,47,8,39,2
173816,56,15,41,2
173817,44,4,40,2
173818,56,9,47,2
173819,58,9,49,2
173820,65,8,57,2
173821,50,10,40,2
173822,40,6,34,2
173823,65,4,61,2
173824,56,5,51,2
173825,70,6,64,2
173826,49,10,39,2
173827,59,7,52,2
173828,58,3,55,2
173829,47,6,41,2
173830,58,4,54,2
173831,59,7,52,2
173832,51,5,46,2
173833,58,9,49,2
173834,51,7,44,2
173835,57,4,53,2
173836,48,5,43,2
173837,47,6,41,2
173838,57,9,48,2
173839,61,8,53,2
173840,56,5,51,2
173841,61,3,58,2
173842,50,2,48,2
173843,38,8,30,2
173844,53,5,48,2
173845,52,5,47,2
173846,56,14,42,2
173847,53,2,51,2
173848,50,9,41,2
173849,48,6,42,2
173850,52,5,47,2
173851,55,6,49,2
173852,57,6,51,2
173853,51,9,42,2
173854,71,8,63,2
173855,55,5,50,2
173856,57,4,53,2
173857,49,4,45,2
173858,54,5,49,2
173859,57,10,47,2
173860,49,5,44,2
173861,49,5,44,2
173862,50,5,45,2
173863,50,6,44,2
173864,55,5,50,2
173865,66,4,62,2
173866,65,7,58,2
173867,52,9,43,2
173868,44,7,37,2
173869,54,8,46,2
173870,56,6,50,2
173871,54,7,47,2
173872,52,4,48,2
173873,56,9,47,2
173874,49,9,40,2
173875,55,9,46,2
173876,45,6,39,2
173877,49,3,46,2
173878,53,6,47,2
173879,62,8,54,2
173880,53,7,46,2
173881,58,5,53,2
173882,59,8,51,2
173883,48,7,41,2
173884,66,11,55,2
173885,55,6,49,2
173886,60,10,50,2
173887,47,8,39,2
173888,62,7,55,2
173889,50,5,45,2
173890,50,9,41,2
173891,69,8,61,2
173892,65,10,55,2
173893,52,5,47,2
173894,63,5,58,2
173895,58,7,51,2
173896,56,6,50,2
173897,62,7,55,2
173898,60,7,53,2
173899,52,4,48,2
173900,55,7,48,2
173901,51,3,48,2
173902,68,10,58,2
173903,49,5,44,2
173904,58,3,55,2
173905,58,10,48,2
173906,62,9,53,2
173907,70,10,60,2
173908,52,2,50,2
173909,62,10,52,2
173910,52,5,47,2
173911,53,5,48,2
173912,57,8,49,2
173913,52,5,47,2
173914,48,8,40,2
173915,63,6,57,2
173916,59,8,51,2
173917,71,8,63,2
173918,58,5,53,2
173919,45,7,38,2
173920,57,6,51,2
173921,54,4,50,2
173922,58,5,53,2
173923,55,6,49,2
173924,53,4,49,2
173925,52,5,47,2
173926,45,4,41,2
173927,59,5,54,2
173928,55,5,50,2
173929,56,7,49,2
173930,50,13,37,2
173931,42,5,37,2
173932,53,2,51,2
173933,46,4,42,2
173934,54,8,46,2
173935,56,7,49,2
173936,46,7,39,2
173937,40,4,36,2
173938,40,4,36,2
173939,47,5,42,2
173940,63,8,55,2
173941,68,7,61,2
173942,46,6,40,2
173943,65,6,59,2
173944,60,5,55,2
173945,59,6,53,2
173946,55,7,48,2
173947,63,5,58,2
173948,56,6,50,2
173949,62,8,54,2
173950,51,6,45,2
173951,53,4,49,2
173952,65,10,55,2
173953,56,5,51,2
173954,63,5,58,2
173955,67,9,58,2
173956,57,5,52,2
173957,49,4,45,2
173958,42,4,38,2
173959,53,5,48,2
173960,48,6,42,2
173961,72,6,66,2
173962,59,10,49,2
173963,61,7,54,2
173964,59,6,53,2
173965,56,5,51,2
173966,51,7,44,2
173967,39,6,33,2
173968,61,4,57,2
173969,66,4,62,2
173970,47,5,42,2
173971,50,6,44,2
173972,54,5,49,2
173973,58,7,51,2
173974,47,6,41,2
173975,55,4,51,2
173976,65,9,56,2
173977,59,15,44,2
173978,53,4,49,2
173979,65,5,60,2
173980,56,3,53,2
173981,52,8,44,2
173982,55,4,51,2
173983,54,8,46,2
173984,61,12,49,2
173985,47,10,37,2
173986,58,10,48,2
173987,69,12,57,2
173988,55,7,48,2
173989,57,6,51,2
173990,58,4,54,2
173991,73,9,64,2
173992,57,5,52,2
173993,51,6,45,2
173994,55,6,49,2
173995,63,5,58,2
173996,64,5,59,2
173997,53,6,47,2
173998,67,8,59,2
173999,55,5,50,2
174000,62,3,59,2
174001,61,7,54,2
174002,53,6,47,2
174003,76,8,68,2
174004,49,7,42,2
174005,57,6,51,2
174006,68,6,62,2
174007,57,8,49,2
174008,58,7,51,2
174009,53,10,43,2
174010,53,8,45,2
174011,48,8,40,2
174012,61,3,58,2
174013,69,7,62,2
174014,61,7,54,2
174015,49,3,46,2
174016,64,3,61,2
174017,51,3,48,2
174018,48,4,44,2
174019,67,5,62,2
174020,61,9,52,2
174021,49,5,44,2
174022,45,2,43,2
174023,57,6,51,2
174024,53,7,46,2
174025,57,8,49,2
174026,52,3,49,2
174027,65,9,56,2
174028,51,7,44,2
174029,56,9,47,2
174030,51,7,44,2
174031,64,11,53,2
174032,72,12,60,2
174033,55,10,45,2
174034,48,8,40,2
174035,56,5,51,2
174036,62,9,53,2
174037,58,6,52,2
174038,68,7,61,2
174039,60,9,51,2
174040,61,7,54,2
174041,57,5,52,2
174042,50,9,41,2
174043,57,9,48,2
174044,60,8,52,2
174045,51,6,45,2
174046,58,7,51,2
174047,55,12,43,2
174048,60,2,58,2
174049,45,7,38,2
174050,48,5,43,2
174051,44,10,34,2
174052,55,5,50,2
174053,44,5,39,2
174054,48,3,45,2
174055,52,9,43,2
174056,48,4,44,2
174057,51,8,43,2
174058,61,8,53,2
174059,59,7,52,2
174060,53,8,45,2
174061,56,4,52,2
174062,54,4,50,2
174063,65,9,56,2
174064,48,8,40,2
174065,51,8,43,2
174066,53,7,46,2
174067,51,4,47,2
174068,56,5,51,2
174069,47,4,43,2
174070,64,6,58,2
174071,53,5,48,2
174072,58,5,53,2
174073,55,5,50,2
174074,57,9,48,2
174075,46,2,44,2
174076,62,9,53,2
174077,64,8,56,2
174078,60,7,53,2
174079,46,1,45,2
174080,58,5,53,2
174081,58,10,48,2
174082,56,6,50,2
174083,50,7,43,2
174084,63,13,50,2
174085,52,4,48,2
174086,53,6,47,2
174087,76,14,62,2
174088,46,1,45,2
174089,54,4,50,2
174090,64,11,53,2
174091,59,5,54,2
174092,54,5,49,2
174093,51,7,44,2
174094,65,9,56,2
174095,59,8,51,2
174096,68,6,62,2
174097,56,5,51,2
174098,45,4,41,2
174099,47,8,39,2
174100,48,5,43,2
174101,51,4,47,2
174102,63,7,56,2
174103,62,10,52,2
174104,46,7,39,2
174105,43,5,38,2
174106,51,4,47,2
174107,58,6,52,2
174108,60,10,50,2
174109,58,5,53,2
174110,56,3,53,2
174111,46,6,40,2
174112,52,6,46,2
174113,49,7,42,2
174114,49,9,40,2
174115,65,7,58,2
174116,69,5,64,2
174117,61,8,53,2
174118,65,6,59,2
174119,63,11,52,2
174120,54,10,44,2
174121,53,3,50,2
174122,55,4,51,2
174123,45,3,42,2
174124,46,6,40,2
174125,48,6,42,2
174126,48,9,39,2
174127,47,3,44,2
174128,44,5,39,2
174129,59,7,52,2
174130,67,6,61,2
174131,55,3,52,2
174132,44,5,39,2
174133,48,6,42,2
174134,61,7,54,2
174135,67,8,59,2
174136,57,10,47,2
174137,65,7,58,2
174138,58,6,52,2
174139,53,7,46,2
174140,61,11,50,2
174141,51,5,46,2
174142,61,4,57,2
174143,51,6,45,2
174144,37,6,31,2
174145,52,5,47,2
174146,49,3,46,2
174147,68,6,62,2
174148,55,8,47,2
174149,57,4,53,2
174150,56,6,50,2
174151,49,9,40,2
174152,46,4,42,2
174153,37,1,36,2
174154,51,1,50,2
174155,49,6,43,2
174156,46,6,40,2
174157,42,4,38,2
174158,52,7,45,2
174159,59,3,56,2
174160,56,9,47,2
174161,57,2,55,2
174162,73,11,62,2
174163,55,11,44,2
174164,54,7,47,2
174165,49,8,41,2
174166,64,5,59,2
174167,66,12,54,2
174168,57,6,51,2
174169,59,4,55,2
174170,56,5,51,2
174171,43,4,39,2
174172,38,5,33,2
174173,56,11,45,2
174174,59,10,49,2
174175,61,14,47,2
174176,56,5,51,2
174177,58,5,53,2
174178,56,3,53,2
174179,62,6,56,2
174180,60,6,54,2
174181,46,1,45,2
174182,63,8,55,2
174183,58,8,50,2
174184,53,8,45,2
174185,56,6,50,2
174186,49,2,47,2
174187,57,10,47,2
174188,69,8,61,2
174189,48,5,43,2
174190,39,7,32,2
174191,49,6,43,2
174192,64,7,57,2
174193,52,5,47,2
174194,65,8,57,2
174195,52,5,47,2
174196,60,5,55,2
174197,64,6,58,2
174198,43,5,38,2
174199,57,4,53,2
174200,56,5,51,2
174201,57,7,50,2
174202,45,6,39,2
174203,50,9,41,2
174204,66,4,62,2
174205,41,2,39,2
174206,44,5,39,2
174207,41,3,38,2
174208,70,9,61,2
174209,43,5,38,2
174210,57,5,52,2
174211,58,6,52,2
174212,52,9,43,2
174213,57,7,50,2
174214,60,7,53,2
174215,64,8,56,2
174216,47,12,35,2
174217,60,8,52,2
174218,50,7,43,2
174219,46,8,38,2
174220,54,3,51,2
174221,48,10,38,2
174222,63,7,56,2
174223,73,10,63,2
174224,44,5,39,2
174225,51,7,44,2
174226,53,7,46,2
174227,72,11,61,2
174228,49,5,44,2
174229,61,7,54,2
174230,55,12,43,2
174231,69,16,53,2
174232,43,4,39,2
174233,47,6,41,2
174234,42,4,38,2
174235,58,6,52,2
174236,53,7,46,2
174237,59,8,51,2
174238,59,7,52,2
174239,53,6,47,2
174240,50,5,45,2
174241,56,6,50,2
174242,40,3,37,2
174243,70,8,62,2
174244,51,4,47,2
174245,59,7,52,2
174246,51,3,48,2
174247,40,3,37,2
174248,57,9,48,2
174249,56,6,50,2
174250,50,9,41,2
174251,66,9,57,2
174252,41,5,36,2
174253,61,7,54,2
174254,50,2,48,2
174255,54,3,51,2
174256,58,4,54,2
174257,57,8,49,2
174258,62,9,53,2
174259,69,7,62,2
174260,44,6,38,2
174261,59,10,49,2
174262,53,3,50,2
174263,65,10,55,2
174264,62,10,52,2
174265,57,3,54,2
174266,58,9,49,2
174267,55,7,48,2
174268,54,4,50,2
174269,52,8,44,2
174270,54,7,47,2
174271,62,9,53,2
174272,54,2,52,2
174273,51,7,44,2
174274,58,5,53,2
174275,54,9,45,2
174276,50,2,48,2
174277,54,4,50,2
174278,51,12,39,2
174279,43,3,40,2
174280,68,9,59,2
174281,60,8,52,2
174282,54,5,49,2
174283,54,2,52,2
174284,72,7,65,2
174285,77,7,70,2
174286,46,6,40,2
174287,45,4,41,2
174288,51,5,46,2
174289,49,3,46,2
174290,41,3,38,2
174291,56,6,50,2
174292,56,6,50,2
174293,59,9,50,2
174294,48,2,46,2
174295,56,6,50,2
174296,54,7,47,2
174297,40,6,34,2
174298,44,4,40,2
174299,52,5,47,2
174300,51,2,49,2
174301,66,7,59,2
174302,46,4,42,2
174303,50,6,44,2
174304,49,5,44,2
174305,58,3,55,2
174306,48,3,45,2
174307,55,6,49,2
174308,67,6,61,2
174309,49,6,43,2
174310,56,7,49,2
174311,55,6,49,2
174312,56,10,46,2
174313,48,5,43,2
174314,64,7,57,2
174315,57,7,50,2
174316,47,7,40,2
174317,55,4,51,2
174318,51,10,41,2
174319,54,5,49,2
174320,43,6,37,2
174321,59,7,52,2
174322,53,6,47,2
174323,64,3,61,2
174324,45,6,39,2
174325,66,9,57,2
174326,52,5,47,2
174327,55,8,47,2
174328,38,6,32,2
174329,62,6,56,2
174330,44,5,39,2
174331,60,4,56,2
174332,49,7,42,2
174333,59,5,54,2
174334,63,8,55,2
174335,64,12,52,2
174336,38,1,37,2
174337,45,11,34,2
174338,55,7,48,2
174339,58,6,52,2
174340,59,4,55,2
174341,48,3,45,2
174342,47,6,41,2
174343,52,5,47,2
174344,59,9,50,2
174345,60,7,53,2
174346,49,5,44,2
174347,51,6,45,2
174348,60,10,50,2
174349,66,5,61,2
174350,32,5,27,2
174351,51,9,42,2
174352,55,5,50,2
174353,60,7,53,2
174354,53,8,45,2
174355,58,11,47,2
174356,56,8,48,2
174357,51,2,49,2
174358,57,10,47,2
174359,57,10,47,2
174360,64,10,54,2
174361,59,7,52,2
174362,49,4,45,2
174363,54,10,44,2
174364,53,5,48,2
174365,51,3,48,2
174366,62,7,55,2
174367,71,12,59,2
174368,54,10,44,2
174369,59,8,51,2
174370,46,3,43,2
174371,52,7,45,2
174372,62,6,56,2
174373,53,5,48,2
174374,58,2,56,2
174375,47,5,42,2
174376,53,7,46,2
174377,53,7,46,2
174378,52,7,45,2
174379,54,4,50,2
174380,57,6,51,2
174381,58,5,53,2
174382,49,6,43,2
174383,47,5,42,2
174384,52,4,48,2
174385,51,1,50,2
174386,55,6,49,2
174387,60,4,56,2
174388,42,4,38,2
174389,63,11,52,2
174390,59,2,57,2
174391,47,5,42,2
174392,50,5,45,2
174393,42,3,39,2
174394,72,7,65,2
174395,60,6,54,2
174396,57,7,50,2
174397,44,7,37,2
174398,59,3,56,2
174399,59,6,53,2
174400,31,6,25,2
174401,51,6,45,2
174402,56,7,49,2
174403,56,4,52,2
174404,51,11,40,2
174405,57,6,51,2
174406,55,3,52,2
174407,47,4,43,2
174408,56,4,52,2
174409,55,8,47,2
174410,61,6,55,2
174411,59,8,51,2
174412,51,4,47,2
174413,48,8,40,2
174414,49,7,42,2
174415,42,4,38,2
174416,58,9,49,2
174417,60,8,52,2
174418,51,2,49,2
174419,61,10,51,2
174420,56,8,48,2
174421,64,6,58,2
174422,51,7,44,2
174423,73,11,62,2
174424,55,8,47,2
174425,60,7,53,2
174426,63,7,56,2
174427,62,7,55,2
174428,68,7,61,2
174429,54,8,46,2
174430,59,9,50,2
174431,52,8,44,2
174432,60,9,51,2
174433,50,3,47,2
174434,45,6,39,2
174435,55,7,48,2
174436,56,6,50,2
174437,57,6,51,2
174438,55,4,51,2
174439,63,5,58,2
174440,64,11,53,2
174441,55,6,49,2
174442,58,10,48,2
174443,44,4,40,2
174444,58,7,51,2
174445,43,3,40,2
174446,60,5,55,2
174447,57,7,50,2
174448,57,3,54,2
174449,58,7,51,2
174450,57,8,49,2
174451,58,3,55,2
174452,54,11,43,2
174453,54,9,45,2
174454,58,10,48,2
174455,65,11,54,2
174456,51,6,45,2
174457,55,6,49,2
174458,50,11,39,2
174459,70,9,61,2
174460,61,10,51,2
174461,56,11,45,2
174462,46,9,37,2
174463,56,7,49,2
174464,63,11,52,2
174465,59,8,51,2
174466,48,10,38,2
174467,42,3,39,2
174468,68,9,59,2
174469,39,3,36,2
174470,55,7,48,2
174471,44,4,40,2
174472,58,9,49,2
174473,62,7,55,2
174474,52,10,42,2
174475,58,3,55,2
174476,51,10,41,2
174477,61,12,49,2
174478,54,7,47,2
174479,51,8,43,2
174480,44,9,35,2
174481,60,8,52,2
174482,54,8,46,2
174483,58,2,56,2
174484,64,6,58,2
174485,47,4,43,2
174486,49,6,43,2
174487,55,3,52,2
174488,62,5,57,2
174489,52,8,44,2
174490,54,2,52,2
174491,46,4,42,2
174492,53,7,46,2
174493,60,8,52,2
174494,50,3,47,2
174495,48,5,43,2
174496,40,5,35,2
174497,54,6,48,2
174498,60,13,47,2
174499,63,7,56,2
174500,63,11,52,2
174501,63,4,59,2
174502,53,4,49,2
174503,62,1,61,2
174504,63,10,53,2
174505,70,8,62,2
174506,67,9,58,2
174507,48,4,44,2
174508,44,6,38,2
174509,60,8,52,2
174510,52,7,45,2
174511,64,2,62,2
174512,50,8,42,2
174513,67,11,56,2
174514,52,7,45,2
174515,44,8,36,2
174516,47,5,42,2
174517,62,10,52,2
174518,47,7,40,2
174519,67,3,64,2
174520,58,7,51,2
174521,52,9,43,2
174522,67,9,58,2
174523,65,11,54,2
174524,57,10,47,2
174525,45,1,44,2
174526,50,4,46,2
174527,49,6,43,2
174528,56,5,51,2
174529,62,7,55,2
174530,57,4,53,2
174531,49,4,45,2
174532,39,5,34,2
174533,44,8,36,2
174534,59,6,53,2
174535,65,7,58,2
174536,63,11,52,2
174537,58,5,53,2
174538,60,9,51,2
174539,61,11,50,2
174540,55,7,48,2
174541,55,10,45,2
174542,50,6,44,2
174543,57,4,53,2
174544,57,11,46,2
174545,48,10,38,2
174546,58,7,51,2
174547,50,5,45,2
174548,52,6,46,2
174549,59,5,54,2
174550,57,9,48,2
174551,51,10,41,2
174552,54,8,46,2
174553,56,9,47,2
174554,43,8,35,2
174555,53,6,47,2
174556,44,7,37,2
174557,63,11,52,2
174558,60,7,53,2
174559,46,7,39,2
174560,43,7,36,2
174561,67,5,62,2
174562,56,4,52,2
174563,75,8,67,2
174564,51,2,49,2
174565,59,10,49,2
174566,47,7,40,2
174567,47,5,42,2
174568,49,7,42,2
174569,50,3,47,2
174570,58,6,52,2
174571,50,9,41,2
174572,58,5,53,2
174573,63,4,59,2
174574,64,6,58,2
174575,59,9,50,2
174576,45,6,39,2
174577,49,8,41,2
174578,58,5,53,2
174579,59,6,53,2
174580,60,3,57,2
174581,53,4,49,2
174582,44,5,39,2
174583,51,9,42,2
174584,46,4,42,2
174585,49,3,46,2
174586,60,9,51,2
174587,44,7,37,2
174588,48,6,42,2
174589,40,6,34,2
174590,55,7,48,2
174591,63,11,52,2
174592,50,4,46,2
174593,59,7,52,2
174594,57,7,50,2
174595,56,6,50,2
174596,46,5,41,2
174597,44,8,36,2
174598,39,5,34,2
174599,58,9,49,2
174600,38,4,34,2
174601,57,9,48,2
174602,57,7,50,2
174603,46,9,37,2
174604,54,9,45,2
174605,47,7,40,2
174606,56,9,47,2
174607,59,4,55,2
174608,57,7,50,2
174609,55,11,44,2
174610,55,6,49,2
174611,50,12,38,2
174612,66,6,60,2
174613,53,5,48,2
174614,59,8,51,2
174615,54,3,51,2
174616,53,5,48,2
174617,51,9,42,2
174618,54,6,48,2
174619,56,7,49,2
174620,65,9,56,2
174621,52,4,48,2
174622,51,5,46,2
174623,57,3,54,2
174624,64,9,55,2
174625,52,5,47,2
174626,59,7,52,2
174627,51,13,38,2
174628,44,6,38,2
174629,58,11,47,2
174630,65,9,56,2
174631,51,5,46,2
174632,52,5,47,2
174633,43,5,38,2
174634,54,6,48,2
174635,49,4,45,2
174636,48,13,35,2
174637,50,11,39,2
174638,50,4,46,2
174639,56,9,47,2
174640,62,5,57,2
174641,51,9,42,2
174642,65,10,55,2
174643,58,5,53,2
174644,46,8,38,2
174645,61,8,53,2
174646,37,4,33,2
174647,62,4,58,2
174648,57,5,52,2
174649,50,3,47,2
174650,46,6,40,2
174651,48,8,40,2
174652,63,5,58,2
174653,49,4,45,2
174654,48,9,39,2
174655,56,4,52,2
174656,54,8,46,2
174657,57,9,48,2
174658,51,5,46,2
174659,62,9,53,2
174660,57,3,54,2
174661,55,4,51,2
174662,49,3,46,2
174663,50,5,45,2
174664,65,11,54,2
174665,63,14,49,2
174666,41,3,38,2
174667,52,8,44,2
174668,51,3,48,2
174669,58,5,53,2
174670,54,4,50,2
174671,58,8,50,2
174672,45,4,41,2
174673,53,7,46,2
174674,55,13,42,2
174675,37,4,33,2
174676,62,12,50,2
174677,58,3,55,2
174678,46,7,39,2
174679,60,8,52,2
174680,48,4,44,2
174681,57,10,47,2
174682,62,7,55,2
174683,63,8,55,2
174684,46,4,42,2
174685,48,4,44,2
174686,44,3,41,2
174687,62,6,56,2
174688,55,10,45,2
174689,47,6,41,2
174690,65,9,56,2
174691,56,8,48,2
174692,55,10,45,2
174693,59,5,54,2
174694,65,10,55,2
174695,64,10,54,2
174696,55,9,46,2
174697,50,5,45,2
174698,64,13,51,2
174699,53,5,48,2
174700,52,8,44,2
174701,49,9,40,2
174702,52,7,45,2
174703,45,5,40,2
174704,63,8,55,2
174705,41,6,35,2
174706,51,7,44,2
174707,70,3,67,2
174708,60,7,53,2
174709,67,7,60,2
174710,57,11,46,2
174711,57,6,51,2
174712,59,5,54,2
174713,49,11,38,2
174714,65,5,60,2
174715,56,7,49,2
174716,55,5,50,2
174717,47,5,42,2
174718,51,2,49,2
174719,53,4,49,2
174720,55,5,50,2
174721,61,7,54,2
174722,50,3,47,2
174723,66,6,60,2
174724,59,7,52,2
174725,60,7,53,2
174726,46,8,38,2
174727,57,11,46,2
174728,49,4,45,2
174729,57,2,55,2
174730,64,8,56,2
174731,55,9,46,2
174732,62,7,55,2
174733,65,7,58,2
174734,45,8,37,2
174735,40,2,38,2
174736,53,6,47,2
174737,52,2,50,2
174738,55,6,49,2
174739,62,8,54,2
174740,55,1,54,2
174741,54,10,44,2
174742,49,4,45,2
174743,39,4,35,2
174744,48,8,40,2
174745,54,3,51,2
174746,54,8,46,2
174747,49,5,44,2
174748,60,8,52,2
174749,55,4,51,2
174750,62,4,58,2
174751,65,10,55,2
174752,55,5,50,2
174753,61,9,52,2
174754,59,10,49,2
174755,54,8,46,2
174756,54,6,48,2
174757,55,3,52,2
174758,61,7,54,2
174759,57,4,53,2
174760,54,5,49,2
174761,47,7,40,2
174762,69,5,64,2
174763,40,5,35,2
174764,52,8,44,2
174765,60,6,54,2
174766,52,4,48,2
174767,53,4,49,2
174768,50,8,42,2
174769,64,11,53,2
174770,55,7,48,2
174771,53,4,49,2
174772,62,10,52,2
174773,45,7,38,2
174774,58,6,52,2
174775,43,4,39,2
174776,55,8,47,2
174777,68,8,60,2
174778,47,4,43,2
174779,55,7,48,2
174780,62,10,52,2
174781,57,3,54,2
174782,50,10,40,2
174783,55,7,48,2
174784,50,5,45,2
174785,54,5,49,2
174786,52,9,43,2
174787,50,4,46,2
174788,59,7,52,2
174789,53,10,43,2
174790,58,6,52,2
174791,69,12,57,2
174792,46,8,38,2
174793,34,4,30,2
174794,41,2,39,2
174795,57,11,46,2
174796,59,8,51,2
174797,58,5,53,2
174798,59,7,52,2
174799,50,2,48,2
174800,46,6,40,2
174801,52,6,46,2
174802,58,7,51,2
174803,54,8,46,2
174804,58,5,53,2
174805,60,10,50,2
174806,48,4,44,2
174807,37,4,33,2
174808,64,10,54,2
174809,50,6,44,2
174810,48,6,42,2
174811,52,10,42,2
174812,61,8,53,2
174813,64,9,55,2
174814,51,6,45,2
174815,53,5,48,2
174816,57,8,49,2
174817,57,3,54,2
174818,47,6,41,2
174819,54,7,47,2
174820,38,7,31,2
174821,48,6,42,2
174822,68,5,63,2
174823,52,5,47,2
174824,50,9,41,2
174825,55,3,52,2
174826,54,8,46,2
174827,59,6,53,2
174828,60,6,54,2
174829,48,1,47,2
174830,43,5,38,2
174831,58,5,53,2
174832,63,5,58,2
174833,45,7,38,2
174834,50,9,41,2
174835,52,9,43,2
174836,46,4,42,2
174837,50,4,46,2
174838,49,8,41,2
174839,56,10,46,2
174840,55,4,51,2
174841,51,3,48,2
174842,59,3,56,2
174843,62,4,58,2
174844,61,4,57,2
174845,46,4,42,2
174846,62,10,52,2
174847,47,11,36,2
174848,51,8,43,2
174849,46,3,43,2
174850,60,6,54,2
174851,66,11,55,2
174852,44,8,36,2
174853,49,6,43,2
174854,55,7,48,2
174855,56,3,53,2
174856,48,4,44,2
174857,57,6,51,2
174858,43,8,35,2
174859,54,4,50,2
174860,59,8,51,2
174861,45,4,41,2
174862,53,5,48,2
174863,59,3,56,2
174864,66,8,58,2
174865,45,5,40,2
174866,49,9,40,2
174867,58,4,54,2
174868,56,2,54,2
174869,56,2,54,2
174870,53,6,47,2
174871,45,4,41,2
174872,54,7,47,2
174873,56,3,53,2
174874,68,11,57,2
174875,59,9,50,2
174876,54,7,47,2
174877,45,4,41,2
174878,49,5,44,2
174879,60,5,55,2
174880,40,6,34,2
174881,50,7,43,2
174882,47,6,41,2
174883,66,5,61,2
174884,45,6,39,2
174885,54,8,46,2
174886,54,6,48,2
174887,62,7,55,2
174888,58,9,49,2
174889,49,6,43,2
174890,50,9,41,2
174891,61,11,50,2
174892,57,8,49,2
174893,49,7,42,2
174894,63,2,61,2
174895,57,4,53,2
174896,47,9,38,2
174897,56,4,52,2
174898,67,8,59,2
174899,68,4,64,2
174900,61,10,51,2
174901,50,10,40,2
174902,53,7,46,2
174903,49,5,44,2
174904,44,6,38,2
174905,52,10,42,2
174906,59,10,49,2
174907,60,6,54,2
174908,49,7,42,2
174909,46,6,40,2
174910,57,9,48,2
174911,52,7,45,2
174912,69,12,57,2
174913,49,10,39,2
174914,52,5,47,2
174915,59,11,48,2
174916,46,3,43,2
174917,46,5,41,2
174918,41,5,36,2
174919,60,7,53,2
174920,64,5,59,2
174921,58,11,47,2
174922,51,9,42,2
174923,49,4,45,2
174924,51,2,49,2
174925,48,7,41,2
174926,59,8,51,2
174927,57,3,54,2
174928,50,6,44,2
174929,41,6,35,2
174930,49,7,42,2
174931,49,6,43,2
174932,43,11,32,2
174933,52,1,51,2
174934,49,5,44,2
174935,59,15,44,2
174936,65,10,55,2
174937,68,6,62,2
174938,47,6,41,2
174939,44,8,36,2
174940,49,5,44,2
174941,52,5,47,2
174942,49,5,44,2
174943,47,5,42,2
174944,45,6,39,2
174945,47,6,41,2
174946,55,1,54,2
174947,50,9,41,2
174948,69,9,60,2
174949,40,8,32,2
174950,52,11,41,2
174951,45,5,40,2
174952,54,7,47,2
174953,57,4,53,2
174954,67,10,57,2
174955,53,8,45,2
174956,56,6,50,2
174957,39,1,38,2
174958,50,5,45,2
174959,57,8,49,2
174960,51,6,45,2
174961,55,5,50,2
174962,63,9,54,2
174963,47,7,40,2
174964,54,3,51,2
174965,53,8,45,2
174966,55,7,48,2
174967,61,9,52,2
174968,59,11,48,2
174969,57,6,51,2
174970,48,4,44,2
174971,50,6,44,2
174972,63,11,52,2
174973,47,8,39,2
174974,58,4,54,2
174975,46,5,41,2
174976,47,7,40,2
174977,59,6,53,2
174978,50,13,37,2
174979,40,3,37,2
174980,40,4,36,2
174981,68,9,59,2
174982,45,3,42,2
174983,45,6,39,2
174984,57,9,48,2
174985,61,7,54,2
174986,54,7,47,2
174987,57,7,50,2
174988,59,1,58,2
174989,46,5,41,2
174990,56,5,51,2
174991,59,12,47,2
174992,51,9,42,2
174993,57,3,54,2
174994,64,6,58,2
174995,48,5,43,2
174996,57,1,56,2
174997,51,5,46,2
174998,46,5,41,2
174999,44,4,40,2
175000,57,6,51,2
175001,57,7,50,2
175002,46,2,44,2
175003,53,4,49,2
175004,56,3,53,2
175005,56,2,54,2
175006,60,8,52,2
175007,49,3,46,2
175008,48,9,39,2
175009,59,3,56,2
175010,55,6,49,2
175011,55,13,42,2
175012,51,6,45,2
175013,41,3,38,2
175014,43,4,39,2
175015,61,10,51,2
175016,68,7,61,2
175017,66,2,64,2
175018,57,11,46,2
175019,48,2,46,2
175020,53,7,46,2
175021,46,10,36,2
175022,51,4,47,2
175023,56,7,49,2
175024,47,9,38,2
175025,54,9,45,2
175026,60,5,55,2
175027,64,8,56,2
175028,56,9,47,2
175029,58,8,50,2
175030,54,14,40,2
175031,57,6,51,2
175032,58,5,53,2
175033,45,7,38,2
175034,49,6,43,2
175035,49,6,43,2
175036,40,5,35,2
175037,46,8,38,2
175038,55,4,51,2
175039,53,6,47,2
175040,52,6,46,2
175041,45,8,37,2
175042,48,6,42,2
175043,43,7,36,2
175044,60,11,49,2
175045,54,9,45,2
175046,45,3,42,2
175047,61,9,52,2
175048,53,8,45,2
175049,55,2,53,2
175050,53,7,46,2
175051,54,5,49,2
175052,49,3,46,2
175053,55,3,52,2
175054,50,3,47,2
175055,47,2,45,2
175056,51,5,46,2
175057,57,6,51,2
175058,38,7,31,2
175059,49,5,44,2
175060,51,6,45,2
175061,56,4,52,2
175062,61,9,52,2
175063,54,4,50,2
175064,50,7,43,2
175065,49,4,45,2
175066,66,7,59,2
175067,61,6,55,2
175068,53,3,50,2
175069,48,9,39,2
175070,57,15,42,2
175071,39,3,36,2
175072,55,6,49,2
175073,64,7,57,2
175074,58,8,50,2
175075,56,7,49,2
175076,57,6,51,2
175077,65,8,57,2
175078,56,10,46,2
175079,54,6,48,2
175080,52,4,48,2
175081,40,0,40,1
175082,40,5,35,2
175083,63,6,57,2
175084,43,7,36,2
175085,55,3,52,2
175086,46,6,40,2
175087,51,6,45,2
175088,51,7,44,2
175089,55,7,48,2
175090,64,7,57,2
175091,54,3,51,2
175092,56,6,50,2
175093,61,4,57,2
175094,53,9,44,2
175095,63,5,58,2
175096,66,5,61,2
175097,45,5,40,2
175098,65,8,57,2
175099,64,7,57,2
175100,53,6,47,2
175101,59,6,53,2
175102,43,5,38,2
175103,49,5,44,2
175104,63,8,55,2
175105,50,7,43,2
175106,57,7,50,2
175107,54,3,51,2
175108,50,4,46,2
175109,57,5,52,2
175110,53,6,47,2
175111,49,6,43,2
175112,65,10,55,2
175113,51,8,43,2
175114,51,9,42,2
175115,45,9,36,2
175116,56,7,49,2
175117,62,7,55,2
175118,47,5,42,2
175119,68,6,62,2
175120,61,6,55,2
175121,43,5,38,2
175122,75,8,67,2
175123,76,11,65,2
175124,53,8,45,2
175125,55,9,46,2
175126,48,6,42,2
175127,50,6,44,2
175128,48,8,40,2
175129,59,7,52,2
175130,68,8,60,2
175131,65,7,58,2
175132,50,5,45,2
175133,56,4,52,2
175134,50,3,47,2
175135,52,7,45,2
175136,51,8,43,2
175137,47,10,37,2
175138,55,8,47,2
175139,50,5,45,2
175140,45,10,35,2
175141,70,7,63,2
175142,58,8,50,2
175143,50,6,44,2
175144,49,7,42,2
175145,45,7,38,2
175146,54,4,50,2
175147,60,8,52,2
175148,66,6,60,2
175149,58,9,49,2
175150,37,3,34,2
175151,59,8,51,2
175152,51,5,46,2
175153,44,7,37,2
175154,54,3,51,2
175155,62,4,58,2
175156,67,10,57,2
175157,55,6,49,2
175158,70,8,62,2
175159,62,9,53,2
175160,54,5,49,2
175161,76,10,66,2
175162,51,8,43,2
175163,60,7,53,2
175164,62,7,55,2
175165,55,5,50,2
175166,60,6,54,2
175167,47,3,44,2
175168,54,5,49,2
175169,52,5,47,2
175170,63,11,52,2
175171,62,10,52,2
175172,53,5,48,2
175173,51,6,45,2
175174,46,8,38,2
175175,47,8,39,2
175176,65,8,57,2
175177,54,7,47,2
175178,48,5,43,2
175179,54,7,47,2
175180,47,9,38,2
175181,58,3,55,2
175182,56,6,50,2
175183,58,6,52,2
175184,51,7,44,2
175185,48,11,37,2
175186,53,4,49,2
175187,56,6,50,2
175188,58,5,53,2
175189,48,2,46,2
175190,56,9,47,2
175191,52,7,45,2
175192,61,5,56,2
175193,52,5,47,2
175194,58,9,49,2
175195,52,4,48,2
175196,54,6,48,2
175197,54,2,52,2
175198,67,6,61,2
175199,54,6,48,2
175200,52,3,49,2
175201,49,5,44,2
175202,52,5,47,2
175203,56,8,48,2
175204,47,4,43,2
175205,55,3,52,2
175206,61,8,53,2
175207,40,3,37,2
175208,57,4,53,2
175209,47,9,38,2
175210,52,2,50,2
175211,62,4,58,2
175212,45,5,40,2
175213,58,8,50,2
175214,65,6,59,2
175215,49,4,45,2
175216,45,8,37,2
175217,44,7,37,2
175218,54,1,53,2
175219,52,7,45,2
175220,75,2,73,2
175221,54,6,48,2
175222,60,6,54,2
175223,59,10,49,2
175224,70,9,61,2
175225,49,5,44,2
175226,59,7,52,2
175227,43,6,37,2
175228,42,3,39,2
175229,45,3,42,2
175230,61,8,53,2
175231,50,6,44,2
175232,49,5,44,2
175233,47,5,42,2
175234,46,9,37,2
175235,62,6,56,2
175236,58,9,49,2
175237,55,10,45,2
175238,58,6,52,2
175239,68,10,58,2
175240,53,11,42,2
175241,38,5,33,2
175242,61,8,53,2
175243,51,5,46,2
175244,56,9,47,2
175245,50,7,43,2
175246,55,2,53,2
175247,46,7,39,2
175248,62,11,51,2
175249,45,4,41,2
175250,45,7,38,2
175251,56,8,48,2
175252,54,7,47,2
175253,59,6,53,2
175254,67,9,58,2
175255,56,2,54,2
175256,54,9,45,2
175257,62,6,56,2
175258,60,4,56,2
175259,64,5,59,2
175260,51,5,46,2
175261,49,3,46,2
175262,53,6,47,2
175263,52,7,45,2
175264,48,7,41,2
175265,69,11,58,2
175266,49,4,45,2
175267,63,7,56,2
175268,53,6,47,2
175269,65,7,58,2
175270,42,5,37,2
175271,54,9,45,2
175272,59,9,50,2
175273,62,4,58,2
175274,47,7,40,2
175275,62,5,57,2
175276,53,6,47,2
175277,51,2,49,2
175278,46,5,41,2
175279,59,8,51,2
175280,65,6,59,2
175281,47,7,40,2
175282,59,6,53,2
175283,52,8,44,2
175284,43,8,35,2
175285,48,6,42,2
175286,65,7,58,2
175287,46,8,38,2
175288,58,3,55,2
175289,62,7,55,2
175290,47,7,40,2
175291,58,7,51,2
175292,55,10,45,2
175293,56,8,48,2
175294,57,7,50,2
175295,56,11,45,2
175296,52,6,46,2
175297,45,6,39,2
175298,59,9,50,2
175299,42,7,35,2
175300,64,3,61,2
175301,50,8,42,2
175302,50,4,46,2
175303,46,7,39,2
175304,64,7,57,2
175305,50,8,42,2
175306,53,2,51,2
175307,61,7,54,2
175308,58,9,49,2
175309,46,5,41,2
175310,66,8,58,2
175311,50,4,46,2
175312,53,5,48,2
175313,64,9,55,2
175314,59,2,57,2
175315,53,7,46,2
175316,49,4,45,2
175317,66,8,58,2
175318,58,5,53,2
175319,56,6,50,2
175320,55,7,48,2
175321,58,10,48,2
175322,52,7,45,2
175323,54,9,45,2
175324,58,6,52,2
175325,45,6,39,2
175326,39,4,35,2
175327,56,7,49,2
175328,52,7,45,2
175329,53,8,45,2
175330,63,5,58,2
175331,49,8,41,2
175332,55,4,51,2
175333,56,3,53,2
175334,47,8,39,2
175335,64,9,55,2
175336,61,5,56,2
175337,35,5,30,2
175338,46,4,42,2
175339,50,8,42,2
175340,53,5,48,2
175341,61,4,57,2
175342,51,3,48,2
175343,56,9,47,2
175344,58,7,51,2
175345,43,7,36,2
175346,62,5,57,2
175347,63,8,55,2
175348,51,7,44,2
175349,45,9,36,2
175350,51,6,45,2
175351,73,6,67,2
175352,56,8,48,2
175353,68,8,60,2
175354,50,7,43,2
175355,55,11,44,2
175356,46,6,40,2
175357,49,4,45,2
175358,72,5,67,2
175359,57,11,46,2
175360,47,7,40,2
175361,78,9,69,2
175362,48,7,41,2
175363,46,6,40,2
175364,65,4,61,2
175365,52,4,48,2
175366,43,4,39,2
175367,62,10,52,2
175368,39,3,36,2
175369,67,8,59,2
175370,67,11,56,2
175371,56,6,50,2
175372,55,5,50,2
175373,45,4,41,2
175374,42,2,40,2
175375,50,3,47,2
175376,63,15,48,2
175377,37,9,28,2
175378,49,9,40,2
175379,48,6,42,2
175380,58,8,50,2
175381,53,8,45,2
175382,66,8,58,2
175383,48,3,45,2
175384,55,5,50,2
175385,55,4,51,2
175386,54,6,48,2
175387,41,9,32,2
175388,49,11,38,2
175389,41,1,40,2
175390,55,4,51,2
175391,49,12,37,2
175392,53,7,46,2
175393,53,8,45,2
175394,59,9,50,2
175395,50,4,46,2
175396,54,10,44,2
175397,61,7,54,2
175398,50,11,39,2
175399,49,6,43,2
175400,44,7,37,2
175401,50,5,45,2
175402,45,1,44,2
175403,44,7,37,2
175404,60,6,54,2
175405,47,5,42,2
175406,49,6,43,2
175407,77,9,68,2
175408,59,6,53,2
175409,54,9,45,2
175410,46,2,44,2
175411,56,4,52,2
175412,54,8,46,2
175413,61,10,51,2
175414,42,5,37,2
175415,56,6,50,2
175416,61,9,52,2
175417,49,3,46,2
175418,49,5,44,2
175419,51,6,45,2
175420,53,6,47,2
175421,55,8,47,2
175422,46,4,42,2
175423,50,6,44,2
175424,55,2,53,2
175425,60,8,52,2
175426,54,4,50,2
175427,52,3,49,2
175428,68,10,58,2
175429,68,9,59,2
175430,64,8,56,2
175431,70,11,59,2
175432,52,5,47,2
175433,59,6,53,2
175434,53,8,45,2
175435,65,8,57,2
175436,59,5,54,2
175437,64,4,60,2
175438,49,5,44,2
175439,52,10,42,2
175440,64,8,56,2
175441,59,9,50,2
175442,42,5,37,2
175443,55,7,48,2
175444,59,3,56,2
175445,53,9,44,2
175446,53,6,47,2
175447,49,5,44,2
175448,62,9,53,2
175449,46,8,38,2
175450,50,7,43,2
175451,56,8,48,2
175452,61,12,49,2
175453,49,8,41,2
175454,49,7,42,2
175455,47,4,43,2
175456,58,5,53,2
175457,44,3,41,2
175458,48,4,44,2
175459,59,5,54,2
175460,49,6,43,2
175461,55,8,47,2
175462,55,7,48,2
175463,61,8,53,2
175464,54,11,43,2
175465,49,9,40,2
175466,46,5,41,2
175467,53,3,50,2
175468,41,4,37,2
175469,54,6,48,2
175470,50,4,46,2
175471,53,11,42,2
175472,48,5,43,2
175473,42,4,38,2
175474,46,6,40,2
175475,44,7,37,2
175476,62,6,56,2
175477,46,7,39,2
175478,51,6,45,2
175479,59,3,56,2
175480,59,7,52,2
175481,45,7,38,2
175482,59,5,54,2
175483,56,8,48,2
175484,50,9,41,2
175485,41,5,36,2
175486,51,4,47,2
175487,47,0,47,1
175488,65,7,58,2
175489,61,4,57,2
175490,66,13,53,2
175491,70,8,62,2
175492,53,5,48,2
175493,56,9,47,2
175494,62,7,55,2
175495,60,9,51,2
175496,48,3,45,2
175497,59,4,55,2
175498,52,4,48,2
175499,51,8,43,2
175500,70,10,60,2
175501,52,7,45,2
175502,55,6,49,2
175503,53,7,46,2
175504,45,8,37,2
175505,57,6,51,2
175506,58,11,47,2
175507,55,4,51,2
175508,60,8,52,2
175509,57,8,49,2
175510,65,8,57,2
175511,51,6,45,2
175512,67,7,60,2
175513,59,4,55,2
175514,55,7,48,2
175515,54,9,45,2
175516,53,7,46,2
175517,52,4,48,2
175518,41,5,36,2
175519,50,6,44,2
175520,59,11,48,2
175521,52,6,46,2
175522,68,10,58,2
175523,60,13,47,2
175524,57,8,49,2
175525,63,9,54,2
175526,42,3,39,2
175527,51,3,48,2
175528,43,3,40,2
175529,77,14,63,2
175530,54,7,47,2
175531,61,8,53,2
175532,49,6,43,2
175533,51,6,45,2
175534,59,7,52,2
175535,56,10,46,2
175536,64,13,51,2
175537,49,8,41,2
175538,47,6,41,2
175539,60,5,55,2
175540,57,6,51,2
175541,70,9,61,2
175542,65,7,58,2
175543,51,7,44,2
175544,47,4,43,2
175545,68,10,58,2
175546,53,3,50,2
175547,66,3,63,2
175548,53,5,48,2
175549,61,6,55,2
175550,56,10,46,2
175551,51,5,46,2
175552,52,7,45,2
175553,53,2,51,2
175554,52,7,45,2
175555,49,10,39,2
175556,58,7,51,2
175557,54,8,46,2
175558,58,5,53,2
175559,47,4,43,2
175560,45,8,37,2
175561,54,7,47,2
175562,43,4,39,2
175563,56,8,48,2
175564,61,7,54,2
175565,51,5,46,2
175566,58,5,53,2
175567,65,10,55,2
175568,54,11,43,2
175569,57,7,50,2
175570,64,4,60,2
175571,55,4,51,2
175572,45,6,39,2
175573,51,10,41,2
175574,47,7,40,2
175575,42,7,35,2
175576,70,9,61,2
175577,47,6,41,2
175578,44,7,37,2
175579,63,9,54,2
175580,49,8,41,2
175581,53,6,47,2
175582,55,5,50,2
175583,64,8,56,2
175584,52,5,47,2
175585,65,5,60,2
175586,51,6,45,2
175587,34,5,29,2
175588,46,5,41,2
175589,61,4,57,2
175590,56,8,48,2
175591,60,10,50,2
175592,64,4,60,2
175593,58,5,53,2
175594,61,8,53,2
175595,64,7,57,2
175596,49,5,44,2
175597,53,10,43,2
175598,57,10,47,2
175599,56,5,51,2
175600,61,10,51,2
175601,43,6,37,2
175602,59,9,50,2
175603,50,6,44,2
175604,72,7,65,2
175605,51,8,43,2
175606,54,12,42,2
175607,63,8,55,2
175608,54,6,48,2
175609,59,10,49,2
175610,54,8,46,2
175611,64,9,55,2
175612,59,8,51,2
175613,54,5,49,2
175614,56,11,45,2
175615,50,4,46,2
175616,44,9,35,2
175617,66,9,57,2
175618,52,5,47,2
175619,52,7,45,2
175620,59,4,55,2
175621,62,7,55,2
175622,67,9,58,2
175623,58,6,52,2
175624,55,6,49,2
175625,61,7,54,2
175626,61,7,54,2
175627,53,7,46,2
175628,51,5,46,2
175629,51,5,46,2
175630,72,3,69,2
175631,47,5,42,2
175632,39,5,34,2
175633,47,8,39,2
175634,49,7,42,2
175635,54,5,49,2
175636,54,8,46,2
175637,63,8,55,2
175638,47,3,44,2
175639,43,3,40,2
175640,56,6,50,2
175641,41,2,39,2
175642,47,9,38,2
175643,66,8,58,2
175644,68,11,57,2
175645,56,7,49,2
175646,58,8,50,2
175647,54,7,47,2
175648,40,7,33,2
175649,55,9,46,2
175650,48,3,45,2
175651,60,3,57,2
175652,66,5,61,2
175653,52,6,46,2
175654,53,4,49,2
175655,47,9,38,2
175656,68,11,57,2
175657,52,10,42,2
175658,56,4,52,2
175659,59,3,56,2
175660,55,5,50,2
175661,58,8,50,2
175662,57,3,54,2
175663,55,10,45,2
175664,53,8,45,2
175665,52,7,45,2
175666,51,12,39,2
175667,43,8,35,2
175668,56,7,49,2
175669,58,11,47,2
175670,44,8,36,2
175671,59,6,53,2
175672,54,6,48,2
175673,47,2,45,2
175674,65,9,56,2
175675,49,7,42,2
175676,42,5,37,2
175677,48,8,40,2
175678,64,7,57,2
175679,53,5,48,2
175680,51,7,44,2
175681,60,8,52,2
175682,63,6,57,2
175683,70,12,58,2
175684,54,5,49,2
175685,55,3,52,2
175686,52,6,46,2
175687,57,10,47,2
175688,48,7,41,2
175689,52,12,40,2
175690,52,12,40,2
175691,51,3,48,2
175692,49,5,44,2
175693,40,5,35,2
175694,49,6,43,2
175695,57,7,50,2
175696,56,6,50,2
175697,56,5,51,2
175698,60,11,49,2
175699,46,6,40,2
175700,49,7,42,2
175701,59,8,51,2
175702,56,6,50,2
175703,47,6,41,2
175704,60,11,49,2
175705,59,6,53,2
175706,67,8,59,2
175707,63,3,60,2
175708,57,7,50,2
175709,45,9,36,2
175710,42,3,39,2
175711,55,3,52,2
175712,57,9,48,2
175713,55,8,47,2
175714,57,9,48,2
175715,51,7,44,2
175716,44,3,41,2
175717,67,10,57,2
175718,51,7,44,2
175719,50,9,41,2
175720,64,8,56,2
175721,49,8,41,2
175722,56,4,52,2
175723,60,8,52,2
175724,56,3,53,2
175725,57,3,54,2
175726,59,5,54,2
175727,52,6,46,2
175728,58,3,55,2
175729,51,7,44,2
175730,46,8,38,2
175731,48,6,42,2
175732,57,8,49,2
175733,54,7,47,2
175734,35,5,30,2
175735,59,5,54,2
175736,53,6,47,2
175737,54,7,47,2
175738,61,8,53,2
175739,48,4,44,2
175740,47,8,39,2
175741,47,3,44,2
175742,49,8,41,2
175743,60,5,55,2
175744,41,3,38,2
175745,58,8,50,2
175746,56,5,51,2
175747,51,6,45,2
175748,48,9,39,2
175749,63,7,56,2
175750,53,8,45,2
175751,60,12,48,2
175752,53,5,48,2
175753,42,3,39,2
175754,64,5,59,2
175755,47,5,42,2
175756,49,6,43,2
175757,45,3,42,2
175758,72,10,62,2
175759,50,6,44,2
175760,47,5,42,2
175761,62,10,52,2
175762,51,6,45,2
175763,55,5,50,2
175764,55,9,46,2
175765,49,8,41,2
175766,54,7,47,2
175767,48,3,45,2
175768,64,5,59,2
175769,40,2,38,2
175770,59,6,53,2
175771,56,9,47,2
175772,60,12,48,2
175773,65,7,58,2
175774,63,4,59,2
175775,64,9,55,2
175776,58,6,52,2
175777,69,6,63,2
175778,54,6,48,2
175779,56,1,55,2
175780,64,7,57,2
175781,59,6,53,2
175782,40,6,34,2
175783,53,3,50,2
175784,62,10,52,2
175785,37,3,34,2
175786,46,2,44,2
175787,57,3,54,2
175788,56,6,50,2
175789,44,1,43,2
175790,57,6,51,2
175791,52,5,47,2
175792,58,7,51,2
175793,56,11,45,2
175794,58,5,53,2
175795,74,4,70,2
175796,64,10,54,2
175797,45,5,40,2
175798,54,5,49,2
175799,52,9,43,2
175800,57,4,53,2
175801,55,7,48,2
175802,66,12,54,2
175803,55,7,48,2
175804,61,6,55,2
175805,56,5,51,2
175806,51,8,43,2
175807,48,8,40,2
175808,54,5,49,2
175809,44,4,40,2
175810,53,6,47,2
175811,66,9,57,2
175812,54,7,47,2
175813,44,7,37,2
175814,61,8,53,2
175815,52,7,45,2
175816,42,7,35,2
175817,69,8,61,2
175818,52,5,47,2
175819,45,4,41,2
175820,62,7,55,2
175821,52,5,47,2
175822,47,4,43,2
175823,59,5,54,2
175824,64,3,61,2
175825,43,6,37,2
175826,54,6,48,2
175827,63,10,53,2
175828,68,9,59,2
175829,46,5,41,2
175830,73,7,66,2
175831,51,3,48,2
175832,55,8,47,2
175833,72,12,60,2
175834,59,7,52,2
175835,51,2,49,2
175836,45,4,41,2
175837,69,11,58,2
175838,52,11,41,2
175839,64,9,55,2
175840,61,8,53,2
175841,58,1,57,2
175842,62,10,52,2
175843,63,9,54,2
175844,57,4,53,2
175845,51,4,47,2
175846,54,6,48,2
175847,43,2,41,2
175848,50,5,45,2
175849,44,5,39,2
175850,57,4,53,2
175851,46,4,42,2
175852,59,4,55,2
175853,51,11,40,2
175854,56,6,50,2
175855,65,5,60,2
175856,60,5,55,2
175857,48,6,42,2
175858,48,5,43,2
175859,56,2,54,2
175860,62,5,57,2
175861,40,6,34,2
175862,61,5,56,2
175863,47,1,46,2
175864,69,4,65,2
175865,47,7,40,2
175866,50,8,42,2
175867,61,8,53,2
175868,45,4,41,2
175869,45,5,40,2
175870,71,12,59,2
175871,61,8,53,2
175872,62,6,56,2
175873,45,4,41,2
175874,50,5,45,2
175875,65,8,57,2
175876,62,12,50,2
175877,56,1,55,2
175878,47,7,40,2
175879,59,6,53,2
175880,41,5,36,2
175881,42,4,38,2
175882,55,4,51,2
175883,60,10,50,2
175884,53,6,47,2
175885,52,9,43,2
175886,59,5,54,2
175887,59,8,51,2
175888,49,7,42,2
175889,37,6,31,2
175890,63,10,53,2
175891,45,3,42,2
175892,63,8,55,2
175893,56,7,49,2
175894,54,7,47,2
175895,55,9,46,2
175896,56,10,46,2
175897,54,6,48,2
175898,53,6,47,2
175899,62,6,56,2
175900,40,5,35,2
175901,64,9,55,2
175902,58,7,51,2
175903,50,6,44,2
175904,55,4,51,2
175905,47,3,44,2
175906,52,5,47,2
175907,48,2,46,2
175908,58,6,52,2
175909,50,7,43,2
175910,50,9,41,2
175911,51,8,43,2
175912,59,10,49,2
175913,57,10,47,2
175914,53,8,45,2
175915,44,3,41,2
175916,56,6,50,2
175917,55,5,50,2
175918,64,6,58,2
175919,43,12,31,2
175920,47,10,37,2
175921,61,5,56,2
175922,60,6,54,2
175923,55,7,48,2
175924,48,3,45,2
175925,52,5,47,2
175926,56,6,50,2
175927,58,8,50,2
175928,45,7,38,2
175929,61,7,54,2
175930,60,7,53,2
175931,72,13,59,2
175932,53,9,44,2
175933,48,6,42,2
175934,63,8,55,2
175935,50,7,43,2
175936,68,13,55,2
175937,67,7,60,2
175938,40,4,36,2
175939,62,3,59,2
175940,52,9,43,2
175941,54,7,47,2
175942,63,10,53,2
175943,52,9,43,2
175944,43,7,36,2
175945,65,8,57,2
175946,61,6,55,2
175947,69,7,62,2
175948,66,5,61,2
175949,44,6,38,2
175950,53,7,46,2
175951,61,6,55,2
175952,78,11,67,2
175953,38,4,34,2
175954,53,7,46,2
175955,52,10,42,2
175956,57,7,50,2
175957,37,5,32,2
175958,52,7,45,2
175959,55,7,48,2
175960,57,6,51,2
175961,61,9,52,2
175962,46,8,38,2
175963,65,11,54,2
175964,50,6,44,2
175965,53,9,44,2
175966,51,8,43,2
175967,52,6,46,2
175968,52,6,46,2
175969,49,7,42,2
175970,46,6,40,2
175971,60,10,50,2
175972,51,10,41,2
175973,67,9,58,2
175974,55,6,49,2
175975,59,7,52,2
175976,56,9,47,2
175977,58,3,55,2
175978,52,6,46,2
175979,61,9,52,2
175980,65,10,55,2
175981,51,6,45,2
175982,63,11,52,2
175983,45,3,42,2
175984,65,12,53,2
175985,53,6,47,2
175986,57,9,48,2
175987,54,6,48,2
175988,52,10,42,2
175989,61,8,53,2
175990,56,8,48,2
175991,62,9,53,2
175992,60,4,56,2
175993,51,11,40,2
175994,46,5,41,2
175995,43,4,39,2
175996,58,3,55,2
175997,53,6,47,2
175998,58,10,48,2
175999,54,6,48,2
176000,48,5,43,2
176001,63,13,50,2
176002,55,1,54,2
176003,64,10,54,2
176004,66,8,58,2
176005,60,7,53,2
176006,67,5,62,2
176007,37,6,31,2
176008,63,7,56,2
176009,54,6,48,2
176010,60,7,53,2
176011,61,11,50,2
176012,47,5,42,2
176013,42,10,32,2
176014,54,9,45,2
176015,51,13,38,2
176016,52,8,44,2
176017,58,6,52,2
176018,55,6,49,2
176019,53,2,51,2
176020,62,7,55,2
176021,55,11,44,2
176022,67,12,55,2
176023,52,4,48,2
176024,51,6,45,2
176025,54,6,48,2
176026,58,11,47,2
176027,37,4,33,2
176028,48,5,43,2
176029,67,4,63,2
176030,52,8,44,2
176031,58,3,55,2
176032,58,5,53,2
176033,45,7,38,2
176034,57,5,52,2
176035,47,4,43,2
176036,58,7,51,2
176037,45,2,43,2
176038,50,6,44,2
176039,66,12,54,2
176040,47,7,40,2
176041,56,4,52,2
176042,63,14,49,2
176043,49,5,44,2
176044,34,2,32,2
176045,50,7,43,2
176046,58,9,49,2
176047,43,4,39,2
176048,61,2,59,2
176049,44,5,39,2
176050,46,5,41,2
176051,61,11,50,2
176052,50,4,46,2
176053,60,5,55,2
176054,61,8,53,2
176055,56,7,49,2
176056,57,4,53,2
176057,64,10,54,2
176058,59,5,54,2
176059,57,7,50,2
176060,44,1,43,2
176061,56,7,49,2
176062,37,4,33,2
176063,55,4,51,2
176064,67,9,58,2
176065,60,10,50,2
176066,60,10,50,2
176067,53,6,47,2
176068,50,3,47,2
176069,57,10,47,2
176070,45,4,41,2
176071,55,6,49,2
176072,52,9,43,2
176073,62,7,55,2
176074,53,4,49,2
176075,66,6,60,2
176076,66,8,58,2
176077,50,3,47,2
176078,50,8,42,2
176079,57,4,53,2
176080,54,8,46,2
176081,64,6,58,2
176082,54,8,46,2
176083,64,8,56,2
176084,58,8,50,2
176085,66,7,59,2
176086,45,6,39,2
176087,58,8,50,2
176088,67,5,62,2
176089,48,5,43,2
176090,57,6,51,2
176091,52,6,46,2
176092,60,6,54,2
176093,45,9,36,2
176094,56,9,47,2
176095,55,5,50,2
176096,56,7,49,2
176097,48,3,45,2
176098,62,9,53,2
176099,39,2,37,2
176100,44,7,37,2
176101,51,7,44,2
176102,48,3,45,2
176103,55,9,46,2
176104,50,7,43,2
176105,54,8,46,2
176106,57,9,48,2
176107,53,5,48,2
176108,61,5,56,2
176109,63,6,57,2
176110,49,6,43,2
176111,50,7,43,2
176112,54,11,43,2
176113,57,7,50,2
176114,59,9,50,2
176115,56,5,51,2
176116,54,7,47,2
176117,58,10,48,2
176118,51,9,42,2
176119,53,8,45,2
176120,52,5,47,2
176121,55,9,46,2
176122,65,6,59,2
176123,48,3,45,2
176124,49,7,42,2
176125,65,6,59,2
176126,63,5,58,2
176127,50,5,45,2
176128,54,6,48,2
176129,59,4,55,2
176130,60,2,58,2
176131,52,2,50,2
176132,57,9,48,2
176133,59,7,52,2
176134,60,3,57,2
176135,52,7,45,2
176136,48,5,43,2
176137,50,4,46,2
176138,42,8,34,2
176139,57,5,52,2
176140,65,4,61,2
176141,45,7,38,2
176142,56,7,49,2
176143,50,3,47,2
176144,57,6,51,2
176145,66,11,55,2
176146,52,5,47,2
176147,55,6,49,2
176148,62,11,51,2
176149,54,6,48,2
176150,48,1,47,2
176151,61,7,54,2
176152,52,4,48,2
176153,51,5,46,2
176154,69,8,61,2
176155,48,3,45,2
176156,66,9,57,2
176157,66,8,58,2
176158,64,9,55,2
176159,48,8,40,2
176160,57,9,48,2
176161,73,13,60,2
176162,49,6,43,2
176163,64,4,60,2
176164,69,7,62,2
176165,53,10,43,2
176166,54,6,48,2
176167,60,12,48,2
176168,58,6,52,2
176169,42,4,38,2
176170,56,6,50,2
176171,57,4,53,2
176172,59,8,51,2
176173,65,8,57,2
176174,44,6,38,2
176175,39,5,34,2
176176,51,9,42,2
176177,60,15,45,2
176178,66,8,58,2
176179,56,8,48,2
176180,60,9,51,2
176181,52,9,43,2
176182,49,9,40,2
176183,43,2,41,2
176184,63,9,54,2
176185,65,7,58,2
176186,46,6,40,2
176187,55,2,53,2
176188,87,8,79,2
176189,58,4,54,2
176190,54,11,43,2
176191,61,3,58,2
176192,53,7,46,2
176193,63,2,61,2
176194,46,5,41,2
176195,54,7,47,2
176196,58,9,49,2
176197,61,3,58,2
176198,45,8,37,2
176199,49,3,46,2
176200,66,10,56,2
176201,42,1,41,2
176202,61,10,51,2
176203,48,5,43,2
176204,48,9,39,2
176205,51,4,47,2
176206,64,5,59,2
176207,51,6,45,2
176208,61,9,52,2
176209,42,4,38,2
176210,61,5,56,2
176211,65,14,51,2
176212,46,4,42,2
176213,52,10,42,2
176214,48,7,41,2
176215,49,6,43,2
176216,40,1,39,2
176217,64,7,57,2
176218,69,13,56,2
176219,44,3,41,2
176220,65,14,51,2
176221,59,8,51,2
176222,52,8,44,2
176223,64,7,57,2
176224,59,10,49,2
176225,53,9,44,2
176226,67,12,55,2
176227,39,4,35,2
176228,46,3,43,2
176229,49,8,41,2
176230,54,6,48,2
176231,43,6,37,2
176232,63,3,60,2
176233,49,6,43,2
176234,47,4,43,2
176235,59,12,47,2
176236,46,5,41,2
176237,46,7,39,2
176238,54,6,48,2
176239,56,2,54,2
176240,49,8,41,2
176241,46,9,37,2
176242,53,7,46,2
176243,54,7,47,2
176244,47,7,40,2
176245,69,7,62,2
176246,64,5,59,2
176247,71,10,61,2
176248,57,6,51,2
176249,63,11,52,2
176250,48,5,43,2
176251,60,9,51,2
176252,63,6,57,2
176253,48,7,41,2
176254,55,2,53,2
176255,64,14,50,2
176256,56,8,48,2
176257,61,3,58,2
176258,65,7,58,2
176259,50,7,43,2
176260,50,4,46,2
176261,56,6,50,2
176262,57,13,44,2
176263,48,1,47,2
176264,52,2,50,2
176265,64,4,60,2
176266,49,3,46,2
176267,57,9,48,2
176268,56,6,50,2
176269,55,5,50,2
176270,72,8,64,2
176271,46,3,43,2
176272,56,9,47,2
176273,56,5,51,2
176274,60,11,49,2
176275,57,7,50,2
176276,42,9,33,2
176277,43,5,38,2
176278,43,4,39,2
176279,53,4,49,2
176280,48,2,46,2
176281,62,5,57,2
176282,47,4,43,2
176283,50,5,45,2
176284,47,3,44,2
176285,56,5,51,2
176286,52,5,47,2
176287,64,9,55,2
176288,69,10,59,2
176289,57,9,48,2
176290,57,6,51,2
176291,59,2,57,2
176292,48,4,44,2
176293,52,8,44,2
176294,52,9,43,2
176295,65,11,54,2
176296,49,6,43,2
176297,73,8,65,2
176298,69,3,66,2
176299,48,5,43,2
176300,56,5,51,2
176301,41,6,35,2
176302,54,3,51,2
176303,60,6,54,2
176304,53,11,42,2
176305,59,9,50,2
176306,58,6,52,2
176307,52,4,48,2
176308,35,3,32,2
176309,42,2,40,2
176310,54,5,49,2
176311,59,6,53,2
176312,57,4,53,2
176313,50,7,43,2
176314,56,3,53,2
176315,52,6,46,2
176316,56,6,50,2
176317,44,8,36,2
176318,61,6,55,2
176319,54,5,49,2
176320,60,3,57,2
176321,50,5,45,2
176322,45,4,41,2
176323,53,4,49,2
176324,49,3,46,2
176325,47,4,43,2
176326,60,7,53,2
176327,49,8,41,2
176328,47,4,43,2
176329,49,7,42,2
176330,73,11,62,2
176331,47,8,39,2
176332,50,10,40,2
176333,58,9,49,2
176334,47,7,40,2
176335,53,7,46,2
176336,47,8,39,2
176337,67,5,62,2
176338,57,4,53,2
176339,59,9,50,2
176340,64,7,57,2
176341,58,10,48,2
176342,40,3,37,2
176343,58,8,50,2
176344,59,8,51,2
176345,61,5,56,2
176346,38,1,37,2
176347,58,6,52,2
176348,61,5,56,2
176349,51,8,43,2
176350,49,5,44,2
176351,56,6,50,2
176352,47,3,44,2
176353,57,8,49,2
176354,53,4,49,2
176355,46,2,44,2
176356,44,6,38,2
176357,53,3,50,2
176358,49,6,43,2
176359,45,11,34,2
176360,47,6,41,2
176361,44,8,36,2
176362,62,4,58,2
176363,65,10,55,2
176364,62,6,56,2
176365,61,5,56,2
176366,53,9,44,2
176367,62,7,55,2
176368,53,2,51,2
176369,55,7,48,2
176370,54,11,43,2
176371,61,4,57,2
176372,49,6,43,2
176373,48,6,42,2
176374,63,8,55,2
176375,50,9,41,2
176376,57,8,49,2
176377,64,9,55,2
176378,45,6,39,2
176379,62,12,50,2
176380,60,3,57,2
176381,54,10,44,2
176382,50,5,45,2
176383,50,4,46,2
176384,45,6,39,2
176385,64,8,56,2
176386,63,10,53,2
176387,66,9,57,2
176388,50,7,43,2
176389,50,8,42,2
176390,62,7,55,2
176391,53,5,48,2
176392,53,6,47,2
176393,69,8,61,2
176394,52,4,48,2
176395,44,4,40,2
176396,53,8,45,2
176397,58,8,50,2
176398,60,7,53,2
176399,61,9,52,2
176400,53,7,46,2
176401,69,7,62,2
176402,52,10,42,2
176403,52,7,45,2
176404,52,4,48,2
176405,61,11,50,2
176406,47,5,42,2
176407,53,3,50,2
176408,46,3,43,2
176409,51,5,46,2
176410,53,6,47,2
176411,60,6,54,2
176412,65,10,55,2
176413,60,8,52,2
176414,65,11,54,2
176415,57,8,49,2
176416,65,7,58,2
176417,57,10,47,2
176418,50,5,45,2
176419,48,4,44,2
176420,73,13,60,2
176421,48,11,37,2
176422,55,9,46,2
176423,55,9,46,2
176424,56,6,50,2
176425,57,8,49,2
176426,53,10,43,2
176427,47,5,42,2
176428,59,6,53,2
176429,56,6,50,2
176430,43,6,37,2
176431,56,7,49,2
176432,52,3,49,2
176433,48,3,45,2
176434,56,5,51,2
176435,52,3,49,2
176436,65,6,59,2
176437,46,4,42,2
176438,66,6,60,2
176439,49,8,41,2
176440,66,7,59,2
176441,54,4,50,2
176442,59,9,50,2
176443,56,3,53,2
176444,51,8,43,2
176445,53,5,48,2
176446,50,5,45,2
176447,51,11,40,2
176448,66,8,58,2
176449,58,5,53,2
176450,60,7,53,2
176451,49,11,38,2
176452,48,3,45,2
176453,72,8,64,2
176454,50,6,44,2
176455,56,6,50,2
176456,54,6,48,2
176457,43,1,42,2
176458,58,8,50,2
176459,44,5,39,2
176460,51,9,42,2
176461,47,6,41,2
176462,62,12,50,2
176463,53,5,48,2
176464,51,9,42,2
176465,65,7,58,2
176466,65,9,56,2
176467,55,5,50,2
176468,56,6,50,2
176469,49,7,42,2
176470,50,9,41,2
176471,65,8,57,2
176472,64,8,56,2
176473,51,9,42,2
176474,71,9,62,2
176475,56,12,44,2
176476,53,9,44,2
176477,56,5,51,2
176478,57,7,50,2
176479,52,5,47,2
176480,49,7,42,2
176481,64,6,58,2
176482,59,9,50,2
176483,43,6,37,2
176484,59,6,53,2
176485,51,4,47,2
176486,40,3,37,2
176487,58,7,51,2
176488,59,7,52,2
176489,56,6,50,2
176490,54,5,49,2
176491,56,4,52,2
176492,56,6,50,2
176493,48,6,42,2
176494,61,10,51,2
176495,57,8,49,2
176496,54,10,44,2
176497,45,5,40,2
176498,53,5,48,2
176499,52,3,49,2
176500,47,6,41,2
176501,45,6,39,2
176502,50,8,42,2
176503,49,5,44,2
176504,67,3,64,2
176505,34,7,27,2
176506,64,8,56,2
176507,65,5,60,2
176508,55,5,50,2
176509,54,3,51,2
176510,60,5,55,2
176511,40,7,33,2
176512,42,7,35,2
176513,59,4,55,2
176514,61,10,51,2
176515,48,9,39,2
176516,67,5,62,2
176517,45,7,38,2
176518,46,9,37,2
176519,41,5,36,2
176520,57,9,48,2
176521,51,7,44,2
176522,64,9,55,2
176523,60,3,57,2
176524,45,4,41,2
176525,57,8,49,2
176526,59,7,52,2
176527,64,6,58,2
176528,56,10,46,2
176529,65,4,61,2
176530,48,8,40,2
176531,50,12,38,2
176532,49,4,45,2
176533,51,5,46,2
176534,52,6,46,2
176535,42,2,40,2
176536,50,5,45,2
176537,57,5,52,2
176538,63,4,59,2
176539,59,8,51,2
176540,54,4,50,2
176541,59,6,53,2
176542,47,7,40,2
176543,44,4,40,2
176544,60,7,53,2
176545,54,7,47,2
176546,57,6,51,2
176547,45,4,41,2
176548,61,5,56,2
176549,43,8,35,2
176550,60,8,52,2
176551,53,7,46,2
176552,43,3,40,2
176553,55,6,49,2
176554,46,3,43,2
176555,52,5,47,2
176556,58,6,52,2
176557,58,8,50,2
176558,47,8,39,2
176559,59,10,49,2
176560,66,6,60,2
176561,52,8,44,2
176562,60,6,54,2
176563,56,8,48,2
176564,53,7,46,2
176565,64,7,57,2
176566,49,7,42,2
176567,41,7,34,2
176568,42,7,35,2
176569,58,11,47,2
176570,43,5,38,2
176571,57,6,51,2
176572,57,8,49,2
176573,73,9,64,2
176574,57,4,53,2
176575,70,8,62,2
176576,61,10,51,2
176577,56,9,47,2
176578,59,7,52,2
176579,54,6,48,2
176580,53,3,50,2
176581,50,6,44,2
176582,55,4,51,2
176583,53,5,48,2
176584,48,4,44,2
176585,42,8,34,2
176586,46,10,36,2
176587,65,8,57,2
176588,39,5,34,2
176589,50,9,41,2
176590,60,4,56,2
176591,67,12,55,2
176592,52,4,48,2
176593,68,6,62,2
176594,69,7,62,2
176595,62,8,54,2
176596,52,12,40,2
176597,60,14,46,2
176598,52,6,46,2
176599,55,5,50,2
176600,55,5,50,2
176601,53,13,40,2
176602,50,6,44,2
176603,47,10,37,2
176604,51,11,40,2
176605,54,8,46,2
176606,52,0,52,1
176607,55,9,46,2
176608,52,6,46,2
176609,58,4,54,2
176610,58,12,46,2
176611,46,2,44,2
176612,45,7,38,2
176613,66,13,53,2
176614,59,14,45,2
176615,52,7,45,2
176616,49,4,45,2
176617,63,10,53,2
176618,52,9,43,2
176619,48,4,44,2
176620,67,7,60,2
176621,59,10,49,2
176622,61,7,54,2
176623,51,6,45,2
176624,53,7,46,2
176625,48,6,42,2
176626,66,12,54,2
176627,40,5,35,2
176628,59,10,49,2
176629,48,4,44,2
176630,72,8,64,2
176631,61,5,56,2
176632,54,10,44,2
176633,54,5,49,2
176634,51,6,45,2
176635,50,4,46,2
176636,51,5,46,2
176637,51,5,46,2
176638,55,7,48,2
176639,47,7,40,2
176640,58,6,52,2
176641,52,6,46,2
176642,62,12,50,2
176643,54,1,53,2
176644,60,6,54,2
176645,38,5,33,2
176646,46,5,41,2
176647,47,2,45,2
176648,52,8,44,2
176649,62,10,52,2
176650,54,6,48,2
176651,58,8,50,2
176652,56,9,47,2
176653,55,6,49,2
176654,52,2,50,2
176655,62,5,57,2
176656,62,5,57,2
176657,53,8,45,2
176658,52,7,45,2
176659,54,5,49,2
176660,53,4,49,2
176661,54,11,43,2
176662,58,10,48,2
176663,48,6,42,2
176664,51,7,44,2
176665,61,10,51,2
176666,49,5,44,2
176667,56,5,51,2
176668,56,12,44,2
176669,60,8,52,2
176670,60,10,50,2
176671,47,3,44,2
176672,62,4,58,2
176673,66,2,64,2
176674,60,1,59,2
176675,61,5,56,2
176676,55,4,51,2
176677,65,6,59,2
176678,59,7,52,2
176679,62,11,51,2
176680,51,10,41,2
176681,59,7,52,2
176682,51,11,40,2
176683,55,8,47,2
176684,59,5,54,2
176685,64,7,57,2
176686,54,7,47,2
176687,49,5,44,2
176688,55,7,48,2
176689,49,6,43,2
176690,60,10,50,2
176691,47,5,42,2
176692,72,8,64,2
176693,56,6,50,2
176694,60,8,52,2
176695,50,10,40,2
176696,59,7,52,2
176697,58,9,49,2
176698,47,7,40,2
176699,61,7,54,2
176700,62,9,53,2
176701,57,6,51,2
176702,57,7,50,2
176703,50,8,42,2
176704,55,5,50,2
176705,58,9,49,2
176706,67,12,55,2
176707,49,6,43,2
176708,60,7,53,2
176709,60,6,54,2
176710,70,9,61,2
176711,67,5,62,2
176712,40,6,34,2
176713,59,4,55,2
176714,51,7,44,2
176715,39,5,34,2
176716,45,6,39,2
176717,64,4,60,2
176718,49,6,43,2
176719,57,9,48,2
176720,50,5,45,2
176721,55,6,49,2
176722,46,6,40,2
176723,62,8,54,2
176724,56,6,50,2
176725,52,6,46,2
176726,66,3,63,2
176727,51,5,46,2
176728,44,6,38,2
176729,61,5,56,2
176730,53,3,50,2
176731,62,8,54,2
176732,57,6,51,2
176733,59,5,54,2
176734,53,4,49,2
176735,62,12,50,2
176736,52,5,47,2
176737,41,6,35,2
176738,47,4,43,2
176739,57,7,50,2
176740,39,2,37,2
176741,61,7,54,2
176742,47,3,44,2
176743,61,9,52,2
176744,51,7,44,2
176745,64,6,58,2
176746,74,4,70,2
176747,44,5,39,2
176748,51,7,44,2
176749,55,6,49,2
176750,61,8,53,2
176751,39,4,35,2
176752,61,6,55,2
176753,61,6,55,2
176754,62,8,54,2
176755,59,10,49,2
176756,48,6,42,2
176757,49,7,42,2
176758,60,7,53,2
176759,38,6,32,2
176760,70,11,59,2
176761,61,6,55,2
176762,52,8,44,2
176763,48,1,47,2
176764,57,9,48,2
176765,45,1,44,2
176766,52,8,44,2
176767,51,3,48,2
176768,51,5,46,2
176769,49,4,45,2
176770,52,4,48,2
176771,55,9,46,2
176772,45,2,43,2
176773,59,7,52,2
176774,60,4,56,2
176775,64,10,54,2
176776,46,4,42,2
176777,49,9,40,2
176778,51,5,46,2
176779,60,8,52,2
176780,58,7,51,2
176781,52,12,40,2
176782,53,7,46,2
176783,53,5,48,2
176784,65,11,54,2
176785,51,2,49,2
176786,51,8,43,2
176787,62,7,55,2
176788,55,4,51,2
176789,62,9,53,2
176790,69,7,62,2
176791,56,8,48,2
176792,65,5,60,2
176793,47,8,39,2
176794,65,8,57,2
176795,56,5,51,2
176796,62,4,58,2
176797,53,3,50,2
176798,51,8,43,2
176799,39,4,35,2
176800,59,10,49,2
176801,69,13,56,2
176802,41,3,38,2
176803,66,5,61,2
176804,51,10,41,2
176805,53,5,48,2
176806,53,5,48,2
176807,61,7,54,2
176808,50,3,47,2
176809,66,6,60,2
176810,47,3,44,2
176811,53,10,43,2
176812,56,9,47,2
176813,39,5,34,2
176814,58,6,52,2
176815,62,5,57,2
176816,40,5,35,2
176817,52,9,43,2
176818,58,8,50,2
176819,52,7,45,2
176820,54,6,48,2
176821,57,10,47,2
176822,48,8,40,2
176823,55,7,48,2
176824,59,6,53,2
176825,61,10,51,2
176826,51,8,43,2
176827,50,4,46,2
176828,59,6,53,2
176829,53,2,51,2
176830,49,6,43,2
176831,62,7,55,2
176832,72,10,62,2
176833,44,2,42,2
176834,61,10,51,2
176835,60,5,55,2
176836,52,5,47,2
176837,61,6,55,2
176838,42,4,38,2
176839,56,7,49,2
176840,52,12,40,2
176841,55,4,51,2
176842,58,5,53,2
176843,54,8,46,2
176844,41,7,34,2
176845,54,3,51,2
176846,56,9,47,2
176847,48,6,42,2
176848,47,7,40,2
176849,60,8,52,2
176850,66,6,60,2
176851,58,9,49,2
176852,58,8,50,2
176853,50,8,42,2
176854,45,8,37,2
176855,64,9,55,2
176856,47,7,40,2
176857,51,5,46,2
176858,59,5,54,2
176859,44,4,40,2
176860,46,7,39,2
176861,47,7,40,2
176862,64,6,58,2
176863,76,5,71,2
176864,43,3,40,2
176865,64,10,54,2
176866,45,7,38,2
176867,54,13,41,2
176868,46,4,42,2
176869,52,8,44,2
176870,47,4,43,2
176871,59,6,53,2
176872,56,9,47,2
176873,54,7,47,2
176874,49,2,47,2
176875,59,12,47,2
176876,62,8,54,2
176877,51,4,47,2
176878,50,10,40,2
176879,50,6,44,2
176880,54,7,47,2
176881,65,1,64,2
176882,52,10,42,2
176883,59,8,51,2
176884,43,6,37,2
176885,64,17,47,2
176886,57,7,50,2
176887,64,8,56,2
176888,52,11,41,2
176889,55,7,48,2
176890,65,9,56,2
176891,54,8,46,2
176892,55,4,51,2
176893,47,4,43,2
176894,52,8,44,2
176895,47,7,40,2
176896,64,10,54,2
176897,49,11,38,2
176898,55,6,49,2
176899,67,7,60,2
176900,58,7,51,2
176901,61,7,54,2
176902,50,7,43,2
176903,64,7,57,2
176904,53,7,46,2
176905,49,7,42,2
176906,62,6,56,2
176907,62,13,49,2
176908,55,4,51,2
176909,47,3,44,2
176910,55,8,47,2
176911,66,8,58,2
176912,55,6,49,2
176913,48,7,41,2
176914,58,9,49,2
176915,47,10,37,2
176916,54,9,45,2
176917,68,11,57,2
176918,48,12,36,2
176919,61,5,56,2
176920,53,4,49,2
176921,59,7,52,2
176922,44,6,38,2
176923,58,10,48,2
176924,65,13,52,2
176925,54,9,45,2
176926,48,6,42,2
176927,47,5,42,2
176928,43,4,39,2
176929,51,6,45,2
176930,56,6,50,2
176931,44,4,40,2
176932,64,6,58,2
176933,61,8,53,2
176934,51,2,49,2
176935,65,8,57,2
176936,51,7,44,2
176937,31,2,29,2
176938,69,11,58,2
176939,52,8,44,2
176940,44,6,38,2
176941,51,5,46,2
176942,56,6,50,2
176943,60,10,50,2
176944,52,4,48,2
176945,57,7,50,2
176946,59,5,54,2
176947,57,11,46,2
176948,56,4,52,2
176949,53,7,46,2
176950,73,7,66,2
176951,49,6,43,2
176952,72,7,65,2
176953,53,6,47,2
176954,55,4,51,2
176955,41,1,40,2
176956,58,8,50,2
176957,52,7,45,2
176958,45,4,41,2
176959,62,4,58,2
176960,60,7,53,2
176961,68,9,59,2
176962,48,4,44,2
176963,53,4,49,2
176964,57,4,53,2
176965,54,7,47,2
176966,47,8,39,2
176967,60,9,51,2
176968,50,8,42,2
176969,59,7,52,2
176970,50,2,48,2
176971,64,4,60,2
176972,51,5,46,2
176973,55,10,45,2
176974,55,9,46,2
176975,50,2,48,2
176976,51,9,42,2
176977,51,8,43,2
176978,51,8,43,2
176979,54,9,45,2
176980,39,2,37,2
176981,50,13,37,2
176982,46,6,40,2
176983,51,9,42,2
176984,47,2,45,2
176985,52,6,46,2
176986,48,6,42,2
176987,46,5,41,2
176988,56,7,49,2
176989,54,4,50,2
176990,50,7,43,2
176991,66,6,60,2
176992,55,5,50,2
176993,50,8,42,2
176994,57,5,52,2
176995,50,5,45,2
176996,48,7,41,2
176997,48,7,41,2
176998,54,3,51,2
176999,71,9,62,2
177000,55,5,50,2
177001,58,6,52,2
177002,50,6,44,2
177003,49,7,42,2
177004,56,9,47,2
177005,52,4,48,2
177006,70,11,59,2
177007,54,10,44,2
177008,44,6,38,2
177009,60,5,55,2
177010,56,7,49,2
177011,59,9,50,2
177012,47,5,42,2
177013,41,5,36,2
177014,51,8,43,2
177015,52,6,46,2
177016,68,7,61,2
177017,62,9,53,2
177018,43,5,38,2
177019,54,5,49,2
177020,59,7,52,2
177021,46,7,39,2
177022,44,4,40,2
177023,57,5,52,2
177024,61,7,54,2
177025,65,8,57,2
177026,58,3,55,2
177027,53,4,49,2
177028,58,8,50,2
177029,63,3,60,2
177030,61,7,54,2
177031,47,6,41,2
177032,50,6,44,2
177033,57,7,50,2
177034,57,9,48,2
177035,54,6,48,2
177036,58,8,50,2
177037,68,8,60,2
177038,55,7,48,2
177039,51,3,48,2
177040,50,5,45,2
177041,60,7,53,2
177042,45,3,42,2
177043,53,7,46,2
177044,55,6,49,2
177045,60,9,51,2
177046,60,2,58,2
177047,60,7,53,2
177048,63,5,58,2
177049,57,5,52,2
177050,45,7,38,2
177051,50,8,42,2
177052,48,9,39,2
177053,61,5,56,2
177054,51,6,45,2
177055,43,9,34,2
177056,52,4,48,2
177057,50,5,45,2
177058,59,8,51,2
177059,53,7,46,2
177060,66,11,55,2
177061,55,6,49,2
177062,70,9,61,2
177063,57,12,45,2
177064,53,5,48,2
177065,54,6,48,2
177066,47,5,42,2
177067,68,9,59,2
177068,70,6,64,2
177069,54,5,49,2
177070,56,8,48,2
177071,52,4,48,2
177072,60,10,50,2
177073,58,6,52,2
177074,45,5,40,2
177075,48,6,42,2
177076,64,6,58,2
177077,43,4,39,2
177078,52,10,42,2
177079,63,3,60,2
177080,53,10,43,2
177081,54,6,48,2
177082,59,8,51,2
177083,55,6,49,2
177084,58,8,50,2
177085,53,6,47,2
177086,49,3,46,2
177087,46,5,41,2
177088,55,9,46,2
177089,48,6,42,2
177090,55,7,48,2
177091,50,6,44,2
177092,65,9,56,2
177093,54,9,45,2
177094,41,5,36,2
177095,53,6,47,2
177096,50,7,43,2
177097,56,5,51,2
177098,55,10,45,2
177099,47,6,41,2
177100,56,10,46,2
177101,47,6,41,2
177102,48,4,44,2
177103,49,7,42,2
177104,63,6,57,2
177105,49,5,44,2
177106,46,7,39,2
177107,59,7,52,2
177108,53,4,49,2
177109,60,5,55,2
177110,50,8,42,2
177111,37,4,33,2
177112,43,4,39,2
177113,53,5,48,2
177114,57,7,50,2
177115,36,2,34,2
177116,56,7,49,2
177117,54,11,43,2
177118,53,4,49,2
177119,60,6,54,2
177120,53,4,49,2
177121,50,7,43,2
177122,65,6,59,2
177123,63,4,59,2
177124,54,6,48,2
177125,66,6,60,2
177126,55,4,51,2
177127,45,5,40,2
177128,57,8,49,2
177129,40,7,33,2
177130,61,5,56,2
177131,63,10,53,2
177132,59,11,48,2
177133,54,10,44,2
177134,58,8,50,2
177135,66,6,60,2
177136,57,4,53,2
177137,49,7,42,2
177138,54,10,44,2
177139,51,6,45,2
177140,56,4,52,2
177141,45,7,38,2
177142,58,11,47,2
177143,51,4,47,2
177144,65,6,59,2
177145,52,6,46,2
177146,57,6,51,2
177147,58,8,50,2
177148,53,13,40,2
177149,52,5,47,2
177150,54,5,49,2
177151,60,7,53,2
177152,51,8,43,2
177153,51,9,42,2
177154,48,4,44,2
177155,59,7,52,2
177156,67,11,56,2
177157,51,8,43,2
177158,51,8,43,2
177159,56,3,53,2
177160,45,6,39,2
177161,58,7,51,2
177162,48,4,44,2
177163,48,6,42,2
177164,57,6,51,2
177165,44,6,38,2
177166,61,6,55,2
177167,62,4,58,2
177168,66,8,58,2
177169,53,7,46,2
177170,73,11,62,2
177171,47,7,40,2
177172,42,3,39,2
177173,55,8,47,2
177174,60,8,52,2
177175,50,8,42,2
177176,53,7,46,2
177177,58,6,52,2
177178,59,7,52,2
177179,53,10,43,2
177180,46,6,40,2
177181,51,3,48,2
177182,52,9,43,2
177183,58,4,54,2
177184,68,7,61,2
177185,54,1,53,2
177186,51,5,46,2
177187,53,6,47,2
177188,54,11,43,2
177189,70,10,60,2
177190,48,9,39,2
177191,67,11,56,2
177192,55,6,49,2
177193,46,6,40,2
177194,49,6,43,2
177195,67,10,57,2
177196,57,5,52,2
177197,64,7,57,2
177198,52,5,47,2
177199,63,5,58,2
177200,52,6,46,2
177201,52,5,47,2
177202,64,8,56,2
177203,48,8,40,2
177204,58,6,52,2
177205,50,12,38,2
177206,56,6,50,2
177207,61,8,53,2
177208,58,9,49,2
177209,68,7,61,2
177210,65,8,57,2
177211,50,6,44,2
177212,62,6,56,2
177213,68,6,62,2
177214,54,6,48,2
177215,72,13,59,2
177216,56,6,50,2
177217,58,4,54,2
177218,69,9,60,2
177219,47,9,38,2
177220,42,5,37,2
177221,60,9,51,2
177222,60,6,54,2
177223,61,5,56,2
177224,53,5,48,2
177225,50,9,41,2
177226,75,13,62,2
177227,61,9,52,2
177228,58,7,51,2
177229,55,8,47,2
177230,51,8,43,2
177231,60,10,50,2
177232,43,5,38,2
177233,41,3,38,2
177234,54,8,46,2
177235,55,5,50,2
177236,59,3,56,2
177237,55,6,49,2
177238,45,4,41,2
177239,52,2,50,2
177240,53,2,51,2
177241,62,10,52,2
177242,55,8,47,2
177243,43,4,39,2
177244,46,8,38,2
177245,52,6,46,2
177246,42,7,35,2
177247,39,3,36,2
177248,61,6,55,2
177249,53,3,50,2
177250,58,4,54,2
177251,50,8,42,2
177252,52,4,48,2
177253,53,2,51,2
177254,54,4,50,2
177255,67,5,62,2
177256,52,10,42,2
177257,55,8,47,2
177258,57,5,52,2
177259,64,10,54,2
177260,52,8,44,2
177261,45,5,40,2
177262,70,4,66,2
177263,58,8,50,2
177264,46,4,42,2
177265,56,9,47,2
177266,56,5,51,2
177267,46,2,44,2
177268,68,10,58,2
177269,51,6,45,2
177270,62,8,54,2
177271,40,6,34,2
177272,40,5,35,2
177273,55,3,52,2
177274,49,5,44,2
177275,52,6,46,2
177276,60,6,54,2
177277,46,3,43,2
177278,51,4,47,2
177279,50,6,44,2
177280,46,1,45,2
177281,40,2,38,2
177282,59,4,55,2
177283,47,2,45,2
177284,39,6,33,2
177285,48,4,44,2
177286,53,5,48,2
177287,66,5,61,2
177288,51,3,48,2
177289,62,6,56,2
177290,65,9,56,2
177291,58,4,54,2
177292,55,9,46,2
177293,53,4,49,2
177294,68,12,56,2
177295,60,8,52,2
177296,48,4,44,2
177297,48,3,45,2
177298,60,5,55,2
177299,55,5,50,2
177300,46,5,41,2
177301,57,9,48,2
177302,47,7,40,2
177303,56,6,50,2
177304,58,7,51,2
177305,61,4,57,2
177306,64,5,59,2
177307,67,6,61,2
177308,54,9,45,2
177309,63,7,56,2
177310,49,10,39,2
177311,54,7,47,2
177312,47,8,39,2
177313,56,8,48,2
177314,44,6,38,2
177315,61,5,56,2
177316,51,7,44,2
177317,55,7,48,2
177318,48,6,42,2
177319,40,3,37,2
177320,64,11,53,2
177321,49,6,43,2
177322,59,10,49,2
177323,45,3,42,2
177324,62,3,59,2
177325,50,7,43,2
177326,53,5,48,2
177327,58,2,56,2
177328,69,14,55,2
177329,53,3,50,2
177330,67,7,60,2
177331,52,5,47,2
177332,56,2,54,2
177333,50,5,45,2
177334,62,6,56,2
177335,54,7,47,2
177336,50,5,45,2
177337,55,6,49,2
177338,62,10,52,2
177339,63,5,58,2
177340,53,8,45,2
177341,60,7,53,2
177342,51,5,46,2
177343,51,8,43,2
177344,48,5,43,2
177345,56,6,50,2
177346,55,4,51,2
177347,49,6,43,2
177348,61,7,54,2
177349,69,9,60,2
177350,51,5,46,2
177351,47,5,42,2
177352,72,9,63,2
177353,38,5,33,2
177354,50,5,45,2
177355,54,5,49,2
177356,58,10,48,2
177357,64,9,55,2
177358,54,8,46,2
177359,56,8,48,2
177360,59,9,50,2
177361,51,9,42,2
177362,53,10,43,2
177363,49,12,37,2
177364,50,3,47,2
177365,55,8,47,2
177366,54,7,47,2
177367,35,6,29,2
177368,65,8,57,2
177369,63,6,57,2
177370,56,9,47,2
177371,59,6,53,2
177372,54,5,49,2
177373,44,9,35,2
177374,41,7,34,2
177375,51,6,45,2
177376,68,8,60,2
177377,54,8,46,2
177378,67,8,59,2
177379,49,10,39,2
177380,50,5,45,2
177381,64,11,53,2
177382,55,2,53,2
177383,46,6,40,2
177384,51,7,44,2
177385,42,3,39,2
177386,65,5,60,2
177387,64,8,56,2
177388,50,3,47,2
177389,58,9,49,2
177390,49,9,40,2
177391,60,6,54,2
177392,46,2,44,2
177393,48,6,42,2
177394,48,2,46,2
177395,63,8,55,2
177396,57,6,51,2
177397,64,7,57,2
177398,50,10,40,2
177399,54,5,49,2
177400,50,2,48,2
177401,62,10,52,2
177402,52,8,44,2
177403,54,3,51,2
177404,45,5,40,2
177405,47,7,40,2
177406,46,6,40,2
177407,56,3,53,2
177408,56,6,50,2
177409,54,9,45,2
177410,69,11,58,2
177411,52,8,44,2
177412,49,6,43,2
177413,44,5,39,2
177414,58,6,52,2
177415,48,6,42,2
177416,47,10,37,2
177417,49,7,42,2
177418,54,9,45,2
177419,57,5,52,2
177420,53,11,42,2
177421,45,6,39,2
177422,64,5,59,2
177423,55,3,52,2
177424,42,5,37,2
177425,63,5,58,2
177426,53,6,47,2
177427,59,4,55,2
177428,46,6,40,2
177429,45,4,41,2
177430,65,9,56,2
177431,55,8,47,2
177432,60,4,56,2
177433,53,4,49,2
177434,66,8,58,2
177435,57,9,48,2
177436,62,3,59,2
177437,48,3,45,2
177438,57,9,48,2
177439,54,9,45,2
177440,49,8,41,2
177441,54,8,46,2
177442,55,5,50,2
177443,56,5,51,2
177444,69,9,60,2
177445,40,8,32,2
177446,47,5,42,2
177447,61,7,54,2
177448,56,2,54,2
177449,54,6,48,2
177450,44,7,37,2
177451,54,4,50,2
177452,71,6,65,2
177453,49,6,43,2
177454,69,8,61,2
177455,55,8,47,2
177456,45,9,36,2
177457,64,4,60,2
177458,41,7,34,2
177459,63,5,58,2
177460,46,5,41,2
177461,62,7,55,2
177462,57,4,53,2
177463,72,8,64,2
177464,53,10,43,2
177465,57,10,47,2
177466,56,9,47,2
177467,62,11,51,2
177468,61,8,53,2
177469,47,5,42,2
177470,53,7,46,2
177471,53,3,50,2
177472,49,2,47,2
177473,50,1,49,2
177474,57,8,49,2
177475,65,2,63,2
177476,59,7,52,2
177477,42,7,35,2
177478,72,11,61,2
177479,53,8,45,2
177480,53,5,48,2
177481,46,7,39,2
177482,61,15,46,2
177483,48,9,39,2
177484,46,3,43,2
177485,62,5,57,2
177486,63,5,58,2
177487,58,7,51,2
177488,40,7,33,2
177489,55,3,52,2
177490,52,10,42,2
177491,50,1,49,2
177492,48,12,36,2
177493,54,7,47,2
177494,49,6,43,2
177495,56,8,48,2
177496,59,12,47,2
177497,53,2,51,2
177498,53,5,48,2
177499,34,0,34,1
177500,56,14,42,2
177501,41,7,34,2
177502,52,1,51,2
177503,41,8,33,2
177504,49,2,47,2
177505,52,5,47,2
177506,46,5,41,2
177507,40,5,35,2
177508,52,5,47,2
177509,48,4,44,2
177510,55,9,46,2
177511,66,6,60,2
177512,47,6,41,2
177513,49,7,42,2
177514,60,8,52,2
177515,49,8,41,2
177516,57,5,52,2
177517,63,5,58,2
177518,58,7,51,2
177519,57,7,50,2
177520,51,3,48,2
177521,62,9,53,2
177522,55,5,50,2
177523,65,7,58,2
177524,55,8,47,2
177525,51,2,49,2
177526,63,6,57,2
177527,57,6,51,2
177528,69,8,61,2
177529,64,11,53,2
177530,62,8,54,2
177531,50,3,47,2
177532,44,6,38,2
177533,59,8,51,2
177534,60,5,55,2
177535,59,4,55,2
177536,55,9,46,2
177537,54,7,47,2
177538,42,8,34,2
177539,49,7,42,2
177540,48,3,45,2
177541,56,10,46,2
177542,44,8,36,2
177543,50,12,38,2
177544,64,8,56,2
177545,53,4,49,2
177546,56,9,47,2
177547,49,8,41,2
177548,50,11,39,2
177549,47,9,38,2
177550,56,9,47,2
177551,51,7,44,2
177552,64,5,59,2
177553,59,7,52,2
177554,58,5,53,2
177555,45,3,42,2
177556,56,7,49,2
177557,60,4,56,2
177558,67,10,57,2
177559,64,7,57,2
177560,52,8,44,2
177561,56,6,50,2
177562,67,8,59,2
177563,44,3,41,2
177564,47,6,41,2
177565,52,12,40,2
177566,42,5,37,2
177567,52,8,44,2
177568,58,9,49,2
177569,71,3,68,2
177570,51,6,45,2
177571,38,6,32,2
177572,64,12,52,2
177573,57,5,52,2
177574,47,7,40,2
177575,47,5,42,2
177576,50,3,47,2
177577,68,10,58,2
177578,58,7,51,2
177579,61,7,54,2
177580,53,5,48,2
177581,56,6,50,2
177582,67,9,58,2
177583,56,8,48,2
177584,60,7,53,2
177585,61,5,56,2
177586,73,8,65,2
177587,51,7,44,2
177588,51,6,45,2
177589,65,4,61,2
177590,52,8,44,2
177591,55,4,51,2
177592,50,3,47,2
177593,65,7,58,2
177594,43,4,39,2
177595,44,4,40,2
177596,47,10,37,2
177597,62,8,54,2
177598,49,9,40,2
177599,43,3,40,2
177600,38,7,31,2
177601,48,10,38,2
177602,66,5,61,2
177603,52,8,44,2
177604,53,10,43,2
177605,60,3,57,2
177606,56,7,49,2
177607,51,6,45,2
177608,52,4,48,2
177609,58,7,51,2
177610,49,6,43,2
177611,44,9,35,2
177612,57,8,49,2
177613,50,6,44,2
177614,56,11,45,2
177615,56,6,50,2
177616,58,7,51,2
177617,47,3,44,2
177618,41,4,37,2
177619,53,9,44,2
177620,49,4,45,2
177621,44,3,41,2
177622,61,7,54,2
177623,58,7,51,2
177624,56,4,52,2
177625,43,2,41,2
177626,42,2,40,2
177627,56,5,51,2
177628,66,4,62,2
177629,58,6,52,2
177630,56,7,49,2
177631,55,9,46,2
177632,60,2,58,2
177633,59,6,53,2
177634,47,1,46,2
177635,50,3,47,2
177636,55,6,49,2
177637,52,6,46,2
177638,65,11,54,2
177639,60,10,50,2
177640,54,7,47,2
177641,49,7,42,2
177642,68,4,64,2
177643,51,5,46,2
177644,53,2,51,2
177645,65,9,56,2
177646,52,4,48,2
177647,39,7,32,2
177648,58,2,56,2
177649,42,5,37,2
177650,60,2,58,2
177651,65,10,55,2
177652,52,3,49,2
177653,55,6,49,2
177654,50,7,43,2
177655,64,5,59,2
177656,58,8,50,2
177657,65,6,59,2
177658,43,4,39,2
177659,49,11,38,2
177660,68,7,61,2
177661,45,7,38,2
177662,56,8,48,2
177663,58,8,50,2
177664,61,4,57,2
177665,56,8,48,2
177666,52,3,49,2
177667,43,3,40,2
177668,62,9,53,2
177669,58,2,56,2
177670,54,7,47,2
177671,43,6,37,2
177672,68,8,60,2
177673,51,5,46,2
177674,54,3,51,2
177675,51,6,45,2
177676,59,8,51,2
177677,61,8,53,2
177678,52,8,44,2
177679,57,5,52,2
177680,56,6,50,2
177681,49,6,43,2
177682,60,3,57,2
177683,53,10,43,2
177684,48,10,38,2
177685,56,6,50,2
177686,45,3,42,2
177687,49,6,43,2
177688,50,5,45,2
177689,49,3,46,2
177690,56,7,49,2
177691,53,5,48,2
177692,34,3,31,2
177693,53,7,46,2
177694,54,9,45,2
177695,56,7,49,2
177696,51,5,46,2
177697,49,6,43,2
177698,59,11,48,2
177699,65,5,60,2
177700,66,8,58,2
177701,43,5,38,2
177702,57,6,51,2
177703,57,7,50,2
177704,51,6,45,2
177705,55,11,44,2
177706,63,6,57,2
177707,54,5,49,2
177708,54,6,48,2
177709,61,9,52,2
177710,52,9,43,2
177711,61,8,53,2
177712,58,8,50,2
177713,65,12,53,2
177714,61,7,54,2
177715,46,9,37,2
177716,55,10,45,2
177717,54,5,49,2
177718,61,5,56,2
177719,57,7,50,2
177720,47,10,37,2
177721,55,5,50,2
177722,64,9,55,2
177723,64,12,52,2
177724,57,9,48,2
177725,54,7,47,2
177726,65,10,55,2
177727,65,7,58,2
177728,58,9,49,2
177729,54,4,50,2
177730,52,4,48,2
177731,57,5,52,2
177732,53,6,47,2
177733,54,5,49,2
177734,58,7,51,2
177735,57,8,49,2
177736,53,7,46,2
177737,59,10,49,2
177738,38,5,33,2
177739,54,4,50,2
177740,46,6,40,2
177741,41,4,37,2
177742,47,8,39,2
177743,59,9,50,2
177744,59,5,54,2
177745,58,9,49,2
177746,54,7,47,2
177747,57,8,49,2
177748,62,9,53,2
177749,53,7,46,2
177750,52,5,47,2
177751,53,5,48,2
177752,60,12,48,2
177753,53,6,47,2
177754,42,3,39,2
177755,41,8,33,2
177756,61,14,47,2
177757,57,7,50,2
177758,51,3,48,2
177759,56,2,54,2
177760,47,10,37,2
177761,51,10,41,2
177762,44,2,42,2
177763,49,3,46,2
177764,63,12,51,2
177765,47,7,40,2
177766,54,5,49,2
177767,49,5,44,2
177768,48,9,39,2
177769,51,3,48,2
177770,59,9,50,2
177771,44,5,39,2
177772,61,11,50,2
177773,53,6,47,2
177774,50,6,44,2
177775,62,4,58,2
177776,64,5,59,2
177777,47,5,42,2
177778,48,2,46,2
177779,52,5,47,2
177780,68,9,59,2
177781,55,11,44,2
177782,52,6,46,2
177783,56,6,50,2
177784,50,5,45,2
177785,46,3,43,2
177786,65,5,60,2
177787,57,10,47,2
177788,51,6,45,2
177789,78,9,69,2
177790,49,8,41,2
177791,54,8,46,2
177792,64,5,59,2
177793,56,14,42,2
177794,64,9,55,2
177795,61,4,57,2
177796,64,6,58,2
177797,58,8,50,2
177798,49,6,43,2
177799,61,6,55,2
177800,61,6,55,2
177801,52,6,46,2
177802,47,6,41,2
177803,55,7,48,2
177804,50,5,45,2
177805,49,4,45,2
177806,46,7,39,2
177807,59,5,54,2
177808,67,11,56,2
177809,46,3,43,2
177810,64,7,57,2
177811,64,8,56,2
177812,58,6,52,2
177813,50,4,46,2
177814,63,5,58,2
177815,49,9,40,2
177816,60,5,55,2
177817,52,4,48,2
177818,51,3,48,2
177819,44,3,41,2
177820,43,4,39,2
177821,43,2,41,2
177822,52,8,44,2
177823,46,3,43,2
177824,58,9,49,2
177825,50,9,41,2
177826,63,9,54,2
177827,59,5,54,2
177828,48,5,43,2
177829,52,10,42,2
177830,50,4,46,2
177831,52,6,46,2
177832,69,11,58,2
177833,51,8,43,2
177834,62,6,56,2
177835,47,6,41,2
177836,50,7,43,2
177837,59,7,52,2
177838,50,6,44,2
177839,51,2,49,2
177840,53,9,44,2
177841,47,10,37,2
177842,53,7,46,2
177843,57,8,49,2
177844,54,8,46,2
177845,67,11,56,2
177846,63,8,55,2
177847,44,8,36,2
177848,56,5,51,2
177849,51,4,47,2
177850,62,5,57,2
177851,49,4,45,2
177852,61,11,50,2
177853,67,9,58,2
177854,55,7,48,2
177855,71,5,66,2
177856,64,10,54,2
177857,54,6,48,2
177858,64,11,53,2
177859,56,12,44,2
177860,45,5,40,2
177861,47,3,44,2
177862,26,3,23,2
177863,54,3,51,2
177864,53,6,47,2
177865,50,6,44,2
177866,50,8,42,2
177867,58,9,49,2
177868,49,7,42,2
177869,55,11,44,2
177870,61,9,52,2
177871,62,6,56,2
177872,49,4,45,2
177873,52,5,47,2
177874,61,9,52,2
177875,63,8,55,2
177876,46,4,42,2
177877,42,4,38,2
177878,49,8,41,2
177879,50,10,40,2
177880,52,15,37,2
177881,64,9,55,2
177882,53,7,46,2
177883,54,8,46,2
177884,48,9,39,2
177885,63,10,53,2
177886,47,6,41,2
177887,52,6,46,2
177888,49,5,44,2
177889,59,8,51,2
177890,51,3,48,2
177891,39,7,32,2
177892,56,13,43,2
177893,47,5,42,2
177894,55,6,49,2
177895,40,9,31,2
177896,57,5,52,2
177897,53,5,48,2
177898,52,5,47,2
177899,57,8,49,2
177900,58,7,51,2
177901,65,10,55,2
177902,62,8,54,2
177903,58,8,50,2
177904,67,10,57,2
177905,52,10,42,2
177906,52,9,43,2
177907,56,9,47,2
177908,53,9,44,2
177909,57,8,49,2
177910,50,7,43,2
177911,55,5,50,2
177912,46,14,32,2
177913,47,4,43,2
177914,59,7,52,2
177915,66,3,63,2
177916,57,6,51,2
177917,58,5,53,2
177918,65,6,59,2
177919,71,3,68,2
177920,53,9,44,2
177921,58,10,48,2
177922,61,6,55,2
177923,61,7,54,2
177924,53,7,46,2
177925,59,9,50,2
177926,55,9,46,2
177927,44,6,38,2
177928,54,9,45,2
177929,53,14,39,2
177930,57,7,50,2
177931,49,3,46,2
177932,50,7,43,2
177933,45,4,41,2
177934,52,7,45,2
177935,53,2,51,2
177936,57,6,51,2
177937,67,7,60,2
177938,58,6,52,2
177939,54,6,48,2
177940,68,6,62,2
177941,60,7,53,2
177942,58,8,50,2
177943,57,5,52,2
177944,50,6,44,2
177945,60,9,51,2
177946,66,10,56,2
177947,40,5,35,2
177948,57,6,51,2
177949,67,8,59,2
177950,62,5,57,2
177951,56,8,48,2
177952,42,4,38,2
177953,47,8,39,2
177954,73,11,62,2
177955,55,2,53,2
177956,58,8,50,2
177957,49,4,45,2
177958,55,10,45,2
177959,58,7,51,2
177960,55,6,49,2
177961,50,8,42,2
177962,50,11,39,2
177963,53,3,50,2
177964,62,7,55,2
177965,63,6,57,2
177966,52,5,47,2
177967,42,8,34,2
177968,47,7,40,2
177969,58,8,50,2
177970,59,5,54,2
177971,51,7,44,2
177972,43,7,36,2
177973,51,6,45,2
177974,69,7,62,2
177975,52,1,51,2
177976,52,4,48,2
177977,49,7,42,2
177978,49,6,43,2
177979,46,7,39,2
177980,48,7,41,2
177981,52,7,45,2
177982,45,4,41,2
177983,53,4,49,2
177984,55,3,52,2
177985,54,6,48,2
177986,46,5,41,2
177987,36,2,34,2
177988,49,2,47,2
177989,59,9,50,2
177990,52,6,46,2
177991,55,4,51,2
177992,58,5,53,2
177993,56,8,48,2
177994,52,5,47,2
177995,51,9,42,2
177996,60,5,55,2
177997,60,10,50,2
177998,57,6,51,2
177999,48,5,43,2
178000,45,3,42,2
178001,48,9,39,2
178002,68,9,59,2
178003,54,8,46,2
178004,72,9,63,2
178005,61,8,53,2
178006,56,7,49,2
178007,56,7,49,2
178008,48,2,46,2
178009,48,4,44,2
178010,50,9,41,2
178011,53,7,46,2
178012,57,12,45,2
178013,70,7,63,2
178014,51,6,45,2
178015,68,12,56,2
178016,41,8,33,2
178017,61,6,55,2
178018,43,4,39,2
178019,50,7,43,2
178020,60,9,51,2
178021,50,8,42,2
178022,65,17,48,2
178023,59,5,54,2
178024,54,4,50,2
178025,45,6,39,2
178026,66,6,60,2
178027,51,8,43,2
178028,66,5,61,2
178029,55,5,50,2
178030,37,3,34,2
178031,44,3,41,2
178032,54,1,53,2
178033,43,0,43,1
178034,57,6,51,2
178035,58,9,49,2
178036,49,5,44,2
178037,74,8,66,2
178038,54,6,48,2
178039,51,3,48,2
178040,69,11,58,2
178041,66,4,62,2
178042,56,9,47,2
178043,46,7,39,2
178044,45,3,42,2
178045,48,6,42,2
178046,58,9,49,2
178047,51,8,43,2
178048,62,8,54,2
178049,45,7,38,2
178050,49,5,44,2
178051,59,12,47,2
178052,60,6,54,2
178053,41,7,34,2
178054,61,2,59,2
178055,49,6,43,2
178056,56,7,49,2
178057,57,8,49,2
178058,57,7,50,2
178059,52,4,48,2
178060,59,9,50,2
178061,60,11,49,2
178062,54,4,50,2
178063,54,2,52,2
178064,45,4,41,2
178065,54,3,51,2
178066,50,5,45,2
178067,53,6,47,2
178068,54,7,47,2
178069,51,6,45,2
178070,52,6,46,2
178071,54,11,43,2
178072,48,8,40,2
178073,57,6,51,2
178074,48,9,39,2
178075,42,10,32,2
178076,53,7,46,2
178077,63,7,56,2
178078,45,3,42,2
178079,56,2,54,2
178080,57,10,47,2
178081,60,9,51,2
178082,58,6,52,2
178083,63,15,48,2
178084,44,4,40,2
178085,57,6,51,2
178086,58,8,50,2
178087,68,7,61,2
178088,64,10,54,2
178089,45,4,41,2
178090,70,6,64,2
178091,46,6,40,2
178092,47,5,42,2
178093,54,6,48,2
178094,65,10,55,2
178095,51,4,47,2
178096,49,10,39,2
178097,46,7,39,2
178098,55,6,49,2
178099,52,9,43,2
178100,52,5,47,2
178101,47,8,39,2
178102,53,5,48,2
178103,56,5,51,2
178104,61,9,52,2
178105,45,6,39,2
178106,64,7,57,2
178107,39,3,36,2
178108,58,8,50,2
178109,49,5,44,2
178110,50,3,47,2
178111,48,3,45,2
178112,53,5,48,2
178113,48,7,41,2
178114,48,6,42,2
178115,57,6,51,2
178116,43,7,36,2
178117,58,3,55,2
178118,59,9,50,2
178119,58,7,51,2
178120,43,9,34,2
178121,53,8,45,2
178122,59,6,53,2
178123,53,3,50,2
178124,50,5,45,2
178125,57,5,52,2
178126,40,2,38,2
178127,47,11,36,2
178128,49,3,46,2
178129,39,9,30,2
178130,57,9,48,2
178131,54,7,47,2
178132,57,5,52,2
178133,58,8,50,2
178134,62,8,54,2
178135,56,7,49,2
178136,55,10,45,2
178137,46,5,41,2
178138,64,5,59,2
178139,56,10,46,2
178140,60,9,51,2
178141,54,6,48,2
178142,57,10,47,2
178143,55,8,47,2
178144,54,8,46,2
178145,55,2,53,2
178146,54,5,49,2
178147,48,6,42,2
178148,61,10,51,2
178149,46,8,38,2
178150,53,8,45,2
178151,54,4,50,2
178152,56,8,48,2
178153,59,5,54,2
178154,57,5,52,2
178155,49,10,39,2
178156,56,8,48,2
178157,48,11,37,2
178158,48,4,44,2
178159,51,6,45,2
178160,52,6,46,2
178161,52,4,48,2
178162,44,3,41,2
178163,41,4,37,2
178164,62,7,55,2
178165,55,8,47,2
178166,54,6,48,2
178167,42,6,36,2
178168,56,13,43,2
178169,60,11,49,2
178170,47,7,40,2
178171,59,5,54,2
178172,51,3,48,2
178173,62,6,56,2
178174,53,6,47,2
178175,48,4,44,2
178176,47,7,40,2
178177,53,5,48,2
178178,46,5,41,2
178179,44,9,35,2
178180,43,7,36,2
178181,49,3,46,2
178182,56,12,44,2
178183,52,3,49,2
178184,53,5,48,2
178185,62,6,56,2
178186,44,9,35,2
178187,54,8,46,2
178188,50,5,45,2
178189,53,11,42,2
178190,53,5,48,2
178191,50,5,45,2
178192,46,3,43,2
178193,64,9,55,2
178194,70,12,58,2
178195,56,5,51,2
178196,53,6,47,2
178197,60,4,56,2
178198,46,3,43,2
178199,49,7,42,2
178200,51,7,44,2
178201,55,7,48,2
178202,57,7,50,2
178203,44,4,40,2
178204,63,8,55,2
178205,63,5,58,2
178206,59,5,54,2
178207,63,5,58,2
178208,58,7,51,2
178209,51,2,49,2
178210,48,6,42,2
178211,63,4,59,2
178212,62,6,56,2
178213,51,6,45,2
178214,63,4,59,2
178215,43,9,34,2
178216,42,6,36,2
178217,53,8,45,2
178218,47,6,41,2
178219,58,10,48,2
178220,43,4,39,2
178221,50,7,43,2
178222,60,10,50,2
178223,53,8,45,2
178224,49,5,44,2
178225,69,10,59,2
178226,54,7,47,2
178227,65,9,56,2
178228,51,5,46,2
178229,59,6,53,2
178230,58,5,53,2
178231,53,5,48,2
178232,59,6,53,2
178233,54,8,46,2
178234,51,4,47,2
178235,41,5,36,2
178236,68,4,64,2
178237,57,8,49,2
178238,55,5,50,2
178239,56,6,50,2
178240,42,6,36,2
178241,58,7,51,2
178242,49,7,42,2
178243,53,9,44,2
178244,44,9,35,2
178245,53,4,49,2
178246,53,2,51,2
178247,64,4,60,2
178248,52,10,42,2
178249,60,10,50,2
178250,51,5,46,2
178251,77,15,62,2
178252,57,8,49,2
178253,48,1,47,2
178254,53,8,45,2
178255,68,5,63,2
178256,57,6,51,2
178257,56,9,47,2
178258,53,5,48,2
178259,55,7,48,2
178260,57,7,50,2
178261,42,6,36,2
178262,53,7,46,2
178263,64,8,56,2
178264,41,4,37,2
178265,54,8,46,2
178266,64,9,55,2
178267,62,10,52,2
178268,58,6,52,2
178269,57,7,50,2
178270,42,1,41,2
178271,55,7,48,2
178272,57,7,50,2
178273,56,6,50,2
178274,58,12,46,2
178275,54,7,47,2
178276,68,6,62,2
178277,57,11,46,2
178278,56,6,50,2
178279,58,6,52,2
178280,48,7,41,2
178281,52,8,44,2
178282,50,12,38,2
178283,47,5,42,2
178284,62,1,61,2
178285,66,10,56,2
178286,54,4,50,2
178287,63,3,60,2
178288,52,9,43,2
178289,49,4,45,2
178290,71,3,68,2
178291,50,5,45,2
178292,56,10,46,2
178293,56,7,49,2
178294,42,7,35,2
178295,46,5,41,2
178296,51,12,39,2
178297,41,3,38,2
178298,45,6,39,2
178299,43,5,38,2
178300,42,3,39,2
178301,48,12,36,2
178302,65,6,59,2
178303,51,10,41,2
178304,58,6,52,2
178305,65,4,61,2
178306,58,6,52,2
178307,66,12,54,2
178308,49,6,43,2
178309,59,5,54,2
178310,56,6,50,2
178311,53,9,44,2
178312,58,6,52,2
178313,51,7,44,2
178314,47,6,41,2
178315,59,5,54,2
178316,51,10,41,2
178317,43,5,38,2
178318,60,8,52,2
178319,55,10,45,2
178320,55,9,46,2
178321,50,7,43,2
178322,68,8,60,2
178323,58,6,52,2
178324,57,7,50,2
178325,55,4,51,2
178326,60,5,55,2
178327,55,8,47,2
178328,51,11,40,2
178329,60,5,55,2
178330,53,11,42,2
178331,65,8,57,2
178332,57,6,51,2
178333,48,6,42,2
178334,45,8,37,2
178335,57,5,52,2
178336,56,7,49,2
178337,54,5,49,2
178338,49,6,43,2
178339,63,7,56,2
178340,54,5,49,2
178341,58,5,53,2
178342,47,6,41,2
178343,62,5,57,2
178344,51,10,41,2
178345,52,5,47,2
178346,59,6,53,2
178347,65,10,55,2
178348,53,5,48,2
178349,41,3,38,2
178350,56,6,50,2
178351,49,9,40,2
178352,53,2,51,2
178353,52,6,46,2
178354,62,8,54,2
178355,56,5,51,2
178356,57,6,51,2
178357,54,4,50,2
178358,59,8,51,2
178359,58,4,54,2
178360,51,8,43,2
178361,52,6,46,2
178362,50,4,46,2
178363,46,6,40,2
178364,64,13,51,2
178365,51,7,44,2
178366,38,4,34,2
178367,71,11,60,2
178368,48,9,39,2
178369,54,2,52,2
178370,43,5,38,2
178371,51,5,46,2
178372,62,13,49,2
178373,60,9,51,2
178374,63,7,56,2
178375,58,2,56,2
178376,61,3,58,2
178377,54,4,50,2
178378,56,10,46,2
178379,58,5,53,2
178380,46,4,42,2
178381,60,5,55,2
178382,55,5,50,2
178383,55,7,48,2
178384,62,11,51,2
178385,54,6,48,2
178386,53,9,44,2
178387,39,3,36,2
178388,49,7,42,2
178389,35,7,28,2
178390,52,5,47,2
178391,54,7,47,2
178392,63,7,56,2
178393,53,11,42,2
178394,58,4,54,2
178395,68,13,55,2
178396,53,6,47,2
178397,40,6,34,2
178398,54,5,49,2
178399,51,8,43,2
178400,36,6,30,2
178401,68,8,60,2
178402,57,6,51,2
178403,61,2,59,2
178404,59,6,53,2
178405,59,11,48,2
178406,51,4,47,2
178407,60,9,51,2
178408,52,6,46,2
178409,67,2,65,2
178410,61,6,55,2
178411,61,8,53,2
178412,66,13,53,2
178413,51,4,47,2
178414,60,4,56,2
178415,41,3,38,2
178416,50,7,43,2
178417,42,5,37,2
178418,60,6,54,2
178419,51,7,44,2
178420,49,9,40,2
178421,50,6,44,2
178422,52,3,49,2
178423,45,6,39,2
178424,65,7,58,2
178425,59,8,51,2
178426,61,9,52,2
178427,52,4,48,2
178428,65,11,54,2
178429,53,8,45,2
178430,50,5,45,2
178431,58,9,49,2
178432,81,7,74,2
178433,49,10,39,2
178434,64,4,60,2
178435,61,9,52,2
178436,62,6,56,2
178437,66,5,61,2
178438,58,5,53,2
178439,57,5,52,2
178440,42,5,37,2
178441,46,5,41,2
178442,59,7,52,2
178443,57,7,50,2
178444,50,12,38,2
178445,48,7,41,2
178446,60,7,53,2
178447,40,4,36,2
178448,54,11,43,2
178449,57,10,47,2
178450,64,9,55,2
178451,40,6,34,2
178452,57,11,46,2
178453,56,6,50,2
178454,52,5,47,2
178455,49,4,45,2
178456,43,4,39,2
178457,52,3,49,2
178458,42,9,33,2
178459,55,8,47,2
178460,52,8,44,2
178461,43,3,40,2
178462,56,6,50,2
178463,52,1,51,2
178464,57,7,50,2
178465,54,7,47,2
178466,48,6,42,2
178467,63,8,55,2
178468,52,8,44,2
178469,55,8,47,2
178470,46,6,40,2
178471,60,8,52,2
178472,55,5,50,2
178473,53,7,46,2
178474,64,6,58,2
178475,55,7,48,2
178476,53,10,43,2
178477,46,5,41,2
178478,60,5,55,2
178479,49,6,43,2
178480,43,6,37,2
178481,60,5,55,2
178482,59,8,51,2
178483,61,8,53,2
178484,49,5,44,2
178485,39,3,36,2
178486,50,5,45,2
178487,52,7,45,2
178488,43,3,40,2
178489,58,6,52,2
178490,62,7,55,2
178491,45,3,42,2
178492,64,9,55,2
178493,63,5,58,2
178494,66,7,59,2
178495,60,6,54,2
178496,59,11,48,2
178497,59,5,54,2
178498,54,4,50,2
178499,52,5,47,2
178500,61,7,54,2
178501,62,7,55,2
178502,53,6,47,2
178503,72,2,70,2
178504,67,10,57,2
178505,55,4,51,2
178506,50,8,42,2
178507,67,10,57,2
178508,43,3,40,2
178509,57,6,51,2
178510,65,9,56,2
178511,65,7,58,2
178512,50,5,45,2
178513,53,7,46,2
178514,54,3,51,2
178515,52,7,45,2
178516,44,6,38,2
178517,52,5,47,2
178518,47,6,41,2
178519,49,4,45,2
178520,42,3,39,2
178521,58,5,53,2
178522,52,6,46,2
178523,52,9,43,2
178524,52,5,47,2
178525,51,5,46,2
178526,51,5,46,2
178527,53,5,48,2
178528,66,7,59,2
178529,43,3,40,2
178530,57,5,52,2
178531,64,12,52,2
178532,58,4,54,2
178533,63,7,56,2
178534,63,8,55,2
178535,52,5,47,2
178536,52,7,45,2
178537,60,7,53,2
178538,49,3,46,2
178539,50,4,46,2
178540,59,5,54,2
178541,56,7,49,2
178542,46,6,40,2
178543,64,6,58,2
178544,60,7,53,2
178545,54,7,47,2
178546,51,4,47,2
178547,33,4,29,2
178548,71,12,59,2
178549,49,4,45,2
178550,54,7,47,2
178551,52,6,46,2
178552,53,7,46,2
178553,52,2,50,2
178554,45,6,39,2
178555,64,5,59,2
178556,45,6,39,2
178557,61,6,55,2
178558,53,8,45,2
178559,56,8,48,2
178560,58,6,52,2
178561,66,10,56,2
178562,69,10,59,2
178563,45,3,42,2
178564,44,5,39,2
178565,52,5,47,2
178566,50,6,44,2
178567,44,3,41,2
178568,68,10,58,2
178569,42,2,40,2
178570,50,9,41,2
178571,59,12,47,2
178572,60,6,54,2
178573,51,9,42,2
178574,48,7,41,2
178575,57,4,53,2
178576,52,4,48,2
178577,52,8,44,2
178578,60,6,54,2
178579,53,7,46,2
178580,41,6,35,2
178581,60,8,52,2
178582,50,4,46,2
178583,58,8,50,2
178584,70,10,60,2
178585,54,7,47,2
178586,52,9,43,2
178587,57,4,53,2
178588,52,6,46,2
178589,56,7,49,2
178590,52,6,46,2
178591,52,5,47,2
178592,42,9,33,2
178593,57,3,54,2
178594,54,7,47,2
178595,58,2,56,2
178596,59,7,52,2
178597,53,3,50,2
178598,51,7,44,2
178599,59,7,52,2
178600,54,4,50,2
178601,57,7,50,2
178602,56,5,51,2
178603,50,5,45,2
178604,43,7,36,2
178605,71,4,67,2
178606,50,6,44,2
178607,56,8,48,2
178608,69,10,59,2
178609,73,11,62,2
178610,66,4,62,2
178611,50,4,46,2
178612,56,7,49,2
178613,51,3,48,2
178614,49,11,38,2
178615,46,3,43,2
178616,61,10,51,2
178617,47,8,39,2
178618,53,6,47,2
178619,51,9,42,2
178620,48,5,43,2
178621,51,4,47,2
178622,54,7,47,2
178623,48,8,40,2
178624,62,7,55,2
178625,64,12,52,2
178626,50,5,45,2
178627,45,8,37,2
178628,59,3,56,2
178629,68,9,59,2
178630,54,4,50,2
178631,46,4,42,2
178632,55,5,50,2
178633,61,8,53,2
178634,44,6,38,2
178635,58,6,52,2
178636,57,3,54,2
178637,59,7,52,2
178638,53,8,45,2
178639,58,7,51,2
178640,56,5,51,2
178641,71,6,65,2
178642,60,12,48,2
178643,59,10,49,2
178644,65,7,58,2
178645,51,6,45,2
178646,52,7,45,2
178647,44,5,39,2
178648,46,3,43,2
178649,53,4,49,2
178650,54,5,49,2
178651,48,4,44,2
178652,67,10,57,2
178653,53,6,47,2
178654,62,8,54,2
178655,57,6,51,2
178656,48,5,43,2
178657,39,6,33,2
178658,56,11,45,2
178659,54,8,46,2
178660,42,5,37,2
178661,57,10,47,2
178662,64,8,56,2
178663,66,12,54,2
178664,52,8,44,2
178665,56,2,54,2
178666,54,5,49,2
178667,49,5,44,2
178668,55,4,51,2
178669,64,6,58,2
178670,50,7,43,2
178671,58,4,54,2
178672,64,10,54,2
178673,46,6,40,2
178674,61,2,59,2
178675,54,3,51,2
178676,55,5,50,2
178677,55,4,51,2
178678,54,9,45,2
178679,65,11,54,2
178680,55,4,51,2
178681,48,4,44,2
178682,57,6,51,2
178683,38,6,32,2
178684,50,9,41,2
178685,55,12,43,2
178686,55,9,46,2
178687,47,8,39,2
178688,58,6,52,2
178689,45,5,40,2
178690,55,6,49,2
178691,62,6,56,2
178692,54,10,44,2
178693,50,7,43,2
178694,51,7,44,2
178695,55,7,48,2
178696,47,2,45,2
178697,52,6,46,2
178698,59,7,52,2
178699,48,7,41,2
178700,48,3,45,2
178701,43,4,39,2
178702,51,6,45,2
178703,58,12,46,2
178704,52,8,44,2
178705,58,8,50,2
178706,50,2,48,2
178707,44,9,35,2
178708,56,8,48,2
178709,47,7,40,2
178710,53,8,45,2
178711,48,6,42,2
178712,64,7,57,2
178713,57,11,46,2
178714,67,7,60,2
178715,43,6,37,2
178716,60,6,54,2
178717,51,6,45,2
178718,50,4,46,2
178719,62,3,59,2
178720,48,6,42,2
178721,47,6,41,2
178722,46,4,42,2
178723,58,4,54,2
178724,70,9,61,2
178725,56,9,47,2
178726,56,6,50,2
178727,54,11,43,2
178728,50,7,43,2
178729,44,5,39,2
178730,48,5,43,2
178731,49,4,45,2
178732,53,4,49,2
178733,45,7,38,2
178734,55,4,51,2
178735,51,13,38,2
178736,51,4,47,2
178737,64,7,57,2
178738,55,6,49,2
178739,58,8,50,2
178740,65,8,57,2
178741,48,8,40,2
178742,61,4,57,2
178743,52,5,47,2
178744,66,5,61,2
178745,53,6,47,2
178746,47,5,42,2
178747,64,5,59,2
178748,49,2,47,2
178749,57,7,50,2
178750,55,6,49,2
178751,55,9,46,2
178752,54,10,44,2
178753,58,5,53,2
178754,47,5,42,2
178755,49,3,46,2
178756,66,8,58,2
178757,46,8,38,2
178758,60,7,53,2
178759,58,4,54,2
178760,52,5,47,2
178761,50,8,42,2
178762,51,8,43,2
178763,56,7,49,2
178764,59,13,46,2
178765,60,10,50,2
178766,55,1,54,2
178767,49,6,43,2
178768,65,5,60,2
178769,45,7,38,2
178770,36,5,31,2
178771,59,8,51,2
178772,47,6,41,2
178773,58,12,46,2
178774,52,7,45,2
178775,48,9,39,2
178776,50,7,43,2
178777,48,7,41,2
178778,61,5,56,2
178779,54,7,47,2
178780,54,5,49,2
178781,70,12,58,2
178782,50,5,45,2
178783,42,3,39,2
178784,54,6,48,2
178785,48,8,40,2
178786,54,8,46,2
178787,61,4,57,2
178788,55,7,48,2
178789,55,5,50,2
178790,55,9,46,2
178791,45,4,41,2
178792,54,7,47,2
178793,57,6,51,2
178794,56,4,52,2
178795,51,9,42,2
178796,55,5,50,2
178797,49,9,40,2
178798,44,6,38,2
178799,48,6,42,2
178800,52,2,50,2
178801,61,6,55,2
178802,51,8,43,2
178803,54,6,48,2
178804,62,12,50,2
178805,56,5,51,2
178806,74,1,73,2
178807,36,2,34,2
178808,46,6,40,2
178809,54,7,47,2
178810,45,3,42,2
178811,66,4,62,2
178812,56,12,44,2
178813,55,12,43,2
178814,56,4,52,2
178815,63,14,49,2
178816,53,7,46,2
178817,47,5,42,2
178818,48,9,39,2
178819,58,7,51,2
178820,56,5,51,2
178821,56,9,47,2
178822,48,5,43,2
178823,57,7,50,2
178824,52,5,47,2
178825,62,9,53,2
178826,55,6,49,2
178827,48,3,45,2
178828,46,4,42,2
178829,54,6,48,2
178830,46,6,40,2
178831,63,6,57,2
178832,62,2,60,2
178833,60,7,53,2
178834,66,7,59,2
178835,53,6,47,2
178836,59,8,51,2
178837,59,5,54,2
178838,52,9,43,2
178839,53,13,40,2
178840,31,5,26,2
178841,58,9,49,2
178842,55,8,47,2
178843,54,4,50,2
178844,63,7,56,2
178845,61,6,55,2
178846,51,9,42,2
178847,50,4,46,2
178848,58,5,53,2
178849,54,12,42,2
178850,55,6,49,2
178851,56,5,51,2
178852,60,4,56,2
178853,61,11,50,2
178854,44,7,37,2
178855,52,6,46,2
178856,31,1,30,2
178857,49,9,40,2
178858,60,5,55,2
178859,39,3,36,2
178860,65,4,61,2
178861,64,6,58,2
178862,49,2,47,2
178863,59,6,53,2
178864,58,4,54,2
178865,53,2,51,2
178866,61,9,52,2
178867,48,6,42,2
178868,54,4,50,2
178869,70,9,61,2
178870,52,10,42,2
178871,45,3,42,2
178872,54,6,48,2
178873,56,10,46,2
178874,48,6,42,2
178875,46,10,36,2
178876,54,11,43,2
178877,60,5,55,2
178878,51,6,45,2
178879,54,12,42,2
178880,56,3,53,2
178881,50,7,43,2
178882,45,7,38,2
178883,56,5,51,2
178884,53,6,47,2
178885,53,7,46,2
178886,60,4,56,2
178887,49,4,45,2
178888,55,8,47,2
178889,55,11,44,2
178890,48,1,47,2
178891,56,4,52,2
178892,63,6,57,2
178893,69,10,59,2
178894,58,6,52,2
178895,29,2,27,2
178896,54,4,50,2
178897,57,10,47,2
178898,61,2,59,2
178899,56,3,53,2
178900,46,7,39,2
178901,41,6,35,2
178902,45,4,41,2
178903,62,4,58,2
178904,56,3,53,2
178905,43,8,35,2
178906,61,7,54,2
178907,49,10,39,2
178908,52,4,48,2
178909,49,5,44,2
178910,51,2,49,2
178911,51,6,45,2
178912,51,7,44,2
178913,54,6,48,2
178914,49,5,44,2
178915,63,6,57,2
178916,56,7,49,2
178917,43,2,41,2
178918,61,6,55,2
178919,50,7,43,2
178920,57,9,48,2
178921,49,4,45,2
178922,51,2,49,2
178923,49,6,43,2
178924,60,4,56,2
178925,61,5,56,2
178926,54,9,45,2
178927,47,6,41,2
178928,54,6,48,2
178929,51,4,47,2
178930,43,6,37,2
178931,55,6,49,2
178932,66,8,58,2
178933,57,7,50,2
178934,45,6,39,2
178935,62,6,56,2
178936,48,4,44,2
178937,42,3,39,2
178938,71,8,63,2
178939,65,6,59,2
178940,49,8,41,2
178941,49,11,38,2
178942,57,10,47,2
178943,39,4,35,2
178944,54,6,48,2
178945,53,3,50,2
178946,67,6,61,2
178947,53,8,45,2
178948,59,10,49,2
178949,53,12,41,2
178950,58,8,50,2
178951,53,7,46,2
178952,57,12,45,2
178953,57,6,51,2
178954,65,13,52,2
178955,59,6,53,2
178956,53,6,47,2
178957,53,4,49,2
178958,54,6,48,2
178959,49,4,45,2
178960,42,3,39,2
178961,51,7,44,2
178962,41,1,40,2
178963,44,5,39,2
178964,39,4,35,2
178965,65,8,57,2
178966,44,6,38,2
178967,48,2,46,2
178968,61,11,50,2
178969,59,4,55,2
178970,58,10,48,2
178971,58,12,46,2
178972,65,7,58,2
178973,64,8,56,2
178974,62,9,53,2
178975,58,6,52,2
178976,62,4,58,2
178977,65,10,55,2
178978,48,3,45,2
178979,57,11,46,2
178980,56,8,48,2
178981,51,2,49,2
178982,53,4,49,2
178983,62,6,56,2
178984,65,11,54,2
178985,49,6,43,2
178986,37,2,35,2
178987,85,10,75,2
178988,49,11,38,2
178989,56,7,49,2
178990,61,10,51,2
178991,65,5,60,2
178992,57,7,50,2
178993,52,6,46,2
178994,62,6,56,2
178995,62,7,55,2
178996,45,12,33,2
178997,61,12,49,2
178998,58,3,55,2
178999,45,3,42,2
179000,69,10,59,2
179001,41,7,34,2
179002,62,8,54,2
179003,56,8,48,2
179004,63,12,51,2
179005,58,10,48,2
179006,58,9,49,2
179007,51,7,44,2
179008,46,7,39,2
179009,50,3,47,2
179010,43,2,41,2
179011,66,6,60,2
179012,49,2,47,2
179013,54,5,49,2
179014,62,8,54,2
179015,42,7,35,2
179016,55,4,51,2
179017,66,2,64,2
179018,49,4,45,2
179019,57,6,51,2
179020,57,5,52,2
179021,50,7,43,2
179022,48,5,43,2
179023,40,1,39,2
179024,45,6,39,2
179025,47,11,36,2
179026,52,5,47,2
179027,48,5,43,2
179028,66,10,56,2
179029,56,8,48,2
179030,61,11,50,2
179031,63,4,59,2
179032,61,6,55,2
179033,55,7,48,2
179034,72,8,64,2
179035,65,10,55,2
179036,49,6,43,2
179037,56,9,47,2
179038,55,8,47,2
179039,51,7,44,2
179040,57,7,50,2
179041,61,5,56,2
179042,55,5,50,2
179043,54,8,46,2
179044,46,9,37,2
179045,50,4,46,2
179046,63,5,58,2
179047,66,6,60,2
179048,51,10,41,2
179049,59,6,53,2
179050,59,7,52,2
179051,58,10,48,2
179052,56,7,49,2
179053,62,9,53,2
179054,52,7,45,2
179055,55,9,46,2
179056,57,9,48,2
179057,59,8,51,2
179058,58,8,50,2
179059,57,3,54,2
179060,57,5,52,2
179061,56,5,51,2
179062,52,6,46,2
179063,50,6,44,2
179064,52,11,41,2
179065,55,4,51,2
179066,43,8,35,2
179067,41,3,38,2
179068,56,9,47,2
179069,58,3,55,2
179070,57,7,50,2
179071,61,8,53,2
179072,44,3,41,2
179073,58,6,52,2
179074,42,5,37,2
179075,65,13,52,2
179076,59,8,51,2
179077,59,10,49,2
179078,56,8,48,2
179079,52,6,46,2
179080,60,6,54,2
179081,50,6,44,2
179082,47,10,37,2
179083,50,4,46,2
179084,64,7,57,2
179085,61,5,56,2
179086,60,8,52,2
179087,67,3,64,2
179088,61,10,51,2
179089,56,2,54,2
179090,51,8,43,2
179091,66,8,58,2
179092,57,7,50,2
179093,55,2,53,2
179094,45,6,39,2
179095,63,7,56,2
179096,49,7,42,2
179097,54,5,49,2
179098,62,4,58,2
179099,59,9,50,2
179100,33,2,31,2
179101,63,12,51,2
179102,51,6,45,2
179103,53,3,50,2
179104,39,4,35,2
179105,50,4,46,2
179106,58,2,56,2
179107,48,4,44,2
179108,71,14,57,2
179109,63,4,59,2
179110,70,11,59,2
179111,41,4,37,2
179112,64,9,55,2
179113,48,5,43,2
179114,47,2,45,2
179115,55,3,52,2
179116,57,4,53,2
179117,57,8,49,2
179118,60,2,58,2
179119,54,3,51,2
179120,47,2,45,2
179121,39,6,33,2
179122,64,6,58,2
179123,55,8,47,2
179124,63,9,54,2
179125,55,8,47,2
179126,56,2,54,2
179127,48,10,38,2
179128,58,8,50,2
179129,51,7,44,2
179130,51,7,44,2
179131,54,6,48,2
179132,60,9,51,2
179133,60,6,54,2
179134,49,3,46,2
179135,62,7,55,2
179136,56,8,48,2
179137,41,0,41,1
179138,57,5,52,2
179139,55,3,52,2
179140,48,4,44,2
179141,52,8,44,2
179142,59,8,51,2
179143,58,7,51,2
179144,40,4,36,2
179145,37,9,28,2
179146,59,8,51,2
179147,36,4,32,2
179148,53,7,46,2
179149,55,7,48,2
179150,48,7,41,2
179151,62,11,51,2
179152,57,5,52,2
179153,56,7,49,2
179154,52,7,45,2
179155,60,7,53,2
179156,61,6,55,2
179157,47,8,39,2
179158,55,7,48,2
179159,54,10,44,2
179160,52,9,43,2
179161,56,4,52,2
179162,61,4,57,2
179163,57,11,46,2
179164,55,4,51,2
179165,65,6,59,2
179166,63,6,57,2
179167,54,7,47,2
179168,54,5,49,2
179169,47,6,41,2
179170,44,4,40,2
179171,57,9,48,2
179172,71,9,62,2
179173,48,7,41,2
179174,61,5,56,2
179175,41,2,39,2
179176,39,5,34,2
179177,53,7,46,2
179178,45,6,39,2
179179,51,9,42,2
179180,59,10,49,2
179181,59,9,50,2
179182,45,7,38,2
179183,60,6,54,2
179184,46,5,41,2
179185,58,9,49,2
179186,66,9,57,2
179187,46,4,42,2
179188,52,4,48,2
179189,54,6,48,2
179190,62,11,51,2
179191,53,3,50,2
179192,61,4,57,2
179193,49,6,43,2
179194,72,11,61,2
179195,54,8,46,2
179196,48,10,38,2
179197,56,5,51,2
179198,59,9,50,2
179199,60,8,52,2
179200,52,12,40,2
179201,59,3,56,2
179202,53,11,42,2
179203,55,5,50,2
179204,62,11,51,2
179205,47,4,43,2
179206,53,7,46,2
179207,49,7,42,2
179208,50,10,40,2
179209,51,3,48,2
179210,54,9,45,2
179211,48,5,43,2
179212,55,10,45,2
179213,59,5,54,2
179214,48,6,42,2
179215,61,7,54,2
179216,41,6,35,2
179217,60,10,50,2
179218,48,9,39,2
179219,57,3,54,2
179220,54,9,45,2
179221,40,3,37,2
179222,50,8,42,2
179223,58,5,53,2
179224,43,9,34,2
179225,67,7,60,2
179226,43,4,39,2
179227,58,3,55,2
179228,55,9,46,2
179229,48,7,41,2
179230,51,7,44,2
179231,50,5,45,2
179232,66,10,56,2
179233,49,7,42,2
179234,58,6,52,2
179235,58,9,49,2
179236,46,10,36,2
179237,53,9,44,2
179238,54,5,49,2
179239,50,5,45,2
179240,45,4,41,2
179241,59,8,51,2
179242,49,4,45,2
179243,61,4,57,2
179244,41,5,36,2
179245,60,9,51,2
179246,48,6,42,2
179247,51,7,44,2
179248,52,7,45,2
179249,50,5,45,2
179250,52,7,45,2
179251,60,6,54,2
179252,53,8,45,2
179253,45,4,41,2
179254,53,15,38,2
179255,54,10,44,2
179256,64,16,48,2
179257,62,11,51,2
179258,59,6,53,2
179259,50,3,47,2
179260,55,8,47,2
179261,58,8,50,2
179262,59,9,50,2
179263,51,9,42,2
179264,63,14,49,2
179265,46,5,41,2
179266,71,5,66,2
179267,58,11,47,2
179268,58,7,51,2
179269,40,5,35,2
179270,53,5,48,2
179271,58,11,47,2
179272,68,12,56,2
179273,51,12,39,2
179274,52,9,43,2
179275,56,7,49,2
179276,53,8,45,2
179277,61,10,51,2
179278,58,6,52,2
179279,54,9,45,2
179280,61,10,51,2
179281,59,5,54,2
179282,48,10,38,2
179283,49,6,43,2
179284,51,5,46,2
179285,69,4,65,2
179286,42,5,37,2
179287,62,9,53,2
179288,56,5,51,2
179289,52,6,46,2
179290,57,4,53,2
179291,53,7,46,2
179292,64,10,54,2
179293,57,4,53,2
179294,51,4,47,2
179295,44,8,36,2
179296,63,6,57,2
179297,59,7,52,2
179298,60,4,56,2
179299,63,6,57,2
179300,60,6,54,2
179301,71,12,59,2
179302,50,6,44,2
179303,53,6,47,2
179304,50,5,45,2
179305,55,9,46,2
179306,52,3,49,2
179307,62,8,54,2
179308,59,3,56,2
179309,61,5,56,2
179310,51,1,50,2
179311,60,6,54,2
179312,66,10,56,2
179313,54,3,51,2
179314,54,6,48,2
179315,53,7,46,2
179316,47,7,40,2
179317,56,5,51,2
179318,47,2,45,2
179319,60,9,51,2
179320,68,6,62,2
179321,53,6,47,2
179322,53,3,50,2
179323,55,6,49,2
179324,46,4,42,2
179325,58,11,47,2
179326,48,1,47,2
179327,57,6,51,2
179328,63,5,58,2
179329,50,5,45,2
179330,56,9,47,2
179331,60,10,50,2
179332,57,9,48,2
179333,43,0,43,1
179334,57,9,48,2
179335,62,7,55,2
179336,59,8,51,2
179337,51,9,42,2
179338,53,6,47,2
179339,59,6,53,2
179340,54,9,45,2
179341,62,7,55,2
179342,63,5,58,2
179343,61,8,53,2
179344,54,6,48,2
179345,47,6,41,2
179346,51,5,46,2
179347,55,7,48,2
179348,64,6,58,2
179349,60,0,60,1
179350,66,9,57,2
179351,64,4,60,2
179352,54,8,46,2
179353,58,5,53,2
179354,64,9,55,2
179355,46,6,40,2
179356,58,6,52,2
179357,61,7,54,2
179358,61,12,49,2
179359,65,9,56,2
179360,54,9,45,2
179361,54,9,45,2
179362,72,8,64,2
179363,58,9,49,2
179364,59,9,50,2
179365,52,9,43,2
179366,47,5,42,2
179367,57,7,50,2
179368,63,7,56,2
179369,69,9,60,2
179370,62,9,53,2
179371,55,3,52,2
179372,59,3,56,2
179373,59,13,46,2
179374,59,6,53,2
179375,55,9,46,2
179376,62,13,49,2
179377,57,11,46,2
179378,63,6,57,2
179379,49,4,45,2
179380,49,12,37,2
179381,61,9,52,2
179382,61,6,55,2
179383,53,6,47,2
179384,53,5,48,2
179385,58,3,55,2
179386,53,4,49,2
179387,56,6,50,2
179388,53,4,49,2
179389,62,4,58,2
179390,49,6,43,2
179391,56,9,47,2
179392,43,5,38,2
179393,42,2,40,2
179394,49,5,44,2
179395,51,4,47,2
179396,50,7,43,2
179397,58,7,51,2
179398,53,4,49,2
179399,45,2,43,2
179400,44,4,40,2
179401,66,12,54,2
179402,57,4,53,2
179403,57,13,44,2
179404,57,12,45,2
179405,62,4,58,2
179406,53,8,45,2
179407,59,7,52,2
179408,55,8,47,2
179409,59,6,53,2
179410,43,7,36,2
179411,55,4,51,2
179412,56,5,51,2
179413,57,8,49,2
179414,55,3,52,2
179415,57,7,50,2
179416,55,5,50,2
179417,53,8,45,2
179418,51,6,45,2
179419,67,5,62,2
179420,60,10,50,2
179421,50,2,48,2
179422,55,6,49,2
179423,63,13,50,2
179424,64,6,58,2
179425,46,8,38,2
179426,57,6,51,2
179427,52,6,46,2
179428,62,6,56,2
179429,51,3,48,2
179430,51,7,44,2
179431,55,9,46,2
179432,50,6,44,2
179433,61,14,47,2
179434,52,3,49,2
179435,64,6,58,2
179436,46,10,36,2
179437,49,7,42,2
179438,62,10,52,2
179439,59,4,55,2
179440,51,7,44,2
179441,62,6,56,2
179442,52,3,49,2
179443,54,2,52,2
179444,62,4,58,2
179445,71,4,67,2
179446,55,6,49,2
179447,48,3,45,2
179448,52,6,46,2
179449,51,2,49,2
179450,54,9,45,2
179451,50,9,41,2
179452,51,5,46,2
179453,47,5,42,2
179454,57,7,50,2
179455,61,9,52,2
179456,50,7,43,2
179457,51,4,47,2
179458,60,6,54,2
179459,65,11,54,2
179460,53,6,47,2
179461,51,7,44,2
179462,50,9,41,2
179463,53,8,45,2
179464,47,9,38,2
179465,60,8,52,2
179466,53,6,47,2
179467,59,8,51,2
179468,48,9,39,2
179469,70,10,60,2
179470,60,5,55,2
179471,60,6,54,2
179472,60,6,54,2
179473,68,6,62,2
179474,43,6,37,2
179475,59,7,52,2
179476,72,14,58,2
179477,63,10,53,2
179478,49,7,42,2
179479,56,12,44,2
179480,49,6,43,2
179481,73,10,63,2
179482,55,5,50,2
179483,61,5,56,2
179484,45,5,40,2
179485,48,5,43,2
179486,52,7,45,2
179487,54,7,47,2
179488,54,11,43,2
179489,54,13,41,2
179490,46,7,39,2
179491,56,5,51,2
179492,48,4,44,2
179493,49,7,42,2
179494,56,7,49,2
179495,59,5,54,2
179496,54,5,49,2
179497,65,7,58,2
179498,42,4,38,2
179499,52,6,46,2
179500,45,2,43,2
179501,57,6,51,2
179502,73,11,62,2
179503,59,9,50,2
179504,50,4,46,2
179505,50,7,43,2
179506,57,5,52,2
179507,59,9,50,2
179508,51,8,43,2
179509,61,9,52,2
179510,66,8,58,2
179511,45,6,39,2
179512,53,4,49,2
179513,52,3,49,2
179514,49,8,41,2
179515,59,6,53,2
179516,58,9,49,2
179517,60,6,54,2
179518,57,4,53,2
179519,47,6,41,2
179520,68,12,56,2
179521,59,5,54,2
179522,55,6,49,2
179523,54,5,49,2
179524,58,7,51,2
179525,45,12,33,2
179526,44,3,41,2
179527,58,10,48,2
179528,55,7,48,2
179529,57,8,49,2
179530,60,4,56,2
179531,59,6,53,2
179532,59,6,53,2
179533,65,10,55,2
179534,49,4,45,2
179535,58,6,52,2
179536,61,6,55,2
179537,69,11,58,2
179538,59,9,50,2
179539,62,7,55,2
179540,54,2,52,2
179541,71,10,61,2
179542,48,10,38,2
179543,50,4,46,2
179544,59,6,53,2
179545,42,6,36,2
179546,52,5,47,2
179547,54,8,46,2
179548,57,7,50,2
179549,73,15,58,2
179550,54,3,51,2
179551,62,7,55,2
179552,54,6,48,2
179553,52,8,44,2
179554,72,7,65,2
179555,62,5,57,2
179556,59,6,53,2
179557,44,5,39,2
179558,59,5,54,2
179559,56,3,53,2
179560,58,4,54,2
179561,45,5,40,2
179562,47,6,41,2
179563,54,7,47,2
179564,54,7,47,2
179565,54,4,50,2
179566,57,5,52,2
179567,63,12,51,2
179568,57,8,49,2
179569,47,7,40,2
179570,53,10,43,2
179571,51,8,43,2
179572,52,7,45,2
179573,54,5,49,2
179574,58,8,50,2
179575,48,11,37,2
179576,57,6,51,2
179577,54,4,50,2
179578,52,11,41,2
179579,61,11,50,2
179580,48,10,38,2
179581,50,7,43,2
179582,51,9,42,2
179583,63,9,54,2
179584,49,4,45,2
179585,53,3,50,2
179586,49,4,45,2
179587,52,5,47,2
179588,45,10,35,2
179589,47,7,40,2
179590,57,8,49,2
179591,41,5,36,2
179592,52,12,40,2
179593,43,8,35,2
179594,63,12,51,2
179595,53,6,47,2
179596,63,8,55,2
179597,51,7,44,2
179598,52,4,48,2
179599,64,15,49,2
179600,52,7,45,2
179601,52,7,45,2
179602,55,8,47,2
179603,61,4,57,2
179604,65,6,59,2
179605,57,4,53,2
179606,64,9,55,2
179607,55,6,49,2
179608,61,9,52,2
179609,61,9,52,2
179610,52,7,45,2
179611,61,5,56,2
179612,50,4,46,2
179613,54,7,47,2
179614,61,9,52,2
179615,56,9,47,2
179616,67,9,58,2
179617,49,7,42,2
179618,53,7,46,2
179619,67,9,58,2
179620,35,2,33,2
179621,59,8,51,2
179622,63,9,54,2
179623,50,7,43,2
179624,63,3,60,2
179625,51,8,43,2
179626,35,3,32,2
179627,47,8,39,2
179628,66,6,60,2
179629,45,8,37,2
179630,55,7,48,2
179631,56,4,52,2
179632,60,9,51,2
179633,45,6,39,2
179634,47,2,45,2
179635,59,5,54,2
179636,59,5,54,2
179637,68,5,63,2
179638,54,7,47,2
179639,54,8,46,2
179640,49,8,41,2
179641,68,7,61,2
179642,55,12,43,2
179643,52,5,47,2
179644,72,7,65,2
179645,54,6,48,2
179646,53,6,47,2
179647,47,6,41,2
179648,58,7,51,2
179649,65,8,57,2
179650,56,9,47,2
179651,49,8,41,2
179652,54,4,50,2
179653,63,9,54,2
179654,43,7,36,2
179655,57,5,52,2
179656,53,5,48,2
179657,57,6,51,2
179658,60,8,52,2
179659,64,11,53,2
179660,53,4,49,2
179661,58,11,47,2
179662,56,7,49,2
179663,60,9,51,2
179664,60,3,57,2
179665,52,6,46,2
179666,53,9,44,2
179667,47,4,43,2
179668,65,10,55,2
179669,60,14,46,2
179670,67,4,63,2
179671,45,5,40,2
179672,54,6,48,2
179673,62,7,55,2
179674,69,13,56,2
179675,50,9,41,2
179676,48,9,39,2
179677,57,10,47,2
179678,46,10,36,2
179679,44,4,40,2
179680,51,5,46,2
179681,62,10,52,2
179682,47,7,40,2
179683,75,3,72,2
179684,54,4,50,2
179685,59,10,49,2
179686,56,10,46,2
179687,55,9,46,2
179688,61,7,54,2
179689,45,1,44,2
179690,52,6,46,2
179691,40,1,39,2
179692,64,7,57,2
179693,48,4,44,2
179694,50,6,44,2
179695,51,5,46,2
179696,64,12,52,2
179697,52,11,41,2
179698,64,4,60,2
179699,54,8,46,2
179700,59,6,53,2
179701,49,5,44,2
179702,47,5,42,2
179703,58,3,55,2
179704,49,5,44,2
179705,50,3,47,2
179706,49,2,47,2
179707,71,17,54,2
179708,62,3,59,2
179709,60,8,52,2
179710,55,9,46,2
179711,57,6,51,2
179712,62,2,60,2
179713,44,7,37,2
179714,51,5,46,2
179715,50,6,44,2
179716,48,4,44,2
179717,42,6,36,2
179718,70,9,61,2
179719,58,8,50,2
179720,53,9,44,2
179721,57,6,51,2
179722,55,9,46,2
179723,70,5,65,2
179724,49,5,44,2
179725,54,5,49,2
179726,58,9,49,2
179727,51,5,46,2
179728,59,8,51,2
179729,54,6,48,2
179730,64,5,59,2
179731,61,8,53,2
179732,59,12,47,2
179733,44,4,40,2
179734,47,2,45,2
179735,55,11,44,2
179736,58,3,55,2
179737,62,7,55,2
179738,58,7,51,2
179739,53,10,43,2
179740,56,9,47,2
179741,53,6,47,2
179742,44,8,36,2
179743,54,3,51,2
179744,56,7,49,2
179745,57,6,51,2
179746,44,7,37,2
179747,78,13,65,2
179748,54,3,51,2
179749,66,5,61,2
179750,40,5,35,2
179751,51,4,47,2
179752,68,11,57,2
179753,59,4,55,2
179754,49,5,44,2
179755,57,8,49,2
179756,52,4,48,2
179757,49,4,45,2
179758,58,10,48,2
179759,54,9,45,2
179760,49,6,43,2
179761,58,7,51,2
179762,48,4,44,2
179763,61,9,52,2
179764,50,5,45,2
179765,48,5,43,2
179766,46,9,37,2
179767,46,4,42,2
179768,53,6,47,2
179769,49,5,44,2
179770,45,5,40,2
179771,60,8,52,2
179772,54,6,48,2
179773,48,8,40,2
179774,59,10,49,2
179775,55,2,53,2
179776,59,10,49,2
179777,45,10,35,2
179778,57,5,52,2
179779,67,6,61,2
179780,60,6,54,2
179781,50,4,46,2
179782,58,6,52,2
179783,53,5,48,2
179784,57,6,51,2
179785,61,7,54,2
179786,50,6,44,2
179787,64,3,61,2
179788,43,5,38,2
179789,60,3,57,2
179790,49,5,44,2
179791,51,10,41,2
179792,53,6,47,2
179793,52,4,48,2
179794,49,7,42,2
179795,64,5,59,2
179796,53,3,50,2
179797,55,9,46,2
179798,48,5,43,2
179799,66,11,55,2
179800,59,9,50,2
179801,73,9,64,2
179802,56,10,46,2
179803,50,8,42,2
179804,51,3,48,2
179805,54,5,49,2
179806,48,7,41,2
179807,54,3,51,2
179808,50,6,44,2
179809,49,4,45,2
179810,35,4,31,2
179811,61,7,54,2
179812,49,2,47,2
179813,46,7,39,2
179814,68,14,54,2
179815,69,8,61,2
179816,64,5,59,2
179817,57,8,49,2
179818,58,6,52,2
179819,56,5,51,2
179820,66,5,61,2
179821,62,8,54,2
179822,50,6,44,2
179823,50,5,45,2
179824,54,5,49,2
179825,47,9,38,2
179826,48,2,46,2
179827,65,10,55,2
179828,45,5,40,2
179829,58,7,51,2
179830,61,11,50,2
179831,53,6,47,2
179832,53,7,46,2
179833,56,7,49,2
179834,53,8,45,2
179835,73,11,62,2
179836,48,3,45,2
179837,46,2,44,2
179838,54,7,47,2
179839,59,8,51,2
179840,54,5,49,2
179841,52,6,46,2
179842,47,9,38,2
179843,43,5,38,2
179844,56,2,54,2
179845,53,5,48,2
179846,64,4,60,2
179847,49,5,44,2
179848,59,7,52,2
179849,43,5,38,2
179850,53,6,47,2
179851,54,5,49,2
179852,56,9,47,2
179853,53,9,44,2
179854,65,4,61,2
179855,56,11,45,2
179856,66,4,62,2
179857,49,3,46,2
179858,59,4,55,2
179859,61,5,56,2
179860,46,6,40,2
179861,44,6,38,2
179862,56,4,52,2
179863,52,7,45,2
179864,50,5,45,2
179865,53,4,49,2
179866,67,13,54,2
179867,42,4,38,2
179868,54,6,48,2
179869,55,4,51,2
179870,55,7,48,2
179871,67,13,54,2
179872,47,1,46,2
179873,51,7,44,2
179874,45,4,41,2
179875,57,11,46,2
179876,51,7,44,2
179877,42,5,37,2
179878,53,4,49,2
179879,42,8,34,2
179880,45,7,38,2
179881,43,7,36,2
179882,62,12,50,2
179883,60,7,53,2
179884,55,4,51,2
179885,63,6,57,2
179886,66,8,58,2
179887,38,5,33,2
179888,62,6,56,2
179889,60,5,55,2
179890,81,7,74,2
179891,55,4,51,2
179892,52,7,45,2
179893,62,4,58,2
179894,57,8,49,2
179895,49,10,39,2
179896,54,6,48,2
179897,63,8,55,2
179898,65,10,55,2
179899,42,4,38,2
179900,39,8,31,2
179901,49,8,41,2
179902,52,1,51,2
179903,61,9,52,2
179904,38,2,36,2
179905,54,8,46,2
179906,33,5,28,2
179907,51,9,42,2
179908,63,10,53,2
179909,54,8,46,2
179910,49,7,42,2
179911,56,8,48,2
179912,49,4,45,2
179913,57,5,52,2
179914,57,5,52,2
179915,60,14,46,2
179916,53,5,48,2
179917,42,6,36,2
179918,54,10,44,2
179919,56,16,40,2
179920,57,7,50,2
179921,51,3,48,2
179922,44,7,37,2
179923,59,7,52,2
179924,59,13,46,2
179925,29,4,25,2
179926,51,5,46,2
179927,55,5,50,2
179928,47,4,43,2
179929,57,2,55,2
179930,45,5,40,2
179931,51,8,43,2
179932,51,5,46,2
179933,69,6,63,2
179934,55,7,48,2
179935,57,5,52,2
179936,54,3,51,2
179937,58,4,54,2
179938,61,9,52,2
179939,53,7,46,2
179940,50,5,45,2
179941,44,5,39,2
179942,43,6,37,2
179943,45,4,41,2
179944,60,9,51,2
179945,66,10,56,2
179946,62,3,59,2
179947,65,10,55,2
179948,41,6,35,2
179949,57,11,46,2
179950,61,9,52,2
179951,55,9,46,2
179952,56,7,49,2
179953,55,7,48,2
179954,55,7,48,2
179955,51,4,47,2
179956,49,5,44,2
179957,53,8,45,2
179958,56,6,50,2
179959,59,5,54,2
179960,49,7,42,2
179961,59,11,48,2
179962,63,9,54,2
179963,50,2,48,2
179964,44,4,40,2
179965,45,9,36,2
179966,59,5,54,2
179967,51,8,43,2
179968,50,7,43,2
179969,46,6,40,2
179970,50,4,46,2
179971,45,10,35,2
179972,56,5,51,2
179973,60,8,52,2
179974,59,6,53,2
179975,59,4,55,2
179976,47,6,41,2
179977,42,11,31,2
179978,39,3,36,2
179979,54,8,46,2
179980,52,7,45,2
179981,62,11,51,2
179982,66,11,55,2
179983,47,7,40,2
179984,59,10,49,2
179985,42,5,37,2
179986,46,6,40,2
179987,53,10,43,2
179988,57,5,52,2
179989,54,6,48,2
179990,54,6,48,2
179991,60,5,55,2
179992,59,9,50,2
179993,56,6,50,2
179994,55,1,54,2
179995,52,6,46,2
179996,65,8,57,2
179997,61,3,58,2
179998,59,7,52,2
179999,62,3,59,2
180000,53,12,41,2
180001,51,7,44,2
180002,57,4,53,2
180003,56,8,48,2
180004,59,9,50,2
180005,46,5,41,2
180006,45,9,36,2
180007,50,5,45,2
180008,55,7,48,2
180009,47,7,40,2
180010,52,5,47,2
180011,48,6,42,2
180012,49,6,43,2
180013,53,8,45,2
180014,60,11,49,2
180015,60,9,51,2
180016,61,6,55,2
180017,62,8,54,2
180018,62,7,55,2
180019,54,7,47,2
180020,49,9,40,2
180021,64,7,57,2
180022,58,14,44,2
180023,38,3,35,2
180024,58,1,57,2
180025,51,5,46,2
180026,50,11,39,2
180027,57,8,49,2
180028,52,6,46,2
180029,48,3,45,2
180030,60,6,54,2
180031,60,2,58,2
180032,52,8,44,2
180033,53,7,46,2
180034,56,8,48,2
180035,49,3,46,2
180036,53,9,44,2
180037,55,6,49,2
180038,54,9,45,2
180039,42,5,37,2
180040,59,10,49,2
180041,66,6,60,2
180042,54,3,51,2
180043,57,6,51,2
180044,53,6,47,2
180045,54,4,50,2
180046,49,5,44,2
180047,59,4,55,2
180048,59,9,50,2
180049,46,5,41,2
180050,56,7,49,2
180051,58,5,53,2
180052,65,13,52,2
180053,54,7,47,2
180054,58,5,53,2
180055,53,3,50,2
180056,48,4,44,2
180057,54,8,46,2
180058,47,6,41,2
180059,67,8,59,2
180060,38,3,35,2
180061,53,5,48,2
180062,47,5,42,2
180063,60,4,56,2
180064,40,7,33,2
180065,64,8,56,2
180066,57,4,53,2
180067,58,5,53,2
180068,72,4,68,2
180069,62,8,54,2
180070,56,10,46,2
180071,68,6,62,2
180072,60,7,53,2
180073,59,2,57,2
180074,55,7,48,2
180075,57,7,50,2
180076,70,10,60,2
180077,64,10,54,2
180078,59,6,53,2
180079,48,5,43,2
180080,45,4,41,2
180081,44,3,41,2
180082,54,3,51,2
180083,53,3,50,2
180084,57,10,47,2
180085,62,10,52,2
180086,53,5,48,2
180087,53,3,50,2
180088,49,6,43,2
180089,56,6,50,2
180090,75,8,67,2
180091,56,3,53,2
180092,65,7,58,2
180093,49,10,39,2
180094,45,8,37,2
180095,49,7,42,2
180096,64,5,59,2
180097,51,5,46,2
180098,58,5,53,2
180099,61,6,55,2
180100,53,10,43,2
180101,49,6,43,2
180102,55,7,48,2
180103,55,10,45,2
180104,67,8,59,2
180105,46,4,42,2
180106,42,3,39,2
180107,57,8,49,2
180108,61,6,55,2
180109,62,9,53,2
180110,68,14,54,2
180111,46,6,40,2
180112,56,10,46,2
180113,42,6,36,2
180114,67,5,62,2
180115,51,5,46,2
180116,52,8,44,2
180117,50,10,40,2
180118,40,7,33,2
180119,51,8,43,2
180120,55,6,49,2
180121,57,4,53,2
180122,57,8,49,2
180123,51,9,42,2
180124,60,5,55,2
180125,68,10,58,2
180126,53,6,47,2
180127,56,14,42,2
180128,58,8,50,2
180129,52,4,48,2
180130,62,13,49,2
180131,42,5,37,2
180132,54,13,41,2
180133,69,13,56,2
180134,51,4,47,2
180135,51,7,44,2
180136,54,9,45,2
180137,54,8,46,2
180138,62,8,54,2
180139,47,5,42,2
180140,57,7,50,2
180141,57,6,51,2
180142,57,8,49,2
180143,65,11,54,2
180144,51,4,47,2
180145,44,2,42,2
180146,60,4,56,2
180147,52,5,47,2
180148,49,5,44,2
180149,54,10,44,2
180150,54,6,48,2
180151,71,6,65,2
180152,56,8,48,2
180153,43,6,37,2
180154,61,9,52,2
180155,54,10,44,2
180156,64,8,56,2
180157,44,7,37,2
180158,63,9,54,2
180159,53,14,39,2
180160,54,6,48,2
180161,69,7,62,2
180162,53,7,46,2
180163,58,7,51,2
180164,57,7,50,2
180165,44,3,41,2
180166,53,5,48,2
180167,67,10,57,2
180168,44,3,41,2
180169,51,6,45,2
180170,65,10,55,2
180171,59,10,49,2
180172,68,10,58,2
180173,46,4,42,2
180174,63,7,56,2
180175,57,6,51,2
180176,47,8,39,2
180177,58,5,53,2
180178,54,7,47,2
180179,63,13,50,2
180180,47,7,40,2
180181,44,5,39,2
180182,55,6,49,2
180183,61,9,52,2
180184,41,7,34,2
180185,50,5,45,2
180186,54,5,49,2
180187,45,9,36,2
180188,52,8,44,2
180189,56,8,48,2
180190,45,4,41,2
180191,51,6,45,2
180192,63,5,58,2
180193,52,7,45,2
180194,57,11,46,2
180195,45,3,42,2
180196,73,11,62,2
180197,52,8,44,2
180198,59,8,51,2
180199,64,9,55,2
180200,51,6,45,2
180201,52,6,46,2
180202,47,4,43,2
180203,64,5,59,2
180204,66,8,58,2
180205,53,5,48,2
180206,54,6,48,2
180207,56,9,47,2
180208,51,4,47,2
180209,60,6,54,2
180210,52,7,45,2
180211,50,4,46,2
180212,54,5,49,2
180213,43,6,37,2
180214,56,4,52,2
180215,57,9,48,2
180216,48,2,46,2
180217,54,8,46,2
180218,58,5,53,2
180219,51,7,44,2
180220,47,3,44,2
180221,52,6,46,2
180222,46,10,36,2
180223,43,4,39,2
180224,64,6,58,2
180225,51,10,41,2
180226,44,4,40,2
180227,46,4,42,2
180228,52,4,48,2
180229,41,8,33,2
180230,53,5,48,2
180231,62,15,47,2
180232,54,8,46,2
180233,52,6,46,2
180234,59,7,52,2
180235,60,5,55,2
180236,58,2,56,2
180237,50,8,42,2
180238,54,3,51,2
180239,52,1,51,2
180240,53,9,44,2
180241,67,6,61,2
180242,46,5,41,2
180243,56,7,49,2
180244,65,15,50,2
180245,61,8,53,2
180246,59,6,53,2
180247,59,11,48,2
180248,45,4,41,2
180249,63,7,56,2
180250,46,2,44,2
180251,45,6,39,2
180252,54,6,48,2
180253,53,6,47,2
180254,51,4,47,2
180255,63,8,55,2
180256,59,8,51,2
180257,57,4,53,2
180258,39,6,33,2
180259,51,2,49,2
180260,67,8,59,2
180261,50,8,42,2
180262,51,6,45,2
180263,59,7,52,2
180264,45,5,40,2
180265,45,10,35,2
180266,68,9,59,2
180267,50,14,36,2
180268,44,2,42,2
180269,50,6,44,2
180270,73,12,61,2
180271,42,4,38,2
180272,52,4,48,2
180273,66,10,56,2
180274,44,7,37,2
180275,57,7,50,2
180276,46,6,40,2
180277,48,4,44,2
180278,62,8,54,2
180279,61,8,53,2
180280,46,6,40,2
180281,60,6,54,2
180282,66,6,60,2
180283,55,3,52,2
180284,48,7,41,2
180285,60,6,54,2
180286,53,4,49,2
180287,57,10,47,2
180288,58,5,53,2
180289,60,4,56,2
180290,65,9,56,2
180291,50,10,40,2
180292,43,5,38,2
180293,54,4,50,2
180294,51,5,46,2
180295,56,5,51,2
180296,54,6,48,2
180297,57,3,54,2
180298,53,6,47,2
180299,44,7,37,2
180300,53,4,49,2
180301,57,10,47,2
180302,59,2,57,2
180303,45,5,40,2
180304,56,5,51,2
180305,48,5,43,2
180306,46,4,42,2
180307,48,9,39,2
180308,61,7,54,2
180309,45,5,40,2
180310,45,4,41,2
180311,48,7,41,2
180312,51,5,46,2
180313,61,5,56,2
180314,59,10,49,2
180315,48,8,40,2
180316,50,4,46,2
180317,44,3,41,2
180318,60,7,53,2
180319,51,5,46,2
180320,53,3,50,2
180321,51,4,47,2
180322,55,9,46,2
180323,45,10,35,2
180324,48,7,41,2
180325,63,5,58,2
180326,51,9,42,2
180327,50,3,47,2
180328,50,6,44,2
180329,56,3,53,2
180330,55,6,49,2
180331,59,5,54,2
180332,66,3,63,2
180333,49,11,38,2
180334,44,5,39,2
180335,40,4,36,2
180336,52,9,43,2
180337,50,6,44,2
180338,53,6,47,2
180339,55,5,50,2
180340,62,5,57,2
180341,66,13,53,2
180342,49,5,44,2
180343,49,4,45,2
180344,62,7,55,2
180345,54,4,50,2
180346,65,10,55,2
180347,66,5,61,2
180348,56,6,50,2
180349,48,2,46,2
180350,57,3,54,2
180351,53,4,49,2
180352,58,3,55,2
180353,36,0,36,1
180354,58,6,52,2
180355,38,12,26,2
180356,55,10,45,2
180357,43,6,37,2
180358,41,5,36,2
180359,48,3,45,2
180360,46,7,39,2
180361,51,7,44,2
180362,49,5,44,2
180363,47,4,43,2
180364,48,4,44,2
180365,49,7,42,2
180366,52,11,41,2
180367,55,5,50,2
180368,63,7,56,2
180369,55,7,48,2
180370,55,4,51,2
180371,47,4,43,2
180372,63,10,53,2
180373,56,6,50,2
180374,58,5,53,2
180375,59,8,51,2
180376,46,8,38,2
180377,55,5,50,2
180378,58,9,49,2
180379,51,5,46,2
180380,59,7,52,2
180381,53,4,49,2
180382,61,13,48,2
180383,67,12,55,2
180384,44,3,41,2
180385,51,6,45,2
180386,68,7,61,2
180387,52,8,44,2
180388,52,5,47,2
180389,54,4,50,2
180390,60,11,49,2
180391,58,5,53,2
180392,50,8,42,2
180393,53,4,49,2
180394,47,5,42,2
180395,52,6,46,2
180396,61,6,55,2
180397,63,6,57,2
180398,39,10,29,2
180399,69,8,61,2
180400,51,5,46,2
180401,58,11,47,2
180402,52,8,44,2
180403,48,7,41,2
180404,45,5,40,2
180405,43,9,34,2
180406,54,8,46,2
180407,57,5,52,2
180408,50,8,42,2
180409,39,3,36,2
180410,49,7,42,2
180411,57,5,52,2
180412,52,2,50,2
180413,52,3,49,2
180414,59,7,52,2
180415,54,4,50,2
180416,50,4,46,2
180417,49,6,43,2
180418,60,11,49,2
180419,61,11,50,2
180420,49,5,44,2
180421,66,10,56,2
180422,53,6,47,2
180423,42,5,37,2
180424,56,6,50,2
180425,44,7,37,2
180426,52,8,44,2
180427,56,7,49,2
180428,57,5,52,2
180429,51,6,45,2
180430,60,9,51,2
180431,60,10,50,2
180432,49,4,45,2
180433,54,2,52,2
180434,54,4,50,2
180435,52,7,45,2
180436,63,7,56,2
180437,49,6,43,2
180438,47,9,38,2
180439,56,8,48,2
180440,43,11,32,2
180441,47,5,42,2
180442,62,7,55,2
180443,43,8,35,2
180444,54,6,48,2
180445,71,11,60,2
180446,55,3,52,2
180447,43,5,38,2
180448,69,5,64,2
180449,53,8,45,2
180450,52,10,42,2
180451,49,3,46,2
180452,51,10,41,2
180453,43,8,35,2
180454,51,6,45,2
180455,60,6,54,2
180456,52,6,46,2
180457,41,5,36,2
180458,44,3,41,2
180459,44,4,40,2
180460,59,8,51,2
180461,51,8,43,2
180462,48,2,46,2
180463,60,8,52,2
180464,38,2,36,2
180465,59,8,51,2
180466,57,8,49,2
180467,51,9,42,2
180468,63,9,54,2
180469,45,5,40,2
180470,69,17,52,2
180471,50,4,46,2
180472,55,7,48,2
180473,58,10,48,2
180474,56,9,47,2
180475,65,4,61,2
180476,52,7,45,2
180477,49,4,45,2
180478,57,6,51,2
180479,49,2,47,2
180480,58,7,51,2
180481,50,9,41,2
180482,57,10,47,2
180483,62,7,55,2
180484,53,2,51,2
180485,60,8,52,2
180486,48,4,44,2
180487,58,4,54,2
180488,51,7,44,2
180489,57,6,51,2
180490,57,9,48,2
180491,58,1,57,2
180492,45,2,43,2
180493,54,9,45,2
180494,60,9,51,2
180495,49,5,44,2
180496,47,9,38,2
180497,51,7,44,2
180498,51,8,43,2
180499,54,11,43,2
180500,42,5,37,2
180501,63,15,48,2
180502,64,5,59,2
180503,61,13,48,2
180504,60,5,55,2
180505,55,7,48,2
180506,59,8,51,2
180507,53,5,48,2
180508,66,7,59,2
180509,58,6,52,2
180510,58,4,54,2
180511,52,7,45,2
180512,39,7,32,2
180513,49,7,42,2
180514,64,5,59,2
180515,45,6,39,2
180516,54,11,43,2
180517,48,5,43,2
180518,60,3,57,2
180519,55,3,52,2
180520,63,3,60,2
180521,53,6,47,2
180522,51,8,43,2
180523,63,7,56,2
180524,57,5,52,2
180525,47,1,46,2
180526,49,4,45,2
180527,47,4,43,2
180528,59,8,51,2
180529,44,2,42,2
180530,62,8,54,2
180531,51,7,44,2
180532,50,6,44,2
180533,53,4,49,2
180534,55,12,43,2
180535,55,4,51,2
180536,59,7,52,2
180537,51,6,45,2
180538,67,7,60,2
180539,56,4,52,2
180540,46,10,36,2
180541,59,6,53,2
180542,61,12,49,2
180543,59,7,52,2
180544,61,8,53,2
180545,56,4,52,2
180546,46,3,43,2
180547,57,7,50,2
180548,50,6,44,2
180549,55,3,52,2
180550,51,4,47,2
180551,60,7,53,2
180552,46,9,37,2
180553,55,5,50,2
180554,52,11,41,2
180555,58,7,51,2
180556,58,6,52,2
180557,66,13,53,2
180558,51,4,47,2
180559,56,10,46,2
180560,59,7,52,2
180561,67,8,59,2
180562,50,7,43,2
180563,38,2,36,2
180564,52,6,46,2
180565,39,4,35,2
180566,51,4,47,2
180567,60,9,51,2
180568,51,3,48,2
180569,65,14,51,2
180570,64,11,53,2
180571,64,7,57,2
180572,45,7,38,2
180573,51,3,48,2
180574,51,5,46,2
180575,55,6,49,2
180576,50,5,45,2
180577,56,10,46,2
180578,66,6,60,2
180579,52,3,49,2
180580,45,6,39,2
180581,64,9,55,2
180582,43,5,38,2
180583,68,7,61,2
180584,50,6,44,2
180585,49,9,40,2
180586,57,8,49,2
180587,55,5,50,2
180588,40,3,37,2
180589,38,2,36,2
180590,50,4,46,2
180591,52,9,43,2
180592,55,4,51,2
180593,51,8,43,2
180594,43,4,39,2
180595,59,2,57,2
180596,55,9,46,2
180597,57,5,52,2
180598,56,8,48,2
180599,44,4,40,2
180600,59,10,49,2
180601,62,4,58,2
180602,53,7,46,2
180603,55,9,46,2
180604,45,10,35,2
180605,56,7,49,2
180606,51,6,45,2
180607,49,2,47,2
180608,53,9,44,2
180609,54,7,47,2
180610,61,12,49,2
180611,54,6,48,2
180612,51,7,44,2
180613,53,5,48,2
180614,59,11,48,2
180615,74,9,65,2
180616,49,5,44,2
180617,62,7,55,2
180618,57,7,50,2
180619,51,6,45,2
180620,58,5,53,2
180621,73,10,63,2
180622,62,11,51,2
180623,45,6,39,2
180624,52,7,45,2
180625,61,6,55,2
180626,57,7,50,2
180627,64,7,57,2
180628,56,7,49,2
180629,44,6,38,2
180630,53,6,47,2
180631,61,6,55,2
180632,49,7,42,2
180633,53,5,48,2
180634,46,8,38,2
180635,56,11,45,2
180636,49,5,44,2
180637,45,5,40,2
180638,61,6,55,2
180639,53,3,50,2
180640,42,5,37,2
180641,43,3,40,2
180642,52,6,46,2
180643,54,8,46,2
180644,67,7,60,2
180645,57,8,49,2
180646,63,9,54,2
180647,46,5,41,2
180648,52,4,48,2
180649,56,10,46,2
180650,46,1,45,2
180651,56,7,49,2
180652,45,6,39,2
180653,57,9,48,2
180654,44,7,37,2
180655,57,6,51,2
180656,48,3,45,2
180657,56,4,52,2
180658,53,7,46,2
180659,54,6,48,2
180660,54,11,43,2
180661,58,6,52,2
180662,58,5,53,2
180663,50,7,43,2
180664,45,6,39,2
180665,56,7,49,2
180666,57,8,49,2
180667,46,5,41,2
180668,50,6,44,2
180669,57,9,48,2
180670,52,5,47,2
180671,49,6,43,2
180672,58,11,47,2
180673,38,9,29,2
180674,52,13,39,2
180675,60,4,56,2
180676,50,8,42,2
180677,54,5,49,2
180678,48,3,45,2
180679,51,8,43,2
180680,51,4,47,2
180681,52,9,43,2
180682,62,10,52,2
180683,56,10,46,2
180684,60,10,50,2
180685,57,6,51,2
180686,47,5,42,2
180687,66,8,58,2
180688,49,4,45,2
180689,44,7,37,2
180690,57,7,50,2
180691,55,13,42,2
180692,64,3,61,2
180693,60,8,52,2
180694,73,10,63,2
180695,58,8,50,2
180696,60,6,54,2
180697,45,9,36,2
180698,51,3,48,2
180699,62,5,57,2
180700,51,9,42,2
180701,61,9,52,2
180702,59,9,50,2
180703,63,6,57,2
180704,67,13,54,2
180705,58,6,52,2
180706,61,8,53,2
180707,60,9,51,2
180708,53,10,43,2
180709,62,7,55,2
180710,54,5,49,2
180711,55,5,50,2
180712,44,6,38,2
180713,41,3,38,2
180714,58,10,48,2
180715,56,9,47,2
180716,42,8,34,2
180717,50,5,45,2
180718,47,8,39,2
180719,43,6,37,2
180720,55,8,47,2
180721,52,6,46,2
180722,60,8,52,2
180723,64,6,58,2
180724,57,8,49,2
180725,53,4,49,2
180726,50,10,40,2
180727,57,4,53,2
180728,61,8,53,2
180729,52,8,44,2
180730,48,3,45,2
180731,61,6,55,2
180732,53,6,47,2
180733,51,6,45,2
180734,61,9,52,2
180735,65,13,52,2
180736,47,3,44,2
180737,64,8,56,2
180738,45,5,40,2
180739,75,7,68,2
180740,62,7,55,2
180741,63,3,60,2
180742,53,6,47,2
180743,61,8,53,2
180744,59,8,51,2
180745,43,7,36,2
180746,43,4,39,2
180747,47,8,39,2
180748,68,7,61,2
180749,63,4,59,2
180750,54,8,46,2
180751,60,8,52,2
180752,51,8,43,2
180753,64,7,57,2
180754,54,7,47,2
180755,60,7,53,2
180756,60,7,53,2
180757,56,3,53,2
180758,54,5,49,2
180759,63,8,55,2
180760,44,6,38,2
180761,51,7,44,2
180762,45,11,34,2
180763,51,6,45,2
180764,64,8,56,2
180765,59,6,53,2
180766,56,4,52,2
180767,60,7,53,2
180768,43,5,38,2
180769,46,10,36,2
180770,60,10,50,2
180771,44,8,36,2
180772,58,8,50,2
180773,62,7,55,2
180774,42,5,37,2
180775,46,6,40,2
180776,57,6,51,2
180777,59,6,53,2
180778,45,5,40,2
180779,50,5,45,2
180780,60,7,53,2
180781,49,10,39,2
180782,44,8,36,2
180783,52,6,46,2
180784,55,10,45,2
180785,67,12,55,2
180786,47,5,42,2
180787,57,10,47,2
180788,62,15,47,2
180789,57,2,55,2
180790,56,2,54,2
180791,49,6,43,2
180792,60,6,54,2
180793,46,8,38,2
180794,58,12,46,2
180795,64,4,60,2
180796,63,3,60,2
180797,55,10,45,2
180798,52,1,51,2
180799,49,5,44,2
180800,64,12,52,2
180801,37,3,34,2
180802,47,3,44,2
180803,52,7,45,2
180804,53,6,47,2
180805,51,4,47,2
180806,49,9,40,2
180807,59,4,55,2
180808,50,5,45,2
180809,51,3,48,2
180810,51,3,48,2
180811,66,7,59,2
180812,50,4,46,2
180813,55,3,52,2
180814,69,5,64,2
180815,41,1,40,2
180816,55,4,51,2
180817,37,7,30,2
180818,56,8,48,2
180819,60,4,56,2
180820,54,3,51,2
180821,60,8,52,2
180822,53,11,42,2
180823,60,5,55,2
180824,52,6,46,2
180825,51,8,43,2
180826,53,8,45,2
180827,53,3,50,2
180828,50,7,43,2
180829,68,10,58,2
180830,55,5,50,2
180831,52,9,43,2
180832,52,10,42,2
180833,60,8,52,2
180834,57,7,50,2
180835,52,4,48,2
180836,51,3,48,2
180837,66,13,53,2
180838,45,6,39,2
180839,64,9,55,2
180840,55,6,49,2
180841,58,5,53,2
180842,45,3,42,2
180843,70,9,61,2
180844,65,6,59,2
180845,36,5,31,2
180846,58,5,53,2
180847,40,4,36,2
180848,60,5,55,2
180849,57,17,40,2
180850,51,7,44,2
180851,62,6,56,2
180852,63,8,55,2
180853,68,12,56,2
180854,47,7,40,2
180855,78,12,66,2
180856,43,7,36,2
180857,55,9,46,2
180858,62,4,58,2
180859,72,11,61,2
180860,37,9,28,2
180861,51,4,47,2
180862,60,9,51,2
180863,59,4,55,2
180864,57,10,47,2
180865,56,6,50,2
180866,57,8,49,2
180867,63,8,55,2
180868,51,5,46,2
180869,47,6,41,2
180870,57,7,50,2
180871,47,5,42,2
180872,74,5,69,2
180873,55,5,50,2
180874,41,4,37,2
180875,53,6,47,2
180876,53,16,37,2
180877,61,3,58,2
180878,53,5,48,2
180879,63,11,52,2
180880,58,3,55,2
180881,48,8,40,2
180882,47,6,41,2
180883,47,6,41,2
180884,50,12,38,2
180885,42,6,36,2
180886,53,5,48,2
180887,58,7,51,2
180888,47,8,39,2
180889,62,12,50,2
180890,65,10,55,2
180891,40,5,35,2
180892,71,11,60,2
180893,66,6,60,2
180894,66,9,57,2
180895,59,9,50,2
180896,59,7,52,2
180897,45,7,38,2
180898,48,4,44,2
180899,56,8,48,2
180900,51,6,45,2
180901,65,6,59,2
180902,55,7,48,2
180903,72,7,65,2
180904,52,8,44,2
180905,48,4,44,2
180906,53,11,42,2
180907,56,9,47,2
180908,56,7,49,2
180909,60,4,56,2
180910,48,7,41,2
180911,57,6,51,2
180912,61,12,49,2
180913,56,6,50,2
180914,50,8,42,2
180915,50,7,43,2
180916,53,6,47,2
180917,55,15,40,2
180918,50,4,46,2
180919,56,5,51,2
180920,46,7,39,2
180921,66,7,59,2
180922,51,5,46,2
180923,66,6,60,2
180924,52,7,45,2
180925,61,6,55,2
180926,56,5,51,2
180927,58,8,50,2
180928,56,2,54,2
180929,59,6,53,2
180930,48,7,41,2
180931,55,6,49,2
180932,46,7,39,2
180933,45,7,38,2
180934,43,5,38,2
180935,59,11,48,2
180936,47,3,44,2
180937,53,6,47,2
180938,41,0,41,1
180939,56,8,48,2
180940,48,5,43,2
180941,47,8,39,2
180942,60,7,53,2
180943,57,6,51,2
180944,67,7,60,2
180945,44,1,43,2
180946,44,4,40,2
180947,57,8,49,2
180948,59,4,55,2
180949,40,7,33,2
180950,49,7,42,2
180951,59,6,53,2
180952,66,6,60,2
180953,44,9,35,2
180954,56,5,51,2
180955,52,4,48,2
180956,45,9,36,2
180957,64,6,58,2
180958,56,5,51,2
180959,52,9,43,2
180960,50,8,42,2
180961,57,6,51,2
180962,54,3,51,2
180963,48,4,44,2
180964,56,7,49,2
180965,66,7,59,2
180966,57,6,51,2
180967,41,2,39,2
180968,65,8,57,2
180969,55,6,49,2
180970,54,8,46,2
180971,59,14,45,2
180972,51,3,48,2
180973,42,7,35,2
180974,75,14,61,2
180975,58,3,55,2
180976,58,13,45,2
180977,57,8,49,2
180978,41,6,35,2
180979,56,5,51,2
180980,1,0,1,1
180981,43,3,40,2
180982,39,3,36,2
180983,84,9,75,2
180984,66,9,57,2
180985,44,6,38,2
180986,68,9,59,2
180987,51,9,42,2
180988,65,3,62,2
180989,59,8,51,2
180990,45,1,44,2
180991,65,9,56,2
180992,50,7,43,2
180993,48,6,42,2
180994,44,7,37,2
180995,48,5,43,2
180996,49,2,47,2
180997,49,7,42,2
180998,41,5,36,2
180999,53,7,46,2
181000,54,8,46,2
181001,55,6,49,2
181002,58,8,50,2
181003,55,2,53,2
181004,59,5,54,2
181005,56,7,49,2
181006,49,5,44,2
181007,45,5,40,2
181008,48,4,44,2
181009,43,8,35,2
181010,58,8,50,2
181011,48,7,41,2
181012,48,4,44,2
181013,47,5,42,2
181014,61,7,54,2
181015,51,2,49,2
181016,52,6,46,2
181017,63,12,51,2
181018,52,10,42,2
181019,46,5,41,2
181020,55,7,48,2
181021,68,7,61,2
181022,58,11,47,2
181023,57,3,54,2
181024,50,4,46,2
181025,60,7,53,2
181026,39,5,34,2
181027,51,3,48,2
181028,53,11,42,2
181029,52,7,45,2
181030,46,8,38,2
181031,70,8,62,2
181032,51,6,45,2
181033,68,7,61,2
181034,56,6,50,2
181035,43,1,42,2
181036,57,6,51,2
181037,47,4,43,2
181038,63,6,57,2
181039,67,5,62,2
181040,54,5,49,2
181041,42,8,34,2
181042,47,4,43,2
181043,43,3,40,2
181044,65,4,61,2
181045,47,5,42,2
181046,58,12,46,2
181047,47,3,44,2
181048,66,5,61,2
181049,67,11,56,2
181050,41,5,36,2
181051,51,2,49,2
181052,51,8,43,2
181053,55,3,52,2
181054,64,6,58,2
181055,54,7,47,2
181056,53,7,46,2
181057,50,3,47,2
181058,56,8,48,2
181059,54,5,49,2
181060,47,8,39,2
181061,56,11,45,2
181062,53,7,46,2
181063,55,5,50,2
181064,55,8,47,2
181065,43,5,38,2
181066,55,5,50,2
181067,61,6,55,2
181068,37,4,33,2
181069,58,4,54,2
181070,55,4,51,2
181071,55,2,53,2
181072,40,3,37,2
181073,60,7,53,2
181074,58,6,52,2
181075,54,8,46,2
181076,35,7,28,2
181077,51,9,42,2
181078,51,5,46,2
181079,56,4,52,2
181080,56,8,48,2
181081,63,7,56,2
181082,57,7,50,2
181083,58,9,49,2
181084,60,11,49,2
181085,60,8,52,2
181086,49,5,44,2
181087,55,9,46,2
181088,49,8,41,2
181089,61,9,52,2
181090,65,8,57,2
181091,59,5,54,2
181092,46,6,40,2
181093,53,6,47,2
181094,59,11,48,2
181095,59,3,56,2
181096,61,13,48,2
181097,43,7,36,2
181098,43,4,39,2
181099,57,11,46,2
181100,48,3,45,2
181101,55,10,45,2
181102,63,4,59,2
181103,47,2,45,2
181104,46,3,43,2
181105,47,9,38,2
181106,45,4,41,2
181107,60,8,52,2
181108,44,3,41,2
181109,56,8,48,2
181110,40,5,35,2
181111,62,6,56,2
181112,56,10,46,2
181113,57,13,44,2
181114,54,4,50,2
181115,49,5,44,2
181116,52,6,46,2
181117,66,5,61,2
181118,48,6,42,2
181119,62,10,52,2
181120,64,8,56,2
181121,56,4,52,2
181122,62,5,57,2
181123,70,9,61,2
181124,52,4,48,2
181125,61,8,53,2
181126,76,10,66,2
181127,62,6,56,2
181128,70,8,62,2
181129,45,6,39,2
181130,49,5,44,2
181131,50,9,41,2
181132,54,6,48,2
181133,55,4,51,2
181134,59,8,51,2
181135,57,8,49,2
181136,62,14,48,2
181137,61,12,49,2
181138,46,5,41,2
181139,66,7,59,2
181140,42,7,35,2
181141,58,2,56,2
181142,59,9,50,2
181143,59,8,51,2
181144,53,6,47,2
181145,54,8,46,2
181146,56,6,50,2
181147,66,6,60,2
181148,54,5,49,2
181149,47,3,44,2
181150,52,5,47,2
181151,65,6,59,2
181152,50,3,47,2
181153,65,4,61,2
181154,41,5,36,2
181155,47,6,41,2
181156,51,6,45,2
181157,66,9,57,2
181158,64,10,54,2
181159,45,4,41,2
181160,60,12,48,2
181161,60,8,52,2
181162,63,11,52,2
181163,65,6,59,2
181164,56,6,50,2
181165,66,4,62,2
181166,56,7,49,2
181167,61,8,53,2
181168,61,11,50,2
181169,52,7,45,2
181170,56,4,52,2
181171,58,4,54,2
181172,55,5,50,2
181173,63,9,54,2
181174,64,11,53,2
181175,62,7,55,2
181176,60,3,57,2
181177,52,6,46,2
181178,51,10,41,2
181179,55,8,47,2
181180,54,5,49,2
181181,57,12,45,2
181182,51,6,45,2
181183,47,8,39,2
181184,54,5,49,2
181185,48,2,46,2
181186,57,3,54,2
181187,55,4,51,2
181188,47,2,45,2
181189,59,2,57,2
181190,50,3,47,2
181191,49,9,40,2
181192,70,10,60,2
181193,51,6,45,2
181194,44,7,37,2
181195,56,6,50,2
181196,53,10,43,2
181197,57,5,52,2
181198,49,5,44,2
181199,46,7,39,2
181200,56,9,47,2
181201,69,11,58,2
181202,49,9,40,2
181203,57,7,50,2
181204,55,9,46,2
181205,52,6,46,2
181206,44,5,39,2
181207,59,6,53,2
181208,60,4,56,2
181209,65,8,57,2
181210,60,5,55,2
181211,56,7,49,2
181212,47,4,43,2
181213,51,4,47,2
181214,55,9,46,2
181215,52,5,47,2
181216,58,2,56,2
181217,70,8,62,2
181218,63,8,55,2
181219,46,4,42,2
181220,58,10,48,2
181221,50,9,41,2
181222,61,8,53,2
181223,42,4,38,2
181224,60,10,50,2
181225,57,9,48,2
181226,60,6,54,2
181227,52,5,47,2
181228,45,6,39,2
181229,47,6,41,2
181230,55,5,50,2
181231,49,5,44,2
181232,59,7,52,2
181233,58,3,55,2
181234,57,8,49,2
181235,48,2,46,2
181236,63,6,57,2
181237,59,3,56,2
181238,52,5,47,2
181239,48,5,43,2
181240,49,4,45,2
181241,58,7,51,2
181242,58,7,51,2
181243,58,3,55,2
181244,51,8,43,2
181245,57,8,49,2
181246,62,9,53,2
181247,45,7,38,2
181248,47,6,41,2
181249,61,9,52,2
181250,63,7,56,2
181251,64,8,56,2
181252,38,3,35,2
181253,56,5,51,2
181254,55,8,47,2
181255,56,10,46,2
181256,53,8,45,2
181257,56,7,49,2
181258,55,12,43,2
181259,59,8,51,2
181260,69,5,64,2
181261,47,6,41,2
181262,55,3,52,2
181263,68,10,58,2
181264,62,3,59,2
181265,52,5,47,2
181266,62,8,54,2
181267,65,7,58,2
181268,40,4,36,2
181269,63,7,56,2
181270,49,4,45,2
181271,50,7,43,2
181272,59,11,48,2
181273,56,3,53,2
181274,38,6,32,2
181275,55,6,49,2
181276,48,8,40,2
181277,63,6,57,2
181278,33,2,31,2
181279,59,7,52,2
181280,50,4,46,2
181281,55,7,48,2
181282,56,6,50,2
181283,63,8,55,2
181284,48,3,45,2
181285,41,6,35,2
181286,53,5,48,2
181287,63,3,60,2
181288,43,5,38,2
181289,56,11,45,2
181290,50,10,40,2
181291,62,7,55,2
181292,63,11,52,2
181293,64,10,54,2
181294,51,9,42,2
181295,53,2,51,2
181296,64,8,56,2
181297,64,9,55,2
181298,54,6,48,2
181299,57,10,47,2
181300,58,2,56,2
181301,53,10,43,2
181302,45,5,40,2
181303,61,9,52,2
181304,56,8,48,2
181305,60,4,56,2
181306,64,0,64,1
181307,61,8,53,2
181308,51,4,47,2
181309,53,6,47,2
181310,46,7,39,2
181311,65,7,58,2
181312,55,10,45,2
181313,63,13,50,2
181314,50,4,46,2
181315,52,4,48,2
181316,53,7,46,2
181317,55,9,46,2
181318,54,6,48,2
181319,52,5,47,2
181320,35,3,32,2
181321,60,8,52,2
181322,39,5,34,2
181323,47,6,41,2
181324,67,6,61,2
181325,56,7,49,2
181326,40,3,37,2
181327,58,6,52,2
181328,56,2,54,2
181329,51,13,38,2
181330,49,2,47,2
181331,51,5,46,2
181332,52,8,44,2
181333,60,6,54,2
181334,60,7,53,2
181335,55,9,46,2
181336,58,8,50,2
181337,46,8,38,2
181338,60,5,55,2
181339,46,2,44,2
181340,59,6,53,2
181341,59,7,52,2
181342,59,5,54,2
181343,57,6,51,2
181344,60,6,54,2
181345,57,8,49,2
181346,52,8,44,2
181347,51,2,49,2
181348,63,4,59,2
181349,47,3,44,2
181350,47,12,35,2
181351,54,6,48,2
181352,55,5,50,2
181353,50,8,42,2
181354,51,2,49,2
181355,57,5,52,2
181356,57,9,48,2
181357,58,3,55,2
181358,51,8,43,2
181359,57,3,54,2
181360,50,12,38,2
181361,47,7,40,2
181362,48,12,36,2
181363,55,5,50,2
181364,52,7,45,2
181365,51,4,47,2
181366,57,7,50,2
181367,46,2,44,2
181368,68,7,61,2
181369,54,12,42,2
181370,50,8,42,2
181371,39,1,38,2
181372,58,7,51,2
181373,43,7,36,2
181374,62,5,57,2
181375,44,6,38,2
181376,46,6,40,2
181377,56,5,51,2
181378,57,4,53,2
181379,64,6,58,2
181380,55,6,49,2
181381,55,8,47,2
181382,51,4,47,2
181383,64,11,53,2
181384,58,6,52,2
181385,42,5,37,2
181386,57,5,52,2
181387,58,5,53,2
181388,46,5,41,2
181389,44,4,40,2
181390,50,7,43,2
181391,57,6,51,2
181392,66,9,57,2
181393,60,3,57,2
181394,54,8,46,2
181395,58,7,51,2
181396,48,4,44,2
181397,51,2,49,2
181398,54,6,48,2
181399,55,4,51,2
181400,59,12,47,2
181401,52,6,46,2
181402,63,9,54,2
181403,63,12,51,2
181404,42,4,38,2
181405,44,8,36,2
181406,49,4,45,2
181407,62,5,57,2
181408,54,11,43,2
181409,59,6,53,2
181410,48,5,43,2
181411,56,9,47,2
181412,59,8,51,2
181413,66,8,58,2
181414,64,8,56,2
181415,56,12,44,2
181416,57,7,50,2
181417,47,4,43,2
181418,54,6,48,2
181419,56,8,48,2
181420,52,6,46,2
181421,45,4,41,2
181422,56,5,51,2
181423,66,7,59,2
181424,66,9,57,2
181425,57,6,51,2
181426,58,6,52,2
181427,57,8,49,2
181428,51,6,45,2
181429,51,4,47,2
181430,52,10,42,2
181431,55,6,49,2
181432,63,10,53,2
181433,52,8,44,2
181434,52,5,47,2
181435,48,2,46,2
181436,62,12,50,2
181437,50,5,45,2
181438,55,11,44,2
181439,50,6,44,2
181440,57,9,48,2
181441,59,7,52,2
181442,64,9,55,2
181443,60,8,52,2
181444,60,4,56,2
181445,84,6,78,2
181446,53,10,43,2
181447,54,7,47,2
181448,58,5,53,2
181449,57,9,48,2
181450,56,6,50,2
181451,58,4,54,2
181452,56,6,50,2
181453,51,7,44,2
181454,41,6,35,2
181455,48,4,44,2
181456,53,10,43,2
181457,61,5,56,2
181458,46,4,42,2
181459,49,9,40,2
181460,52,9,43,2
181461,60,7,53,2
181462,54,6,48,2
181463,48,3,45,2
181464,48,7,41,2
181465,64,4,60,2
181466,44,4,40,2
181467,47,7,40,2
181468,46,5,41,2
181469,59,4,55,2
181470,62,14,48,2
181471,48,10,38,2
181472,50,9,41,2
181473,53,6,47,2
181474,53,6,47,2
181475,62,8,54,2
181476,55,4,51,2
181477,54,4,50,2
181478,44,6,38,2
181479,54,6,48,2
181480,50,7,43,2
181481,48,4,44,2
181482,57,9,48,2
181483,42,4,38,2
181484,56,6,50,2
181485,49,6,43,2
181486,52,7,45,2
181487,50,5,45,2
181488,38,5,33,2
181489,38,7,31,2
181490,49,4,45,2
181491,46,9,37,2
181492,43,3,40,2
181493,58,6,52,2
181494,57,7,50,2
181495,49,8,41,2
181496,56,5,51,2
181497,55,6,49,2
181498,56,7,49,2
181499,58,4,54,2
181500,52,5,47,2
181501,55,9,46,2
181502,71,5,66,2
181503,50,10,40,2
181504,65,11,54,2
181505,49,6,43,2
181506,48,5,43,2
181507,62,7,55,2
181508,35,2,33,2
181509,52,3,49,2
181510,46,2,44,2
181511,57,5,52,2
181512,52,4,48,2
181513,51,6,45,2
181514,62,5,57,2
181515,47,3,44,2
181516,52,4,48,2
181517,45,3,42,2
181518,54,5,49,2
181519,51,5,46,2
181520,57,4,53,2
181521,54,10,44,2
181522,51,3,48,2
181523,52,6,46,2
181524,53,3,50,2
181525,75,7,68,2
181526,46,2,44,2
181527,59,5,54,2
181528,61,10,51,2
181529,56,4,52,2
181530,53,5,48,2
181531,53,7,46,2
181532,68,10,58,2
181533,62,11,51,2
181534,44,6,38,2
181535,63,9,54,2
181536,45,8,37,2
181537,55,9,46,2
181538,47,3,44,2
181539,50,8,42,2
181540,50,5,45,2
181541,61,7,54,2
181542,46,7,39,2
181543,55,9,46,2
181544,58,6,52,2
181545,61,2,59,2
181546,54,10,44,2
181547,58,3,55,2
181548,58,7,51,2
181549,63,6,57,2
181550,52,7,45,2
181551,53,10,43,2
181552,53,8,45,2
181553,65,10,55,2
181554,49,7,42,2
181555,47,6,41,2
181556,45,3,42,2
181557,53,8,45,2
181558,53,8,45,2
181559,58,6,52,2
181560,61,8,53,2
181561,49,3,46,2
181562,54,5,49,2
181563,57,7,50,2
181564,49,4,45,2
181565,65,10,55,2
181566,51,7,44,2
181567,65,7,58,2
181568,51,7,44,2
181569,49,5,44,2
181570,51,8,43,2
181571,71,8,63,2
181572,58,6,52,2
181573,48,5,43,2
181574,51,3,48,2
181575,43,2,41,2
181576,42,5,37,2
181577,46,5,41,2
181578,67,12,55,2
181579,50,5,45,2
181580,52,3,49,2
181581,44,6,38,2
181582,57,10,47,2
181583,58,12,46,2
181584,59,10,49,2
181585,66,8,58,2
181586,45,7,38,2
181587,55,4,51,2
181588,40,4,36,2
181589,60,6,54,2
181590,48,8,40,2
181591,46,5,41,2
181592,46,6,40,2
181593,66,6,60,2
181594,55,7,48,2
181595,63,6,57,2
181596,64,9,55,2
181597,49,8,41,2
181598,58,11,47,2
181599,58,7,51,2
181600,51,4,47,2
181601,49,11,38,2
181602,53,7,46,2
181603,54,9,45,2
181604,51,3,48,2
181605,44,7,37,2
181606,49,7,42,2
181607,60,4,56,2
181608,45,5,40,2
181609,61,6,55,2
181610,57,7,50,2
181611,57,6,51,2
181612,46,3,43,2
181613,43,6,37,2
181614,42,6,36,2
181615,49,2,47,2
181616,57,9,48,2
181617,52,7,45,2
181618,49,6,43,2
181619,48,6,42,2
181620,48,5,43,2
181621,59,8,51,2
181622,61,7,54,2
181623,46,2,44,2
181624,58,7,51,2
181625,56,3,53,2
181626,55,5,50,2
181627,58,6,52,2
181628,41,2,39,2
181629,43,4,39,2
181630,50,4,46,2
181631,53,4,49,2
181632,53,4,49,2
181633,52,7,45,2
181634,58,6,52,2
181635,56,8,48,2
181636,60,5,55,2
181637,48,7,41,2
181638,63,10,53,2
181639,59,9,50,2
181640,68,7,61,2
181641,49,10,39,2
181642,47,5,42,2
181643,54,10,44,2
181644,40,7,33,2
181645,52,8,44,2
181646,61,5,56,2
181647,54,8,46,2
181648,46,6,40,2
181649,68,11,57,2
181650,65,8,57,2
181651,69,5,64,2
181652,48,5,43,2
181653,53,8,45,2
181654,56,4,52,2
181655,44,4,40,2
181656,55,9,46,2
181657,51,5,46,2
181658,70,13,57,2
181659,57,3,54,2
181660,56,3,53,2
181661,48,3,45,2
181662,60,8,52,2
181663,56,6,50,2
181664,62,5,57,2
181665,37,4,33,2
181666,62,7,55,2
181667,46,5,41,2
181668,51,9,42,2
181669,55,10,45,2
181670,53,5,48,2
181671,53,9,44,2
181672,59,4,55,2
181673,53,6,47,2
181674,55,7,48,2
181675,48,5,43,2
181676,49,7,42,2
181677,57,6,51,2
181678,59,3,56,2
181679,60,6,54,2
181680,54,4,50,2
181681,53,9,44,2
181682,53,5,48,2
181683,65,10,55,2
181684,38,2,36,2
181685,62,8,54,2
181686,55,7,48,2
181687,51,3,48,2
181688,59,8,51,2
181689,66,11,55,2
181690,59,10,49,2
181691,48,5,43,2
181692,46,5,41,2
181693,63,8,55,2
181694,56,11,45,2
181695,63,5,58,2
181696,68,10,58,2
181697,49,4,45,2
181698,58,5,53,2
181699,63,9,54,2
181700,69,6,63,2
181701,72,13,59,2
181702,48,4,44,2
181703,56,7,49,2
181704,64,10,54,2
181705,58,5,53,2
181706,48,7,41,2
181707,43,5,38,2
181708,54,9,45,2
181709,53,5,48,2
181710,62,7,55,2
181711,56,6,50,2
181712,66,4,62,2
181713,65,5,60,2
181714,57,5,52,2
181715,49,4,45,2
181716,67,9,58,2
181717,51,6,45,2
181718,46,4,42,2
181719,64,6,58,2
181720,57,5,52,2
181721,54,6,48,2
181722,55,15,40,2
181723,53,6,47,2
181724,57,11,46,2
181725,63,5,58,2
181726,44,5,39,2
181727,59,10,49,2
181728,46,4,42,2
181729,53,5,48,2
181730,55,14,41,2
181731,60,5,55,2
181732,58,6,52,2
181733,61,6,55,2
181734,53,8,45,2
181735,42,5,37,2
181736,65,7,58,2
181737,55,9,46,2
181738,56,10,46,2
181739,60,9,51,2
181740,53,5,48,2
181741,49,8,41,2
181742,59,9,50,2
181743,58,5,53,2
181744,60,4,56,2
181745,44,3,41,2
181746,53,8,45,2
181747,57,7,50,2
181748,49,5,44,2
181749,46,0,46,1
181750,59,3,56,2
181751,66,5,61,2
181752,61,9,52,2
181753,54,11,43,2
181754,52,4,48,2
181755,60,14,46,2
181756,38,11,27,2
181757,56,3,53,2
181758,45,7,38,2
181759,44,9,35,2
181760,53,10,43,2
181761,55,9,46,2
181762,54,6,48,2
181763,48,6,42,2
181764,59,7,52,2
181765,52,4,48,2
181766,48,4,44,2
181767,57,6,51,2
181768,58,7,51,2
181769,50,9,41,2
181770,40,7,33,2
181771,61,8,53,2
181772,56,6,50,2
181773,45,4,41,2
181774,58,3,55,2
181775,59,5,54,2
181776,42,3,39,2
181777,61,6,55,2
181778,43,8,35,2
181779,58,9,49,2
181780,53,6,47,2
181781,48,3,45,2
181782,50,4,46,2
181783,51,6,45,2
181784,52,5,47,2
181785,54,2,52,2
181786,49,7,42,2
181787,59,4,55,2
181788,50,6,44,2
181789,58,13,45,2
181790,53,7,46,2
181791,41,5,36,2
181792,51,4,47,2
181793,48,3,45,2
181794,56,4,52,2
181795,46,7,39,2
181796,71,10,61,2
181797,50,3,47,2
181798,60,10,50,2
181799,52,6,46,2
181800,72,8,64,2
181801,60,9,51,2
181802,59,6,53,2
181803,39,4,35,2
181804,51,8,43,2
181805,60,13,47,2
181806,56,3,53,2
181807,55,6,49,2
181808,51,2,49,2
181809,59,10,49,2
181810,42,6,36,2
181811,59,8,51,2
181812,51,7,44,2
181813,56,6,50,2
181814,49,8,41,2
181815,52,5,47,2
181816,40,7,33,2
181817,49,6,43,2
181818,59,7,52,2
181819,55,7,48,2
181820,48,6,42,2
181821,51,6,45,2
181822,33,5,28,2
181823,47,3,44,2
181824,54,7,47,2
181825,49,8,41,2
181826,51,9,42,2
181827,63,9,54,2
181828,57,10,47,2
181829,50,4,46,2
181830,56,4,52,2
181831,62,7,55,2
181832,51,10,41,2
181833,58,8,50,2
181834,70,9,61,2
181835,36,4,32,2
181836,56,8,48,2
181837,53,5,48,2
181838,57,6,51,2
181839,54,7,47,2
181840,39,7,32,2
181841,53,7,46,2
181842,48,5,43,2
181843,53,9,44,2
181844,70,8,62,2
181845,60,7,53,2
181846,50,6,44,2
181847,47,4,43,2
181848,53,8,45,2
181849,51,5,46,2
181850,64,10,54,2
181851,56,5,51,2
181852,46,12,34,2
181853,40,5,35,2
181854,63,8,55,2
181855,46,3,43,2
181856,61,8,53,2
181857,47,5,42,2
181858,68,13,55,2
181859,61,6,55,2
181860,79,15,64,2
181861,46,7,39,2
181862,55,3,52,2
181863,61,8,53,2
181864,58,6,52,2
181865,59,9,50,2
181866,59,5,54,2
181867,51,10,41,2
181868,42,2,40,2
181869,59,10,49,2
181870,57,3,54,2
181871,58,5,53,2
181872,47,5,42,2
181873,57,8,49,2
181874,54,4,50,2
181875,46,3,43,2
181876,53,5,48,2
181877,55,6,49,2
181878,63,6,57,2
181879,50,2,48,2
181880,52,11,41,2
181881,55,7,48,2
181882,65,9,56,2
181883,55,5,50,2
181884,56,3,53,2
181885,49,4,45,2
181886,52,4,48,2
181887,46,3,43,2
181888,57,6,51,2
181889,53,7,46,2
181890,47,4,43,2
181891,56,7,49,2
181892,43,2,41,2
181893,52,7,45,2
181894,67,9,58,2
181895,69,13,56,2
181896,46,6,40,2
181897,54,2,52,2
181898,54,4,50,2
181899,53,3,50,2
181900,58,8,50,2
181901,45,6,39,2
181902,46,8,38,2
181903,59,3,56,2
181904,59,6,53,2
181905,42,5,37,2
181906,56,5,51,2
181907,54,5,49,2
181908,56,7,49,2
181909,61,8,53,2
181910,41,7,34,2
181911,61,11,50,2
181912,47,1,46,2
181913,61,5,56,2
181914,61,8,53,2
181915,47,7,40,2
181916,74,4,70,2
181917,45,6,39,2
181918,61,9,52,2
181919,53,9,44,2
181920,56,7,49,2
181921,67,5,62,2
181922,54,6,48,2
181923,39,2,37,2
181924,58,4,54,2
181925,47,6,41,2
181926,51,9,42,2
181927,42,6,36,2
181928,54,4,50,2
181929,55,10,45,2
181930,51,8,43,2
181931,53,4,49,2
181932,68,9,59,2
181933,55,9,46,2
181934,77,7,70,2
181935,50,8,42,2
181936,48,7,41,2
181937,60,7,53,2
181938,49,5,44,2
181939,59,10,49,2
181940,51,10,41,2
181941,39,3,36,2
181942,56,7,49,2
181943,64,11,53,2
181944,46,3,43,2
181945,71,7,64,2
181946,59,8,51,2
181947,58,5,53,2
181948,72,5,67,2
181949,56,6,50,2
181950,53,6,47,2
181951,58,7,51,2
181952,56,9,47,2
181953,60,4,56,2
181954,55,8,47,2
181955,55,10,45,2
181956,58,7,51,2
181957,52,4,48,2
181958,53,9,44,2
181959,67,5,62,2
181960,43,3,40,2
181961,46,7,39,2
181962,59,6,53,2
181963,57,7,50,2
181964,38,7,31,2
181965,48,6,42,2
181966,54,4,50,2
181967,53,8,45,2
181968,47,2,45,2
181969,50,4,46,2
181970,58,5,53,2
181971,53,10,43,2
181972,62,10,52,2
181973,75,10,65,2
181974,45,3,42,2
181975,52,5,47,2
181976,59,4,55,2
181977,50,3,47,2
181978,47,3,44,2
181979,43,7,36,2
181980,62,7,55,2
181981,55,6,49,2
181982,67,6,61,2
181983,51,7,44,2
181984,73,13,60,2
181985,54,10,44,2
181986,49,6,43,2
181987,53,6,47,2
181988,70,5,65,2
181989,49,2,47,2
181990,48,4,44,2
181991,54,7,47,2
181992,61,7,54,2
181993,64,3,61,2
181994,57,4,53,2
181995,51,6,45,2
181996,55,8,47,2
181997,61,5,56,2
181998,47,7,40,2
181999,50,11,39,2
182000,48,5,43,2
182001,41,5,36,2
182002,42,3,39,2
182003,50,6,44,2
182004,54,3,51,2
182005,57,5,52,2
182006,43,8,35,2
182007,57,4,53,2
182008,53,7,46,2
182009,48,5,43,2
182010,63,4,59,2
182011,71,8,63,2
182012,50,3,47,2
182013,49,6,43,2
182014,49,8,41,2
182015,67,1,66,2
182016,58,4,54,2
182017,54,9,45,2
182018,66,4,62,2
182019,71,15,56,2
182020,59,6,53,2
182021,42,2,40,2
182022,62,10,52,2
182023,64,5,59,2
182024,53,10,43,2
182025,46,9,37,2
182026,61,11,50,2
182027,45,4,41,2
182028,44,3,41,2
182029,52,7,45,2
182030,59,8,51,2
182031,54,5,49,2
182032,50,3,47,2
182033,52,5,47,2
182034,48,4,44,2
182035,73,7,66,2
182036,54,5,49,2
182037,58,6,52,2
182038,56,4,52,2
182039,64,10,54,2
182040,45,2,43,2
182041,48,8,40,2
182042,43,3,40,2
182043,50,5,45,2
182044,61,6,55,2
182045,52,7,45,2
182046,54,9,45,2
182047,44,5,39,2
182048,49,7,42,2
182049,47,5,42,2
182050,60,8,52,2
182051,60,6,54,2
182052,48,5,43,2
182053,48,7,41,2
182054,69,10,59,2
182055,43,5,38,2
182056,46,9,37,2
182057,45,4,41,2
182058,37,8,29,2
182059,54,7,47,2
182060,59,7,52,2
182061,60,5,55,2
182062,43,3,40,2
182063,51,9,42,2
182064,42,5,37,2
182065,53,7,46,2
182066,65,7,58,2
182067,60,5,55,2
182068,42,6,36,2
182069,53,8,45,2
182070,45,7,38,2
182071,41,6,35,2
182072,60,5,55,2
182073,49,4,45,2
182074,54,7,47,2
182075,50,7,43,2
182076,50,9,41,2
182077,64,8,56,2
182078,57,12,45,2
182079,55,3,52,2
182080,44,6,38,2
182081,56,6,50,2
182082,63,15,48,2
182083,62,8,54,2
182084,57,4,53,2
182085,49,7,42,2
182086,55,6,49,2
182087,60,9,51,2
182088,45,3,42,2
182089,64,10,54,2
182090,42,5,37,2
182091,59,10,49,2
182092,58,5,53,2
182093,58,5,53,2
182094,60,8,52,2
182095,65,8,57,2
182096,48,7,41,2
182097,55,6,49,2
182098,64,8,56,2
182099,57,6,51,2
182100,62,9,53,2
182101,47,5,42,2
182102,47,5,42,2
182103,59,7,52,2
182104,52,7,45,2
182105,65,10,55,2
182106,61,8,53,2
182107,47,5,42,2
182108,48,6,42,2
182109,54,5,49,2
182110,40,6,34,2
182111,55,4,51,2
182112,44,5,39,2
182113,41,5,36,2
182114,54,5,49,2
182115,57,6,51,2
182116,62,11,51,2
182117,49,3,46,2
182118,48,4,44,2
182119,62,6,56,2
182120,48,8,40,2
182121,42,8,34,2
182122,43,8,35,2
182123,40,5,35,2
182124,47,6,41,2
182125,58,12,46,2
182126,49,7,42,2
182127,53,14,39,2
182128,57,7,50,2
182129,66,10,56,2
182130,55,9,46,2
182131,56,4,52,2
182132,50,5,45,2
182133,66,9,57,2
182134,58,10,48,2
182135,59,10,49,2
182136,63,6,57,2
182137,54,7,47,2
182138,61,5,56,2
182139,57,7,50,2
182140,52,7,45,2
182141,38,3,35,2
182142,52,9,43,2
182143,54,9,45,2
182144,44,2,42,2
182145,70,6,64,2
182146,52,7,45,2
182147,42,3,39,2
182148,71,6,65,2
182149,55,4,51,2
182150,39,8,31,2
182151,44,4,40,2
182152,61,7,54,2
182153,63,9,54,2
182154,67,7,60,2
182155,49,3,46,2
182156,45,5,40,2
182157,55,6,49,2
182158,53,9,44,2
182159,62,2,60,2
182160,48,7,41,2
182161,58,6,52,2
182162,45,5,40,2
182163,53,6,47,2
182164,56,6,50,2
182165,54,6,48,2
182166,69,5,64,2
182167,46,6,40,2
182168,48,8,40,2
182169,52,8,44,2
182170,57,6,51,2
182171,60,9,51,2
182172,52,4,48,2
182173,58,9,49,2
182174,56,5,51,2
182175,66,9,57,2
182176,44,11,33,2
182177,61,9,52,2
182178,50,9,41,2
182179,56,1,55,2
182180,65,10,55,2
182181,65,12,53,2
182182,64,7,57,2
182183,69,10,59,2
182184,57,5,52,2
182185,54,9,45,2
182186,54,6,48,2
182187,60,5,55,2
182188,47,8,39,2
182189,48,8,40,2
182190,34,2,32,2
182191,63,4,59,2
182192,44,6,38,2
182193,60,7,53,2
182194,43,11,32,2
182195,57,11,46,2
182196,74,6,68,2
182197,48,5,43,2
182198,54,8,46,2
182199,60,6,54,2
182200,41,5,36,2
182201,53,4,49,2
182202,57,7,50,2
182203,48,8,40,2
182204,53,8,45,2
182205,58,5,53,2
182206,58,10,48,2
182207,59,5,54,2
182208,57,8,49,2
182209,46,10,36,2
182210,48,5,43,2
182211,56,8,48,2
182212,51,7,44,2
182213,52,6,46,2
182214,61,8,53,2
182215,47,5,42,2
182216,60,9,51,2
182217,39,2,37,2
182218,53,3,50,2
182219,70,10,60,2
182220,50,3,47,2
182221,69,6,63,2
182222,45,6,39,2
182223,50,1,49,2
182224,51,8,43,2
182225,49,4,45,2
182226,50,7,43,2
182227,57,3,54,2
182228,57,5,52,2
182229,59,4,55,2
182230,60,8,52,2
182231,51,13,38,2
182232,62,7,55,2
182233,58,7,51,2
182234,52,4,48,2
182235,51,6,45,2
182236,50,10,40,2
182237,63,5,58,2
182238,38,7,31,2
182239,50,5,45,2
182240,55,10,45,2
182241,44,7,37,2
182242,44,3,41,2
182243,42,4,38,2
182244,62,8,54,2
182245,65,8,57,2
182246,71,9,62,2
182247,69,5,64,2
182248,48,4,44,2
182249,51,10,41,2
182250,51,5,46,2
182251,55,6,49,2
182252,53,5,48,2
182253,58,6,52,2
182254,54,9,45,2
182255,49,8,41,2
182256,54,9,45,2
182257,52,9,43,2
182258,39,4,35,2
182259,63,5,58,2
182260,49,3,46,2
182261,64,6,58,2
182262,36,4,32,2
182263,63,9,54,2
182264,60,4,56,2
182265,58,5,53,2
182266,62,8,54,2
182267,48,9,39,2
182268,63,5,58,2
182269,47,5,42,2
182270,65,5,60,2
182271,44,8,36,2
182272,65,7,58,2
182273,72,12,60,2
182274,70,9,61,2
182275,48,7,41,2
182276,52,7,45,2
182277,49,5,44,2
182278,46,3,43,2
182279,63,8,55,2
182280,64,11,53,2
182281,51,10,41,2
182282,47,4,43,2
182283,44,9,35,2
182284,56,10,46,2
182285,54,6,48,2
182286,58,6,52,2
182287,55,8,47,2
182288,28,6,22,2
182289,61,5,56,2
182290,52,6,46,2
182291,59,9,50,2
182292,52,10,42,2
182293,62,7,55,2
182294,56,5,51,2
182295,55,6,49,2
182296,53,4,49,2
182297,56,7,49,2
182298,72,7,65,2
182299,59,3,56,2
182300,49,5,44,2
182301,50,8,42,2
182302,53,7,46,2
182303,72,5,67,2
182304,50,7,43,2
182305,64,12,52,2
182306,55,5,50,2
182307,55,4,51,2
182308,51,8,43,2
182309,48,3,45,2
182310,65,5,60,2
182311,58,4,54,2
182312,55,6,49,2
182313,47,2,45,2
182314,42,5,37,2
182315,53,10,43,2
182316,45,4,41,2
182317,65,8,57,2
182318,44,5,39,2
182319,75,11,64,2
182320,42,8,34,2
182321,48,7,41,2
182322,45,7,38,2
182323,51,6,45,2
182324,59,9,50,2
182325,60,11,49,2
182326,54,5,49,2
182327,53,1,52,2
182328,53,7,46,2
182329,60,6,54,2
182330,61,10,51,2
182331,55,3,52,2
182332,52,0,52,1
182333,50,4,46,2
182334,53,5,48,2
182335,47,5,42,2
182336,44,4,40,2
182337,47,5,42,2
182338,67,7,60,2
182339,71,9,62,2
182340,58,4,54,2
182341,74,8,66,2
182342,54,6,48,2
182343,56,8,48,2
182344,59,6,53,2
182345,68,8,60,2
182346,73,12,61,2
182347,57,5,52,2
182348,61,6,55,2
182349,55,6,49,2
182350,63,7,56,2
182351,61,6,55,2
182352,42,4,38,2
182353,62,8,54,2
182354,60,10,50,2
182355,58,9,49,2
182356,53,5,48,2
182357,51,3,48,2
182358,52,6,46,2
182359,53,7,46,2
182360,54,7,47,2
182361,40,2,38,2
182362,53,7,46,2
182363,65,5,60,2
182364,58,9,49,2
182365,60,6,54,2
182366,56,8,48,2
182367,61,2,59,2
182368,53,7,46,2
182369,65,6,59,2
182370,58,6,52,2
182371,56,6,50,2
182372,58,5,53,2
182373,63,8,55,2
182374,63,5,58,2
182375,46,6,40,2
182376,47,8,39,2
182377,61,7,54,2
182378,65,9,56,2
182379,49,6,43,2
182380,47,3,44,2
182381,58,5,53,2
182382,58,7,51,2
182383,49,8,41,2
182384,55,6,49,2
182385,65,9,56,2
182386,58,8,50,2
182387,55,8,47,2
182388,52,5,47,2
182389,56,10,46,2
182390,63,6,57,2
182391,63,11,52,2
182392,50,8,42,2
182393,57,3,54,2
182394,51,3,48,2
182395,56,2,54,2
182396,58,12,46,2
182397,51,7,44,2
182398,61,8,53,2
182399,50,5,45,2
182400,71,7,64,2
182401,58,6,52,2
182402,44,3,41,2
182403,38,5,33,2
182404,59,3,56,2
182405,58,3,55,2
182406,50,7,43,2
182407,58,8,50,2
182408,51,11,40,2
182409,49,4,45,2
182410,53,7,46,2
182411,55,7,48,2
182412,63,4,59,2
182413,61,5,56,2
182414,45,5,40,2
182415,57,3,54,2
182416,59,7,52,2
182417,58,4,54,2
182418,57,10,47,2
182419,59,2,57,2
182420,51,4,47,2
182421,46,1,45,2
182422,59,6,53,2
182423,48,7,41,2
182424,58,8,50,2
182425,51,8,43,2
182426,52,5,47,2
182427,52,6,46,2
182428,52,1,51,2
182429,42,5,37,2
182430,61,9,52,2
182431,67,10,57,2
182432,46,5,41,2
182433,50,6,44,2
182434,64,3,61,2
182435,49,7,42,2
182436,51,3,48,2
182437,47,8,39,2
182438,50,7,43,2
182439,60,10,50,2
182440,50,3,47,2
182441,50,8,42,2
182442,64,7,57,2
182443,50,9,41,2
182444,56,7,49,2
182445,66,7,59,2
182446,41,4,37,2
182447,59,8,51,2
182448,51,8,43,2
182449,53,9,44,2
182450,65,8,57,2
182451,61,8,53,2
182452,59,14,45,2
182453,42,4,38,2
182454,45,10,35,2
182455,58,4,54,2
182456,48,8,40,2
182457,38,6,32,2
182458,55,4,51,2
182459,50,4,46,2
182460,78,13,65,2
182461,56,6,50,2
182462,42,5,37,2
182463,47,4,43,2
182464,48,5,43,2
182465,54,10,44,2
182466,50,9,41,2
182467,49,6,43,2
182468,46,7,39,2
182469,56,4,52,2
182470,59,13,46,2
182471,47,4,43,2
182472,47,10,37,2
182473,65,5,60,2
182474,62,2,60,2
182475,61,8,53,2
182476,56,8,48,2
182477,58,3,55,2
182478,47,8,39,2
182479,63,4,59,2
182480,48,6,42,2
182481,56,8,48,2
182482,56,4,52,2
182483,61,7,54,2
182484,63,5,58,2
182485,65,6,59,2
182486,51,13,38,2
182487,50,3,47,2
182488,58,7,51,2
182489,56,6,50,2
182490,57,10,47,2
182491,53,7,46,2
182492,64,11,53,2
182493,63,6,57,2
182494,59,8,51,2
182495,57,5,52,2
182496,52,8,44,2
182497,52,7,45,2
182498,48,4,44,2
182499,47,6,41,2
182500,44,10,34,2
182501,49,3,46,2
182502,53,8,45,2
182503,59,6,53,2
182504,57,12,45,2
182505,50,2,48,2
182506,56,3,53,2
182507,47,4,43,2
182508,49,4,45,2
182509,56,6,50,2
182510,63,8,55,2
182511,52,7,45,2
182512,56,8,48,2
182513,58,6,52,2
182514,53,5,48,2
182515,37,3,34,2
182516,45,3,42,2
182517,62,6,56,2
182518,56,3,53,2
182519,58,9,49,2
182520,32,2,30,2
182521,41,4,37,2
182522,64,9,55,2
182523,57,9,48,2
182524,55,9,46,2
182525,62,12,50,2
182526,60,4,56,2
182527,48,7,41,2
182528,59,8,51,2
182529,56,5,51,2
182530,48,6,42,2
182531,46,5,41,2
182532,53,7,46,2
182533,46,2,44,2
182534,53,3,50,2
182535,53,4,49,2
182536,46,4,42,2
182537,59,11,48,2
182538,53,7,46,2
182539,60,12,48,2
182540,55,6,49,2
182541,60,7,53,2
182542,57,10,47,2
182543,69,10,59,2
182544,61,4,57,2
182545,72,7,65,2
182546,53,4,49,2
182547,61,6,55,2
182548,54,10,44,2
182549,56,6,50,2
182550,45,8,37,2
182551,74,14,60,2
182552,47,7,40,2
182553,55,9,46,2
182554,53,5,48,2
182555,55,8,47,2
182556,48,6,42,2
182557,54,7,47,2
182558,50,5,45,2
182559,72,8,64,2
182560,48,6,42,2
182561,44,2,42,2
182562,58,4,54,2
182563,44,5,39,2
182564,59,4,55,2
182565,44,3,41,2
182566,49,8,41,2
182567,51,4,47,2
182568,54,5,49,2
182569,64,10,54,2
182570,49,12,37,2
182571,45,7,38,2
182572,39,3,36,2
182573,80,12,68,2
182574,68,15,53,2
182575,61,15,46,2
182576,57,4,53,2
182577,46,7,39,2
182578,47,4,43,2
182579,69,9,60,2
182580,46,2,44,2
182581,56,8,48,2
182582,50,8,42,2
182583,60,7,53,2
182584,53,10,43,2
182585,50,7,43,2
182586,64,4,60,2
182587,54,9,45,2
182588,46,4,42,2
182589,49,6,43,2
182590,57,8,49,2
182591,45,5,40,2
182592,51,4,47,2
182593,56,6,50,2
182594,44,6,38,2
182595,57,7,50,2
182596,52,1,51,2
182597,54,8,46,2
182598,64,6,58,2
182599,45,4,41,2
182600,47,6,41,2
182601,69,11,58,2
182602,49,6,43,2
182603,51,6,45,2
182604,63,2,61,2
182605,56,5,51,2
182606,56,4,52,2
182607,55,6,49,2
182608,49,6,43,2
182609,43,3,40,2
182610,52,8,44,2
182611,59,7,52,2
182612,72,8,64,2
182613,52,12,40,2
182614,66,10,56,2
182615,51,8,43,2
182616,53,3,50,2
182617,43,5,38,2
182618,46,6,40,2
182619,57,4,53,2
182620,54,7,47,2
182621,53,3,50,2
182622,52,7,45,2
182623,37,4,33,2
182624,53,7,46,2
182625,60,4,56,2
182626,53,10,43,2
182627,46,5,41,2
182628,53,7,46,2
182629,48,8,40,2
182630,68,8,60,2
182631,49,8,41,2
182632,59,8,51,2
182633,51,7,44,2
182634,53,3,50,2
182635,60,6,54,2
182636,58,6,52,2
182637,63,7,56,2
182638,56,9,47,2
182639,50,2,48,2
182640,54,6,48,2
182641,49,9,40,2
182642,46,5,41,2
182643,50,7,43,2
182644,60,7,53,2
182645,47,4,43,2
182646,54,2,52,2
182647,50,10,40,2
182648,67,6,61,2
182649,53,9,44,2
182650,48,7,41,2
182651,70,6,64,2
182652,48,7,41,2
182653,47,3,44,2
182654,47,3,44,2
182655,38,3,35,2
182656,55,6,49,2
182657,52,5,47,2
182658,51,4,47,2
182659,61,5,56,2
182660,49,3,46,2
182661,52,10,42,2
182662,57,7,50,2
182663,66,10,56,2
182664,50,4,46,2
182665,52,8,44,2
182666,46,5,41,2
182667,56,6,50,2
182668,57,6,51,2
182669,58,3,55,2
182670,68,10,58,2
182671,58,10,48,2
182672,56,4,52,2
182673,54,14,40,2
182674,48,4,44,2
182675,51,8,43,2
182676,52,4,48,2
182677,62,6,56,2
182678,61,3,58,2
182679,54,7,47,2
182680,51,6,45,2
182681,62,6,56,2
182682,51,8,43,2
182683,60,7,53,2
182684,48,9,39,2
182685,55,4,51,2
182686,50,8,42,2
182687,52,3,49,2
182688,59,5,54,2
182689,74,9,65,2
182690,45,4,41,2
182691,59,8,51,2
182692,48,5,43,2
182693,55,6,49,2
182694,56,12,44,2
182695,53,11,42,2
182696,57,7,50,2
182697,44,3,41,2
182698,68,9,59,2
182699,53,10,43,2
182700,50,6,44,2
182701,53,11,42,2
182702,57,5,52,2
182703,56,6,50,2
182704,53,9,44,2
182705,44,7,37,2
182706,48,9,39,2
182707,50,7,43,2
182708,48,3,45,2
182709,57,10,47,2
182710,52,4,48,2
182711,44,7,37,2
182712,59,5,54,2
182713,44,4,40,2
182714,68,13,55,2
182715,52,8,44,2
182716,48,8,40,2
182717,63,7,56,2
182718,62,8,54,2
182719,50,2,48,2
182720,45,8,37,2
182721,51,7,44,2
182722,56,10,46,2
182723,54,5,49,2
182724,53,2,51,2
182725,55,6,49,2
182726,48,4,44,2
182727,58,6,52,2
182728,50,9,41,2
182729,53,4,49,2
182730,56,6,50,2
182731,51,5,46,2
182732,39,3,36,2
182733,54,2,52,2
182734,72,7,65,2
182735,53,8,45,2
182736,49,5,44,2
182737,52,3,49,2
182738,54,6,48,2
182739,71,3,68,2
182740,69,3,66,2
182741,55,5,50,2
182742,62,9,53,2
182743,43,8,35,2
182744,58,11,47,2
182745,45,3,42,2
182746,48,5,43,2
182747,39,1,38,2
182748,46,6,40,2
182749,59,3,56,2
182750,66,5,61,2
182751,56,2,54,2
182752,49,7,42,2
182753,65,6,59,2
182754,59,11,48,2
182755,51,3,48,2
182756,54,9,45,2
182757,58,8,50,2
182758,54,4,50,2
182760,49,6,43,2
182761,59,5,54,2
182762,52,5,47,2
182763,50,9,41,2
182764,54,4,50,2
182765,34,2,32,2
182766,57,12,45,2
182767,63,13,50,2
182768,60,3,57,2
182769,52,9,43,2
182770,60,14,46,2
182771,49,3,46,2
182772,46,4,42,2
182773,45,10,35,2
182774,62,3,59,2
182775,57,8,49,2
182776,74,9,65,2
182777,56,10,46,2
182778,57,5,52,2
182779,61,2,59,2
182780,55,2,53,2
182781,50,6,44,2
182782,46,4,42,2
182783,49,11,38,2
182784,50,1,49,2
182785,58,4,54,2
182786,63,5,58,2
182787,53,7,46,2
182788,46,2,44,2
182789,51,6,45,2
182790,39,6,33,2
182791,62,10,52,2
182792,52,4,48,2
182793,62,7,55,2
182794,54,11,43,2
182795,73,10,63,2
182796,70,12,58,2
182797,56,9,47,2
182798,49,5,44,2
182799,45,4,41,2
182800,53,8,45,2
182801,51,8,43,2
182802,54,5,49,2
182803,49,8,41,2
182804,46,7,39,2
182805,43,2,41,2
182806,64,7,57,2
182807,57,11,46,2
182808,48,8,40,2
182809,57,2,55,2
182810,39,3,36,2
182811,53,9,44,2
182812,48,9,39,2
182813,50,5,45,2
182814,56,10,46,2
182815,62,6,56,2
182816,44,3,41,2
182817,50,4,46,2
182818,68,10,58,2
182819,52,3,49,2
182820,54,4,50,2
182821,47,8,39,2
182822,61,8,53,2
182823,54,3,51,2
182824,53,5,48,2
182825,63,5,58,2
182826,56,7,49,2
182827,59,4,55,2
182828,60,8,52,2
182829,56,3,53,2
182830,57,7,50,2
182831,56,3,53,2
182832,62,7,55,2
182833,52,8,44,2
182834,58,6,52,2
182835,59,6,53,2
182836,60,10,50,2
182837,60,10,50,2
182838,64,4,60,2
182839,42,6,36,2
182840,55,6,49,2
182841,51,5,46,2
182842,57,8,49,2
182843,51,5,46,2
182844,60,12,48,2
182845,51,9,42,2
182846,57,10,47,2
182847,66,4,62,2
182848,48,5,43,2
182849,55,7,48,2
182850,58,4,54,2
182851,56,5,51,2
182852,59,1,58,2
182853,48,7,41,2
182854,60,7,53,2
182855,54,5,49,2
182856,46,8,38,2
182857,51,7,44,2
182858,43,4,39,2
182859,58,12,46,2
182860,56,8,48,2
182861,48,5,43,2
182862,75,16,59,2
182863,55,11,44,2
182864,55,5,50,2
182865,59,5,54,2
182866,55,8,47,2
182867,60,9,51,2
182868,63,6,57,2
182869,47,6,41,2
182870,46,6,40,2
182871,48,5,43,2
182872,54,5,49,2
182873,48,4,44,2
182874,62,13,49,2
182875,64,10,54,2
182876,47,5,42,2
182877,51,4,47,2
182878,45,6,39,2
182879,56,2,54,2
182880,46,3,43,2
182881,52,3,49,2
182882,51,7,44,2
182883,49,9,40,2
182884,52,5,47,2
182885,64,9,55,2
182886,69,9,60,2
182887,45,8,37,2
182888,51,7,44,2
182889,68,6,62,2
182890,45,7,38,2
182891,47,3,44,2
182892,69,8,61,2
182893,44,4,40,2
182894,60,11,49,2
182895,59,7,52,2
182896,53,3,50,2
182897,61,4,57,2
182898,49,4,45,2
182899,41,4,37,2
182900,43,3,40,2
182901,58,13,45,2
182902,56,6,50,2
182903,49,4,45,2
182904,60,8,52,2
182905,50,4,46,2
182906,68,8,60,2
182907,54,2,52,2
182908,44,5,39,2
182909,59,4,55,2
182910,49,11,38,2
182911,57,7,50,2
182912,63,5,58,2
182913,60,5,55,2
182914,49,5,44,2
182915,63,6,57,2
182916,56,4,52,2
182917,46,6,40,2
182918,69,9,60,2
182919,41,6,35,2
182920,39,7,32,2
182921,55,7,48,2
182922,65,9,56,2
182923,55,8,47,2
182924,60,8,52,2
182925,43,4,39,2
182926,70,11,59,2
182927,41,1,40,2
182928,48,6,42,2
182929,55,5,50,2
182930,51,8,43,2
182931,58,3,55,2
182932,51,8,43,2
182933,56,3,53,2
182934,51,5,46,2
182935,54,4,50,2
182936,50,5,45,2
182937,53,8,45,2
182938,55,7,48,2
182939,50,4,46,2
182940,49,6,43,2
182941,50,6,44,2
182942,57,7,50,2
182943,49,9,40,2
182944,50,6,44,2
182945,50,5,45,2
182946,58,4,54,2
182947,43,4,39,2
182948,54,6,48,2
182949,43,8,35,2
182950,48,6,42,2
182951,52,4,48,2
182952,60,7,53,2
182953,51,5,46,2
182954,52,6,46,2
182955,48,8,40,2
182956,62,10,52,2
182957,56,6,50,2
182958,64,9,55,2
182959,52,1,51,2
182960,59,8,51,2
182961,63,5,58,2
182962,60,4,56,2
182963,54,5,49,2
182964,51,5,46,2
182965,62,6,56,2
182966,59,4,55,2
182967,59,3,56,2
182968,41,6,35,2
182969,54,9,45,2
182970,55,8,47,2
182971,64,12,52,2
182972,46,5,41,2
182973,45,4,41,2
182974,44,4,40,2
182975,52,5,47,2
182976,71,7,64,2
182977,60,4,56,2
182978,58,8,50,2
182979,46,7,39,2
182980,60,5,55,2
182981,64,7,57,2
182982,49,2,47,2
182983,70,4,66,2
182984,55,9,46,2
182985,56,10,46,2
182986,49,11,38,2
182987,58,3,55,2
182988,45,3,42,2
182989,58,11,47,2
182990,51,6,45,2
182991,57,7,50,2
182992,56,2,54,2
182993,58,7,51,2
182994,51,8,43,2
182995,57,6,51,2
182996,66,6,60,2
182997,60,10,50,2
182999,65,8,57,2
183000,54,8,46,2
183001,63,9,54,2
183002,52,4,48,2
183003,64,7,57,2
183004,61,3,58,2
183005,59,6,53,2
183006,56,5,51,2
183007,62,9,53,2
183008,43,5,38,2
183009,52,4,48,2
183010,58,5,53,2
183011,69,8,61,2
183012,55,4,51,2
183013,57,6,51,2
183014,50,8,42,2
183015,56,8,48,2
183016,54,6,48,2
183017,42,3,39,2
183018,56,6,50,2
183019,52,7,45,2
183020,48,3,45,2
183021,45,6,39,2
183022,54,5,49,2
183023,60,8,52,2
183024,64,8,56,2
183025,47,2,45,2
183026,47,10,37,2
183027,61,9,52,2
183028,52,11,41,2
183029,40,4,36,2
183030,45,6,39,2
183031,44,4,40,2
183032,48,3,45,2
183033,50,6,44,2
183034,53,8,45,2
183035,53,10,43,2
183036,59,5,54,2
183037,43,3,40,2
183038,68,8,60,2
183039,49,9,40,2
183040,45,6,39,2
183041,63,12,51,2
183042,42,4,38,2
183043,51,5,46,2
183044,57,8,49,2
183045,50,4,46,2
183046,42,6,36,2
183047,59,10,49,2
183048,66,6,60,2
183049,52,1,51,2
183050,45,6,39,2
183051,51,4,47,2
183052,57,4,53,2
183053,62,6,56,2
183054,64,5,59,2
183055,61,7,54,2
183056,60,13,47,2
183057,42,8,34,2
183058,44,2,42,2
183059,53,3,50,2
183060,56,11,45,2
183061,51,10,41,2
183062,60,6,54,2
183063,60,8,52,2
183064,62,6,56,2
183065,51,8,43,2
183066,54,5,49,2
183067,56,11,45,2
183068,61,5,56,2
183069,69,6,63,2
183070,50,11,39,2
183071,47,7,40,2
183072,48,4,44,2
183073,46,5,41,2
183074,51,2,49,2
183075,63,4,59,2
183076,38,5,33,2
183077,52,6,46,2
183078,45,7,38,2
183079,53,11,42,2
183080,42,8,34,2
183081,46,6,40,2
183082,59,4,55,2
183083,62,6,56,2
183084,45,4,41,2
183085,43,6,37,2
183086,55,9,46,2
183087,58,12,46,2
183088,45,5,40,2
183089,48,3,45,2
183090,52,7,45,2
183091,54,3,51,2
183092,57,10,47,2
183093,55,6,49,2
183094,66,7,59,2
183095,55,10,45,2
183096,60,5,55,2
183097,50,4,46,2
183098,51,6,45,2
183099,65,6,59,2
183100,81,7,74,2
183101,49,6,43,2
183102,54,4,50,2
183103,56,11,45,2
183104,47,6,41,2
183105,60,7,53,2
183106,49,5,44,2
183107,53,2,51,2
183108,51,7,44,2
183109,67,4,63,2
183110,61,5,56,2
183111,62,8,54,2
183112,47,3,44,2
183113,52,6,46,2
183114,65,4,61,2
183115,52,4,48,2
183116,50,4,46,2
183117,54,9,45,2
183118,57,6,51,2
183119,48,7,41,2
183120,59,11,48,2
183121,59,5,54,2
183122,54,5,49,2
183123,41,4,37,2
183124,61,4,57,2
183125,53,2,51,2
183126,50,8,42,2
183127,51,6,45,2
183128,50,4,46,2
183129,63,7,56,2
183130,46,4,42,2
183131,65,10,55,2
183132,64,7,57,2
183133,47,6,41,2
183134,60,2,58,2
183135,62,4,58,2
183136,54,6,48,2
183137,53,5,48,2
183138,47,8,39,2
183139,61,3,58,2
183140,58,11,47,2
183141,44,2,42,2
183142,61,8,53,2
183143,65,5,60,2
183144,57,2,55,2
183145,46,9,37,2
183146,68,10,58,2
183147,56,4,52,2
183148,69,9,60,2
183149,66,11,55,2
183150,64,8,56,2
183151,56,8,48,2
183152,60,5,55,2
183153,55,7,48,2
183154,55,7,48,2
183155,47,5,42,2
183156,42,7,35,2
183157,43,5,38,2
183158,55,7,48,2
183159,58,12,46,2
183160,47,6,41,2
183161,58,7,51,2
183162,55,1,54,2
183163,46,1,45,2
183164,57,4,53,2
183165,54,6,48,2
183166,67,8,59,2
183167,49,6,43,2
183168,67,4,63,2
183169,55,6,49,2
183170,48,3,45,2
183171,54,4,50,2
183172,56,11,45,2
183173,57,3,54,2
183174,53,4,49,2
183175,50,4,46,2
183176,62,10,52,2
183177,51,7,44,2
183178,59,7,52,2
183179,53,7,46,2
183180,50,5,45,2
183181,67,7,60,2
183182,53,6,47,2
183183,51,10,41,2
183184,56,12,44,2
183185,50,4,46,2
183186,77,7,70,2
183187,48,4,44,2
183188,46,10,36,2
183189,48,6,42,2
183190,55,8,47,2
183191,47,3,44,2
183192,60,6,54,2
183193,50,4,46,2
183194,56,10,46,2
183195,49,5,44,2
183196,52,6,46,2
183197,45,5,40,2
183198,56,7,49,2
183199,56,3,53,2
183200,60,11,49,2
183201,43,4,39,2
183202,62,6,56,2
183203,65,8,57,2
183204,50,4,46,2
183205,46,4,42,2
183206,41,6,35,2
183207,56,7,49,2
183208,64,11,53,2
183209,64,5,59,2
183210,45,7,38,2
183211,47,10,37,2
183212,41,8,33,2
183213,57,5,52,2
183214,59,10,49,2
183215,50,2,48,2
183216,59,8,51,2
183217,54,5,49,2
183218,40,6,34,2
183219,58,9,49,2
183220,57,7,50,2
183222,61,6,55,2
183223,55,8,47,2
183224,77,10,67,2
183225,70,6,64,2
183226,54,9,45,2
183227,46,5,41,2
183228,69,12,57,2
183229,63,10,53,2
183230,46,5,41,2
183231,48,5,43,2
183232,53,4,49,2
183233,51,3,48,2
183234,62,10,52,2
183235,43,3,40,2
183236,8,8,0,1
183237,58,7,51,2
183238,52,12,40,2
183239,45,5,40,2
183240,61,8,53,2
183241,62,8,54,2
183242,66,9,57,2
183243,46,3,43,2
183244,56,3,53,2
183245,58,9,49,2
183246,51,7,44,2
183247,64,5,59,2
183248,53,3,50,2
183249,47,5,42,2
183250,49,5,44,2
183251,57,8,49,2
183252,54,6,48,2
183253,52,5,47,2
183254,62,7,55,2
183255,55,8,47,2
183256,63,5,58,2
183257,41,3,38,2
183258,57,6,51,2
183259,62,8,54,2
183260,42,5,37,2
183261,52,5,47,2
183262,64,4,60,2
183263,48,4,44,2
183264,61,7,54,2
183265,45,6,39,2
183266,62,9,53,2
183267,61,7,54,2
183268,57,6,51,2
183269,58,8,50,2
183270,59,5,54,2
183271,57,10,47,2
183272,53,6,47,2
183273,49,2,47,2
183274,43,4,39,2
183275,61,6,55,2
183276,55,6,49,2
183277,58,7,51,2
183278,49,9,40,2
183279,52,8,44,2
183280,51,8,43,2
183281,54,6,48,2
183282,53,2,51,2
183283,51,8,43,2
183284,51,1,50,2
183285,62,5,57,2
183286,60,5,55,2
183287,50,6,44,2
183288,47,3,44,2
183289,62,5,57,2
183290,47,5,42,2
183291,59,6,53,2
183292,51,12,39,2
183293,40,11,29,2
183294,48,5,43,2
183295,50,7,43,2
183296,54,5,49,2
183297,48,7,41,2
183298,64,9,55,2
183299,54,7,47,2
183300,47,9,38,2
183301,44,9,35,2
183302,59,15,44,2
183303,56,7,49,2
183304,39,6,33,2
183305,57,8,49,2
183306,56,13,43,2
183307,46,7,39,2
183308,40,5,35,2
183309,62,5,57,2
183310,65,10,55,2
183311,57,12,45,2
183312,55,4,51,2
183313,47,9,38,2
183314,58,10,48,2
183315,58,6,52,2
183316,53,7,46,2
183317,58,12,46,2
183318,55,5,50,2
183319,60,9,51,2
183320,52,4,48,2
183321,47,8,39,2
183322,66,5,61,2
183323,55,3,52,2
183324,47,6,41,2
183325,65,6,59,2
183326,58,11,47,2
183327,52,6,46,2
183328,46,3,43,2
183329,60,5,55,2
183330,67,10,57,2
183331,57,10,47,2
183332,44,7,37,2
183333,55,5,50,2
183334,51,1,50,2
183335,48,6,42,2
183336,50,4,46,2
183337,62,7,55,2
183338,51,6,45,2
183339,42,7,35,2
183340,50,6,44,2
183341,65,8,57,2
183342,58,7,51,2
183343,60,11,49,2
183344,55,6,49,2
183346,59,6,53,2
183347,53,6,47,2
183348,63,7,56,2
183349,54,4,50,2
183350,44,9,35,2
183351,66,13,53,2
183352,42,7,35,2
183353,69,5,64,2
183354,65,10,55,2
183355,47,6,41,2
183356,53,3,50,2
183357,61,8,53,2
183358,55,6,49,2
183359,53,13,40,2
183360,47,2,45,2
183361,44,2,42,2
183362,57,5,52,2
183363,59,6,53,2
183364,40,5,35,2
183365,60,6,54,2
183366,73,8,65,2
183367,55,11,44,2
183368,51,7,44,2
183369,52,9,43,2
183370,66,6,60,2
183371,53,10,43,2
183372,62,9,53,2
183373,50,8,42,2
183374,41,3,38,2
183375,63,6,57,2
183376,58,6,52,2
183377,53,3,50,2
183378,55,8,47,2
183379,55,6,49,2
183380,63,8,55,2
183381,55,3,52,2
183382,47,3,44,2
183383,57,10,47,2
183384,52,4,48,2
183385,59,3,56,2
183386,69,8,61,2
183387,54,5,49,2
183388,48,7,41,2
183389,61,10,51,2
183390,64,6,58,2
183391,58,3,55,2
183392,48,7,41,2
183393,48,6,42,2
183394,40,3,37,2
183395,56,9,47,2
183396,59,8,51,2
183397,48,6,42,2
183398,54,7,47,2
183399,56,9,47,2
183400,54,7,47,2
183401,54,7,47,2
183402,55,8,47,2
183403,51,3,48,2
183404,53,3,50,2
183405,66,9,57,2
183406,54,4,50,2
183407,51,10,41,2
183408,54,8,46,2
183409,49,7,42,2
183410,49,9,40,2
183411,52,7,45,2
183412,55,6,49,2
183413,63,10,53,2
183414,49,12,37,2
183415,61,8,53,2
183416,75,10,65,2
183417,56,4,52,2
183418,54,5,49,2
183419,55,12,43,2
183420,57,8,49,2
183421,64,4,60,2
183422,57,10,47,2
183423,56,2,54,2
183424,53,12,41,2
183425,70,8,62,2
183426,46,6,40,2
183427,54,12,42,2
183428,49,8,41,2
183429,44,10,34,2
183430,44,4,40,2
183431,65,9,56,2
183432,44,3,41,2
183433,60,4,56,2
183434,71,6,65,2
183435,53,10,43,2
183436,49,5,44,2
183437,53,6,47,2
183438,63,9,54,2
183439,57,12,45,2
183440,52,5,47,2
183441,60,5,55,2
183442,52,8,44,2
183443,56,8,48,2
183444,49,6,43,2
183445,46,5,41,2
183446,63,10,53,2
183447,53,6,47,2
183448,50,4,46,2
183449,54,2,52,2
183450,61,6,55,2
183451,50,8,42,2
183452,50,4,46,2
183453,57,8,49,2
183454,41,6,35,2
183455,49,6,43,2
183456,70,4,66,2
183457,39,4,35,2
183458,71,7,64,2
183459,63,5,58,2
183460,52,6,46,2
183461,54,5,49,2
183462,37,3,34,2
183463,58,7,51,2
183464,45,6,39,2
183465,57,10,47,2
183466,52,5,47,2
183467,55,5,50,2
183468,54,9,45,2
183469,73,4,69,2
183470,48,9,39,2
183471,50,4,46,2
183472,50,7,43,2
183473,60,13,47,2
183474,51,8,43,2
183475,71,9,62,2
183476,36,1,35,2
183477,54,7,47,2
183478,60,3,57,2
183479,61,7,54,2
183480,62,12,50,2
183481,49,1,48,2
183482,48,1,47,2
183483,57,7,50,2
183484,48,9,39,2
183485,46,8,38,2
183486,56,3,53,2
183487,41,6,35,2
183488,47,5,42,2
183489,58,7,51,2
183490,47,3,44,2
183491,58,5,53,2
183492,49,7,42,2
183493,64,5,59,2
183494,61,3,58,2
183495,47,7,40,2
183496,63,7,56,2
183497,48,5,43,2
183498,50,5,45,2
183499,52,5,47,2
183500,47,4,43,2
183501,58,8,50,2
183502,61,4,57,2
183503,53,5,48,2
183504,42,8,34,2
183505,49,4,45,2
183506,56,5,51,2
183507,59,6,53,2
183508,60,5,55,2
183509,54,7,47,2
183510,52,6,46,2
183511,45,6,39,2
183512,48,6,42,2
183513,66,5,61,2
183514,47,10,37,2
183515,70,8,62,2
183516,60,5,55,2
183517,51,4,47,2
183518,68,10,58,2
183519,55,5,50,2
183520,57,2,55,2
183521,52,5,47,2
183522,46,3,43,2
183523,56,8,48,2
183524,63,10,53,2
183525,59,4,55,2
183526,52,5,47,2
183527,45,6,39,2
183528,53,5,48,2
183529,54,5,49,2
183530,55,7,48,2
183531,59,7,52,2
183532,63,9,54,2
183533,61,7,54,2
183534,67,10,57,2
183535,51,6,45,2
183536,55,8,47,2
183537,51,10,41,2
183538,63,3,60,2
183539,54,4,50,2
183540,56,6,50,2
183541,62,7,55,2
183542,58,5,53,2
183543,56,9,47,2
183544,56,8,48,2
183545,66,6,60,2
183546,62,5,57,2
183547,54,8,46,2
183548,59,7,52,2
183549,46,7,39,2
183550,57,9,48,2
183551,58,3,55,2
183552,54,11,43,2
183553,52,6,46,2
183554,51,4,47,2
183555,54,11,43,2
183556,59,8,51,2
183557,53,8,45,2
183558,52,6,46,2
183559,52,5,47,2
183560,46,7,39,2
183561,48,7,41,2
183562,72,7,65,2
183563,60,12,48,2
183564,36,1,35,2
183565,67,9,58,2
183566,51,5,46,2
183567,44,6,38,2
183568,59,7,52,2
183569,46,7,39,2
183570,58,5,53,2
183571,63,3,60,2
183572,48,9,39,2
183573,49,9,40,2
183574,48,6,42,2
183575,62,4,58,2
183576,49,3,46,2
183577,55,3,52,2
183578,51,6,45,2
183579,52,5,47,2
183580,67,6,61,2
183581,46,7,39,2
183582,53,5,48,2
183583,73,9,64,2
183584,60,9,51,2
183585,48,9,39,2
183586,36,5,31,2
183587,58,8,50,2
183588,60,7,53,2
183589,57,12,45,2
183590,48,6,42,2
183591,57,7,50,2
183592,52,5,47,2
183593,78,12,66,2
183594,55,2,53,2
183595,60,7,53,2
183596,57,7,50,2
183597,61,4,57,2
183598,68,9,59,2
183599,63,8,55,2
183600,56,5,51,2
183601,66,6,60,2
183602,54,5,49,2
183603,51,7,44,2
183604,48,7,41,2
183605,39,4,35,2
183606,53,8,45,2
183607,61,9,52,2
183608,45,4,41,2
183609,59,10,49,2
183610,63,11,52,2
183611,57,3,54,2
183612,50,6,44,2
183613,55,7,48,2
183614,55,6,49,2
183615,53,4,49,2
183616,55,6,49,2
183617,58,6,52,2
183618,58,12,46,2
183619,55,6,49,2
183620,61,8,53,2
183621,36,4,32,2
183622,52,7,45,2
183623,48,6,42,2
183624,71,11,60,2
183625,59,4,55,2
183626,55,5,50,2
183627,68,9,59,2
183628,70,7,63,2
183629,45,9,36,2
183630,50,6,44,2
183631,55,7,48,2
183632,61,6,55,2
183633,59,5,54,2
183634,49,5,44,2
183635,58,11,47,2
183636,63,8,55,2
183637,54,9,45,2
183638,45,3,42,2
183639,53,5,48,2
183640,62,5,57,2
183641,63,14,49,2
183642,66,11,55,2
183643,45,4,41,2
183644,49,10,39,2
183645,63,8,55,2
183646,68,4,64,2
183647,62,5,57,2
183648,53,8,45,2
183649,53,8,45,2
183650,55,9,46,2
183651,58,5,53,2
183652,51,7,44,2
183653,62,10,52,2
183654,55,7,48,2
183655,49,4,45,2
183656,52,6,46,2
183657,46,4,42,2
183658,61,9,52,2
183659,57,6,51,2
183660,48,4,44,2
183661,54,10,44,2
183662,64,4,60,2
183663,54,4,50,2
183664,59,4,55,2
183665,56,3,53,2
183666,54,4,50,2
183667,59,7,52,2
183668,52,5,47,2
183669,48,6,42,2
183670,48,4,44,2
183671,55,6,49,2
183672,43,4,39,2
183673,66,10,56,2
183674,55,5,50,2
183675,49,7,42,2
183676,58,5,53,2
183677,42,4,38,2
183678,47,3,44,2
183679,64,10,54,2
183680,61,4,57,2
183681,60,10,50,2
183682,56,8,48,2
183683,53,7,46,2
183684,41,3,38,2
183685,57,10,47,2
183686,57,4,53,2
183687,54,9,45,2
183688,58,6,52,2
183689,53,6,47,2
183690,48,8,40,2
183691,40,4,36,2
183692,60,9,51,2
183693,45,3,42,2
183694,61,8,53,2
183695,40,3,37,2
183696,44,7,37,2
183697,48,6,42,2
183698,52,9,43,2
183699,51,4,47,2
183700,60,7,53,2
183701,48,5,43,2
183702,68,7,61,2
183703,65,4,61,2
183704,53,8,45,2
183705,43,3,40,2
183706,44,4,40,2
183707,60,6,54,2
183708,49,3,46,2
183709,49,5,44,2
183710,49,5,44,2
183711,51,6,45,2
183712,50,11,39,2
183713,51,8,43,2
183714,43,5,38,2
183715,45,8,37,2
183716,53,6,47,2
183717,64,8,56,2
183718,53,6,47,2
183719,48,7,41,2
183720,45,6,39,2
183721,52,8,44,2
183722,38,3,35,2
183723,62,1,61,2
183724,60,10,50,2
183725,53,8,45,2
183726,59,8,51,2
183727,64,9,55,2
183728,45,4,41,2
183729,61,6,55,2
183730,44,4,40,2
183731,57,4,53,2
183732,57,8,49,2
183733,41,7,34,2
183734,55,4,51,2
183735,49,6,43,2
183736,62,11,51,2
183738,62,10,52,2
183739,46,10,36,2
183740,50,7,43,2
183741,56,9,47,2
183742,54,6,48,2
183743,58,9,49,2
183744,49,7,42,2
183745,40,8,32,2
183746,42,3,39,2
183747,61,7,54,2
183748,74,11,63,2
183749,54,8,46,2
183750,72,10,62,2
183751,56,6,50,2
183752,55,6,49,2
183753,74,9,65,2
183754,49,2,47,2
183755,64,7,57,2
183756,63,10,53,2
183757,60,7,53,2
183758,64,4,60,2
183759,71,11,60,2
183760,67,6,61,2
183761,43,2,41,2
183762,53,10,43,2
183763,63,3,60,2
183764,66,6,60,2
183765,62,7,55,2
183766,48,10,38,2
183767,50,5,45,2
183768,58,4,54,2
183769,52,6,46,2
183770,40,10,30,2
183771,52,7,45,2
183772,54,6,48,2
183773,71,5,66,2
183774,40,8,32,2
183775,59,7,52,2
183776,58,3,55,2
183777,50,5,45,2
183778,68,8,60,2
183779,61,4,57,2
183780,46,4,42,2
183781,50,9,41,2
183782,46,3,43,2
183783,63,10,53,2
183784,50,6,44,2
183785,49,4,45,2
183786,55,7,48,2
183787,61,9,52,2
183788,62,6,56,2
183789,54,5,49,2
183790,49,4,45,2
183791,61,11,50,2
183792,47,3,44,2
183793,48,3,45,2
183794,56,8,48,2
183795,61,6,55,2
183796,38,1,37,2
183797,67,12,55,2
183798,65,7,58,2
183799,62,9,53,2
183800,49,2,47,2
183801,49,5,44,2
183802,52,5,47,2
183803,47,4,43,2
183804,61,8,53,2
183805,56,8,48,2
183806,60,8,52,2
183807,42,5,37,2
183808,54,4,50,2
183809,74,5,69,2
183810,41,5,36,2
183811,69,5,64,2
183812,51,8,43,2
183813,66,9,57,2
183814,52,10,42,2
183815,58,6,52,2
183816,60,9,51,2
183817,66,13,53,2
183818,45,5,40,2
183819,41,5,36,2
183820,46,4,42,2
183821,64,12,52,2
183822,49,8,41,2
183823,51,8,43,2
183824,55,4,51,2
183825,69,5,64,2
183826,51,6,45,2
183827,51,4,47,2
183828,54,7,47,2
183829,66,9,57,2
183830,54,6,48,2
183831,49,8,41,2
183832,57,9,48,2
183833,69,10,59,2
183834,55,2,53,2
183835,65,13,52,2
183836,55,8,47,2
183837,48,5,43,2
183838,38,4,34,2
183839,57,6,51,2
183840,42,8,34,2
183841,53,3,50,2
183842,46,7,39,2
183843,56,10,46,2
183844,49,8,41,2
183845,58,9,49,2
183846,58,8,50,2
183847,59,7,52,2
183848,49,4,45,2
183849,51,4,47,2
183850,60,4,56,2
183851,46,5,41,2
183852,55,9,46,2
183853,58,6,52,2
183854,57,9,48,2
183855,46,4,42,2
183856,55,14,41,2
183857,60,4,56,2
183858,46,8,38,2
183859,62,11,51,2
183860,52,8,44,2
183861,60,6,54,2
183862,55,6,49,2
183863,64,9,55,2
183864,45,3,42,2
183865,49,2,47,2
183866,47,1,46,2
183867,68,6,62,2
183868,50,7,43,2
183869,70,9,61,2
183870,49,6,43,2
183871,51,12,39,2
183872,61,8,53,2
183873,46,7,39,2
183874,62,4,58,2
183875,53,3,50,2
183876,65,4,61,2
183877,62,6,56,2
183878,66,6,60,2
183879,67,5,62,2
183880,43,7,36,2
183881,61,9,52,2
183882,42,3,39,2
183883,47,2,45,2
183884,60,10,50,2
183885,45,8,37,2
183886,55,4,51,2
183887,43,5,38,2
183888,50,10,40,2
183889,59,6,53,2
183890,57,5,52,2
183891,64,7,57,2
183892,60,6,54,2
183893,41,7,34,2
183894,55,5,50,2
183895,43,5,38,2
183896,59,8,51,2
183897,65,12,53,2
183898,46,5,41,2
183899,49,8,41,2
183900,61,6,55,2
183901,49,6,43,2
183902,61,4,57,2
183903,51,11,40,2
183904,62,4,58,2
183905,61,4,57,2
183906,54,10,44,2
183907,55,9,46,2
183908,42,5,37,2
183909,55,6,49,2
183910,48,6,42,2
183911,63,7,56,2
183912,48,5,43,2
183913,48,7,41,2
183914,47,2,45,2
183915,46,8,38,2
183916,59,8,51,2
183917,56,9,47,2
183918,47,4,43,2
183919,64,7,57,2
183920,55,7,48,2
183921,43,8,35,2
183922,64,6,58,2
183923,50,6,44,2
183924,63,7,56,2
183925,55,9,46,2
183926,2,2,0,1
183927,61,8,53,2
183928,62,8,54,2
183929,59,10,49,2
183930,53,8,45,2
183931,55,6,49,2
183932,54,3,51,2
183933,54,6,48,2
183934,58,10,48,2
183935,60,7,53,2
183936,58,7,51,2
183937,68,5,63,2
183938,54,7,47,2
183939,55,4,51,2
183940,50,9,41,2
183941,76,11,65,2
183942,52,8,44,2
183943,58,7,51,2
183944,58,7,51,2
183945,61,7,54,2
183946,53,2,51,2
183947,50,5,45,2
183948,42,7,35,2
183949,49,7,42,2
183950,61,8,53,2
183951,59,7,52,2
183952,48,5,43,2
183953,58,5,53,2
183954,51,4,47,2
183955,73,10,63,2
183956,69,11,58,2
183957,61,9,52,2
183958,50,1,49,2
183959,53,4,49,2
183960,48,4,44,2
183961,42,9,33,2
183962,78,13,65,2
183963,57,7,50,2
183964,49,3,46,2
183965,64,9,55,2
183966,66,4,62,2
183967,62,12,50,2
183968,41,4,37,2
183969,51,5,46,2
183970,58,6,52,2
183971,62,9,53,2
183972,52,4,48,2
183973,58,5,53,2
183974,48,14,34,2
183975,54,9,45,2
183976,52,7,45,2
183977,56,6,50,2
183978,54,2,52,2
183979,57,8,49,2
183980,64,7,57,2
183981,58,7,51,2
183982,61,5,56,2
183983,50,4,46,2
183984,40,9,31,2
183985,56,7,49,2
183986,48,5,43,2
183987,48,8,40,2
183988,53,5,48,2
183989,47,5,42,2
183990,63,12,51,2
183991,59,5,54,2
183992,55,6,49,2
183993,43,3,40,2
183994,43,10,33,2
183995,70,3,67,2
183996,54,7,47,2
183997,54,4,50,2
183998,58,5,53,2
183999,49,11,38,2
184000,58,13,45,2
184001,57,6,51,2
184002,48,2,46,2
184003,71,8,63,2
184004,59,11,48,2
184005,49,7,42,2
184006,52,7,45,2
184007,60,3,57,2
184008,56,8,48,2
184009,43,5,38,2
184010,44,4,40,2
184011,52,5,47,2
184012,62,2,60,2
184013,60,8,52,2
184014,62,4,58,2
184015,60,7,53,2
184016,57,10,47,2
184017,55,7,48,2
184018,50,4,46,2
184019,54,7,47,2
184020,56,10,46,2
184021,53,7,46,2
184022,44,8,36,2
184023,52,5,47,2
184024,5,5,0,1
184025,54,6,48,2
184026,56,7,49,2
184027,47,6,41,2
184028,43,4,39,2
184029,53,3,50,2
184030,61,5,56,2
184031,70,11,59,2
184032,49,6,43,2
184033,50,7,43,2
184034,52,2,50,2
184035,59,4,55,2
184036,58,4,54,2
184037,40,7,33,2
184038,51,7,44,2
184039,43,3,40,2
184040,55,9,46,2
184041,73,10,63,2
184042,50,8,42,2
184043,63,10,53,2
184044,55,8,47,2
184045,60,3,57,2
184046,72,8,64,2
184047,40,6,34,2
184048,61,6,55,2
184049,51,10,41,2
184050,53,5,48,2
184051,42,6,36,2
184052,41,4,37,2
184053,61,6,55,2
184054,55,6,49,2
184055,48,5,43,2
184056,48,10,38,2
184057,54,6,48,2
184058,52,12,40,2
184059,61,7,54,2
184060,59,9,50,2
184061,51,5,46,2
184062,66,6,60,2
184063,50,5,45,2
184064,41,5,36,2
184065,48,8,40,2
184066,60,10,50,2
184067,52,4,48,2
184068,51,4,47,2
184069,60,9,51,2
184070,55,10,45,2
184071,53,9,44,2
184072,58,9,49,2
184073,57,5,52,2
184074,53,6,47,2
184075,56,2,54,2
184076,59,6,53,2
184077,59,6,53,2
184078,51,8,43,2
184079,48,8,40,2
184080,59,10,49,2
184081,70,10,60,2
184082,62,5,57,2
184083,59,8,51,2
184084,52,5,47,2
184085,52,5,47,2
184086,61,11,50,2
184087,64,10,54,2
184088,59,8,51,2
184089,53,7,46,2
184090,50,4,46,2
184091,72,5,67,2
184092,61,4,57,2
184093,51,4,47,2
184094,38,5,33,2
184095,72,7,65,2
184096,50,6,44,2
184097,53,10,43,2
184098,58,7,51,2
184099,44,4,40,2
184100,46,7,39,2
184101,55,5,50,2
184102,41,5,36,2
184103,52,9,43,2
184104,57,12,45,2
184105,60,10,50,2
184106,56,5,51,2
184107,66,3,63,2
184108,39,5,34,2
184109,65,5,60,2
184110,47,6,41,2
184111,50,6,44,2
184112,63,2,61,2
184113,63,7,56,2
184114,47,4,43,2
184115,60,8,52,2
184116,47,10,37,2
184117,64,6,58,2
184118,62,9,53,2
184119,66,7,59,2
184120,51,7,44,2
184121,63,9,54,2
184122,53,6,47,2
184123,46,11,35,2
184124,61,10,51,2
184125,60,6,54,2
184126,47,3,44,2
184127,46,7,39,2
184128,54,11,43,2
184129,51,8,43,2
184130,65,3,62,2
184131,57,6,51,2
184132,57,6,51,2
184133,59,3,56,2
184134,54,4,50,2
184135,60,10,50,2
184136,55,2,53,2
184137,55,9,46,2
184138,41,2,39,2
184139,51,8,43,2
184140,49,8,41,2
184141,61,6,55,2
184142,50,5,45,2
184143,56,3,53,2
184144,58,11,47,2
184145,49,6,43,2
184146,56,6,50,2
184147,46,4,42,2
184148,60,5,55,2
184149,55,4,51,2
184150,56,7,49,2
184151,55,10,45,2
184152,56,7,49,2
184153,54,9,45,2
184154,49,7,42,2
184155,46,6,40,2
184156,47,4,43,2
184157,64,5,59,2
184158,49,6,43,2
184159,55,6,49,2
184160,47,9,38,2
184161,45,6,39,2
184162,53,10,43,2
184163,59,4,55,2
184164,55,4,51,2
184165,54,7,47,2
184166,61,10,51,2
184167,51,8,43,2
184168,55,7,48,2
184169,48,2,46,2
184170,41,5,36,2
184171,58,6,52,2
184172,52,6,46,2
184173,56,11,45,2
184174,51,4,47,2
184175,45,6,39,2
184176,61,9,52,2
184177,46,11,35,2
184178,63,10,53,2
184179,34,2,32,2
184180,48,6,42,2
184181,50,4,46,2
184182,51,4,47,2
184183,42,2,40,2
184184,55,4,51,2
184185,52,6,46,2
184186,49,5,44,2
184187,42,4,38,2
184188,51,9,42,2
184189,52,5,47,2
184190,42,4,38,2
184191,52,9,43,2
184192,51,5,46,2
184193,48,5,43,2
184194,54,1,53,2
184195,46,4,42,2
184196,55,3,52,2
184197,43,1,42,2
184198,52,10,42,2
184199,55,5,50,2
184200,51,5,46,2
184201,53,9,44,2
184202,60,11,49,2
184203,53,7,46,2
184204,50,5,45,2
184205,51,6,45,2
184206,60,4,56,2
184207,56,4,52,2
184208,58,10,48,2
184209,44,7,37,2
184210,49,6,43,2
184211,41,4,37,2
184212,59,4,55,2
184213,51,5,46,2
184214,69,11,58,2
184215,59,7,52,2
184216,66,7,59,2
184217,63,9,54,2
184218,41,7,34,2
184219,56,7,49,2
184220,48,7,41,2
184221,57,6,51,2
184222,47,5,42,2
184223,60,11,49,2
184224,52,7,45,2
184225,58,3,55,2
184226,51,4,47,2
184227,58,7,51,2
184228,53,7,46,2
184229,42,5,37,2
184230,56,5,51,2
184231,51,4,47,2
184232,61,11,50,2
184233,46,6,40,2
184234,57,6,51,2
184235,61,11,50,2
184236,75,13,62,2
184237,58,10,48,2
184238,60,5,55,2
184239,53,6,47,2
184240,58,4,54,2
184241,64,5,59,2
184242,64,7,57,2
184243,55,7,48,2
184244,59,8,51,2
184245,58,11,47,2
184246,56,5,51,2
184247,74,7,67,2
184248,76,11,65,2
184249,65,3,62,2
184250,62,6,56,2
184251,48,5,43,2
184252,57,9,48,2
184253,54,7,47,2
184254,58,8,50,2
184255,54,6,48,2
184256,56,11,45,2
184257,51,4,47,2
184258,51,4,47,2
184259,44,4,40,2
184260,98,97,1,2
184261,50,5,45,2
184262,53,3,50,2
184263,38,4,34,2
184264,51,5,46,2
184265,50,3,47,2
184266,58,4,54,2
184267,53,7,46,2
184268,63,6,57,2
184269,48,8,40,2
184270,68,3,65,2
184271,51,6,45,2
184272,56,9,47,2
184273,50,7,43,2
184274,55,7,48,2
184275,51,6,45,2
184276,47,4,43,2
184277,61,7,54,2
184278,52,5,47,2
184279,51,6,45,2
184280,63,13,50,2
184281,66,5,61,2
184282,59,6,53,2
184283,53,6,47,2
184284,59,7,52,2
184285,54,4,50,2
184286,53,3,50,2
184287,55,7,48,2
184288,46,6,40,2
184289,49,6,43,2
184290,47,7,40,2
184291,51,6,45,2
184292,56,5,51,2
184293,37,6,31,2
184294,43,3,40,2
184295,59,7,52,2
184296,45,3,42,2
184297,56,3,53,2
184298,68,12,56,2
184299,44,4,40,2
184300,57,6,51,2
184301,54,7,47,2
184302,62,8,54,2
184303,49,4,45,2
184304,42,3,39,2
184305,63,5,58,2
184306,50,7,43,2
184307,55,7,48,2
184308,59,7,52,2
184309,55,8,47,2
184310,55,7,48,2
184311,51,10,41,2
184312,52,8,44,2
184313,36,4,32,2
184314,59,8,51,2
184315,52,9,43,2
184316,46,10,36,2
184317,58,1,57,2
184318,44,3,41,2
184319,59,11,48,2
184320,58,5,53,2
184321,62,5,57,2
184322,61,8,53,2
184323,54,4,50,2
184324,51,8,43,2
184325,48,2,46,2
184326,44,5,39,2
184327,59,1,58,2
184328,47,4,43,2
184329,64,5,59,2
184330,56,9,47,2
184331,55,10,45,2
184332,57,12,45,2
184333,51,6,45,2
184334,59,7,52,2
184335,53,9,44,2
184336,57,5,52,2
184337,60,4,56,2
184338,43,0,43,1
184339,56,8,48,2
184340,61,8,53,2
184341,56,8,48,2
184342,58,8,50,2
184343,51,3,48,2
184344,54,5,49,2
184345,56,6,50,2
184346,57,11,46,2
184347,54,8,46,2
184348,48,7,41,2
184349,48,6,42,2
184350,50,6,44,2
184351,41,9,32,2
184352,63,3,60,2
184353,57,4,53,2
184354,57,4,53,2
184355,49,4,45,2
184356,61,6,55,2
184357,58,4,54,2
184358,51,8,43,2
184359,54,4,50,2
184360,54,5,49,2
184361,68,11,57,2
184362,48,4,44,2
184363,45,7,38,2
184364,58,7,51,2
184365,56,14,42,2
184366,58,7,51,2
184367,46,8,38,2
184368,46,3,43,2
184369,51,7,44,2
184370,54,3,51,2
184371,55,10,45,2
184372,59,6,53,2
184373,56,8,48,2
184374,55,5,50,2
184375,59,7,52,2
184376,53,5,48,2
184377,47,5,42,2
184378,65,9,56,2
184379,63,3,60,2
184380,48,8,40,2
184381,45,4,41,2
184382,56,10,46,2
184383,61,6,55,2
184384,54,7,47,2
184385,55,12,43,2
184386,60,4,56,2
184387,54,9,45,2
184388,53,3,50,2
184389,61,8,53,2
184390,58,7,51,2
184391,53,5,48,2
184392,48,2,46,2
184393,69,11,58,2
184394,57,5,52,2
184395,57,3,54,2
184396,49,8,41,2
184398,69,9,60,2
184399,47,6,41,2
184400,48,7,41,2
184401,38,2,36,2
184402,52,6,46,2
184403,58,10,48,2
184404,64,6,58,2
184405,55,6,49,2
184406,47,5,42,2
184407,62,8,54,2
184408,65,5,60,2
184409,60,6,54,2
184410,44,6,38,2
184411,51,8,43,2
184412,57,8,49,2
184413,55,5,50,2
184414,52,4,48,2
184415,53,6,47,2
184416,63,8,55,2
184417,45,6,39,2
184418,50,5,45,2
184419,52,9,43,2
184420,46,2,44,2
184421,55,10,45,2
184422,64,7,57,2
184423,53,10,43,2
184424,56,6,50,2
184425,54,8,46,2
184426,62,6,56,2
184427,47,5,42,2
184428,50,9,41,2
184429,66,6,60,2
184430,55,8,47,2
184431,51,7,44,2
184432,71,8,63,2
184433,60,5,55,2
184434,40,2,38,2
184435,50,4,46,2
184436,72,8,64,2
184437,61,8,53,2
184438,45,7,38,2
184439,53,6,47,2
184440,44,7,37,2
184441,64,6,58,2
184442,59,8,51,2
184443,52,8,44,2
184444,59,4,55,2
184445,45,4,41,2
184446,68,7,61,2
184447,54,6,48,2
184448,49,7,42,2
184449,52,9,43,2
184450,45,5,40,2
184451,59,11,48,2
184452,55,8,47,2
184453,46,9,37,2
184454,75,9,66,2
184455,44,7,37,2
184456,64,9,55,2
184457,53,9,44,2
184458,55,7,48,2
184459,45,6,39,2
184460,63,11,52,2
184461,45,6,39,2
184462,57,6,51,2
184463,55,7,48,2
184464,42,5,37,2
184465,60,8,52,2
184466,53,5,48,2
184467,52,5,47,2
184468,56,11,45,2
184469,52,7,45,2
184470,58,7,51,2
184471,58,9,49,2
184472,59,4,55,2
184473,47,2,45,2
184474,58,2,56,2
184475,47,7,40,2
184476,62,5,57,2
184477,65,10,55,2
184478,47,1,46,2
184479,44,5,39,2
184480,61,7,54,2
184481,51,9,42,2
184482,57,6,51,2
184483,56,6,50,2
184484,56,3,53,2
184485,39,6,33,2
184486,59,11,48,2
184487,48,8,40,2
184488,50,6,44,2
184489,56,4,52,2
184490,62,5,57,2
184491,51,7,44,2
184492,51,9,42,2
184493,45,4,41,2
184494,58,11,47,2
184495,62,10,52,2
184496,60,7,53,2
184497,44,7,37,2
184498,66,6,60,2
184499,50,4,46,2
184500,45,2,43,2
184501,54,3,51,2
184502,49,7,42,2
184503,61,7,54,2
184504,41,6,35,2
184505,53,8,45,2
184506,55,9,46,2
184507,52,3,49,2
184508,60,10,50,2
184509,43,3,40,2
184510,64,7,57,2
184511,49,7,42,2
184512,46,3,43,2
184513,52,6,46,2
184514,46,4,42,2
184515,46,7,39,2
184516,47,7,40,2
184517,61,9,52,2
184518,63,9,54,2
184519,49,5,44,2
184520,77,5,72,2
184521,39,5,34,2
184522,58,7,51,2
184523,49,5,44,2
184524,64,5,59,2
184525,46,8,38,2
184526,58,4,54,2
184527,61,6,55,2
184528,45,6,39,2
184529,65,5,60,2
184530,46,3,43,2
184531,56,11,45,2
184532,41,4,37,2
184533,48,7,41,2
184534,53,5,48,2
184535,57,4,53,2
184536,63,6,57,2
184537,45,6,39,2
184538,55,6,49,2
184539,47,6,41,2
184540,62,5,57,2
184541,51,4,47,2
184542,50,6,44,2
184543,45,2,43,2
184544,49,8,41,2
184545,52,3,49,2
184546,58,6,52,2
184547,64,11,53,2
184548,52,4,48,2
184549,69,6,63,2
184550,52,4,48,2
184551,52,1,51,2
184552,50,4,46,2
184553,53,11,42,2
184554,52,6,46,2
184555,39,2,37,2
184556,59,5,54,2
184557,55,9,46,2
184558,51,9,42,2
184559,54,9,45,2
184560,51,2,49,2
184561,52,4,48,2
184562,39,3,36,2
184563,51,10,41,2
184564,52,2,50,2
184565,46,5,41,2
184566,56,6,50,2
184567,76,14,62,2
184568,48,0,48,1
184569,56,6,50,2
184570,49,2,47,2
184571,46,5,41,2
184572,55,10,45,2
184573,63,2,61,2
184574,41,2,39,2
184575,58,10,48,2
184576,50,7,43,2
184577,53,5,48,2
184578,55,11,44,2
184579,47,9,38,2
184580,57,6,51,2
184581,60,7,53,2
184582,54,9,45,2
184583,54,8,46,2
184584,55,7,48,2
184585,52,3,49,2
184586,54,8,46,2
184587,52,4,48,2
184588,58,9,49,2
184589,56,7,49,2
184590,45,4,41,2
184591,41,2,39,2
184592,69,11,58,2
184593,51,8,43,2
184594,48,6,42,2
184595,75,13,62,2
184596,51,5,46,2
184597,71,1,70,2
184598,62,8,54,2
184599,64,5,59,2
184600,57,3,54,2
184601,55,5,50,2
184602,57,10,47,2
184603,53,2,51,2
184604,46,3,43,2
184605,49,8,41,2
184606,57,6,51,2
184607,46,5,41,2
184608,53,6,47,2
184609,55,9,46,2
184610,56,5,51,2
184611,46,9,37,2
184612,54,3,51,2
184613,46,4,42,2
184614,53,4,49,2
184615,44,5,39,2
184616,41,8,33,2
184617,66,5,61,2
184618,49,7,42,2
184619,58,4,54,2
184620,52,3,49,2
184621,56,6,50,2
184622,64,5,59,2
184623,62,9,53,2
184624,58,6,52,2
184625,55,8,47,2
184626,51,10,41,2
184627,59,4,55,2
184628,65,3,62,2
184629,58,6,52,2
184630,71,3,68,2
184631,51,8,43,2
184632,57,10,47,2
184633,62,6,56,2
184634,48,4,44,2
184635,66,8,58,2
184636,67,7,60,2
184637,57,13,44,2
184638,56,6,50,2
184639,45,9,36,2
184640,55,5,50,2
184641,49,6,43,2
184642,52,3,49,2
184643,48,10,38,2
184644,60,5,55,2
184645,64,10,54,2
184646,35,8,27,2
184647,53,2,51,2
184648,48,3,45,2
184649,44,6,38,2
184650,53,7,46,2
184651,51,8,43,2
184652,54,6,48,2
184653,63,8,55,2
184654,51,6,45,2
184655,39,6,33,2
184656,59,6,53,2
184657,49,6,43,2
184658,51,4,47,2
184659,48,7,41,2
184660,76,10,66,2
184661,63,9,54,2
184662,55,4,51,2
184663,51,9,42,2
184664,64,6,58,2
184665,50,5,45,2
184666,45,6,39,2
184667,50,6,44,2
184668,48,8,40,2
184669,52,7,45,2
184670,51,5,46,2
184671,61,5,56,2
184672,53,8,45,2
184673,68,8,60,2
184674,55,5,50,2
184675,63,7,56,2
184676,56,9,47,2
184677,56,7,49,2
184678,44,8,36,2
184679,51,6,45,2
184680,59,6,53,2
184681,60,4,56,2
184682,45,5,40,2
184683,49,4,45,2
184684,58,6,52,2
184685,53,9,44,2
184686,58,9,49,2
184687,51,2,49,2
184688,74,8,66,2
184689,56,9,47,2
184690,53,10,43,2
184691,60,5,55,2
184692,53,6,47,2
184693,54,10,44,2
184694,61,2,59,2
184695,67,6,61,2
184696,59,4,55,2
184697,50,8,42,2
184698,55,3,52,2
184699,51,4,47,2
184700,54,12,42,2
184701,53,13,40,2
184702,57,5,52,2
184703,58,7,51,2
184704,55,3,52,2
184705,37,3,34,2
184706,52,8,44,2
184707,48,4,44,2
184708,57,6,51,2
184709,57,4,53,2
184710,54,4,50,2
184711,53,1,52,2
184712,39,2,37,2
184713,60,9,51,2
184714,53,5,48,2
184715,54,8,46,2
184716,74,11,63,2
184717,49,8,41,2
184718,57,3,54,2
184719,54,5,49,2
184720,50,4,46,2
184721,67,7,60,2
184722,62,7,55,2
184723,53,6,47,2
184724,67,12,55,2
184725,52,13,39,2
184726,62,8,54,2
184727,52,6,46,2
184728,61,9,52,2
184729,56,2,54,2
184730,74,10,64,2
184731,58,9,49,2
184732,47,2,45,2
184733,47,6,41,2
184734,51,4,47,2
184735,44,5,39,2
184736,51,8,43,2
184737,70,6,64,2
184738,53,8,45,2
184739,56,14,42,2
184740,60,11,49,2
184741,60,4,56,2
184742,49,7,42,2
184743,64,7,57,2
184744,59,6,53,2
184745,62,10,52,2
184746,58,11,47,2
184747,58,5,53,2
184748,45,7,38,2
184749,51,8,43,2
184750,63,8,55,2
184751,49,6,43,2
184752,56,9,47,2
184753,50,6,44,2
184754,62,2,60,2
184755,58,4,54,2
184756,54,8,46,2
184757,50,5,45,2
184758,46,5,41,2
184759,71,7,64,2
184760,63,9,54,2
184761,53,10,43,2
184762,54,7,47,2
184763,52,3,49,2
184764,55,4,51,2
184765,60,7,53,2
184766,68,9,59,2
184767,71,13,58,2
184768,60,9,51,2
184769,56,8,48,2
184770,49,8,41,2
184771,64,12,52,2
184772,66,7,59,2
184773,45,6,39,2
184774,51,5,46,2
184775,42,6,36,2
184776,61,6,55,2
184777,45,3,42,2
184778,63,6,57,2
184779,55,7,48,2
184780,52,4,48,2
184781,50,4,46,2
184782,60,3,57,2
184783,42,5,37,2
184784,49,5,44,2
184785,46,4,42,2
184786,49,6,43,2
184787,52,3,49,2
184788,53,4,49,2
184789,62,9,53,2
184790,48,7,41,2
184791,57,7,50,2
184792,59,7,52,2
184793,58,8,50,2
184794,66,9,57,2
184795,54,5,49,2
184796,52,5,47,2
184797,53,4,49,2
184798,56,11,45,2
184799,43,4,39,2
184800,67,8,59,2
184801,51,2,49,2
184802,53,4,49,2
184803,58,8,50,2
184804,53,5,48,2
184805,60,5,55,2
184806,48,4,44,2
184807,60,5,55,2
184808,55,2,53,2
184809,57,4,53,2
184810,51,3,48,2
184811,58,8,50,2
184812,47,7,40,2
184813,45,7,38,2
184814,45,3,42,2
184815,49,3,46,2
184816,44,8,36,2
184817,61,12,49,2
184818,61,11,50,2
184819,48,9,39,2
184820,49,5,44,2
184821,50,13,37,2
184822,64,5,59,2
184823,46,4,42,2
184824,58,13,45,2
184825,49,3,46,2
184826,56,5,51,2
184827,53,7,46,2
184828,47,6,41,2
184829,51,5,46,2
184830,57,9,48,2
184831,57,11,46,2
184832,42,3,39,2
184833,61,4,57,2
184834,68,9,59,2
184835,42,5,37,2
184836,59,4,55,2
184837,53,7,46,2
184838,69,8,61,2
184839,60,8,52,2
184840,51,7,44,2
184841,46,8,38,2
184842,47,7,40,2
184843,61,9,52,2
184844,63,2,61,2
184845,40,6,34,2
184846,55,11,44,2
184847,60,7,53,2
184848,61,8,53,2
184849,61,8,53,2
184850,48,6,42,2
184851,46,6,40,2
184852,43,7,36,2
184853,44,5,39,2
184854,60,2,58,2
184855,59,6,53,2
184856,46,9,37,2
184857,52,4,48,2
184858,60,6,54,2
184859,58,3,55,2
184860,54,5,49,2
184861,52,7,45,2
184862,51,7,44,2
184863,58,14,44,2
184864,59,7,52,2
184865,37,1,36,2
184866,47,4,43,2
184867,46,6,40,2
184868,47,8,39,2
184869,65,9,56,2
184870,55,7,48,2
184871,65,6,59,2
184872,53,6,47,2
184873,59,4,55,2
184874,54,12,42,2
184875,50,9,41,2
184876,36,8,28,2
184877,47,4,43,2
184878,64,8,56,2
184879,40,8,32,2
184880,63,15,48,2
184881,62,9,53,2
184882,46,4,42,2
184883,70,11,59,2
184884,47,4,43,2
184885,69,9,60,2
184886,59,7,52,2
184887,48,9,39,2
184888,50,6,44,2
184889,55,7,48,2
184890,49,8,41,2
184891,56,12,44,2
184892,61,7,54,2
184893,58,4,54,2
184894,62,11,51,2
184895,53,4,49,2
184896,51,2,49,2
184897,55,5,50,2
184898,55,4,51,2
184899,56,3,53,2
184900,50,6,44,2
184901,55,7,48,2
184902,56,9,47,2
184903,49,5,44,2
184904,70,12,58,2
184905,50,7,43,2
184906,45,7,38,2
184907,65,2,63,2
184908,42,4,38,2
184909,68,8,60,2
184910,47,10,37,2
184911,56,11,45,2
184912,49,5,44,2
184913,47,4,43,2
184914,58,4,54,2
184915,54,3,51,2
184916,45,5,40,2
184917,59,4,55,2
184918,60,10,50,2
184919,52,4,48,2
184920,61,7,54,2
184921,56,8,48,2
184922,46,3,43,2
184923,56,8,48,2
184924,46,8,38,2
184925,55,7,48,2
184926,51,8,43,2
184927,54,3,51,2
184928,53,8,45,2
184929,54,5,49,2
184930,49,5,44,2
184931,62,7,55,2
184932,53,12,41,2
184933,48,7,41,2
184934,47,12,35,2
184935,52,3,49,2
184936,51,4,47,2
184937,58,5,53,2
184938,62,9,53,2
184939,64,14,50,2
184940,57,4,53,2
184941,41,5,36,2
184942,56,7,49,2
184943,60,8,52,2
184944,76,10,66,2
184945,43,4,39,2
184946,44,1,43,2
184947,72,4,68,2
184948,52,7,45,2
184949,56,6,50,2
184950,45,3,42,2
184951,51,10,41,2
184952,52,7,45,2
184953,47,5,42,2
184954,64,10,54,2
184955,55,8,47,2
184956,51,6,45,2
184957,52,10,42,2
184958,56,6,50,2
184959,51,6,45,2
184960,58,10,48,2
184961,53,7,46,2
184962,58,12,46,2
184963,47,5,42,2
184964,45,5,40,2
184965,53,10,43,2
184966,57,10,47,2
184967,56,10,46,2
184968,59,3,56,2
184969,59,6,53,2
184970,55,10,45,2
184971,63,8,55,2
184972,44,8,36,2
184973,39,5,34,2
184974,63,4,59,2
184975,59,5,54,2
184976,60,7,53,2
184977,54,5,49,2
184978,57,10,47,2
184979,55,3,52,2
184980,49,6,43,2
184981,51,9,42,2
184982,47,5,42,2
184983,40,3,37,2
184984,46,7,39,2
184985,44,6,38,2
184986,34,1,33,2
184987,60,9,51,2
184988,53,7,46,2
184989,52,7,45,2
184990,45,3,42,2
184991,53,10,43,2
184992,55,4,51,2
184993,50,3,47,2
184994,44,6,38,2
184995,63,5,58,2
184996,59,12,47,2
184997,50,9,41,2
184998,48,10,38,2
184999,63,4,59,2
185000,59,3,56,2
185001,50,7,43,2
185002,55,8,47,2
185003,48,7,41,2
185004,46,4,42,2
185005,68,10,58,2
185006,55,5,50,2
185007,63,6,57,2
185008,60,4,56,2
185009,51,9,42,2
185010,59,10,49,2
185011,46,7,39,2
185012,56,12,44,2
185013,61,6,55,2
185014,57,10,47,2
185015,71,8,63,2
185016,58,9,49,2
185017,47,3,44,2
185018,47,8,39,2
185019,47,7,40,2
185020,62,4,58,2
185021,54,4,50,2
185022,62,9,53,2
185023,45,4,41,2
185024,55,12,43,2
185025,62,11,51,2
185026,55,7,48,2
185027,62,11,51,2
185028,51,6,45,2
185029,62,6,56,2
185030,54,5,49,2
185031,63,9,54,2
185032,55,7,48,2
185033,53,5,48,2
185034,53,3,50,2
185035,45,7,38,2
185036,62,6,56,2
185037,54,4,50,2
185038,54,3,51,2
185039,59,5,54,2
185040,48,5,43,2
185041,49,4,45,2
185042,56,9,47,2
185043,64,10,54,2
185044,52,7,45,2
185045,66,8,58,2
185046,54,5,49,2
185047,58,6,52,2
185048,65,9,56,2
185049,59,6,53,2
185050,46,4,42,2
185051,49,3,46,2
185052,56,13,43,2
185053,65,4,61,2
185054,50,5,45,2
185055,52,13,39,2
185056,56,8,48,2
185057,43,6,37,2
185058,47,3,44,2
185059,60,11,49,2
185060,47,5,42,2
185061,54,9,45,2
185062,60,6,54,2
185063,55,8,47,2
185064,58,8,50,2
185065,46,6,40,2
185066,56,5,51,2
185067,54,5,49,2
185068,46,6,40,2
185069,63,12,51,2
185070,65,9,56,2
185071,61,7,54,2
185072,59,6,53,2
185073,48,4,44,2
185074,53,3,50,2
185075,66,6,60,2
185076,51,5,46,2
185077,51,7,44,2
185078,54,5,49,2
185079,49,3,46,2
185080,55,5,50,2
185081,47,8,39,2
185082,71,5,66,2
185083,52,8,44,2
185084,45,3,42,2
185085,48,10,38,2
185086,66,3,63,2
185087,46,5,41,2
185088,60,7,53,2
185089,49,4,45,2
185090,57,8,49,2
185091,57,9,48,2
185092,62,10,52,2
185093,63,8,55,2
185094,46,4,42,2
185095,57,8,49,2
185096,58,8,50,2
185097,52,6,46,2
185098,48,2,46,2
185099,55,7,48,2
185100,44,4,40,2
185101,60,7,53,2
185102,47,8,39,2
185103,55,4,51,2
185104,54,5,49,2
185105,50,9,41,2
185106,54,4,50,2
185107,50,8,42,2
185108,68,10,58,2
185109,64,8,56,2
185110,64,10,54,2
185111,42,8,34,2
185112,58,1,57,2
185113,43,3,40,2
185114,50,4,46,2
185115,61,7,54,2
185116,54,14,40,2
185117,54,10,44,2
185118,51,2,49,2
185119,48,4,44,2
185120,57,5,52,2
185121,47,6,41,2
185122,39,5,34,2
185123,68,10,58,2
185124,45,5,40,2
185125,57,5,52,2
185126,60,5,55,2
185127,56,11,45,2
185128,53,7,46,2
185129,47,8,39,2
185131,56,6,50,2
185132,67,7,60,2
185133,52,5,47,2
185134,50,4,46,2
185135,35,7,28,2
185136,44,5,39,2
185137,59,10,49,2
185138,53,7,46,2
185139,62,6,56,2
185140,63,7,56,2
185141,50,6,44,2
185142,59,8,51,2
185143,55,5,50,2
185144,54,11,43,2
185145,41,2,39,2
185146,48,8,40,2
185147,50,7,43,2
185148,54,6,48,2
185149,43,10,33,2
185150,56,5,51,2
185151,48,11,37,2
185152,52,6,46,2
185153,57,4,53,2
185154,64,7,57,2
185155,54,6,48,2
185156,48,7,41,2
185157,54,4,50,2
185158,45,4,41,2
185159,45,2,43,2
185160,68,6,62,2
185161,51,6,45,2
185162,66,7,59,2
185163,57,10,47,2
185164,57,7,50,2
185165,41,6,35,2
185166,55,5,50,2
185167,52,3,49,2
185168,53,4,49,2
185169,62,7,55,2
185170,62,7,55,2
185171,61,9,52,2
185172,58,8,50,2
185173,67,2,65,2
185174,52,6,46,2
185176,62,6,56,2
185177,51,6,45,2
185178,46,6,40,2
185179,54,6,48,2
185180,63,5,58,2
185181,71,8,63,2
185182,72,11,61,2
185183,54,5,49,2
185185,43,6,37,2
185186,59,7,52,2
185187,53,6,47,2
185188,59,3,56,2
185189,49,7,42,2
185190,47,3,44,2
185191,58,10,48,2
185192,53,12,41,2
185193,48,4,44,2
185194,53,7,46,2
185195,39,3,36,2
185196,47,6,41,2
185197,51,4,47,2
185198,39,4,35,2
185199,39,7,32,2
185200,54,4,50,2
185201,57,6,51,2
185202,58,7,51,2
185203,46,6,40,2
185204,59,7,52,2
185205,62,3,59,2
185206,43,5,38,2
185207,57,4,53,2
185208,61,4,57,2
185209,60,5,55,2
185210,58,14,44,2
185211,51,9,42,2
185212,51,4,47,2
185213,58,6,52,2
185214,64,5,59,2
185215,54,5,49,2
185216,59,13,46,2
185217,54,5,49,2
185218,74,6,68,2
185219,37,2,35,2
185220,53,11,42,2
185221,58,9,49,2
185222,59,4,55,2
185223,55,6,49,2
185224,46,3,43,2
185225,59,5,54,2
185226,53,7,46,2
185227,56,6,50,2
185228,39,4,35,2
185229,67,4,63,2
185230,58,8,50,2
185231,44,8,36,2
185232,61,11,50,2
185233,55,6,49,2
185234,60,13,47,2
185235,47,2,45,2
185236,46,6,40,2
185237,48,3,45,2
185238,53,10,43,2
185239,60,5,55,2
185240,58,8,50,2
185241,63,9,54,2
185242,48,7,41,2
185243,63,9,54,2
185244,55,5,50,2
185245,60,7,53,2
185246,52,5,47,2
185247,64,9,55,2
185248,56,5,51,2
185249,59,7,52,2
185250,57,7,50,2
185251,55,2,53,2
185252,61,10,51,2
185253,65,5,60,2
185254,49,3,46,2
185255,64,13,51,2
185256,57,3,54,2
185257,52,9,43,2
185258,46,0,46,1
185259,61,7,54,2
185260,56,8,48,2
185261,71,9,62,2
185262,53,4,49,2
185263,55,5,50,2
185264,42,10,32,2
185265,52,10,42,2
185266,53,4,49,2
185267,72,8,64,2
185268,44,3,41,2
185269,63,9,54,2
185270,52,10,42,2
185271,57,5,52,2
185272,56,7,49,2
185273,63,2,61,2
185274,66,2,64,2
185275,80,8,72,2
185276,59,8,51,2
185277,64,7,57,2
185278,54,6,48,2
185279,53,9,44,2
185280,44,3,41,2
185281,55,2,53,2
185282,61,4,57,2
185283,56,8,48,2
185284,64,11,53,2
185285,55,8,47,2
185286,49,9,40,2
185287,43,3,40,2
185288,61,7,54,2
185289,55,4,51,2
185290,62,7,55,2
185291,47,5,42,2
185292,59,3,56,2
185293,48,6,42,2
185294,65,10,55,2
185295,66,6,60,2
185296,55,5,50,2
185297,45,6,39,2
185298,60,6,54,2
185299,55,6,49,2
185300,55,3,52,2
185301,56,5,51,2
185302,54,5,49,2
185303,51,12,39,2
185304,51,4,47,2
185305,47,11,36,2
185306,53,4,49,2
185307,55,3,52,2
185308,49,3,46,2
185309,37,5,32,2
185310,45,5,40,2
185311,46,5,41,2
185312,53,6,47,2
185313,55,6,49,2
185314,40,3,37,2
185315,46,7,39,2
185316,71,13,58,2
185317,50,3,47,2
185318,42,4,38,2
185319,65,16,49,2
185320,61,7,54,2
185321,60,8,52,2
185322,53,8,45,2
185323,57,9,48,2
185324,69,7,62,2
185325,54,4,50,2
185326,60,9,51,2
185327,57,6,51,2
185329,56,4,52,2
185330,62,5,57,2
185331,47,5,42,2
185332,58,6,52,2
185333,38,4,34,2
185334,55,3,52,2
185335,52,1,51,2
185336,44,6,38,2
185337,63,7,56,2
185338,61,6,55,2
185339,61,12,49,2
185340,51,6,45,2
185341,62,4,58,2
185342,66,9,57,2
185343,49,5,44,2
185344,42,2,40,2
185345,59,5,54,2
185346,44,3,41,2
185347,38,5,33,2
185348,48,7,41,2
185349,61,11,50,2
185350,59,6,53,2
185351,57,6,51,2
185352,41,6,35,2
185353,59,7,52,2
185354,49,1,48,2
185355,58,5,53,2
185356,58,10,48,2
185357,59,7,52,2
185358,44,4,40,2
185359,55,8,47,2
185360,43,7,36,2
185361,49,3,46,2
185362,57,6,51,2
185363,59,6,53,2
185364,40,3,37,2
185365,55,7,48,2
185366,60,9,51,2
185367,54,8,46,2
185368,48,4,44,2
185369,51,7,44,2
185370,51,6,45,2
185371,58,9,49,2
185372,52,6,46,2
185373,56,6,50,2
185374,54,14,40,2
185375,56,7,49,2
185376,56,4,52,2
185377,47,7,40,2
185378,59,4,55,2
185379,56,9,47,2
185380,62,7,55,2
185381,48,8,40,2
185382,48,6,42,2
185383,52,2,50,2
185384,53,8,45,2
185385,50,1,49,2
185386,58,12,46,2
185387,56,7,49,2
185388,46,4,42,2
185389,49,7,42,2
185390,60,8,52,2
185391,55,9,46,2
185392,67,4,63,2
185393,53,6,47,2
185394,60,6,54,2
185395,51,7,44,2
185396,54,9,45,2
185397,69,9,60,2
185398,60,13,47,2
185399,48,3,45,2
185400,66,9,57,2
185401,51,5,46,2
185402,58,8,50,2
185403,63,8,55,2
185404,55,10,45,2
185405,53,9,44,2
185406,47,4,43,2
185407,60,7,53,2
185408,39,8,31,2
185409,68,5,63,2
185410,50,5,45,2
185411,50,6,44,2
185412,53,4,49,2
185413,52,6,46,2
185414,45,4,41,2
185415,62,9,53,2
185416,50,6,44,2
185417,59,4,55,2
185418,45,4,41,2
185419,66,19,47,2
185420,45,6,39,2
185421,44,6,38,2
185422,39,5,34,2
185423,48,3,45,2
185424,50,6,44,2
185425,62,8,54,2
185426,45,4,41,2
185427,51,5,46,2
185428,55,5,50,2
185429,58,12,46,2
185430,43,4,39,2
185431,63,11,52,2
185432,51,3,48,2
185433,44,7,37,2
185434,64,8,56,2
185435,63,9,54,2
185436,58,6,52,2
185437,62,6,56,2
185438,59,5,54,2
185439,66,3,63,2
185440,57,9,48,2
185441,54,8,46,2
185442,59,9,50,2
185443,53,6,47,2
185444,65,8,57,2
185445,69,9,60,2
185446,58,9,49,2
185447,61,7,54,2
185448,56,8,48,2
185449,60,9,51,2
185450,60,12,48,2
185451,46,7,39,2
185452,49,9,40,2
185453,52,6,46,2
185454,52,8,44,2
185455,62,8,54,2
185456,67,7,60,2
185457,47,5,42,2
185458,65,9,56,2
185459,58,5,53,2
185460,64,5,59,2
185461,44,4,40,2
185462,54,6,48,2
185463,51,7,44,2
185464,52,1,51,2
185465,62,7,55,2
185466,52,4,48,2
185467,45,7,38,2
185468,50,6,44,2
185469,56,10,46,2
185470,41,4,37,2
185471,59,5,54,2
185472,54,4,50,2
185473,57,5,52,2
185474,52,7,45,2
185475,49,10,39,2
185476,56,6,50,2
185477,50,4,46,2
185478,50,7,43,2
185479,64,8,56,2
185480,72,8,64,2
185481,52,6,46,2
185482,62,5,57,2
185483,53,7,46,2
185484,62,3,59,2
185485,58,3,55,2
185486,69,10,59,2
185487,52,4,48,2
185488,51,8,43,2
185489,62,10,52,2
185490,70,6,64,2
185491,55,3,52,2
185492,57,2,55,2
185493,60,5,55,2
185494,71,7,64,2
185495,63,8,55,2
185496,68,11,57,2
185497,53,5,48,2
185498,56,10,46,2
185499,67,10,57,2
185500,57,8,49,2
185501,53,10,43,2
185502,55,6,49,2
185503,62,2,60,2
185504,51,11,40,2
185505,47,5,42,2
185506,55,7,48,2
185507,70,9,61,2
185508,47,2,45,2
185509,52,4,48,2
185510,48,7,41,2
185511,55,8,47,2
185512,49,9,40,2
185513,54,6,48,2
185514,51,4,47,2
185515,50,9,41,2
185516,53,6,47,2
185517,56,4,52,2
185518,59,4,55,2
185519,55,8,47,2
185520,40,5,35,2
185521,50,10,40,2
185522,61,9,52,2
185523,52,9,43,2
185524,49,9,40,2
185525,66,5,61,2
185526,60,6,54,2
185527,68,11,57,2
185528,62,6,56,2
185529,53,6,47,2
185530,69,3,66,2
185531,60,4,56,2
185532,56,4,52,2
185533,53,3,50,2
185534,53,6,47,2
185535,53,7,46,2
185536,60,6,54,2
185537,40,4,36,2
185538,54,7,47,2
185539,53,8,45,2
185540,47,5,42,2
185541,62,5,57,2
185543,48,1,47,2
185544,55,5,50,2
185545,72,13,59,2
185546,46,6,40,2
185547,50,9,41,2
185548,68,6,62,2
185549,49,5,44,2
185550,54,10,44,2
185551,50,6,44,2
185552,71,8,63,2
185553,41,3,38,2
185554,56,7,49,2
185555,53,6,47,2
185556,59,4,55,2
185557,63,7,56,2
185558,55,7,48,2
185559,54,8,46,2
185560,69,7,62,2
185561,59,6,53,2
185562,57,5,52,2
185563,53,5,48,2
185564,52,7,45,2
185565,70,7,63,2
185566,70,10,60,2
185567,55,6,49,2
185568,69,9,60,2
185569,37,7,30,2
185570,59,9,50,2
185571,53,9,44,2
185572,43,2,41,2
185573,41,5,36,2
185574,54,7,47,2
185575,43,5,38,2
185576,55,4,51,2
185577,64,3,61,2
185578,52,6,46,2
185579,54,15,39,2
185580,65,5,60,2
185581,60,10,50,2
185582,51,8,43,2
185583,51,5,46,2
185584,57,5,52,2
185585,51,4,47,2
185586,47,4,43,2
185587,49,6,43,2
185588,50,7,43,2
185589,57,3,54,2
185590,59,2,57,2
185591,45,5,40,2
185592,57,5,52,2
185593,50,7,43,2
185594,48,5,43,2
185595,61,7,54,2
185596,49,2,47,2
185597,53,8,45,2
185598,47,4,43,2
185599,58,6,52,2
185600,54,7,47,2
185601,52,3,49,2
185602,66,11,55,2
185603,66,8,58,2
185604,57,7,50,2
185605,61,4,57,2
185606,60,5,55,2
185607,54,3,51,2
185608,50,6,44,2
185609,45,7,38,2
185610,55,7,48,2
185611,55,6,49,2
185612,56,7,49,2
185613,49,3,46,2
185614,57,3,54,2
185615,51,9,42,2
185616,57,11,46,2
185618,51,5,46,2
185619,55,13,42,2
185620,71,8,63,2
185621,62,15,47,2
185622,58,10,48,2
185623,48,5,43,2
185624,61,7,54,2
185625,51,7,44,2
185626,57,6,51,2
185627,55,7,48,2
185628,53,5,48,2
185629,60,8,52,2
185630,59,9,50,2
185631,60,7,53,2
185632,63,7,56,2
185633,62,3,59,2
185634,51,8,43,2
185635,55,2,53,2
185636,48,4,44,2
185637,55,1,54,2
185638,55,8,47,2
185639,56,6,50,2
185640,61,9,52,2
185641,63,7,56,2
185642,48,7,41,2
185643,61,5,56,2
185644,53,7,46,2
185645,54,2,52,2
185646,51,5,46,2
185647,46,4,42,2
185648,54,3,51,2
185649,46,8,38,2
185650,55,6,49,2
185651,45,5,40,2
185652,52,4,48,2
185653,40,6,34,2
185654,68,14,54,2
185655,45,6,39,2
185656,62,9,53,2
185657,48,8,40,2
185658,54,8,46,2
185659,50,9,41,2
185660,62,10,52,2
185661,61,9,52,2
185662,48,6,42,2
185663,45,2,43,2
185664,67,10,57,2
185665,42,3,39,2
185666,44,1,43,2
185667,52,4,48,2
185668,50,6,44,2
185669,52,7,45,2
185670,61,7,54,2
185671,56,6,50,2
185672,49,6,43,2
185673,53,3,50,2
185674,54,5,49,2
185675,65,5,60,2
185676,60,10,50,2
185677,54,8,46,2
185678,50,6,44,2
185679,60,5,55,2
185680,49,5,44,2
185681,56,8,48,2
185682,57,7,50,2
185683,55,12,43,2
185684,59,5,54,2
185685,62,3,59,2
185686,43,2,41,2
185687,57,5,52,2
185688,56,6,50,2
185689,62,12,50,2
185690,65,5,60,2
185691,60,11,49,2
185692,55,4,51,2
185693,51,3,48,2
185694,55,5,50,2
185695,53,9,44,2
185696,55,6,49,2
185697,57,5,52,2
185698,49,6,43,2
185699,49,7,42,2
185700,41,6,35,2
185701,46,5,41,2
185702,53,8,45,2
185703,67,10,57,2
185704,60,8,52,2
185705,45,8,37,2
185706,59,7,52,2
185707,39,3,36,2
185708,52,6,46,2
185709,68,10,58,2
185710,52,8,44,2
185711,62,10,52,2
185712,61,9,52,2
185713,54,7,47,2
185714,53,5,48,2
185715,61,10,51,2
185716,56,1,55,2
185717,56,6,50,2
185718,51,4,47,2
185719,55,8,47,2
185720,53,5,48,2
185721,66,4,62,2
185722,58,6,52,2
185723,51,3,48,2
185724,50,9,41,2
185725,67,8,59,2
185726,47,6,41,2
185727,41,4,37,2
185728,58,3,55,2
185729,55,3,52,2
185730,57,6,51,2
185731,60,6,54,2
185732,69,6,63,2
185733,66,5,61,2
185734,59,6,53,2
185735,51,8,43,2
185736,53,7,46,2
185737,55,6,49,2
185738,46,3,43,2
185739,53,8,45,2
185740,69,10,59,2
185741,56,4,52,2
185742,44,7,37,2
185743,64,9,55,2
185744,50,7,43,2
185745,62,4,58,2
185746,62,10,52,2
185747,40,11,29,2
185748,68,9,59,2
185749,38,4,34,2
185750,38,8,30,2
185751,66,4,62,2
185752,49,10,39,2
185753,49,3,46,2
185754,54,5,49,2
185755,55,9,46,2
185756,61,6,55,2
185757,71,6,65,2
185758,58,5,53,2
185759,57,7,50,2
185760,60,4,56,2
185761,50,3,47,2
185762,61,5,56,2
185763,46,5,41,2
185764,51,4,47,2
185765,61,7,54,2
185766,44,3,41,2
185767,56,8,48,2
185768,60,8,52,2
185769,55,6,49,2
185770,68,9,59,2
185771,55,10,45,2
185772,53,6,47,2
185773,55,8,47,2
185774,51,6,45,2
185775,35,4,31,2
185776,48,7,41,2
185777,49,5,44,2
185778,46,6,40,2
185779,43,2,41,2
185780,46,4,42,2
185781,72,8,64,2
185782,60,3,57,2
185783,55,8,47,2
185784,62,9,53,2
185785,53,4,49,2
185786,47,3,44,2
185787,57,6,51,2
185788,61,7,54,2
185789,50,4,46,2
185790,62,5,57,2
185791,41,4,37,2
185792,51,9,42,2
185793,53,1,52,2
185794,69,5,64,2
185795,49,7,42,2
185796,46,7,39,2
185797,64,8,56,2
185798,47,5,42,2
185799,40,3,37,2
185800,54,5,49,2
185801,58,5,53,2
185802,56,9,47,2
185803,52,11,41,2
185804,56,6,50,2
185805,53,7,46,2
185806,61,6,55,2
185807,49,3,46,2
185808,52,7,45,2
185809,64,9,55,2
185810,46,8,38,2
185811,58,11,47,2
185812,68,8,60,2
185813,67,10,57,2
185814,58,2,56,2
185815,65,8,57,2
185816,67,4,63,2
185817,61,8,53,2
185818,65,9,56,2
185819,45,2,43,2
185820,50,6,44,2
185821,45,7,38,2
185822,52,5,47,2
185823,43,4,39,2
185824,59,5,54,2
185825,51,8,43,2
185826,64,7,57,2
185827,50,5,45,2
185828,56,10,46,2
185829,61,5,56,2
185830,59,7,52,2
185831,56,8,48,2
185832,56,11,45,2
185833,64,7,57,2
185834,58,11,47,2
185835,60,5,55,2
185836,56,7,49,2
185837,58,10,48,2
185838,49,8,41,2
185839,53,6,47,2
185840,61,9,52,2
185841,67,8,59,2
185842,61,7,54,2
185843,59,11,48,2
185844,64,11,53,2
185845,46,12,34,2
185846,64,10,54,2
185847,69,8,61,2
185848,67,8,59,2
185849,53,8,45,2
185850,58,6,52,2
185851,46,4,42,2
185852,61,2,59,2
185853,54,7,47,2
185854,51,10,41,2
185855,51,7,44,2
185856,43,7,36,2
185857,47,7,40,2
185858,60,10,50,2
185859,54,8,46,2
185860,59,6,53,2
185861,55,3,52,2
185862,47,4,43,2
185863,52,6,46,2
185864,60,3,57,2
185865,51,3,48,2
185866,62,5,57,2
185867,56,2,54,2
185868,55,8,47,2
185869,62,7,55,2
185870,57,9,48,2
185871,57,8,49,2
185872,60,7,53,2
185873,52,2,50,2
185874,65,14,51,2
185875,51,4,47,2
185876,62,12,50,2
185877,41,4,37,2
185878,46,3,43,2
185879,55,8,47,2
185880,55,8,47,2
185881,56,6,50,2
185882,73,14,59,2
185883,61,9,52,2
185884,55,5,50,2
185885,57,6,51,2
185886,64,6,58,2
185887,62,9,53,2
185888,58,7,51,2
185889,60,7,53,2
185890,52,7,45,2
185891,43,4,39,2
185892,35,1,34,2
185893,48,4,44,2
185894,44,9,35,2
185895,57,7,50,2
185896,51,4,47,2
185897,49,6,43,2
185898,45,5,40,2
185899,52,11,41,2
185900,50,5,45,2
185901,51,8,43,2
185902,61,9,52,2
185903,58,6,52,2
185904,54,12,42,2
185905,59,7,52,2
185906,55,10,45,2
185907,46,3,43,2
185908,51,4,47,2
185909,65,10,55,2
185911,54,4,50,2
185912,51,9,42,2
185913,49,3,46,2
185914,57,6,51,2
185915,47,4,43,2
185916,50,5,45,2
185917,66,8,58,2
185918,66,8,58,2
185919,46,5,41,2
185920,59,8,51,2
185921,56,5,51,2
185922,61,8,53,2
185923,56,3,53,2
185924,54,7,47,2
185925,44,8,36,2
185926,52,4,48,2
185927,38,2,36,2
185928,65,6,59,2
185929,49,6,43,2
185930,45,4,41,2
185931,54,3,51,2
185932,51,6,45,2
185933,52,6,46,2
185934,64,7,57,2
185935,64,8,56,2
185936,58,7,51,2
185937,33,0,33,1
185938,58,7,51,2
185939,57,6,51,2
185940,49,10,39,2
185941,61,7,54,2
185942,51,6,45,2
185943,56,6,50,2
185944,63,9,54,2
185945,64,8,56,2
185946,45,9,36,2
185947,51,7,44,2
185948,67,4,63,2
185949,65,5,60,2
185950,50,4,46,2
185951,39,3,36,2
185952,46,3,43,2
185953,48,8,40,2
185954,49,1,48,2
185955,66,7,59,2
185956,49,2,47,2
185957,52,7,45,2
185958,55,4,51,2
185959,55,7,48,2
185960,59,7,52,2
185961,47,7,40,2
185962,47,4,43,2
185963,50,7,43,2
185964,71,10,61,2
185965,63,5,58,2
185966,57,6,51,2
185967,46,1,45,2
185968,44,3,41,2
185969,63,5,58,2
185970,65,8,57,2
185971,47,4,43,2
185972,59,8,51,2
185973,44,5,39,2
185974,56,7,49,2
185975,53,2,51,2
185976,48,3,45,2
185977,50,3,47,2
185978,59,7,52,2
185979,43,5,38,2
185980,44,6,38,2
185981,57,2,55,2
185982,49,6,43,2
185983,50,5,45,2
185984,51,6,45,2
185985,61,8,53,2
185986,46,5,41,2
185987,54,5,49,2
185988,50,5,45,2
185989,48,5,43,2
185990,64,9,55,2
185991,51,8,43,2
185992,47,5,42,2
185993,54,9,45,2
185994,53,6,47,2
185995,60,4,56,2
185996,50,5,45,2
185997,44,7,37,2
185998,62,8,54,2
185999,57,6,51,2
186000,57,3,54,2
186001,46,2,44,2
186002,53,11,42,2
186003,45,3,42,2
186004,79,8,71,2
186005,39,4,35,2
186006,63,8,55,2
186007,64,6,58,2
186008,55,6,49,2
186009,45,5,40,2
186010,56,3,53,2
186011,55,8,47,2
186012,58,9,49,2
186013,52,7,45,2
186014,40,8,32,2
186015,50,10,40,2
186016,67,6,61,2
186017,44,4,40,2
186018,40,3,37,2
186019,45,4,41,2
186020,54,8,46,2
186021,66,6,60,2
186022,53,4,49,2
186023,62,11,51,2
186024,60,5,55,2
186025,57,10,47,2
186026,61,11,50,2
186027,38,5,33,2
186028,46,7,39,2
186029,63,11,52,2
186030,60,7,53,2
186031,61,5,56,2
186032,41,4,37,2
186033,69,11,58,2
186034,45,2,43,2
186035,55,4,51,2
186036,69,8,61,2
186037,61,5,56,2
186038,59,9,50,2
186039,50,5,45,2
186040,50,7,43,2
186041,47,8,39,2
186042,52,7,45,2
186043,64,10,54,2
186044,60,9,51,2
186045,41,7,34,2
186046,58,10,48,2
186047,52,8,44,2
186048,52,2,50,2
186049,58,4,54,2
186050,56,9,47,2
186051,64,10,54,2
186052,51,8,43,2
186053,59,8,51,2
186054,37,6,31,2
186055,59,7,52,2
186056,49,8,41,2
186057,60,6,54,2
186058,55,8,47,2
186059,57,8,49,2
186060,51,7,44,2
186061,41,3,38,2
186062,56,12,44,2
186063,55,4,51,2
186064,47,6,41,2
186065,61,7,54,2
186066,53,8,45,2
186067,56,5,51,2
186068,51,9,42,2
186069,61,7,54,2
186070,58,8,50,2
186071,50,2,48,2
186072,56,9,47,2
186073,52,5,47,2
186074,57,7,50,2
186075,49,12,37,2
186076,52,4,48,2
186077,60,5,55,2
186078,44,4,40,2
186079,57,4,53,2
186080,39,2,37,2
186081,44,5,39,2
186082,70,4,66,2
186083,46,3,43,2
186084,37,3,34,2
186085,60,7,53,2
186086,70,9,61,2
186087,47,6,41,2
186088,46,8,38,2
186089,66,5,61,2
186090,44,5,39,2
186091,42,6,36,2
186092,60,4,56,2
186093,59,4,55,2
186094,58,5,53,2
186095,63,5,58,2
186096,49,5,44,2
186097,61,7,54,2
186098,55,6,49,2
186099,60,12,48,2
186100,55,8,47,2
186101,65,10,55,2
186102,61,8,53,2
186103,42,9,33,2
186104,57,9,48,2
186105,63,6,57,2
186106,62,8,54,2
186107,53,5,48,2
186108,41,5,36,2
186109,55,7,48,2
186110,55,5,50,2
186111,49,9,40,2
186112,58,6,52,2
186113,64,7,57,2
186114,55,5,50,2
186115,60,8,52,2
186116,53,9,44,2
186117,69,7,62,2
186118,46,7,39,2
186119,69,5,64,2
186120,62,8,54,2
186121,64,6,58,2
186122,54,7,47,2
186123,52,7,45,2
186124,41,3,38,2
186125,46,8,38,2
186126,61,11,50,2
186127,55,4,51,2
186128,32,3,29,2
186129,43,5,38,2
186130,55,7,48,2
186131,65,12,53,2
186132,54,8,46,2
186133,58,6,52,2
186134,50,7,43,2
186135,65,6,59,2
186136,40,3,37,2
186137,43,5,38,2
186138,43,2,41,2
186139,71,4,67,2
186140,58,7,51,2
186141,59,9,50,2
186142,61,7,54,2
186143,52,11,41,2
186144,44,6,38,2
186145,46,5,41,2
186146,52,7,45,2
186147,51,5,46,2
186148,69,8,61,2
186149,57,9,48,2
186150,53,5,48,2
186151,44,2,42,2
186152,53,9,44,2
186153,60,6,54,2
186154,62,8,54,2
186155,54,6,48,2
186156,52,7,45,2
186157,54,11,43,2
186158,50,5,45,2
186159,53,6,47,2
186160,45,5,40,2
186161,49,7,42,2
186162,50,6,44,2
186163,52,8,44,2
186164,46,2,44,2
186165,48,4,44,2
186166,58,4,54,2
186167,54,4,50,2
186168,55,5,50,2
186169,49,3,46,2
186170,57,7,50,2
186171,47,9,38,2
186172,64,7,57,2
186173,64,7,57,2
186174,61,12,49,2
186175,42,8,34,2
186176,65,6,59,2
186177,59,11,48,2
186178,46,8,38,2
186179,40,6,34,2
186180,51,6,45,2
186181,57,5,52,2
186182,54,5,49,2
186183,56,10,46,2
186184,43,9,34,2
186185,59,12,47,2
186186,46,7,39,2
186187,68,6,62,2
186188,47,5,42,2
186189,54,5,49,2
186190,52,7,45,2
186191,40,9,31,2
186192,52,7,45,2
186193,55,4,51,2
186194,70,10,60,2
186195,38,5,33,2
186196,54,6,48,2
186197,55,9,46,2
186198,56,6,50,2
186199,65,14,51,2
186200,54,4,50,2
186201,61,8,53,2
186202,57,8,49,2
186203,43,5,38,2
186204,63,3,60,2
186205,60,4,56,2
186206,51,8,43,2
186207,47,4,43,2
186208,60,7,53,2
186209,57,11,46,2
186210,48,6,42,2
186211,56,6,50,2
186212,49,3,46,2
186213,54,3,51,2
186214,52,5,47,2
186215,64,7,57,2
186216,50,4,46,2
186217,62,7,55,2
186218,56,4,52,2
186219,52,6,46,2
186220,49,6,43,2
186221,69,11,58,2
186222,60,8,52,2
186223,56,5,51,2
186224,41,4,37,2
186225,51,6,45,2
186226,56,9,47,2
186227,65,10,55,2
186228,56,6,50,2
186229,60,9,51,2
186230,65,5,60,2
186231,50,6,44,2
186232,50,9,41,2
186233,64,6,58,2
186234,53,7,46,2
186235,61,8,53,2
186236,46,5,41,2
186237,61,10,51,2
186238,59,9,50,2
186239,70,12,58,2
186240,53,3,50,2
186241,41,4,37,2
186242,45,5,40,2
186243,48,7,41,2
186244,53,3,50,2
186245,55,6,49,2
186246,47,9,38,2
186247,62,7,55,2
186248,52,9,43,2
186249,53,4,49,2
186250,56,7,49,2
186251,52,6,46,2
186252,68,7,61,2
186253,41,4,37,2
186254,53,6,47,2
186255,61,6,55,2
186256,40,5,35,2
186257,49,7,42,2
186258,66,7,59,2
186259,52,5,47,2
186260,52,5,47,2
186261,40,4,36,2
186262,50,9,41,2
186263,56,13,43,2
186264,51,6,45,2
186265,50,4,46,2
186266,54,7,47,2
186267,47,3,44,2
186268,55,12,43,2
186269,42,7,35,2
186270,50,12,38,2
186271,50,8,42,2
186272,56,7,49,2
186273,59,6,53,2
186274,56,7,49,2
186275,46,6,40,2
186276,46,7,39,2
186277,50,7,43,2
186278,54,3,51,2
186279,44,5,39,2
186280,53,7,46,2
186281,65,10,55,2
186282,47,6,41,2
186283,58,4,54,2
186284,54,5,49,2
186285,65,4,61,2
186286,57,8,49,2
186287,56,11,45,2
186288,70,6,64,2
186289,51,5,46,2
186290,62,9,53,2
186291,59,5,54,2
186292,54,5,49,2
186293,61,10,51,2
186294,39,3,36,2
186295,51,6,45,2
186296,55,7,48,2
186297,51,4,47,2
186298,55,9,46,2
186299,50,6,44,2
186300,55,7,48,2
186301,52,8,44,2
186302,52,9,43,2
186303,49,5,44,2
186304,55,7,48,2
186305,53,6,47,2
186306,55,3,52,2
186307,57,8,49,2
186308,50,8,42,2
186309,63,3,60,2
186310,52,6,46,2
186311,63,6,57,2
186312,55,8,47,2
186313,66,10,56,2
186314,54,4,50,2
186315,61,10,51,2
186316,50,8,42,2
186317,52,6,46,2
186318,48,5,43,2
186319,54,6,48,2
186320,50,7,43,2
186321,48,5,43,2
186322,46,4,42,2
186323,59,7,52,2
186324,48,5,43,2
186325,47,10,37,2
186326,60,6,54,2
186327,58,4,54,2
186328,48,5,43,2
186329,59,3,56,2
186330,50,5,45,2
186331,53,8,45,2
186332,61,7,54,2
186333,31,1,30,2
186334,52,4,48,2
186335,51,5,46,2
186336,61,12,49,2
186337,43,2,41,2
186338,49,5,44,2
186339,63,9,54,2
186340,57,7,50,2
186341,66,7,59,2
186342,55,14,41,2
186343,50,3,47,2
186344,55,7,48,2
186345,59,8,51,2
186346,65,4,61,2
186347,58,6,52,2
186348,60,3,57,2
186349,53,7,46,2
186350,56,11,45,2
186351,54,8,46,2
186352,60,14,46,2
186353,52,3,49,2
186354,64,7,57,2
186355,56,8,48,2
186356,50,9,41,2
186357,54,5,49,2
186358,53,5,48,2
186359,46,4,42,2
186360,66,8,58,2
186361,64,9,55,2
186362,66,9,57,2
186363,56,8,48,2
186364,54,3,51,2
186365,52,6,46,2
186366,62,7,55,2
186367,47,3,44,2
186368,48,10,38,2
186369,38,7,31,2
186370,48,3,45,2
186371,64,10,54,2
186372,44,6,38,2
186373,65,4,61,2
186374,65,11,54,2
186375,55,5,50,2
186376,57,9,48,2
186377,62,12,50,2
186378,62,4,58,2
186379,39,7,32,2
186380,41,2,39,2
186381,62,8,54,2
186382,53,11,42,2
186383,49,4,45,2
186384,48,3,45,2
186385,49,7,42,2
186386,52,9,43,2
186387,46,5,41,2
186388,50,8,42,2
186389,35,3,32,2
186390,56,5,51,2
186391,51,11,40,2
186392,63,11,52,2
186393,66,6,60,2
186394,61,8,53,2
186395,66,8,58,2
186396,49,11,38,2
186397,54,7,47,2
186398,65,13,52,2
186399,62,9,53,2
186400,46,7,39,2
186401,51,7,44,2
186402,55,5,50,2
186403,46,5,41,2
186404,66,11,55,2
186405,51,4,47,2
186406,52,6,46,2
186407,56,8,48,2
186408,47,4,43,2
186409,57,8,49,2
186410,72,3,69,2
186411,46,7,39,2
186412,54,5,49,2
186413,62,8,54,2
186414,57,4,53,2
186415,45,4,41,2
186416,49,5,44,2
186417,54,5,49,2
186418,61,6,55,2
186419,38,3,35,2
186420,52,5,47,2
186421,53,9,44,2
186422,58,2,56,2
186423,58,10,48,2
186424,67,10,57,2
186425,70,8,62,2
186426,49,3,46,2
186427,58,3,55,2
186428,56,3,53,2
186429,55,7,48,2
186430,53,6,47,2
186431,54,5,49,2
186432,41,4,37,2
186433,48,8,40,2
186434,57,9,48,2
186435,51,8,43,2
186436,65,5,60,2
186437,50,5,45,2
186438,57,10,47,2
186439,54,11,43,2
186440,42,5,37,2
186441,51,3,48,2
186442,57,3,54,2
186443,56,6,50,2
186444,42,4,38,2
186445,54,3,51,2
186446,61,7,54,2
186447,56,7,49,2
186448,55,9,46,2
186449,63,10,53,2
186450,62,8,54,2
186451,54,3,51,2
186452,56,4,52,2
186453,53,5,48,2
186454,52,6,46,2
186455,56,9,47,2
186456,62,6,56,2
186457,61,8,53,2
186458,44,6,38,2
186459,58,6,52,2
186460,55,4,51,2
186461,69,11,58,2
186462,52,7,45,2
186463,52,7,45,2
186464,60,6,54,2
186465,56,5,51,2
186466,62,7,55,2
186467,61,7,54,2
186468,38,3,35,2
186469,35,3,32,2
186470,56,9,47,2
186471,61,3,58,2
186472,57,4,53,2
186473,57,7,50,2
186474,45,4,41,2
186475,59,9,50,2
186476,46,4,42,2
186477,54,7,47,2
186478,63,6,57,2
186479,58,5,53,2
186480,66,5,61,2
186481,53,7,46,2
186482,56,8,48,2
186483,65,9,56,2
186484,57,6,51,2
186485,59,12,47,2
186486,50,7,43,2
186487,58,6,52,2
186488,48,4,44,2
186489,48,6,42,2
186490,64,10,54,2
186491,62,4,58,2
186492,46,2,44,2
186493,53,8,45,2
186494,59,5,54,2
186495,61,6,55,2
186496,70,8,62,2
186497,59,14,45,2
186498,57,9,48,2
186499,59,8,51,2
186500,51,9,42,2
186501,42,2,40,2
186502,53,6,47,2
186503,63,8,55,2
186504,53,2,51,2
186505,75,11,64,2
186506,62,3,59,2
186507,44,2,42,2
186508,69,6,63,2
186509,46,8,38,2
186510,57,5,52,2
186511,47,6,41,2
186512,46,7,39,2
186513,56,9,47,2
186514,46,4,42,2
186515,42,7,35,2
186516,42,6,36,2
186517,48,3,45,2
186518,47,5,42,2
186519,64,4,60,2
186520,56,4,52,2
186521,56,8,48,2
186522,52,6,46,2
186523,62,5,57,2
186524,64,7,57,2
186525,56,7,49,2
186526,52,10,42,2
186527,52,5,47,2
186528,57,7,50,2
186529,50,9,41,2
186530,50,8,42,2
186531,48,2,46,2
186532,61,6,55,2
186533,71,11,60,2
186534,66,9,57,2
186535,66,9,57,2
186536,62,10,52,2
186537,42,6,36,2
186538,64,6,58,2
186539,58,5,53,2
186540,62,6,56,2
186541,52,3,49,2
186542,60,6,54,2
186543,46,8,38,2
186544,56,8,48,2
186545,41,2,39,2
186546,66,8,58,2
186547,48,7,41,2
186548,57,2,55,2
186549,58,7,51,2
186550,59,9,50,2
186551,52,5,47,2
186552,48,6,42,2
186553,61,6,55,2
186554,42,5,37,2
186555,60,7,53,2
186556,45,5,40,2
186557,52,7,45,2
186558,65,5,60,2
186559,53,7,46,2
186560,65,5,60,2
186561,56,5,51,2
186562,48,5,43,2
186563,64,6,58,2
186564,60,6,54,2
186565,42,0,42,1
186566,57,6,51,2
186567,69,8,61,2
186568,64,8,56,2
186569,61,9,52,2
186570,58,4,54,2
186571,67,11,56,2
186572,56,6,50,2
186573,46,6,40,2
186574,48,5,43,2
186575,55,7,48,2
186576,58,6,52,2
186577,57,9,48,2
186578,47,4,43,2
186579,50,7,43,2
186580,50,4,46,2
186581,45,4,41,2
186582,62,5,57,2
186583,45,7,38,2
186584,61,6,55,2
186585,47,7,40,2
186586,43,3,40,2
186587,48,8,40,2
186588,57,4,53,2
186589,52,8,44,2
186590,58,12,46,2
186591,68,3,65,2
186592,44,8,36,2
186593,62,8,54,2
186594,51,7,44,2
186595,53,3,50,2
186596,55,10,45,2
186597,62,6,56,2
186598,51,5,46,2
186599,47,7,40,2
186600,49,7,42,2
186601,52,2,50,2
186602,62,6,56,2
186603,49,4,45,2
186604,54,3,51,2
186605,44,6,38,2
186606,60,10,50,2
186607,66,8,58,2
186608,59,10,49,2
186609,50,4,46,2
186610,60,7,53,2
186611,41,1,40,2
186612,54,6,48,2
186613,55,4,51,2
186614,58,10,48,2
186615,58,3,55,2
186616,54,4,50,2
186617,55,6,49,2
186618,63,5,58,2
186619,64,10,54,2
186620,39,4,35,2
186621,54,4,50,2
186622,56,4,52,2
186623,65,6,59,2
186624,46,7,39,2
186625,45,3,42,2
186626,49,3,46,2
186627,48,6,42,2
186628,60,5,55,2
186629,62,8,54,2
186630,44,3,41,2
186631,56,10,46,2
186632,61,7,54,2
186633,59,7,52,2
186634,41,6,35,2
186635,51,4,47,2
186636,61,4,57,2
186637,54,9,45,2
186638,59,9,50,2
186639,52,1,51,2
186640,57,3,54,2
186641,55,6,49,2
186642,67,10,57,2
186643,48,4,44,2
186644,43,7,36,2
186645,55,7,48,2
186646,56,11,45,2
186647,59,6,53,2
186648,59,8,51,2
186649,53,7,46,2
186650,43,1,42,2
186651,51,8,43,2
186652,56,4,52,2
186653,47,7,40,2
186654,50,3,47,2
186655,49,5,44,2
186656,68,10,58,2
186657,52,3,49,2
186658,49,4,45,2
186659,45,8,37,2
186660,43,8,35,2
186661,68,11,57,2
186662,55,5,50,2
186663,43,3,40,2
186664,64,13,51,2
186665,56,1,55,2
186666,59,7,52,2
186667,50,5,45,2
186668,58,5,53,2
186669,62,4,58,2
186670,63,8,55,2
186671,35,3,32,2
186672,52,5,47,2
186673,56,11,45,2
186674,54,5,49,2
186675,50,3,47,2
186676,54,6,48,2
186677,53,7,46,2
186678,35,6,29,2
186679,67,9,58,2
186680,60,4,56,2
186681,55,7,48,2
186682,47,7,40,2
186683,40,4,36,2
186684,44,3,41,2
186685,58,5,53,2
186686,57,7,50,2
186687,54,3,51,2
186688,59,10,49,2
186689,51,6,45,2
186690,55,5,50,2
186691,63,12,51,2
186692,59,4,55,2
186693,53,6,47,2
186694,61,4,57,2
186695,50,4,46,2
186696,62,7,55,2
186697,68,8,60,2
186698,60,9,51,2
186699,48,9,39,2
186700,48,11,37,2
186701,60,7,53,2
186702,52,5,47,2
186703,67,10,57,2
186704,56,5,51,2
186705,53,11,42,2
186706,38,4,34,2
186707,63,10,53,2
186708,50,11,39,2
186709,41,5,36,2
186710,65,9,56,2
186711,55,8,47,2
186712,50,6,44,2
186713,70,10,60,2
186714,54,4,50,2
186715,67,12,55,2
186716,59,4,55,2
186717,65,7,58,2
186718,43,8,35,2
186719,50,7,43,2
186720,50,9,41,2
186721,29,3,26,2
186722,56,3,53,2
186723,60,5,55,2
186724,42,10,32,2
186725,50,11,39,2
186726,59,8,51,2
186727,47,6,41,2
186728,65,7,58,2
186729,39,5,34,2
186730,58,9,49,2
186731,64,8,56,2
186732,47,8,39,2
186733,47,7,40,2
186734,50,6,44,2
186735,48,6,42,2
186736,58,6,52,2
186737,55,8,47,2
186738,63,8,55,2
186739,52,12,40,2
186740,57,4,53,2
186741,49,10,39,2
186742,53,4,49,2
186743,52,5,47,2
186744,66,11,55,2
186745,52,7,45,2
186746,47,7,40,2
186747,55,4,51,2
186748,66,7,59,2
186749,62,6,56,2
186750,54,4,50,2
186751,60,3,57,2
186752,57,9,48,2
186753,50,1,49,2
186754,57,9,48,2
186755,51,10,41,2
186756,59,6,53,2
186757,48,7,41,2
186758,54,7,47,2
186759,48,3,45,2
186760,43,9,34,2
186761,67,6,61,2
186762,59,7,52,2
186763,56,6,50,2
186764,57,7,50,2
186765,48,5,43,2
186766,57,9,48,2
186767,51,6,45,2
186768,61,6,55,2
186769,61,8,53,2
186770,52,6,46,2
186771,55,9,46,2
186772,48,5,43,2
186773,53,1,52,2
186774,46,5,41,2
186775,73,7,66,2
186776,45,6,39,2
186777,45,6,39,2
186778,51,4,47,2
186779,48,5,43,2
186780,50,5,45,2
186781,43,4,39,2
186782,61,11,50,2
186783,56,4,52,2
186784,37,3,34,2
186785,54,5,49,2
186786,50,2,48,2
186787,47,5,42,2
186788,41,6,35,2
186789,53,9,44,2
186790,61,7,54,2
186791,47,4,43,2
186792,50,6,44,2
186793,59,8,51,2
186794,47,11,36,2
186795,60,5,55,2
186796,49,2,47,2
186797,54,8,46,2
186798,57,3,54,2
186799,46,2,44,2
186800,53,7,46,2
186801,57,8,49,2
186802,61,6,55,2
186803,40,3,37,2
186804,48,3,45,2
186805,58,4,54,2
186806,50,6,44,2
186807,43,4,39,2
186808,54,8,46,2
186809,58,2,56,2
186810,46,5,41,2
186811,48,2,46,2
186812,56,9,47,2
186813,51,8,43,2
186814,41,7,34,2
186815,62,9,53,2
186816,54,10,44,2
186817,56,8,48,2
186818,53,4,49,2
186819,45,6,39,2
186820,53,9,44,2
186821,54,11,43,2
186822,63,6,57,2
186823,57,2,55,2
186824,42,3,39,2
186825,45,9,36,2
186826,47,6,41,2
186827,52,8,44,2
186828,50,6,44,2
186829,55,6,49,2
186830,59,7,52,2
186831,55,10,45,2
186832,66,9,57,2
186833,53,8,45,2
186834,51,2,49,2
186835,55,5,50,2
186836,58,5,53,2
186837,54,7,47,2
186838,36,5,31,2
186839,45,3,42,2
186840,57,6,51,2
186841,55,12,43,2
186842,56,8,48,2
186843,54,6,48,2
186844,49,7,42,2
186845,52,3,49,2
186846,67,5,62,2
186847,55,8,47,2
186848,40,4,36,2
186849,46,8,38,2
186850,73,9,64,2
186851,49,7,42,2
186852,48,4,44,2
186853,55,7,48,2
186854,51,6,45,2
186855,64,8,56,2
186856,76,8,68,2
186857,65,10,55,2
186858,43,9,34,2
186859,39,4,35,2
186860,59,4,55,2
186861,46,2,44,2
186862,57,4,53,2
186863,64,11,53,2
186864,53,7,46,2
186865,62,5,57,2
186866,62,7,55,2
186867,49,11,38,2
186868,55,10,45,2
186869,53,4,49,2
186870,73,11,62,2
186871,71,4,67,2
186872,64,8,56,2
186873,39,6,33,2
186874,55,7,48,2
186875,63,11,52,2
186876,62,5,57,2
186877,57,10,47,2
186878,51,9,42,2
186879,38,3,35,2
186880,42,8,34,2
186881,48,8,40,2
186882,55,5,50,2
186883,60,12,48,2
186884,57,11,46,2
186885,48,3,45,2
186886,54,7,47,2
186887,55,8,47,2
186888,50,5,45,2
186889,53,7,46,2
186890,62,10,52,2
186891,52,2,50,2
186892,65,10,55,2
186893,46,2,44,2
186894,65,4,61,2
186895,63,9,54,2
186896,66,5,61,2
186897,61,5,56,2
186898,59,9,50,2
186899,52,8,44,2
186900,71,9,62,2
186901,41,4,37,2
186902,53,8,45,2
186903,53,6,47,2
186904,40,6,34,2
186905,52,4,48,2
186906,60,6,54,2
186907,53,9,44,2
186908,48,6,42,2
186909,49,4,45,2
186910,49,7,42,2
186911,50,8,42,2
186912,55,6,49,2
186913,44,5,39,2
186914,48,8,40,2
186915,51,10,41,2
186916,65,8,57,2
186917,44,7,37,2
186918,43,6,37,2
186919,51,4,47,2
186920,61,5,56,2
186921,58,6,52,2
186922,50,6,44,2
186923,47,10,37,2
186924,57,8,49,2
186925,60,6,54,2
186926,60,10,50,2
186927,47,2,45,2
186928,54,4,50,2
186929,53,9,44,2
186930,55,8,47,2
186931,42,5,37,2
186932,46,6,40,2
186933,52,9,43,2
186934,66,2,64,2
186935,61,7,54,2
186936,55,8,47,2
186937,54,5,49,2
186938,64,5,59,2
186939,69,11,58,2
186940,43,5,38,2
186941,58,4,54,2
186942,48,4,44,2
186943,54,6,48,2
186944,58,6,52,2
186945,41,8,33,2
186946,52,4,48,2
186947,47,5,42,2
186948,59,6,53,2
186949,49,6,43,2
186950,59,9,50,2
186951,45,4,41,2
186952,50,7,43,2
186953,48,3,45,2
186954,56,7,49,2
186955,61,6,55,2
186956,52,4,48,2
186957,50,7,43,2
186958,52,4,48,2
186959,52,9,43,2
186960,47,6,41,2
186961,40,2,38,2
186962,54,5,49,2
186963,51,3,48,2
186964,52,6,46,2
186965,57,10,47,2
186966,56,8,48,2
186967,69,6,63,2
186968,47,3,44,2
186969,42,6,36,2
186970,52,7,45,2
186971,55,7,48,2
186972,66,11,55,2
186973,64,8,56,2
186974,53,5,48,2
186975,56,7,49,2
186976,58,6,52,2
186977,54,6,48,2
186978,48,5,43,2
186979,47,2,45,2
186980,60,7,53,2
186981,67,9,58,2
186982,59,8,51,2
186983,59,8,51,2
186984,51,1,50,2
186985,47,12,35,2
186986,56,5,51,2
186987,55,8,47,2
186988,43,7,36,2
186989,61,5,56,2
186990,53,4,49,2
186991,55,7,48,2
186992,43,4,39,2
186993,51,1,50,2
186994,45,2,43,2
186995,57,5,52,2
186996,54,5,49,2
186997,43,6,37,2
186998,58,9,49,2
186999,52,4,48,2
187000,43,8,35,2
187001,62,6,56,2
187002,46,4,42,2
187003,58,7,51,2
187004,55,6,49,2
187005,65,10,55,2
187006,55,6,49,2
187007,53,8,45,2
187008,52,5,47,2
187009,60,9,51,2
187010,63,4,59,2
187011,59,8,51,2
187012,59,8,51,2
187013,51,3,48,2
187014,46,4,42,2
187015,49,8,41,2
187016,38,4,34,2
187017,62,5,57,2
187018,57,6,51,2
187019,67,9,58,2
187020,55,9,46,2
187021,50,7,43,2
187022,52,4,48,2
187023,64,8,56,2
187024,50,11,39,2
187025,52,7,45,2
187026,55,4,51,2
187027,51,6,45,2
187028,56,8,48,2
187029,60,5,55,2
187030,63,3,60,2
187031,57,7,50,2
187032,55,4,51,2
187033,61,6,55,2
187034,50,6,44,2
187035,43,2,41,2
187036,63,9,54,2
187037,55,8,47,2
187038,47,8,39,2
187039,59,11,48,2
187040,60,8,52,2
187041,47,11,36,2
187042,54,7,47,2
187043,46,6,40,2
187044,62,12,50,2
187045,42,4,38,2
187046,42,3,39,2
187047,56,5,51,2
187048,75,9,66,2
187049,50,6,44,2
187050,52,8,44,2
187051,51,4,47,2
187052,63,6,57,2
187053,43,3,40,2
187054,56,9,47,2
187055,56,6,50,2
187056,62,7,55,2
187057,55,5,50,2
187058,54,7,47,2
187059,51,6,45,2
187060,59,7,52,2
187061,56,6,50,2
187062,64,5,59,2
187063,54,9,45,2
187064,58,9,49,2
187065,57,8,49,2
187066,50,6,44,2
187067,66,18,48,2
187068,68,5,63,2
187069,53,7,46,2
187070,68,7,61,2
187071,51,2,49,2
187072,64,7,57,2
187073,51,10,41,2
187074,54,6,48,2
187075,58,10,48,2
187076,65,2,63,2
187077,46,6,40,2
187078,65,5,60,2
187079,56,7,49,2
187080,50,8,42,2
187081,52,9,43,2
187082,55,2,53,2
187083,62,6,56,2
187084,54,8,46,2
187085,43,8,35,2
187086,45,5,40,2
187087,57,9,48,2
187088,48,6,42,2
187089,56,6,50,2
187090,53,3,50,2
187091,60,7,53,2
187092,41,1,40,2
187093,55,5,50,2
187094,46,9,37,2
187095,63,10,53,2
187096,47,6,41,2
187097,58,7,51,2
187098,59,8,51,2
187099,40,3,37,2
187100,54,9,45,2
187101,51,5,46,2
187102,64,9,55,2
187103,54,3,51,2
187104,47,6,41,2
187105,60,8,52,2
187106,53,7,46,2
187107,49,4,45,2
187108,47,3,44,2
187109,44,4,40,2
187110,53,8,45,2
187111,67,6,61,2
187112,49,10,39,2
187113,59,8,51,2
187114,49,4,45,2
187115,47,3,44,2
187116,53,5,48,2
187117,59,9,50,2
187118,53,4,49,2
187119,63,3,60,2
187120,52,9,43,2
187121,66,8,58,2
187122,65,9,56,2
187123,57,7,50,2
187124,63,6,57,2
187125,50,7,43,2
187126,62,8,54,2
187127,54,4,50,2
187128,59,5,54,2
187129,63,7,56,2
187130,55,5,50,2
187131,62,7,55,2
187132,57,4,53,2
187133,65,6,59,2
187134,50,9,41,2
187135,56,6,50,2
187136,61,5,56,2
187137,64,5,59,2
187138,47,8,39,2
187139,55,6,49,2
187140,62,6,56,2
187141,52,7,45,2
187142,53,12,41,2
187143,58,11,47,2
187144,48,5,43,2
187145,42,5,37,2
187146,57,2,55,2
187147,51,9,42,2
187148,52,5,47,2
187149,76,9,67,2
187150,56,4,52,2
187151,62,9,53,2
187152,62,10,52,2
187153,50,4,46,2
187154,57,7,50,2
187155,53,3,50,2
187156,50,4,46,2
187157,58,5,53,2
187158,54,5,49,2
187159,73,8,65,2
187160,64,9,55,2
187161,53,6,47,2
187162,52,6,46,2
187163,61,8,53,2
187164,52,8,44,2
187165,60,7,53,2
187166,55,4,51,2
187167,55,5,50,2
187168,42,4,38,2
187169,46,3,43,2
187170,52,6,46,2
187171,54,4,50,2
187172,56,10,46,2
187173,67,13,54,2
187174,56,7,49,2
187175,63,7,56,2
187176,65,6,59,2
187177,54,1,53,2
187178,62,9,53,2
187179,54,8,46,2
187180,56,5,51,2
187181,58,7,51,2
187182,56,8,48,2
187183,40,6,34,2
187184,47,2,45,2
187185,56,11,45,2
187186,55,4,51,2
187187,41,5,36,2
187188,41,4,37,2
187189,55,9,46,2
187190,62,4,58,2
187191,49,5,44,2
187192,60,3,57,2
187193,62,9,53,2
187194,61,8,53,2
187195,45,8,37,2
187196,66,8,58,2
187197,58,13,45,2
187198,43,4,39,2
187199,47,5,42,2
187200,49,4,45,2
187201,53,10,43,2
187202,62,10,52,2
187203,60,8,52,2
187204,40,5,35,2
187205,50,6,44,2
187206,41,5,36,2
187207,51,3,48,2
187208,42,6,36,2
187209,60,5,55,2
187210,53,7,46,2
187211,56,8,48,2
187212,54,7,47,2
187213,56,6,50,2
187214,50,4,46,2
187215,44,6,38,2
187216,57,6,51,2
187217,45,5,40,2
187218,63,10,53,2
187219,59,6,53,2
187220,58,8,50,2
187221,58,9,49,2
187222,61,8,53,2
187223,49,6,43,2
187224,52,6,46,2
187225,53,10,43,2
187226,67,5,62,2
187227,62,8,54,2
187228,50,6,44,2
187229,42,6,36,2
187230,53,6,47,2
187231,57,7,50,2
187232,62,11,51,2
187233,52,4,48,2
187234,46,5,41,2
187235,53,4,49,2
187236,58,7,51,2
187237,59,9,50,2
187238,49,7,42,2
187239,48,7,41,2
187240,55,5,50,2
187241,52,9,43,2
187242,54,9,45,2
187243,39,6,33,2
187244,58,5,53,2
187245,61,6,55,2
187246,52,6,46,2
187247,47,3,44,2
187248,59,7,52,2
187249,42,2,40,2
187250,52,7,45,2
187251,46,4,42,2
187252,53,7,46,2
187253,54,9,45,2
187254,56,8,48,2
187255,37,1,36,2
187256,55,5,50,2
187257,44,4,40,2
187258,59,5,54,2
187259,47,9,38,2
187260,56,6,50,2
187261,58,5,53,2
187262,69,10,59,2
187263,57,9,48,2
187264,60,8,52,2
187265,52,8,44,2
187266,66,7,59,2
187267,56,7,49,2
187268,53,6,47,2
187269,53,10,43,2
187270,66,8,58,2
187271,52,6,46,2
187272,61,14,47,2
187273,52,4,48,2
187274,55,4,51,2
187275,65,8,57,2
187276,69,7,62,2
187277,61,10,51,2
187278,50,6,44,2
187279,61,6,55,2
187280,54,7,47,2
187281,65,14,51,2
187282,59,7,52,2
187283,50,7,43,2
187284,45,3,42,2
187285,35,3,32,2
187286,54,5,49,2
187287,48,6,42,2
187288,45,5,40,2
187289,55,8,47,2
187290,45,6,39,2
187291,47,3,44,2
187292,49,7,42,2
187293,64,8,56,2
187294,52,7,45,2
187295,58,1,57,2
187296,50,6,44,2
187297,42,7,35,2
187298,42,8,34,2
187299,56,9,47,2
187300,49,6,43,2
187301,51,10,41,2
187302,50,8,42,2
187303,66,7,59,2
187304,53,7,46,2
187305,56,6,50,2
187306,58,5,53,2
187307,52,7,45,2
187308,58,9,49,2
187309,48,5,43,2
187310,68,5,63,2
187311,51,8,43,2
187312,49,3,46,2
187313,56,7,49,2
187314,49,5,44,2
187315,53,9,44,2
187316,57,3,54,2
187317,47,5,42,2
187318,38,2,36,2
187319,62,5,57,2
187320,59,8,51,2
187321,57,6,51,2
187322,65,9,56,2
187323,53,10,43,2
187324,63,9,54,2
187325,52,5,47,2
187326,56,9,47,2
187327,54,3,51,2
187328,58,7,51,2
187329,56,6,50,2
187330,58,7,51,2
187331,60,10,50,2
187332,57,4,53,2
187333,59,5,54,2
187334,50,6,44,2
187335,52,8,44,2
187336,54,6,48,2
187337,45,6,39,2
187338,76,10,66,2
187339,49,8,41,2
187340,48,8,40,2
187341,44,0,44,1
187342,63,10,53,2
187343,54,6,48,2
187344,48,6,42,2
187345,69,10,59,2
187346,44,6,38,2
187347,55,3,52,2
187348,51,8,43,2
187349,69,7,62,2
187350,50,5,45,2
187351,64,8,56,2
187352,62,5,57,2
187353,58,11,47,2
187354,59,4,55,2
187355,48,7,41,2
187356,54,8,46,2
187357,49,8,41,2
187358,53,4,49,2
187359,57,5,52,2
187360,52,4,48,2
187361,62,7,55,2
187362,55,9,46,2
187363,65,9,56,2
187364,57,10,47,2
187365,45,1,44,2
187366,64,4,60,2
187367,65,11,54,2
187368,50,5,45,2
187369,66,14,52,2
187370,60,10,50,2
187371,61,12,49,2
187372,50,3,47,2
187373,47,9,38,2
187374,59,9,50,2
187375,62,6,56,2
187376,41,4,37,2
187377,57,5,52,2
187378,67,4,63,2
187379,48,5,43,2
187380,59,5,54,2
187381,53,4,49,2
187382,56,2,54,2
187383,59,10,49,2
187384,44,5,39,2
187385,54,7,47,2
187386,58,4,54,2
187387,52,3,49,2
187388,47,8,39,2
187389,66,11,55,2
187390,46,6,40,2
187391,67,6,61,2
187392,53,6,47,2
187393,55,8,47,2
187394,55,4,51,2
187395,45,1,44,2
187396,61,4,57,2
187397,41,5,36,2
187398,56,8,48,2
187399,53,9,44,2
187400,32,3,29,2
187401,62,8,54,2
187402,55,4,51,2
187403,57,9,48,2
187404,64,4,60,2
187405,58,5,53,2
187406,57,5,52,2
187407,47,7,40,2
187408,49,4,45,2
187409,61,6,55,2
187410,42,3,39,2
187411,55,3,52,2
187412,56,5,51,2
187413,55,5,50,2
187414,59,6,53,2
187415,42,5,37,2
187416,50,4,46,2
187417,52,8,44,2
187418,52,9,43,2
187419,56,5,51,2
187420,63,4,59,2
187421,59,8,51,2
187422,67,6,61,2
187423,63,5,58,2
187424,44,4,40,2
187425,49,2,47,2
187426,64,12,52,2
187427,54,10,44,2
187428,53,10,43,2
187429,60,4,56,2
187430,45,7,38,2
187431,54,4,50,2
187432,56,5,51,2
187433,39,5,34,2
187434,50,1,49,2
187435,55,5,50,2
187436,49,10,39,2
187437,56,3,53,2
187438,54,6,48,2
187439,45,3,42,2
187440,61,15,46,2
187441,50,7,43,2
187442,52,5,47,2
187443,54,4,50,2
187444,54,5,49,2
187445,60,7,53,2
187446,52,8,44,2
187447,53,7,46,2
187448,41,3,38,2
187449,59,6,53,2
187450,52,12,40,2
187451,46,5,41,2
187452,52,7,45,2
187453,50,6,44,2
187454,55,7,48,2
187455,60,5,55,2
187456,63,9,54,2
187457,50,6,44,2
187458,66,6,60,2
187459,61,5,56,2
187460,59,7,52,2
187461,45,6,39,2
187462,51,4,47,2
187463,53,5,48,2
187464,71,5,66,2
187465,50,4,46,2
187466,57,10,47,2
187467,49,4,45,2
187468,66,4,62,2
187469,45,2,43,2
187470,59,9,50,2
187471,55,6,49,2
187472,53,8,45,2
187473,49,4,45,2
187474,63,11,52,2
187475,43,3,40,2
187476,64,11,53,2
187477,53,5,48,2
187478,64,8,56,2
187479,55,4,51,2
187480,56,3,53,2
187481,57,4,53,2
187482,50,3,47,2
187483,48,5,43,2
187484,65,4,61,2
187485,45,3,42,2
187486,48,10,38,2
187487,58,7,51,2
187488,45,8,37,2
187489,53,3,50,2
187490,42,2,40,2
187491,43,7,36,2
187492,62,3,59,2
187493,61,6,55,2
187494,59,4,55,2
187495,59,10,49,2
187496,56,9,47,2
187497,57,10,47,2
187498,46,5,41,2
187499,53,11,42,2
187500,56,6,50,2
187501,58,5,53,2
187502,42,4,38,2
187503,52,6,46,2
187504,67,12,55,2
187505,61,4,57,2
187506,54,9,45,2
187507,48,6,42,2
187508,59,5,54,2
187509,50,5,45,2
187510,66,7,59,2
187511,40,7,33,2
187512,52,8,44,2
187513,59,8,51,2
187514,58,7,51,2
187515,59,6,53,2
187516,54,6,48,2
187517,56,9,47,2
187518,42,5,37,2
187519,52,5,47,2
187520,56,4,52,2
187521,61,5,56,2
187522,64,9,55,2
187523,55,8,47,2
187524,64,15,49,2
187525,70,11,59,2
187526,52,7,45,2
187527,58,12,46,2
187528,68,11,57,2
187529,45,9,36,2
187530,61,9,52,2
187531,51,6,45,2
187532,52,5,47,2
187533,48,6,42,2
187534,45,4,41,2
187535,46,3,43,2
187536,54,9,45,2
187537,59,6,53,2
187538,60,6,54,2
187539,59,9,50,2
187540,44,4,40,2
187541,54,6,48,2
187542,53,4,49,2
187543,55,10,45,2
187544,52,7,45,2
187545,56,6,50,2
187546,71,6,65,2
187547,53,7,46,2
187548,49,6,43,2
187549,61,6,55,2
187550,53,6,47,2
187551,65,5,60,2
187552,55,4,51,2
187553,53,5,48,2
187554,49,6,43,2
187555,59,9,50,2
187556,49,6,43,2
187557,53,9,44,2
187558,60,9,51,2
187559,59,10,49,2
187560,57,6,51,2
187561,51,5,46,2
187562,50,4,46,2
187563,62,9,53,2
187564,52,3,49,2
187565,42,8,34,2
187566,56,10,46,2
187567,57,8,49,2
187568,66,9,57,2
187569,49,5,44,2
187570,55,7,48,2
187571,50,8,42,2
187572,53,7,46,2
187573,56,6,50,2
187574,59,10,49,2
187575,52,6,46,2
187576,44,4,40,2
187577,57,4,53,2
187578,52,2,50,2
187579,59,3,56,2
187580,46,3,43,2
187581,54,8,46,2
187582,67,9,58,2
187583,56,6,50,2
187584,48,8,40,2
187585,63,6,57,2
187586,58,10,48,2
187587,56,9,47,2
187588,55,6,49,2
187589,57,8,49,2
187590,51,6,45,2
187591,48,5,43,2
187592,63,9,54,2
187593,55,8,47,2
187594,57,10,47,2
187595,50,5,45,2
187596,50,5,45,2
187597,65,9,56,2
187598,59,10,49,2
187599,63,5,58,2
187600,57,4,53,2
187601,53,9,44,2
187602,57,4,53,2
187603,52,6,46,2
187604,64,5,59,2
187605,40,5,35,2
187606,37,3,34,2
187607,52,9,43,2
187608,46,8,38,2
187609,53,5,48,2
187610,69,4,65,2
187611,48,4,44,2
187612,45,5,40,2
187613,42,4,38,2
187614,58,5,53,2
187615,56,9,47,2
187616,50,4,46,2
187617,51,5,46,2
187618,43,7,36,2
187619,59,5,54,2
187620,53,4,49,2
187621,56,5,51,2
187622,44,5,39,2
187623,58,3,55,2
187624,60,9,51,2
187625,50,6,44,2
187626,50,4,46,2
187627,48,11,37,2
187628,72,6,66,2
187629,42,1,41,2
187630,50,7,43,2
187631,69,11,58,2
187632,60,5,55,2
187633,41,3,38,2
187634,61,11,50,2
187635,58,7,51,2
187636,55,11,44,2
187637,52,5,47,2
187638,48,7,41,2
187639,44,9,35,2
187640,51,5,46,2
187641,54,6,48,2
187642,50,9,41,2
187643,53,6,47,2
187644,56,5,51,2
187645,51,8,43,2
187646,51,4,47,2
187647,61,4,57,2
187648,55,7,48,2
187649,52,13,39,2
187650,39,3,36,2
187651,56,8,48,2
187652,49,9,40,2
187653,41,4,37,2
187654,50,6,44,2
187655,51,5,46,2
187656,61,5,56,2
187657,59,6,53,2
187658,60,8,52,2
187659,61,12,49,2
187660,78,9,69,2
187661,45,6,39,2
187662,62,6,56,2
187663,48,8,40,2
187664,55,7,48,2
187665,49,3,46,2
187666,38,4,34,2
187667,54,13,41,2
187668,71,7,64,2
187669,56,5,51,2
187670,70,9,61,2
187671,60,8,52,2
187672,39,7,32,2
187673,58,6,52,2
187674,44,8,36,2
187675,42,5,37,2
187676,55,11,44,2
187677,51,8,43,2
187678,47,11,36,2
187679,54,8,46,2
187680,49,8,41,2
187681,65,5,60,2
187682,53,6,47,2
187683,44,4,40,2
187684,49,7,42,2
187685,51,10,41,2
187686,63,11,52,2
187687,53,8,45,2
187688,59,7,52,2
187689,47,1,46,2
187690,68,5,63,2
187691,56,11,45,2
187692,56,7,49,2
187693,50,5,45,2
187694,54,6,48,2
187695,51,3,48,2
187696,52,3,49,2
187697,49,2,47,2
187698,50,8,42,2
187699,50,8,42,2
187700,52,8,44,2
187701,53,3,50,2
187702,50,10,40,2
187703,47,2,45,2
187704,45,8,37,2
187705,60,8,52,2
187706,56,5,51,2
187707,44,4,40,2
187708,60,3,57,2
187709,50,3,47,2
187710,54,6,48,2
187711,58,1,57,2
187712,59,9,50,2
187713,40,6,34,2
187714,52,5,47,2
187715,56,6,50,2
187716,38,4,34,2
187717,38,6,32,2
187718,57,8,49,2
187719,65,11,54,2
187720,56,9,47,2
187721,54,5,49,2
187722,62,5,57,2
187723,59,10,49,2
187724,49,6,43,2
187725,62,10,52,2
187726,66,8,58,2
187727,49,4,45,2
187728,48,4,44,2
187729,56,10,46,2
187730,48,6,42,2
187731,56,9,47,2
187732,41,7,34,2
187733,59,5,54,2
187734,67,10,57,2
187735,63,15,48,2
187736,53,3,50,2
187737,38,4,34,2
187738,60,7,53,2
187739,44,3,41,2
187740,45,8,37,2
187741,50,9,41,2
187742,54,6,48,2
187743,54,6,48,2
187744,58,7,51,2
187745,45,4,41,2
187746,47,9,38,2
187747,53,5,48,2
187748,53,6,47,2
187749,64,5,59,2
187750,59,7,52,2
187751,54,7,47,2
187752,51,11,40,2
187753,57,7,50,2
187754,48,8,40,2
187755,60,10,50,2
187756,45,4,41,2
187757,51,3,48,2
187758,47,6,41,2
187759,50,4,46,2
187760,54,7,47,2
187761,60,1,59,2
187762,43,3,40,2
187763,56,8,48,2
187764,43,2,41,2
187765,54,6,48,2
187766,56,7,49,2
187767,53,4,49,2
187768,57,4,53,2
187769,56,6,50,2
187770,59,5,54,2
187771,52,6,46,2
187772,52,7,45,2
187773,66,10,56,2
187774,54,5,49,2
187775,48,6,42,2
187776,43,7,36,2
187777,56,5,51,2
187778,56,9,47,2
187779,56,5,51,2
187780,49,11,38,2
187781,38,7,31,2
187782,54,6,48,2
187783,60,11,49,2
187784,44,4,40,2
187785,51,6,45,2
187786,56,4,52,2
187787,46,5,41,2
187788,42,6,36,2
187789,41,3,38,2
187790,46,10,36,2
187791,52,4,48,2
187792,61,9,52,2
187793,76,10,66,2
187794,63,6,57,2
187795,52,5,47,2
187796,55,12,43,2
187797,46,2,44,2
187798,59,9,50,2
187799,58,10,48,2
187800,50,6,44,2
187801,55,7,48,2
187802,63,7,56,2
187803,46,8,38,2
187804,57,5,52,2
187805,57,8,49,2
187806,71,7,64,2
187807,54,9,45,2
187808,51,4,47,2
187809,57,11,46,2
187810,63,13,50,2
187811,55,6,49,2
187812,53,4,49,2
187813,50,8,42,2
187814,50,5,45,2
187815,42,4,38,2
187816,72,10,62,2
187817,60,7,53,2
187818,52,5,47,2
187819,60,5,55,2
187820,62,14,48,2
187821,52,2,50,2
187822,55,5,50,2
187823,53,7,46,2
187824,52,10,42,2
187826,56,10,46,2
187827,61,6,55,2
187828,54,2,52,2
187829,53,7,46,2
187830,61,2,59,2
187831,58,4,54,2
187832,64,10,54,2
187833,64,8,56,2
187834,67,7,60,2
187835,46,5,41,2
187836,51,5,46,2
187837,44,5,39,2
187838,57,5,52,2
187839,37,7,30,2
187840,58,7,51,2
187841,52,8,44,2
187842,48,6,42,2
187843,42,5,37,2
187844,57,4,53,2
187845,43,8,35,2
187846,56,9,47,2
187847,37,5,32,2
187848,58,7,51,2
187849,58,6,52,2
187850,39,1,38,2
187851,50,8,42,2
187852,50,4,46,2
187853,58,8,50,2
187854,52,11,41,2
187855,52,6,46,2
187856,57,11,46,2
187857,57,9,48,2
187858,51,7,44,2
187859,44,5,39,2
187860,52,3,49,2
187861,54,8,46,2
187862,58,6,52,2
187863,50,5,45,2
187864,57,10,47,2
187865,51,4,47,2
187866,58,7,51,2
187867,47,5,42,2
187868,53,9,44,2
187869,54,6,48,2
187870,56,14,42,2
187871,51,5,46,2
187872,47,4,43,2
187873,48,10,38,2
187874,41,5,36,2
187875,55,7,48,2
187876,56,10,46,2
187877,53,9,44,2
187878,65,9,56,2
187879,58,5,53,2
187880,54,5,49,2
187881,52,3,49,2
187882,53,10,43,2
187883,55,10,45,2
187884,59,4,55,2
187885,59,7,52,2
187886,52,10,42,2
187887,57,5,52,2
187888,47,6,41,2
187889,52,11,41,2
187890,66,10,56,2
187891,59,4,55,2
187892,53,2,51,2
187893,37,5,32,2
187894,57,9,48,2
187895,60,10,50,2
187896,40,7,33,2
187897,60,8,52,2
187898,63,11,52,2
187899,53,3,50,2
187900,61,8,53,2
187901,54,8,46,2
187902,52,4,48,2
187903,45,7,38,2
187904,50,4,46,2
187905,59,8,51,2
187906,57,1,56,2
187907,48,5,43,2
187908,57,2,55,2
187909,50,4,46,2
187910,54,7,47,2
187911,57,5,52,2
187912,53,1,52,2
187913,64,8,56,2
187914,56,8,48,2
187915,57,12,45,2
187916,50,3,47,2
187917,50,7,43,2
187918,65,12,53,2
187919,42,4,38,2
187920,48,7,41,2
187921,57,5,52,2
187922,50,8,42,2
187923,57,7,50,2
187924,54,12,42,2
187925,61,7,54,2
187926,55,6,49,2
187927,57,2,55,2
187928,58,9,49,2
187929,45,7,38,2
187930,58,6,52,2
187931,52,10,42,2
187932,60,6,54,2
187933,52,5,47,2
187934,36,8,28,2
187935,47,5,42,2
187936,50,6,44,2
187937,50,8,42,2
187938,63,7,56,2
187939,57,10,47,2
187940,59,4,55,2
187941,52,6,46,2
187942,56,7,49,2
187943,48,5,43,2
187944,55,9,46,2
187945,67,6,61,2
187946,45,5,40,2
187947,54,7,47,2
187948,50,8,42,2
187949,43,6,37,2
187950,55,8,47,2
187951,48,8,40,2
187952,61,6,55,2
187953,44,2,42,2
187954,47,6,41,2
187955,54,7,47,2
187956,51,9,42,2
187957,55,8,47,2
187958,49,4,45,2
187959,54,5,49,2
187960,49,2,47,2
187961,55,5,50,2
187962,56,6,50,2
187963,51,5,46,2
187964,45,4,41,2
187965,59,6,53,2
187966,55,6,49,2
187967,47,3,44,2
187968,49,8,41,2
187969,54,4,50,2
187970,50,6,44,2
187971,49,6,43,2
187972,65,7,58,2
187973,50,7,43,2
187974,52,5,47,2
187975,50,5,45,2
187976,54,5,49,2
187977,54,6,48,2
187978,68,12,56,2
187979,59,8,51,2
187980,37,5,32,2
187981,73,12,61,2
187982,53,5,48,2
187983,54,9,45,2
187984,68,7,61,2
187985,42,8,34,2
187986,69,5,64,2
187987,49,8,41,2
187988,47,5,42,2
187989,50,12,38,2
187990,52,6,46,2
187991,54,3,51,2
187992,60,9,51,2
187993,44,7,37,2
187994,63,10,53,2
187995,60,3,57,2
187996,54,2,52,2
187997,46,6,40,2
187998,43,7,36,2
187999,50,11,39,2
188000,59,7,52,2
188001,51,8,43,2
188002,56,2,54,2
188003,59,7,52,2
188004,62,8,54,2
188005,49,4,45,2
188006,47,7,40,2
188007,63,4,59,2
188008,53,4,49,2
188009,46,4,42,2
188010,50,6,44,2
188011,55,5,50,2
188012,60,6,54,2
188013,53,3,50,2
188014,56,4,52,2
188015,55,9,46,2
188016,57,5,52,2
188017,60,13,47,2
188018,53,9,44,2
188019,61,5,56,2
188020,38,4,34,2
188021,68,7,61,2
188022,66,10,56,2
188023,66,9,57,2
188024,55,6,49,2
188025,52,10,42,2
188026,54,4,50,2
188027,71,5,66,2
188028,50,5,45,2
188029,62,4,58,2
188030,56,7,49,2
188031,52,7,45,2
188032,52,5,47,2
188033,61,7,54,2
188034,46,4,42,2
188035,49,7,42,2
188036,61,7,54,2
188037,63,9,54,2
188038,43,6,37,2
188039,60,8,52,2
188040,50,7,43,2
188041,52,6,46,2
188042,48,5,43,2
188043,54,5,49,2
188044,53,9,44,2
188045,59,12,47,2
188047,59,7,52,2
188048,44,5,39,2
188049,55,4,51,2
188050,52,7,45,2
188051,44,5,39,2
188052,50,4,46,2
188053,50,4,46,2
188054,39,6,33,2
188055,45,4,41,2
188056,48,5,43,2
188057,61,9,52,2
188058,63,12,51,2
188059,59,8,51,2
188060,60,9,51,2
188061,47,6,41,2
188062,65,6,59,2
188063,66,3,63,2
188064,64,8,56,2
188065,56,3,53,2
188066,48,8,40,2
188067,54,4,50,2
188068,56,5,51,2
188069,42,5,37,2
188070,65,10,55,2
188071,55,4,51,2
188072,53,6,47,2
188073,48,0,48,1
188074,51,5,46,2
188075,45,6,39,2
188076,54,8,46,2
188077,47,4,43,2
188078,60,5,55,2
188079,68,10,58,2
188080,58,6,52,2
188081,56,7,49,2
188082,65,2,63,2
188083,69,5,64,2
188084,52,3,49,2
188085,60,11,49,2
188086,61,7,54,2
188087,44,5,39,2
188088,46,2,44,2
188089,56,8,48,2
188090,55,6,49,2
188091,69,12,57,2
188092,54,4,50,2
188093,55,5,50,2
188094,54,9,45,2
188095,46,8,38,2
188096,53,5,48,2
188097,50,8,42,2
188098,49,5,44,2
188099,59,6,53,2
188100,48,7,41,2
188101,46,5,41,2
188102,50,4,46,2
188103,46,4,42,2
188104,66,6,60,2
188105,70,5,65,2
188106,54,9,45,2
188107,59,10,49,2
188108,56,7,49,2
188109,48,5,43,2
188110,53,8,45,2
188111,49,4,45,2
188112,63,15,48,2
188113,29,2,27,2
188114,62,6,56,2
188115,60,11,49,2
188116,50,10,40,2
188117,55,3,52,2
188118,56,13,43,2
188119,57,7,50,2
188120,53,5,48,2
188121,63,10,53,2
188122,51,6,45,2
188123,71,5,66,2
188124,54,6,48,2
188125,50,5,45,2
188126,49,5,44,2
188127,61,9,52,2
188128,49,3,46,2
188129,62,8,54,2
188130,52,4,48,2
188131,47,11,36,2
188132,37,5,32,2
188133,54,3,51,2
188134,41,4,37,2
188135,34,5,29,2
188136,49,7,42,2
188137,52,4,48,2
188138,56,5,51,2
188139,56,9,47,2
188140,51,6,45,2
188141,61,8,53,2
188142,48,4,44,2
188143,45,2,43,2
188144,46,5,41,2
188145,65,11,54,2
188146,64,7,57,2
188147,58,4,54,2
188148,43,3,40,2
188149,68,12,56,2
188150,44,4,40,2
188151,52,9,43,2
188152,46,5,41,2
188153,57,9,48,2
188154,37,4,33,2
188155,46,4,42,2
188156,47,8,39,2
188157,50,9,41,2
188158,42,6,36,2
188159,68,5,63,2
188160,59,9,50,2
188161,67,8,59,2
188162,54,7,47,2
188163,48,5,43,2
188164,50,8,42,2
188165,50,6,44,2
188166,52,9,43,2
188167,58,5,53,2
188168,54,9,45,2
188169,48,12,36,2
188170,57,8,49,2
188171,59,6,53,2
188172,60,8,52,2
188173,63,8,55,2
188174,54,10,44,2
188175,60,8,52,2
188176,57,4,53,2
188177,65,8,57,2
188178,49,13,36,2
188179,65,10,55,2
188180,55,5,50,2
188181,55,5,50,2
188182,54,8,46,2
188183,58,11,47,2
188184,49,6,43,2
188185,51,3,48,2
188186,52,9,43,2
188187,58,6,52,2
188188,49,6,43,2
188189,54,15,39,2
188190,51,3,48,2
188191,57,3,54,2
188192,52,6,46,2
188193,50,4,46,2
188194,51,8,43,2
188195,59,4,55,2
188196,51,10,41,2
188197,56,7,49,2
188198,74,6,68,2
188199,62,6,56,2
188200,49,1,48,2
188201,49,9,40,2
188202,60,8,52,2
188203,67,9,58,2
188204,46,6,40,2
188205,47,7,40,2
188206,49,3,46,2
188207,59,11,48,2
188208,56,13,43,2
188209,53,8,45,2
188210,64,8,56,2
188211,43,7,36,2
188212,50,6,44,2
188213,54,6,48,2
188214,48,6,42,2
188215,60,4,56,2
188216,55,5,50,2
188217,55,4,51,2
188218,61,11,50,2
188219,53,10,43,2
188220,68,8,60,2
188221,54,8,46,2
188222,61,9,52,2
188223,51,4,47,2
188224,68,11,57,2
188225,43,8,35,2
188226,66,8,58,2
188227,43,7,36,2
188228,33,4,29,2
188229,58,2,56,2
188230,73,8,65,2
188231,44,5,39,2
188232,60,7,53,2
188233,47,7,40,2
188234,62,9,53,2
188235,49,10,39,2
188236,66,5,61,2
188237,53,4,49,2
188238,64,5,59,2
188239,60,2,58,2
188240,56,5,51,2
188241,55,7,48,2
188242,54,5,49,2
188243,65,11,54,2
188244,58,7,51,2
188245,55,5,50,2
188246,49,8,41,2
188247,49,8,41,2
188248,53,9,44,2
188249,60,8,52,2
188250,45,9,36,2
188251,57,5,52,2
188252,61,10,51,2
188253,67,7,60,2
188254,48,3,45,2
188255,55,7,48,2
188256,48,5,43,2
188257,54,8,46,2
188258,52,3,49,2
188259,56,3,53,2
188260,54,5,49,2
188261,2,0,2,1
188262,53,7,46,2
188263,58,3,55,2
188264,62,12,50,2
188265,52,3,49,2
188266,48,6,42,2
188267,54,8,46,2
188268,52,3,49,2
188269,43,5,38,2
188270,56,4,52,2
188271,59,7,52,2
188272,42,3,39,2
188273,54,8,46,2
188274,43,6,37,2
188275,46,3,43,2
188276,49,11,38,2
188277,50,8,42,2
188278,48,6,42,2
188279,46,8,38,2
188280,68,8,60,2
188281,56,9,47,2
188282,56,7,49,2
188283,61,9,52,2
188284,52,5,47,2
188285,47,8,39,2
188286,61,11,50,2
188287,49,5,44,2
188288,66,13,53,2
188289,48,5,43,2
188290,54,2,52,2
188291,53,7,46,2
188292,57,10,47,2
188293,49,5,44,2
188294,53,6,47,2
188295,51,6,45,2
188296,62,6,56,2
188297,62,10,52,2
188298,71,12,59,2
188299,63,8,55,2
188300,45,11,34,2
188301,56,9,47,2
188302,58,6,52,2
188303,60,6,54,2
188304,48,7,41,2
188305,58,9,49,2
188306,53,7,46,2
188307,63,12,51,2
188308,61,4,57,2
188309,59,6,53,2
188310,57,8,49,2
188311,67,9,58,2
188312,47,7,40,2
188313,50,4,46,2
188314,66,6,60,2
188315,59,9,50,2
188316,50,4,46,2
188317,67,8,59,2
188318,60,6,54,2
188319,49,4,45,2
188320,61,12,49,2
188321,45,4,41,2
188322,44,5,39,2
188323,53,7,46,2
188324,51,8,43,2
188325,49,7,42,2
188326,58,6,52,2
188327,52,5,47,2
188328,52,6,46,2
188329,58,8,50,2
188330,55,5,50,2
188331,56,6,50,2
188332,62,10,52,2
188333,56,4,52,2
188334,58,5,53,2
188335,56,7,49,2
188336,75,6,69,2
188337,58,5,53,2
188338,60,3,57,2
188339,43,8,35,2
188340,44,3,41,2
188341,41,5,36,2
188342,59,9,50,2
188343,48,8,40,2
188344,61,9,52,2
188345,54,13,41,2
188346,50,7,43,2
188347,61,6,55,2
188348,58,7,51,2
188349,51,9,42,2
188350,62,8,54,2
188351,58,4,54,2
188352,51,4,47,2
188353,51,10,41,2
188354,59,7,52,2
188355,56,6,50,2
188356,54,5,49,2
188357,57,8,49,2
188359,54,7,47,2
188360,42,6,36,2
188361,67,7,60,2
188362,58,4,54,2
188363,57,6,51,2
188364,49,4,45,2
188365,64,6,58,2
188366,52,3,49,2
188367,55,10,45,2
188368,46,8,38,2
188369,48,3,45,2
188370,44,5,39,2
188371,53,10,43,2
188372,48,6,42,2
188373,50,6,44,2
188374,48,7,41,2
188375,56,7,49,2
188376,72,8,64,2
188377,47,2,45,2
188378,56,8,48,2
188379,56,9,47,2
188380,59,4,55,2
188381,61,9,52,2
188382,58,7,51,2
188383,62,5,57,2
188384,51,6,45,2
188385,66,8,58,2
188386,55,3,52,2
188387,49,11,38,2
188388,50,6,44,2
188389,42,3,39,2
188390,57,4,53,2
188391,60,7,53,2
188392,41,6,35,2
188393,56,6,50,2
188394,43,7,36,2
188395,57,8,49,2
188396,53,7,46,2
188397,55,2,53,2
188398,66,9,57,2
188399,52,5,47,2
188400,52,4,48,2
188401,58,8,50,2
188402,49,4,45,2
188403,65,11,54,2
188404,47,5,42,2
188405,57,10,47,2
188406,58,8,50,2
188407,47,4,43,2
188408,47,8,39,2
188409,41,4,37,2
188410,63,7,56,2
188411,60,9,51,2
188412,50,6,44,2
188413,50,5,45,2
188414,54,8,46,2
188415,54,6,48,2
188416,52,6,46,2
188417,65,6,59,2
188418,68,8,60,2
188419,53,6,47,2
188420,58,9,49,2
188421,53,9,44,2
188422,54,10,44,2
188423,59,7,52,2
188424,58,5,53,2
188425,60,8,52,2
188426,73,7,66,2
188427,55,9,46,2
188428,54,3,51,2
188429,76,9,67,2
188430,46,9,37,2
188431,49,6,43,2
188432,61,4,57,2
188433,39,8,31,2
188434,52,6,46,2
188435,59,6,53,2
188436,57,5,52,2
188437,49,13,36,2
188438,47,7,40,2
188439,53,8,45,2
188440,53,8,45,2
188441,59,2,57,2
188442,59,6,53,2
188443,50,7,43,2
188444,44,2,42,2
188445,53,6,47,2
188446,66,5,61,2
188447,50,5,45,2
188448,48,4,44,2
188449,50,10,40,2
188450,41,5,36,2
188451,64,5,59,2
188452,56,9,47,2
188453,50,4,46,2
188454,59,5,54,2
188455,48,2,46,2
188456,59,8,51,2
188457,44,9,35,2
188458,67,4,63,2
188459,50,4,46,2
188460,56,8,48,2
188461,62,12,50,2
188462,50,6,44,2
188463,57,6,51,2
188464,55,13,42,2
188465,70,7,63,2
188466,72,13,59,2
188467,57,4,53,2
188468,59,7,52,2
188469,52,7,45,2
188470,45,6,39,2
188471,63,7,56,2
188472,51,3,48,2
188473,53,8,45,2
188474,46,3,43,2
188475,61,7,54,2
188476,41,4,37,2
188477,54,4,50,2
188478,51,7,44,2
188479,70,9,61,2
188480,78,8,70,2
188481,51,4,47,2
188482,58,6,52,2
188483,49,10,39,2
188484,51,7,44,2
188485,40,4,36,2
188486,49,7,42,2
188487,59,7,52,2
188488,48,5,43,2
188489,47,4,43,2
188490,56,6,50,2
188491,53,7,46,2
188492,53,8,45,2
188493,44,7,37,2
188494,46,7,39,2
188495,55,2,53,2
188496,66,8,58,2
188497,48,10,38,2
188498,56,9,47,2
188499,70,13,57,2
188500,57,7,50,2
188501,61,5,56,2
188502,64,4,60,2
188503,48,6,42,2
188504,62,7,55,2
188505,47,8,39,2
188506,41,6,35,2
188507,62,12,50,2
188508,55,5,50,2
188509,50,8,42,2
188510,65,4,61,2
188511,60,9,51,2
188512,49,5,44,2
188513,48,7,41,2
188514,37,3,34,2
188515,50,5,45,2
188516,57,7,50,2
188517,58,3,55,2
188518,54,8,46,2
188519,41,1,40,2
188520,68,6,62,2
188521,42,4,38,2
188522,49,5,44,2
188523,57,9,48,2
188524,51,4,47,2
188525,62,5,57,2
188526,48,7,41,2
188527,36,3,33,2
188528,49,3,46,2
188529,59,8,51,2
188530,63,5,58,2
188531,57,10,47,2
188532,59,7,52,2
188533,51,5,46,2
188534,63,8,55,2
188535,54,5,49,2
188536,61,7,54,2
188537,55,7,48,2
188538,53,9,44,2
188539,45,5,40,2
188540,53,4,49,2
188541,57,12,45,2
188542,45,7,38,2
188543,48,6,42,2
188544,61,9,52,2
188545,68,5,63,2
188546,63,5,58,2
188547,53,7,46,2
188548,48,10,38,2
188549,55,6,49,2
188550,72,11,61,2
188551,48,5,43,2
188552,70,10,60,2
188553,59,7,52,2
188554,45,5,40,2
188555,56,11,45,2
188556,59,6,53,2
188557,64,8,56,2
188558,62,11,51,2
188559,55,6,49,2
188560,67,4,63,2
188561,62,9,53,2
188562,57,5,52,2
188563,46,8,38,2
188564,64,3,61,2
188565,50,5,45,2
188566,54,8,46,2
188567,43,5,38,2
188568,43,7,36,2
188569,51,6,45,2
188570,41,2,39,2
188571,59,9,50,2
188572,50,6,44,2
188573,63,5,58,2
188574,51,4,47,2
188575,62,5,57,2
188576,57,8,49,2
188577,43,5,38,2
188578,56,8,48,2
188579,49,4,45,2
188580,65,6,59,2
188581,51,8,43,2
188582,59,2,57,2
188583,63,5,58,2
188584,45,8,37,2
188585,56,4,52,2
188586,48,5,43,2
188587,42,8,34,2
188588,59,7,52,2
188589,48,8,40,2
188590,69,8,61,2
188591,53,8,45,2
188592,70,5,65,2
188593,47,7,40,2
188594,57,10,47,2
188595,47,6,41,2
188596,53,9,44,2
188597,53,10,43,2
188598,62,5,57,2
188599,58,4,54,2
188600,50,7,43,2
188601,71,6,65,2
188602,59,8,51,2
188603,63,5,58,2
188604,59,7,52,2
188605,55,10,45,2
188606,56,5,51,2
188607,47,1,46,2
188608,56,9,47,2
188609,61,3,58,2
188610,55,8,47,2
188611,47,3,44,2
188612,44,4,40,2
188613,56,9,47,2
188614,41,8,33,2
188615,61,10,51,2
188616,63,12,51,2
188617,61,7,54,2
188618,56,3,53,2
188619,46,3,43,2
188620,56,12,44,2
188621,59,8,51,2
188622,48,5,43,2
188623,54,9,45,2
188624,53,11,42,2
188625,61,5,56,2
188626,45,5,40,2
188627,53,4,49,2
188628,63,3,60,2
188629,54,6,48,2
188630,49,6,43,2
188631,62,7,55,2
188632,54,6,48,2
188633,50,9,41,2
188634,58,5,53,2
188635,54,7,47,2
188636,52,10,42,2
188637,53,8,45,2
188638,51,8,43,2
188639,59,9,50,2
188640,61,4,57,2
188641,63,6,57,2
188642,63,4,59,2
188643,51,5,46,2
188644,47,6,41,2
188645,69,6,63,2
188646,55,5,50,2
188647,64,11,53,2
188648,59,4,55,2
188649,59,9,50,2
188650,46,3,43,2
188651,57,6,51,2
188652,45,7,38,2
188653,63,6,57,2
188654,61,8,53,2
188655,62,8,54,2
188656,58,6,52,2
188657,37,1,36,2
188658,47,2,45,2
188659,43,1,42,2
188660,56,9,47,2
188661,65,4,61,2
188662,53,5,48,2
188663,63,6,57,2
188664,55,3,52,2
188665,49,5,44,2
188666,55,13,42,2
188667,66,9,57,2
188668,54,2,52,2
188669,64,5,59,2
188670,57,4,53,2
188671,64,4,60,2
188672,53,7,46,2
188673,64,12,52,2
188674,47,4,43,2
188675,48,5,43,2
188676,67,5,62,2
188677,53,6,47,2
188678,57,5,52,2
188679,66,5,61,2
188680,47,1,46,2
188681,52,8,44,2
188682,49,6,43,2
188683,60,10,50,2
188684,62,3,59,2
188685,49,4,45,2
188686,48,7,41,2
188687,54,7,47,2
188688,59,7,52,2
188689,45,4,41,2
188690,55,6,49,2
188691,46,6,40,2
188692,55,9,46,2
188693,50,4,46,2
188694,47,7,40,2
188695,41,5,36,2
188696,44,4,40,2
188697,47,6,41,2
188698,56,9,47,2
188699,51,8,43,2
188700,55,8,47,2
188701,55,6,49,2
188702,53,4,49,2
188703,60,5,55,2
188704,48,6,42,2
188705,54,4,50,2
188706,66,10,56,2
188707,49,5,44,2
188708,65,6,59,2
188709,54,6,48,2
188710,53,8,45,2
188711,63,13,50,2
188712,39,3,36,2
188713,65,7,58,2
188714,63,7,56,2
188715,60,6,54,2
188716,64,8,56,2
188717,64,4,60,2
188718,52,12,40,2
188719,56,10,46,2
188720,62,6,56,2
188721,53,8,45,2
188722,54,8,46,2
188723,59,8,51,2
188724,48,4,44,2
188725,56,4,52,2
188726,57,4,53,2
188727,59,7,52,2
188728,59,9,50,2
188729,56,7,49,2
188730,64,7,57,2
188731,55,10,45,2
188732,41,3,38,2
188733,68,9,59,2
188734,54,7,47,2
188735,57,4,53,2
188736,68,4,64,2
188737,55,3,52,2
188738,56,8,48,2
188739,55,3,52,2
188740,59,7,52,2
188741,57,4,53,2
188742,53,7,46,2
188743,56,11,45,2
188744,58,7,51,2
188745,76,7,69,2
188746,65,7,58,2
188747,57,8,49,2
188748,43,8,35,2
188749,49,9,40,2
188750,58,6,52,2
188751,63,9,54,2
188752,46,5,41,2
188753,58,7,51,2
188754,64,13,51,2
188755,51,4,47,2
188756,65,6,59,2
188757,62,6,56,2
188758,43,0,43,1
188759,61,6,55,2
188760,66,10,56,2
188761,47,5,42,2
188762,64,7,57,2
188763,51,6,45,2
188764,51,5,46,2
188765,60,9,51,2
188766,55,8,47,2
188767,40,6,34,2
188768,54,5,49,2
188769,53,5,48,2
188770,56,7,49,2
188771,48,8,40,2
188772,55,4,51,2
188774,42,7,35,2
188775,55,5,50,2
188776,56,9,47,2
188777,62,8,54,2
188778,52,4,48,2
188779,51,11,40,2
188780,47,2,45,2
188781,52,7,45,2
188782,45,7,38,2
188783,64,7,57,2
188784,56,6,50,2
188785,51,6,45,2
188786,46,2,44,2
188787,40,3,37,2
188788,56,5,51,2
188789,70,10,60,2
188790,66,13,53,2
188791,54,12,42,2
188792,58,10,48,2
188793,49,6,43,2
188794,56,2,54,2
188795,62,9,53,2
188796,44,6,38,2
188797,66,4,62,2
188798,47,6,41,2
188799,52,10,42,2
188800,59,7,52,2
188801,66,3,63,2
188802,51,13,38,2
188803,55,7,48,2
188804,51,8,43,2
188805,53,5,48,2
188806,58,10,48,2
188807,47,5,42,2
188808,57,6,51,2
188809,54,6,48,2
188810,46,2,44,2
188811,45,4,41,2
188812,56,1,55,2
188813,50,6,44,2
188814,34,4,30,2
188815,58,5,53,2
188816,54,1,53,2
188817,52,5,47,2
188818,46,4,42,2
188819,57,13,44,2
188820,62,6,56,2
188821,62,6,56,2
188822,48,4,44,2
188823,44,7,37,2
188824,72,11,61,2
188825,46,2,44,2
188826,42,9,33,2
188827,44,3,41,2
188828,53,4,49,2
188829,62,4,58,2
188830,44,2,42,2
188831,47,3,44,2
188832,48,8,40,2
188833,62,6,56,2
188834,49,2,47,2
188835,50,3,47,2
188836,50,4,46,2
188837,58,5,53,2
188838,56,11,45,2
188839,49,10,39,2
188840,51,7,44,2
188841,70,12,58,2
188842,40,2,38,2
188843,52,6,46,2
188844,58,9,49,2
188845,54,8,46,2
188846,63,10,53,2
188847,45,4,41,2
188848,50,4,46,2
188849,63,7,56,2
188850,57,13,44,2
188851,59,6,53,2
188852,54,6,48,2
188853,44,4,40,2
188854,46,2,44,2
188855,49,5,44,2
188856,56,8,48,2
188857,53,8,45,2
188858,44,6,38,2
188859,50,4,46,2
188860,59,12,47,2
188861,47,5,42,2
188862,45,5,40,2
188863,57,5,52,2
188864,63,3,60,2
188865,51,7,44,2
188866,54,4,50,2
188867,51,8,43,2
188868,61,6,55,2
188869,52,6,46,2
188870,56,9,47,2
188871,61,4,57,2
188872,62,8,54,2
188873,68,7,61,2
188874,50,6,44,2
188875,46,4,42,2
188876,46,9,37,2
188877,46,7,39,2
188878,47,2,45,2
188879,60,13,47,2
188880,57,4,53,2
188881,53,7,46,2
188882,41,3,38,2
188883,62,8,54,2
188884,55,10,45,2
188885,62,8,54,2
188886,64,6,58,2
188887,75,13,62,2
188888,47,9,38,2
188889,54,5,49,2
188890,62,8,54,2
188891,60,7,53,2
188892,63,9,54,2
188893,43,9,34,2
188894,49,5,44,2
188895,50,9,41,2
188896,40,3,37,2
188897,64,6,58,2
188898,65,8,57,2
188899,41,3,38,2
188900,37,2,35,2
188901,49,5,44,2
188902,51,9,42,2
188903,58,8,50,2
188904,49,6,43,2
188905,55,9,46,2
188906,44,6,38,2
188907,55,8,47,2
188908,61,14,47,2
188909,45,5,40,2
188910,45,5,40,2
188911,55,7,48,2
188912,71,7,64,2
188913,52,7,45,2
188914,50,2,48,2
188915,56,5,51,2
188916,74,9,65,2
188917,65,4,61,2
188918,63,13,50,2
188919,58,7,51,2
188920,60,13,47,2
188921,54,5,49,2
188922,54,5,49,2
188923,57,7,50,2
188924,62,9,53,2
188925,51,5,46,2
188926,49,9,40,2
188927,57,3,54,2
188928,55,5,50,2
188929,56,6,50,2
188930,61,11,50,2
188931,51,8,43,2
188932,62,6,56,2
188933,59,8,51,2
188934,48,3,45,2
188935,79,10,69,2
188936,56,6,50,2
188937,46,6,40,2
188938,51,6,45,2
188939,51,3,48,2
188940,51,7,44,2
188941,61,6,55,2
188942,47,5,42,2
188943,63,12,51,2
188944,54,7,47,2
188945,47,6,41,2
188946,56,6,50,2
188947,60,6,54,2
188948,51,3,48,2
188949,43,8,35,2
188950,56,3,53,2
188951,59,6,53,2
188952,48,6,42,2
188953,66,4,62,2
188954,53,10,43,2
188955,59,4,55,2
188956,63,11,52,2
188957,66,5,61,2
188958,54,10,44,2
188959,60,10,50,2
188960,41,5,36,2
188961,58,10,48,2
188962,52,7,45,2
188963,46,6,40,2
188964,57,9,48,2
188965,53,9,44,2
188966,59,5,54,2
188967,57,6,51,2
188968,48,2,46,2
188969,56,6,50,2
188970,52,5,47,2
188971,53,13,40,2
188972,41,5,36,2
188973,57,6,51,2
188974,59,11,48,2
188975,46,4,42,2
188976,49,8,41,2
188977,44,5,39,2
188978,46,3,43,2
188979,60,6,54,2
188980,60,10,50,2
188981,73,10,63,2
188982,62,9,53,2
188983,60,11,49,2
188984,65,7,58,2
188985,62,4,58,2
188986,54,11,43,2
188987,57,5,52,2
188988,55,7,48,2
188989,49,7,42,2
188990,45,4,41,2
188991,52,8,44,2
188992,57,7,50,2
188993,63,9,54,2
188994,56,2,54,2
188995,50,3,47,2
188996,62,4,58,2
188997,58,7,51,2
188998,54,5,49,2
188999,53,5,48,2
189000,59,7,52,2
189001,53,6,47,2
189002,49,3,46,2
189003,59,8,51,2
189004,47,4,43,2
189005,54,7,47,2
189006,52,5,47,2
189007,39,2,37,2
189008,50,3,47,2
189009,57,12,45,2
189010,64,7,57,2
189011,54,6,48,2
189012,44,3,41,2
189013,41,5,36,2
189014,49,3,46,2
189015,53,11,42,2
189016,61,6,55,2
189017,51,4,47,2
189018,61,10,51,2
189019,57,9,48,2
189020,56,6,50,2
189021,51,11,40,2
189022,67,9,58,2
189023,50,8,42,2
189024,52,7,45,2
189025,56,9,47,2
189026,58,8,50,2
189027,56,5,51,2
189028,59,8,51,2
189029,49,4,45,2
189030,59,6,53,2
189031,48,6,42,2
189032,50,9,41,2
189033,37,6,31,2
189034,53,7,46,2
189035,57,6,51,2
189036,42,6,36,2
189037,60,9,51,2
189038,62,9,53,2
189039,48,6,42,2
189040,41,5,36,2
189041,59,7,52,2
189042,66,9,57,2
189043,48,9,39,2
189044,52,9,43,2
189045,48,3,45,2
189046,51,7,44,2
189047,49,3,46,2
189048,55,6,49,2
189049,65,6,59,2
189050,60,6,54,2
189051,61,2,59,2
189052,53,4,49,2
189053,58,4,54,2
189054,60,6,54,2
189055,58,3,55,2
189056,41,8,33,2
189057,56,11,45,2
189058,55,8,47,2
189059,47,4,43,2
189060,45,6,39,2
189061,46,5,41,2
189062,47,4,43,2
189063,56,7,49,2
189064,44,3,41,2
189065,58,7,51,2
189066,42,6,36,2
189067,55,8,47,2
189068,48,2,46,2
189069,61,4,57,2
189070,53,8,45,2
189071,52,3,49,2
189072,54,4,50,2
189073,50,7,43,2
189074,55,9,46,2
189075,58,8,50,2
189076,65,5,60,2
189077,63,5,58,2
189078,56,9,47,2
189079,48,4,44,2
189080,61,4,57,2
189081,62,6,56,2
189082,38,5,33,2
189083,44,8,36,2
189084,51,5,46,2
189085,49,7,42,2
189086,49,4,45,2
189087,46,4,42,2
189088,56,5,51,2
189089,65,7,58,2
189090,58,7,51,2
189091,46,3,43,2
189092,54,8,46,2
189093,51,8,43,2
189094,58,5,53,2
189095,64,8,56,2
189096,59,5,54,2
189097,47,6,41,2
189098,55,7,48,2
189099,53,4,49,2
189100,60,4,56,2
189101,55,3,52,2
189102,46,5,41,2
189103,61,7,54,2
189104,46,6,40,2
189105,60,9,51,2
189106,56,7,49,2
189107,62,5,57,2
189108,48,4,44,2
189109,49,5,44,2
189110,56,5,51,2
189111,61,7,54,2
189112,45,4,41,2
189113,57,6,51,2
189114,53,4,49,2
189115,37,3,34,2
189116,55,11,44,2
189117,43,5,38,2
189118,58,8,50,2
189119,71,7,64,2
189120,58,6,52,2
189121,56,7,49,2
189122,50,6,44,2
189123,62,4,58,2
189124,46,7,39,2
189125,64,7,57,2
189126,56,4,52,2
189127,54,10,44,2
189128,60,6,54,2
189129,60,8,52,2
189130,58,7,51,2
189131,54,5,49,2
189132,52,9,43,2
189133,60,4,56,2
189134,49,4,45,2
189135,49,6,43,2
189136,51,6,45,2
189137,61,8,53,2
189138,52,4,48,2
189139,57,5,52,2
189140,49,5,44,2
189141,52,4,48,2
189142,56,13,43,2
189143,35,4,31,2
189144,55,8,47,2
189145,53,16,37,2
189146,46,7,39,2
189147,57,3,54,2
189148,56,9,47,2
189149,58,6,52,2
189150,64,5,59,2
189151,43,4,39,2
189152,68,9,59,2
189153,54,6,48,2
189154,55,4,51,2
189155,34,2,32,2
189156,65,10,55,2
189157,48,5,43,2
189158,69,9,60,2
189159,57,2,55,2
189160,64,9,55,2
189161,45,9,36,2
189162,59,8,51,2
189163,70,6,64,2
189164,53,6,47,2
189165,62,7,55,2
189166,50,7,43,2
189167,58,5,53,2
189168,57,8,49,2
189169,53,4,49,2
189170,64,5,59,2
189171,56,6,50,2
189172,58,9,49,2
189173,59,7,52,2
189174,55,4,51,2
189175,54,8,46,2
189176,48,6,42,2
189177,72,4,68,2
189178,57,7,50,2
189179,40,3,37,2
189180,58,5,53,2
189181,52,8,44,2
189182,49,4,45,2
189183,51,9,42,2
189184,53,7,46,2
189185,66,13,53,2
189186,55,5,50,2
189187,63,6,57,2
189188,67,7,60,2
189189,56,4,52,2
189190,52,3,49,2
189191,45,5,40,2
189192,61,3,58,2
189193,60,6,54,2
189194,43,2,41,2
189195,54,3,51,2
189196,50,6,44,2
189197,42,4,38,2
189198,67,12,55,2
189199,48,4,44,2
189200,58,7,51,2
189201,51,2,49,2
189203,51,5,46,2
189204,50,3,47,2
189205,54,7,47,2
189206,63,6,57,2
189207,56,6,50,2
189208,56,8,48,2
189209,61,5,56,2
189210,47,5,42,2
189211,42,8,34,2
189212,45,7,38,2
189213,65,5,60,2
189214,60,6,54,2
189215,47,4,43,2
189216,51,4,47,2
189217,65,5,60,2
189218,51,4,47,2
189219,42,5,37,2
189220,58,8,50,2
189221,48,5,43,2
189222,48,9,39,2
189223,62,8,54,2
189224,56,3,53,2
189225,52,7,45,2
189226,54,5,49,2
189227,67,14,53,2
189228,54,12,42,2
189229,52,9,43,2
189230,57,4,53,2
189231,66,12,54,2
189232,66,5,61,2
189233,65,6,59,2
189234,55,7,48,2
189235,52,3,49,2
189236,54,6,48,2
189237,56,13,43,2
189238,55,7,48,2
189239,39,5,34,2
189240,54,8,46,2
189241,64,7,57,2
189242,50,5,45,2
189243,73,9,64,2
189244,57,8,49,2
189245,54,3,51,2
189246,64,9,55,2
189247,49,10,39,2
189248,58,8,50,2
189249,61,7,54,2
189250,52,6,46,2
189251,63,10,53,2
189252,60,7,53,2
189253,61,1,60,2
189254,55,7,48,2
189255,67,9,58,2
189256,59,8,51,2
189257,55,12,43,2
189258,46,4,42,2
189259,64,11,53,2
189260,50,8,42,2
189261,57,8,49,2
189262,49,8,41,2
189263,55,4,51,2
189264,56,4,52,2
189265,58,7,51,2
189266,47,4,43,2
189267,44,6,38,2
189268,49,2,47,2
189269,49,7,42,2
189270,57,9,48,2
189271,53,11,42,2
189272,54,10,44,2
189273,71,9,62,2
189274,62,8,54,2
189275,53,7,46,2
189276,54,10,44,2
189277,50,8,42,2
189278,47,7,40,2
189279,60,9,51,2
189280,48,9,39,2
189281,54,6,48,2
189282,64,6,58,2
189283,65,4,61,2
189284,52,7,45,2
189285,55,5,50,2
189286,54,7,47,2
189287,54,10,44,2
189288,60,6,54,2
189289,42,6,36,2
189290,61,6,55,2
189291,43,6,37,2
189292,54,4,50,2
189293,50,5,45,2
189294,69,12,57,2
189295,59,10,49,2
189296,56,9,47,2
189297,58,7,51,2
189298,60,6,54,2
189299,60,8,52,2
189300,47,7,40,2
189301,62,5,57,2
189302,47,7,40,2
189303,45,7,38,2
189304,50,5,45,2
189305,54,4,50,2
189306,61,8,53,2
189307,51,3,48,2
189308,39,3,36,2
189309,58,8,50,2
189310,54,1,53,2
189311,51,8,43,2
189312,49,5,44,2
189313,52,5,47,2
189314,62,5,57,2
189315,51,8,43,2
189316,53,5,48,2
189317,61,11,50,2
189318,57,6,51,2
189319,55,8,47,2
189320,48,6,42,2
189321,60,10,50,2
189322,54,5,49,2
189323,56,3,53,2
189324,62,5,57,2
189325,43,4,39,2
189326,49,3,46,2
189327,57,8,49,2
189328,58,5,53,2
189329,49,6,43,2
189330,61,10,51,2
189331,50,11,39,2
189332,56,7,49,2
189333,59,9,50,2
189334,46,6,40,2
189335,58,6,52,2
189336,50,7,43,2
189337,48,5,43,2
189338,52,3,49,2
189339,58,8,50,2
189340,45,10,35,2
189341,57,8,49,2
189342,58,5,53,2
189343,43,6,37,2
189344,54,6,48,2
189345,69,10,59,2
189346,58,8,50,2
189347,56,6,50,2
189348,40,8,32,2
189349,67,9,58,2
189350,47,4,43,2
189351,71,8,63,2
189352,52,5,47,2
189353,62,5,57,2
189354,64,6,58,2
189355,68,10,58,2
189356,55,7,48,2
189357,51,4,47,2
189358,44,9,35,2
189359,58,4,54,2
189360,68,9,59,2
189361,64,10,54,2
189362,58,4,54,2
189363,64,10,54,2
189364,47,4,43,2
189365,49,6,43,2
189366,43,9,34,2
189367,72,12,60,2
189368,49,3,46,2
189369,64,9,55,2
189370,62,2,60,2
189371,54,6,48,2
189372,54,4,50,2
189373,49,6,43,2
189374,43,4,39,2
189375,46,4,42,2
189376,47,6,41,2
189377,51,5,46,2
189378,56,7,49,2
189379,59,11,48,2
189380,56,6,50,2
189381,49,5,44,2
189382,49,5,44,2
189383,68,8,60,2
189384,48,6,42,2
189385,57,9,48,2
189386,47,5,42,2
189387,57,11,46,2
189388,54,7,47,2
189389,50,5,45,2
189390,63,10,53,2
189391,55,4,51,2
189392,64,5,59,2
189393,57,8,49,2
189394,52,5,47,2
189395,55,6,49,2
189396,48,5,43,2
189397,56,6,50,2
189398,71,12,59,2
189399,52,8,44,2
189400,51,5,46,2
189401,48,5,43,2
189402,60,9,51,2
189403,57,8,49,2
189404,61,6,55,2
189405,48,6,42,2
189406,59,9,50,2
189407,49,9,40,2
189408,45,5,40,2
189409,48,13,35,2
189410,43,3,40,2
189411,58,8,50,2
189412,49,7,42,2
189413,53,8,45,2
189414,51,4,47,2
189415,54,4,50,2
189416,47,6,41,2
189417,48,7,41,2
189418,44,4,40,2
189419,62,11,51,2
189420,44,4,40,2
189421,63,9,54,2
189422,60,7,53,2
189423,51,5,46,2
189424,43,5,38,2
189425,56,7,49,2
189426,64,9,55,2
189427,51,8,43,2
189428,55,8,47,2
189429,57,12,45,2
189430,56,7,49,2
189431,61,9,52,2
189432,63,9,54,2
189433,56,9,47,2
189434,54,5,49,2
189435,58,8,50,2
189436,47,7,40,2
189437,56,8,48,2
189438,53,5,48,2
189439,60,9,51,2
189440,48,6,42,2
189441,54,8,46,2
189442,59,9,50,2
189443,53,6,47,2
189444,46,5,41,2
189445,58,9,49,2
189446,45,5,40,2
189447,51,11,40,2
189448,47,5,42,2
189449,55,3,52,2
189450,59,5,54,2
189451,52,9,43,2
189452,55,10,45,2
189453,52,10,42,2
189454,62,6,56,2
189455,53,4,49,2
189456,73,15,58,2
189457,62,6,56,2
189458,57,4,53,2
189459,71,9,62,2
189460,65,4,61,2
189461,62,5,57,2
189462,55,8,47,2
189463,55,7,48,2
189464,54,9,45,2
189465,43,3,40,2
189466,56,5,51,2
189467,59,9,50,2
189468,43,3,40,2
189469,47,2,45,2
189470,60,6,54,2
189471,70,12,58,2
189472,57,9,48,2
189473,55,9,46,2
189474,61,7,54,2
189475,54,6,48,2
189476,59,6,53,2
189477,55,4,51,2
189478,55,6,49,2
189479,58,6,52,2
189480,53,9,44,2
189481,57,10,47,2
189482,55,6,49,2
189483,61,3,58,2
189484,39,3,36,2
189485,50,5,45,2
189486,54,3,51,2
189487,59,4,55,2
189488,52,7,45,2
189489,52,3,49,2
189490,65,5,60,2
189491,54,9,45,2
189492,57,8,49,2
189493,62,9,53,2
189494,58,4,54,2
189495,50,7,43,2
189496,68,8,60,2
189497,55,8,47,2
189498,58,4,54,2
189499,62,5,57,2
189500,49,10,39,2
189501,45,6,39,2
189502,55,8,47,2
189503,62,4,58,2
189504,62,8,54,2
189505,71,8,63,2
189506,58,9,49,2
189507,51,5,46,2
189508,59,7,52,2
189509,54,7,47,2
189510,44,5,39,2
189511,59,6,53,2
189512,44,7,37,2
189513,52,5,47,2
189514,49,4,45,2
189515,58,10,48,2
189516,45,2,43,2
189517,67,4,63,2
189518,60,11,49,2
189519,54,6,48,2
189520,58,4,54,2
189521,55,4,51,2
189522,51,9,42,2
189523,56,5,51,2
189524,58,5,53,2
189525,44,4,40,2
189526,58,5,53,2
189527,64,7,57,2
189528,52,11,41,2
189529,46,6,40,2
189530,51,6,45,2
189531,63,6,57,2
189532,59,8,51,2
189533,62,6,56,2
189534,53,10,43,2
189535,65,8,57,2
189536,55,7,48,2
189537,54,5,49,2
189538,55,5,50,2
189539,54,6,48,2
189540,54,13,41,2
189541,57,6,51,2
189542,72,13,59,2
189543,57,4,53,2
189544,55,5,50,2
189545,62,13,49,2
189546,46,4,42,2
189547,59,9,50,2
189548,58,6,52,2
189549,59,8,51,2
189550,57,3,54,2
189551,60,7,53,2
189552,43,4,39,2
189553,45,7,38,2
189554,50,4,46,2
189555,54,6,48,2
189556,51,5,46,2
189557,49,5,44,2
189558,46,6,40,2
189559,48,8,40,2
189560,56,9,47,2
189561,51,5,46,2
189562,54,9,45,2
189563,48,4,44,2
189565,52,4,48,2
189566,50,8,42,2
189567,52,3,49,2
189568,54,4,50,2
189569,45,4,41,2
189570,41,2,39,2
189571,48,5,43,2
189572,56,5,51,2
189573,65,10,55,2
189574,48,6,42,2
189575,52,6,46,2
189576,65,10,55,2
189577,57,3,54,2
189578,52,6,46,2
189579,56,6,50,2
189580,44,2,42,2
189581,68,9,59,2
189582,76,10,66,2
189583,59,10,49,2
189584,54,3,51,2
189585,72,11,61,2
189586,48,7,41,2
189587,56,8,48,2
189588,57,8,49,2
189589,64,7,57,2
189590,54,5,49,2
189591,53,4,49,2
189592,55,10,45,2
189593,50,7,43,2
189594,54,6,48,2
189596,53,7,46,2
189597,59,3,56,2
189598,53,6,47,2
189599,45,7,38,2
189600,41,3,38,2
189601,53,5,48,2
189602,52,6,46,2
189603,70,8,62,2
189604,50,2,48,2
189605,67,6,61,2
189606,51,10,41,2
189607,64,6,58,2
189608,48,2,46,2
189609,74,15,59,2
189610,60,8,52,2
189611,50,5,45,2
189612,46,7,39,2
189613,53,14,39,2
189614,50,7,43,2
189615,45,4,41,2
189616,49,4,45,2
189617,58,7,51,2
189618,57,4,53,2
189619,66,8,58,2
189620,53,2,51,2
189621,44,5,39,2
189622,32,2,30,2
189623,57,10,47,2
189624,56,7,49,2
189625,48,5,43,2
189626,58,9,49,2
189627,53,5,48,2
189628,55,6,49,2
189629,60,5,55,2
189630,69,12,57,2
189631,41,3,38,2
189632,66,12,54,2
189633,54,4,50,2
189634,71,5,66,2
189635,60,7,53,2
189636,46,7,39,2
189637,55,4,51,2
189638,56,8,48,2
189639,50,5,45,2
189640,55,8,47,2
189641,51,4,47,2
189642,52,10,42,2
189643,62,3,59,2
189644,45,7,38,2
189645,57,12,45,2
189646,52,3,49,2
189647,49,8,41,2
189648,60,9,51,2
189649,60,6,54,2
189650,41,3,38,2
189651,62,3,59,2
189652,47,6,41,2
189653,62,8,54,2
189654,55,6,49,2
189655,61,8,53,2
189656,46,4,42,2
189657,54,3,51,2
189658,51,9,42,2
189659,59,8,51,2
189660,47,6,41,2
189661,47,9,38,2
189662,50,2,48,2
189663,64,11,53,2
189664,48,6,42,2
189665,55,4,51,2
189666,68,14,54,2
189667,47,5,42,2
189668,47,8,39,2
189669,70,9,61,2
189670,54,9,45,2
189671,48,6,42,2
189672,55,7,48,2
189673,60,8,52,2
189674,50,7,43,2
189675,51,7,44,2
189676,57,9,48,2
189677,68,6,62,2
189678,53,5,48,2
189679,48,6,42,2
189680,45,6,39,2
189681,52,5,47,2
189682,55,4,51,2
189683,56,9,47,2
189684,57,7,50,2
189686,50,8,42,2
189687,56,8,48,2
189688,60,8,52,2
189689,53,7,46,2
189690,60,5,55,2
189691,51,5,46,2
189692,54,5,49,2
189693,57,9,48,2
189694,48,4,44,2
189695,55,5,50,2
189696,59,7,52,2
189697,60,7,53,2
189698,57,2,55,2
189699,53,3,50,2
189700,52,11,41,2
189701,56,9,47,2
189702,50,5,45,2
189703,49,6,43,2
189704,56,4,52,2
189705,65,6,59,2
189706,45,8,37,2
189707,65,6,59,2
189708,53,10,43,2
189709,61,5,56,2
189710,56,7,49,2
189711,44,4,40,2
189712,47,4,43,2
189713,71,6,65,2
189714,49,5,44,2
189715,68,9,59,2
189716,48,8,40,2
189717,51,7,44,2
189718,52,2,50,2
189719,42,5,37,2
189720,52,10,42,2
189721,57,7,50,2
189722,64,5,59,2
189723,48,5,43,2
189724,52,8,44,2
189725,58,4,54,2
189726,54,3,51,2
189727,65,13,52,2
189728,59,8,51,2
189729,58,6,52,2
189730,52,4,48,2
189731,62,3,59,2
189732,66,11,55,2
189733,49,6,43,2
189734,58,6,52,2
189735,56,5,51,2
189736,64,5,59,2
189737,39,2,37,2
189738,60,5,55,2
189739,55,7,48,2
189740,61,4,57,2
189741,57,8,49,2
189742,49,6,43,2
189743,36,5,31,2
189744,57,7,50,2
189745,50,6,44,2
189746,41,7,34,2
189747,50,5,45,2
189748,60,5,55,2
189749,58,9,49,2
189750,45,7,38,2
189751,58,12,46,2
189752,48,7,41,2
189753,72,10,62,2
189754,56,6,50,2
189755,41,3,38,2
189756,64,8,56,2
189757,46,7,39,2
189758,52,3,49,2
189759,46,6,40,2
189760,59,4,55,2
189761,55,4,51,2
189762,61,9,52,2
189763,45,6,39,2
189764,69,8,61,2
189765,54,12,42,2
189766,57,6,51,2
189767,52,7,45,2
189768,61,3,58,2
189769,59,8,51,2
189770,51,8,43,2
189771,47,4,43,2
189772,47,5,42,2
189773,68,11,57,2
189774,50,8,42,2
189775,55,12,43,2
189776,54,3,51,2
189777,52,11,41,2
189778,74,11,63,2
189779,59,11,48,2
189780,54,9,45,2
189781,65,4,61,2
189782,43,7,36,2
189783,37,6,31,2
189784,48,6,42,2
189785,59,8,51,2
189786,55,6,49,2
189787,45,4,41,2
189788,59,7,52,2
189789,45,7,38,2
189790,61,6,55,2
189791,49,5,44,2
189792,44,7,37,2
189793,60,6,54,2
189794,64,6,58,2
189795,45,4,41,2
189796,51,3,48,2
189797,50,6,44,2
189798,59,2,57,2
189799,59,7,52,2
189800,61,9,52,2
189801,60,5,55,2
189802,55,7,48,2
189803,57,9,48,2
189804,56,6,50,2
189805,54,5,49,2
189806,51,4,47,2
189807,71,6,65,2
189808,62,10,52,2
189809,47,3,44,2
189810,45,7,38,2
189811,38,8,30,2
189812,53,10,43,2
189813,56,7,49,2
189814,59,4,55,2
189815,54,5,49,2
189816,58,8,50,2
189817,51,6,45,2
189818,49,6,43,2
189819,56,4,52,2
189820,50,6,44,2
189821,57,8,49,2
189822,52,4,48,2
189823,55,6,49,2
189824,45,9,36,2
189825,48,5,43,2
189826,56,6,50,2
189827,39,2,37,2
189828,43,5,38,2
189829,54,4,50,2
189830,58,8,50,2
189831,66,5,61,2
189832,53,6,47,2
189833,49,6,43,2
189834,50,5,45,2
189835,56,7,49,2
189836,46,8,38,2
189837,65,9,56,2
189838,53,4,49,2
189839,61,6,55,2
189840,52,10,42,2
189841,56,10,46,2
189842,52,7,45,2
189843,58,8,50,2
189844,70,3,67,2
189845,62,9,53,2
189846,65,8,57,2
189847,49,0,49,1
189848,46,6,40,2
189849,53,5,48,2
189850,43,2,41,2
189851,60,11,49,2
189852,51,7,44,2
189853,57,8,49,2
189854,51,7,44,2
189855,54,4,50,2
189856,48,3,45,2
189857,56,2,54,2
189858,52,10,42,2
189859,53,7,46,2
189860,49,7,42,2
189861,46,4,42,2
189862,49,5,44,2
189863,50,7,43,2
189864,49,6,43,2
189865,56,4,52,2
189866,46,7,39,2
189867,47,3,44,2
189868,59,7,52,2
189869,51,6,45,2
189870,49,9,40,2
189871,51,4,47,2
189872,64,9,55,2
189873,57,5,52,2
189874,61,8,53,2
189875,71,8,63,2
189876,68,9,59,2
189877,55,5,50,2
189878,56,3,53,2
189879,44,6,38,2
189880,61,8,53,2
189881,59,8,51,2
189882,48,4,44,2
189883,46,9,37,2
189884,43,7,36,2
189885,47,4,43,2
189886,49,8,41,2
189887,53,9,44,2
189888,49,7,42,2
189889,67,2,65,2
189890,57,4,53,2
189891,61,8,53,2
189892,64,10,54,2
189893,60,9,51,2
189894,48,9,39,2
189895,54,6,48,2
189896,53,8,45,2
189897,57,3,54,2
189898,55,3,52,2
189899,59,4,55,2
189900,47,5,42,2
189901,65,9,56,2
189902,38,7,31,2
189903,51,3,48,2
189904,62,12,50,2
189905,63,9,54,2
189906,60,10,50,2
189907,45,5,40,2
189908,37,8,29,2
189909,47,6,41,2
189910,42,2,40,2
189911,47,7,40,2
189912,50,6,44,2
189913,62,10,52,2
189914,48,4,44,2
189915,42,4,38,2
189916,59,5,54,2
189917,57,5,52,2
189918,57,9,48,2
189919,57,13,44,2
189920,48,5,43,2
189921,54,6,48,2
189922,58,7,51,2
189923,58,4,54,2
189924,61,8,53,2
189925,62,8,54,2
189926,48,8,40,2
189927,58,11,47,2
189928,48,3,45,2
189929,50,7,43,2
189930,62,11,51,2
189931,53,6,47,2
189932,51,8,43,2
189933,51,4,47,2
189934,49,8,41,2
189935,51,6,45,2
189936,57,8,49,2
189937,53,6,47,2
189938,51,3,48,2
189939,46,5,41,2
189940,58,9,49,2
189941,49,5,44,2
189942,46,3,43,2
189943,52,6,46,2
189944,58,5,53,2
189945,64,7,57,2
189946,57,11,46,2
189947,53,3,50,2
189948,51,7,44,2
189949,52,7,45,2
189950,62,9,53,2
189951,56,6,50,2
189952,44,4,40,2
189953,56,6,50,2
189954,60,7,53,2
189955,40,3,37,2
189956,66,9,57,2
189957,59,8,51,2
189958,65,9,56,2
189959,56,6,50,2
189960,50,1,49,2
189961,54,2,52,2
189962,63,4,59,2
189963,48,7,41,2
189964,61,4,57,2
189965,59,6,53,2
189966,44,3,41,2
189967,67,3,64,2
189968,73,7,66,2
189969,48,4,44,2
189970,61,10,51,2
189971,62,11,51,2
189972,59,9,50,2
189973,48,6,42,2
189974,65,8,57,2
189975,69,12,57,2
189977,54,4,50,2
189978,59,7,52,2
189979,57,3,54,2
189980,55,6,49,2
189981,50,7,43,2
189982,60,5,55,2
189983,56,7,49,2
189984,73,7,66,2
189985,54,8,46,2
189986,55,6,49,2
189987,52,7,45,2
189988,52,3,49,2
189989,58,8,50,2
189990,54,7,47,2
189991,52,6,46,2
189992,43,2,41,2
189993,65,7,58,2
189994,53,5,48,2
189995,59,7,52,2
189996,55,4,51,2
189997,52,5,47,2
189998,53,5,48,2
189999,44,8,36,2
190000,57,5,52,2
190001,48,4,44,2
190002,54,5,49,2
190003,58,9,49,2
190004,47,0,47,1
190005,46,8,38,2
190006,47,5,42,2
190007,46,6,40,2
190008,64,3,61,2
190009,58,5,53,2
190010,57,7,50,2
190011,50,4,46,2
190012,67,12,55,2
190013,66,9,57,2
190014,58,8,50,2
190015,56,6,50,2
190016,39,7,32,2
190017,69,13,56,2
190018,67,2,65,2
190019,50,3,47,2
190020,57,4,53,2
190021,48,4,44,2
190022,54,6,48,2
190023,56,9,47,2
190024,51,6,45,2
190025,60,9,51,2
190026,57,8,49,2
190027,60,11,49,2
190028,49,3,46,2
190029,61,8,53,2
190030,59,6,53,2
190031,58,2,56,2
190032,57,5,52,2
190033,48,7,41,2
190034,49,8,41,2
190035,57,7,50,2
190036,62,6,56,2
190037,48,7,41,2
190038,51,5,46,2
190039,56,8,48,2
190040,58,6,52,2
190041,51,9,42,2
190042,48,6,42,2
190043,50,7,43,2
190044,47,2,45,2
190045,57,9,48,2
190046,40,3,37,2
190047,62,9,53,2
190048,50,6,44,2
190049,55,7,48,2
190050,58,9,49,2
190051,55,4,51,2
190052,52,7,45,2
190053,52,9,43,2
190054,48,7,41,2
190055,48,7,41,2
190056,39,4,35,2
190057,56,4,52,2
190058,67,8,59,2
190059,49,9,40,2
190060,54,7,47,2
190061,54,6,48,2
190062,48,8,40,2
190063,50,2,48,2
190064,43,6,37,2
190065,64,3,61,2
190066,35,7,28,2
190067,48,6,42,2
190068,63,8,55,2
190069,53,7,46,2
190070,63,10,53,2
190071,59,11,48,2
190072,48,4,44,2
190073,53,7,46,2
190074,51,5,46,2
190075,49,8,41,2
190076,55,10,45,2
190077,51,8,43,2
190078,45,9,36,2
190079,53,5,48,2
190080,53,10,43,2
190081,43,4,39,2
190082,54,9,45,2
190083,54,6,48,2
190084,44,2,42,2
190085,53,4,49,2
190086,58,8,50,2
190087,56,4,52,2
190088,50,4,46,2
190089,54,8,46,2
190091,54,13,41,2
190092,51,12,39,2
190093,56,9,47,2
190094,56,8,48,2
190095,47,6,41,2
190096,53,11,42,2
190097,48,4,44,2
190098,59,7,52,2
190099,54,6,48,2
190100,56,2,54,2
190101,60,5,55,2
190102,48,6,42,2
190103,65,8,57,2
190104,54,2,52,2
190105,49,9,40,2
190106,62,6,56,2
190107,52,4,48,2
190108,56,12,44,2
190109,59,5,54,2
190110,72,5,67,2
190111,68,6,62,2
190112,48,3,45,2
190113,51,6,45,2
190114,53,6,47,2
190115,61,8,53,2
190116,49,9,40,2
190117,47,5,42,2
190118,55,3,52,2
190119,52,6,46,2
190120,63,11,52,2
190121,59,9,50,2
190122,55,6,49,2
190123,54,5,49,2
190124,57,7,50,2
190125,60,4,56,2
190126,61,8,53,2
190127,41,3,38,2
190128,68,7,61,2
190129,54,8,46,2
190130,48,4,44,2
190131,48,8,40,2
190132,44,4,40,2
190133,46,5,41,2
190134,50,4,46,2
190135,62,7,55,2
190136,35,1,34,2
190137,53,6,47,2
190138,43,7,36,2
190139,65,6,59,2
190140,37,3,34,2
190141,52,13,39,2
190142,50,7,43,2
190143,63,4,59,2
190144,65,6,59,2
190145,59,7,52,2
190146,55,6,49,2
190147,59,12,47,2
190148,54,6,48,2
190149,68,12,56,2
190150,52,2,50,2
190151,45,8,37,2
190152,56,5,51,2
190153,43,5,38,2
190154,52,8,44,2
190155,44,7,37,2
190156,48,7,41,2
190157,50,5,45,2
190158,56,5,51,2
190159,56,8,48,2
190160,54,4,50,2
190161,55,7,48,2
190162,55,4,51,2
190163,59,8,51,2
190164,55,10,45,2
190165,56,5,51,2
190166,57,6,51,2
190167,43,9,34,2
190168,48,4,44,2
190169,54,4,50,2
190170,58,9,49,2
190171,55,1,54,2
190172,54,6,48,2
190173,45,5,40,2
190174,50,4,46,2
190175,51,8,43,2
190176,67,4,63,2
190177,58,7,51,2
190178,49,6,43,2
190179,59,9,50,2
190180,55,5,50,2
190181,46,7,39,2
190182,52,8,44,2
190183,44,2,42,2
190184,57,8,49,2
190185,66,5,61,2
190186,60,6,54,2
190187,63,8,55,2
190188,39,4,35,2
190189,41,6,35,2
190190,62,12,50,2
190191,47,7,40,2
190192,54,6,48,2
190193,49,6,43,2
190194,74,10,64,2
190195,53,4,49,2
190196,47,4,43,2
190197,59,2,57,2
190198,40,9,31,2
190199,53,4,49,2
190200,50,4,46,2
190201,54,5,49,2
190202,56,6,50,2
190203,59,2,57,2
190204,57,6,51,2
190205,56,6,50,2
190206,40,1,39,2
190207,58,5,53,2
190208,57,9,48,2
190209,47,1,46,2
190210,38,2,36,2
190211,62,7,55,2
190212,53,5,48,2
190213,48,3,45,2
190214,59,5,54,2
190215,59,5,54,2
190216,71,9,62,2
190217,53,12,41,2
190218,53,4,49,2
190219,60,6,54,2
190220,62,5,57,2
190221,58,5,53,2
190222,61,6,55,2
190223,61,12,49,2
190224,48,10,38,2
190225,67,8,59,2
190226,17,17,0,1
190227,55,5,50,2
190228,56,11,45,2
190229,53,5,48,2
190230,54,6,48,2
190231,51,5,46,2
190232,59,8,51,2
190233,58,10,48,2
190234,61,9,52,2
190235,60,6,54,2
190236,50,3,47,2
190237,59,5,54,2
190238,56,8,48,2
190239,55,8,47,2
190240,52,8,44,2
190241,57,8,49,2
190242,47,8,39,2
190243,58,4,54,2
190244,43,4,39,2
190245,52,5,47,2
190246,39,4,35,2
190247,43,4,39,2
190248,44,7,37,2
190249,39,0,39,1
190250,52,8,44,2
190251,45,5,40,2
190252,60,8,52,2
190253,49,6,43,2
190254,47,5,42,2
190255,50,8,42,2
190256,46,6,40,2
190257,56,10,46,2
190258,59,5,54,2
190259,72,7,65,2
190260,60,8,52,2
190261,55,7,48,2
190262,63,4,59,2
190263,39,9,30,2
190264,59,12,47,2
190265,43,6,37,2
190266,56,7,49,2
190267,55,10,45,2
190268,57,3,54,2
190269,65,12,53,2
190270,54,6,48,2
190271,49,4,45,2
190272,54,7,47,2
190273,46,3,43,2
190274,50,6,44,2
190275,56,11,45,2
190276,52,9,43,2
190277,56,9,47,2
190278,62,5,57,2
190279,63,5,58,2
190280,57,6,51,2
190281,47,2,45,2
190282,47,5,42,2
190283,57,6,51,2
190284,64,8,56,2
190285,53,10,43,2
190286,56,8,48,2
190287,58,6,52,2
190288,57,11,46,2
190289,57,11,46,2
190290,58,9,49,2
190291,54,4,50,2
190292,44,5,39,2
190293,51,6,45,2
190294,42,2,40,2
190295,61,8,53,2
190296,48,1,47,2
190297,68,8,60,2
190298,48,5,43,2
190299,60,7,53,2
190300,56,9,47,2
190301,48,3,45,2
190302,56,12,44,2
190303,51,2,49,2
190304,50,12,38,2
190305,56,8,48,2
190306,58,8,50,2
190307,61,6,55,2
190308,65,7,58,2
190309,58,11,47,2
190310,58,7,51,2
190311,58,9,49,2
190312,56,4,52,2
190313,60,8,52,2
190314,61,11,50,2
190315,43,8,35,2
190316,58,7,51,2
190317,59,9,50,2
190318,56,5,51,2
190319,50,2,48,2
190320,41,6,35,2
190321,46,10,36,2
190322,49,4,45,2
190323,63,13,50,2
190324,46,6,40,2
190325,63,7,56,2
190326,57,7,50,2
190327,52,9,43,2
190328,58,7,51,2
190329,56,6,50,2
190330,58,4,54,2
190331,45,7,38,2
190332,53,6,47,2
190333,61,5,56,2
190334,52,6,46,2
190335,52,6,46,2
190336,61,2,59,2
190337,50,6,44,2
190338,52,5,47,2
190339,42,4,38,2
190340,67,13,54,2
190341,62,7,55,2
190342,61,7,54,2
190343,60,5,55,2
190344,50,6,44,2
190345,51,5,46,2
190346,59,8,51,2
190347,59,3,56,2
190348,57,10,47,2
190349,58,11,47,2
190350,63,9,54,2
190351,44,2,42,2
190352,64,5,59,2
190353,50,6,44,2
190354,52,5,47,2
190355,64,9,55,2
190356,62,3,59,2
190357,51,6,45,2
190358,53,3,50,2
190359,64,9,55,2
190360,57,6,51,2
190361,47,6,41,2
190362,48,2,46,2
190363,60,9,51,2
190364,66,10,56,2
190365,54,8,46,2
190366,33,5,28,2
190367,39,3,36,2
190368,49,6,43,2
190369,53,3,50,2
190370,61,5,56,2
190371,54,5,49,2
190372,58,7,51,2
190373,43,3,40,2
190374,45,4,41,2
190375,51,8,43,2
190376,48,7,41,2
190377,53,6,47,2
190378,54,7,47,2
190379,51,7,44,2
190380,66,7,59,2
190381,57,8,49,2
190382,63,7,56,2
190383,50,7,43,2
190384,49,4,45,2
190385,53,6,47,2
190386,52,7,45,2
190387,61,6,55,2
190388,47,2,45,2
190389,54,4,50,2
190390,57,6,51,2
190391,42,5,37,2
190392,58,3,55,2
190393,45,1,44,2
190394,45,6,39,2
190395,48,8,40,2
190396,57,12,45,2
190397,51,6,45,2
190398,43,5,38,2
190399,53,9,44,2
190400,56,10,46,2
190401,44,4,40,2
190402,64,5,59,2
190403,52,7,45,2
190404,51,5,46,2
190405,49,7,42,2
190406,58,4,54,2
190407,45,3,42,2
190408,56,6,50,2
190409,50,4,46,2
190410,60,4,56,2
190411,45,10,35,2
190412,48,6,42,2
190413,44,5,39,2
190414,61,9,52,2
190415,54,3,51,2
190416,42,6,36,2
190417,66,12,54,2
190418,64,7,57,2
190419,60,7,53,2
190420,56,8,48,2
190421,54,3,51,2
190422,61,6,55,2
190423,64,11,53,2
190424,56,4,52,2
190425,63,4,59,2
190426,51,10,41,2
190427,34,5,29,2
190428,45,8,37,2
190429,56,8,48,2
190430,50,4,46,2
190431,49,9,40,2
190432,59,5,54,2
190433,54,9,45,2
190434,68,6,62,2
190435,65,8,57,2
190436,54,3,51,2
190437,47,5,42,2
190438,45,4,41,2
190439,62,8,54,2
190440,61,5,56,2
190441,50,8,42,2
190442,55,8,47,2
190443,45,3,42,2
190444,50,6,44,2
190445,58,7,51,2
190446,58,12,46,2
190447,63,8,55,2
190448,53,7,46,2
190449,46,4,42,2
190450,59,5,54,2
190451,38,8,30,2
190452,50,6,44,2
190453,49,4,45,2
190454,49,4,45,2
190455,52,12,40,2
190456,35,5,30,2
190457,63,8,55,2
190458,49,9,40,2
190459,43,10,33,2
190460,45,6,39,2
190461,58,3,55,2
190462,57,9,48,2
190463,62,9,53,2
190464,51,6,45,2
190465,62,5,57,2
190466,57,9,48,2
190467,54,8,46,2
190468,50,6,44,2
190469,56,3,53,2
190470,54,6,48,2
190471,52,6,46,2
190472,68,13,55,2
190473,57,3,54,2
190474,46,3,43,2
190475,40,2,38,2
190476,45,2,43,2
190477,44,7,37,2
190478,55,8,47,2
190479,63,13,50,2
190480,53,4,49,2
190481,56,5,51,2
190482,54,10,44,2
190483,58,8,50,2
190484,54,6,48,2
190485,48,4,44,2
190486,64,8,56,2
190487,56,4,52,2
190488,44,5,39,2
190489,48,6,42,2
190490,45,4,41,2
190491,51,4,47,2
190492,60,7,53,2
190493,46,4,42,2
190494,45,7,38,2
190495,59,12,47,2
190496,51,6,45,2
190497,47,8,39,2
190498,42,5,37,2
190499,65,6,59,2
190500,51,9,42,2
190501,56,7,49,2
190502,55,10,45,2
190503,66,10,56,2
190504,56,6,50,2
190505,55,6,49,2
190506,58,7,51,2
190507,49,6,43,2
190508,65,7,58,2
190509,51,10,41,2
190510,66,6,60,2
190511,60,7,53,2
190512,59,6,53,2
190513,66,7,59,2
190514,67,5,62,2
190515,49,2,47,2
190516,53,6,47,2
190517,55,4,51,2
190518,44,9,35,2
190519,59,9,50,2
190520,57,12,45,2
190521,64,10,54,2
190522,52,8,44,2
190523,54,5,49,2
190524,64,4,60,2
190525,70,6,64,2
190526,67,11,56,2
190527,47,7,40,2
190528,65,7,58,2
190529,46,2,44,2
190530,41,5,36,2
190531,35,8,27,2
190532,50,4,46,2
190533,45,4,41,2
190534,47,6,41,2
190535,51,1,50,2
190536,55,8,47,2
190537,58,10,48,2
190538,49,7,42,2
190539,63,7,56,2
190540,56,5,51,2
190541,69,5,64,2
190542,43,5,38,2
190543,73,12,61,2
190544,56,8,48,2
190545,46,2,44,2
190546,57,6,51,2
190547,70,4,66,2
190548,51,3,48,2
190549,62,12,50,2
190550,56,8,48,2
190551,55,7,48,2
190552,50,5,45,2
190553,56,9,47,2
190554,66,9,57,2
190555,51,6,45,2
190556,57,10,47,2
190557,65,6,59,2
190558,57,2,55,2
190559,65,14,51,2
190560,52,6,46,2
190561,55,8,47,2
190562,43,4,39,2
190563,48,7,41,2
190564,47,3,44,2
190565,48,5,43,2
190566,57,3,54,2
190567,53,10,43,2
190568,50,8,42,2
190569,54,8,46,2
190570,54,6,48,2
190571,58,6,52,2
190572,54,8,46,2
190573,57,7,50,2
190574,59,5,54,2
190575,67,8,59,2
190576,59,7,52,2
190577,51,4,47,2
190578,55,9,46,2
190579,59,1,58,2
190580,50,8,42,2
190581,52,8,44,2
190582,51,6,45,2
190583,55,9,46,2
190584,59,11,48,2
190585,45,6,39,2
190586,64,3,61,2
190587,53,5,48,2
190588,51,7,44,2
190589,57,7,50,2
190590,57,7,50,2
190591,59,7,52,2
190592,48,0,48,1
190593,54,6,48,2
190594,49,12,37,2
190595,58,6,52,2
190596,58,7,51,2
190597,60,6,54,2
190598,68,10,58,2
190599,43,4,39,2
190600,42,2,40,2
190601,63,11,52,2
190602,47,6,41,2
190603,63,9,54,2
190604,48,4,44,2
190605,58,7,51,2
190606,47,5,42,2
190607,60,6,54,2
190608,47,7,40,2
190609,53,5,48,2
190610,50,6,44,2
190611,67,9,58,2
190612,56,9,47,2
190613,49,6,43,2
190614,63,9,54,2
190615,67,9,58,2
190616,39,5,34,2
190617,54,7,47,2
190618,56,7,49,2
190619,54,5,49,2
190620,44,6,38,2
190621,62,7,55,2
190622,48,5,43,2
190623,46,3,43,2
190624,57,6,51,2
190625,63,7,56,2
190626,53,8,45,2
190627,72,4,68,2
190628,52,7,45,2
190629,59,5,54,2
190630,42,1,41,2
190631,47,5,42,2
190632,57,7,50,2
190633,53,6,47,2
190634,53,5,48,2
190635,54,6,48,2
190636,59,6,53,2
190637,66,9,57,2
190638,66,6,60,2
190639,42,10,32,2
190640,50,6,44,2
190641,54,4,50,2
190642,54,4,50,2
190643,57,11,46,2
190644,56,7,49,2
190645,58,5,53,2
190646,60,5,55,2
190647,54,6,48,2
190648,38,5,33,2
190649,51,11,40,2
190650,51,5,46,2
190651,54,5,49,2
190652,65,9,56,2
190653,52,4,48,2
190654,53,3,50,2
190655,55,5,50,2
190656,51,6,45,2
190657,66,8,58,2
190658,52,8,44,2
190659,52,4,48,2
190660,49,9,40,2
190661,52,7,45,2
190662,48,9,39,2
190663,48,5,43,2
190664,41,7,34,2
190665,45,4,41,2
190666,44,6,38,2
190667,51,5,46,2
190668,44,2,42,2
190669,73,5,68,2
190670,49,6,43,2
190671,53,8,45,2
190672,52,4,48,2
190673,76,7,69,2
190674,55,7,48,2
190675,53,9,44,2
190676,49,11,38,2
190677,55,9,46,2
190679,59,5,54,2
190680,49,3,46,2
190681,63,7,56,2
190683,57,8,49,2
190684,54,7,47,2
190685,52,6,46,2
190686,46,10,36,2
190687,57,6,51,2
190688,44,5,39,2
190689,54,7,47,2
190690,67,7,60,2
190691,45,7,38,2
190692,62,8,54,2
190693,55,9,46,2
190694,53,7,46,2
190695,46,4,42,2
190696,62,7,55,2
190697,58,8,50,2
190698,53,6,47,2
190699,58,6,52,2
190700,61,12,49,2
190701,60,8,52,2
190702,48,6,42,2
190703,58,5,53,2
190704,59,5,54,2
190705,57,7,50,2
190706,57,6,51,2
190707,56,8,48,2
190708,55,8,47,2
190709,47,5,42,2
190710,53,2,51,2
190711,51,5,46,2
190712,60,5,55,2
190713,66,11,55,2
190714,37,3,34,2
190715,62,8,54,2
190716,52,7,45,2
190717,57,7,50,2
190718,50,6,44,2
190719,52,9,43,2
190720,40,1,39,2
190721,65,9,56,2
190722,67,7,60,2
190723,54,6,48,2
190724,55,7,48,2
190725,58,12,46,2
190726,59,8,51,2
190727,65,5,60,2
190728,44,5,39,2
190729,52,6,46,2
190730,47,6,41,2
190731,45,6,39,2
190732,62,9,53,2
190733,52,5,47,2
190734,50,4,46,2
190735,49,7,42,2
190736,46,7,39,2
190737,64,9,55,2
190738,52,5,47,2
190739,40,5,35,2
190740,54,13,41,2
190741,50,7,43,2
190742,68,7,61,2
190743,71,8,63,2
190744,60,4,56,2
190745,60,6,54,2
190746,53,6,47,2
190747,55,11,44,2
190748,53,6,47,2
190749,64,9,55,2
190750,44,6,38,2
190751,61,7,54,2
190752,53,4,49,2
190753,52,5,47,2
190754,54,6,48,2
190755,58,7,51,2
190756,45,6,39,2
190757,38,5,33,2
190758,60,13,47,2
190759,64,8,56,2
190760,60,6,54,2
190761,53,8,45,2
190762,48,7,41,2
190763,50,10,40,2
190764,60,5,55,2
190765,53,6,47,2
190766,52,5,47,2
190767,66,8,58,2
190768,58,4,54,2
190769,86,14,72,2
190770,47,6,41,2
190771,35,4,31,2
190772,58,13,45,2
190773,56,6,50,2
190774,54,8,46,2
190775,53,7,46,2
190776,65,6,59,2
190777,48,6,42,2
190778,49,3,46,2
190779,45,5,40,2
190780,64,4,60,2
190781,47,11,36,2
190782,58,3,55,2
190783,52,9,43,2
190784,55,6,49,2
190785,61,10,51,2
190786,52,6,46,2
190787,55,8,47,2
190788,61,6,55,2
190789,47,7,40,2
190790,55,8,47,2
190791,61,7,54,2
190792,54,5,49,2
190793,59,3,56,2
190794,58,9,49,2
190795,52,5,47,2
190796,50,5,45,2
190797,61,8,53,2
190798,56,6,50,2
190799,61,8,53,2
190800,59,8,51,2
190801,48,9,39,2
190802,56,6,50,2
190803,58,7,51,2
190804,57,4,53,2
190805,59,7,52,2
190806,59,9,50,2
190807,51,5,46,2
190808,63,3,60,2
190809,50,14,36,2
190810,58,6,52,2
190811,60,7,53,2
190812,54,10,44,2
190813,59,7,52,2
190814,43,7,36,2
190815,56,9,47,2
190816,56,6,50,2
190817,44,6,38,2
190818,54,6,48,2
190819,46,6,40,2
190820,49,5,44,2
190821,62,10,52,2
190822,47,4,43,2
190823,50,3,47,2
190824,51,3,48,2
190825,52,9,43,2
190826,60,7,53,2
190827,44,3,41,2
190828,63,7,56,2
190829,64,7,57,2
190830,54,3,51,2
190831,52,5,47,2
190832,64,9,55,2
190833,56,5,51,2
190834,55,0,55,1
190835,59,13,46,2
190836,49,3,46,2
190837,51,6,45,2
190838,62,4,58,2
190839,45,10,35,2
190840,50,7,43,2
190841,46,6,40,2
190842,59,7,52,2
190843,48,6,42,2
190844,46,6,40,2
190845,60,4,56,2
190846,51,4,47,2
190847,48,10,38,2
190848,68,13,55,2
190849,38,4,34,2
190850,64,9,55,2
190851,38,6,32,2
190852,62,7,55,2
190853,49,3,46,2
190854,54,3,51,2
190855,52,5,47,2
190856,58,9,49,2
190857,62,4,58,2
190858,44,8,36,2
190859,49,2,47,2
190860,58,6,52,2
190861,41,2,39,2
190862,57,11,46,2
190863,53,13,40,2
190864,55,7,48,2
190865,42,3,39,2
190866,60,7,53,2
190867,53,8,45,2
190868,65,6,59,2
190869,44,6,38,2
190870,52,6,46,2
190871,65,4,61,2
190872,43,2,41,2
190873,55,7,48,2
190874,58,11,47,2
190875,59,5,54,2
190876,35,4,31,2
190877,45,6,39,2
190878,51,7,44,2
190879,48,8,40,2
190880,57,6,51,2
190881,48,9,39,2
190882,41,4,37,2
190883,56,6,50,2
190884,48,5,43,2
190885,58,9,49,2
190886,55,5,50,2
190887,47,6,41,2
190888,44,2,42,2
190889,64,11,53,2
190890,58,8,50,2
190891,60,10,50,2
190892,61,5,56,2
190893,56,4,52,2
190894,58,6,52,2
190895,47,7,40,2
190896,65,6,59,2
190897,66,6,60,2
190898,60,5,55,2
190899,65,4,61,2
190900,50,6,44,2
190901,63,8,55,2
190902,51,7,44,2
190903,46,6,40,2
190904,40,6,34,2
190905,51,2,49,2
190906,8,0,8,1
190907,51,7,44,2
190908,47,14,33,2
190909,57,6,51,2
190910,49,1,48,2
190911,43,3,40,2
190912,62,6,56,2
190913,68,6,62,2
190914,61,8,53,2
190915,51,9,42,2
190916,41,2,39,2
190917,46,5,41,2
190918,57,7,50,2
190919,54,5,49,2
190920,53,5,48,2
190921,58,15,43,2
190922,55,11,44,2
190923,49,9,40,2
190924,54,4,50,2
190925,56,5,51,2
190926,58,10,48,2
190927,66,8,58,2
190928,45,6,39,2
190929,48,6,42,2
190930,66,7,59,2
190931,52,6,46,2
190932,52,7,45,2
190933,62,5,57,2
190934,62,6,56,2
190935,56,4,52,2
190936,73,13,60,2
190937,46,9,37,2
190938,72,7,65,2
190939,56,10,46,2
190940,48,8,40,2
190941,54,3,51,2
190942,55,3,52,2
190943,65,7,58,2
190944,49,8,41,2
190945,56,9,47,2
190946,35,2,33,2
190947,49,3,46,2
190948,56,10,46,2
190949,50,3,47,2
190950,50,3,47,2
190951,61,11,50,2
190952,39,2,37,2
190953,57,11,46,2
190954,49,6,43,2
190955,45,9,36,2
190956,50,4,46,2
190957,59,8,51,2
190958,53,6,47,2
190959,62,7,55,2
190960,53,5,48,2
190961,50,10,40,2
190962,57,8,49,2
190963,61,9,52,2
190964,47,4,43,2
190965,58,4,54,2
190966,54,4,50,2
190967,45,3,42,2
190968,67,9,58,2
190969,38,3,35,2
190970,53,7,46,2
190971,67,6,61,2
190972,52,4,48,2
190973,46,5,41,2
190974,49,6,43,2
190976,61,7,54,2
190977,61,6,55,2
190978,51,5,46,2
190979,55,5,50,2
190980,64,8,56,2
190981,56,2,54,2
190982,50,7,43,2
190983,48,9,39,2
190984,55,6,49,2
190985,66,7,59,2
190986,58,9,49,2
190987,45,5,40,2
190988,60,4,56,2
190989,55,9,46,2
190990,59,8,51,2
190991,53,6,47,2
190992,41,4,37,2
190993,52,3,49,2
190994,54,4,50,2
190995,57,9,48,2
190996,54,7,47,2
190997,52,3,49,2
190998,59,4,55,2
190999,58,5,53,2
191000,43,3,40,2
191001,54,5,49,2
191002,48,5,43,2
191003,48,6,42,2
191004,68,7,61,2
191005,54,6,48,2
191006,60,6,54,2
191007,51,10,41,2
191008,40,6,34,2
191009,56,6,50,2
191010,63,10,53,2
191011,53,5,48,2
191012,73,11,62,2
191013,62,8,54,2
191014,41,9,32,2
191015,44,2,42,2
191016,70,9,61,2
191017,64,8,56,2
191018,51,4,47,2
191019,57,8,49,2
191020,62,7,55,2
191021,44,6,38,2
191022,59,6,53,2
191023,58,5,53,2
191024,57,9,48,2
191025,59,6,53,2
191026,57,10,47,2
191027,54,7,47,2
191028,47,7,40,2
191029,59,7,52,2
191030,52,8,44,2
191031,62,8,54,2
191032,50,4,46,2
191033,49,3,46,2
191034,64,7,57,2
191035,49,8,41,2
191036,56,12,44,2
191037,64,6,58,2
191038,40,6,34,2
191039,59,6,53,2
191040,45,7,38,2
191041,57,4,53,2
191042,45,7,38,2
191043,65,11,54,2
191044,57,6,51,2
191045,49,4,45,2
191046,72,5,67,2
191047,46,3,43,2
191048,64,9,55,2
191049,45,7,38,2
191050,52,7,45,2
191051,34,3,31,2
191052,65,8,57,2
191053,61,4,57,2
191054,59,5,54,2
191055,51,5,46,2
191056,60,6,54,2
191057,55,6,49,2
191058,48,6,42,2
191059,40,4,36,2
191060,37,3,34,2
191061,52,4,48,2
191062,48,8,40,2
191063,71,6,65,2
191064,44,6,38,2
191065,46,4,42,2
191066,57,6,51,2
191067,41,7,34,2
191068,49,8,41,2
191069,58,3,55,2
191070,47,4,43,2
191071,67,9,58,2
191072,39,3,36,2
191073,49,3,46,2
191074,61,10,51,2
191075,52,6,46,2
191076,53,10,43,2
191077,55,7,48,2
191078,57,3,54,2
191079,48,3,45,2
191080,56,8,48,2
191081,46,2,44,2
191082,55,4,51,2
191083,62,5,57,2
191084,58,8,50,2
191085,56,5,51,2
191086,51,6,45,2
191087,63,12,51,2
191088,43,2,41,2
191089,50,4,46,2
191090,54,7,47,2
191091,68,9,59,2
191092,59,4,55,2
191093,41,4,37,2
191094,53,7,46,2
191095,56,4,52,2
191096,62,9,53,2
191097,72,10,62,2
191098,54,8,46,2
191099,54,8,46,2
191100,44,3,41,2
191101,54,7,47,2
191102,49,11,38,2
191103,53,6,47,2
191104,56,5,51,2
191105,59,7,52,2
191106,48,3,45,2
191107,40,5,35,2
191108,54,11,43,2
191109,69,6,63,2
191110,46,8,38,2
191111,58,7,51,2
191112,45,3,42,2
191113,49,6,43,2
191114,72,8,64,2
191115,62,6,56,2
191116,64,7,57,2
191117,62,6,56,2
191118,45,5,40,2
191119,53,3,50,2
191120,56,6,50,2
191121,68,8,60,2
191122,52,6,46,2
191123,58,7,51,2
191124,44,4,40,2
191125,53,6,47,2
191126,59,5,54,2
191127,59,5,54,2
191128,61,10,51,2
191129,43,5,38,2
191130,61,7,54,2
191131,52,5,47,2
191132,61,5,56,2
191133,47,1,46,2
191134,50,5,45,2
191135,54,8,46,2
191136,64,6,58,2
191137,63,11,52,2
191138,55,6,49,2
191139,41,2,39,2
191140,45,3,42,2
191141,55,9,46,2
191142,59,8,51,2
191143,51,6,45,2
191144,44,4,40,2
191145,55,8,47,2
191146,48,5,43,2
191147,52,3,49,2
191148,65,6,59,2
191149,44,5,39,2
191150,47,6,41,2
191151,49,8,41,2
191152,60,3,57,2
191153,55,5,50,2
191154,62,9,53,2
191155,67,3,64,2
191156,49,5,44,2
191157,61,10,51,2
191158,49,7,42,2
191159,55,8,47,2
191160,57,10,47,2
191161,49,2,47,2
191162,58,12,46,2
191163,53,9,44,2
191164,51,6,45,2
191165,59,5,54,2
191166,61,5,56,2
191167,57,6,51,2
191168,46,10,36,2
191169,57,9,48,2
191170,53,4,49,2
191171,55,4,51,2
191172,49,5,44,2
191173,47,6,41,2
191174,57,6,51,2
191175,52,5,47,2
191176,40,4,36,2
191177,54,5,49,2
191178,57,5,52,2
191179,54,7,47,2
191180,48,5,43,2
191181,58,9,49,2
191182,57,4,53,2
191183,41,4,37,2
191184,47,6,41,2
191185,55,10,45,2
191186,47,2,45,2
191187,50,10,40,2
191188,50,5,45,2
191189,62,6,56,2
191190,48,3,45,2
191191,55,9,46,2
191192,54,10,44,2
191193,45,1,44,2
191194,56,4,52,2
191195,60,8,52,2
191196,51,5,46,2
191197,36,2,34,2
191198,60,14,46,2
191199,59,4,55,2
191200,86,18,68,2
191201,54,7,47,2
191202,46,3,43,2
191203,57,6,51,2
191204,50,6,44,2
191205,51,7,44,2
191206,50,7,43,2
191207,71,12,59,2
191208,66,12,54,2
191209,67,9,58,2
191210,52,4,48,2
191211,60,10,50,2
191212,54,4,50,2
191213,65,5,60,2
191214,43,6,37,2
191215,58,9,49,2
191216,44,6,38,2
191217,49,2,47,2
191218,50,6,44,2
191219,62,11,51,2
191220,49,8,41,2
191221,64,9,55,2
191222,57,6,51,2
191223,48,4,44,2
191224,54,3,51,2
191225,57,9,48,2
191226,39,2,37,2
191227,60,7,53,2
191228,56,6,50,2
191229,53,4,49,2
191230,53,9,44,2
191231,48,6,42,2
191232,57,8,49,2
191233,62,7,55,2
191234,40,4,36,2
191235,47,3,44,2
191236,50,5,45,2
191237,59,3,56,2
191238,69,11,58,2
191239,49,9,40,2
191240,41,4,37,2
191241,59,6,53,2
191242,52,11,41,2
191243,59,4,55,2
191244,48,3,45,2
191245,47,6,41,2
191246,50,7,43,2
191247,49,6,43,2
191248,51,6,45,2
191249,47,2,45,2
191250,66,4,62,2
191251,53,6,47,2
191252,43,6,37,2
191253,55,6,49,2
191254,53,12,41,2
191255,62,4,58,2
191256,56,7,49,2
191257,65,8,57,2
191258,48,4,44,2
191259,51,2,49,2
191260,42,4,38,2
191261,58,8,50,2
191262,39,4,35,2
191263,44,4,40,2
191264,50,7,43,2
191265,51,6,45,2
191266,43,3,40,2
191267,39,5,34,2
191268,53,8,45,2
191269,57,8,49,2
191270,70,11,59,2
191271,53,11,42,2
191272,53,6,47,2
191273,65,6,59,2
191274,46,5,41,2
191275,42,3,39,2
191276,55,10,45,2
191277,52,8,44,2
191278,54,10,44,2
191279,50,7,43,2
191280,53,8,45,2
191281,49,4,45,2
191282,47,4,43,2
191283,48,5,43,2
191284,60,8,52,2
191285,45,10,35,2
191286,56,2,54,2
191287,41,5,36,2
191288,51,1,50,2
191289,44,6,38,2
191290,62,3,59,2
191291,65,7,58,2
191292,52,4,48,2
191293,65,5,60,2
191294,58,10,48,2
191295,58,7,51,2
191296,57,5,52,2
191297,60,6,54,2
191298,57,6,51,2
191299,62,7,55,2
191300,44,8,36,2
191301,64,11,53,2
191302,59,5,54,2
191303,63,7,56,2
191304,51,6,45,2
191305,51,5,46,2
191306,55,9,46,2
191308,49,4,45,2
191309,56,7,49,2
191310,60,9,51,2
191311,66,6,60,2
191312,58,5,53,2
191313,58,5,53,2
191314,57,10,47,2
191315,56,3,53,2
191316,44,3,41,2
191317,53,5,48,2
191318,62,9,53,2
191319,47,9,38,2
191320,61,7,54,2
191321,56,8,48,2
191322,54,8,46,2
191323,64,8,56,2
191324,43,3,40,2
191325,53,9,44,2
191326,57,1,56,2
191327,52,5,47,2
191328,58,5,53,2
191329,51,4,47,2
191330,51,8,43,2
191331,61,9,52,2
191332,48,5,43,2
191333,55,8,47,2
191334,63,4,59,2
191335,59,11,48,2
191336,48,7,41,2
191337,45,7,38,2
191338,46,6,40,2
191339,55,3,52,2
191340,50,6,44,2
191341,57,4,53,2
191342,62,4,58,2
191343,51,5,46,2
191344,51,7,44,2
191345,46,3,43,2
191346,62,4,58,2
191347,57,2,55,2
191348,58,10,48,2
191349,66,13,53,2
191350,48,5,43,2
191351,58,11,47,2
191352,54,7,47,2
191353,45,5,40,2
191354,46,6,40,2
191355,61,7,54,2
191356,56,9,47,2
191357,59,4,55,2
191358,48,9,39,2
191359,47,4,43,2
191360,55,9,46,2
191361,63,12,51,2
191362,61,8,53,2
191363,57,9,48,2
191364,54,5,49,2
191365,47,6,41,2
191366,55,6,49,2
191367,60,4,56,2
191368,40,3,37,2
191369,48,5,43,2
191370,61,6,55,2
191371,55,11,44,2
191372,53,7,46,2
191373,58,9,49,2
191374,46,1,45,2
191375,47,7,40,2
191376,58,4,54,2
191377,42,5,37,2
191378,56,4,52,2
191379,55,5,50,2
191380,60,5,55,2
191381,63,6,57,2
191382,58,6,52,2
191383,51,2,49,2
191384,54,7,47,2
191385,46,4,42,2
191386,58,10,48,2
191387,48,5,43,2
191388,56,6,50,2
191389,64,7,57,2
191390,52,4,48,2
191391,61,10,51,2
191392,43,6,37,2
191393,65,10,55,2
191394,42,3,39,2
191395,55,9,46,2
191396,49,5,44,2
191397,45,6,39,2
191398,58,5,53,2
191399,52,5,47,2
191400,51,6,45,2
191401,49,8,41,2
191402,56,3,53,2
191403,45,8,37,2
191404,51,13,38,2
191405,44,7,37,2
191406,50,3,47,2
191407,64,7,57,2
191408,64,10,54,2
191409,65,5,60,2
191410,54,5,49,2
191411,51,9,42,2
191412,59,5,54,2
191413,61,6,55,2
191414,40,6,34,2
191415,55,5,50,2
191416,52,12,40,2
191417,45,6,39,2
191418,53,7,46,2
191419,59,4,55,2
191420,65,7,58,2
191421,47,4,43,2
191422,36,3,33,2
191423,52,8,44,2
191424,51,3,48,2
191425,70,9,61,2
191426,61,5,56,2
191427,45,4,41,2
191428,59,5,54,2
191429,50,4,46,2
191430,64,8,56,2
191431,67,9,58,2
191432,66,11,55,2
191433,66,10,56,2
191434,48,6,42,2
191435,64,9,55,2
191436,48,2,46,2
191437,47,4,43,2
191438,59,14,45,2
191439,57,5,52,2
191440,50,8,42,2
191441,50,5,45,2
191442,59,5,54,2
191443,60,4,56,2
191444,58,7,51,2
191445,59,5,54,2
191446,40,4,36,2
191447,63,3,60,2
191448,55,4,51,2
191449,43,6,37,2
191450,59,6,53,2
191451,56,4,52,2
191452,55,6,49,2
191453,71,5,66,2
191454,71,8,63,2
191455,67,6,61,2
191456,62,6,56,2
191457,56,5,51,2
191458,57,7,50,2
191459,43,4,39,2
191460,66,6,60,2
191461,59,11,48,2
191462,57,6,51,2
191463,67,7,60,2
191464,54,7,47,2
191465,44,6,38,2
191466,63,9,54,2
191467,51,7,44,2
191468,59,10,49,2
191469,54,7,47,2
191470,48,9,39,2
191471,51,7,44,2
191472,59,8,51,2
191473,51,6,45,2
191474,55,4,51,2
191475,55,10,45,2
191476,56,3,53,2
191477,68,10,58,2
191478,60,3,57,2
191479,49,6,43,2
191480,69,11,58,2
191481,51,6,45,2
191482,55,8,47,2
191483,55,6,49,2
191484,47,6,41,2
191485,53,16,37,2
191486,56,8,48,2
191487,57,9,48,2
191488,45,2,43,2
191489,60,4,56,2
191490,55,7,48,2
191491,52,6,46,2
191492,46,3,43,2
191493,65,11,54,2
191494,59,7,52,2
191495,64,6,58,2
191496,50,4,46,2
191497,44,4,40,2
191498,62,8,54,2
191499,47,2,45,2
191500,58,5,53,2
191501,54,6,48,2
191502,55,4,51,2
191503,54,8,46,2
191504,64,9,55,2
191505,54,6,48,2
191506,57,9,48,2
191507,57,6,51,2
191508,45,6,39,2
191509,49,5,44,2
191510,58,4,54,2
191511,45,7,38,2
191512,46,5,41,2
191513,47,4,43,2
191514,54,6,48,2
191515,54,6,48,2
191516,56,6,50,2
191517,59,5,54,2
191518,58,10,48,2
191519,54,4,50,2
191520,52,6,46,2
191521,45,2,43,2
191522,56,11,45,2
191523,56,3,53,2
191524,49,3,46,2
191525,48,6,42,2
191526,55,8,47,2
191527,59,2,57,2
191528,72,13,59,2
191529,46,5,41,2
191530,65,6,59,2
191531,61,10,51,2
191532,57,9,48,2
191533,45,6,39,2
191534,49,2,47,2
191535,60,2,58,2
191536,45,5,40,2
191537,58,7,51,2
191538,63,2,61,2
191539,63,9,54,2
191540,70,4,66,2
191541,64,7,57,2
191542,49,5,44,2
191543,65,5,60,2
191544,52,8,44,2
191545,60,7,53,2
191546,51,9,42,2
191547,55,11,44,2
191548,58,9,49,2
191549,53,4,49,2
191550,56,9,47,2
191551,52,5,47,2
191552,59,11,48,2
191553,50,2,48,2
191554,50,8,42,2
191555,55,9,46,2
191556,50,3,47,2
191557,53,8,45,2
191558,56,7,49,2
191559,50,7,43,2
191560,56,4,52,2
191561,53,4,49,2
191562,52,6,46,2
191563,47,3,44,2
191564,63,7,56,2
191565,52,7,45,2
191566,46,6,40,2
191567,55,7,48,2
191568,56,5,51,2
191569,50,8,42,2
191570,45,6,39,2
191571,40,3,37,2
191572,44,6,38,2
191573,47,5,42,2
191574,62,5,57,2
191575,48,5,43,2
191576,60,8,52,2
191577,59,8,51,2
191578,43,3,40,2
191579,56,5,51,2
191580,47,5,42,2
191581,64,13,51,2
191582,54,9,45,2
191583,63,7,56,2
191584,57,6,51,2
191585,66,6,60,2
191586,53,4,49,2
191587,54,4,50,2
191588,57,13,44,2
191589,42,5,37,2
191590,47,8,39,2
191591,40,6,34,2
191592,46,3,43,2
191593,56,4,52,2
191594,60,10,50,2
191595,51,8,43,2
191596,55,6,49,2
191597,51,8,43,2
191598,49,5,44,2
191599,57,10,47,2
191600,74,8,66,2
191601,46,5,41,2
191602,51,8,43,2
191603,52,10,42,2
191604,56,8,48,2
191605,57,9,48,2
191606,2,0,2,1
191607,55,8,47,2
191608,63,8,55,2
191609,46,4,42,2
191610,51,8,43,2
191611,45,7,38,2
191612,59,7,52,2
191613,56,4,52,2
191614,46,3,43,2
191615,60,8,52,2
191616,44,5,39,2
191617,60,3,57,2
191618,37,7,30,2
191619,58,10,48,2
191620,62,7,55,2
191621,46,4,42,2
191622,49,5,44,2
191623,44,4,40,2
191624,51,6,45,2
191625,51,7,44,2
191626,45,5,40,2
191627,56,7,49,2
191628,57,4,53,2
191629,55,6,49,2
191630,50,9,41,2
191631,50,4,46,2
191632,48,7,41,2
191633,59,8,51,2
191634,54,3,51,2
191635,47,8,39,2
191636,60,12,48,2
191637,54,5,49,2
191638,50,4,46,2
191639,61,11,50,2
191640,55,6,49,2
191641,57,9,48,2
191642,58,7,51,2
191643,50,10,40,2
191644,61,11,50,2
191645,53,4,49,2
191646,67,4,63,2
191647,62,7,55,2
191648,57,2,55,2
191649,54,9,45,2
191650,61,11,50,2
191651,51,4,47,2
191652,55,4,51,2
191653,52,6,46,2
191654,55,11,44,2
191655,55,5,50,2
191656,57,7,50,2
191657,52,10,42,2
191658,62,5,57,2
191659,59,2,57,2
191660,50,4,46,2
191661,56,5,51,2
191662,55,7,48,2
191663,54,11,43,2
191664,44,8,36,2
191665,44,7,37,2
191666,70,14,56,2
191667,67,9,58,2
191668,62,11,51,2
191669,61,9,52,2
191670,45,5,40,2
191671,48,9,39,2
191672,49,13,36,2
191673,48,7,41,2
191674,59,9,50,2
191675,50,5,45,2
191676,68,15,53,2
191677,45,5,40,2
191678,66,6,60,2
191679,50,5,45,2
191680,54,6,48,2
191681,65,14,51,2
191682,57,7,50,2
191683,59,7,52,2
191684,65,12,53,2
191685,45,3,42,2
191686,50,6,44,2
191687,53,9,44,2
191688,49,4,45,2
191689,59,2,57,2
191690,50,6,44,2
191691,50,8,42,2
191692,57,9,48,2
191693,52,7,45,2
191694,55,4,51,2
191695,57,7,50,2
191696,41,4,37,2
191697,46,7,39,2
191698,51,8,43,2
191699,57,5,52,2
191700,55,4,51,2
191701,62,5,57,2
191702,36,3,33,2
191703,62,8,54,2
191704,63,7,56,2
191705,60,6,54,2
191706,57,3,54,2
191707,52,9,43,2
191708,54,7,47,2
191709,56,7,49,2
191710,64,10,54,2
191711,55,7,48,2
191712,58,5,53,2
191713,59,3,56,2
191714,59,6,53,2
191715,75,6,69,2
191716,53,7,46,2
191717,49,6,43,2
191718,67,8,59,2
191719,47,7,40,2
191720,67,7,60,2
191721,58,9,49,2
191722,55,3,52,2
191723,51,3,48,2
191724,47,2,45,2
191725,48,6,42,2
191726,38,4,34,2
191727,60,11,49,2
191728,63,13,50,2
191729,62,5,57,2
191730,54,7,47,2
191731,54,4,50,2
191732,56,13,43,2
191733,44,5,39,2
191734,58,5,53,2
191735,53,8,45,2
191736,56,6,50,2
191737,58,6,52,2
191738,68,5,63,2
191739,58,6,52,2
191740,52,4,48,2
191741,38,8,30,2
191742,55,5,50,2
191743,65,7,58,2
191744,55,4,51,2
191745,45,2,43,2
191746,58,12,46,2
191747,50,5,45,2
191748,62,6,56,2
191749,60,5,55,2
191750,47,8,39,2
191751,59,4,55,2
191752,64,7,57,2
191753,64,7,57,2
191754,63,4,59,2
191755,56,7,49,2
191756,56,5,51,2
191757,65,9,56,2
191758,63,7,56,2
191759,54,7,47,2
191760,50,6,44,2
191761,62,5,57,2
191762,59,6,53,2
191763,52,5,47,2
191764,53,2,51,2
191765,39,6,33,2
191766,64,6,58,2
191767,46,5,41,2
191768,45,6,39,2
191769,62,7,55,2
191770,47,6,41,2
191771,46,5,41,2
191772,49,8,41,2
191773,46,7,39,2
191774,51,5,46,2
191775,68,5,63,2
191776,48,11,37,2
191777,61,11,50,2
191778,51,7,44,2
191779,48,7,41,2
191780,55,6,49,2
191781,57,6,51,2
191782,54,4,50,2
191783,59,4,55,2
191784,56,7,49,2
191785,70,10,60,2
191786,58,8,50,2
191787,47,2,45,2
191788,68,7,61,2
191789,52,7,45,2
191790,61,4,57,2
191791,49,9,40,2
191792,60,3,57,2
191793,63,7,56,2
191794,41,6,35,2
191795,52,5,47,2
191796,61,3,58,2
191797,64,10,54,2
191798,58,6,52,2
191799,54,8,46,2
191800,71,10,61,2
191801,64,10,54,2
191802,58,8,50,2
191803,45,7,38,2
191804,52,9,43,2
191805,52,5,47,2
191806,67,9,58,2
191807,50,3,47,2
191808,62,5,57,2
191809,50,8,42,2
191810,52,4,48,2
191811,65,7,58,2
191812,57,9,48,2
191813,47,3,44,2
191814,51,2,49,2
191815,62,8,54,2
191816,55,5,50,2
191817,61,2,59,2
191818,51,7,44,2
191819,48,4,44,2
191820,61,9,52,2
191821,62,6,56,2
191822,61,6,55,2
191823,36,6,30,2
191824,59,4,55,2
191825,65,9,56,2
191826,55,9,46,2
191827,52,5,47,2
191828,51,6,45,2
191829,51,6,45,2
191830,51,6,45,2
191831,55,7,48,2
191832,57,7,50,2
191833,52,7,45,2
191834,56,5,51,2
191835,42,3,39,2
191836,69,7,62,2
191837,51,2,49,2
191838,52,12,40,2
191839,58,8,50,2
191840,64,7,57,2
191841,50,2,48,2
191842,51,4,47,2
191843,43,6,37,2
191844,58,5,53,2
191845,62,9,53,2
191846,52,6,46,2
191847,55,8,47,2
191848,56,9,47,2
191849,50,8,42,2
191850,58,6,52,2
191851,52,2,50,2
191852,44,3,41,2
191853,53,9,44,2
191854,51,2,49,2
191855,49,7,42,2
191856,59,3,56,2
191857,56,5,51,2
191858,62,8,54,2
191859,58,6,52,2
191860,56,5,51,2
191861,59,5,54,2
191862,52,7,45,2
191863,49,3,46,2
191864,49,3,46,2
191865,61,8,53,2
191866,45,6,39,2
191867,56,7,49,2
191868,50,6,44,2
191869,58,7,51,2
191870,60,11,49,2
191871,47,7,40,2
191872,52,1,51,2
191873,62,6,56,2
191874,62,14,48,2
191875,58,9,49,2
191876,37,7,30,2
191877,63,8,55,2
191878,70,6,64,2
191879,67,9,58,2
191880,57,12,45,2
191881,52,4,48,2
191882,57,6,51,2
191883,62,5,57,2
191884,48,6,42,2
191885,46,6,40,2
191886,59,11,48,2
191887,52,9,43,2
191888,53,6,47,2
191889,52,8,44,2
191890,53,4,49,2
191891,61,5,56,2
191892,45,8,37,2
191893,50,3,47,2
191894,41,4,37,2
191895,63,10,53,2
191896,58,5,53,2
191897,49,4,45,2
191898,58,5,53,2
191899,56,4,52,2
191900,53,8,45,2
191901,64,15,49,2
191902,59,10,49,2
191903,53,7,46,2
191904,44,3,41,2
191905,55,11,44,2
191906,56,13,43,2
191907,50,7,43,2
191908,68,8,60,2
191909,49,7,42,2
191910,46,3,43,2
191911,65,5,60,2
191912,55,6,49,2
191913,59,10,49,2
191914,55,8,47,2
191915,60,12,48,2
191916,53,2,51,2
191917,66,12,54,2
191918,56,4,52,2
191919,58,7,51,2
191920,45,5,40,2
191921,52,3,49,2
191922,54,5,49,2
191923,43,5,38,2
191924,65,6,59,2
191925,52,11,41,2
191926,56,6,50,2
191927,49,8,41,2
191928,51,12,39,2
191929,57,5,52,2
191930,62,12,50,2
191931,45,0,45,1
191932,49,6,43,2
191933,48,6,42,2
191934,52,9,43,2
191935,48,4,44,2
191936,44,4,40,2
191937,69,6,63,2
191938,54,5,49,2
191939,53,5,48,2
191940,54,4,50,2
191941,48,4,44,2
191942,55,7,48,2
191943,46,5,41,2
191944,53,4,49,2
191945,57,6,51,2
191946,66,6,60,2
191947,59,5,54,2
191948,58,3,55,2
191949,48,8,40,2
191950,57,7,50,2
191951,54,13,41,2
191952,53,3,50,2
191953,57,7,50,2
191954,36,4,32,2
191955,66,11,55,2
191956,58,12,46,2
191957,59,9,50,2
191958,76,10,66,2
191959,47,5,42,2
191960,57,9,48,2
191961,59,5,54,2
191962,48,6,42,2
191963,39,3,36,2
191964,52,9,43,2
191965,51,8,43,2
191966,53,6,47,2
191967,58,7,51,2
191968,53,12,41,2
191969,56,8,48,2
191970,63,10,53,2
191971,46,1,45,2
191972,55,7,48,2
191973,65,9,56,2
191974,54,6,48,2
191975,47,4,43,2
191976,60,10,50,2
191977,53,7,46,2
191978,55,9,46,2
191979,54,5,49,2
191980,53,9,44,2
191981,54,8,46,2
191982,52,8,44,2
191983,52,4,48,2
191984,46,6,40,2
191985,60,3,57,2
191986,55,5,50,2
191987,44,2,42,2
191988,60,8,52,2
191989,41,1,40,2
191990,49,3,46,2
191991,51,4,47,2
191992,58,6,52,2
191993,61,8,53,2
191994,51,6,45,2
191995,40,3,37,2
191996,63,9,54,2
191997,57,5,52,2
191998,37,5,32,2
191999,49,2,47,2
192000,58,7,51,2
192001,69,9,60,2
192002,53,5,48,2
192003,51,9,42,2
192004,60,8,52,2
192005,52,4,48,2
192006,47,4,43,2
192007,59,10,49,2
192008,49,0,49,1
192009,46,6,40,2
192010,57,4,53,2
192011,52,7,45,2
192012,56,10,46,2
192013,47,5,42,2
192014,57,3,54,2
192015,50,8,42,2
192016,44,5,39,2
192017,57,7,50,2
192018,50,8,42,2
192019,52,5,47,2
192020,66,9,57,2
192021,57,5,52,2
192022,48,7,41,2
192023,53,11,42,2
192024,50,5,45,2
192025,61,5,56,2
192026,53,8,45,2
192027,58,7,51,2
192028,66,14,52,2
192029,67,13,54,2
192030,51,7,44,2
192031,57,7,50,2
192032,54,8,46,2
192033,52,11,41,2
192034,61,8,53,2
192035,46,5,41,2
192036,59,6,53,2
192037,62,5,57,2
192038,63,8,55,2
192039,52,4,48,2
192040,52,4,48,2
192041,65,6,59,2
192042,64,8,56,2
192043,53,6,47,2
192044,54,9,45,2
192045,50,8,42,2
192046,59,1,58,2
192047,46,5,41,2
192048,53,4,49,2
192049,42,5,37,2
192050,63,7,56,2
192051,58,12,46,2
192052,48,10,38,2
192053,49,6,43,2
192054,55,13,42,2
192055,58,8,50,2
192056,51,9,42,2
192057,67,7,60,2
192058,74,7,67,2
192059,48,1,47,2
192060,63,11,52,2
192061,50,5,45,2
192062,55,8,47,2
192063,53,5,48,2
192064,60,8,52,2
192065,50,4,46,2
192066,59,5,54,2
192067,48,10,38,2
192068,52,5,47,2
192069,70,6,64,2
192070,41,6,35,2
192071,43,3,40,2
192072,44,5,39,2
192073,41,4,37,2
192074,54,8,46,2
192075,69,10,59,2
192076,58,8,50,2
192077,61,7,54,2
192078,56,5,51,2
192079,54,2,52,2
192080,51,9,42,2
192081,56,6,50,2
192082,60,4,56,2
192083,43,4,39,2
192084,46,9,37,2
192085,63,11,52,2
192086,50,3,47,2
192087,48,6,42,2
192088,43,2,41,2
192089,56,10,46,2
192090,46,10,36,2
192091,47,7,40,2
192092,45,2,43,2
192093,54,3,51,2
192094,52,8,44,2
192095,67,7,60,2
192096,64,9,55,2
192097,53,1,52,2
192098,57,8,49,2
192099,55,7,48,2
192100,59,7,52,2
192101,56,5,51,2
192102,57,5,52,2
192103,68,7,61,2
192104,70,15,55,2
192105,57,4,53,2
192106,54,4,50,2
192107,51,6,45,2
192108,55,7,48,2
192109,66,5,61,2
192110,56,5,51,2
192111,58,7,51,2
192112,56,9,47,2
192113,41,3,38,2
192114,56,5,51,2
192115,63,12,51,2
192116,60,4,56,2
192117,55,8,47,2
192118,44,7,37,2
192119,57,5,52,2
192120,58,6,52,2
192121,64,5,59,2
192122,49,8,41,2
192123,55,6,49,2
192124,41,7,34,2
192125,48,5,43,2
192126,47,6,41,2
192127,49,6,43,2
192128,60,4,56,2
192129,58,6,52,2
192130,55,8,47,2
192131,63,8,55,2
192132,54,5,49,2
192133,54,9,45,2
192134,32,2,30,2
192135,59,11,48,2
192136,56,6,50,2
192137,63,8,55,2
192138,61,11,50,2
192139,43,6,37,2
192140,43,4,39,2
192141,52,8,44,2
192142,44,4,40,2
192143,71,12,59,2
192144,55,11,44,2
192145,69,13,56,2
192146,53,7,46,2
192147,53,9,44,2
192148,59,10,49,2
192149,44,4,40,2
192150,53,7,46,2
192151,46,1,45,2
192152,56,2,54,2
192153,51,8,43,2
192154,58,9,49,2
192155,49,12,37,2
192156,57,6,51,2
192157,61,8,53,2
192158,60,8,52,2
192159,56,8,48,2
192160,54,6,48,2
192161,51,4,47,2
192162,62,9,53,2
192163,50,4,46,2
192164,56,4,52,2
192165,63,8,55,2
192166,47,4,43,2
192167,48,4,44,2
192168,49,6,43,2
192169,53,3,50,2
192170,49,5,44,2
192171,53,8,45,2
192172,50,9,41,2
192173,54,9,45,2
192174,53,8,45,2
192175,62,5,57,2
192176,64,8,56,2
192177,74,7,67,2
192178,53,3,50,2
192179,54,7,47,2
192180,63,8,55,2
192181,63,7,56,2
192182,53,8,45,2
192183,49,1,48,2
192184,59,8,51,2
192185,56,4,52,2
192186,46,2,44,2
192187,43,6,37,2
192188,61,8,53,2
192189,51,4,47,2
192190,66,6,60,2
192191,56,13,43,2
192192,62,2,60,2
192193,51,4,47,2
192194,56,7,49,2
192195,45,4,41,2
192196,52,4,48,2
192197,56,5,51,2
192198,46,5,41,2
192199,61,3,58,2
192200,58,7,51,2
192201,52,6,46,2
192202,60,9,51,2
192203,63,7,56,2
192204,52,9,43,2
192205,50,9,41,2
192206,47,3,44,2
192207,56,5,51,2
192208,62,6,56,2
192209,52,6,46,2
192210,39,5,34,2
192211,55,7,48,2
192212,63,10,53,2
192213,53,7,46,2
192214,37,6,31,2
192215,48,11,37,2
192216,57,10,47,2
192217,60,4,56,2
192218,77,6,71,2
192219,51,6,45,2
192220,50,6,44,2
192221,50,5,45,2
192222,44,5,39,2
192223,57,8,49,2
192224,53,3,50,2
192225,56,3,53,2
192226,57,4,53,2
192227,55,3,52,2
192228,59,4,55,2
192229,53,8,45,2
192230,39,2,37,2
192231,51,11,40,2
192232,49,3,46,2
192233,62,4,58,2
192234,62,2,60,2
192235,67,7,60,2
192236,63,10,53,2
192237,47,9,38,2
192238,45,2,43,2
192239,54,6,48,2
192240,46,2,44,2
192241,45,5,40,2
192242,56,5,51,2
192243,47,6,41,2
192244,55,8,47,2
192245,64,7,57,2
192246,57,6,51,2
192247,51,5,46,2
192248,48,1,47,2
192249,47,10,37,2
192250,51,6,45,2
192251,54,6,48,2
192252,56,7,49,2
192253,44,5,39,2
192254,53,6,47,2
192255,56,7,49,2
192256,57,12,45,2
192257,56,8,48,2
192258,64,8,56,2
192259,61,8,53,2
192260,57,4,53,2
192261,62,9,53,2
192262,54,10,44,2
192263,40,4,36,2
192264,56,8,48,2
192265,61,9,52,2
192266,66,9,57,2
192267,62,7,55,2
192268,51,5,46,2
192269,70,7,63,2
192270,48,7,41,2
192271,59,3,56,2
192272,51,7,44,2
192274,55,6,49,2
192275,58,10,48,2
192276,61,5,56,2
192277,56,7,49,2
192278,42,3,39,2
192279,53,9,44,2
192280,41,5,36,2
192281,55,12,43,2
192282,45,3,42,2
192283,57,8,49,2
192284,59,9,50,2
192285,67,8,59,2
192286,50,4,46,2
192287,48,4,44,2
192288,48,8,40,2
192289,52,7,45,2
192290,58,8,50,2
192291,53,4,49,2
192292,51,10,41,2
192293,51,3,48,2
192294,50,5,45,2
192295,53,4,49,2
192296,59,5,54,2
192297,57,4,53,2
192298,57,5,52,2
192299,51,8,43,2
192300,58,7,51,2
192301,61,7,54,2
192302,64,7,57,2
192303,48,3,45,2
192304,60,8,52,2
192305,52,6,46,2
192306,60,7,53,2
192307,58,9,49,2
192308,72,10,62,2
192309,60,4,56,2
192310,58,4,54,2
192311,49,4,45,2
192312,64,8,56,2
192313,50,7,43,2
192314,49,4,45,2
192315,53,4,49,2
192316,57,5,52,2
192317,52,6,46,2
192318,59,9,50,2
192319,51,5,46,2
192320,64,6,58,2
192321,58,5,53,2
192322,54,8,46,2
192323,56,7,49,2
192324,57,9,48,2
192325,67,7,60,2
192326,62,5,57,2
192327,48,6,42,2
192328,56,5,51,2
192329,66,11,55,2
192330,50,6,44,2
192331,56,9,47,2
192332,59,10,49,2
192333,62,10,52,2
192334,57,9,48,2
192335,49,8,41,2
192336,52,6,46,2
192337,62,14,48,2
192338,37,6,31,2
192339,60,5,55,2
192340,62,4,58,2
192341,56,11,45,2
192342,63,7,56,2
192343,62,6,56,2
192344,62,8,54,2
192345,55,4,51,2
192346,67,13,54,2
192347,66,5,61,2
192348,60,6,54,2
192349,59,8,51,2
192350,41,4,37,2
192351,53,5,48,2
192352,71,9,62,2
192353,50,2,48,2
192354,49,7,42,2
192355,58,5,53,2
192356,61,10,51,2
192357,51,4,47,2
192358,53,10,43,2
192359,53,9,44,2
192360,62,7,55,2
192361,65,9,56,2
192362,60,10,50,2
192363,60,8,52,2
192364,54,6,48,2
192365,54,4,50,2
192366,56,8,48,2
192367,53,7,46,2
192368,50,7,43,2
192369,48,4,44,2
192370,56,6,50,2
192371,50,9,41,2
192372,55,9,46,2
192373,43,3,40,2
192374,48,1,47,2
192375,51,5,46,2
192376,57,6,51,2
192377,57,6,51,2
192378,64,10,54,2
192379,58,8,50,2
192380,56,5,51,2
192381,57,6,51,2
192382,53,8,45,2
192383,61,12,49,2
192384,56,5,51,2
192385,48,7,41,2
192386,54,6,48,2
192387,46,3,43,2
192388,55,9,46,2
192389,70,6,64,2
192390,37,5,32,2
192391,44,6,38,2
192392,39,3,36,2
192393,39,2,37,2
192394,58,5,53,2
192395,63,13,50,2
192396,58,7,51,2
192397,61,12,49,2
192398,56,8,48,2
192399,53,9,44,2
192400,39,9,30,2
192401,58,9,49,2
192402,56,3,53,2
192403,59,6,53,2
192404,54,5,49,2
192405,52,11,41,2
192406,50,7,43,2
192407,44,5,39,2
192408,62,6,56,2
192409,59,9,50,2
192410,50,3,47,2
192411,51,7,44,2
192412,51,9,42,2
192413,66,7,59,2
192414,63,9,54,2
192415,57,8,49,2
192416,54,3,51,2
192417,57,10,47,2
192418,52,6,46,2
192419,56,8,48,2
192420,51,7,44,2
192421,42,5,37,2
192422,38,2,36,2
192423,43,4,39,2
192424,59,5,54,2
192425,68,10,58,2
192426,52,8,44,2
192427,67,8,59,2
192428,56,6,50,2
192429,55,2,53,2
192430,52,5,47,2
192431,59,10,49,2
192432,70,7,63,2
192433,51,6,45,2
192434,60,6,54,2
192435,62,10,52,2
192436,55,7,48,2
192437,51,4,47,2
192438,48,8,40,2
192439,64,7,57,2
192440,57,3,54,2
192441,53,10,43,2
192442,43,7,36,2
192443,60,6,54,2
192444,56,3,53,2
192445,49,6,43,2
192446,62,6,56,2
192447,55,6,49,2
192448,54,3,51,2
192449,58,6,52,2
192450,45,5,40,2
192451,61,4,57,2
192452,68,6,62,2
192453,46,3,43,2
192454,49,4,45,2
192455,57,12,45,2
192456,56,7,49,2
192457,41,5,36,2
192458,55,7,48,2
192459,46,5,41,2
192460,62,13,49,2
192461,48,3,45,2
192462,54,7,47,2
192463,56,8,48,2
192464,54,8,46,2
192465,67,7,60,2
192466,54,5,49,2
192467,51,2,49,2
192468,52,11,41,2
192469,49,5,44,2
192470,60,8,52,2
192471,55,5,50,2
192472,46,7,39,2
192473,41,4,37,2
192474,51,6,45,2
192475,52,2,50,2
192476,59,8,51,2
192477,63,9,54,2
192478,47,6,41,2
192479,55,10,45,2
192480,56,7,49,2
192481,50,5,45,2
192482,52,8,44,2
192483,50,8,42,2
192484,45,3,42,2
192485,50,6,44,2
192486,53,8,45,2
192487,45,8,37,2
192488,59,6,53,2
192489,45,5,40,2
192490,62,8,54,2
192491,64,6,58,2
192492,62,6,56,2
192493,61,4,57,2
192494,59,14,45,2
192495,58,3,55,2
192496,51,4,47,2
192497,50,6,44,2
192498,53,9,44,2
192499,54,5,49,2
192500,52,4,48,2
192501,46,9,37,2
192502,48,4,44,2
192503,43,4,39,2
192504,62,10,52,2
192505,59,6,53,2
192506,59,4,55,2
192508,54,8,46,2
192509,49,3,46,2
192510,55,8,47,2
192511,57,1,56,2
192512,45,6,39,2
192513,48,9,39,2
192514,55,5,50,2
192515,46,7,39,2
192516,64,8,56,2
192517,60,10,50,2
192518,52,5,47,2
192519,59,6,53,2
192520,55,6,49,2
192521,43,10,33,2
192522,49,5,44,2
192523,53,6,47,2
192524,44,12,32,2
192525,65,6,59,2
192526,53,10,43,2
192527,46,6,40,2
192528,54,7,47,2
192529,64,6,58,2
192530,51,9,42,2
192531,50,5,45,2
192532,47,5,42,2
192533,65,7,58,2
192534,46,6,40,2
192535,58,7,51,2
192536,50,6,44,2
192537,65,8,57,2
192538,54,4,50,2
192539,58,8,50,2
192540,64,8,56,2
192541,57,5,52,2
192542,49,6,43,2
192543,67,4,63,2
192544,64,7,57,2
192545,40,4,36,2
192546,48,7,41,2
192547,64,8,56,2
192548,50,6,44,2
192549,59,9,50,2
192550,54,1,53,2
192551,37,2,35,2
192552,72,8,64,2
192553,54,5,49,2
192554,67,7,60,2
192555,66,7,59,2
192556,64,7,57,2
192557,61,4,57,2
192558,51,7,44,2
192559,52,4,48,2
192560,44,3,41,2
192561,54,5,49,2
192562,50,7,43,2
192563,54,8,46,2
192564,44,8,36,2
192565,54,4,50,2
192566,48,8,40,2
192567,56,7,49,2
192568,64,8,56,2
192569,40,2,38,2
192570,42,7,35,2
192571,58,5,53,2
192572,63,7,56,2
192573,56,4,52,2
192574,48,8,40,2
192575,52,4,48,2
192576,62,7,55,2
192577,57,5,52,2
192578,58,4,54,2
192579,58,7,51,2
192580,62,6,56,2
192581,51,8,43,2
192582,48,6,42,2
192583,47,9,38,2
192584,44,6,38,2
192585,58,7,51,2
192586,61,14,47,2
192587,56,12,44,2
192588,48,7,41,2
192589,64,5,59,2
192590,62,9,53,2
192591,44,3,41,2
192592,43,5,38,2
192593,58,6,52,2
192594,65,6,59,2
192595,51,5,46,2
192596,48,7,41,2
192597,58,5,53,2
192598,66,6,60,2
192599,64,8,56,2
192600,64,6,58,2
192601,53,9,44,2
192602,53,7,46,2
192603,55,9,46,2
192604,68,7,61,2
192605,56,9,47,2
192606,49,3,46,2
192607,59,7,52,2
192608,62,6,56,2
192609,61,12,49,2
192610,56,4,52,2
192611,62,8,54,2
192612,50,5,45,2
192613,51,3,48,2
192614,56,7,49,2
192615,48,7,41,2
192616,65,5,60,2
192617,48,6,42,2
192618,45,5,40,2
192619,64,12,52,2
192620,44,7,37,2
192621,53,4,49,2
192622,61,7,54,2
192623,58,10,48,2
192624,80,9,71,2
192625,48,5,43,2
192626,63,11,52,2
192627,51,5,46,2
192628,61,5,56,2
192629,56,3,53,2
192630,58,8,50,2
192631,55,5,50,2
192632,52,3,49,2
192633,62,12,50,2
192634,47,7,40,2
192635,69,8,61,2
192636,56,6,50,2
192637,47,5,42,2
192638,58,7,51,2
192639,50,7,43,2
192640,48,7,41,2
192641,53,3,50,2
192642,51,9,42,2
192643,44,4,40,2
192644,55,11,44,2
192645,50,5,45,2
192646,56,7,49,2
192647,41,5,36,2
192648,52,11,41,2
192649,57,4,53,2
192650,49,5,44,2
192651,59,9,50,2
192652,43,3,40,2
192653,43,2,41,2
192654,55,4,51,2
192655,63,15,48,2
192656,68,8,60,2
192657,54,5,49,2
192658,49,6,43,2
192659,44,8,36,2
192660,33,2,31,2
192661,64,6,58,2
192662,58,3,55,2
192663,48,10,38,2
192664,48,2,46,2
192665,57,5,52,2
192666,58,3,55,2
192667,52,8,44,2
192668,55,6,49,2
192669,45,8,37,2
192670,57,10,47,2
192671,46,5,41,2
192672,53,7,46,2
192673,59,6,53,2
192674,58,6,52,2
192675,47,7,40,2
192676,69,12,57,2
192677,59,4,55,2
192678,47,6,41,2
192679,50,10,40,2
192680,54,2,52,2
192681,58,10,48,2
192682,53,2,51,2
192683,55,9,46,2
192684,54,8,46,2
192685,52,5,47,2
192686,64,7,57,2
192687,54,7,47,2
192688,50,6,44,2
192689,57,7,50,2
192690,60,10,50,2
192691,49,3,46,2
192692,40,6,34,2
192693,53,5,48,2
192694,54,8,46,2
192695,41,5,36,2
192696,61,9,52,2
192697,54,10,44,2
192698,50,5,45,2
192699,54,2,52,2
192700,44,5,39,2
192701,69,7,62,2
192702,53,7,46,2
192703,57,3,54,2
192704,57,5,52,2
192705,74,7,67,2
192706,54,9,45,2
192707,51,8,43,2
192708,39,4,35,2
192709,45,6,39,2
192710,45,3,42,2
192711,33,6,27,2
192712,56,5,51,2
192713,59,7,52,2
192714,47,8,39,2
192715,61,5,56,2
192716,50,4,46,2
192717,57,5,52,2
192718,47,8,39,2
192719,62,3,59,2
192720,55,6,49,2
192721,51,6,45,2
192722,25,24,1,2
192723,58,8,50,2
192724,53,8,45,2
192725,56,10,46,2
192726,49,8,41,2
192727,49,9,40,2
192728,54,11,43,2
192729,49,5,44,2
192730,52,4,48,2
192731,67,7,60,2
192732,56,8,48,2
192733,49,7,42,2
192734,50,5,45,2
192735,48,3,45,2
192736,52,7,45,2
192737,53,8,45,2
192738,53,6,47,2
192739,65,10,55,2
192740,56,4,52,2
192741,58,6,52,2
192742,58,4,54,2
192743,50,3,47,2
192744,69,8,61,2
192745,54,6,48,2
192746,40,5,35,2
192747,56,4,52,2
192748,43,3,40,2
192749,48,9,39,2
192750,59,6,53,2
192751,55,6,49,2
192752,50,6,44,2
192753,53,8,45,2
192754,58,6,52,2
192755,58,4,54,2
192756,53,5,48,2
192757,57,7,50,2
192758,66,6,60,2
192759,56,10,46,2
192760,45,9,36,2
192761,43,8,35,2
192762,63,6,57,2
192763,56,11,45,2
192764,49,4,45,2
192765,50,2,48,2
192766,47,9,38,2
192767,54,9,45,2
192768,56,8,48,2
192769,62,8,54,2
192770,60,4,56,2
192771,59,9,50,2
192772,48,4,44,2
192773,59,2,57,2
192774,51,6,45,2
192775,43,3,40,2
192776,59,8,51,2
192777,72,9,63,2
192779,50,7,43,2
192780,52,10,42,2
192781,60,10,50,2
192782,73,14,59,2
192783,75,8,67,2
192784,50,4,46,2
192785,63,11,52,2
192786,61,5,56,2
192787,63,8,55,2
192788,50,9,41,2
192789,69,5,64,2
192790,63,7,56,2
192791,49,9,40,2
192792,52,5,47,2
192793,53,8,45,2
192794,52,8,44,2
192795,51,8,43,2
192796,68,12,56,2
192797,59,14,45,2
192798,61,6,55,2
192799,53,8,45,2
192800,45,10,35,2
192801,62,11,51,2
192802,72,8,64,2
192803,58,3,55,2
192804,53,7,46,2
192805,53,10,43,2
192806,59,4,55,2
192807,52,5,47,2
192808,55,6,49,2
192809,58,11,47,2
192810,48,7,41,2
192811,50,2,48,2
192812,70,6,64,2
192813,59,10,49,2
192814,59,11,48,2
192815,64,7,57,2
192816,60,8,52,2
192817,57,5,52,2
192818,60,17,43,2
192819,55,1,54,2
192820,67,8,59,2
192821,50,2,48,2
192822,68,14,54,2
192823,46,4,42,2
192824,54,2,52,2
192825,61,5,56,2
192826,64,5,59,2
192827,49,8,41,2
192828,56,6,50,2
192829,55,5,50,2
192830,55,5,50,2
192831,50,5,45,2
192832,46,8,38,2
192833,52,6,46,2
192834,49,1,48,2
192835,49,6,43,2
192836,58,8,50,2
192837,52,8,44,2
192838,63,4,59,2
192839,54,8,46,2
192840,44,6,38,2
192841,32,4,28,2
192842,55,9,46,2
192843,48,6,42,2
192844,60,8,52,2
192845,43,3,40,2
192846,59,7,52,2
192847,52,2,50,2
192848,63,8,55,2
192849,50,6,44,2
192850,62,10,52,2
192851,46,2,44,2
192852,67,4,63,2
192853,41,9,32,2
192854,56,4,52,2
192855,47,4,43,2
192856,55,5,50,2
192857,42,6,36,2
192858,46,5,41,2
192859,63,8,55,2
192860,47,5,42,2
192861,52,9,43,2
192862,47,4,43,2
192863,46,4,42,2
192864,42,3,39,2
192865,59,5,54,2
192866,44,5,39,2
192867,52,5,47,2
192868,72,7,65,2
192869,56,5,51,2
192870,53,5,48,2
192871,52,7,45,2
192872,50,7,43,2
192873,54,6,48,2
192874,54,8,46,2
192875,53,6,47,2
192876,50,3,47,2
192877,48,7,41,2
192878,59,3,56,2
192879,39,1,38,2
192880,45,1,44,2
192881,45,8,37,2
192882,55,5,50,2
192883,60,8,52,2
192884,51,5,46,2
192885,48,2,46,2
192886,56,4,52,2
192887,53,9,44,2
192888,55,3,52,2
192889,56,5,51,2
192890,41,4,37,2
192891,60,7,53,2
192892,52,10,42,2
192893,51,8,43,2
192894,65,7,58,2
192895,60,8,52,2
192896,51,4,47,2
192897,56,11,45,2
192898,60,4,56,2
192899,56,5,51,2
192900,68,7,61,2
192901,42,2,40,2
192902,55,6,49,2
192903,56,10,46,2
192904,59,7,52,2
192905,62,12,50,2
192906,59,10,49,2
192907,48,4,44,2
192908,51,8,43,2
192909,59,9,50,2
192910,70,19,51,2
192911,61,4,57,2
192912,56,5,51,2
192913,52,5,47,2
192914,37,6,31,2
192915,39,8,31,2
192916,47,9,38,2
192917,56,11,45,2
192918,53,9,44,2
192919,60,5,55,2
192920,59,7,52,2
192921,52,8,44,2
192922,52,6,46,2
192923,60,11,49,2
192924,49,9,40,2
192925,55,7,48,2
192926,54,4,50,2
192927,56,2,54,2
192928,51,3,48,2
192929,50,7,43,2
192930,50,2,48,2
192931,46,3,43,2
192932,59,6,53,2
192933,54,4,50,2
192934,64,4,60,2
192935,45,6,39,2
192936,57,6,51,2
192937,44,5,39,2
192938,45,9,36,2
192939,60,3,57,2
192940,57,5,52,2
192941,42,4,38,2
192942,54,9,45,2
192943,54,11,43,2
192944,76,11,65,2
192945,51,6,45,2
192946,56,9,47,2
192947,60,5,55,2
192948,43,5,38,2
192949,60,12,48,2
192950,57,5,52,2
192951,53,8,45,2
192952,59,6,53,2
192953,49,5,44,2
192954,44,6,38,2
192955,50,3,47,2
192956,62,10,52,2
192957,72,11,61,2
192958,53,7,46,2
192959,53,7,46,2
192960,69,6,63,2
192961,48,8,40,2
192962,43,6,37,2
192963,58,6,52,2
192964,50,6,44,2
192965,78,8,70,2
192966,53,6,47,2
192967,67,15,52,2
192968,57,6,51,2
192969,58,6,52,2
192970,48,12,36,2
192971,62,11,51,2
192972,57,8,49,2
192973,62,6,56,2
192974,52,3,49,2
192975,57,12,45,2
192976,42,3,39,2
192977,59,6,53,2
192978,53,5,48,2
192979,60,6,54,2
192980,51,6,45,2
192981,72,6,66,2
192982,60,8,52,2
192983,61,5,56,2
192984,48,5,43,2
192985,45,5,40,2
192986,46,5,41,2
192987,50,6,44,2
192988,49,7,42,2
192989,59,12,47,2
192990,54,6,48,2
192991,55,7,48,2
192992,54,8,46,2
192993,49,9,40,2
192994,46,6,40,2
192995,41,3,38,2
192996,50,7,43,2
192997,45,8,37,2
192998,61,6,55,2
192999,59,11,48,2
193000,50,5,45,2
193001,69,6,63,2
193002,62,8,54,2
193003,60,7,53,2
193004,56,7,49,2
193005,59,5,54,2
193006,61,5,56,2
193007,56,10,46,2
193008,55,4,51,2
193009,56,10,46,2
193010,57,6,51,2
193011,50,4,46,2
193012,55,8,47,2
193013,58,9,49,2
193014,60,9,51,2
193015,65,8,57,2
193016,49,5,44,2
193017,50,9,41,2
193018,54,8,46,2
193019,57,7,50,2
193020,42,5,37,2
193021,55,10,45,2
193022,57,7,50,2
193023,47,4,43,2
193024,56,9,47,2
193025,54,8,46,2
193026,52,6,46,2
193027,61,10,51,2
193028,53,9,44,2
193029,55,6,49,2
193030,58,7,51,2
193031,48,6,42,2
193032,54,6,48,2
193033,50,7,43,2
193034,65,10,55,2
193035,60,10,50,2
193036,58,7,51,2
193037,64,8,56,2
193038,66,8,58,2
193039,63,11,52,2
193040,59,14,45,2
193041,51,7,44,2
193042,65,10,55,2
193043,66,5,61,2
193044,53,3,50,2
193045,61,8,53,2
193046,41,5,36,2
193047,46,5,41,2
193048,62,7,55,2
193049,57,5,52,2
193050,54,4,50,2
193051,56,6,50,2
193052,52,5,47,2
193053,55,10,45,2
193054,57,8,49,2
193055,60,7,53,2
193056,60,10,50,2
193057,62,10,52,2
193058,44,5,39,2
193059,46,4,42,2
193060,66,13,53,2
193061,53,6,47,2
193062,57,6,51,2
193063,50,7,43,2
193064,74,4,70,2
193065,58,11,47,2
193066,53,6,47,2
193067,52,9,43,2
193068,62,2,60,2
193069,53,10,43,2
193070,55,9,46,2
193071,57,8,49,2
193072,56,10,46,2
193073,65,5,60,2
193074,66,9,57,2
193075,69,16,53,2
193076,55,4,51,2
193077,46,6,40,2
193078,49,6,43,2
193079,54,11,43,2
193080,69,10,59,2
193081,54,6,48,2
193082,55,7,48,2
193083,58,5,53,2
193084,50,5,45,2
193085,48,7,41,2
193086,52,3,49,2
193087,62,6,56,2
193088,49,3,46,2
193089,56,4,52,2
193090,47,5,42,2
193091,57,6,51,2
193092,46,6,40,2
193093,57,8,49,2
193094,49,4,45,2
193095,58,8,50,2
193096,54,3,51,2
193097,66,8,58,2
193098,63,10,53,2
193099,68,5,63,2
193100,53,4,49,2
193101,58,5,53,2
193102,54,6,48,2
193103,56,3,53,2
193104,47,4,43,2
193105,42,2,40,2
193106,44,5,39,2
193107,57,7,50,2
193108,50,5,45,2
193109,33,8,25,2
193110,59,4,55,2
193111,52,1,51,2
193112,49,5,44,2
193113,62,7,55,2
193114,40,5,35,2
193115,64,6,58,2
193116,52,8,44,2
193117,53,7,46,2
193118,65,9,56,2
193119,54,9,45,2
193120,58,12,46,2
193121,47,4,43,2
193122,50,8,42,2
193123,57,11,46,2
193124,63,7,56,2
193125,60,12,48,2
193126,61,3,58,2
193127,46,2,44,2
193128,55,6,49,2
193129,58,12,46,2
193130,56,5,51,2
193131,45,5,40,2
193132,55,11,44,2
193133,56,8,48,2
193134,35,6,29,2
193135,49,7,42,2
193136,55,9,46,2
193137,48,3,45,2
193138,58,7,51,2
193139,65,6,59,2
193140,65,9,56,2
193141,71,6,65,2
193142,45,9,36,2
193143,49,3,46,2
193144,56,7,49,2
193145,66,5,61,2
193146,52,7,45,2
193147,54,6,48,2
193148,55,7,48,2
193149,56,7,49,2
193150,49,3,46,2
193151,53,6,47,2
193152,47,2,45,2
193153,44,0,44,1
193154,52,7,45,2
193155,52,3,49,2
193156,66,7,59,2
193157,46,4,42,2
193158,52,5,47,2
193159,49,7,42,2
193160,53,6,47,2
193161,66,9,57,2
193162,59,5,54,2
193163,53,4,49,2
193164,56,7,49,2
193165,54,10,44,2
193166,52,6,46,2
193167,69,12,57,2
193168,59,4,55,2
193169,75,10,65,2
193170,41,2,39,2
193171,52,7,45,2
193172,52,4,48,2
193173,65,10,55,2
193174,63,8,55,2
193175,54,8,46,2
193176,48,6,42,2
193177,58,1,57,2
193178,55,7,48,2
193179,52,4,48,2
193180,48,6,42,2
193181,60,6,54,2
193182,51,5,46,2
193183,62,5,57,2
193184,56,8,48,2
193185,46,6,40,2
193186,58,6,52,2
193187,51,7,44,2
193188,45,6,39,2
193189,52,6,46,2
193190,58,4,54,2
193191,47,9,38,2
193192,51,5,46,2
193193,59,7,52,2
193194,58,9,49,2
193195,59,10,49,2
193196,48,9,39,2
193197,59,8,51,2
193198,57,9,48,2
193199,50,3,47,2
193200,55,7,48,2
193201,47,6,41,2
193202,52,4,48,2
193203,69,9,60,2
193204,47,5,42,2
193205,51,4,47,2
193206,55,5,50,2
193207,54,2,52,2
193208,54,6,48,2
193209,53,4,49,2
193210,56,9,47,2
193211,49,7,42,2
193212,52,4,48,2
193213,65,8,57,2
193214,53,8,45,2
193215,52,9,43,2
193216,50,11,39,2
193217,38,2,36,2
193218,68,7,61,2
193219,48,5,43,2
193220,52,7,45,2
193221,58,5,53,2
193222,44,6,38,2
193223,58,6,52,2
193224,64,4,60,2
193225,64,12,52,2
193226,50,5,45,2
193227,64,9,55,2
193228,58,7,51,2
193229,62,5,57,2
193230,63,4,59,2
193231,60,13,47,2
193232,55,5,50,2
193233,50,5,45,2
193234,54,6,48,2
193235,63,5,58,2
193236,56,6,50,2
193237,61,7,54,2
193238,52,7,45,2
193239,55,3,52,2
193240,65,12,53,2
193241,61,4,57,2
193242,68,11,57,2
193243,59,14,45,2
193244,45,8,37,2
193245,67,13,54,2
193246,51,5,46,2
193247,35,1,34,2
193248,71,13,58,2
193249,56,2,54,2
193250,50,4,46,2
193251,62,6,56,2
193252,52,4,48,2
193253,47,9,38,2
193254,48,4,44,2
193255,44,6,38,2
193256,59,8,51,2
193257,68,10,58,2
193258,51,4,47,2
193259,68,8,60,2
193260,45,3,42,2
193261,50,6,44,2
193262,55,6,49,2
193263,65,10,55,2
193264,53,8,45,2
193265,58,6,52,2
193266,64,9,55,2
193267,44,3,41,2
193268,48,7,41,2
193269,46,7,39,2
193270,54,8,46,2
193271,51,5,46,2
193272,49,3,46,2
193273,54,10,44,2
193274,53,10,43,2
193275,60,6,54,2
193276,51,8,43,2
193277,44,4,40,2
193278,53,7,46,2
193279,54,5,49,2
193280,66,8,58,2
193281,50,3,47,2
193282,36,5,31,2
193283,45,3,42,2
193284,44,7,37,2
193285,49,0,49,1
193286,68,5,63,2
193287,61,9,52,2
193288,70,9,61,2
193289,51,6,45,2
193290,44,4,40,2
193291,59,15,44,2
193292,45,8,37,2
193293,66,10,56,2
193294,55,6,49,2
193295,63,8,55,2
193296,57,9,48,2
193297,60,8,52,2
193298,48,4,44,2
193299,49,8,41,2
193300,50,7,43,2
193301,48,3,45,2
193302,61,6,55,2
193303,53,9,44,2
193304,50,7,43,2
193305,56,4,52,2
193306,70,7,63,2
193307,56,4,52,2
193308,59,12,47,2
193309,58,6,52,2
193310,51,4,47,2
193311,51,8,43,2
193312,55,6,49,2
193313,55,5,50,2
193314,51,1,50,2
193315,66,14,52,2
193316,52,6,46,2
193317,63,8,55,2
193318,60,9,51,2
193319,65,7,58,2
193320,48,7,41,2
193321,50,4,46,2
193322,68,12,56,2
193323,56,9,47,2
193324,52,7,45,2
193325,52,2,50,2
193326,48,2,46,2
193327,53,8,45,2
193328,58,5,53,2
193329,45,6,39,2
193330,55,4,51,2
193331,59,5,54,2
193332,51,4,47,2
193333,56,5,51,2
193334,47,6,41,2
193335,47,7,40,2
193336,59,6,53,2
193337,54,3,51,2
193338,54,6,48,2
193339,34,5,29,2
193340,57,14,43,2
193341,52,6,46,2
193342,47,4,43,2
193343,52,6,46,2
193344,52,7,45,2
193345,50,4,46,2
193346,57,7,50,2
193347,63,8,55,2
193348,76,8,68,2
193349,55,7,48,2
193350,53,7,46,2
193351,47,6,41,2
193352,53,6,47,2
193353,48,7,41,2
193354,55,13,42,2
193355,53,6,47,2
193356,53,5,48,2
193357,49,10,39,2
193358,38,1,37,2
193359,57,8,49,2
193360,54,6,48,2
193361,52,5,47,2
193362,45,6,39,2
193363,49,7,42,2
193364,52,6,46,2
193365,60,5,55,2
193366,56,6,50,2
193367,42,7,35,2
193368,42,3,39,2
193369,62,10,52,2
193370,52,7,45,2
193371,54,3,51,2
193372,69,7,62,2
193373,60,10,50,2
193374,76,6,70,2
193375,47,6,41,2
193376,48,8,40,2
193377,46,9,37,2
193378,59,7,52,2
193379,53,9,44,2
193380,39,4,35,2
193381,47,7,40,2
193382,53,6,47,2
193383,63,7,56,2
193384,63,9,54,2
193385,45,3,42,2
193386,62,5,57,2
193387,58,11,47,2
193388,53,7,46,2
193389,57,8,49,2
193390,47,5,42,2
193391,47,6,41,2
193392,62,9,53,2
193393,62,10,52,2
193394,58,6,52,2
193395,48,7,41,2
193396,55,5,50,2
193397,51,4,47,2
193398,54,3,51,2
193399,46,4,42,2
193400,46,3,43,2
193401,35,3,32,2
193402,52,4,48,2
193403,56,11,45,2
193404,56,12,44,2
193405,51,3,48,2
193406,57,7,50,2
193407,58,10,48,2
193408,15,0,15,1
193409,57,10,47,2
193410,66,7,59,2
193411,60,13,47,2
193412,58,4,54,2
193413,48,5,43,2
193414,49,6,43,2
193415,42,6,36,2
193416,66,9,57,2
193417,52,7,45,2
193418,63,6,57,2
193419,50,8,42,2
193420,60,6,54,2
193421,53,4,49,2
193422,54,3,51,2
193423,45,4,41,2
193424,50,8,42,2
193425,66,9,57,2
193426,66,7,59,2
193427,59,9,50,2
193428,61,8,53,2
193429,51,9,42,2
193430,52,7,45,2
193431,56,6,50,2
193432,58,11,47,2
193433,52,7,45,2
193434,56,9,47,2
193435,61,11,50,2
193436,51,5,46,2
193437,61,8,53,2
193438,73,10,63,2
193439,65,6,59,2
193440,53,7,46,2
193441,70,6,64,2
193442,62,5,57,2
193443,47,10,37,2
193444,50,3,47,2
193445,54,8,46,2
193446,51,8,43,2
193447,56,5,51,2
193448,51,7,44,2
193449,55,6,49,2
193450,61,5,56,2
193451,67,8,59,2
193452,49,5,44,2
193453,51,6,45,2
193454,60,5,55,2
193455,67,6,61,2
193456,47,2,45,2
193457,46,4,42,2
193458,65,11,54,2
193459,56,8,48,2
193460,51,8,43,2
193461,50,7,43,2
193462,46,6,40,2
193463,58,7,51,2
193464,54,6,48,2
193465,50,5,45,2
193466,60,6,54,2
193467,45,5,40,2
193468,61,5,56,2
193469,47,4,43,2
193470,51,6,45,2
193471,56,6,50,2
193472,56,9,47,2
193473,48,4,44,2
193474,55,7,48,2
193475,46,3,43,2
193476,45,7,38,2
193477,52,3,49,2
193478,65,11,54,2
193479,47,2,45,2
193480,52,8,44,2
193481,51,10,41,2
193482,52,7,45,2
193483,43,2,41,2
193484,55,7,48,2
193485,45,11,34,2
193486,59,8,51,2
193487,44,3,41,2
193488,49,7,42,2
193489,56,8,48,2
193490,50,4,46,2
193491,59,10,49,2
193492,49,4,45,2
193493,72,11,61,2
193494,62,9,53,2
193495,53,9,44,2
193496,51,7,44,2
193497,65,8,57,2
193498,54,10,44,2
193499,37,2,35,2
193500,62,9,53,2
193501,47,5,42,2
193502,50,11,39,2
193503,46,2,44,2
193504,62,6,56,2
193505,49,8,41,2
193506,63,4,59,2
193507,52,7,45,2
193508,54,5,49,2
193509,51,4,47,2
193510,61,4,57,2
193511,48,4,44,2
193512,63,10,53,2
193513,62,4,58,2
193514,65,10,55,2
193515,60,8,52,2
193516,62,10,52,2
193517,50,8,42,2
193518,44,5,39,2
193519,55,13,42,2
193520,55,5,50,2
193521,48,8,40,2
193522,48,4,44,2
193523,55,7,48,2
193524,54,10,44,2
193525,46,2,44,2
193526,50,8,42,2
193527,45,2,43,2
193528,63,6,57,2
193529,52,4,48,2
193530,56,4,52,2
193531,55,10,45,2
193532,46,5,41,2
193533,43,3,40,2
193534,54,10,44,2
193535,40,3,37,2
193536,50,7,43,2
193537,60,7,53,2
193538,54,5,49,2
193539,55,3,52,2
193540,52,5,47,2
193541,49,8,41,2
193542,55,6,49,2
193543,51,5,46,2
193544,58,10,48,2
193545,53,7,46,2
193546,60,8,52,2
193547,51,8,43,2
193548,52,9,43,2
193549,58,10,48,2
193550,51,7,44,2
193551,58,6,52,2
193552,39,3,36,2
193553,42,6,36,2
193554,65,7,58,2
193555,57,9,48,2
193556,45,6,39,2
193557,51,5,46,2
193558,57,3,54,2
193559,47,5,42,2
193560,46,4,42,2
193561,47,6,41,2
193562,54,7,47,2
193563,48,5,43,2
193564,53,7,46,2
193565,49,4,45,2
193566,61,9,52,2
193567,65,5,60,2
193568,55,4,51,2
193569,54,9,45,2
193570,39,2,37,2
193571,41,2,39,2
193572,50,3,47,2
193573,59,8,51,2
193574,40,7,33,2
193575,60,8,52,2
193576,69,5,64,2
193577,45,8,37,2
193578,66,1,65,2
193579,45,2,43,2
193580,56,7,49,2
193581,51,9,42,2
193582,59,8,51,2
193583,39,5,34,2
193584,53,12,41,2
193585,48,6,42,2
193586,71,13,58,2
193587,60,8,52,2
193588,46,6,40,2
193589,73,3,70,2
193590,50,6,44,2
193591,69,5,64,2
193592,54,4,50,2
193593,53,7,46,2
193594,63,5,58,2
193595,41,2,39,2
193596,51,5,46,2
193597,61,5,56,2
193598,55,3,52,2
193599,63,7,56,2
193600,62,10,52,2
193601,57,12,45,2
193602,66,5,61,2
193603,50,5,45,2
193604,51,4,47,2
193605,69,5,64,2
193606,49,0,49,1
193607,70,10,60,2
193608,43,7,36,2
193609,56,4,52,2
193610,60,6,54,2
193611,60,14,46,2
193612,67,9,58,2
193613,57,3,54,2
193614,62,9,53,2
193615,52,7,45,2
193616,70,5,65,2
193617,62,5,57,2
193618,51,4,47,2
193619,56,6,50,2
193620,54,4,50,2
193621,44,5,39,2
193622,64,7,57,2
193623,48,10,38,2
193624,31,2,29,2
193625,48,6,42,2
193626,44,6,38,2
193627,43,8,35,2
193628,78,11,67,2
193629,50,2,48,2
193630,47,7,40,2
193631,56,4,52,2
193632,39,3,36,2
193633,50,3,47,2
193634,67,6,61,2
193635,60,6,54,2
193636,58,8,50,2
193637,57,8,49,2
193638,45,5,40,2
193639,43,5,38,2
193640,71,5,66,2
193641,43,3,40,2
193642,52,5,47,2
193643,46,6,40,2
193644,51,4,47,2
193645,47,7,40,2
193646,65,7,58,2
193647,53,8,45,2
193648,55,8,47,2
193649,69,6,63,2
193650,44,4,40,2
193651,58,8,50,2
193652,66,7,59,2
193653,58,8,50,2
193654,60,5,55,2
193655,51,7,44,2
193656,45,2,43,2
193657,46,3,43,2
193658,49,4,45,2
193659,46,9,37,2
193660,63,5,58,2
193661,44,3,41,2
193662,58,5,53,2
193663,54,10,44,2
193664,58,7,51,2
193665,53,4,49,2
193666,40,3,37,2
193667,52,7,45,2
193668,53,5,48,2
193669,47,4,43,2
193670,51,5,46,2
193671,62,4,58,2
193672,53,3,50,2
193673,54,2,52,2
193674,57,10,47,2
193675,48,5,43,2
193676,68,7,61,2
193677,48,6,42,2
193678,49,5,44,2
193679,54,7,47,2
193680,52,9,43,2
193681,50,8,42,2
193682,58,7,51,2
193683,58,8,50,2
193684,47,9,38,2
193685,63,8,55,2
193686,53,6,47,2
193687,61,6,55,2
193688,62,8,54,2
193689,54,5,49,2
193690,58,3,55,2
193691,54,15,39,2
193692,46,5,41,2
193693,44,6,38,2
193694,57,9,48,2
193695,48,4,44,2
193696,52,10,42,2
193697,69,9,60,2
193698,57,4,53,2
193699,53,6,47,2
193700,57,6,51,2
193701,54,4,50,2
193702,38,7,31,2
193703,54,6,48,2
193704,54,4,50,2
193705,48,5,43,2
193706,62,9,53,2
193707,61,3,58,2
193708,52,8,44,2
193709,52,7,45,2
193710,57,4,53,2
193711,46,3,43,2
193712,48,8,40,2
193713,45,2,43,2
193714,71,7,64,2
193715,45,5,40,2
193716,52,7,45,2
193717,61,7,54,2
193718,43,3,40,2
193719,40,5,35,2
193720,68,12,56,2
193721,51,5,46,2
193722,53,7,46,2
193723,57,4,53,2
193724,42,3,39,2
193725,53,4,49,2
193726,53,3,50,2
193727,54,5,49,2
193728,60,6,54,2
193729,59,3,56,2
193730,55,4,51,2
193731,64,6,58,2
193732,56,11,45,2
193733,52,2,50,2
193734,66,10,56,2
193735,57,7,50,2
193736,70,12,58,2
193737,58,5,53,2
193738,48,5,43,2
193739,68,9,59,2
193740,56,8,48,2
193741,56,9,47,2
193742,62,7,55,2
193743,66,7,59,2
193744,60,8,52,2
193745,66,11,55,2
193746,64,10,54,2
193747,50,7,43,2
193748,53,7,46,2
193749,44,6,38,2
193750,57,9,48,2
193751,56,3,53,2
193752,45,9,36,2
193753,58,7,51,2
193754,63,7,56,2
193755,49,5,44,2
193756,54,5,49,2
193757,53,6,47,2
193758,57,7,50,2
193759,32,3,29,2
193760,51,4,47,2
193761,64,8,56,2
193762,49,5,44,2
193763,53,7,46,2
193764,52,9,43,2
193765,56,3,53,2
193766,51,6,45,2
193767,51,6,45,2
193768,58,7,51,2
193769,65,5,60,2
193770,52,4,48,2
193771,45,3,42,2
193772,47,8,39,2
193773,54,9,45,2
193774,58,15,43,2
193775,50,8,42,2
193776,57,7,50,2
193777,59,12,47,2
193778,51,9,42,2
193779,52,8,44,2
193780,49,5,44,2
193781,55,9,46,2
193782,57,6,51,2
193783,50,10,40,2
193784,42,7,35,2
193785,61,4,57,2
193786,54,7,47,2
193787,48,6,42,2
193788,53,6,47,2
193789,50,7,43,2
193790,43,4,39,2
193791,50,4,46,2
193792,37,8,29,2
193793,35,3,32,2
193794,69,13,56,2
193795,30,2,28,2
193796,58,6,52,2
193797,52,7,45,2
193798,59,7,52,2
193799,55,7,48,2
193800,60,9,51,2
193801,43,4,39,2
193802,51,9,42,2
193803,60,5,55,2
193804,67,9,58,2
193805,68,12,56,2
193806,51,4,47,2
193807,50,6,44,2
193808,47,6,41,2
193809,58,8,50,2
193810,50,7,43,2
193811,69,9,60,2
193812,72,7,65,2
193813,56,1,55,2
193814,66,7,59,2
193815,55,7,48,2
193816,63,14,49,2
193817,55,10,45,2
193818,38,7,31,2
193819,53,4,49,2
193820,47,6,41,2
193821,48,8,40,2
193822,46,4,42,2
193823,67,11,56,2
193824,59,5,54,2
193825,40,8,32,2
193826,36,5,31,2
193827,57,8,49,2
193828,59,6,53,2
193829,62,5,57,2
193830,64,1,63,2
193831,64,8,56,2
193832,50,3,47,2
193833,44,9,35,2
193834,55,6,49,2
193835,58,7,51,2
193836,54,5,49,2
193837,58,9,49,2
193838,69,10,59,2
193839,55,5,50,2
193840,49,7,42,2
193841,61,7,54,2
193842,57,7,50,2
193843,64,5,59,2
193844,57,4,53,2
193845,57,5,52,2
193846,59,9,50,2
193847,56,12,44,2
193848,45,10,35,2
193849,57,5,52,2
193850,62,9,53,2
193851,47,1,46,2
193852,54,5,49,2
193853,60,7,53,2
193854,53,9,44,2
193855,62,11,51,2
193856,54,9,45,2
193857,49,6,43,2
193858,42,6,36,2
193859,49,4,45,2
193860,55,10,45,2
193861,51,4,47,2
193862,55,6,49,2
193863,57,6,51,2
193864,46,8,38,2
193865,54,10,44,2
193866,34,5,29,2
193867,64,11,53,2
193868,65,11,54,2
193869,65,7,58,2
193870,56,6,50,2
193871,45,6,39,2
193872,50,7,43,2
193873,69,14,55,2
193874,49,6,43,2
193875,57,7,50,2
193876,58,12,46,2
193877,59,7,52,2
193878,57,11,46,2
193879,63,5,58,2
193880,48,6,42,2
193881,59,2,57,2
193882,65,7,58,2
193883,61,8,53,2
193884,52,7,45,2
193885,53,6,47,2
193886,60,2,58,2
193887,51,7,44,2
193888,51,6,45,2
193889,64,9,55,2
193890,63,4,59,2
193891,51,7,44,2
193892,54,6,48,2
193893,56,8,48,2
193894,53,6,47,2
193895,65,12,53,2
193896,49,6,43,2
193897,59,1,58,2
193898,55,4,51,2
193899,61,10,51,2
193900,62,10,52,2
193901,50,3,47,2
193902,55,12,43,2
193903,55,9,46,2
193904,51,6,45,2
193905,42,6,36,2
193906,52,7,45,2
193907,44,8,36,2
193908,61,4,57,2
193909,59,9,50,2
193910,46,4,42,2
193911,73,11,62,2
193912,56,4,52,2
193913,62,11,51,2
193914,51,4,47,2
193915,60,8,52,2
193916,55,8,47,2
193917,56,6,50,2
193918,55,7,48,2
193919,50,6,44,2
193920,46,3,43,2
193921,56,6,50,2
193922,61,4,57,2
193923,54,6,48,2
193924,73,9,64,2
193925,49,7,42,2
193926,53,5,48,2
193927,51,7,44,2
193928,56,3,53,2
193929,52,11,41,2
193930,49,7,42,2
193931,49,2,47,2
193932,47,4,43,2
193933,49,5,44,2
193934,55,9,46,2
193935,53,7,46,2
193936,54,11,43,2
193937,67,4,63,2
193938,65,10,55,2
193939,61,6,55,2
193940,54,13,41,2
193941,63,7,56,2
193942,45,6,39,2
193943,43,7,36,2
193944,52,6,46,2
193945,50,11,39,2
193946,52,6,46,2
193947,63,8,55,2
193948,60,5,55,2
193949,63,10,53,2
193950,66,14,52,2
193951,68,8,60,2
193952,58,4,54,2
193953,45,6,39,2
193954,50,5,45,2
193955,64,3,61,2
193956,61,7,54,2
193957,51,7,44,2
193958,37,2,35,2
193959,44,9,35,2
193960,50,7,43,2
193961,55,4,51,2
193962,47,5,42,2
193963,55,8,47,2
193964,59,3,56,2
193965,60,7,53,2
193966,56,10,46,2
193967,58,1,57,2
193968,59,3,56,2
193969,53,3,50,2
193970,52,5,47,2
193971,55,6,49,2
193972,64,6,58,2
193973,54,8,46,2
193974,52,7,45,2
193975,46,5,41,2
193976,51,4,47,2
193977,59,6,53,2
193978,61,4,57,2
193979,65,1,64,2
193980,64,6,58,2
193981,57,7,50,2
193982,65,10,55,2
193983,52,8,44,2
193984,53,8,45,2
193985,45,4,41,2
193986,63,14,49,2
193987,54,6,48,2
193988,49,4,45,2
193989,52,7,45,2
193990,54,8,46,2
193991,61,6,55,2
193992,60,11,49,2
193993,46,6,40,2
193994,55,7,48,2
193995,63,5,58,2
193996,47,7,40,2
193997,58,5,53,2
193998,50,4,46,2
193999,50,3,47,2
194000,77,13,64,2
194001,49,3,46,2
194002,75,14,61,2
194003,60,4,56,2
194004,57,10,47,2
194005,77,6,71,2
194006,59,8,51,2
194007,59,7,52,2
194008,50,10,40,2
194009,49,7,42,2
194010,56,9,47,2
194011,55,11,44,2
194012,63,8,55,2
194013,59,12,47,2
194014,48,3,45,2
194015,45,4,41,2
194016,51,6,45,2
194017,50,5,45,2
194018,57,4,53,2
194019,64,9,55,2
194020,51,5,46,2
194021,60,9,51,2
194022,49,7,42,2
194023,57,8,49,2
194024,66,7,59,2
194025,56,13,43,2
194026,46,4,42,2
194027,44,6,38,2
194028,50,7,43,2
194029,51,6,45,2
194030,44,4,40,2
194031,66,8,58,2
194032,54,10,44,2
194033,46,9,37,2
194034,46,5,41,2
194035,56,10,46,2
194036,57,8,49,2
194037,51,10,41,2
194038,55,3,52,2
194039,53,4,49,2
194040,52,4,48,2
194041,55,10,45,2
194042,56,3,53,2
194043,57,11,46,2
194044,60,9,51,2
194045,41,2,39,2
194046,55,4,51,2
194047,58,3,55,2
194048,52,7,45,2
194049,56,7,49,2
194050,71,6,65,2
194051,69,6,63,2
194052,65,4,61,2
194053,43,6,37,2
194054,51,5,46,2
194055,54,9,45,2
194056,54,6,48,2
194057,53,4,49,2
194058,53,8,45,2
194059,50,6,44,2
194060,64,12,52,2
194061,51,9,42,2
194062,59,11,48,2
194063,45,9,36,2
194064,50,7,43,2
194065,58,11,47,2
194066,48,7,41,2
194067,58,7,51,2
194068,53,7,46,2
194069,58,9,49,2
194070,68,7,61,2
194071,48,7,41,2
194072,46,7,39,2
194073,58,7,51,2
194074,54,4,50,2
194075,52,7,45,2
194076,51,6,45,2
194077,64,9,55,2
194078,55,11,44,2
194079,55,9,46,2
194080,47,5,42,2
194081,48,11,37,2
194082,66,10,56,2
194083,55,9,46,2
194084,59,8,51,2
194085,56,10,46,2
194086,58,5,53,2
194087,63,8,55,2
194088,71,7,64,2
194089,52,5,47,2
194090,59,2,57,2
194091,55,3,52,2
194092,68,2,66,2
194093,44,6,38,2
194094,46,7,39,2
194095,44,4,40,2
194096,41,8,33,2
194097,45,5,40,2
194098,60,6,54,2
194099,70,9,61,2
194100,47,5,42,2
194101,51,7,44,2
194102,52,8,44,2
194103,50,2,48,2
194104,55,3,52,2
194105,65,3,62,2
194106,42,10,32,2
194107,51,7,44,2
194108,58,8,50,2
194109,40,4,36,2
194110,54,7,47,2
194111,60,9,51,2
194112,59,7,52,2
194113,52,7,45,2
194114,49,9,40,2
194115,57,7,50,2
194116,52,8,44,2
194117,65,9,56,2
194118,45,5,40,2
194119,48,4,44,2
194120,49,6,43,2
194121,54,9,45,2
194122,56,10,46,2
194123,61,7,54,2
194124,50,6,44,2
194125,56,6,50,2
194126,62,8,54,2
194127,49,4,45,2
194128,71,9,62,2
194129,54,9,45,2
194130,44,4,40,2
194131,58,9,49,2
194132,68,8,60,2
194133,53,4,49,2
194134,61,6,55,2
194135,61,8,53,2
194136,61,7,54,2
194137,43,7,36,2
194138,61,6,55,2
194139,55,3,52,2
194140,39,4,35,2
194141,49,4,45,2
194142,51,10,41,2
194143,58,8,50,2
194144,45,4,41,2
194145,61,9,52,2
194146,45,4,41,2
194147,56,9,47,2
194148,60,9,51,2
194149,50,4,46,2
194150,67,9,58,2
194151,51,12,39,2
194152,63,8,55,2
194153,59,10,49,2
194154,64,6,58,2
194155,65,8,57,2
194156,61,9,52,2
194157,47,5,42,2
194158,48,5,43,2
194159,56,5,51,2
194160,66,8,58,2
194161,48,5,43,2
194162,45,4,41,2
194163,43,5,38,2
194164,57,9,48,2
194165,58,2,56,2
194166,53,6,47,2
194167,61,4,57,2
194168,58,1,57,2
194169,47,6,41,2
194170,54,6,48,2
194171,44,8,36,2
194172,53,4,49,2
194173,51,3,48,2
194174,66,9,57,2
194175,62,9,53,2
194176,42,4,38,2
194177,56,5,51,2
194178,50,3,47,2
194179,69,7,62,2
194180,65,7,58,2
194181,59,8,51,2
194182,55,6,49,2
194183,58,8,50,2
194184,64,6,58,2
194185,59,5,54,2
194186,51,4,47,2
194187,48,5,43,2
194188,47,8,39,2
194189,50,4,46,2
194190,61,10,51,2
194191,57,7,50,2
194192,51,5,46,2
194193,59,7,52,2
194194,69,6,63,2
194195,53,2,51,2
194196,49,7,42,2
194197,53,5,48,2
194198,65,11,54,2
194199,55,8,47,2
194200,59,11,48,2
194201,58,4,54,2
194202,70,14,56,2
194203,60,9,51,2
194204,51,5,46,2
194205,56,3,53,2
194206,53,9,44,2
194207,50,7,43,2
194208,67,8,59,2
194209,53,7,46,2
194210,46,9,37,2
194211,45,8,37,2
194212,46,5,41,2
194213,50,8,42,2
194214,63,7,56,2
194215,44,2,42,2
194216,53,13,40,2
194217,56,6,50,2
194218,52,3,49,2
194219,49,3,46,2
194220,47,5,42,2
194221,47,5,42,2
194222,54,6,48,2
194223,54,5,49,2
194224,56,9,47,2
194225,62,8,54,2
194226,51,5,46,2
194227,56,9,47,2
194228,62,5,57,2
194229,55,8,47,2
194230,61,11,50,2
194231,60,11,49,2
194232,64,8,56,2
194233,53,9,44,2
194234,43,3,40,2
194235,42,2,40,2
194236,40,6,34,2
194237,47,3,44,2
194238,57,4,53,2
194239,52,8,44,2
194240,54,11,43,2
194241,50,11,39,2
194242,66,9,57,2
194243,48,6,42,2
194244,52,12,40,2
194245,47,6,41,2
194246,57,4,53,2
194247,61,9,52,2
194248,47,6,41,2
194249,59,3,56,2
194250,49,6,43,2
194251,52,3,49,2
194252,48,10,38,2
194253,58,5,53,2
194254,58,5,53,2
194255,47,4,43,2
194256,50,5,45,2
194257,53,6,47,2
194258,60,3,57,2
194259,52,3,49,2
194260,58,5,53,2
194261,47,3,44,2
194262,56,4,52,2
194263,68,7,61,2
194264,55,5,50,2
194265,51,8,43,2
194266,48,12,36,2
194267,56,7,49,2
194268,54,8,46,2
194269,59,10,49,2
194270,56,8,48,2
194271,61,9,52,2
194272,61,5,56,2
194273,60,11,49,2
194274,57,3,54,2
194275,54,10,44,2
194276,50,7,43,2
194277,53,6,47,2
194278,55,8,47,2
194279,59,9,50,2
194280,53,8,45,2
194281,58,3,55,2
194282,59,5,54,2
194283,56,6,50,2
194284,48,6,42,2
194285,57,5,52,2
194286,63,8,55,2
194287,50,6,44,2
194288,40,7,33,2
194289,48,5,43,2
194290,55,8,47,2
194291,60,6,54,2
194292,65,7,58,2
194293,71,6,65,2
194294,49,7,42,2
194295,54,5,49,2
194296,43,6,37,2
194297,67,11,56,2
194298,58,5,53,2
194299,58,4,54,2
194300,49,4,45,2
194301,63,9,54,2
194302,41,3,38,2
194303,53,5,48,2
194304,53,8,45,2
194305,49,3,46,2
194306,47,5,42,2
194307,60,6,54,2
194308,41,4,37,2
194309,58,1,57,2
194310,59,7,52,2
194311,57,10,47,2
194312,51,5,46,2
194313,50,3,47,2
194314,58,8,50,2
194315,51,2,49,2
194316,61,8,53,2
194317,58,9,49,2
194318,48,7,41,2
194319,66,10,56,2
194320,57,7,50,2
194321,62,5,57,2
194322,47,7,40,2
194323,54,4,50,2
194324,53,5,48,2
194325,51,5,46,2
194326,35,5,30,2
194327,49,7,42,2
194328,45,5,40,2
194329,53,10,43,2
194330,74,3,71,2
194331,53,5,48,2
194332,57,7,50,2
194333,61,8,53,2
194334,65,12,53,2
194335,42,4,38,2
194336,65,10,55,2
194337,57,6,51,2
194338,56,6,50,2
194339,62,6,56,2
194340,54,6,48,2
194341,39,2,37,2
194342,52,5,47,2
194343,49,7,42,2
194344,54,9,45,2
194345,55,9,46,2
194346,55,7,48,2
194347,61,8,53,2
194348,39,4,35,2
194349,66,6,60,2
194350,42,6,36,2
194351,55,15,40,2
194352,62,9,53,2
194353,63,6,57,2
194354,45,4,41,2
194355,55,6,49,2
194356,49,7,42,2
194357,49,5,44,2
194358,65,16,49,2
194359,54,8,46,2
194360,52,7,45,2
194361,54,6,48,2
194362,52,7,45,2
194363,60,6,54,2
194364,59,11,48,2
194365,55,6,49,2
194366,50,10,40,2
194367,53,7,46,2
194368,54,12,42,2
194369,54,12,42,2
194370,47,5,42,2
194371,48,5,43,2
194372,61,9,52,2
194373,53,5,48,2
194374,51,5,46,2
194375,51,6,45,2
194376,54,8,46,2
194377,44,6,38,2
194378,50,4,46,2
194379,61,6,55,2
194380,63,8,55,2
194381,56,8,48,2
194382,55,6,49,2
194383,53,9,44,2
194384,58,8,50,2
194385,45,8,37,2
194386,58,7,51,2
194387,57,4,53,2
194388,61,3,58,2
194389,63,9,54,2
194390,66,8,58,2
194391,66,5,61,2
194392,49,4,45,2
194393,53,8,45,2
194394,49,7,42,2
194395,55,3,52,2
194396,46,5,41,2
194397,44,3,41,2
194398,56,5,51,2
194399,64,10,54,2
194400,69,7,62,2
194401,51,5,46,2
194402,46,5,41,2
194403,55,6,49,2
194404,68,8,60,2
194405,60,7,53,2
194406,57,9,48,2
194407,53,10,43,2
194408,53,6,47,2
194409,59,6,53,2
194410,74,8,66,2
194411,48,8,40,2
194412,56,8,48,2
194413,45,0,45,1
194414,42,8,34,2
194415,64,5,59,2
194416,47,5,42,2
194417,51,2,49,2
194418,65,6,59,2
194419,67,9,58,2
194420,52,4,48,2
194421,53,11,42,2
194422,53,3,50,2
194423,49,6,43,2
194424,66,7,59,2
194425,51,4,47,2
194426,63,7,56,2
194427,51,7,44,2
194428,60,5,55,2
194429,63,5,58,2
194430,49,3,46,2
194431,55,4,51,2
194432,40,4,36,2
194433,55,3,52,2
194434,48,3,45,2
194435,63,6,57,2
194436,59,4,55,2
194437,47,8,39,2
194438,44,2,42,2
194439,52,6,46,2
194440,44,7,37,2
194441,43,4,39,2
194442,50,3,47,2
194443,66,9,57,2
194444,49,6,43,2
194445,56,5,51,2
194446,47,6,41,2
194447,71,13,58,2
194448,44,5,39,2
194449,36,4,32,2
194450,43,2,41,2
194451,56,6,50,2
194452,55,6,49,2
194453,64,8,56,2
194454,51,8,43,2
194455,56,9,47,2
194456,58,3,55,2
194457,54,7,47,2
194458,62,5,57,2
194459,57,7,50,2
194460,53,5,48,2
194461,44,6,38,2
194462,69,8,61,2
194463,61,5,56,2
194464,58,4,54,2
194465,56,8,48,2
194466,54,8,46,2
194467,57,9,48,2
194468,42,6,36,2
194469,57,10,47,2
194470,59,4,55,2
194471,67,8,59,2
194472,41,2,39,2
194473,54,4,50,2
194474,67,12,55,2
194475,56,6,50,2
194476,56,12,44,2
194477,49,7,42,2
194478,50,2,48,2
194479,51,4,47,2
194480,56,7,49,2
194481,63,7,56,2
194482,58,8,50,2
194483,45,9,36,2
194484,46,6,40,2
194485,58,9,49,2
194486,51,3,48,2
194487,53,6,47,2
194488,35,4,31,2
194489,56,7,49,2
194490,54,4,50,2
194491,59,5,54,2
194492,48,9,39,2
194493,58,6,52,2
194494,47,4,43,2
194495,74,8,66,2
194496,56,3,53,2
194497,64,7,57,2
194498,55,6,49,2
194499,47,7,40,2
194500,47,2,45,2
194501,52,8,44,2
194502,68,6,62,2
194503,53,10,43,2
194504,48,5,43,2
194505,56,4,52,2
194506,43,8,35,2
194507,65,8,57,2
194508,67,11,56,2
194509,53,5,48,2
194510,66,8,58,2
194511,59,8,51,2
194512,51,9,42,2
194513,51,6,45,2
194514,61,8,53,2
194515,68,9,59,2
194516,53,5,48,2
194517,51,8,43,2
194518,61,6,55,2
194519,59,7,52,2
194520,54,9,45,2
194521,46,5,41,2
194522,63,8,55,2
194523,54,6,48,2
194524,58,4,54,2
194525,53,6,47,2
194526,60,8,52,2
194527,64,4,60,2
194528,49,7,42,2
194529,65,4,61,2
194531,51,9,42,2
194532,59,6,53,2
194533,65,10,55,2
194534,62,9,53,2
194535,48,10,38,2
194536,62,11,51,2
194537,62,8,54,2
194538,50,7,43,2
194539,53,2,51,2
194540,53,4,49,2
194541,65,7,58,2
194542,69,4,65,2
194543,50,8,42,2
194544,53,6,47,2
194545,64,9,55,2
194546,54,7,47,2
194547,56,9,47,2
194548,64,8,56,2
194549,60,9,51,2
194550,50,5,45,2
194551,68,9,59,2
194552,59,7,52,2
194553,50,1,49,2
194554,34,1,33,2
194555,55,5,50,2
194556,59,9,50,2
194557,54,5,49,2
194558,46,6,40,2
194559,53,6,47,2
194560,67,9,58,2
194561,59,10,49,2
194562,53,9,44,2
194563,68,11,57,2
194564,53,6,47,2
194565,62,6,56,2
194566,56,4,52,2
194567,65,9,56,2
194568,51,11,40,2
194569,53,7,46,2
194570,42,6,36,2
194571,54,5,49,2
194572,53,7,46,2
194573,56,7,49,2
194574,58,13,45,2
194575,66,8,58,2
194576,57,4,53,2
194577,61,10,51,2
194578,44,4,40,2
194579,55,3,52,2
194580,50,5,45,2
194581,52,7,45,2
194582,63,6,57,2
194583,47,6,41,2
194584,60,5,55,2
194585,41,7,34,2
194586,46,1,45,2
194587,49,9,40,2
194588,48,7,41,2
194589,44,2,42,2
194590,55,4,51,2
194591,41,2,39,2
194592,49,5,44,2
194593,53,7,46,2
194594,58,2,56,2
194595,64,8,56,2
194596,33,6,27,2
194597,65,7,58,2
194598,44,6,38,2
194599,38,5,33,2
194600,53,10,43,2
194601,50,4,46,2
194602,45,4,41,2
194603,69,3,66,2
194604,43,6,37,2
194605,52,6,46,2
194606,62,7,55,2
194607,47,7,40,2
194608,49,4,45,2
194609,57,13,44,2
194610,55,6,49,2
194611,61,10,51,2
194612,50,7,43,2
194613,63,9,54,2
194614,48,4,44,2
194615,60,7,53,2
194616,61,9,52,2
194617,48,10,38,2
194618,54,8,46,2
194619,68,6,62,2
194620,55,4,51,2
194621,44,6,38,2
194622,67,9,58,2
194623,53,8,45,2
194624,47,4,43,2
194625,66,10,56,2
194626,63,4,59,2
194627,64,9,55,2
194628,56,3,53,2
194629,61,5,56,2
194630,49,3,46,2
194631,58,3,55,2
194632,47,2,45,2
194633,56,6,50,2
194634,48,2,46,2
194635,52,7,45,2
194636,62,10,52,2
194637,59,5,54,2
194638,57,8,49,2
194639,47,7,40,2
194640,63,5,58,2
194641,45,3,42,2
194642,44,7,37,2
194643,50,6,44,2
194644,60,9,51,2
194645,53,10,43,2
194646,41,6,35,2
194647,55,10,45,2
194648,46,12,34,2
194649,56,5,51,2
194650,65,9,56,2
194651,63,9,54,2
194652,36,7,29,2
194653,51,5,46,2
194654,60,7,53,2
194655,49,7,42,2
194656,66,5,61,2
194657,57,7,50,2
194658,50,10,40,2
194659,58,4,54,2
194660,60,4,56,2
194661,51,8,43,2
194662,52,5,47,2
194663,73,7,66,2
194664,56,10,46,2
194665,59,10,49,2
194666,54,5,49,2
194667,53,7,46,2
194668,52,2,50,2
194669,51,2,49,2
194670,60,11,49,2
194671,53,10,43,2
194672,49,4,45,2
194673,56,6,50,2
194674,48,4,44,2
194675,50,5,45,2
194676,65,9,56,2
194677,55,7,48,2
194678,47,9,38,2
194679,46,2,44,2
194680,52,4,48,2
194681,50,5,45,2
194682,54,8,46,2
194683,45,4,41,2
194684,59,6,53,2
194685,45,7,38,2
194686,56,4,52,2
194687,53,3,50,2
194688,59,12,47,2
194689,51,7,44,2
194690,60,7,53,2
194691,43,5,38,2
194692,48,6,42,2
194693,73,13,60,2
194694,54,6,48,2
194695,50,5,45,2
194696,43,4,39,2
194697,54,2,52,2
194698,52,4,48,2
194699,58,2,56,2
194700,62,8,54,2
194701,55,2,53,2
194702,46,5,41,2
194703,53,8,45,2
194704,42,5,37,2
194705,38,3,35,2
194706,62,10,52,2
194707,50,5,45,2
194708,61,5,56,2
194709,60,4,56,2
194710,49,9,40,2
194711,65,9,56,2
194712,54,8,46,2
194713,46,2,44,2
194714,53,8,45,2
194715,70,5,65,2
194716,47,4,43,2
194717,57,9,48,2
194718,66,10,56,2
194719,49,3,46,2
194720,72,8,64,2
194721,50,6,44,2
194722,48,5,43,2
194723,51,7,44,2
194724,41,7,34,2
194725,55,9,46,2
194726,58,8,50,2
194727,58,5,53,2
194728,51,4,47,2
194729,36,5,31,2
194730,65,11,54,2
194731,38,7,31,2
194732,56,3,53,2
194733,60,12,48,2
194734,49,5,44,2
194735,55,6,49,2
194736,62,8,54,2
194737,41,7,34,2
194738,55,9,46,2
194739,51,8,43,2
194740,53,10,43,2
194741,46,11,35,2
194742,53,10,43,2
194743,64,7,57,2
194744,52,7,45,2
194745,59,8,51,2
194746,69,9,60,2
194747,60,7,53,2
194748,65,9,56,2
194749,58,3,55,2
194750,66,4,62,2
194751,50,5,45,2
194752,52,7,45,2
194753,44,8,36,2
194754,57,8,49,2
194755,44,7,37,2
194756,53,4,49,2
194757,43,2,41,2
194758,59,4,55,2
194759,55,12,43,2
194760,48,10,38,2
194761,65,8,57,2
194762,63,6,57,2
194763,45,3,42,2
194764,44,7,37,2
194765,58,4,54,2
194766,51,11,40,2
194767,42,5,37,2
194768,50,6,44,2
194769,70,9,61,2
194770,50,4,46,2
194771,53,6,47,2
194772,51,7,44,2
194773,73,7,66,2
194774,67,7,60,2
194775,54,6,48,2
194776,58,9,49,2
194777,52,5,47,2
194778,57,9,48,2
194779,59,5,54,2
194780,63,9,54,2
194781,59,3,56,2
194782,61,5,56,2
194783,56,6,50,2
194784,76,10,66,2
194785,51,8,43,2
194786,55,11,44,2
194787,66,11,55,2
194788,67,16,51,2
194789,57,5,52,2
194790,57,3,54,2
194791,43,5,38,2
194792,52,8,44,2
194793,53,9,44,2
194794,72,13,59,2
194795,72,7,65,2
194796,34,5,29,2
194797,54,9,45,2
194798,54,10,44,2
194799,50,8,42,2
194800,57,12,45,2
194801,60,6,54,2
194802,60,5,55,2
194803,41,3,38,2
194804,56,9,47,2
194805,55,4,51,2
194806,60,8,52,2
194807,53,0,53,1
194808,37,3,34,2
194809,52,4,48,2
194810,58,8,50,2
194811,45,9,36,2
194812,49,3,46,2
194813,50,8,42,2
194814,42,5,37,2
194815,47,10,37,2
194816,52,5,47,2
194817,48,6,42,2
194818,49,5,44,2
194819,50,7,43,2
194820,66,9,57,2
194821,49,9,40,2
194822,48,8,40,2
194823,54,9,45,2
194824,58,7,51,2
194825,52,4,48,2
194826,55,5,50,2
194827,58,6,52,2
194828,63,10,53,2
194829,50,4,46,2
194830,61,6,55,2
194832,62,7,55,2
194833,55,5,50,2
194834,66,9,57,2
194835,61,9,52,2
194836,57,10,47,2
194837,48,8,40,2
194838,57,10,47,2
194839,46,5,41,2
194840,46,5,41,2
194841,62,5,57,2
194842,64,9,55,2
194843,61,7,54,2
194844,61,9,52,2
194845,43,2,41,2
194846,56,5,51,2
194847,40,7,33,2
194848,52,8,44,2
194849,62,7,55,2
194850,57,10,47,2
194851,66,12,54,2
194852,45,9,36,2
194853,53,5,48,2
194854,56,3,53,2
194855,52,8,44,2
194856,55,4,51,2
194857,50,5,45,2
194858,31,6,25,2
194859,60,7,53,2
194860,61,6,55,2
194861,48,7,41,2
194862,47,8,39,2
194863,41,6,35,2
194864,35,4,31,2
194865,47,5,42,2
194866,45,7,38,2
194867,52,5,47,2
194868,51,6,45,2
194869,61,6,55,2
194870,68,8,60,2
194871,57,7,50,2
194872,56,16,40,2
194873,44,3,41,2
194874,46,1,45,2
194875,46,6,40,2
194876,65,6,59,2
194877,47,7,40,2
194878,59,4,55,2
194879,61,10,51,2
194880,63,6,57,2
194881,57,9,48,2
194882,44,4,40,2
194883,61,9,52,2
194884,50,7,43,2
194885,54,3,51,2
194886,51,5,46,2
194887,61,6,55,2
194888,65,13,52,2
194889,68,9,59,2
194890,61,8,53,2
194891,55,5,50,2
194892,52,3,49,2
194893,49,2,47,2
194894,73,5,68,2
194895,43,4,39,2
194896,54,7,47,2
194897,47,5,42,2
194898,48,4,44,2
194899,49,5,44,2
194900,57,12,45,2
194901,53,5,48,2
194902,47,5,42,2
194903,56,6,50,2
194904,62,3,59,2
194905,53,6,47,2
194906,50,9,41,2
194907,47,8,39,2
194908,40,2,38,2
194909,71,11,60,2
194910,59,6,53,2
194911,49,5,44,2
194912,48,3,45,2
194913,60,6,54,2
194914,56,5,51,2
194915,41,1,40,2
194916,49,4,45,2
194917,79,5,74,2
194918,59,6,53,2
194919,57,5,52,2
194920,51,7,44,2
194921,56,10,46,2
194922,52,7,45,2
194923,55,7,48,2
194924,47,6,41,2
194925,55,4,51,2
194926,50,5,45,2
194927,44,5,39,2
194928,66,8,58,2
194929,55,7,48,2
194930,61,11,50,2
194931,66,8,58,2
194932,51,5,46,2
194933,46,8,38,2
194934,49,5,44,2
194935,65,6,59,2
194936,63,4,59,2
194937,50,8,42,2
194938,61,7,54,2
194939,53,4,49,2
194940,50,8,42,2
194941,61,8,53,2
194942,62,5,57,2
194943,68,8,60,2
194944,55,9,46,2
194945,48,1,47,2
194946,51,3,48,2
194947,55,3,52,2
194948,62,14,48,2
194949,64,9,55,2
194950,53,4,49,2
194951,64,5,59,2
194952,71,8,63,2
194953,52,3,49,2
194954,78,10,68,2
194955,50,9,41,2
194956,48,6,42,2
194957,49,6,43,2
194958,49,5,44,2
194959,46,8,38,2
194960,63,10,53,2
194961,58,4,54,2
194962,46,2,44,2
194963,52,5,47,2
194964,55,7,48,2
194965,54,4,50,2
194966,54,6,48,2
194967,54,4,50,2
194968,46,4,42,2
194969,66,6,60,2
194970,60,6,54,2
194971,47,7,40,2
194972,46,6,40,2
194973,60,11,49,2
194974,49,6,43,2
194975,48,6,42,2
194976,57,5,52,2
194977,49,8,41,2
194978,58,5,53,2
194979,61,8,53,2
194980,51,4,47,2
194981,43,7,36,2
194982,54,4,50,2
194983,50,3,47,2
194984,63,9,54,2
194985,49,9,40,2
194986,46,5,41,2
194987,43,8,35,2
194988,39,7,32,2
194989,51,8,43,2
194990,58,8,50,2
194991,57,5,52,2
194992,64,7,57,2
194993,46,6,40,2
194994,60,5,55,2
194995,64,10,54,2
194996,48,5,43,2
194997,51,6,45,2
194998,62,6,56,2
194999,62,4,58,2
195000,62,8,54,2
195001,57,2,55,2
195002,53,5,48,2
195003,40,5,35,2
195004,53,5,48,2
195005,58,10,48,2
195006,66,11,55,2
195007,46,5,41,2
195008,45,3,42,2
195009,43,7,36,2
195010,50,5,45,2
195011,1,0,1,1
195012,57,6,51,2
195013,51,5,46,2
195014,62,5,57,2
195015,51,7,44,2
195016,58,8,50,2
195017,60,8,52,2
195018,48,3,45,2
195019,44,6,38,2
195020,51,4,47,2
195021,64,10,54,2
195022,57,7,50,2
195023,55,9,46,2
195024,45,6,39,2
195025,52,7,45,2
195026,49,4,45,2
195027,56,7,49,2
195028,52,9,43,2
195029,54,5,49,2
195030,55,9,46,2
195031,41,5,36,2
195032,54,2,52,2
195033,58,9,49,2
195034,60,7,53,2
195035,47,7,40,2
195036,53,9,44,2
195037,56,8,48,2
195038,62,9,53,2
195039,62,8,54,2
195040,52,4,48,2
195041,43,11,32,2
195042,60,4,56,2
195043,44,6,38,2
195044,60,7,53,2
195045,57,5,52,2
195046,57,9,48,2
195047,46,9,37,2
195048,43,4,39,2
195049,63,8,55,2
195050,56,8,48,2
195051,44,4,40,2
195052,60,12,48,2
195053,50,6,44,2
195054,58,9,49,2
195055,61,5,56,2
195056,57,10,47,2
195057,58,10,48,2
195058,53,5,48,2
195059,61,10,51,2
195060,58,8,50,2
195061,61,3,58,2
195062,54,7,47,2
195063,54,7,47,2
195064,54,6,48,2
195065,66,8,58,2
195066,55,4,51,2
195067,42,9,33,2
195068,37,6,31,2
195069,57,8,49,2
195070,59,7,52,2
195071,61,10,51,2
195072,60,6,54,2
195074,60,4,56,2
195075,57,6,51,2
195076,68,8,60,2
195077,52,4,48,2
195078,54,11,43,2
195079,39,3,36,2
195080,47,5,42,2
195081,55,5,50,2
195082,72,11,61,2
195083,63,11,52,2
195084,52,6,46,2
195085,55,6,49,2
195086,52,8,44,2
195087,52,9,43,2
195088,47,10,37,2
195089,61,6,55,2
195090,66,8,58,2
195091,56,6,50,2
195092,43,7,36,2
195093,50,6,44,2
195094,56,10,46,2
195095,43,5,38,2
195096,46,5,41,2
195097,52,8,44,2
195098,47,6,41,2
195099,61,10,51,2
195100,58,5,53,2
195101,61,8,53,2
195102,51,6,45,2
195103,52,5,47,2
195104,60,5,55,2
195105,48,5,43,2
195106,64,9,55,2
195107,54,9,45,2
195108,58,8,50,2
195109,55,3,52,2
195110,48,8,40,2
195111,58,6,52,2
195112,47,10,37,2
195113,59,4,55,2
195114,61,9,52,2
195115,64,5,59,2
195116,45,3,42,2
195117,46,5,41,2
195118,51,6,45,2
195119,63,5,58,2
195120,50,6,44,2
195121,53,6,47,2
195122,48,2,46,2
195123,49,9,40,2
195124,50,12,38,2
195125,49,3,46,2
195126,69,10,59,2
195127,58,7,51,2
195128,54,9,45,2
195129,60,8,52,2
195130,51,3,48,2
195131,50,4,46,2
195132,64,10,54,2
195134,42,4,38,2
195135,51,6,45,2
195136,56,7,49,2
195137,53,4,49,2
195138,46,6,40,2
195139,65,11,54,2
195140,63,11,52,2
195141,55,8,47,2
195142,51,9,42,2
195143,50,6,44,2
195144,62,9,53,2
195145,46,3,43,2
195146,70,10,60,2
195147,62,11,51,2
195148,56,6,50,2
195149,56,6,50,2
195150,41,5,36,2
195151,54,5,49,2
195152,39,2,37,2
195153,58,4,54,2
195154,46,8,38,2
195155,54,6,48,2
195156,56,12,44,2
195157,57,6,51,2
195158,58,7,51,2
195159,39,5,34,2
195160,45,3,42,2
195161,56,3,53,2
195162,52,3,49,2
195163,56,9,47,2
195164,63,12,51,2
195165,46,4,42,2
195166,55,7,48,2
195167,52,3,49,2
195168,59,5,54,2
195169,44,5,39,2
195170,59,11,48,2
195171,59,2,57,2
195172,53,4,49,2
195173,54,7,47,2
195174,43,5,38,2
195175,62,3,59,2
195176,54,6,48,2
195177,58,9,49,2
195178,54,11,43,2
195179,59,11,48,2
195180,60,7,53,2
195181,62,8,54,2
195182,52,6,46,2
195183,51,2,49,2
195184,50,7,43,2
195185,54,9,45,2
195186,51,9,42,2
195187,61,9,52,2
195188,67,10,57,2
195189,64,6,58,2
195190,54,7,47,2
195191,45,4,41,2
195192,47,4,43,2
195193,55,6,49,2
195194,50,9,41,2
195195,45,6,39,2
195196,48,4,44,2
195197,51,5,46,2
195198,64,7,57,2
195199,43,4,39,2
195200,49,7,42,2
195201,56,5,51,2
195202,50,4,46,2
195203,59,9,50,2
195204,47,5,42,2
195205,48,7,41,2
195206,52,4,48,2
195207,64,10,54,2
195208,56,7,49,2
195209,54,2,52,2
195210,41,2,39,2
195211,57,7,50,2
195212,50,6,44,2
195213,57,6,51,2
195214,49,9,40,2
195215,56,4,52,2
195216,56,8,48,2
195217,63,5,58,2
195218,51,7,44,2
195219,58,4,54,2
195220,62,8,54,2
195221,45,5,40,2
195222,64,5,59,2
195223,69,11,58,2
195224,68,4,64,2
195225,57,2,55,2
195226,60,5,55,2
195227,53,4,49,2
195228,56,7,49,2
195229,54,7,47,2
195230,52,8,44,2
195231,71,7,64,2
195232,64,5,59,2
195233,45,6,39,2
195234,55,7,48,2
195235,48,3,45,2
195236,43,3,40,2
195237,58,8,50,2
195238,48,6,42,2
195239,49,6,43,2
195240,45,5,40,2
195241,51,7,44,2
195242,51,5,46,2
195243,56,6,50,2
195244,58,4,54,2
195245,60,5,55,2
195246,46,4,42,2
195247,43,9,34,2
195248,63,9,54,2
195249,68,11,57,2
195250,61,5,56,2
195251,55,6,49,2
195252,54,7,47,2
195253,44,6,38,2
195254,61,10,51,2
195255,54,5,49,2
195256,55,8,47,2
195257,60,7,53,2
195258,50,9,41,2
195259,61,6,55,2
195260,52,8,44,2
195261,55,10,45,2
195262,57,6,51,2
195263,50,3,47,2
195264,48,7,41,2
195265,64,8,56,2
195266,56,6,50,2
195267,59,5,54,2
195268,51,3,48,2
195269,51,5,46,2
195270,57,5,52,2
195271,55,5,50,2
195272,47,6,41,2
195273,70,5,65,2
195274,60,8,52,2
195275,66,6,60,2
195276,47,8,39,2
195277,63,12,51,2
195278,49,6,43,2
195279,47,4,43,2
195280,46,5,41,2
195281,57,4,53,2
195282,58,4,54,2
195283,54,5,49,2
195284,44,7,37,2
195285,49,5,44,2
195286,52,6,46,2
195287,47,4,43,2
195288,62,7,55,2
195289,52,8,44,2
195290,56,7,49,2
195291,47,8,39,2
195292,45,6,39,2
195293,51,7,44,2
195294,61,8,53,2
195295,52,7,45,2
195296,45,4,41,2
195297,64,7,57,2
195298,62,8,54,2
195299,56,6,50,2
195300,48,10,38,2
195301,56,7,49,2
195302,46,7,39,2
195303,63,7,56,2
195304,66,4,62,2
195305,44,9,35,2
195306,58,8,50,2
195307,53,6,47,2
195308,48,7,41,2
195309,65,7,58,2
195310,35,4,31,2
195311,52,6,46,2
195312,80,15,65,2
195313,50,9,41,2
195314,68,11,57,2
195315,56,6,50,2
195316,59,8,51,2
195317,46,6,40,2
195318,64,7,57,2
195319,54,8,46,2
195320,52,5,47,2
195321,56,7,49,2
195322,49,7,42,2
195323,52,12,40,2
195324,50,5,45,2
195325,47,5,42,2
195326,58,9,49,2
195327,45,4,41,2
195328,51,7,44,2
195329,46,7,39,2
195330,59,5,54,2
195331,60,6,54,2
195332,57,10,47,2
195333,51,3,48,2
195334,50,8,42,2
195335,59,8,51,2
195336,52,3,49,2
195337,51,4,47,2
195338,55,7,48,2
195339,47,11,36,2
195340,52,5,47,2
195341,41,3,38,2
195342,56,5,51,2
195343,46,4,42,2
195344,49,5,44,2
195345,60,8,52,2
195346,56,8,48,2
195347,49,9,40,2
195348,66,8,58,2
195349,61,7,54,2
195350,51,7,44,2
195351,58,4,54,2
195352,45,7,38,2
195353,51,10,41,2
195354,52,3,49,2
195355,52,12,40,2
195356,53,6,47,2
195357,55,9,46,2
195358,49,7,42,2
195359,51,3,48,2
195360,56,2,54,2
195361,57,9,48,2
195362,63,8,55,2
195363,37,3,34,2
195364,57,10,47,2
195365,53,5,48,2
195366,54,7,47,2
195367,62,12,50,2
195368,44,8,36,2
195369,63,7,56,2
195370,64,5,59,2
195371,57,5,52,2
195372,59,3,56,2
195373,45,11,34,2
195374,45,8,37,2
195375,45,4,41,2
195376,60,6,54,2
195377,67,3,64,2
195378,48,7,41,2
195379,60,4,56,2
195380,61,12,49,2
195381,53,9,44,2
195382,69,5,64,2
195383,54,11,43,2
195384,46,5,41,2
195385,49,10,39,2
195386,62,3,59,2
195387,49,4,45,2
195388,42,7,35,2
195389,53,6,47,2
195390,38,7,31,2
195391,58,5,53,2
195392,49,5,44,2
195393,57,9,48,2
195394,56,9,47,2
195395,58,8,50,2
195396,40,2,38,2
195397,44,3,41,2
195398,51,6,45,2
195399,42,6,36,2
195400,65,7,58,2
195401,54,7,47,2
195402,59,5,54,2
195403,54,3,51,2
195404,58,7,51,2
195405,64,7,57,2
195406,46,4,42,2
195407,52,2,50,2
195408,49,3,46,2
195409,67,5,62,2
195410,53,4,49,2
195411,50,5,45,2
195412,47,5,42,2
195413,49,5,44,2
195414,39,6,33,2
195415,62,7,55,2
195417,51,7,44,2
195418,66,5,61,2
195419,53,5,48,2
195420,58,6,52,2
195421,59,3,56,2
195422,59,8,51,2
195423,47,4,43,2
195424,48,5,43,2
195425,67,13,54,2
195426,44,3,41,2
195427,58,5,53,2
195428,64,9,55,2
195429,52,5,47,2
195430,49,7,42,2
195431,59,8,51,2
195432,51,8,43,2
195433,50,10,40,2
195434,61,7,54,2
195435,66,8,58,2
195436,53,8,45,2
195438,55,5,50,2
195439,58,3,55,2
195440,56,4,52,2
195441,51,7,44,2
195442,38,6,32,2
195443,45,4,41,2
195444,66,7,59,2
195445,52,12,40,2
195446,61,7,54,2
195447,65,11,54,2
195448,59,7,52,2
195449,52,7,45,2
195450,57,5,52,2
195451,54,4,50,2
195452,60,8,52,2
195453,42,3,39,2
195454,54,10,44,2
195455,51,9,42,2
195456,43,7,36,2
195457,51,7,44,2
195458,49,5,44,2
195459,50,8,42,2
195460,55,9,46,2
195461,59,4,55,2
195462,64,8,56,2
195463,47,8,39,2
195464,50,8,42,2
195465,48,9,39,2
195466,38,2,36,2
195467,60,9,51,2
195468,62,7,55,2
195469,57,7,50,2
195470,51,11,40,2
195471,47,7,40,2
195472,67,5,62,2
195473,53,9,44,2
195474,54,9,45,2
195475,56,6,50,2
195476,67,3,64,2
195477,59,12,47,2
195478,55,9,46,2
195479,45,4,41,2
195480,49,10,39,2
195481,60,3,57,2
195482,66,9,57,2
195483,52,9,43,2
195484,61,5,56,2
195485,63,4,59,2
195486,54,9,45,2
195487,55,2,53,2
195488,53,4,49,2
195489,56,5,51,2
195490,61,7,54,2
195491,47,3,44,2
195492,58,10,48,2
195493,47,6,41,2
195494,51,4,47,2
195495,54,5,49,2
195496,59,6,53,2
195497,69,11,58,2
195498,60,7,53,2
195499,44,6,38,2
195500,53,4,49,2
195501,60,4,56,2
195502,43,5,38,2
195503,48,5,43,2
195504,56,4,52,2
195505,46,8,38,2
195506,51,5,46,2
195507,59,7,52,2
195508,59,5,54,2
195509,68,4,64,2
195510,52,4,48,2
195511,60,9,51,2
195512,52,5,47,2
195513,45,7,38,2
195514,55,7,48,2
195515,46,6,40,2
195516,46,3,43,2
195517,62,8,54,2
195518,52,4,48,2
195519,55,8,47,2
195520,38,2,36,2
195521,64,7,57,2
195522,53,3,50,2
195523,62,4,58,2
195524,52,6,46,2
195525,54,9,45,2
195526,47,4,43,2
195527,64,8,56,2
195528,57,9,48,2
195529,55,8,47,2
195530,55,6,49,2
195531,62,10,52,2
195532,62,4,58,2
195533,53,7,46,2
195534,50,9,41,2
195535,61,9,52,2
195536,63,4,59,2
195537,51,6,45,2
195538,51,7,44,2
195539,57,9,48,2
195540,55,8,47,2
195541,68,9,59,2
195542,56,6,50,2
195543,57,9,48,2
195544,52,10,42,2
195545,45,3,42,2
195546,59,7,52,2
195547,53,7,46,2
195548,56,3,53,2
195549,37,4,33,2
195550,73,8,65,2
195551,52,4,48,2
195552,60,8,52,2
195553,57,7,50,2
195554,48,5,43,2
195555,51,8,43,2
195556,61,9,52,2
195558,56,4,52,2
195559,52,5,47,2
195560,64,8,56,2
195561,47,5,42,2
195562,62,9,53,2
195563,42,6,36,2
195564,50,4,46,2
195565,51,6,45,2
195566,65,6,59,2
195567,63,10,53,2
195568,48,8,40,2
195569,55,4,51,2
195570,44,3,41,2
195571,56,5,51,2
195572,59,6,53,2
195573,5,4,1,2
195574,47,7,40,2
195576,66,10,56,2
195577,45,5,40,2
195578,53,5,48,2
195579,57,8,49,2
195580,42,7,35,2
195581,58,6,52,2
195582,61,3,58,2
195583,53,4,49,2
195584,46,4,42,2
195585,46,5,41,2
195586,49,6,43,2
195587,51,2,49,2
195588,61,6,55,2
195589,54,7,47,2
195590,52,4,48,2
195591,58,6,52,2
195592,65,9,56,2
195593,67,6,61,2
195594,54,6,48,2
195595,67,9,58,2
195596,48,8,40,2
195597,51,2,49,2
195598,57,9,48,2
195599,45,4,41,2
195600,62,12,50,2
195601,44,4,40,2
195602,54,2,52,2
195603,45,5,40,2
195604,50,5,45,2
195605,71,6,65,2
195606,59,4,55,2
195607,62,7,55,2
195608,51,3,48,2
195609,59,7,52,2
195610,39,5,34,2
195611,60,7,53,2
195612,60,12,48,2
195613,62,6,56,2
195614,51,2,49,2
195615,53,6,47,2
195616,58,4,54,2
195617,41,4,37,2
195618,59,7,52,2
195619,61,7,54,2
195620,60,12,48,2
195621,59,5,54,2
195622,49,9,40,2
195623,66,10,56,2
195624,50,6,44,2
195625,60,5,55,2
195626,52,7,45,2
195627,46,5,41,2
195628,50,4,46,2
195629,59,5,54,2
195630,54,6,48,2
195631,57,6,51,2
195632,44,3,41,2
195633,55,2,53,2
195634,54,13,41,2
195635,63,9,54,2
195636,52,7,45,2
195637,55,4,51,2
195638,51,3,48,2
195639,50,3,47,2
195640,62,12,50,2
195641,64,3,61,2
195642,56,8,48,2
195643,72,12,60,2
195644,62,2,60,2
195645,60,9,51,2
195646,55,6,49,2
195647,47,6,41,2
195648,61,6,55,2
195649,38,6,32,2
195650,51,3,48,2
195651,52,3,49,2
195652,52,7,45,2
195653,55,9,46,2
195654,54,5,49,2
195655,52,8,44,2
195656,45,2,43,2
195657,59,6,53,2
195658,55,9,46,2
195659,50,7,43,2
195660,59,7,52,2
195661,56,9,47,2
195662,48,5,43,2
195663,49,12,37,2
195664,49,6,43,2
195665,67,8,59,2
195666,58,6,52,2
195667,54,2,52,2
195668,57,5,52,2
195669,64,7,57,2
195670,47,5,42,2
195671,55,6,49,2
195672,50,4,46,2
195673,50,6,44,2
195674,56,7,49,2
195675,40,7,33,2
195676,44,4,40,2
195677,63,6,57,2
195678,54,6,48,2
195679,62,12,50,2
195680,57,7,50,2
195681,66,5,61,2
195682,49,7,42,2
195683,48,7,41,2
195684,51,7,44,2
195685,61,4,57,2
195686,21,21,0,1
195687,53,5,48,2
195688,48,5,43,2
195689,50,6,44,2
195690,48,5,43,2
195691,52,7,45,2
195692,42,9,33,2
195693,63,6,57,2
195694,59,6,53,2
195695,61,12,49,2
195696,53,4,49,2
195697,60,15,45,2
195698,42,0,42,1
195699,57,6,51,2
195700,46,6,40,2
195701,52,9,43,2
195702,57,7,50,2
195703,41,6,35,2
195704,52,3,49,2
195705,52,10,42,2
195706,63,13,50,2
195707,54,7,47,2
195708,58,8,50,2
195709,44,5,39,2
195710,65,5,60,2
195711,60,9,51,2
195712,60,11,49,2
195713,57,5,52,2
195714,60,10,50,2
195715,52,9,43,2
195716,57,10,47,2
195717,62,8,54,2
195718,54,3,51,2
195719,71,11,60,2
195720,47,6,41,2
195721,53,4,49,2
195722,54,2,52,2
195723,53,9,44,2
195724,67,6,61,2
195725,54,5,49,2
195726,71,10,61,2
195727,58,2,56,2
195728,52,7,45,2
195729,59,9,50,2
195730,55,12,43,2
195731,64,14,50,2
195732,50,7,43,2
195733,35,6,29,2
195734,52,2,50,2
195735,39,5,34,2
195736,54,4,50,2
195737,47,5,42,2
195738,63,4,59,2
195739,53,4,49,2
195740,56,6,50,2
195741,70,9,61,2
195742,44,6,38,2
195743,55,6,49,2
195744,54,5,49,2
195745,58,5,53,2
195746,50,12,38,2
195747,47,8,39,2
195748,51,6,45,2
195749,49,7,42,2
195750,58,6,52,2
195751,48,2,46,2
195752,44,3,41,2
195753,50,6,44,2
195754,61,5,56,2
195755,45,4,41,2
195756,53,5,48,2
195757,46,7,39,2
195758,61,7,54,2
195759,53,10,43,2
195760,61,7,54,2
195761,55,4,51,2
195762,49,9,40,2
195763,52,5,47,2
195764,50,5,45,2
195765,72,4,68,2
195766,59,7,52,2
195767,49,6,43,2
195768,44,5,39,2
195769,47,8,39,2
195770,52,6,46,2
195771,57,9,48,2
195772,51,8,43,2
195773,41,6,35,2
195774,54,5,49,2
195775,53,10,43,2
195776,63,8,55,2
195777,63,10,53,2
195778,50,2,48,2
195779,45,8,37,2
195780,65,8,57,2
195781,61,6,55,2
195782,59,4,55,2
195783,57,7,50,2
195784,48,4,44,2
195785,44,6,38,2
195786,49,2,47,2
195787,67,8,59,2
195788,46,8,38,2
195789,53,10,43,2
195790,70,12,58,2
195791,60,8,52,2
195792,42,5,37,2
195793,51,5,46,2
195794,49,1,48,2
195795,55,4,51,2
195796,60,7,53,2
195797,56,8,48,2
195798,43,3,40,2
195799,50,4,46,2
195800,45,11,34,2
195801,67,7,60,2
195802,53,8,45,2
195803,57,11,46,2
195804,60,10,50,2
195805,54,7,47,2
195806,58,4,54,2
195807,56,6,50,2
195808,61,5,56,2
195809,62,8,54,2
195810,57,7,50,2
195811,56,2,54,2
195812,57,9,48,2
195813,46,7,39,2
195814,56,10,46,2
195815,53,8,45,2
195816,46,2,44,2
195817,56,7,49,2
195818,61,6,55,2
195819,53,7,46,2
195820,56,11,45,2
195821,32,2,30,2
195822,65,11,54,2
195823,66,6,60,2
195824,63,5,58,2
195825,47,3,44,2
195826,60,7,53,2
195827,66,7,59,2
195828,62,9,53,2
195829,42,6,36,2
195830,49,7,42,2
195831,55,5,50,2
195832,69,6,63,2
195833,60,8,52,2
195834,50,4,46,2
195835,52,3,49,2
195836,57,8,49,2
195837,59,12,47,2
195838,46,6,40,2
195839,59,5,54,2
195840,57,8,49,2
195841,51,4,47,2
195842,52,7,45,2
195843,68,7,61,2
195844,54,5,49,2
195845,57,8,49,2
195846,57,7,50,2
195847,60,9,51,2
195848,68,9,59,2
195849,46,5,41,2
195850,66,7,59,2
195851,52,7,45,2
195852,56,3,53,2
195853,44,7,37,2
195854,56,3,53,2
195855,57,9,48,2
195856,46,7,39,2
195857,52,4,48,2
195858,58,7,51,2
195859,46,6,40,2
195860,56,5,51,2
195861,60,7,53,2
195862,52,6,46,2
195863,62,9,53,2
195864,60,6,54,2
195865,60,6,54,2
195866,63,10,53,2
195867,48,10,38,2
195868,51,4,47,2
195869,45,9,36,2
195870,54,7,47,2
195871,46,4,42,2
195872,65,8,57,2
195873,46,6,40,2
195874,59,8,51,2
195875,47,4,43,2
195876,60,6,54,2
195877,54,12,42,2
195878,63,10,53,2
195879,60,4,56,2
195880,56,5,51,2
195881,61,9,52,2
195882,55,3,52,2
195883,72,6,66,2
195884,67,7,60,2
195885,59,3,56,2
195886,49,3,46,2
195887,54,8,46,2
195888,55,8,47,2
195889,54,2,52,2
195890,54,7,47,2
195891,54,6,48,2
195892,52,3,49,2
195893,57,8,49,2
195894,58,7,51,2
195895,53,6,47,2
195896,44,5,39,2
195897,47,8,39,2
195898,54,5,49,2
195899,66,5,61,2
195900,60,8,52,2
195901,55,7,48,2
195902,69,9,60,2
195903,55,5,50,2
195904,75,8,67,2
195905,53,6,47,2
195906,51,3,48,2
195907,45,5,40,2
195908,48,4,44,2
195909,51,5,46,2
195910,50,3,47,2
195911,60,8,52,2
195912,45,2,43,2
195913,51,6,45,2
195914,66,8,58,2
195915,62,6,56,2
195916,60,9,51,2
195917,45,5,40,2
195918,57,3,54,2
195919,53,6,47,2
195920,42,6,36,2
195921,54,5,49,2
195922,57,10,47,2
195923,51,3,48,2
195924,53,6,47,2
195925,66,9,57,2
195926,62,8,54,2
195927,50,9,41,2
195928,57,3,54,2
195929,46,8,38,2
195930,42,6,36,2
195931,49,6,43,2
195932,54,7,47,2
195933,47,5,42,2
195934,53,10,43,2
195935,57,5,52,2
195936,56,6,50,2
195937,41,5,36,2
195938,67,9,58,2
195939,70,8,62,2
195940,63,13,50,2
195941,48,8,40,2
195942,55,7,48,2
195943,53,8,45,2
195944,62,3,59,2
195945,49,6,43,2
195946,76,11,65,2
195947,60,8,52,2
195948,43,4,39,2
195949,69,10,59,2
195950,45,6,39,2
195951,70,6,64,2
195952,54,7,47,2
195953,57,10,47,2
195954,44,4,40,2
195955,49,3,46,2
195956,54,5,49,2
195957,48,5,43,2
195958,38,4,34,2
195959,52,5,47,2
195960,56,5,51,2
195961,50,3,47,2
195962,47,9,38,2
195963,57,8,49,2
195964,61,8,53,2
195965,58,6,52,2
195966,61,6,55,2
195967,39,4,35,2
195968,61,5,56,2
195969,42,4,38,2
195970,60,5,55,2
195971,60,3,57,2
195972,71,8,63,2
195973,60,7,53,2
195974,49,6,43,2
195975,66,6,60,2
195976,51,7,44,2
195977,63,8,55,2
195978,49,5,44,2
195979,59,5,54,2
195980,53,5,48,2
195981,42,4,38,2
195982,49,6,43,2
195983,53,5,48,2
195984,55,9,46,2
195985,56,6,50,2
195986,64,5,59,2
195987,46,6,40,2
195988,57,13,44,2
195989,58,6,52,2
195990,60,7,53,2
195991,61,7,54,2
195992,60,7,53,2
195993,61,7,54,2
195994,42,6,36,2
195995,47,3,44,2
195996,59,12,47,2
195997,58,4,54,2
195998,59,7,52,2
195999,58,6,52,2
196000,50,6,44,2
196001,59,9,50,2
196002,66,5,61,2
196003,52,5,47,2
196004,54,7,47,2
196005,59,4,55,2
196006,55,5,50,2
196007,56,6,50,2
196008,53,4,49,2
196009,55,5,50,2
196010,56,5,51,2
196011,41,4,37,2
196012,49,7,42,2
196013,57,6,51,2
196014,46,4,42,2
196015,66,11,55,2
196016,64,8,56,2
196017,45,7,38,2
196018,50,3,47,2
196019,50,5,45,2
196020,48,4,44,2
196021,63,5,58,2
196022,58,6,52,2
196023,69,9,60,2
196024,49,4,45,2
196025,66,8,58,2
196026,57,7,50,2
196027,39,3,36,2
196028,51,3,48,2
196029,47,9,38,2
196030,60,4,56,2
196031,55,4,51,2
196032,50,4,46,2
196033,62,10,52,2
196034,48,4,44,2
196035,67,4,63,2
196036,60,10,50,2
196037,55,9,46,2
196038,63,7,56,2
196039,46,5,41,2
196040,45,6,39,2
196041,53,4,49,2
196042,63,4,59,2
196043,63,5,58,2
196044,55,1,54,2
196045,50,6,44,2
196046,56,6,50,2
196047,49,5,44,2
196048,45,4,41,2
196049,65,14,51,2
196050,66,10,56,2
196051,60,7,53,2
196052,40,4,36,2
196053,50,4,46,2
196054,48,4,44,2
196055,53,4,49,2
196056,41,3,38,2
196057,67,10,57,2
196058,55,7,48,2
196059,63,8,55,2
196060,48,7,41,2
196061,62,7,55,2
196062,48,10,38,2
196063,51,10,41,2
196064,66,6,60,2
196065,57,7,50,2
196066,54,8,46,2
196067,67,8,59,2
196068,56,6,50,2
196069,51,6,45,2
196070,69,10,59,2
196071,52,7,45,2
196072,56,7,49,2
196073,47,10,37,2
196074,46,7,39,2
196075,55,9,46,2
196076,50,7,43,2
196077,62,6,56,2
196078,56,4,52,2
196079,55,7,48,2
196080,61,9,52,2
196081,43,5,38,2
196082,41,4,37,2
196083,49,6,43,2
196084,23,21,2,2
196085,45,3,42,2
196086,55,7,48,2
196087,44,8,36,2
196088,59,5,54,2
196089,44,6,38,2
196090,58,11,47,2
196091,65,8,57,2
196092,68,8,60,2
196093,51,10,41,2
196094,49,6,43,2
196095,47,4,43,2
196096,57,8,49,2
196097,62,2,60,2
196098,50,6,44,2
196099,47,5,42,2
196100,52,5,47,2
196101,52,7,45,2
196102,60,7,53,2
196103,52,4,48,2
196104,50,5,45,2
196105,48,2,46,2
196106,47,8,39,2
196107,54,10,44,2
196108,54,4,50,2
196109,61,6,55,2
196110,62,8,54,2
196111,50,7,43,2
196112,59,10,49,2
196113,44,1,43,2
196114,43,5,38,2
196115,61,6,55,2
196116,57,7,50,2
196117,56,8,48,2
196118,53,10,43,2
196119,56,5,51,2
196120,60,5,55,2
196121,57,6,51,2
196122,49,3,46,2
196123,43,4,39,2
196124,79,11,68,2
196125,64,9,55,2
196126,65,6,59,2
196127,64,5,59,2
196128,58,6,52,2
196129,45,8,37,2
196130,51,5,46,2
196131,52,4,48,2
196132,56,7,49,2
196133,46,9,37,2
196134,41,4,37,2
196135,52,8,44,2
196136,47,6,41,2
196137,53,7,46,2
196138,53,5,48,2
196139,63,3,60,2
196140,70,7,63,2
196141,61,2,59,2
196142,52,4,48,2
196143,56,4,52,2
196144,52,7,45,2
196145,55,7,48,2
196146,61,9,52,2
196147,58,9,49,2
196148,66,8,58,2
196149,63,13,50,2
196150,50,6,44,2
196151,52,9,43,2
196152,43,4,39,2
196153,58,11,47,2
196154,50,7,43,2
196155,47,10,37,2
196156,71,6,65,2
196157,56,5,51,2
196158,53,6,47,2
196159,63,4,59,2
196160,50,10,40,2
196161,46,6,40,2
196162,44,6,38,2
196163,58,8,50,2
196164,52,6,46,2
196165,48,5,43,2
196166,61,8,53,2
196167,49,8,41,2
196168,49,6,43,2
196169,55,8,47,2
196170,55,5,50,2
196171,50,4,46,2
196172,55,9,46,2
196173,59,11,48,2
196174,50,7,43,2
196175,53,11,42,2
196176,69,11,58,2
196177,42,3,39,2
196178,56,2,54,2
196179,52,6,46,2
196180,44,9,35,2
196181,45,5,40,2
196182,71,8,63,2
196183,47,5,42,2
196184,69,8,61,2
196185,67,6,61,2
196186,43,3,40,2
196187,52,2,50,2
196188,45,5,40,2
196189,49,5,44,2
196190,47,9,38,2
196191,54,1,53,2
196192,66,9,57,2
196193,60,10,50,2
196194,53,9,44,2
196195,51,3,48,2
196196,51,8,43,2
196197,55,3,52,2
196198,64,4,60,2
196199,58,8,50,2
196200,63,7,56,2
196201,50,6,44,2
196202,51,4,47,2
196203,42,4,38,2
196204,53,6,47,2
196205,54,4,50,2
196206,51,3,48,2
196207,36,5,31,2
196208,56,5,51,2
196209,54,8,46,2
196210,60,3,57,2
196211,54,9,45,2
196212,59,7,52,2
196213,52,13,39,2
196214,52,8,44,2
196215,50,9,41,2
196216,45,6,39,2
196217,66,6,60,2
196218,50,7,43,2
196219,58,6,52,2
196220,52,4,48,2
196221,47,9,38,2
196222,47,3,44,2
196223,53,3,50,2
196224,54,5,49,2
196225,48,4,44,2
196226,52,5,47,2
196227,57,9,48,2
196228,42,6,36,2
196229,46,4,42,2
196230,57,10,47,2
196231,52,5,47,2
196232,53,3,50,2
196233,41,5,36,2
196234,52,5,47,2
196235,57,2,55,2
196236,42,4,38,2
196237,52,5,47,2
196238,60,6,54,2
196239,57,5,52,2
196240,59,5,54,2
196241,42,5,37,2
196242,55,7,48,2
196243,56,4,52,2
196244,54,9,45,2
196245,55,10,45,2
196246,58,7,51,2
196247,65,7,58,2
196248,47,5,42,2
196249,52,6,46,2
196250,49,10,39,2
196251,53,6,47,2
196252,57,7,50,2
196253,71,7,64,2
196254,52,5,47,2
196255,58,7,51,2
196256,71,3,68,2
196257,38,9,29,2
196258,50,6,44,2
196259,44,6,38,2
196260,49,5,44,2
196261,58,12,46,2
196262,58,6,52,2
196263,63,7,56,2
196264,51,2,49,2
196265,63,7,56,2
196266,52,5,47,2
196267,48,5,43,2
196268,52,2,50,2
196269,56,8,48,2
196270,50,7,43,2
196271,56,6,50,2
196272,51,4,47,2
196273,51,4,47,2
196274,61,8,53,2
196275,60,4,56,2
196276,33,3,30,2
196277,52,3,49,2
196278,59,2,57,2
196279,57,9,48,2
196280,47,1,46,2
196281,61,5,56,2
196282,50,4,46,2
196283,53,4,49,2
196284,56,8,48,2
196285,51,7,44,2
196286,68,10,58,2
196287,54,12,42,2
196288,48,7,41,2
196289,52,6,46,2
196290,50,7,43,2
196291,48,8,40,2
196292,61,3,58,2
196293,64,9,55,2
196294,44,3,41,2
196295,58,2,56,2
196296,56,6,50,2
196297,60,3,57,2
196298,51,6,45,2
196299,53,4,49,2
196300,67,9,58,2
196301,38,3,35,2
196302,61,8,53,2
196303,44,7,37,2
196304,71,10,61,2
196305,47,6,41,2
196306,44,2,42,2
196307,42,5,37,2
196308,48,10,38,2
196309,67,2,65,2
196310,57,6,51,2
196311,45,8,37,2
196312,63,10,53,2
196313,60,7,53,2
196314,55,9,46,2
196315,45,6,39,2
196316,46,5,41,2
196317,57,4,53,2
196318,53,7,46,2
196319,44,6,38,2
196320,54,11,43,2
196321,58,4,54,2
196322,53,9,44,2
196323,78,11,67,2
196324,49,5,44,2
196325,51,5,46,2
196326,48,6,42,2
196327,56,6,50,2
196328,73,5,68,2
196329,53,8,45,2
196330,49,5,44,2
196331,53,3,50,2
196332,52,8,44,2
196333,43,3,40,2
196334,42,5,37,2
196335,58,6,52,2
196336,57,10,47,2
196337,46,3,43,2
196338,45,8,37,2
196339,60,5,55,2
196340,54,3,51,2
196341,49,8,41,2
196342,50,9,41,2
196343,50,4,46,2
196344,54,3,51,2
196345,50,12,38,2
196346,60,8,52,2
196347,62,8,54,2
196348,41,4,37,2
196349,49,5,44,2
196350,50,6,44,2
196351,61,4,57,2
196352,47,5,42,2
196353,59,7,52,2
196354,44,8,36,2
196355,59,7,52,2
196356,52,7,45,2
196357,43,3,40,2
196358,55,5,50,2
196359,57,8,49,2
196360,54,7,47,2
196361,50,10,40,2
196362,55,6,49,2
196363,61,8,53,2
196364,50,6,44,2
196365,66,16,50,2
196366,65,6,59,2
196367,57,4,53,2
196368,66,3,63,2
196369,62,6,56,2
196370,58,9,49,2
196371,55,6,49,2
196372,58,8,50,2
196373,49,4,45,2
196374,51,4,47,2
196375,65,8,57,2
196376,46,3,43,2
196377,70,8,62,2
196378,65,7,58,2
196379,50,5,45,2
196380,62,12,50,2
196381,43,5,38,2
196382,52,5,47,2
196383,54,7,47,2
196384,68,4,64,2
196385,56,9,47,2
196386,65,9,56,2
196387,57,2,55,2
196388,49,4,45,2
196389,49,6,43,2
196390,64,8,56,2
196391,48,8,40,2
196392,59,6,53,2
196393,62,4,58,2
196394,53,7,46,2
196395,38,2,36,2
196396,48,9,39,2
196397,61,9,52,2
196398,52,10,42,2
196399,60,3,57,2
196400,59,5,54,2
196401,58,9,49,2
196402,52,11,41,2
196403,53,4,49,2
196404,54,5,49,2
196405,48,11,37,2
196406,51,9,42,2
196407,43,5,38,2
196408,47,4,43,2
196409,52,3,49,2
196410,51,6,45,2
196411,65,9,56,2
196412,48,6,42,2
196413,60,5,55,2
196414,62,8,54,2
196415,49,8,41,2
196416,56,5,51,2
196417,53,4,49,2
196418,54,7,47,2
196419,58,5,53,2
196420,61,8,53,2
196421,49,7,42,2
196422,44,1,43,2
196423,44,3,41,2
196424,50,8,42,2
196425,58,6,52,2
196426,53,6,47,2
196427,45,3,42,2
196428,57,7,50,2
196429,63,7,56,2
196430,54,9,45,2
196431,63,7,56,2
196432,42,4,38,2
196433,57,6,51,2
196434,43,5,38,2
196435,62,6,56,2
196436,62,1,61,2
196437,55,4,51,2
196438,43,6,37,2
196439,50,8,42,2
196440,53,7,46,2
196441,52,7,45,2
196442,66,7,59,2
196443,45,4,41,2
196444,50,7,43,2
196445,58,6,52,2
196446,63,8,55,2
196447,49,7,42,2
196448,54,4,50,2
196449,58,4,54,2
196450,47,6,41,2
196451,61,4,57,2
196452,53,5,48,2
196453,62,8,54,2
196454,58,6,52,2
196455,60,6,54,2
196456,53,7,46,2
196457,50,9,41,2
196458,56,5,51,2
196459,43,6,37,2
196460,61,11,50,2
196461,54,4,50,2
196462,48,4,44,2
196463,59,5,54,2
196464,56,8,48,2
196465,62,11,51,2
196466,49,6,43,2
196467,54,6,48,2
196468,70,6,64,2
196469,65,10,55,2
196470,54,5,49,2
196471,49,4,45,2
196472,49,7,42,2
196473,45,3,42,2
196474,55,6,49,2
196475,52,5,47,2
196476,59,6,53,2
196477,42,7,35,2
196478,40,7,33,2
196479,72,8,64,2
196480,56,6,50,2
196481,55,11,44,2
196482,54,7,47,2
196483,64,5,59,2
196484,46,5,41,2
196485,57,3,54,2
196486,57,8,49,2
196487,50,8,42,2
196488,45,7,38,2
196489,42,5,37,2
196490,55,8,47,2
196491,51,7,44,2
196492,54,4,50,2
196493,44,6,38,2
196494,48,5,43,2
196495,64,5,59,2
196496,54,4,50,2
196497,51,5,46,2
196498,44,8,36,2
196499,54,6,48,2
196500,68,3,65,2
196501,54,8,46,2
196503,59,8,51,2
196504,61,6,55,2
196505,46,8,38,2
196506,51,6,45,2
196507,58,8,50,2
196508,59,6,53,2
196509,70,9,61,2
196510,62,5,57,2
196511,54,6,48,2
196512,47,2,45,2
196513,60,8,52,2
196514,58,9,49,2
196515,61,4,57,2
196516,51,6,45,2
196517,54,6,48,2
196518,58,6,52,2
196519,42,4,38,2
196520,70,6,64,2
196521,57,5,52,2
196522,44,5,39,2
196523,58,6,52,2
196524,46,0,46,1
196525,58,7,51,2
196526,53,8,45,2
196527,67,10,57,2
196528,51,4,47,2
196529,39,5,34,2
196530,41,5,36,2
196531,62,4,58,2
196532,61,3,58,2
196533,49,6,43,2
196534,53,3,50,2
196535,42,4,38,2
196536,62,6,56,2
196537,51,6,45,2
196538,57,7,50,2
196539,65,11,54,2
196540,55,7,48,2
196541,48,2,46,2
196542,51,3,48,2
196543,52,4,48,2
196544,51,3,48,2
196545,70,8,62,2
196546,73,14,59,2
196547,52,10,42,2
196548,55,12,43,2
196549,53,6,47,2
196550,59,2,57,2
196551,52,7,45,2
196552,53,7,46,2
196553,59,7,52,2
196554,61,7,54,2
196555,52,7,45,2
196556,59,6,53,2
196557,54,8,46,2
196558,63,7,56,2
196559,57,7,50,2
196560,56,5,51,2
196561,58,8,50,2
196562,61,4,57,2
196563,58,9,49,2
196564,45,13,32,2
196565,50,6,44,2
196566,62,4,58,2
196567,54,6,48,2
196568,51,6,45,2
196569,44,5,39,2
196570,56,9,47,2
196571,56,7,49,2
196572,54,5,49,2
196573,59,7,52,2
196574,53,7,46,2
196575,47,8,39,2
196576,62,5,57,2
196577,53,6,47,2
196578,60,10,50,2
196579,46,3,43,2
196580,52,6,46,2
196581,55,6,49,2
196582,56,4,52,2
196583,48,5,43,2
196584,44,3,41,2
196585,52,4,48,2
196586,57,9,48,2
196587,55,5,50,2
196588,54,9,45,2
196589,47,4,43,2
196590,49,9,40,2
196591,60,8,52,2
196592,41,1,40,2
196593,54,8,46,2
196594,70,8,62,2
196595,48,7,41,2
196596,54,10,44,2
196597,48,4,44,2
196598,56,7,49,2
196599,57,11,46,2
196600,55,5,50,2
196601,57,11,46,2
196602,52,6,46,2
196603,66,8,58,2
196604,55,11,44,2
196605,49,6,43,2
196606,55,9,46,2
196607,60,8,52,2
196608,56,8,48,2
196609,58,8,50,2
196610,60,11,49,2
196611,54,6,48,2
196612,58,4,54,2
196613,62,7,55,2
196614,49,7,42,2
196615,46,3,43,2
196616,49,8,41,2
196617,59,11,48,2
196618,49,6,43,2
196620,56,4,52,2
196621,55,5,50,2
196622,56,5,51,2
196623,57,10,47,2
196624,61,8,53,2
196625,60,5,55,2
196626,59,11,48,2
196627,40,2,38,2
196628,53,6,47,2
196629,38,5,33,2
196630,50,8,42,2
196631,49,6,43,2
196632,52,5,47,2
196633,52,8,44,2
196634,49,12,37,2
196635,49,10,39,2
196636,57,8,49,2
196637,46,6,40,2
196638,53,9,44,2
196639,70,9,61,2
196640,58,5,53,2
196641,59,5,54,2
196642,53,5,48,2
196643,46,4,42,2
196644,50,8,42,2
196645,49,9,40,2
196646,53,5,48,2
196647,56,9,47,2
196648,58,6,52,2
196649,62,6,56,2
196650,55,7,48,2
196651,71,10,61,2
196652,64,10,54,2
196653,48,5,43,2
196654,55,6,49,2
196655,58,9,49,2
196656,57,4,53,2
196657,54,6,48,2
196658,43,3,40,2
196659,54,8,46,2
196660,55,11,44,2
196661,45,9,36,2
196662,45,2,43,2
196663,65,11,54,2
196664,63,6,57,2
196665,51,9,42,2
196666,52,8,44,2
196667,58,8,50,2
196668,67,6,61,2
196669,46,6,40,2
196670,71,10,61,2
196671,50,4,46,2
196672,58,8,50,2
196673,53,3,50,2
196674,54,5,49,2
196675,66,6,60,2
196676,53,5,48,2
196677,53,8,45,2
196678,53,6,47,2
196679,50,10,40,2
196680,59,2,57,2
196681,56,4,52,2
196682,56,9,47,2
196683,56,9,47,2
196684,61,6,55,2
196685,50,3,47,2
196686,54,6,48,2
196687,55,8,47,2
196688,61,11,50,2
196689,51,10,41,2
196690,58,2,56,2
196691,38,3,35,2
196692,68,8,60,2
196693,46,4,42,2
196694,58,4,54,2
196695,67,8,59,2
196696,59,10,49,2
196697,50,3,47,2
196698,53,8,45,2
196699,47,6,41,2
196700,51,7,44,2
196701,63,5,58,2
196702,56,5,51,2
196703,45,9,36,2
196704,52,8,44,2
196705,45,6,39,2
196706,55,10,45,2
196707,56,8,48,2
196708,51,11,40,2
196709,49,4,45,2
196710,71,6,65,2
196711,53,5,48,2
196712,72,6,66,2
196713,62,9,53,2
196714,50,7,43,2
196715,53,5,48,2
196716,39,5,34,2
196717,73,12,61,2
196718,48,7,41,2
196719,55,9,46,2
196720,50,2,48,2
196721,54,7,47,2
196722,54,4,50,2
196723,59,4,55,2
196724,52,4,48,2
196725,60,5,55,2
196726,49,4,45,2
196727,49,3,46,2
196728,76,7,69,2
196729,52,7,45,2
196730,55,12,43,2
196731,46,4,42,2
196732,53,2,51,2
196733,48,10,38,2
196734,58,4,54,2
196735,41,8,33,2
196736,56,9,47,2
196737,50,1,49,2
196738,47,8,39,2
196739,52,9,43,2
196740,62,9,53,2
196741,51,7,44,2
196742,68,11,57,2
196743,53,6,47,2
196744,47,5,42,2
196745,54,2,52,2
196746,52,6,46,2
196747,53,11,42,2
196748,54,4,50,2
196749,55,9,46,2
196750,47,1,46,2
196751,51,11,40,2
196752,62,5,57,2
196753,57,5,52,2
196754,42,0,42,1
196755,49,6,43,2
196756,48,4,44,2
196757,60,7,53,2
196758,45,9,36,2
196759,66,9,57,2
196760,48,5,43,2
196761,58,7,51,2
196762,64,9,55,2
196763,63,4,59,2
196764,57,9,48,2
196765,53,6,47,2
196766,63,8,55,2
196767,51,6,45,2
196768,45,9,36,2
196769,52,9,43,2
196770,59,8,51,2
196771,59,11,48,2
196772,52,4,48,2
196773,71,11,60,2
196774,55,2,53,2
196775,43,5,38,2
196776,66,3,63,2
196777,50,9,41,2
196778,49,3,46,2
196779,51,3,48,2
196780,57,11,46,2
196781,49,6,43,2
196782,57,13,44,2
196783,59,5,54,2
196784,42,6,36,2
196785,54,7,47,2
196786,47,8,39,2
196787,71,8,63,2
196788,53,1,52,2
196789,59,2,57,2
196790,43,8,35,2
196791,74,9,65,2
196792,57,4,53,2
196793,51,3,48,2
196794,41,8,33,2
196795,60,8,52,2
196796,40,5,35,2
196797,54,5,49,2
196798,61,3,58,2
196799,61,5,56,2
196800,59,8,51,2
196801,60,10,50,2
196802,66,6,60,2
196803,54,7,47,2
196804,47,7,40,2
196805,56,6,50,2
196806,45,4,41,2
196807,60,3,57,2
196808,70,9,61,2
196809,55,8,47,2
196810,45,5,40,2
196811,63,6,57,2
196812,55,6,49,2
196813,67,5,62,2
196814,55,5,50,2
196815,56,8,48,2
196816,50,5,45,2
196817,51,8,43,2
196818,54,8,46,2
196819,39,10,29,2
196820,60,7,53,2
196821,57,11,46,2
196822,70,13,57,2
196823,60,9,51,2
196824,51,7,44,2
196825,55,6,49,2
196826,59,8,51,2
196827,52,5,47,2
196828,51,6,45,2
196829,61,6,55,2
196830,54,4,50,2
196831,55,6,49,2
196832,56,6,50,2
196833,50,8,42,2
196834,63,5,58,2
196835,49,10,39,2
196836,58,7,51,2
196837,46,3,43,2
196838,48,7,41,2
196839,73,12,61,2
196840,50,3,47,2
196841,50,6,44,2
196842,53,9,44,2
196843,46,9,37,2
196844,57,6,51,2
196845,48,6,42,2
196846,59,6,53,2
196847,44,10,34,2
196848,63,5,58,2
196849,52,6,46,2
196850,59,6,53,2
196851,37,7,30,2
196852,57,6,51,2
196853,71,8,63,2
196854,53,10,43,2
196855,45,6,39,2
196856,59,5,54,2
196857,56,5,51,2
196858,58,7,51,2
196859,49,5,44,2
196860,51,7,44,2
196861,61,4,57,2
196862,60,2,58,2
196863,50,5,45,2
196864,59,6,53,2
196865,58,6,52,2
196866,41,6,35,2
196867,64,5,59,2
196868,54,7,47,2
196869,55,7,48,2
196870,55,8,47,2
196871,64,10,54,2
196872,41,4,37,2
196873,56,6,50,2
196874,56,8,48,2
196875,51,7,44,2
196876,44,5,39,2
196877,42,4,38,2
196878,41,6,35,2
196879,52,8,44,2
196880,62,3,59,2
196881,59,7,52,2
196882,63,5,58,2
196883,64,5,59,2
196884,60,5,55,2
196885,64,8,56,2
196886,65,4,61,2
196887,1,1,0,1
196888,58,9,49,2
196889,45,5,40,2
196890,64,7,57,2
196891,55,10,45,2
196892,59,6,53,2
196893,51,4,47,2
196894,51,9,42,2
196895,44,5,39,2
196896,48,1,47,2
196897,57,8,49,2
196898,54,8,46,2
196899,51,5,46,2
196900,53,6,47,2
196901,2,1,1,2
196902,50,8,42,2
196903,47,4,43,2
196904,62,6,56,2
196905,51,5,46,2
196906,50,8,42,2
196907,50,7,43,2
196908,52,9,43,2
196909,62,10,52,2
196910,55,9,46,2
196911,63,7,56,2
196912,43,5,38,2
196913,44,9,35,2
196914,72,7,65,2
196915,49,4,45,2
196916,62,11,51,2
196917,61,4,57,2
196918,41,8,33,2
196919,40,6,34,2
196920,51,5,46,2
196921,54,3,51,2
196922,56,4,52,2
196923,45,3,42,2
196924,49,6,43,2
196925,57,11,46,2
196926,52,5,47,2
196927,70,9,61,2
196928,56,5,51,2
196929,55,7,48,2
196930,59,3,56,2
196931,42,9,33,2
196932,50,12,38,2
196933,51,5,46,2
196934,42,5,37,2
196935,68,9,59,2
196936,58,3,55,2
196937,62,7,55,2
196938,53,6,47,2
196939,60,14,46,2
196940,58,12,46,2
196941,47,2,45,2
196942,55,9,46,2
196943,65,8,57,2
196944,41,5,36,2
196945,56,4,52,2
196946,54,4,50,2
196947,71,7,64,2
196948,56,11,45,2
196949,42,3,39,2
196950,58,6,52,2
196951,47,5,42,2
196952,62,6,56,2
196953,56,4,52,2
196954,61,10,51,2
196955,38,4,34,2
196956,54,6,48,2
196957,52,5,47,2
196958,48,7,41,2
196959,54,7,47,2
196960,57,7,50,2
196961,46,8,38,2
196962,68,9,59,2
196963,69,9,60,2
196964,48,7,41,2
196965,55,5,50,2
196966,51,7,44,2
196967,64,8,56,2
196968,60,10,50,2
196969,62,3,59,2
196970,45,6,39,2
196971,46,7,39,2
196972,52,8,44,2
196973,40,5,35,2
196974,47,3,44,2
196975,53,8,45,2
196976,62,7,55,2
196977,49,4,45,2
196978,57,8,49,2
196979,45,9,36,2
196980,40,4,36,2
196981,47,2,45,2
196982,59,6,53,2
196983,61,5,56,2
196984,49,8,41,2
196985,54,7,47,2
196986,50,9,41,2
196987,50,7,43,2
196988,54,5,49,2
196989,61,5,56,2
196990,57,11,46,2
196991,58,6,52,2
196992,53,7,46,2
196993,58,8,50,2
196994,57,9,48,2
196995,56,7,49,2
196996,44,6,38,2
196997,48,8,40,2
196998,52,5,47,2
196999,48,5,43,2
197000,60,3,57,2
197001,53,3,50,2
197002,55,7,48,2
197003,38,4,34,2
197004,52,4,48,2
197005,66,5,61,2
197006,46,6,40,2
197007,36,2,34,2
197008,59,5,54,2
197009,63,5,58,2
197010,55,3,52,2
197011,43,2,41,2
197012,54,6,48,2
197013,48,3,45,2
197014,65,15,50,2
197015,54,5,49,2
197016,57,7,50,2
197017,38,6,32,2
197018,52,6,46,2
197019,49,11,38,2
197020,45,8,37,2
197021,56,9,47,2
197022,51,4,47,2
197023,57,5,52,2
197024,48,6,42,2
197025,60,6,54,2
197026,59,8,51,2
197027,43,7,36,2
197028,49,1,48,2
197029,38,5,33,2
197030,56,5,51,2
197031,61,11,50,2
197032,49,4,45,2
197033,45,7,38,2
197034,57,5,52,2
197035,49,2,47,2
197036,52,5,47,2
197037,43,5,38,2
197038,58,7,51,2
197039,64,9,55,2
197040,51,4,47,2
197041,63,4,59,2
197042,55,5,50,2
197043,61,10,51,2
197044,58,9,49,2
197045,46,3,43,2
197046,59,4,55,2
197047,54,9,45,2
197048,63,12,51,2
197049,60,9,51,2
197050,56,9,47,2
197051,61,4,57,2
197052,52,4,48,2
197053,59,5,54,2
197054,57,9,48,2
197055,57,5,52,2
197056,46,4,42,2
197057,51,10,41,2
197058,66,8,58,2
197059,52,3,49,2
197060,57,5,52,2
197061,49,9,40,2
197062,67,8,59,2
197063,70,7,63,2
197064,58,10,48,2
197065,49,7,42,2
197066,67,11,56,2
197067,55,5,50,2
197068,38,2,36,2
197069,42,5,37,2
197070,51,3,48,2
197071,56,6,50,2
197072,57,4,53,2
197073,49,2,47,2
197074,58,9,49,2
197075,57,6,51,2
197076,60,5,55,2
197077,52,3,49,2
197078,63,9,54,2
197079,45,4,41,2
197080,51,8,43,2
197081,47,7,40,2
197082,62,8,54,2
197083,52,4,48,2
197084,52,11,41,2
197085,44,6,38,2
197086,53,12,41,2
197087,48,6,42,2
197088,54,8,46,2
197089,62,7,55,2
197090,40,4,36,2
197091,57,9,48,2
197092,48,9,39,2
197093,59,5,54,2
197094,48,8,40,2
197095,49,7,42,2
197096,46,9,37,2
197097,53,9,44,2
197098,50,6,44,2
197099,53,7,46,2
197100,50,12,38,2
197101,66,4,62,2
197102,54,3,51,2
197103,52,6,46,2
197104,54,6,48,2
197105,57,4,53,2
197106,62,6,56,2
197107,66,12,54,2
197108,44,5,39,2
197109,45,6,39,2
197110,55,7,48,2
197111,60,4,56,2
197112,48,6,42,2
197113,48,11,37,2
197114,57,5,52,2
197115,47,5,42,2
197116,57,4,53,2
197117,46,5,41,2
197118,60,4,56,2
197119,55,6,49,2
197120,50,4,46,2
197121,53,6,47,2
197122,54,6,48,2
197123,68,9,59,2
197124,53,6,47,2
197125,62,9,53,2
197126,50,13,37,2
197127,47,5,42,2
197128,50,7,43,2
197129,41,6,35,2
197130,55,5,50,2
197131,50,9,41,2
197132,56,5,51,2
197133,58,7,51,2
197134,59,4,55,2
197135,59,8,51,2
197136,49,3,46,2
197137,52,4,48,2
197138,42,2,40,2
197139,46,6,40,2
197140,48,8,40,2
197141,44,7,37,2
197142,47,6,41,2
197143,63,11,52,2
197144,61,5,56,2
197145,58,7,51,2
197146,54,9,45,2
197147,60,3,57,2
197148,55,8,47,2
197149,70,7,63,2
197150,58,5,53,2
197151,40,5,35,2
197152,54,9,45,2
197153,53,11,42,2
197154,50,5,45,2
197155,58,6,52,2
197156,59,9,50,2
197157,52,8,44,2
197158,59,9,50,2
197159,62,8,54,2
197160,56,11,45,2
197161,54,8,46,2
197162,52,5,47,2
197163,59,3,56,2
197164,52,2,50,2
197165,57,6,51,2
197166,57,11,46,2
197167,58,8,50,2
197168,52,9,43,2
197169,35,5,30,2
197170,48,6,42,2
197171,50,4,46,2
197172,72,12,60,2
197173,47,6,41,2
197174,68,9,59,2
197175,63,8,55,2
197176,51,4,47,2
197177,61,12,49,2
197178,62,10,52,2
197179,64,12,52,2
197180,53,8,45,2
197181,54,9,45,2
197182,52,5,47,2
197183,54,6,48,2
197184,64,9,55,2
197185,61,5,56,2
197186,48,6,42,2
197187,53,7,46,2
197188,53,6,47,2
197189,52,5,47,2
197190,47,3,44,2
197191,46,4,42,2
197192,42,8,34,2
197193,51,5,46,2
197194,58,5,53,2
197195,52,6,46,2
197196,67,7,60,2
197197,58,9,49,2
197198,56,6,50,2
197199,42,6,36,2
197200,61,3,58,2
197201,69,9,60,2
197202,51,8,43,2
197203,53,6,47,2
197204,53,7,46,2
197205,51,7,44,2
197206,47,6,41,2
197207,46,7,39,2
197208,61,4,57,2
197209,59,6,53,2
197210,45,5,40,2
197211,45,11,34,2
197212,41,5,36,2
197213,48,8,40,2
197214,58,5,53,2
197215,54,5,49,2
197216,50,3,47,2
197217,56,7,49,2
197218,52,4,48,2
197219,55,6,49,2
197220,47,4,43,2
197221,68,11,57,2
197222,57,11,46,2
197223,54,9,45,2
197224,51,6,45,2
197225,51,4,47,2
197226,60,10,50,2
197227,55,8,47,2
197228,54,6,48,2
197229,48,2,46,2
197230,52,9,43,2
197231,50,4,46,2
197232,54,6,48,2
197233,64,7,57,2
197234,38,7,31,2
197235,68,12,56,2
197236,53,12,41,2
197237,67,5,62,2
197238,52,9,43,2
197239,46,5,41,2
197240,59,4,55,2
197241,58,4,54,2
197242,47,5,42,2
197243,50,10,40,2
197244,59,5,54,2
197245,45,6,39,2
197246,65,4,61,2
197247,53,5,48,2
197248,47,7,40,2
197249,65,11,54,2
197250,70,6,64,2
197251,56,6,50,2
197252,50,8,42,2
197253,64,12,52,2
197254,56,6,50,2
197255,58,6,52,2
197256,61,7,54,2
197257,59,4,55,2
197258,45,6,39,2
197259,39,2,37,2
197260,41,8,33,2
197261,48,9,39,2
197262,56,7,49,2
197263,51,7,44,2
197264,46,3,43,2
197265,55,4,51,2
197266,43,3,40,2
197267,53,7,46,2
197268,50,11,39,2
197269,50,10,40,2
197270,66,7,59,2
197271,62,10,52,2
197272,52,5,47,2
197273,51,6,45,2
197274,69,11,58,2
197275,57,5,52,2
197276,41,5,36,2
197277,49,4,45,2
197278,59,5,54,2
197279,48,9,39,2
197280,59,6,53,2
197281,51,6,45,2
197282,50,8,42,2
197283,57,5,52,2
197284,51,4,47,2
197285,48,4,44,2
197286,54,6,48,2
197287,65,3,62,2
197288,60,7,53,2
197289,46,3,43,2
197290,67,15,52,2
197291,54,2,52,2
197292,53,9,44,2
197293,55,8,47,2
197294,54,6,48,2
197295,47,6,41,2
197296,65,7,58,2
197297,59,8,51,2
197298,41,5,36,2
197299,49,6,43,2
197300,59,6,53,2
197301,49,8,41,2
197302,47,6,41,2
197303,54,7,47,2
197304,75,13,62,2
197305,59,7,52,2
197306,44,5,39,2
197307,59,5,54,2
197308,48,2,46,2
197309,52,6,46,2
197310,41,5,36,2
197311,50,2,48,2
197312,48,9,39,2
197313,63,8,55,2
197314,58,6,52,2
197315,56,5,51,2
197316,52,2,50,2
197317,51,9,42,2
197318,48,3,45,2
197319,61,8,53,2
197320,58,5,53,2
197321,63,8,55,2
197322,46,7,39,2
197323,40,6,34,2
197324,61,5,56,2
197325,64,6,58,2
197326,45,7,38,2
197327,73,12,61,2
197328,48,7,41,2
197329,39,7,32,2
197330,51,6,45,2
197331,58,7,51,2
197332,51,6,45,2
197333,49,5,44,2
197334,67,12,55,2
197335,72,10,62,2
197336,52,8,44,2
197337,47,4,43,2
197338,52,7,45,2
197339,44,6,38,2
197340,52,8,44,2
197341,46,6,40,2
197342,64,7,57,2
197343,49,2,47,2
197344,57,3,54,2
197345,48,5,43,2
197346,53,8,45,2
197347,58,6,52,2
197348,56,4,52,2
197349,57,7,50,2
197350,54,4,50,2
197351,70,8,62,2
197352,59,7,52,2
197353,66,8,58,2
197354,48,4,44,2
197355,48,4,44,2
197356,60,9,51,2
197357,64,12,52,2
197358,57,10,47,2
197359,68,12,56,2
197360,57,6,51,2
197361,53,2,51,2
197362,63,7,56,2
197363,45,6,39,2
197364,57,8,49,2
197365,51,6,45,2
197366,53,5,48,2
197367,52,7,45,2
197368,48,6,42,2
197369,54,5,49,2
197370,53,4,49,2
197371,66,4,62,2
197372,60,5,55,2
197373,49,4,45,2
197374,45,3,42,2
197375,64,10,54,2
197376,68,9,59,2
197377,56,9,47,2
197378,59,5,54,2
197379,57,8,49,2
197380,46,6,40,2
197381,64,5,59,2
197382,54,3,51,2
197383,67,9,58,2
197384,50,6,44,2
197385,40,5,35,2
197386,53,8,45,2
197387,49,1,48,2
197388,61,4,57,2
197389,48,5,43,2
197390,53,8,45,2
197391,49,13,36,2
197392,61,7,54,2
197393,43,4,39,2
197394,57,4,53,2
197395,53,6,47,2
197396,59,3,56,2
197397,53,7,46,2
197398,59,7,52,2
197399,52,9,43,2
197400,48,2,46,2
197401,46,6,40,2
197402,61,12,49,2
197403,51,5,46,2
197404,48,3,45,2
197405,49,6,43,2
197406,48,7,41,2
197407,49,7,42,2
197408,51,10,41,2
197409,64,8,56,2
197410,57,8,49,2
197411,38,2,36,2
197412,61,5,56,2
197413,62,7,55,2
197414,63,4,59,2
197415,50,7,43,2
197416,56,3,53,2
197417,59,10,49,2
197418,63,11,52,2
197419,60,12,48,2
197420,54,4,50,2
197421,58,7,51,2
197422,46,6,40,2
197423,61,7,54,2
197424,40,3,37,2
197425,53,6,47,2
197426,49,3,46,2
197427,50,6,44,2
197428,47,4,43,2
197429,57,9,48,2
197430,60,8,52,2
197431,48,6,42,2
197432,51,3,48,2
197433,58,10,48,2
197434,52,3,49,2
197435,52,7,45,2
197436,59,7,52,2
197437,62,9,53,2
197438,43,5,38,2
197439,48,1,47,2
197440,55,7,48,2
197441,45,6,39,2
197442,63,11,52,2
197443,42,8,34,2
197444,67,7,60,2
197445,60,7,53,2
197446,47,8,39,2
197447,72,6,66,2
197448,49,9,40,2
197449,50,7,43,2
197450,57,12,45,2
197451,44,1,43,2
197452,48,6,42,2
197453,50,4,46,2
197454,62,7,55,2
197455,65,8,57,2
197456,55,11,44,2
197457,53,9,44,2
197458,58,2,56,2
197459,48,6,42,2
197460,47,4,43,2
197461,59,2,57,2
197462,48,6,42,2
197463,55,4,51,2
197464,63,8,55,2
197465,65,8,57,2
197466,59,7,52,2
197467,60,9,51,2
197468,52,8,44,2
197469,59,11,48,2
197470,53,9,44,2
197471,62,6,56,2
197472,47,4,43,2
197473,62,5,57,2
197474,54,8,46,2
197475,48,5,43,2
197476,55,9,46,2
197477,37,4,33,2
197478,55,5,50,2
197479,60,8,52,2
197480,55,9,46,2
197481,50,6,44,2
197482,63,10,53,2
197483,59,7,52,2
197484,59,9,50,2
197485,56,7,49,2
197486,59,7,52,2
197487,50,5,45,2
197488,68,9,59,2
197489,46,6,40,2
197490,49,2,47,2
197491,67,7,60,2
197492,62,9,53,2
197493,59,8,51,2
197494,62,4,58,2
197495,60,8,52,2
197496,43,5,38,2
197497,47,4,43,2
197498,49,4,45,2
197499,54,11,43,2
197500,45,1,44,2
197501,69,7,62,2
197502,63,4,59,2
197503,38,6,32,2
197504,61,11,50,2
197505,51,4,47,2
197506,56,6,50,2
197507,47,5,42,2
197508,59,12,47,2
197509,52,6,46,2
197510,48,5,43,2
197511,81,11,70,2
197512,47,8,39,2
197513,68,7,61,2
197514,45,3,42,2
197515,45,6,39,2
197516,50,7,43,2
197517,59,10,49,2
197518,46,6,40,2
197519,45,4,41,2
197520,51,5,46,2
197521,60,2,58,2
197522,46,5,41,2
197523,62,7,55,2
197524,48,5,43,2
197525,48,6,42,2
197526,48,7,41,2
197527,59,9,50,2
197528,50,11,39,2
197529,63,8,55,2
197530,54,6,48,2
197531,58,9,49,2
197533,58,3,55,2
197534,53,9,44,2
197535,45,3,42,2
197536,51,4,47,2
197537,58,8,50,2
197538,55,6,49,2
197539,39,4,35,2
197540,63,7,56,2
197541,58,8,50,2
197542,49,5,44,2
197543,63,11,52,2
197544,58,8,50,2
197545,41,6,35,2
197546,56,8,48,2
197547,57,11,46,2
197548,50,6,44,2
197549,49,6,43,2
197550,53,3,50,2
197551,65,10,55,2
197552,52,6,46,2
197553,46,2,44,2
197554,53,7,46,2
197555,65,11,54,2
197556,45,6,39,2
197557,56,7,49,2
197558,59,5,54,2
197559,55,5,50,2
197560,53,3,50,2
197561,66,4,62,2
197562,58,4,54,2
197563,64,17,47,2
197564,55,8,47,2
197565,40,7,33,2
197566,48,11,37,2
197567,54,7,47,2
197568,61,5,56,2
197569,56,9,47,2
197570,59,8,51,2
197571,64,8,56,2
197572,61,12,49,2
197573,54,8,46,2
197574,44,5,39,2
197575,51,5,46,2
197576,48,4,44,2
197577,55,7,48,2
197578,68,9,59,2
197579,50,6,44,2
197580,43,2,41,2
197581,49,8,41,2
197582,48,6,42,2
197583,44,6,38,2
197584,50,1,49,2
197585,45,6,39,2
197586,68,5,63,2
197587,58,8,50,2
197588,66,8,58,2
197589,54,6,48,2
197590,63,15,48,2
197591,43,2,41,2
197592,63,10,53,2
197593,68,13,55,2
197594,39,4,35,2
197595,65,7,58,2
197596,44,3,41,2
197597,51,7,44,2
197598,50,5,45,2
197599,47,7,40,2
197600,62,6,56,2
197601,41,9,32,2
197602,50,7,43,2
197603,54,7,47,2
197604,59,7,52,2
197605,55,7,48,2
197606,45,5,40,2
197607,69,13,56,2
197608,57,3,54,2
197609,60,8,52,2
197610,57,7,50,2
197611,53,9,44,2
197612,63,8,55,2
197613,58,7,51,2
197614,61,5,56,2
197615,56,8,48,2
197616,57,10,47,2
197617,52,6,46,2
197618,51,6,45,2
197619,49,1,48,2
197620,39,4,35,2
197621,51,14,37,2
197622,47,6,41,2
197623,54,9,45,2
197624,64,17,47,2
197625,47,4,43,2
197626,46,5,41,2
197627,66,8,58,2
197628,60,4,56,2
197629,46,3,43,2
197630,49,11,38,2
197631,60,9,51,2
197632,61,10,51,2
197633,56,9,47,2
197634,55,8,47,2
197635,50,6,44,2
197636,50,10,40,2
197637,47,7,40,2
197638,53,3,50,2
197639,56,11,45,2
197640,60,3,57,2
197641,47,2,45,2
197642,57,3,54,2
197643,53,4,49,2
197644,41,3,38,2
197645,43,2,41,2
197646,59,10,49,2
197647,58,9,49,2
197648,47,8,39,2
197649,51,3,48,2
197650,55,7,48,2
197651,57,5,52,2
197652,42,5,37,2
197653,44,6,38,2
197654,49,4,45,2
197655,71,3,68,2
197656,52,6,46,2
197657,60,9,51,2
197658,43,6,37,2
197659,61,3,58,2
197660,64,7,57,2
197661,47,6,41,2
197662,59,7,52,2
197663,57,6,51,2
197664,58,5,53,2
197665,35,2,33,2
197666,50,2,48,2
197667,66,6,60,2
197668,54,7,47,2
197669,61,5,56,2
197670,43,7,36,2
197671,47,9,38,2
197672,59,4,55,2
197673,77,7,70,2
197674,50,10,40,2
197675,53,7,46,2
197676,58,4,54,2
197677,51,5,46,2
197678,58,5,53,2
197679,58,8,50,2
197680,48,6,42,2
197681,64,8,56,2
197682,50,4,46,2
197683,49,4,45,2
197684,54,5,49,2
197685,49,6,43,2
197686,47,5,42,2
197687,42,4,38,2
197688,55,11,44,2
197689,57,9,48,2
197690,56,9,47,2
197691,57,8,49,2
197692,50,3,47,2
197693,57,4,53,2
197694,48,6,42,2
197695,32,4,28,2
197696,44,3,41,2
197697,59,6,53,2
197698,50,2,48,2
197699,52,6,46,2
197700,49,2,47,2
197701,51,6,45,2
197702,63,6,57,2
197703,57,8,49,2
197704,60,6,54,2
197705,60,5,55,2
197706,59,9,50,2
197707,51,3,48,2
197708,46,4,42,2
197709,68,6,62,2
197710,49,6,43,2
197711,56,4,52,2
197712,53,6,47,2
197713,51,12,39,2
197714,57,8,49,2
197715,55,7,48,2
197716,52,8,44,2
197717,67,10,57,2
197718,58,5,53,2
197719,43,6,37,2
197720,55,9,46,2
197721,66,8,58,2
197722,56,3,53,2
197723,52,7,45,2
197724,64,7,57,2
197725,50,5,45,2
197726,52,9,43,2
197727,50,5,45,2
197728,60,5,55,2
197729,54,7,47,2
197730,65,11,54,2
197731,35,3,32,2
197732,53,7,46,2
197733,61,8,53,2
197734,53,7,46,2
197735,60,9,51,2
197736,50,7,43,2
197737,50,11,39,2
197738,59,9,50,2
197739,49,4,45,2
197740,51,8,43,2
197741,53,9,44,2
197742,55,3,52,2
197743,38,5,33,2
197744,48,5,43,2
197745,66,8,58,2
197746,42,4,38,2
197747,64,7,57,2
197748,46,5,41,2
197749,55,6,49,2
197750,49,4,45,2
197751,56,5,51,2
197752,51,11,40,2
197753,51,8,43,2
197754,45,0,45,1
197755,54,6,48,2
197756,43,5,38,2
197757,56,12,44,2
197758,53,7,46,2
197759,59,4,55,2
197760,65,7,58,2
197761,35,4,31,2
197762,66,7,59,2
197763,43,5,38,2
197764,60,9,51,2
197765,53,5,48,2
197766,48,7,41,2
197767,58,5,53,2
197768,47,12,35,2
197769,58,3,55,2
197770,65,3,62,2
197771,60,7,53,2
197772,60,10,50,2
197773,51,2,49,2
197774,48,9,39,2
197775,56,5,51,2
197776,58,6,52,2
197777,47,4,43,2
197778,55,7,48,2
197779,78,7,71,2
197780,60,4,56,2
197781,58,3,55,2
197782,64,7,57,2
197783,55,4,51,2
197784,55,5,50,2
197785,61,6,55,2
197786,53,4,49,2
197787,54,8,46,2
197788,46,7,39,2
197789,52,5,47,2
197790,64,8,56,2
197791,77,8,69,2
197792,55,7,48,2
197793,37,3,34,2
197794,48,9,39,2
197795,52,4,48,2
197796,56,4,52,2
197797,52,5,47,2
197798,47,10,37,2
197799,54,5,49,2
197800,65,4,61,2
197801,50,6,44,2
197802,56,8,48,2
197803,50,6,44,2
197804,71,8,63,2
197805,37,3,34,2
197806,44,4,40,2
197807,56,9,47,2
197808,51,6,45,2
197809,61,5,56,2
197810,46,6,40,2
197811,53,9,44,2
197812,63,10,53,2
197813,68,11,57,2
197814,46,7,39,2
197815,57,6,51,2
197816,47,4,43,2
197817,47,4,43,2
197818,52,1,51,2
197819,61,5,56,2
197820,58,7,51,2
197821,37,5,32,2
197822,64,9,55,2
197823,67,10,57,2
197824,41,4,37,2
197825,61,11,50,2
197826,64,9,55,2
197827,51,8,43,2
197828,39,8,31,2
197829,44,6,38,2
197830,45,5,40,2
197831,56,6,50,2
197832,47,8,39,2
197833,53,8,45,2
197834,56,7,49,2
197835,50,3,47,2
197836,55,3,52,2
197837,49,5,44,2
197838,57,5,52,2
197839,64,11,53,2
197840,60,7,53,2
197841,58,10,48,2
197842,56,5,51,2
197843,56,3,53,2
197844,65,8,57,2
197845,59,2,57,2
197846,52,7,45,2
197847,46,6,40,2
197848,48,8,40,2
197849,36,3,33,2
197850,46,6,40,2
197851,45,5,40,2
197852,52,8,44,2
197853,70,9,61,2
197854,46,5,41,2
197855,48,4,44,2
197856,56,4,52,2
197857,56,9,47,2
197858,61,5,56,2
197859,58,3,55,2
197860,62,7,55,2
197861,63,10,53,2
197862,49,5,44,2
197863,58,10,48,2
197864,53,6,47,2
197865,57,7,50,2
197866,48,7,41,2
197867,56,6,50,2
197868,60,7,53,2
197869,47,6,41,2
197870,49,6,43,2
197871,47,3,44,2
197872,48,7,41,2
197873,55,9,46,2
197874,57,7,50,2
197875,53,11,42,2
197876,57,6,51,2
197877,54,9,45,2
197878,52,4,48,2
197879,51,5,46,2
197880,74,7,67,2
197881,57,8,49,2
197882,65,9,56,2
197883,61,6,55,2
197884,60,3,57,2
197885,49,3,46,2
197886,59,8,51,2
197887,52,6,46,2
197888,59,6,53,2
197889,57,11,46,2
197890,61,11,50,2
197891,63,7,56,2
197892,63,10,53,2
197893,52,4,48,2
197894,61,10,51,2
197895,50,6,44,2
197896,60,6,54,2
197897,53,4,49,2
197898,69,7,62,2
197899,57,7,50,2
197900,45,5,40,2
197901,54,9,45,2
197902,36,5,31,2
197903,60,5,55,2
197904,45,8,37,2
197905,51,6,45,2
197906,61,9,52,2
197907,51,7,44,2
197908,47,2,45,2
197909,58,9,49,2
197910,59,6,53,2
197911,62,7,55,2
197912,54,9,45,2
197913,60,4,56,2
197914,60,8,52,2
197915,55,10,45,2
197916,63,6,57,2
197917,60,5,55,2
197918,45,5,40,2
197919,47,6,41,2
197920,62,3,59,2
197921,50,6,44,2
197922,63,5,58,2
197923,52,4,48,2
197924,73,8,65,2
197925,58,7,51,2
197926,44,0,44,1
197927,51,9,42,2
197928,59,8,51,2
197929,48,8,40,2
197930,51,7,44,2
197931,53,7,46,2
197932,67,12,55,2
197933,48,9,39,2
197934,46,3,43,2
197935,58,4,54,2
197936,56,8,48,2
197937,51,8,43,2
197938,53,8,45,2
197939,60,8,52,2
197940,57,6,51,2
197941,48,1,47,2
197942,59,9,50,2
197943,57,8,49,2
197944,52,7,45,2
197945,59,9,50,2
197946,56,6,50,2
197947,62,11,51,2
197948,51,9,42,2
197949,63,8,55,2
197950,50,9,41,2
197951,73,11,62,2
197952,47,8,39,2
197953,58,4,54,2
197954,61,5,56,2
197955,60,3,57,2
197956,52,8,44,2
197957,63,6,57,2
197958,46,2,44,2
197959,59,7,52,2
197960,62,5,57,2
197961,50,9,41,2
197962,65,8,57,2
197963,44,2,42,2
197964,75,6,69,2
197965,53,5,48,2
197966,60,8,52,2
197967,68,10,58,2
197968,61,7,54,2
197969,50,3,47,2
197970,38,7,31,2
197971,49,1,48,2
197972,62,7,55,2
197973,68,8,60,2
197974,56,6,50,2
197975,49,5,44,2
197976,56,2,54,2
197977,49,2,47,2
197978,48,5,43,2
197979,63,10,53,2
197980,56,4,52,2
197981,48,3,45,2
197982,46,6,40,2
197983,64,8,56,2
197984,55,7,48,2
197985,53,8,45,2
197986,60,6,54,2
197987,61,6,55,2
197988,42,7,35,2
197989,50,6,44,2
197990,49,4,45,2
197991,59,7,52,2
197992,53,6,47,2
197993,50,13,37,2
197994,61,6,55,2
197995,61,4,57,2
197996,48,3,45,2
197997,59,9,50,2
197998,49,2,47,2
197999,57,1,56,2
198000,49,5,44,2
198001,70,4,66,2
198002,64,5,59,2
198003,49,8,41,2
198004,59,8,51,2
198005,62,5,57,2
198006,49,5,44,2
198007,49,6,43,2
198008,47,4,43,2
198009,68,5,63,2
198010,55,9,46,2
198011,57,9,48,2
198012,48,9,39,2
198013,61,9,52,2
198014,48,5,43,2
198015,52,6,46,2
198016,57,2,55,2
198017,52,3,49,2
198018,57,4,53,2
198019,47,6,41,2
198020,52,8,44,2
198021,63,13,50,2
198022,48,3,45,2
198023,59,7,52,2
198024,48,7,41,2
198025,61,1,60,2
198026,65,5,60,2
198027,59,7,52,2
198028,52,8,44,2
198029,45,7,38,2
198030,54,10,44,2
198031,66,14,52,2
198032,54,6,48,2
198033,66,6,60,2
198034,60,5,55,2
198035,65,7,58,2
198036,59,7,52,2
198037,53,4,49,2
198038,60,5,55,2
198039,48,4,44,2
198040,55,3,52,2
198041,49,4,45,2
198042,47,7,40,2
198043,54,8,46,2
198044,60,9,51,2
198045,62,6,56,2
198046,56,7,49,2
198047,51,5,46,2
198048,45,11,34,2
198049,32,11,21,2
198050,62,9,53,2
198051,61,5,56,2
198052,48,6,42,2
198053,65,9,56,2
198054,65,6,59,2
198055,70,7,63,2
198056,45,5,40,2
198057,55,9,46,2
198058,58,6,52,2
198059,54,5,49,2
198060,52,7,45,2
198061,61,5,56,2
198062,58,4,54,2
198063,50,3,47,2
198064,55,4,51,2
198065,58,10,48,2
198066,57,4,53,2
198067,64,5,59,2
198068,58,8,50,2
198069,50,8,42,2
198070,57,5,52,2
198071,50,6,44,2
198072,61,7,54,2
198073,67,7,60,2
198074,55,1,54,2
198075,61,8,53,2
198076,55,11,44,2
198077,55,6,49,2
198078,46,8,38,2
198079,55,8,47,2
198080,62,8,54,2
198081,49,4,45,2
198082,62,10,52,2
198083,61,3,58,2
198084,64,7,57,2
198085,48,8,40,2
198086,55,6,49,2
198087,51,12,39,2
198088,41,6,35,2
198089,66,6,60,2
198090,56,4,52,2
198091,42,4,38,2
198092,57,10,47,2
198093,57,7,50,2
198094,47,6,41,2
198095,49,2,47,2
198096,57,10,47,2
198097,45,8,37,2
198098,74,6,68,2
198099,64,7,57,2
198100,62,6,56,2
198101,46,8,38,2
198102,53,9,44,2
198103,56,12,44,2
198104,54,11,43,2
198105,49,8,41,2
198106,63,7,56,2
198107,66,11,55,2
198108,56,4,52,2
198109,57,2,55,2
198110,51,9,42,2
198111,60,7,53,2
198112,56,4,52,2
198113,60,7,53,2
198114,51,11,40,2
198115,41,5,36,2
198116,59,5,54,2
198117,56,8,48,2
198118,46,7,39,2
198119,53,5,48,2
198120,52,2,50,2
198121,63,6,57,2
198122,60,5,55,2
198123,60,4,56,2
198124,66,4,62,2
198125,48,6,42,2
198126,46,2,44,2
198127,48,9,39,2
198128,44,9,35,2
198129,49,6,43,2
198130,56,8,48,2
198131,62,2,60,2
198132,44,4,40,2
198133,52,6,46,2
198134,58,12,46,2
198135,46,4,42,2
198136,55,9,46,2
198137,51,5,46,2
198138,54,5,49,2
198139,37,7,30,2
198140,43,4,39,2
198141,52,10,42,2
198142,44,4,40,2
198143,56,6,50,2
198144,44,6,38,2
198145,46,5,41,2
198146,48,5,43,2
198147,52,4,48,2
198148,63,9,54,2
198149,68,9,59,2
198150,58,7,51,2
198151,43,4,39,2
198152,57,3,54,2
198153,44,7,37,2
198154,48,10,38,2
198155,55,6,49,2
198156,30,5,25,2
198157,58,9,49,2
198158,54,7,47,2
198159,50,10,40,2
198160,52,4,48,2
198161,60,4,56,2
198162,58,8,50,2
198163,50,2,48,2
198164,50,3,47,2
198165,47,9,38,2
198166,64,9,55,2
198167,55,5,50,2
198168,50,2,48,2
198169,54,5,49,2
198170,56,6,50,2
198171,38,5,33,2
198172,50,9,41,2
198173,47,4,43,2
198174,55,3,52,2
198175,44,6,38,2
198176,45,5,40,2
198177,46,10,36,2
198178,63,4,59,2
198179,50,6,44,2
198180,56,4,52,2
198181,79,12,67,2
198182,66,4,62,2
198183,43,5,38,2
198184,58,2,56,2
198185,55,5,50,2
198186,52,7,45,2
198187,72,5,67,2
198188,54,5,49,2
198189,49,3,46,2
198190,56,9,47,2
198191,42,8,34,2
198192,48,4,44,2
198193,57,7,50,2
198194,44,2,42,2
198195,44,9,35,2
198196,54,2,52,2
198197,63,12,51,2
198198,67,6,61,2
198199,56,5,51,2
198200,51,12,39,2
198201,55,5,50,2
198202,57,9,48,2
198203,48,7,41,2
198204,63,8,55,2
198205,54,5,49,2
198206,61,6,55,2
198207,52,8,44,2
198208,54,8,46,2
198209,51,10,41,2
198210,54,7,47,2
198211,80,11,69,2
198212,52,5,47,2
198213,71,10,61,2
198214,60,6,54,2
198215,47,3,44,2
198216,50,11,39,2
198217,56,4,52,2
198218,66,9,57,2
198219,63,4,59,2
198220,65,10,55,2
198221,73,6,67,2
198222,66,7,59,2
198223,37,2,35,2
198224,57,4,53,2
198225,62,5,57,2
198226,51,5,46,2
198227,59,7,52,2
198228,51,9,42,2
198229,50,6,44,2
198230,54,10,44,2
198231,32,6,26,2
198232,54,3,51,2
198233,60,6,54,2
198234,54,6,48,2
198235,75,9,66,2
198236,38,5,33,2
198237,58,12,46,2
198238,57,8,49,2
198239,47,9,38,2
198240,57,10,47,2
198241,57,6,51,2
198242,54,8,46,2
198243,50,4,46,2
198244,60,10,50,2
198245,55,6,49,2
198246,39,4,35,2
198247,53,5,48,2
198248,59,9,50,2
198249,43,3,40,2
198250,47,6,41,2
198251,67,12,55,2
198252,53,10,43,2
198253,55,4,51,2
198254,68,9,59,2
198255,57,6,51,2
198256,58,7,51,2
198257,50,5,45,2
198258,50,2,48,2
198259,68,10,58,2
198260,59,4,55,2
198261,43,7,36,2
198262,56,4,52,2
198263,52,7,45,2
198264,53,4,49,2
198265,47,8,39,2
198266,41,3,38,2
198267,53,6,47,2
198268,55,8,47,2
198269,66,4,62,2
198270,53,4,49,2
198271,48,11,37,2
198272,53,4,49,2
198273,59,9,50,2
198274,38,7,31,2
198275,56,11,45,2
198276,63,7,56,2
198277,63,10,53,2
198278,57,7,50,2
198279,59,4,55,2
198280,56,4,52,2
198281,46,3,43,2
198282,44,4,40,2
198283,49,4,45,2
198284,61,6,55,2
198285,59,7,52,2
198286,50,5,45,2
198287,51,9,42,2
198288,52,5,47,2
198289,58,7,51,2
198290,51,7,44,2
198291,57,15,42,2
198292,53,7,46,2
198293,45,6,39,2
198294,62,8,54,2
198295,46,3,43,2
198296,44,5,39,2
198297,56,5,51,2
198298,51,6,45,2
198299,46,5,41,2
198300,44,4,40,2
198301,51,6,45,2
198302,64,11,53,2
198303,40,2,38,2
198304,52,4,48,2
198305,49,13,36,2
198306,61,5,56,2
198307,48,3,45,2
198308,52,3,49,2
198309,51,8,43,2
198310,63,6,57,2
198311,52,4,48,2
198312,50,5,45,2
198313,40,6,34,2
198314,50,6,44,2
198315,45,7,38,2
198316,56,6,50,2
198317,64,6,58,2
198318,59,5,54,2
198319,56,4,52,2
198320,56,3,53,2
198321,63,6,57,2
198322,68,6,62,2
198323,62,8,54,2
198324,55,6,49,2
198325,51,5,46,2
198326,48,3,45,2
198327,50,9,41,2
198328,44,5,39,2
198329,43,5,38,2
198330,58,4,54,2
198331,58,8,50,2
198332,43,3,40,2
198333,61,5,56,2
198334,66,6,60,2
198335,76,8,68,2
198336,50,7,43,2
198337,62,9,53,2
198338,58,11,47,2
198339,51,5,46,2
198340,47,3,44,2
198341,69,10,59,2
198342,65,4,61,2
198343,60,8,52,2
198344,46,5,41,2
198345,44,4,40,2
198346,54,12,42,2
198347,59,9,50,2
198348,52,7,45,2
198349,52,6,46,2
198350,62,8,54,2
198351,68,5,63,2
198352,54,6,48,2
198353,49,6,43,2
198354,33,4,29,2
198355,48,5,43,2
198356,41,4,37,2
198357,61,9,52,2
198358,57,7,50,2
198359,69,8,61,2
198360,42,4,38,2
198361,42,5,37,2
198362,73,6,67,2
198363,44,4,40,2
198364,55,6,49,2
198365,55,5,50,2
198366,58,9,49,2
198367,42,6,36,2
198368,51,4,47,2
198369,62,7,55,2
198370,55,2,53,2
198371,59,4,55,2
198372,60,4,56,2
198373,69,5,64,2
198374,50,13,37,2
198375,44,6,38,2
198376,62,5,57,2
198377,54,7,47,2
198378,52,10,42,2
198379,70,10,60,2
198380,51,7,44,2
198381,46,11,35,2
198382,49,5,44,2
198383,50,6,44,2
198384,55,5,50,2
198385,56,7,49,2
198386,69,8,61,2
198387,60,6,54,2
198388,65,4,61,2
198389,45,5,40,2
198390,68,5,63,2
198391,63,10,53,2
198392,53,12,41,2
198393,65,11,54,2
198394,46,6,40,2
198395,55,8,47,2
198396,55,7,48,2
198397,54,8,46,2
198398,55,1,54,2
198399,54,4,50,2
198400,58,12,46,2
198401,58,5,53,2
198402,59,3,56,2
198403,51,3,48,2
198404,57,7,50,2
198405,42,6,36,2
198406,46,5,41,2
198407,41,4,37,2
198408,48,3,45,2
198409,58,3,55,2
198410,65,14,51,2
198411,59,10,49,2
198412,49,5,44,2
198413,52,6,46,2
198414,53,8,45,2
198415,42,8,34,2
198416,58,8,50,2
198417,51,3,48,2
198418,58,9,49,2
198419,49,6,43,2
198420,46,4,42,2
198421,65,5,60,2
198422,48,4,44,2
198423,80,11,69,2
198424,56,7,49,2
198425,47,14,33,2
198426,57,3,54,2
198427,47,2,45,2
198428,65,7,58,2
198429,47,1,46,2
198430,67,13,54,2
198431,65,12,53,2
198432,53,5,48,2
198433,78,12,66,2
198434,35,4,31,2
198435,51,4,47,2
198436,49,5,44,2
198437,54,2,52,2
198438,52,7,45,2
198439,50,5,45,2
198440,51,3,48,2
198441,61,6,55,2
198442,51,1,50,2
198443,48,2,46,2
198444,61,11,50,2
198445,54,8,46,2
198446,61,8,53,2
198447,65,5,60,2
198448,64,11,53,2
198449,55,3,52,2
198450,64,5,59,2
198451,55,8,47,2
198452,59,9,50,2
198453,64,12,52,2
198454,48,1,47,2
198455,56,5,51,2
198456,68,6,62,2
198457,68,11,57,2
198458,42,6,36,2
198459,57,4,53,2
198460,44,6,38,2
198461,69,11,58,2
198462,62,12,50,2
198463,57,6,51,2
198464,68,7,61,2
198465,61,5,56,2
198466,52,3,49,2
198467,55,3,52,2
198468,59,8,51,2
198469,46,6,40,2
198470,54,8,46,2
198471,52,4,48,2
198472,40,5,35,2
198473,57,9,48,2
198474,38,5,33,2
198475,56,11,45,2
198476,40,4,36,2
198477,62,11,51,2
198478,51,3,48,2
198479,54,5,49,2
198480,53,4,49,2
198481,53,8,45,2
198482,55,6,49,2
198483,52,5,47,2
198484,59,7,52,2
198485,53,4,49,2
198486,54,4,50,2
198487,43,6,37,2
198488,56,3,53,2
198489,55,12,43,2
198490,43,6,37,2
198491,68,6,62,2
198492,52,6,46,2
198493,58,6,52,2
198494,58,6,52,2
198495,49,6,43,2
198496,56,6,50,2
198497,45,4,41,2
198498,64,13,51,2
198499,52,0,52,1
198500,52,5,47,2
198501,55,9,46,2
198502,45,5,40,2
198503,57,13,44,2
198504,46,7,39,2
198505,57,9,48,2
198506,57,5,52,2
198507,57,6,51,2
198508,55,7,48,2
198509,58,6,52,2
198510,54,9,45,2
198511,43,6,37,2
198512,63,5,58,2
198513,60,11,49,2
198514,61,8,53,2
198515,56,4,52,2
198516,47,5,42,2
198517,55,3,52,2
198518,46,6,40,2
198519,60,8,52,2
198520,60,4,56,2
198521,46,7,39,2
198522,51,3,48,2
198523,43,8,35,2
198524,49,7,42,2
198525,58,7,51,2
198526,54,8,46,2
198527,52,5,47,2
198528,49,5,44,2
198529,56,8,48,2
198530,57,8,49,2
198531,47,8,39,2
198532,55,7,48,2
198533,53,7,46,2
198534,50,5,45,2
198535,51,6,45,2
198536,61,8,53,2
198537,47,5,42,2
198538,58,10,48,2
198539,54,7,47,2
198540,54,2,52,2
198541,41,3,38,2
198542,57,6,51,2
198543,60,8,52,2
198544,60,3,57,2
198545,56,2,54,2
198546,56,12,44,2
198547,45,3,42,2
198548,59,8,51,2
198549,53,10,43,2
198550,42,2,40,2
198551,58,7,51,2
198552,50,9,41,2
198553,51,6,45,2
198554,58,2,56,2
198555,57,10,47,2
198556,61,8,53,2
198557,75,5,70,2
198558,62,10,52,2
198559,61,6,55,2
198560,56,8,48,2
198561,51,5,46,2
198562,60,6,54,2
198563,63,7,56,2
198564,52,8,44,2
198565,67,9,58,2
198566,62,7,55,2
198567,46,3,43,2
198568,47,7,40,2
198569,49,5,44,2
198570,49,4,45,2
198571,47,4,43,2
198572,52,5,47,2
198573,50,4,46,2
198574,51,8,43,2
198575,48,4,44,2
198576,54,6,48,2
198577,53,7,46,2
198578,61,9,52,2
198579,58,8,50,2
198580,66,15,51,2
198581,55,4,51,2
198582,45,6,39,2
198583,58,5,53,2
198584,58,8,50,2
198585,49,7,42,2
198586,46,4,42,2
198587,42,0,42,1
198588,55,10,45,2
198589,51,4,47,2
198590,49,4,45,2
198591,51,13,38,2
198592,41,8,33,2
198593,54,8,46,2
198594,45,5,40,2
198595,52,4,48,2
198596,53,5,48,2
198597,63,9,54,2
198598,60,8,52,2
198599,59,6,53,2
198600,65,7,58,2
198601,62,4,58,2
198602,62,11,51,2
198603,51,7,44,2
198604,56,10,46,2
198605,46,10,36,2
198606,58,8,50,2
198607,56,5,51,2
198608,55,9,46,2
198609,62,6,56,2
198610,52,10,42,2
198611,57,7,50,2
198612,55,7,48,2
198613,41,3,38,2
198614,34,3,31,2
198615,50,6,44,2
198616,55,6,49,2
198617,67,10,57,2
198618,69,8,61,2
198619,56,8,48,2
198620,61,8,53,2
198621,51,6,45,2
198622,45,7,38,2
198623,49,10,39,2
198624,51,6,45,2
198625,72,9,63,2
198626,52,4,48,2
198627,54,6,48,2
198628,57,3,54,2
198629,52,9,43,2
198630,54,11,43,2
198631,57,7,50,2
198632,54,5,49,2
198633,52,3,49,2
198634,50,5,45,2
198635,74,8,66,2
198636,55,8,47,2
198637,59,9,50,2
198638,54,4,50,2
198639,58,5,53,2
198640,52,7,45,2
198641,63,10,53,2
198642,63,11,52,2
198643,60,4,56,2
198644,63,12,51,2
198645,54,7,47,2
198646,49,6,43,2
198647,62,11,51,2
198648,65,7,58,2
198649,49,6,43,2
198650,48,7,41,2
198651,73,13,60,2
198652,66,7,59,2
198653,66,7,59,2
198654,58,10,48,2
198655,58,8,50,2
198656,50,6,44,2
198657,55,8,47,2
198658,42,2,40,2
198659,56,4,52,2
198660,49,4,45,2
198661,53,5,48,2
198662,62,8,54,2
198663,48,6,42,2
198664,54,6,48,2
198665,60,6,54,2
198666,63,10,53,2
198667,58,5,53,2
198668,62,6,56,2
198669,64,12,52,2
198670,60,9,51,2
198671,45,5,40,2
198672,63,7,56,2
198673,58,4,54,2
198674,44,8,36,2
198675,58,5,53,2
198676,57,4,53,2
198677,63,8,55,2
198678,51,6,45,2
198679,43,4,39,2
198680,54,4,50,2
198681,54,4,50,2
198682,70,5,65,2
198683,66,7,59,2
198684,62,6,56,2
198685,59,7,52,2
198686,65,8,57,2
198687,57,9,48,2
198688,60,4,56,2
198689,66,12,54,2
198690,49,3,46,2
198691,69,10,59,2
198692,56,6,50,2
198693,64,6,58,2
198694,56,6,50,2
198695,79,10,69,2
198696,60,8,52,2
198697,57,6,51,2
198698,43,4,39,2
198699,46,5,41,2
198700,55,3,52,2
198701,47,6,41,2
198702,52,9,43,2
198703,49,2,47,2
198704,48,10,38,2
198705,39,5,34,2
198706,56,8,48,2
198707,44,5,39,2
198708,47,5,42,2
198709,45,7,38,2
198710,68,16,52,2
198711,71,10,61,2
198712,57,5,52,2
198713,45,5,40,2
198714,50,3,47,2
198715,53,4,49,2
198716,55,6,49,2
198717,60,12,48,2
198718,45,7,38,2
198719,61,7,54,2
198720,56,6,50,2
198721,53,5,48,2
198722,44,3,41,2
198723,67,9,58,2
198724,57,8,49,2
198725,65,11,54,2
198726,64,8,56,2
198727,56,10,46,2
198728,43,4,39,2
198729,54,7,47,2
198730,61,10,51,2
198731,54,9,45,2
198732,43,6,37,2
198733,52,7,45,2
198734,63,5,58,2
198735,48,8,40,2
198736,50,10,40,2
198737,64,5,59,2
198738,45,1,44,2
198739,59,5,54,2
198740,67,7,60,2
198741,60,5,55,2
198742,66,11,55,2
198743,47,5,42,2
198744,40,7,33,2
198745,52,8,44,2
198746,52,6,46,2
198747,47,8,39,2
198748,44,3,41,2
198749,55,4,51,2
198750,51,5,46,2
198751,78,11,67,2
198752,60,10,50,2
198753,60,3,57,2
198754,51,11,40,2
198755,58,10,48,2
198756,48,4,44,2
198757,47,9,38,2
198758,65,9,56,2
198759,50,8,42,2
198760,44,3,41,2
198761,57,4,53,2
198762,56,6,50,2
198763,49,3,46,2
198764,55,9,46,2
198765,64,11,53,2
198766,50,11,39,2
198767,60,6,54,2
198768,57,4,53,2
198769,65,11,54,2
198770,67,12,55,2
198771,54,5,49,2
198772,51,6,45,2
198773,45,1,44,2
198774,58,6,52,2
198775,58,6,52,2
198776,55,6,49,2
198777,57,7,50,2
198778,57,8,49,2
198779,62,5,57,2
198780,66,5,61,2
198781,56,10,46,2
198782,55,7,48,2
198783,62,8,54,2
198784,49,6,43,2
198785,72,9,63,2
198786,46,5,41,2
198787,57,15,42,2
198788,59,6,53,2
198789,72,7,65,2
198790,47,6,41,2
198791,60,11,49,2
198792,50,5,45,2
198793,58,7,51,2
198794,50,6,44,2
198795,53,7,46,2
198796,31,4,27,2
198797,51,7,44,2
198798,62,6,56,2
198799,58,5,53,2
198800,55,6,49,2
198801,48,10,38,2
198802,47,7,40,2
198803,57,7,50,2
198804,58,8,50,2
198805,49,4,45,2
198806,51,9,42,2
198807,42,3,39,2
198808,63,8,55,2
198809,44,6,38,2
198810,65,11,54,2
198811,56,8,48,2
198812,54,9,45,2
198813,62,5,57,2
198814,56,9,47,2
198815,52,6,46,2
198816,49,5,44,2
198817,49,8,41,2
198818,57,12,45,2
198819,47,2,45,2
198820,69,6,63,2
198821,50,6,44,2
198822,53,2,51,2
198823,55,7,48,2
198824,46,8,38,2
198825,45,5,40,2
198826,53,10,43,2
198827,37,4,33,2
198828,64,7,57,2
198829,45,4,41,2
198830,49,6,43,2
198831,68,11,57,2
198832,63,6,57,2
198833,68,3,65,2
198834,53,6,47,2
198835,51,4,47,2
198836,46,6,40,2
198837,55,4,51,2
198838,50,3,47,2
198839,47,7,40,2
198840,60,5,55,2
198841,45,6,39,2
198842,59,6,53,2
198843,62,7,55,2
198844,58,9,49,2
198845,63,10,53,2
198846,64,11,53,2
198847,44,5,39,2
198848,59,4,55,2
198849,58,8,50,2
198850,46,6,40,2
198851,62,5,57,2
198852,54,4,50,2
198853,55,3,52,2
198854,60,7,53,2
198855,52,11,41,2
198856,54,11,43,2
198857,54,1,53,2
198858,39,7,32,2
198859,43,4,39,2
198860,46,6,40,2
198861,62,5,57,2
198862,55,9,46,2
198863,59,6,53,2
198864,61,6,55,2
198865,51,8,43,2
198866,55,5,50,2
198867,49,6,43,2
198868,47,10,37,2
198869,53,9,44,2
198870,45,2,43,2
198871,49,5,44,2
198872,47,9,38,2
198873,54,3,51,2
198874,50,10,40,2
198875,64,5,59,2
198876,59,5,54,2
198877,61,6,55,2
198878,49,5,44,2
198879,45,9,36,2
198880,54,9,45,2
198881,64,7,57,2
198882,54,7,47,2
198883,57,7,50,2
198884,60,5,55,2
198885,54,7,47,2
198886,59,5,54,2
198887,53,6,47,2
198888,68,8,60,2
198889,50,4,46,2
198890,60,7,53,2
198891,59,7,52,2
198892,57,5,52,2
198893,43,6,37,2
198894,58,13,45,2
198895,53,8,45,2
198896,26,26,0,1
198897,52,6,46,2
198898,61,4,57,2
198899,65,9,56,2
198900,58,8,50,2
198901,56,5,51,2
198902,67,6,61,2
198903,62,11,51,2
198904,77,7,70,2
198905,52,6,46,2
198906,52,6,46,2
198907,63,5,58,2
198908,58,5,53,2
198909,65,7,58,2
198910,56,11,45,2
198911,46,5,41,2
198912,59,13,46,2
198913,59,12,47,2
198914,54,6,48,2
198915,45,5,40,2
198916,49,5,44,2
198917,53,2,51,2
198918,43,6,37,2
198919,51,8,43,2
198920,54,6,48,2
198921,43,2,41,2
198922,47,10,37,2
198923,59,11,48,2
198924,58,5,53,2
198925,52,2,50,2
198926,38,6,32,2
198927,62,8,54,2
198928,59,7,52,2
198929,49,3,46,2
198930,50,5,45,2
198931,61,5,56,2
198932,54,7,47,2
198933,51,5,46,2
198934,51,7,44,2
198935,58,10,48,2
198936,57,13,44,2
198937,52,9,43,2
198938,70,12,58,2
198939,65,4,61,2
198940,51,6,45,2
198941,45,3,42,2
198942,65,13,52,2
198943,49,3,46,2
198944,56,5,51,2
198945,50,3,47,2
198946,52,13,39,2
198947,57,7,50,2
198948,51,6,45,2
198949,60,9,51,2
198950,60,8,52,2
198951,51,6,45,2
198952,64,10,54,2
198953,49,9,40,2
198954,65,9,56,2
198955,38,3,35,2
198956,50,5,45,2
198957,62,8,54,2
198958,66,11,55,2
198959,63,9,54,2
198960,59,6,53,2
198961,53,5,48,2
198962,54,9,45,2
198963,51,5,46,2
198964,53,5,48,2
198965,61,7,54,2
198966,51,8,43,2
198967,52,8,44,2
198968,57,5,52,2
198969,58,11,47,2
198970,60,9,51,2
198971,55,9,46,2
198972,57,6,51,2
198973,53,4,49,2
198974,57,4,53,2
198975,54,9,45,2
198976,54,6,48,2
198977,48,3,45,2
198978,50,5,45,2
198979,52,10,42,2
198980,43,9,34,2
198981,51,1,50,2
198982,66,6,60,2
198983,44,8,36,2
198984,60,7,53,2
198985,66,7,59,2
198986,55,6,49,2
198987,51,5,46,2
198988,67,4,63,2
198989,66,5,61,2
198990,60,5,55,2
198991,59,6,53,2
198992,48,5,43,2
198993,45,3,42,2
198994,54,12,42,2
198995,69,7,62,2
198996,54,4,50,2
198997,51,6,45,2
198998,59,8,51,2
198999,62,6,56,2
199000,61,8,53,2
199001,51,4,47,2
199002,57,10,47,2
199003,64,9,55,2
199004,61,9,52,2
199005,39,4,35,2
199006,53,5,48,2
199007,56,4,52,2
199008,44,6,38,2
199009,51,1,50,2
199010,56,11,45,2
199011,52,8,44,2
199012,56,7,49,2
199013,46,3,43,2
199014,62,4,58,2
199015,62,9,53,2
199016,56,9,47,2
199017,56,8,48,2
199018,61,6,55,2
199019,50,4,46,2
199020,47,6,41,2
199021,53,9,44,2
199022,51,7,44,2
199023,57,8,49,2
199024,46,5,41,2
199025,48,4,44,2
199026,52,10,42,2
199027,72,5,67,2
199028,69,9,60,2
199029,54,9,45,2
199030,54,4,50,2
199031,66,6,60,2
199032,62,9,53,2
199033,43,2,41,2
199034,57,4,53,2
199035,38,0,38,1
199036,50,5,45,2
199037,53,8,45,2
199038,52,7,45,2
199039,61,4,57,2
199040,52,4,48,2
199041,55,6,49,2
199042,53,1,52,2
199043,63,4,59,2
199044,51,9,42,2
199045,57,8,49,2
199046,59,8,51,2
199047,49,3,46,2
199048,61,10,51,2
199049,47,10,37,2
199050,56,6,50,2
199051,58,4,54,2
199052,56,3,53,2
199053,56,5,51,2
199054,63,9,54,2
199055,54,3,51,2
199056,51,9,42,2
199057,56,6,50,2
199058,54,7,47,2
199059,56,6,50,2
199060,50,7,43,2
199061,52,5,47,2
199062,50,6,44,2
199063,64,8,56,2
199064,55,4,51,2
199065,43,8,35,2
199066,53,6,47,2
199067,58,12,46,2
199068,57,12,45,2
199069,54,5,49,2
199070,47,11,36,2
199071,64,7,57,2
199072,38,6,32,2
199073,47,7,40,2
199074,54,9,45,2
199075,62,8,54,2
199076,47,3,44,2
199077,51,7,44,2
199078,60,5,55,2
199079,54,7,47,2
199080,44,7,37,2
199081,63,7,56,2
199082,54,6,48,2
199083,63,9,54,2
199084,38,4,34,2
199085,46,5,41,2
199086,52,4,48,2
199087,53,12,41,2
199088,61,10,51,2
199089,69,7,62,2
199090,52,7,45,2
199091,53,5,48,2
199092,59,10,49,2
199093,48,6,42,2
199094,60,5,55,2
199095,42,4,38,2
199096,67,7,60,2
199097,43,7,36,2
199098,55,6,49,2
199099,57,6,51,2
199100,58,6,52,2
199101,46,5,41,2
199102,46,3,43,2
199103,46,4,42,2
199104,50,9,41,2
199105,56,12,44,2
199106,55,4,51,2
199107,51,4,47,2
199108,50,10,40,2
199109,64,6,58,2
199110,67,9,58,2
199111,51,4,47,2
199112,69,12,57,2
199113,50,7,43,2
199114,65,9,56,2
199115,62,5,57,2
199116,47,9,38,2
199117,55,8,47,2
199118,59,6,53,2
199119,57,5,52,2
199120,50,7,43,2
199121,58,8,50,2
199122,65,3,62,2
199123,49,9,40,2
199124,58,5,53,2
199125,60,4,56,2
199126,48,6,42,2
199127,52,7,45,2
199128,62,7,55,2
199129,60,3,57,2
199130,48,6,42,2
199131,52,3,49,2
199132,58,7,51,2
199133,37,2,35,2
199134,50,6,44,2
199135,58,5,53,2
199136,52,4,48,2
199137,50,6,44,2
199138,51,3,48,2
199139,47,9,38,2
199140,66,8,58,2
199141,56,2,54,2
199142,48,5,43,2
199143,54,12,42,2
199144,48,7,41,2
199145,55,9,46,2
199146,51,6,45,2
199147,51,8,43,2
199148,58,3,55,2
199149,53,6,47,2
199150,30,30,0,1
199151,40,5,35,2
199152,46,6,40,2
199153,56,5,51,2
199154,48,10,38,2
199155,47,9,38,2
199156,64,7,57,2
199157,59,7,52,2
199158,47,2,45,2
199159,49,4,45,2
199160,66,8,58,2
199161,60,9,51,2
199162,52,5,47,2
199163,51,9,42,2
199164,57,6,51,2
199165,70,8,62,2
199166,56,9,47,2
199167,58,3,55,2
199168,48,8,40,2
199169,61,6,55,2
199170,55,7,48,2
199171,50,4,46,2
199172,65,10,55,2
199173,40,2,38,2
199174,54,6,48,2
199175,60,6,54,2
199176,64,6,58,2
199177,54,6,48,2
199178,57,10,47,2
199179,53,6,47,2
199180,47,7,40,2
199181,58,8,50,2
199182,68,12,56,2
199183,57,4,53,2
199184,41,4,37,2
199185,63,4,59,2
199186,52,3,49,2
199187,51,9,42,2
199188,56,8,48,2
199189,49,6,43,2
199190,50,5,45,2
199191,40,7,33,2
199192,66,4,62,2
199193,49,6,43,2
199194,51,5,46,2
199195,45,10,35,2
199196,53,6,47,2
199197,66,10,56,2
199198,52,10,42,2
199199,40,5,35,2
199200,48,7,41,2
199201,52,6,46,2
199202,75,3,72,2
199203,62,3,59,2
199204,57,8,49,2
199205,49,8,41,2
199206,52,4,48,2
199207,55,5,50,2
199208,50,9,41,2
199209,51,6,45,2
199210,44,8,36,2
199211,53,13,40,2
199212,44,4,40,2
199213,63,5,58,2
199214,56,9,47,2
199215,47,4,43,2
199216,55,5,50,2
199217,48,5,43,2
199218,49,6,43,2
199219,66,10,56,2
199220,47,5,42,2
199221,49,8,41,2
199222,60,10,50,2
199223,58,10,48,2
199224,39,5,34,2
199225,45,9,36,2
199226,47,8,39,2
199227,52,7,45,2
199228,66,5,61,2
199229,59,4,55,2
199230,58,4,54,2
199231,47,4,43,2
199232,55,7,48,2
199233,57,9,48,2
199234,62,8,54,2
199235,56,6,50,2
199236,58,1,57,2
199237,45,4,41,2
199238,61,12,49,2
199239,59,10,49,2
199240,44,5,39,2
199241,53,4,49,2
199242,56,10,46,2
199243,52,6,46,2
199244,47,9,38,2
199245,65,10,55,2
199246,58,3,55,2
199247,52,6,46,2
199248,57,7,50,2
199249,56,8,48,2
199250,47,3,44,2
199251,58,12,46,2
199252,58,4,54,2
199253,59,5,54,2
199254,36,6,30,2
199255,43,8,35,2
199256,52,2,50,2
199257,57,6,51,2
199259,63,5,58,2
199260,60,10,50,2
199261,49,7,42,2
199262,53,7,46,2
199263,50,3,47,2
199264,59,4,55,2
199265,54,8,46,2
199266,48,12,36,2
199267,40,2,38,2
199268,49,4,45,2
199269,39,8,31,2
199270,54,10,44,2
199271,61,7,54,2
199272,50,4,46,2
199273,62,3,59,2
199274,50,7,43,2
199275,46,5,41,2
199276,62,13,49,2
199277,56,6,50,2
199278,45,3,42,2
199279,48,4,44,2
199280,52,6,46,2
199281,49,5,44,2
199282,55,7,48,2
199283,63,11,52,2
199284,57,5,52,2
199285,65,6,59,2
199286,57,8,49,2
199287,51,6,45,2
199288,58,6,52,2
199289,51,6,45,2
199290,57,8,49,2
199291,54,7,47,2
199292,60,10,50,2
199293,58,4,54,2
199294,59,7,52,2
199295,48,2,46,2
199296,57,8,49,2
199297,73,11,62,2
199298,71,8,63,2
199299,56,3,53,2
199300,59,7,52,2
199301,53,7,46,2
199302,42,7,35,2
199303,48,12,36,2
199304,63,8,55,2
199305,41,5,36,2
199306,46,4,42,2
199307,52,7,45,2
199308,59,5,54,2
199309,40,1,39,2
199310,57,4,53,2
199311,49,8,41,2
199312,61,10,51,2
199313,56,7,49,2
199314,67,7,60,2
199315,47,7,40,2
199317,55,4,51,2
199319,57,6,51,2
199320,56,8,48,2
199321,57,7,50,2
199322,58,4,54,2
199323,60,6,54,2
199324,52,3,49,2
199325,66,2,64,2
199326,74,9,65,2
199327,58,6,52,2
199328,64,2,62,2
199329,69,5,64,2
199330,64,2,62,2
199331,49,6,43,2
199332,47,7,40,2
199333,48,5,43,2
199334,53,4,49,2
199335,45,6,39,2
199336,58,7,51,2
199337,60,10,50,2
199338,50,3,47,2
199339,63,7,56,2
199340,51,5,46,2
199341,53,3,50,2
199342,55,4,51,2
199343,49,4,45,2
199344,46,8,38,2
199345,65,14,51,2
199346,51,4,47,2
199347,49,5,44,2
199348,52,8,44,2
199349,59,7,52,2
199350,59,7,52,2
199351,56,5,51,2
199352,60,4,56,2
199353,65,8,57,2
199354,37,3,34,2
199355,54,6,48,2
199356,53,5,48,2
199357,55,9,46,2
199358,48,4,44,2
199359,54,5,49,2
199360,55,1,54,2
199361,45,9,36,2
199362,62,6,56,2
199363,59,10,49,2
199364,56,4,52,2
199366,53,8,45,2
199367,53,5,48,2
199368,50,4,46,2
199369,56,10,46,2
199370,60,7,53,2
199371,61,7,54,2
199372,42,2,40,2
199373,51,10,41,2
199374,51,5,46,2
199375,49,7,42,2
199376,74,9,65,2
199377,53,6,47,2
199378,43,4,39,2
199379,56,8,48,2
199380,38,3,35,2
199381,57,11,46,2
199382,42,5,37,2
199383,54,6,48,2
199384,52,2,50,2
199385,53,4,49,2
199386,53,6,47,2
199387,66,8,58,2
199388,51,6,45,2
199389,48,7,41,2
199390,64,9,55,2
199391,51,5,46,2
199392,75,14,61,2
199393,56,10,46,2
199394,48,8,40,2
199395,59,10,49,2
199396,60,9,51,2
199397,53,5,48,2
199398,55,9,46,2
199399,49,3,46,2
199400,54,6,48,2
199401,48,3,45,2
199402,62,3,59,2
199403,48,6,42,2
199404,60,3,57,2
199405,62,10,52,2
199406,54,6,48,2
199407,46,5,41,2
199408,52,6,46,2
199409,75,12,63,2
199410,51,3,48,2
199411,52,7,45,2
199412,47,2,45,2
199413,54,4,50,2
199414,58,9,49,2
199415,42,2,40,2
199416,51,7,44,2
199417,66,7,59,2
199418,52,7,45,2
199419,62,9,53,2
199420,55,5,50,2
199421,55,7,48,2
199422,51,2,49,2
199423,57,11,46,2
199424,51,7,44,2
199425,51,8,43,2
199426,47,7,40,2
199427,45,8,37,2
199428,66,5,61,2
199429,56,12,44,2
199430,64,7,57,2
199431,49,7,42,2
199432,53,6,47,2
199433,55,7,48,2
199434,51,12,39,2
199435,50,5,45,2
199436,46,3,43,2
199437,58,9,49,2
199438,54,5,49,2
199439,62,6,56,2
199440,50,2,48,2
199441,48,7,41,2
199442,44,5,39,2
199443,53,4,49,2
199444,41,5,36,2
199445,55,4,51,2
199446,56,8,48,2
199447,55,8,47,2
199448,56,9,47,2
199449,53,5,48,2
199450,66,7,59,2
199451,35,8,27,2
199452,49,7,42,2
199453,68,11,57,2
199454,49,4,45,2
199455,48,4,44,2
199456,47,2,45,2
199457,59,7,52,2
199458,43,8,35,2
199459,51,8,43,2
199460,61,11,50,2
199461,50,7,43,2
199462,53,7,46,2
199463,55,10,45,2
199464,43,3,40,2
199465,57,5,52,2
199466,59,7,52,2
199467,61,7,54,2
199468,51,7,44,2
199469,64,9,55,2
199470,45,5,40,2
199471,42,3,39,2
199472,51,6,45,2
199473,44,5,39,2
199474,77,7,70,2
199475,51,5,46,2
199476,55,5,50,2
199477,64,7,57,2
199478,54,1,53,2
199479,55,8,47,2
199480,41,6,35,2
199481,54,8,46,2
199482,46,4,42,2
199483,61,8,53,2
199484,67,8,59,2
199485,52,7,45,2
199486,67,10,57,2
199487,69,6,63,2
199488,45,7,38,2
199489,53,2,51,2
199490,65,10,55,2
199491,52,9,43,2
199492,41,1,40,2
199493,60,8,52,2
199494,48,3,45,2
199495,65,8,57,2
199496,57,6,51,2
199497,51,6,45,2
199498,55,5,50,2
199499,50,7,43,2
199500,60,10,50,2
199501,57,4,53,2
199502,54,8,46,2
199503,45,6,39,2
199504,62,5,57,2
199505,55,4,51,2
199506,51,5,46,2
199507,61,8,53,2
199508,54,3,51,2
199509,43,3,40,2
199510,54,10,44,2
199511,58,7,51,2
199512,66,6,60,2
199513,54,5,49,2
199514,62,7,55,2
199515,51,3,48,2
199516,51,8,43,2
199517,58,4,54,2
199518,57,4,53,2
199519,46,3,43,2
199520,55,6,49,2
199521,60,5,55,2
199522,55,11,44,2
199523,59,8,51,2
199524,56,5,51,2
199525,44,6,38,2
199526,52,3,49,2
199527,47,3,44,2
199528,60,5,55,2
199529,60,7,53,2
199530,50,7,43,2
199531,52,5,47,2
199532,48,6,42,2
199533,65,4,61,2
199534,48,4,44,2
199535,56,6,50,2
199536,48,4,44,2
199537,60,5,55,2
199538,43,5,38,2
199539,66,4,62,2
199540,45,7,38,2
199541,47,4,43,2
199542,52,7,45,2
199543,45,3,42,2
199545,57,11,46,2
199546,58,6,52,2
199547,48,4,44,2
199548,33,5,28,2
199549,60,7,53,2
199550,59,5,54,2
199551,66,9,57,2
199552,64,4,60,2
199553,48,6,42,2
199554,62,11,51,2
199555,42,9,33,2
199556,36,7,29,2
199557,60,6,54,2
199558,55,8,47,2
199559,52,6,46,2
199560,64,8,56,2
199561,49,6,43,2
199562,55,3,52,2
199563,59,6,53,2
199564,49,6,43,2
199565,62,5,57,2
199566,49,3,46,2
199567,72,10,62,2
199568,54,5,49,2
199569,55,11,44,2
199570,60,7,53,2
199571,58,5,53,2
199572,53,4,49,2
199573,51,8,43,2
199574,48,4,44,2
199575,44,6,38,2
199576,58,5,53,2
199577,61,11,50,2
199578,54,8,46,2
199579,55,8,47,2
199580,53,8,45,2
199581,48,4,44,2
199582,61,7,54,2
199583,50,6,44,2
199584,66,9,57,2
199585,53,3,50,2
199586,60,7,53,2
199587,52,8,44,2
199588,46,7,39,2
199589,53,11,42,2
199590,43,5,38,2
199591,50,5,45,2
199592,44,5,39,2
199593,66,8,58,2
199594,47,5,42,2
199595,49,7,42,2
199596,42,3,39,2
199597,57,3,54,2
199598,67,6,61,2
199599,58,5,53,2
199600,61,5,56,2
199601,55,9,46,2
199602,60,9,51,2
199603,51,1,50,2
199604,46,6,40,2
199605,63,11,52,2
199606,56,9,47,2
199607,52,6,46,2
199608,55,5,50,2
199609,69,13,56,2
199610,52,4,48,2
199611,57,7,50,2
199612,62,13,49,2
199613,51,6,45,2
199614,49,6,43,2
199615,55,2,53,2
199616,64,4,60,2
199617,42,2,40,2
199618,48,5,43,2
199619,69,5,64,2
199620,49,6,43,2
199621,54,7,47,2
199622,55,7,48,2
199623,62,9,53,2
199624,78,8,70,2
199625,59,4,55,2
199626,40,5,35,2
199627,41,5,36,2
199628,56,4,52,2
199629,67,13,54,2
199630,62,3,59,2
199631,53,7,46,2
199632,60,10,50,2
199633,47,4,43,2
199634,60,4,56,2
199635,46,7,39,2
199636,49,5,44,2
199637,47,8,39,2
199638,50,5,45,2
199639,51,6,45,2
199640,66,6,60,2
199641,43,7,36,2
199642,55,6,49,2
199643,54,7,47,2
199644,63,7,56,2
199645,39,6,33,2
199646,45,3,42,2
199647,55,8,47,2
199648,66,7,59,2
199649,57,2,55,2
199650,70,6,64,2
199651,59,7,52,2
199652,55,8,47,2
199653,55,10,45,2
199654,50,10,40,2
199655,52,6,46,2
199656,77,10,67,2
199657,35,5,30,2
199658,42,7,35,2
199659,55,7,48,2
199660,49,9,40,2
199661,59,11,48,2
199662,57,7,50,2
199663,49,4,45,2
199664,64,9,55,2
199665,61,4,57,2
199666,63,4,59,2
199667,51,6,45,2
199668,58,5,53,2
199669,53,7,46,2
199670,46,6,40,2
199671,57,2,55,2
199672,49,5,44,2
199673,48,8,40,2
199674,54,7,47,2
199675,55,4,51,2
199676,46,9,37,2
199677,47,4,43,2
199678,53,8,45,2
199679,58,6,52,2
199680,62,9,53,2
199681,55,4,51,2
199682,44,7,37,2
199683,50,3,47,2
199684,61,9,52,2
199685,62,6,56,2
199686,49,8,41,2
199687,49,3,46,2
199688,56,6,50,2
199689,66,9,57,2
199690,53,3,50,2
199691,57,6,51,2
199692,56,7,49,2
199693,62,8,54,2
199694,38,5,33,2
199695,56,10,46,2
199696,43,1,42,2
199697,61,9,52,2
199698,60,7,53,2
199699,49,8,41,2
199700,54,7,47,2
199701,47,8,39,2
199702,54,5,49,2
199703,57,9,48,2
199704,59,10,49,2
199705,58,5,53,2
199706,61,9,52,2
199707,60,8,52,2
199708,62,8,54,2
199709,53,5,48,2
199710,49,5,44,2
199711,60,6,54,2
199712,53,4,49,2
199713,54,4,50,2
199714,48,7,41,2
199715,47,6,41,2
199716,50,3,47,2
199717,65,11,54,2
199718,55,2,53,2
199719,52,10,42,2
199720,59,10,49,2
199721,51,4,47,2
199722,56,5,51,2
199723,57,8,49,2
199724,56,9,47,2
199725,51,4,47,2
199726,49,7,42,2
199727,62,6,56,2
199728,51,5,46,2
199729,59,5,54,2
199730,50,6,44,2
199731,57,6,51,2
199732,67,6,61,2
199733,59,8,51,2
199734,46,8,38,2
199735,59,8,51,2
199736,52,5,47,2
199737,62,7,55,2
199738,53,6,47,2
199739,48,8,40,2
199740,65,8,57,2
199741,62,9,53,2
199742,53,6,47,2
199743,38,3,35,2
199744,54,7,47,2
199745,55,3,52,2
199746,51,7,44,2
199747,42,3,39,2
199748,50,7,43,2
199749,58,5,53,2
199750,48,7,41,2
199751,70,7,63,2
199752,53,3,50,2
199753,44,5,39,2
199754,45,5,40,2
199755,50,5,45,2
199756,74,7,67,2
199757,49,5,44,2
199758,61,8,53,2
199759,60,6,54,2
199760,53,5,48,2
199761,59,9,50,2
199762,59,8,51,2
199763,57,6,51,2
199764,50,4,46,2
199765,46,9,37,2
199766,57,12,45,2
199767,45,2,43,2
199768,57,6,51,2
199769,44,6,38,2
199770,53,6,47,2
199771,55,5,50,2
199772,54,5,49,2
199773,55,1,54,2
199774,44,8,36,2
199775,34,4,30,2
199776,41,5,36,2
199777,49,10,39,2
199778,53,5,48,2
199779,48,5,43,2
199780,48,4,44,2
199781,51,9,42,2
199782,55,9,46,2
199783,56,9,47,2
199784,58,4,54,2
199785,48,8,40,2
199786,63,6,57,2
199787,50,4,46,2
199788,50,7,43,2
199789,56,5,51,2
199790,45,5,40,2
199791,61,6,55,2
199792,69,9,60,2
199793,55,5,50,2
199794,49,3,46,2
199795,45,4,41,2
199796,55,6,49,2
199797,54,4,50,2
199798,58,7,51,2
199799,51,6,45,2
199800,57,9,48,2
199801,56,5,51,2
199802,44,4,40,2
199803,50,7,43,2
199804,55,4,51,2
199805,55,7,48,2
199806,45,6,39,2
199807,162,162,0,1
199808,59,6,53,2
199809,61,8,53,2
199810,46,8,38,2
199811,61,9,52,2
199812,54,7,47,2
199813,67,6,61,2
199814,49,3,46,2
199815,67,12,55,2
199816,53,3,50,2
199817,60,9,51,2
199818,52,6,46,2
199819,57,4,53,2
199820,49,7,42,2
199821,54,3,51,2
199822,58,4,54,2
199823,45,5,40,2
199824,67,13,54,2
199825,55,3,52,2
199826,57,10,47,2
199827,77,6,71,2
199828,49,6,43,2
199829,64,11,53,2
199830,53,7,46,2
199831,59,3,56,2
199832,49,8,41,2
199833,43,5,38,2
199834,46,8,38,2
199835,62,5,57,2
199836,55,10,45,2
199837,44,4,40,2
199838,57,6,51,2
199839,63,5,58,2
199840,49,7,42,2
199841,62,6,56,2
199842,49,9,40,2
199843,50,7,43,2
199844,67,10,57,2
199845,56,6,50,2
199846,53,8,45,2
199847,50,6,44,2
199848,48,4,44,2
199849,54,11,43,2
199850,51,4,47,2
199851,54,5,49,2
199852,56,2,54,2
199853,49,7,42,2
199854,55,6,49,2
199855,54,6,48,2
199856,47,5,42,2
199857,48,1,47,2
199858,44,1,43,2
199859,42,6,36,2
199860,51,2,49,2
199861,51,10,41,2
199862,47,5,42,2
199863,55,6,49,2
199864,55,7,48,2
199865,46,4,42,2
199866,51,4,47,2
199867,53,8,45,2
199868,60,8,52,2
199869,47,9,38,2
199870,59,7,52,2
199871,49,4,45,2
199872,72,10,62,2
199873,56,8,48,2
199874,72,8,64,2
199875,43,5,38,2
199876,39,6,33,2
199877,63,10,53,2
199878,69,7,62,2
199879,57,13,44,2
199880,52,7,45,2
199881,60,8,52,2
199882,54,5,49,2
199883,58,10,48,2
199884,54,8,46,2
199885,64,8,56,2
199886,51,7,44,2
199887,58,5,53,2
199888,63,6,57,2
199889,44,3,41,2
199890,41,7,34,2
199891,58,6,52,2
199892,54,7,47,2
199893,48,6,42,2
199894,58,12,46,2
199895,54,5,49,2
199896,38,9,29,2
199897,55,7,48,2
199898,50,7,43,2
199899,64,8,56,2
199900,71,5,66,2
199901,63,8,55,2
199902,57,7,50,2
199903,58,8,50,2
199904,49,6,43,2
199905,54,9,45,2
199906,65,6,59,2
199907,58,12,46,2
199908,50,6,44,2
199909,55,7,48,2
199910,57,5,52,2
199911,50,7,43,2
199912,46,3,43,2
199913,62,8,54,2
199914,56,13,43,2
199915,69,6,63,2
199916,61,8,53,2
199917,64,5,59,2
199918,58,9,49,2
199919,62,6,56,2
199920,68,11,57,2
199921,33,5,28,2
199922,40,5,35,2
199923,44,5,39,2
199924,46,4,42,2
199925,50,8,42,2
199926,62,7,55,2
199927,50,2,48,2
199928,50,7,43,2
199929,51,6,45,2
199930,46,9,37,2
199931,56,7,49,2
199932,55,5,50,2
199933,64,6,58,2
199934,57,8,49,2
199935,41,8,33,2
199936,49,10,39,2
199937,61,9,52,2
199938,47,5,42,2
199939,58,8,50,2
199940,57,8,49,2
199941,52,1,51,2
199942,53,1,52,2
199943,69,6,63,2
199944,46,8,38,2
199945,56,5,51,2
199946,58,5,53,2
199947,43,1,42,2
199948,59,4,55,2
199949,52,5,47,2
199950,58,6,52,2
199951,55,7,48,2
199952,78,10,68,2
199953,58,7,51,2
199954,45,7,38,2
199955,45,6,39,2
199956,46,7,39,2
199957,61,6,55,2
199958,54,9,45,2
199959,46,3,43,2
199960,45,4,41,2
199961,57,7,50,2
199962,41,5,36,2
199963,52,2,50,2
199964,66,7,59,2
199965,49,3,46,2
199966,46,4,42,2
199967,63,6,57,2
199968,34,6,28,2
199969,53,9,44,2
199970,48,3,45,2
199971,59,6,53,2
199972,56,2,54,2
199973,69,6,63,2
199974,47,3,44,2
199975,49,3,46,2
199976,53,6,47,2
199977,59,7,52,2
199978,47,5,42,2
199979,41,4,37,2
199980,53,4,49,2
199981,51,5,46,2
199982,55,9,46,2
199983,61,9,52,2
199984,56,11,45,2
199985,50,5,45,2
199986,66,6,60,2
199987,55,6,49,2
199988,52,7,45,2
199989,57,8,49,2
199990,45,7,38,2
199991,52,6,46,2
199992,58,7,51,2
199993,58,3,55,2
199994,53,6,47,2
199995,50,2,48,2
199996,52,4,48,2
199997,67,6,61,2
199998,44,6,38,2
199999,64,5,59,2
200000,48,10,38,2
200001,63,10,53,2
200002,58,9,49,2
200003,57,3,54,2
200004,45,8,37,2
200005,44,9,35,2
200006,56,7,49,2
200007,52,6,46,2
200008,61,7,54,2
200009,52,8,44,2
200011,50,9,41,2
200012,46,8,38,2
200013,60,9,51,2
200014,55,7,48,2
200015,52,5,47,2
200016,61,7,54,2
200017,45,6,39,2
200018,51,3,48,2
200019,39,4,35,2
200020,44,3,41,2
200021,46,4,42,2
200022,63,8,55,2
200023,57,7,50,2
200024,53,5,48,2
200025,49,5,44,2
200026,56,12,44,2
200027,46,5,41,2
200028,49,7,42,2
200029,73,7,66,2
200030,49,3,46,2
200031,57,12,45,2
200032,45,5,40,2
200033,59,11,48,2
200034,53,8,45,2
200035,47,5,42,2
200036,63,13,50,2
200037,70,9,61,2
200038,44,5,39,2
200039,57,6,51,2
200040,50,2,48,2
200041,43,5,38,2
200042,57,7,50,2
200043,47,4,43,2
200044,53,13,40,2
200045,64,7,57,2
200046,50,9,41,2
200047,61,9,52,2
200048,56,5,51,2
200049,46,6,40,2
200050,50,8,42,2
200051,52,4,48,2
200052,52,6,46,2
200053,41,4,37,2
200054,46,8,38,2
200055,53,6,47,2
200056,50,8,42,2
200057,55,9,46,2
200058,45,2,43,2
200059,54,6,48,2
200060,59,4,55,2
200061,56,6,50,2
200062,66,13,53,2
200063,56,5,51,2
200064,44,4,40,2
200065,50,8,42,2
200066,66,8,58,2
200067,50,2,48,2
200068,60,9,51,2
200069,46,8,38,2
200070,46,8,38,2
200071,47,7,40,2
200072,49,4,45,2
200073,56,6,50,2
200074,56,6,50,2
200075,46,7,39,2
200076,61,10,51,2
200077,63,3,60,2
200078,54,9,45,2
200079,76,12,64,2
200080,64,7,57,2
200081,68,4,64,2
200082,52,6,46,2
200083,42,5,37,2
200084,44,5,39,2
200085,65,9,56,2
200086,59,5,54,2
200087,65,6,59,2
200088,54,3,51,2
200089,61,3,58,2
200090,50,6,44,2
200091,52,2,50,2
200092,54,8,46,2
200093,44,5,39,2
200094,56,10,46,2
200095,50,7,43,2
200096,53,8,45,2
200097,64,3,61,2
200098,58,13,45,2
200099,45,5,40,2
200100,73,11,62,2
200101,52,5,47,2
200102,47,9,38,2
200103,43,2,41,2
200104,58,11,47,2
200105,59,7,52,2
200106,61,7,54,2
200107,55,6,49,2
200108,51,7,44,2
200109,45,6,39,2
200110,49,3,46,2
200111,56,0,56,1
200112,58,11,47,2
200113,49,11,38,2
200114,59,8,51,2
200115,66,8,58,2
200116,54,7,47,2
200117,54,5,49,2
200118,63,5,58,2
200119,49,8,41,2
200120,65,10,55,2
200121,64,11,53,2
200122,59,5,54,2
200123,50,2,48,2
200124,56,9,47,2
200125,60,5,55,2
200126,58,9,49,2
200127,49,7,42,2
200128,66,6,60,2
200129,51,9,42,2
200130,45,4,41,2
200131,52,5,47,2
200132,68,9,59,2
200133,52,6,46,2
200134,53,6,47,2
200135,60,10,50,2
200136,52,7,45,2
200137,68,7,61,2
200138,50,6,44,2
200139,50,8,42,2
200140,54,4,50,2
200141,67,8,59,2
200142,57,6,51,2
200143,59,8,51,2
200144,43,4,39,2
200145,45,5,40,2
200146,58,9,49,2
200147,59,6,53,2
200148,54,10,44,2
200149,52,5,47,2
200150,52,7,45,2
200151,53,10,43,2
200152,69,8,61,2
200153,44,4,40,2
200154,65,4,61,2
200155,52,9,43,2
200156,53,7,46,2
200157,59,5,54,2
200158,50,4,46,2
200159,52,3,49,2
200160,49,5,44,2
200161,54,10,44,2
200162,49,5,44,2
200163,43,4,39,2
200164,36,6,30,2
200165,44,3,41,2
200166,60,7,53,2
200167,48,7,41,2
200168,64,4,60,2
200169,52,9,43,2
200170,75,7,68,2
200171,49,8,41,2
200172,48,6,42,2
200173,53,1,52,2
200174,67,8,59,2
200175,57,13,44,2
200176,50,7,43,2
200177,45,3,42,2
200178,56,10,46,2
200179,61,10,51,2
200180,63,8,55,2
200181,45,6,39,2
200182,63,10,53,2
200183,67,10,57,2
200184,51,4,47,2
200185,57,6,51,2
200186,54,6,48,2
200187,57,8,49,2
200188,59,9,50,2
200189,44,3,41,2
200190,52,5,47,2
200191,56,6,50,2
200192,53,7,46,2
200193,54,6,48,2
200194,50,8,42,2
200195,42,2,40,2
200196,63,6,57,2
200197,49,3,46,2
200198,47,9,38,2
200199,44,4,40,2
200200,60,6,54,2
200201,65,6,59,2
200202,45,5,40,2
200203,71,8,63,2
200204,52,2,50,2
200205,53,9,44,2
200206,59,9,50,2
200207,39,5,34,2
200208,47,5,42,2
200209,49,9,40,2
200210,65,6,59,2
200211,50,7,43,2
200212,66,8,58,2
200213,54,6,48,2
200214,57,7,50,2
200215,51,5,46,2
200216,49,10,39,2
200217,44,2,42,2
200218,45,6,39,2
200219,51,3,48,2
200220,63,10,53,2
200221,58,8,50,2
200222,48,3,45,2
200223,53,3,50,2
200224,52,10,42,2
200225,65,6,59,2
200226,54,5,49,2
200227,49,3,46,2
200228,55,9,46,2
200229,49,4,45,2
200230,51,4,47,2
200231,55,6,49,2
200232,53,10,43,2
200233,61,8,53,2
200234,56,3,53,2
200235,55,9,46,2
200236,50,6,44,2
200237,47,4,43,2
200238,50,6,44,2
200239,58,9,49,2
200240,56,4,52,2
200241,60,7,53,2
200242,51,9,42,2
200243,56,6,50,2
200244,59,6,53,2
200245,53,7,46,2
200246,47,5,42,2
200247,60,3,57,2
200248,45,6,39,2
200249,44,3,41,2
200250,57,9,48,2
200251,68,11,57,2
200252,57,2,55,2
200253,52,3,49,2
200254,46,6,40,2
200255,62,9,53,2
200256,45,7,38,2
200257,52,7,45,2
200258,60,6,54,2
200259,46,5,41,2
200260,46,7,39,2
200261,61,7,54,2
200262,61,12,49,2
200263,64,6,58,2
200264,47,6,41,2
200265,63,6,57,2
200266,56,5,51,2
200267,60,6,54,2
200268,56,6,50,2
200269,43,6,37,2
200270,47,9,38,2
200271,53,7,46,2
200272,51,5,46,2
200275,52,4,48,2
200276,60,3,57,2
200277,63,8,55,2
200278,56,9,47,2
200279,54,4,50,2
200280,44,9,35,2
200281,64,8,56,2
200282,39,4,35,2
200283,69,11,58,2
200284,44,3,41,2
200285,50,4,46,2
200286,46,9,37,2
200287,71,9,62,2
200288,38,4,34,2
200289,53,3,50,2
200290,52,9,43,2
200291,58,7,51,2
200292,57,7,50,2
200293,49,5,44,2
200294,64,5,59,2
200295,51,7,44,2
200296,42,4,38,2
200297,57,3,54,2
200298,54,5,49,2
200299,49,3,46,2
200300,64,8,56,2
200301,54,4,50,2
200302,53,4,49,2
200303,65,6,59,2
200304,67,10,57,2
200305,54,7,47,2
200306,44,4,40,2
200307,51,6,45,2
200308,68,4,64,2
200309,56,5,51,2
200310,49,10,39,2
200311,58,10,48,2
200312,55,5,50,2
200313,53,5,48,2
200314,60,6,54,2
200315,69,8,61,2
200316,47,8,39,2
200317,67,6,61,2
200318,43,3,40,2
200319,53,8,45,2
200320,52,7,45,2
200321,59,12,47,2
200322,41,5,36,2
200323,54,4,50,2
200324,50,4,46,2
200325,50,8,42,2
200326,58,7,51,2
200327,64,5,59,2
200328,55,5,50,2
200329,57,10,47,2
200330,61,7,54,2
200331,50,5,45,2
200332,49,7,42,2
200333,53,2,51,2
200334,49,13,36,2
200335,50,6,44,2
200336,40,3,37,2
200337,46,7,39,2
200338,54,3,51,2
200339,54,3,51,2
200340,64,6,58,2
200341,58,9,49,2
200342,63,7,56,2
200343,60,8,52,2
200344,60,6,54,2
200345,46,5,41,2
200346,57,1,56,2
200347,61,7,54,2
200348,52,8,44,2
200349,47,7,40,2
200350,57,9,48,2
200351,59,8,51,2
200352,58,8,50,2
200353,58,11,47,2
200354,46,8,38,2
200355,58,5,53,2
200356,60,7,53,2
200357,66,3,63,2
200358,61,7,54,2
200359,58,12,46,2
200360,60,12,48,2
200361,50,7,43,2
200362,51,7,44,2
200363,60,3,57,2
200364,51,4,47,2
200365,55,6,49,2
200366,59,9,50,2
200367,52,3,49,2
200368,58,6,52,2
200369,49,5,44,2
200370,41,3,38,2
200371,67,3,64,2
200372,58,11,47,2
200373,62,5,57,2
200374,50,4,46,2
200375,47,5,42,2
200376,69,16,53,2
200377,70,8,62,2
200378,54,16,38,2
200379,44,8,36,2
200380,57,5,52,2
200381,59,6,53,2
200382,57,2,55,2
200383,68,7,61,2
200384,55,2,53,2
200385,45,4,41,2
200386,60,6,54,2
200387,42,3,39,2
200388,49,7,42,2
200389,45,6,39,2
200390,50,3,47,2
200391,54,8,46,2
200392,66,8,58,2
200393,56,6,50,2
200394,65,6,59,2
200395,50,5,45,2
200396,55,5,50,2
200397,41,2,39,2
200398,52,6,46,2
200399,60,6,54,2
200400,48,6,42,2
200401,59,5,54,2
200402,58,6,52,2
200403,62,6,56,2
200404,46,5,41,2
200405,47,5,42,2
200406,52,6,46,2
200407,43,3,40,2
200408,57,9,48,2
200409,47,6,41,2
200410,55,4,51,2
200411,51,9,42,2
200412,51,1,50,2
200413,56,5,51,2
200414,60,9,51,2
200415,44,6,38,2
200416,46,2,44,2
200417,51,0,51,1
200418,48,7,41,2
200419,59,10,49,2
200420,55,4,51,2
200421,67,10,57,2
200422,59,9,50,2
200423,58,11,47,2
200424,48,5,43,2
200425,51,4,47,2
200426,49,8,41,2
200427,57,10,47,2
200428,53,6,47,2
200429,61,6,55,2
200430,50,5,45,2
200431,54,7,47,2
200432,60,9,51,2
200433,56,8,48,2
200434,62,8,54,2
200435,54,5,49,2
200436,34,2,32,2
200437,68,5,63,2
200438,53,8,45,2
200439,52,3,49,2
200440,48,3,45,2
200441,46,1,45,2
200442,55,6,49,2
200443,61,4,57,2
200444,50,5,45,2
200445,59,6,53,2
200446,52,9,43,2
200447,60,10,50,2
200448,55,7,48,2
200449,58,9,49,2
200450,43,5,38,2
200451,64,11,53,2
200452,43,6,37,2
200453,48,4,44,2
200454,58,7,51,2
200455,53,9,44,2
200456,61,12,49,2
200457,47,1,46,2
200458,51,8,43,2
200459,41,5,36,2
200460,60,7,53,2
200461,54,10,44,2
200462,50,5,45,2
200463,48,7,41,2
200464,66,7,59,2
200465,70,10,60,2
200466,45,4,41,2
200467,48,2,46,2
200468,63,8,55,2
200469,65,6,59,2
200470,48,2,46,2
200471,48,5,43,2
200472,56,8,48,2
200473,50,5,45,2
200474,58,5,53,2
200475,43,3,40,2
200476,58,10,48,2
200477,54,8,46,2
200478,47,7,40,2
200479,69,9,60,2
200480,59,3,56,2
200481,55,3,52,2
200482,47,5,42,2
200483,51,5,46,2
200484,38,5,33,2
200485,49,4,45,2
200486,54,2,52,2
200487,53,3,50,2
200488,65,6,59,2
200489,68,8,60,2
200490,53,5,48,2
200491,57,6,51,2
200492,37,5,32,2
200493,51,6,45,2
200494,46,6,40,2
200495,53,4,49,2
200496,46,6,40,2
200497,60,8,52,2
200498,63,6,57,2
200499,54,6,48,2
200500,60,4,56,2
200501,48,4,44,2
200502,47,5,42,2
200503,53,4,49,2
200504,55,10,45,2
200505,57,3,54,2
200506,58,5,53,2
200507,57,6,51,2
200508,47,4,43,2
200509,62,9,53,2
200510,43,10,33,2
200511,45,3,42,2
200512,49,4,45,2
200513,58,10,48,2
200514,55,3,52,2
200515,52,9,43,2
200516,59,4,55,2
200517,52,6,46,2
200518,70,4,66,2
200519,55,6,49,2
200520,57,7,50,2
200521,67,6,61,2
200522,59,8,51,2
200523,52,5,47,2
200524,61,7,54,2
200525,58,7,51,2
200527,49,5,44,2
200528,50,6,44,2
200529,63,5,58,2
200531,48,5,43,2
200532,47,7,40,2
200533,46,5,41,2
200534,59,8,51,2
200535,55,7,48,2
200536,45,8,37,2
200537,55,5,50,2
200538,53,9,44,2
200539,53,7,46,2
200540,41,8,33,2
200541,50,5,45,2
200542,53,3,50,2
200543,53,10,43,2
200544,60,6,54,2
200545,43,8,35,2
200546,58,7,51,2
200547,52,5,47,2
200548,73,13,60,2
200549,50,5,45,2
200550,47,7,40,2
200551,57,8,49,2
200552,49,10,39,2
200553,63,7,56,2
200554,57,12,45,2
200555,42,4,38,2
200556,68,7,61,2
200557,47,5,42,2
200558,54,12,42,2
200559,53,5,48,2
200560,56,5,51,2
200561,45,5,40,2
200562,54,8,46,2
200563,48,4,44,2
200564,60,4,56,2
200565,50,4,46,2
200566,56,6,50,2
200567,44,6,38,2
200568,66,5,61,2
200569,53,4,49,2
200570,57,8,49,2
200571,68,6,62,2
200572,62,6,56,2
200573,48,6,42,2
200574,52,4,48,2
200575,59,5,54,2
200576,55,5,50,2
200577,56,4,52,2
200578,62,11,51,2
200579,56,6,50,2
200580,54,9,45,2
200581,64,3,61,2
200582,49,5,44,2
200583,52,3,49,2
200584,63,3,60,2
200585,41,7,34,2
200586,42,6,36,2
200587,46,9,37,2
200588,44,3,41,2
200589,51,4,47,2
200590,53,6,47,2
200591,61,10,51,2
200592,51,10,41,2
200593,63,11,52,2
200594,56,8,48,2
200595,53,10,43,2
200596,44,3,41,2
200597,69,7,62,2
200598,69,6,63,2
200599,43,4,39,2
200600,69,6,63,2
200601,57,7,50,2
200602,62,10,52,2
200603,50,4,46,2
200604,60,10,50,2
200605,48,7,41,2
200606,46,7,39,2
200607,46,10,36,2
200608,52,10,42,2
200609,70,7,63,2
200610,60,3,57,2
200611,53,5,48,2
200612,62,8,54,2
200613,58,12,46,2
200614,49,6,43,2
200615,53,5,48,2
200616,60,6,54,2
200617,51,4,47,2
200618,58,10,48,2
200619,75,10,65,2
200620,47,4,43,2
200621,51,9,42,2
200622,47,3,44,2
200623,59,5,54,2
200624,52,4,48,2
200625,44,7,37,2
200626,51,7,44,2
200627,50,6,44,2
200628,60,4,56,2
200629,41,4,37,2
200630,61,8,53,2
200631,49,6,43,2
200632,59,10,49,2
200633,44,8,36,2
200634,49,2,47,2
200635,53,3,50,2
200636,50,9,41,2
200637,61,7,54,2
200638,59,6,53,2
200639,60,12,48,2
200640,56,4,52,2
200641,53,5,48,2
200642,56,7,49,2
200643,50,6,44,2
200644,50,8,42,2
200645,60,10,50,2
200646,50,6,44,2
200647,55,6,49,2
200648,54,10,44,2
200649,69,13,56,2
200650,45,5,40,2
200651,56,6,50,2
200652,47,7,40,2
200653,59,8,51,2
200654,51,2,49,2
200655,63,7,56,2
200656,44,3,41,2
200657,47,9,38,2
200658,43,5,38,2
200659,44,6,38,2
200660,46,1,45,2
200661,71,8,63,2
200662,54,7,47,2
200663,53,7,46,2
200664,65,8,57,2
200665,47,11,36,2
200666,40,4,36,2
200667,66,11,55,2
200668,45,4,41,2
200669,51,6,45,2
200670,63,9,54,2
200671,46,5,41,2
200672,64,14,50,2
200673,63,10,53,2
200674,56,5,51,2
200675,57,6,51,2
200676,54,5,49,2
200677,60,7,53,2
200678,63,6,57,2
200679,56,7,49,2
200680,42,4,38,2
200681,44,7,37,2
200682,57,5,52,2
200683,47,4,43,2
200684,48,7,41,2
200685,48,5,43,2
200686,44,2,42,2
200687,49,6,43,2
200688,58,5,53,2
200689,67,8,59,2
200690,60,3,57,2
200691,54,6,48,2
200692,47,4,43,2
200693,47,7,40,2
200694,52,1,51,2
200695,58,7,51,2
200696,51,6,45,2
200697,52,4,48,2
200698,53,4,49,2
200699,57,6,51,2
200700,69,9,60,2
200701,53,2,51,2
200702,60,3,57,2
200703,53,6,47,2
200704,54,4,50,2
200705,45,4,41,2
200706,52,7,45,2
200707,55,3,52,2
200708,52,17,35,2
200709,48,2,46,2
200710,51,5,46,2
200711,55,10,45,2
200712,61,6,55,2
200713,36,2,34,2
200714,52,7,45,2
200715,52,7,45,2
200716,52,3,49,2
200717,45,8,37,2
200718,48,3,45,2
200719,45,6,39,2
200720,41,4,37,2
200721,55,5,50,2
200722,49,2,47,2
200723,59,12,47,2
200724,52,4,48,2
200725,61,11,50,2
200726,66,6,60,2
200727,76,10,66,2
200728,59,13,46,2
200729,56,10,46,2
200730,61,6,55,2
200731,59,8,51,2
200732,57,5,52,2
200733,54,8,46,2
200734,47,5,42,2
200735,58,13,45,2
200736,48,6,42,2
200737,49,6,43,2
200738,49,4,45,2
200739,54,7,47,2
200740,62,5,57,2
200741,49,8,41,2
200742,65,6,59,2
200743,46,5,41,2
200744,57,6,51,2
200745,69,5,64,2
200746,63,10,53,2
200747,49,0,49,1
200748,57,6,51,2
200749,58,8,50,2
200751,50,3,47,2
200752,59,13,46,2
200753,50,8,42,2
200754,50,6,44,2
200755,55,7,48,2
200756,52,5,47,2
200757,47,8,39,2
200758,55,10,45,2
200759,44,3,41,2
200760,60,5,55,2
200761,59,7,52,2
200762,61,6,55,2
200763,52,6,46,2
200764,62,11,51,2
200765,49,3,46,2
200766,53,8,45,2
200767,49,10,39,2
200768,60,3,57,2
200769,52,10,42,2
200770,48,5,43,2
200771,50,9,41,2
200772,60,7,53,2
200773,70,10,60,2
200774,74,1,73,2
200775,67,9,58,2
200776,40,6,34,2
200777,68,8,60,2
200778,49,9,40,2
200779,60,6,54,2
200780,53,8,45,2
200781,55,6,49,2
200782,47,3,44,2
200783,56,8,48,2
200784,48,3,45,2
200785,47,7,40,2
200786,53,7,46,2
200787,47,4,43,2
200788,54,5,49,2
200789,49,5,44,2
200790,53,8,45,2
200791,56,7,49,2
200792,57,9,48,2
200793,54,5,49,2
200794,45,2,43,2
200795,43,6,37,2
200796,46,6,40,2
200797,49,3,46,2
200798,56,5,51,2
200799,60,7,53,2
200800,57,7,50,2
200801,59,10,49,2
200802,48,2,46,2
200803,67,16,51,2
200804,49,9,40,2
200805,53,7,46,2
200806,62,12,50,2
200807,40,4,36,2
200808,59,9,50,2
200809,56,8,48,2
200810,56,6,50,2
200811,63,6,57,2
200812,58,9,49,2
200813,51,10,41,2
200814,55,10,45,2
200815,67,7,60,2
200816,53,6,47,2
200817,57,10,47,2
200818,67,11,56,2
200819,59,5,54,2
200820,39,5,34,2
200821,59,6,53,2
200822,45,8,37,2
200823,50,9,41,2
200824,55,8,47,2
200825,54,5,49,2
200826,62,7,55,2
200827,49,8,41,2
200828,63,5,58,2
200829,53,8,45,2
200830,53,5,48,2
200831,51,10,41,2
200832,45,4,41,2
200833,59,7,52,2
200834,54,9,45,2
200835,49,9,40,2
200836,65,6,59,2
200837,61,7,54,2
200838,55,5,50,2
200839,56,7,49,2
200840,57,3,54,2
200841,35,5,30,2
200842,64,8,56,2
200843,62,6,56,2
200844,41,9,32,2
200845,63,8,55,2
200846,48,4,44,2
200847,50,5,45,2
200848,61,6,55,2
200849,47,5,42,2
200850,48,6,42,2
200851,51,8,43,2
200852,47,3,44,2
200853,52,4,48,2
200854,54,4,50,2
200855,54,3,51,2
200856,66,9,57,2
200857,63,4,59,2
200858,53,4,49,2
200859,52,6,46,2
200860,53,5,48,2
200861,60,5,55,2
200862,43,4,39,2
200863,53,7,46,2
200864,57,7,50,2
200865,54,4,50,2
200866,57,6,51,2
200867,49,1,48,2
200868,57,10,47,2
200869,50,7,43,2
200870,55,10,45,2
200871,51,8,43,2
200872,49,9,40,2
200873,53,8,45,2
200874,70,10,60,2
200875,51,4,47,2
200876,45,5,40,2
200877,50,5,45,2
200878,52,7,45,2
200879,60,4,56,2
200880,68,5,63,2
200881,47,6,41,2
200882,49,2,47,2
200883,51,5,46,2
200884,83,7,76,2
200885,48,7,41,2
200886,48,8,40,2
200887,57,4,53,2
200888,58,4,54,2
200889,56,8,48,2
200890,45,9,36,2
200891,62,5,57,2
200892,53,9,44,2
200893,63,6,57,2
200894,52,7,45,2
200895,51,5,46,2
200896,60,7,53,2
200897,51,3,48,2
200898,50,9,41,2
200899,61,7,54,2
200900,63,6,57,2
200901,49,2,47,2
200902,50,7,43,2
200903,51,5,46,2
200904,57,11,46,2
200905,51,7,44,2
200906,58,7,51,2
200907,59,9,50,2
200908,51,7,44,2
200909,53,8,45,2
200910,54,5,49,2
200911,56,11,45,2
200912,66,11,55,2
200913,56,5,51,2
200914,60,10,50,2
200915,58,10,48,2
200916,60,5,55,2
200917,50,2,48,2
200918,69,6,63,2
200919,51,2,49,2
200920,66,6,60,2
200921,51,4,47,2
200922,51,7,44,2
200923,51,6,45,2
200924,56,2,54,2
200925,51,10,41,2
200926,56,8,48,2
200927,49,2,47,2
200928,62,7,55,2
200929,52,5,47,2
200930,58,7,51,2
200931,40,2,38,2
200932,54,4,50,2
200933,69,5,64,2
200934,57,3,54,2
200935,62,5,57,2
200936,68,7,61,2
200937,52,7,45,2
200938,62,5,57,2
200939,49,9,40,2
200940,44,9,35,2
200941,50,4,46,2
200942,66,5,61,2
200943,53,5,48,2
200944,60,9,51,2
200945,54,8,46,2
200946,60,9,51,2
200947,55,8,47,2
200948,58,9,49,2
200949,48,8,40,2
200950,64,5,59,2
200951,56,6,50,2
200952,52,1,51,2
200953,61,8,53,2
200954,59,5,54,2
200955,53,5,48,2
200956,54,9,45,2
200957,61,6,55,2
200958,64,2,62,2
200959,54,2,52,2
200960,65,3,62,2
200961,57,6,51,2
200962,58,9,49,2
200963,51,6,45,2
200964,60,8,52,2
200965,42,11,31,2
200966,57,6,51,2
200967,60,11,49,2
200968,42,7,35,2
200969,50,4,46,2
200970,47,6,41,2
200971,50,1,49,2
200972,50,8,42,2
200973,52,4,48,2
200974,52,7,45,2
200975,53,12,41,2
200976,45,6,39,2
200977,68,8,60,2
200978,71,10,61,2
200979,50,5,45,2
200980,69,5,64,2
200981,53,5,48,2
200982,51,3,48,2
200983,53,6,47,2
200984,52,4,48,2
200985,60,9,51,2
200986,62,9,53,2
200987,45,3,42,2
200988,71,4,67,2
200989,55,6,49,2
200990,57,6,51,2
200991,57,7,50,2
200992,51,1,50,2
200993,72,8,64,2
200994,68,8,60,2
200995,57,9,48,2
200996,68,9,59,2
200997,67,10,57,2
200998,55,9,46,2
200999,52,10,42,2
201000,44,2,42,2
201001,53,10,43,2
201002,44,5,39,2
201003,54,6,48,2
201004,45,4,41,2
201005,53,4,49,2
201006,61,6,55,2
201007,53,6,47,2
201008,43,4,39,2
201009,45,5,40,2
201010,60,9,51,2
201011,61,7,54,2
201012,45,8,37,2
201013,56,6,50,2
201014,54,4,50,2
201015,62,7,55,2
201016,53,7,46,2
201017,60,6,54,2
201018,53,7,46,2
201019,52,6,46,2
201020,52,7,45,2
201021,53,8,45,2
201022,58,5,53,2
201023,62,6,56,2
201024,61,6,55,2
201025,59,7,52,2
201026,35,5,30,2
201027,62,11,51,2
201028,59,9,50,2
201029,42,9,33,2
201030,57,9,48,2
201031,60,2,58,2
201032,50,6,44,2
201033,64,9,55,2
201034,65,11,54,2
201035,60,5,55,2
201036,62,9,53,2
201037,40,4,36,2
201038,56,5,51,2
201039,64,10,54,2
201040,68,9,59,2
201041,47,3,44,2
201042,39,9,30,2
201043,57,10,47,2
201044,56,9,47,2
201045,55,8,47,2
201046,56,5,51,2
201047,55,9,46,2
201048,54,5,49,2
201049,67,6,61,2
201050,48,3,45,2
201051,55,6,49,2
201052,51,5,46,2
201053,52,8,44,2
201054,60,10,50,2
201055,39,3,36,2
201056,46,5,41,2
201057,42,4,38,2
201058,53,3,50,2
201059,54,4,50,2
201060,49,3,46,2
201061,55,5,50,2
201062,53,8,45,2
201063,47,8,39,2
201064,55,3,52,2
201065,60,7,53,2
201066,59,5,54,2
201067,73,6,67,2
201068,41,7,34,2
201069,49,10,39,2
201070,59,10,49,2
201071,51,5,46,2
201072,59,8,51,2
201073,53,9,44,2
201074,52,7,45,2
201075,59,6,53,2
201076,52,6,46,2
201077,56,7,49,2
201078,57,4,53,2
201079,47,6,41,2
201080,61,4,57,2
201081,57,9,48,2
201082,51,4,47,2
201083,59,8,51,2
201084,59,8,51,2
201085,52,5,47,2
201086,54,6,48,2
201087,45,4,41,2
201088,64,6,58,2
201089,53,5,48,2
201090,42,5,37,2
201091,54,5,49,2
201092,57,5,52,2
201093,55,7,48,2
201094,58,6,52,2
201095,47,7,40,2
201096,55,6,49,2
201097,37,5,32,2
201098,56,9,47,2
201099,72,8,64,2
201100,69,10,59,2
201101,65,11,54,2
201102,57,4,53,2
201103,47,2,45,2
201104,63,6,57,2
201105,51,9,42,2
201106,56,5,51,2
201107,54,8,46,2
201108,59,3,56,2
201109,61,9,52,2
201110,53,4,49,2
201111,45,8,37,2
201112,62,6,56,2
201113,40,6,34,2
201114,52,6,46,2
201115,63,4,59,2
201116,56,3,53,2
201117,51,3,48,2
201118,59,12,47,2
201119,51,3,48,2
201120,46,6,40,2
201121,56,6,50,2
201122,45,3,42,2
201123,47,5,42,2
201124,51,8,43,2
201125,62,6,56,2
201126,51,6,45,2
201127,57,11,46,2
201128,53,5,48,2
201129,53,7,46,2
201130,54,10,44,2
201131,55,3,52,2
201132,57,8,49,2
201133,56,8,48,2
201134,57,5,52,2
201135,67,9,58,2
201136,59,4,55,2
201137,49,10,39,2
201138,51,7,44,2
201139,50,6,44,2
201140,45,1,44,2
201141,56,7,49,2
201142,74,10,64,2
201143,54,9,45,2
201144,51,3,48,2
201145,51,10,41,2
201146,67,10,57,2
201147,54,3,51,2
201148,53,8,45,2
201149,43,8,35,2
201150,42,6,36,2
201151,41,6,35,2
201152,38,3,35,2
201153,60,6,54,2
201154,64,4,60,2
201155,56,9,47,2
201156,58,8,50,2
201157,53,7,46,2
201158,66,9,57,2
201159,47,8,39,2
201160,53,3,50,2
201161,50,3,47,2
201162,56,3,53,2
201163,53,3,50,2
201164,50,5,45,2
201165,39,3,36,2
201166,55,11,44,2
201167,52,11,41,2
201168,69,12,57,2
201169,58,7,51,2
201170,47,3,44,2
201171,50,1,49,2
201172,48,5,43,2
201173,52,6,46,2
201174,56,6,50,2
201175,54,4,50,2
201176,62,5,57,2
201177,44,6,38,2
201178,50,7,43,2
201179,61,8,53,2
201180,47,3,44,2
201181,59,10,49,2
201182,51,8,43,2
201183,49,9,40,2
201184,55,7,48,2
201185,65,7,58,2
201186,59,1,58,2
201187,44,6,38,2
201188,61,7,54,2
201189,59,12,47,2
201190,59,4,55,2
201191,42,3,39,2
201192,48,4,44,2
201193,53,4,49,2
201194,47,6,41,2
201195,56,8,48,2
201196,64,5,59,2
201197,49,6,43,2
201198,51,6,45,2
201199,53,5,48,2
201200,51,12,39,2
201201,53,3,50,2
201202,43,4,39,2
201203,51,10,41,2
201204,50,4,46,2
201205,57,4,53,2
201206,70,5,65,2
201207,60,8,52,2
201208,54,11,43,2
201209,57,6,51,2
201210,58,9,49,2
201211,51,9,42,2
201212,57,12,45,2
201213,62,3,59,2
201214,61,6,55,2
201215,63,6,57,2
201216,63,14,49,2
201217,58,11,47,2
201218,51,4,47,2
201219,70,7,63,2
201220,52,1,51,2
201221,54,11,43,2
201222,49,3,46,2
201223,58,7,51,2
201224,55,7,48,2
201225,61,8,53,2
201226,1,1,0,1
201227,55,11,44,2
201228,52,10,42,2
201229,52,5,47,2
201230,47,6,41,2
201231,53,4,49,2
201232,42,5,37,2
201233,45,9,36,2
201234,43,8,35,2
201235,46,6,40,2
201236,65,11,54,2
201237,63,11,52,2
201238,46,2,44,2
201239,54,8,46,2
201240,61,3,58,2
201241,51,7,44,2
201242,55,4,51,2
201243,64,8,56,2
201244,40,3,37,2
201245,53,10,43,2
201246,50,7,43,2
201247,49,5,44,2
201248,58,10,48,2
201249,53,6,47,2
201250,61,7,54,2
201251,54,8,46,2
201252,51,9,42,2
201253,53,3,50,2
201254,63,7,56,2
201255,61,7,54,2
201256,52,5,47,2
201257,55,8,47,2
201258,47,5,42,2
201259,52,9,43,2
201260,54,10,44,2
201261,57,6,51,2
201262,55,2,53,2
201263,50,7,43,2
201264,52,4,48,2
201265,53,4,49,2
201266,71,13,58,2
201267,63,7,56,2
201268,54,11,43,2
201269,54,10,44,2
201270,62,8,54,2
201271,57,1,56,2
201272,45,5,40,2
201273,52,7,45,2
201274,45,6,39,2
201275,50,5,45,2
201276,51,6,45,2
201277,39,10,29,2
201278,53,6,47,2
201279,51,4,47,2
201280,48,3,45,2
201281,68,15,53,2
201282,45,4,41,2
201283,69,10,59,2
201284,53,5,48,2
201285,65,9,56,2
201286,69,9,60,2
201287,53,13,40,2
201288,66,11,55,2
201289,53,6,47,2
201290,61,9,52,2
201291,54,7,47,2
201292,47,3,44,2
201293,55,9,46,2
201294,64,8,56,2
201295,52,7,45,2
201296,56,4,52,2
201297,53,8,45,2
201298,49,4,45,2
201299,61,12,49,2
201300,48,4,44,2
201301,66,4,62,2
201302,55,7,48,2
201303,50,6,44,2
201304,51,9,42,2
201305,63,10,53,2
201306,68,10,58,2
201307,66,9,57,2
201308,60,14,46,2
201309,50,5,45,2
201310,50,5,45,2
201311,53,5,48,2
201312,60,3,57,2
201313,58,7,51,2
201314,59,7,52,2
201315,53,6,47,2
201316,55,9,46,2
201317,56,8,48,2
201318,59,4,55,2
201319,53,6,47,2
201320,54,3,51,2
201321,59,5,54,2
201322,56,9,47,2
201323,57,3,54,2
201324,48,2,46,2
201325,47,8,39,2
201326,51,3,48,2
201327,49,4,45,2
201328,50,9,41,2
201329,43,8,35,2
201330,59,8,51,2
201331,52,6,46,2
201332,47,9,38,2
201333,43,8,35,2
201334,52,6,46,2
201335,51,5,46,2
201336,42,3,39,2
201337,52,7,45,2
201338,59,6,53,2
201339,58,4,54,2
201340,55,9,46,2
201341,47,7,40,2
201342,43,5,38,2
201343,50,8,42,2
201344,58,9,49,2
201345,53,6,47,2
201346,64,7,57,2
201347,53,5,48,2
201348,57,6,51,2
201349,54,4,50,2
201350,46,8,38,2
201351,53,7,46,2
201352,62,12,50,2
201353,70,10,60,2
201354,43,6,37,2
201355,64,3,61,2
201356,53,10,43,2
201357,52,7,45,2
201358,45,6,39,2
201359,51,6,45,2
201360,49,6,43,2
201361,57,5,52,2
201362,55,4,51,2
201363,62,6,56,2
201364,47,3,44,2
201365,61,8,53,2
201366,50,11,39,2
201367,53,7,46,2
201368,61,10,51,2
201369,58,2,56,2
201370,54,6,48,2
201371,60,4,56,2
201372,59,10,49,2
201373,54,5,49,2
201374,62,5,57,2
201375,58,10,48,2
201376,48,5,43,2
201377,60,3,57,2
201378,61,2,59,2
201379,59,8,51,2
201380,55,3,52,2
201381,54,7,47,2
201382,53,6,47,2
201383,42,7,35,2
201384,51,7,44,2
201385,42,5,37,2
201386,53,4,49,2
201387,58,11,47,2
201388,54,10,44,2
201389,54,11,43,2
201390,41,7,34,2
201391,56,6,50,2
201392,48,7,41,2
201393,55,6,49,2
201394,45,4,41,2
201395,68,7,61,2
201396,48,1,47,2
201397,51,3,48,2
201398,54,4,50,2
201399,59,4,55,2
201400,41,1,40,2
201401,55,9,46,2
201402,62,4,58,2
201403,50,10,40,2
201404,56,7,49,2
201405,57,9,48,2
201406,55,4,51,2
201407,68,5,63,2
201408,56,6,50,2
201409,49,10,39,2
201410,48,8,40,2
201411,61,8,53,2
201412,58,7,51,2
201413,43,4,39,2
201414,53,8,45,2
201415,46,8,38,2
201416,32,3,29,2
201417,46,2,44,2
201418,47,3,44,2
201419,46,6,40,2
201420,48,7,41,2
201421,54,6,48,2
201422,46,3,43,2
201423,60,8,52,2
201424,64,7,57,2
201425,58,5,53,2
201426,56,6,50,2
201427,50,5,45,2
201428,57,9,48,2
201429,60,5,55,2
201430,37,4,33,2
201431,51,3,48,2
201432,58,8,50,2
201433,64,13,51,2
201434,47,8,39,2
201435,45,1,44,2
201436,64,9,55,2
201437,55,0,55,1
201438,58,5,53,2
201439,44,4,40,2
201440,61,8,53,2
201441,67,12,55,2
201442,62,3,59,2
201443,50,0,50,1
201444,59,6,53,2
201445,54,8,46,2
201446,41,7,34,2
201447,43,8,35,2
201448,56,3,53,2
201449,51,8,43,2
201450,52,4,48,2
201451,56,4,52,2
201452,61,4,57,2
201453,51,4,47,2
201454,43,7,36,2
201455,64,6,58,2
201456,60,6,54,2
201457,60,6,54,2
201458,68,11,57,2
201459,51,5,46,2
201460,49,7,42,2
201461,48,6,42,2
201462,68,10,58,2
201463,61,6,55,2
201464,56,8,48,2
201465,50,9,41,2
201466,57,11,46,2
201467,44,5,39,2
201468,47,8,39,2
201469,53,4,49,2
201470,51,11,40,2
201471,53,5,48,2
201472,63,3,60,2
201473,48,9,39,2
201474,64,9,55,2
201475,66,8,58,2
201476,47,4,43,2
201477,64,11,53,2
201478,59,10,49,2
201479,54,9,45,2
201480,66,8,58,2
201481,55,9,46,2
201482,60,7,53,2
201483,73,11,62,2
201484,53,9,44,2
201485,63,10,53,2
201486,59,8,51,2
201487,61,7,54,2
201488,65,5,60,2
201489,61,10,51,2
201490,51,7,44,2
201491,65,4,61,2
201492,59,4,55,2
201493,57,7,50,2
201494,43,6,37,2
201495,58,3,55,2
201496,53,7,46,2
201497,53,5,48,2
201498,62,7,55,2
201499,51,7,44,2
201500,47,7,40,2
201501,45,6,39,2
201502,61,5,56,2
201503,51,3,48,2
201504,65,4,61,2
201505,55,7,48,2
201506,61,8,53,2
201507,61,9,52,2
201508,75,8,67,2
201509,62,10,52,2
201510,56,6,50,2
201511,34,3,31,2
201512,57,11,46,2
201513,73,7,66,2
201514,56,8,48,2
201515,50,5,45,2
201517,51,6,45,2
201518,43,3,40,2
201519,62,7,55,2
201520,49,5,44,2
201521,41,5,36,2
201523,61,7,54,2
201524,61,7,54,2
201525,53,6,47,2
201526,58,9,49,2
201527,51,10,41,2
201528,59,9,50,2
201529,50,5,45,2
201530,54,6,48,2
201531,57,12,45,2
201532,43,6,37,2
201533,51,7,44,2
201534,73,9,64,2
201535,5,3,2,2
201536,53,3,50,2
201537,53,6,47,2
201538,66,9,57,2
201539,59,5,54,2
201540,47,3,44,2
201541,52,9,43,2
201542,49,5,44,2
201543,57,11,46,2
201544,45,4,41,2
201545,46,4,42,2
201546,51,2,49,2
201547,55,5,50,2
201548,61,9,52,2
201549,38,3,35,2
201550,49,7,42,2
201551,49,5,44,2
201552,45,5,40,2
201553,63,4,59,2
201554,46,2,44,2
201555,59,6,53,2
201556,49,6,43,2
201557,55,2,53,2
201558,60,8,52,2
201559,49,3,46,2
201560,51,7,44,2
201561,53,7,46,2
201562,76,8,68,2
201563,49,5,44,2
201564,70,11,59,2
201565,49,4,45,2
201566,54,8,46,2
201567,52,6,46,2
201568,60,9,51,2
201569,55,8,47,2
201570,37,6,31,2
201571,57,5,52,2
201572,68,7,61,2
201573,48,6,42,2
201574,46,6,40,2
201575,47,5,42,2
201576,52,9,43,2
201577,51,6,45,2
201578,46,6,40,2
201579,41,5,36,2
201580,67,12,55,2
201581,53,7,46,2
201582,54,3,51,2
201583,52,3,49,2
201584,44,6,38,2
201585,57,5,52,2
201586,52,5,47,2
201587,51,7,44,2
201588,59,6,53,2
201589,44,8,36,2
201590,40,5,35,2
201591,56,8,48,2
201592,52,4,48,2
201593,54,5,49,2
201594,49,7,42,2
201595,57,7,50,2
201596,54,6,48,2
201597,74,8,66,2
201598,51,3,48,2
201599,56,5,51,2
201600,63,6,57,2
201601,56,6,50,2
201602,60,11,49,2
201603,51,2,49,2
201604,65,6,59,2
201605,54,5,49,2
201606,48,6,42,2
201607,52,6,46,2
201608,56,3,53,2
201609,67,10,57,2
201610,47,5,42,2
201611,47,8,39,2
201612,50,4,46,2
201613,55,6,49,2
201614,56,5,51,2
201615,56,3,53,2
201616,60,7,53,2
201617,54,7,47,2
201618,57,9,48,2
201619,57,8,49,2
201620,49,8,41,2
201621,57,6,51,2
201622,56,8,48,2
201623,63,4,59,2
201624,66,8,58,2
201625,50,6,44,2
201626,43,2,41,2
201627,44,6,38,2
201628,58,4,54,2
201629,54,6,48,2
201630,55,6,49,2
201631,44,7,37,2
201632,44,4,40,2
201633,52,8,44,2
201634,52,7,45,2
201635,57,8,49,2
201636,51,9,42,2
201637,48,7,41,2
201638,57,11,46,2
201639,47,9,38,2
201640,55,8,47,2
201641,66,7,59,2
201642,51,6,45,2
201643,62,5,57,2
201644,58,8,50,2
201645,56,4,52,2
201646,35,4,31,2
201647,45,7,38,2
201648,63,8,55,2
201649,42,8,34,2
201650,56,3,53,2
201651,64,14,50,2
201652,54,5,49,2
201653,43,3,40,2
201654,59,6,53,2
201655,39,4,35,2
201656,58,9,49,2
201657,50,10,40,2
201658,61,10,51,2
201659,54,7,47,2
201660,54,2,52,2
201661,55,9,46,2
201662,59,6,53,2
201663,52,4,48,2
201664,51,10,41,2
201665,56,8,48,2
201666,54,9,45,2
201667,67,5,62,2
201668,63,8,55,2
201669,43,8,35,2
201670,59,2,57,2
201671,55,4,51,2
201672,54,8,46,2
201673,58,9,49,2
201674,46,10,36,2
201675,48,7,41,2
201676,65,9,56,2
201677,76,7,69,2
201678,46,9,37,2
201679,56,11,45,2
201680,53,6,47,2
201681,56,9,47,2
201682,50,6,44,2
201683,51,6,45,2
201684,55,3,52,2
201685,62,9,53,2
201686,49,9,40,2
201687,50,6,44,2
201688,51,2,49,2
201689,49,11,38,2
201690,56,3,53,2
201691,62,4,58,2
201692,45,5,40,2
201693,49,5,44,2
201694,54,7,47,2
201695,51,10,41,2
201696,64,12,52,2
201697,56,9,47,2
201698,44,6,38,2
201699,63,10,53,2
201700,69,13,56,2
201701,65,3,62,2
201702,56,6,50,2
201703,61,8,53,2
201704,70,11,59,2
201705,51,6,45,2
201706,55,8,47,2
201707,55,7,48,2
201708,49,6,43,2
201709,47,2,45,2
201710,36,2,34,2
201711,67,12,55,2
201712,57,10,47,2
201713,55,8,47,2
201714,59,8,51,2
201715,54,2,52,2
201716,50,3,47,2
201717,57,8,49,2
201718,61,5,56,2
201719,65,8,57,2
201720,64,5,59,2
201721,54,7,47,2
201722,49,9,40,2
201723,52,5,47,2
201724,46,4,42,2
201725,43,3,40,2
201726,55,6,49,2
201727,52,7,45,2
201728,58,8,50,2
201729,49,12,37,2
201730,56,3,53,2
201731,47,6,41,2
201732,50,8,42,2
201733,78,5,73,2
201734,64,4,60,2
201735,56,9,47,2
201736,69,7,62,2
201737,56,6,50,2
201738,46,4,42,2
201739,39,6,33,2
201740,59,8,51,2
201741,40,4,36,2
201742,58,6,52,2
201743,60,6,54,2
201744,54,6,48,2
201745,59,4,55,2
201746,51,5,46,2
201747,31,5,26,2
201748,57,8,49,2
201749,62,8,54,2
201750,62,3,59,2
201751,55,6,49,2
201752,61,8,53,2
201753,46,4,42,2
201754,48,4,44,2
201755,55,8,47,2
201756,73,3,70,2
201757,61,8,53,2
201758,67,6,61,2
201759,59,5,54,2
201760,45,4,41,2
201761,35,5,30,2
201762,45,8,37,2
201763,50,10,40,2
201764,45,5,40,2
201765,56,4,52,2
201766,61,8,53,2
201767,56,5,51,2
201768,44,3,41,2
201769,53,2,51,2
201770,56,3,53,2
201771,52,11,41,2
201772,67,6,61,2
201773,58,2,56,2
201774,55,9,46,2
201775,50,2,48,2
201776,50,7,43,2
201777,49,4,45,2
201778,48,3,45,2
201779,59,6,53,2
201780,55,7,48,2
201781,41,7,34,2
201782,60,6,54,2
201783,51,8,43,2
201784,57,3,54,2
201785,59,7,52,2
201786,51,9,42,2
201787,51,7,44,2
201788,68,7,61,2
201789,59,11,48,2
201790,56,2,54,2
201791,59,4,55,2
201792,41,6,35,2
201793,50,8,42,2
201794,42,4,38,2
201795,58,5,53,2
201796,63,6,57,2
201797,55,3,52,2
201798,49,6,43,2
201799,58,8,50,2
201800,57,7,50,2
201801,51,7,44,2
201802,62,7,55,2
201803,52,6,46,2
201804,56,6,50,2
201805,57,7,50,2
201806,57,3,54,2
201807,56,7,49,2
201808,54,7,47,2
201809,55,4,51,2
201810,65,5,60,2
201811,47,5,42,2
201812,66,2,64,2
201813,46,6,40,2
201814,49,7,42,2
201815,51,6,45,2
201816,42,3,39,2
201817,49,4,45,2
201818,54,5,49,2
201819,55,1,54,2
201820,53,8,45,2
201821,57,6,51,2
201822,48,4,44,2
201823,45,7,38,2
201824,50,6,44,2
201825,55,3,52,2
201826,44,8,36,2
201827,48,5,43,2
201828,47,5,42,2
201829,51,9,42,2
201830,70,6,64,2
201831,55,7,48,2
201832,61,4,57,2
201833,56,9,47,2
201834,56,10,46,2
201835,66,6,60,2
201836,56,9,47,2
201837,58,5,53,2
201838,57,10,47,2
201839,65,8,57,2
201840,65,8,57,2
201841,56,6,50,2
201842,42,6,36,2
201843,61,10,51,2
201844,61,6,55,2
201845,51,7,44,2
201846,50,6,44,2
201847,51,6,45,2
201848,47,6,41,2
201849,59,12,47,2
201850,45,5,40,2
201851,57,1,56,2
201852,66,5,61,2
201853,50,10,40,2
201854,53,3,50,2
201855,56,5,51,2
201856,55,6,49,2
201857,41,6,35,2
201858,49,6,43,2
201859,71,8,63,2
201860,60,7,53,2
201861,55,5,50,2
201862,49,9,40,2
201863,66,11,55,2
201864,57,7,50,2
201865,61,10,51,2
201866,52,9,43,2
201867,58,3,55,2
201868,56,11,45,2
201869,61,5,56,2
201870,60,7,53,2
201871,49,6,43,2
201872,44,6,38,2
201873,78,4,74,2
201874,53,7,46,2
201875,48,3,45,2
201876,52,9,43,2
201877,57,5,52,2
201878,52,8,44,2
201879,57,8,49,2
201880,61,6,55,2
201881,64,13,51,2
201882,52,3,49,2
201883,59,7,52,2
201884,62,4,58,2
201885,55,2,53,2
201886,58,6,52,2
201887,56,6,50,2
201888,55,5,50,2
201889,60,8,52,2
201890,59,5,54,2
201891,67,5,62,2
201892,61,9,52,2
201893,63,4,59,2
201894,42,4,38,2
201895,53,7,46,2
201896,60,5,55,2
201897,53,1,52,2
201898,50,8,42,2
201899,67,3,64,2
201900,49,5,44,2
201901,56,6,50,2
201902,57,8,49,2
201903,51,8,43,2
201904,49,7,42,2
201905,50,7,43,2
201906,52,6,46,2
201907,57,10,47,2
201908,48,4,44,2
201909,53,8,45,2
201910,57,9,48,2
201911,59,4,55,2
201912,59,10,49,2
201913,59,4,55,2
201914,51,6,45,2
201915,57,7,50,2
201916,61,12,49,2
201917,51,6,45,2
201918,59,6,53,2
201919,61,7,54,2
201920,48,10,38,2
201921,43,4,39,2
201922,52,4,48,2
201923,47,4,43,2
201924,62,7,55,2
201925,54,10,44,2
201926,60,3,57,2
201927,62,8,54,2
201928,54,6,48,2
201929,61,5,56,2
201930,45,5,40,2
201931,52,4,48,2
201932,54,7,47,2
201933,61,9,52,2
201934,47,2,45,2
201935,44,6,38,2
201936,72,13,59,2
201937,54,4,50,2
201938,52,3,49,2
201939,38,10,28,2
201940,45,6,39,2
201941,47,9,38,2
201942,44,5,39,2
201943,60,9,51,2
201944,53,5,48,2
201945,46,5,41,2
201946,48,6,42,2
201947,42,5,37,2
201948,56,7,49,2
201949,50,6,44,2
201950,56,5,51,2
201951,55,6,49,2
201952,58,10,48,2
201953,54,6,48,2
201954,61,3,58,2
201955,48,3,45,2
201956,52,3,49,2
201957,68,10,58,2
201958,41,1,40,2
201959,60,8,52,2
201960,67,14,53,2
201961,52,4,48,2
201962,55,8,47,2
201963,61,6,55,2
201964,49,7,42,2
201965,57,9,48,2
201966,52,3,49,2
201967,64,4,60,2
201968,47,2,45,2
201969,45,5,40,2
201970,44,5,39,2
201971,46,6,40,2
201972,50,2,48,2
201973,50,5,45,2
201974,55,4,51,2
201975,74,12,62,2
201976,53,6,47,2
201977,59,8,51,2
201978,52,8,44,2
201979,53,8,45,2
201980,61,4,57,2
201981,52,9,43,2
201982,41,4,37,2
201983,67,5,62,2
201984,57,5,52,2
201985,45,7,38,2
201986,53,6,47,2
201987,49,4,45,2
201988,42,6,36,2
201989,44,4,40,2
201990,58,11,47,2
201991,55,9,46,2
201992,50,6,44,2
201993,53,7,46,2
201994,44,3,41,2
201995,62,5,57,2
201996,46,4,42,2
201997,53,4,49,2
201998,58,3,55,2
201999,64,9,55,2
202000,49,5,44,2
202001,75,5,70,2
202002,55,6,49,2
202003,47,1,46,2
202004,52,7,45,2
202005,58,6,52,2
202006,46,6,40,2
202007,69,9,60,2
202008,53,10,43,2
202009,61,7,54,2
202010,53,8,45,2
202011,55,10,45,2
202012,48,5,43,2
202013,43,7,36,2
202014,64,13,51,2
202015,52,3,49,2
202016,64,8,56,2
202017,50,11,39,2
202018,41,8,33,2
202019,47,4,43,2
202020,49,11,38,2
202021,52,6,46,2
202022,62,7,55,2
202023,39,4,35,2
202024,49,5,44,2
202025,53,5,48,2
202026,59,12,47,2
202027,52,6,46,2
202028,58,6,52,2
202029,54,6,48,2
202030,51,9,42,2
202031,40,4,36,2
202032,57,7,50,2
202033,54,6,48,2
202035,50,8,42,2
202036,59,7,52,2
202037,36,4,32,2
202038,59,5,54,2
202039,49,6,43,2
202040,57,5,52,2
202041,56,6,50,2
202042,49,2,47,2
202043,59,11,48,2
202044,69,13,56,2
202045,48,9,39,2
202046,47,4,43,2
202047,57,6,51,2
202048,50,7,43,2
202049,48,2,46,2
202050,45,8,37,2
202051,60,7,53,2
202052,55,5,50,2
202053,58,5,53,2
202054,43,5,38,2
202055,66,8,58,2
202056,60,6,54,2
202057,47,6,41,2
202058,51,8,43,2
202059,57,6,51,2
202060,50,2,48,2
202061,62,7,55,2
202062,62,3,59,2
202063,59,10,49,2
202064,57,11,46,2
202065,45,8,37,2
202066,57,12,45,2
202067,43,7,36,2
202068,55,6,49,2
202069,42,7,35,2
202070,49,13,36,2
202071,48,6,42,2
202072,60,4,56,2
202073,48,5,43,2
202074,59,5,54,2
202075,54,9,45,2
202076,39,2,37,2
202077,46,8,38,2
202078,47,5,42,2
202079,50,5,45,2
202080,64,15,49,2
202081,51,9,42,2
202082,65,8,57,2
202083,49,5,44,2
202084,57,5,52,2
202085,56,3,53,2
202086,58,5,53,2
202087,52,9,43,2
202088,59,5,54,2
202089,58,7,51,2
202090,60,7,53,2
202091,59,5,54,2
202092,58,8,50,2
202093,45,4,41,2
202094,63,3,60,2
202095,55,12,43,2
202096,55,10,45,2
202097,49,5,44,2
202098,42,8,34,2
202099,55,5,50,2
202100,52,11,41,2
202101,55,5,50,2
202102,47,7,40,2
202103,45,5,40,2
202104,50,4,46,2
202105,57,7,50,2
202106,53,8,45,2
202107,57,12,45,2
202108,47,6,41,2
202109,62,10,52,2
202110,59,8,51,2
202111,50,5,45,2
202112,63,3,60,2
202113,57,9,48,2
202114,57,7,50,2
202115,61,9,52,2
202116,55,0,55,1
202117,41,4,37,2
202118,50,8,42,2
202119,63,3,60,2
202120,57,8,49,2
202121,59,10,49,2
202122,57,7,50,2
202123,67,12,55,2
202124,60,5,55,2
202125,51,5,46,2
202126,59,7,52,2
202127,58,6,52,2
202128,45,5,40,2
202129,54,10,44,2
202130,50,7,43,2
202131,49,5,44,2
202132,49,11,38,2
202133,64,11,53,2
202134,58,7,51,2
202135,72,12,60,2
202136,55,6,49,2
202137,48,3,45,2
202138,64,8,56,2
202139,51,5,46,2
202140,51,5,46,2
202141,59,7,52,2
202142,57,7,50,2
202143,63,6,57,2
202144,59,9,50,2
202145,64,4,60,2
202146,65,10,55,2
202147,61,5,56,2
202148,55,9,46,2
202149,47,7,40,2
202150,61,2,59,2
202151,51,6,45,2
202152,66,6,60,2
202153,56,6,50,2
202154,59,12,47,2
202155,44,6,38,2
202156,47,8,39,2
202157,52,10,42,2
202158,59,7,52,2
202159,64,14,50,2
202160,64,6,58,2
202161,58,9,49,2
202162,59,11,48,2
202163,43,4,39,2
202164,58,5,53,2
202165,62,7,55,2
202166,58,7,51,2
202167,60,13,47,2
202168,52,7,45,2
202169,48,2,46,2
202170,38,2,36,2
202171,65,6,59,2
202172,56,5,51,2
202173,52,7,45,2
202174,62,11,51,2
202175,52,7,45,2
202176,57,7,50,2
202177,55,12,43,2
202178,75,13,62,2
202179,48,5,43,2
202180,55,3,52,2
202181,49,3,46,2
202182,56,11,45,2
202183,62,8,54,2
202184,46,3,43,2
202185,67,10,57,2
202186,61,4,57,2
202187,55,7,48,2
202188,58,7,51,2
202189,63,8,55,2
202190,68,4,64,2
202191,58,8,50,2
202192,57,9,48,2
202193,57,5,52,2
202194,51,5,46,2
202195,58,8,50,2
202196,56,8,48,2
202197,49,7,42,2
202198,47,5,42,2
202199,55,7,48,2
202200,60,6,54,2
202201,63,7,56,2
202202,71,7,64,2
202203,65,8,57,2
202204,61,4,57,2
202205,51,4,47,2
202206,53,6,47,2
202207,50,6,44,2
202208,64,8,56,2
202209,37,4,33,2
202210,55,4,51,2
202211,57,8,49,2
202212,50,4,46,2
202213,61,5,56,2
202214,49,6,43,2
202215,55,8,47,2
202216,61,8,53,2
202217,51,12,39,2
202218,56,0,56,1
202219,75,8,67,2
202220,55,8,47,2
202221,56,10,46,2
202222,48,6,42,2
202223,53,4,49,2
202224,47,2,45,2
202225,70,9,61,2
202226,61,6,55,2
202227,41,9,32,2
202228,54,11,43,2
202229,53,10,43,2
202230,60,6,54,2
202231,50,7,43,2
202232,51,5,46,2
202233,49,9,40,2
202234,64,2,62,2
202235,50,1,49,2
202236,53,6,47,2
202237,60,5,55,2
202238,62,6,56,2
202239,68,12,56,2
202240,62,9,53,2
202241,56,4,52,2
202242,58,7,51,2
202243,57,6,51,2
202244,67,8,59,2
202245,51,3,48,2
202246,48,6,42,2
202247,48,8,40,2
202248,60,5,55,2
202249,52,5,47,2
202250,63,5,58,2
202251,56,4,52,2
202252,39,3,36,2
202253,55,3,52,2
202254,60,7,53,2
202255,48,6,42,2
202256,59,10,49,2
202257,53,5,48,2
202258,39,4,35,2
202259,69,7,62,2
202260,46,3,43,2
202261,57,10,47,2
202262,55,5,50,2
202263,62,6,56,2
202264,43,7,36,2
202265,61,14,47,2
202266,51,5,46,2
202267,58,9,49,2
202268,55,5,50,2
202269,63,12,51,2
202270,48,3,45,2
202271,52,3,49,2
202272,57,4,53,2
202273,47,6,41,2
202274,52,5,47,2
202275,40,4,36,2
202276,54,7,47,2
202277,67,8,59,2
202278,60,7,53,2
202279,46,7,39,2
202280,59,7,52,2
202281,43,3,40,2
202282,54,6,48,2
202283,48,5,43,2
202284,64,5,59,2
202285,55,7,48,2
202286,57,7,50,2
202287,53,4,49,2
202288,41,5,36,2
202289,60,5,55,2
202290,59,7,52,2
202291,63,6,57,2
202292,50,6,44,2
202293,57,4,53,2
202294,47,6,41,2
202295,64,12,52,2
202296,49,9,40,2
202297,45,4,41,2
202298,58,4,54,2
202299,45,8,37,2
202300,60,7,53,2
202301,53,5,48,2
202302,53,8,45,2
202303,59,7,52,2
202304,42,4,38,2
202305,50,4,46,2
202306,45,5,40,2
202307,50,5,45,2
202308,63,7,56,2
202309,59,8,51,2
202310,61,4,57,2
202311,60,11,49,2
202312,57,4,53,2
202313,55,9,46,2
202314,64,8,56,2
202315,56,7,49,2
202316,49,9,40,2
202317,63,10,53,2
202318,51,2,49,2
202319,50,8,42,2
202320,58,9,49,2
202321,57,8,49,2
202322,51,4,47,2
202323,55,7,48,2
202324,62,7,55,2
202325,67,10,57,2
202326,49,8,41,2
202327,55,8,47,2
202328,49,3,46,2
202329,67,6,61,2
202330,68,11,57,2
202331,46,7,39,2
202332,53,7,46,2
202333,60,3,57,2
202334,41,1,40,2
202335,54,6,48,2
202336,63,8,55,2
202337,54,11,43,2
202338,56,7,49,2
202339,48,5,43,2
202340,54,5,49,2
202341,45,4,41,2
202342,58,7,51,2
202343,52,7,45,2
202344,42,4,38,2
202345,54,7,47,2
202346,51,5,46,2
202347,52,4,48,2
202348,61,9,52,2
202349,46,3,43,2
202350,53,10,43,2
202351,61,7,54,2
202352,50,8,42,2
202353,45,9,36,2
202354,62,8,54,2
202355,56,10,46,2
202356,63,6,57,2
202357,60,7,53,2
202358,50,7,43,2
202359,64,8,56,2
202360,45,2,43,2
202361,40,8,32,2
202362,45,2,43,2
202363,38,4,34,2
202364,59,8,51,2
202365,64,5,59,2
202366,56,7,49,2
202367,54,7,47,2
202368,54,6,48,2
202369,51,5,46,2
202370,54,5,49,2
202371,59,9,50,2
202372,53,6,47,2
202373,60,5,55,2
202374,64,7,57,2
202375,62,6,56,2
202376,54,5,49,2
202377,64,9,55,2
202378,56,6,50,2
202379,42,5,37,2
202380,50,7,43,2
202381,56,9,47,2
202382,55,7,48,2
202383,58,8,50,2
202384,60,5,55,2
202385,55,6,49,2
202386,59,6,53,2
202387,48,5,43,2
202388,55,6,49,2
202389,52,9,43,2
202390,57,8,49,2
202391,51,4,47,2
202392,56,8,48,2
202393,51,3,48,2
202394,58,12,46,2
202395,50,2,48,2
202396,60,8,52,2
202397,62,4,58,2
202398,73,9,64,2
202399,50,7,43,2
202400,58,9,49,2
202401,44,2,42,2
202402,54,8,46,2
202403,62,9,53,2
202404,70,7,63,2
202405,51,9,42,2
202406,48,2,46,2
202407,68,12,56,2
202408,50,11,39,2
202409,42,2,40,2
202410,62,7,55,2
202411,62,3,59,2
202412,59,8,51,2
202413,54,7,47,2
202414,57,6,51,2
202415,57,8,49,2
202416,49,5,44,2
202417,61,8,53,2
202418,46,4,42,2
202419,71,8,63,2
202420,58,2,56,2
202421,47,6,41,2
202422,43,5,38,2
202423,38,9,29,2
202424,57,8,49,2
202425,36,4,32,2
202426,54,4,50,2
202427,57,7,50,2
202428,37,5,32,2
202429,40,4,36,2
202430,70,10,60,2
202431,52,8,44,2
202432,62,4,58,2
202433,64,7,57,2
202434,50,6,44,2
202435,69,10,59,2
202436,57,8,49,2
202437,72,9,63,2
202438,58,1,57,2
202439,53,7,46,2
202440,46,6,40,2
202441,64,8,56,2
202442,56,12,44,2
202443,53,10,43,2
202444,60,5,55,2
202445,52,8,44,2
202446,52,8,44,2
202447,66,10,56,2
202448,66,13,53,2
202449,60,6,54,2
202450,62,9,53,2
202451,54,6,48,2
202452,42,7,35,2
202453,59,8,51,2
202454,62,14,48,2
202455,63,4,59,2
202456,36,1,35,2
202457,64,5,59,2
202458,58,5,53,2
202459,56,6,50,2
202460,52,3,49,2
202461,41,6,35,2
202462,55,4,51,2
202463,61,5,56,2
202464,50,4,46,2
202465,63,6,57,2
202466,55,6,49,2
202467,47,6,41,2
202468,61,9,52,2
202469,50,4,46,2
202470,56,5,51,2
202471,47,5,42,2
202472,54,10,44,2
202473,53,10,43,2
202474,45,3,42,2
202475,56,7,49,2
202476,53,4,49,2
202477,58,5,53,2
202478,59,6,53,2
202479,47,8,39,2
202480,46,5,41,2
202481,51,3,48,2
202482,57,4,53,2
202483,58,10,48,2
202484,63,4,59,2
202485,42,8,34,2
202486,51,6,45,2
202487,55,1,54,2
202488,53,8,45,2
202489,58,7,51,2
202490,50,9,41,2
202491,59,9,50,2
202492,57,8,49,2
202493,55,4,51,2
202494,57,9,48,2
202495,51,6,45,2
202496,70,9,61,2
202497,50,8,42,2
202498,39,12,27,2
202499,66,3,63,2
202500,47,6,41,2
202501,55,3,52,2
202502,57,5,52,2
202503,55,2,53,2
202504,48,6,42,2
202505,61,6,55,2
202506,55,5,50,2
202507,58,6,52,2
202508,61,6,55,2
202509,55,6,49,2
202510,42,3,39,2
202511,42,2,40,2
202512,46,4,42,2
202513,61,9,52,2
202514,65,10,55,2
202515,65,7,58,2
202516,63,4,59,2
202517,57,5,52,2
202518,56,5,51,2
202519,59,6,53,2
202520,61,8,53,2
202521,51,9,42,2
202522,48,8,40,2
202523,57,8,49,2
202524,79,3,76,2
202525,52,5,47,2
202526,66,3,63,2
202527,65,10,55,2
202528,54,6,48,2
202529,52,8,44,2
202530,66,9,57,2
202531,65,6,59,2
202532,60,7,53,2
202533,47,9,38,2
202534,45,8,37,2
202535,55,6,49,2
202536,50,4,46,2
202537,52,9,43,2
202538,49,4,45,2
202539,59,11,48,2
202540,72,12,60,2
202541,56,9,47,2
202542,62,9,53,2
202543,50,7,43,2
202544,63,3,60,2
202545,55,5,50,2
202546,43,4,39,2
202547,65,10,55,2
202548,56,4,52,2
202549,52,8,44,2
202550,55,5,50,2
202551,42,7,35,2
202552,50,5,45,2
202553,58,13,45,2
202554,53,5,48,2
202555,62,9,53,2
202556,69,11,58,2
202557,50,4,46,2
202558,53,5,48,2
202559,49,6,43,2
202560,62,4,58,2
202561,46,8,38,2
202562,48,4,44,2
202563,68,7,61,2
202564,67,4,63,2
202565,60,4,56,2
202566,62,8,54,2
202567,64,3,61,2
202568,51,8,43,2
202569,62,9,53,2
202570,52,6,46,2
202571,52,11,41,2
202572,55,10,45,2
202573,62,5,57,2
202574,56,14,42,2
202575,55,4,51,2
202576,53,4,49,2
202577,54,12,42,2
202578,58,7,51,2
202579,45,7,38,2
202580,46,5,41,2
202581,60,4,56,2
202582,51,5,46,2
202583,46,5,41,2
202584,44,6,38,2
202585,45,6,39,2
202586,55,6,49,2
202587,59,8,51,2
202588,40,4,36,2
202589,52,1,51,2
202590,51,7,44,2
202591,53,7,46,2
202592,65,7,58,2
202593,44,5,39,2
202594,63,4,59,2
202595,51,5,46,2
202596,54,6,48,2
202597,56,5,51,2
202598,54,9,45,2
202599,49,5,44,2
202600,58,8,50,2
202601,59,11,48,2
202602,45,5,40,2
202603,71,10,61,2
202604,56,8,48,2
202605,61,6,55,2
202606,52,5,47,2
202607,51,7,44,2
202608,57,7,50,2
202609,58,9,49,2
202610,51,4,47,2
202611,59,4,55,2
202612,68,4,64,2
202613,63,13,50,2
202614,52,7,45,2
202615,57,9,48,2
202616,57,12,45,2
202617,58,8,50,2
202618,46,10,36,2
202619,46,4,42,2
202620,48,13,35,2
202621,53,8,45,2
202622,53,5,48,2
202623,56,5,51,2
202624,57,13,44,2
202625,54,3,51,2
202626,56,8,48,2
202627,55,6,49,2
202628,58,11,47,2
202629,61,5,56,2
202630,51,6,45,2
202631,44,6,38,2
202632,44,2,42,2
202633,54,3,51,2
202634,51,9,42,2
202635,55,5,50,2
202636,56,6,50,2
202637,51,4,47,2
202638,50,3,47,2
202639,49,8,41,2
202640,55,4,51,2
202641,45,4,41,2
202642,57,6,51,2
202643,46,6,40,2
202644,63,6,57,2
202645,52,8,44,2
202646,56,5,51,2
202647,52,8,44,2
202648,49,8,41,2
202649,51,6,45,2
202650,42,6,36,2
202651,59,2,57,2
202652,63,6,57,2
202653,47,9,38,2
202654,52,5,47,2
202655,57,6,51,2
202656,53,7,46,2
202657,50,6,44,2
202658,47,6,41,2
202659,71,6,65,2
202660,62,4,58,2
202661,45,6,39,2
202662,66,5,61,2
202663,58,4,54,2
202664,53,6,47,2
202665,54,8,46,2
202666,51,7,44,2
202667,42,4,38,2
202668,55,6,49,2
202669,53,7,46,2
202670,59,6,53,2
202671,52,6,46,2
202672,64,8,56,2
202673,58,10,48,2
202674,46,9,37,2
202675,36,8,28,2
202676,51,8,43,2
202677,57,8,49,2
202678,49,6,43,2
202679,63,9,54,2
202680,59,2,57,2
202681,49,9,40,2
202682,65,6,59,2
202683,50,6,44,2
202684,56,8,48,2
202685,65,8,57,2
202686,48,5,43,2
202687,59,7,52,2
202688,59,4,55,2
202689,43,4,39,2
202690,57,10,47,2
202691,57,6,51,2
202692,43,11,32,2
202693,54,5,49,2
202694,54,6,48,2
202695,79,11,68,2
202696,53,10,43,2
202697,55,8,47,2
202698,45,5,40,2
202699,54,6,48,2
202700,62,7,55,2
202701,49,6,43,2
202702,55,8,47,2
202703,50,5,45,2
202704,50,3,47,2
202705,51,5,46,2
202706,55,5,50,2
202707,70,8,62,2
202708,47,3,44,2
202709,46,5,41,2
202710,48,7,41,2
202711,59,5,54,2
202712,48,4,44,2
202713,55,7,48,2
202714,47,6,41,2
202715,58,9,49,2
202716,54,3,51,2
202717,59,2,57,2
202718,57,5,52,2
202719,57,6,51,2
202720,47,12,35,2
202721,49,8,41,2
202722,48,9,39,2
202723,50,5,45,2
202724,61,6,55,2
202725,50,4,46,2
202726,54,5,49,2
202727,54,9,45,2
202728,43,5,38,2
202729,51,10,41,2
202730,45,1,44,2
202731,55,4,51,2
202732,61,6,55,2
202733,49,8,41,2
202734,65,10,55,2
202735,59,5,54,2
202736,56,5,51,2
202737,46,6,40,2
202738,51,6,45,2
202739,55,7,48,2
202740,47,3,44,2
202741,49,3,46,2
202742,64,10,54,2
202743,53,5,48,2
202744,70,2,68,2
202745,60,10,50,2
202746,55,4,51,2
202747,58,6,52,2
202748,61,9,52,2
202749,43,7,36,2
202750,47,4,43,2
202751,56,8,48,2
202752,53,9,44,2
202753,48,4,44,2
202754,62,6,56,2
202755,65,13,52,2
202756,54,7,47,2
202757,50,2,48,2
202758,54,10,44,2
202759,50,6,44,2
202760,50,7,43,2
202761,45,4,41,2
202762,56,5,51,2
202763,60,6,54,2
202764,56,6,50,2
202765,55,10,45,2
202766,56,6,50,2
202767,51,8,43,2
202768,54,9,45,2
202769,61,7,54,2
202770,51,7,44,2
202771,59,7,52,2
202772,54,9,45,2
202773,49,6,43,2
202774,48,5,43,2
202775,50,3,47,2
202776,48,3,45,2
202777,40,4,36,2
202778,51,5,46,2
202779,42,3,39,2
202780,60,8,52,2
202781,56,5,51,2
202782,59,9,50,2
202783,59,7,52,2
202784,59,4,55,2
202785,49,7,42,2
202786,56,7,49,2
202787,58,5,53,2
202788,57,6,51,2
202789,52,3,49,2
202791,41,3,38,2
202792,56,12,44,2
202793,57,6,51,2
202794,50,7,43,2
202795,41,12,29,2
202796,57,5,52,2
202797,42,3,39,2
202798,46,1,45,2
202799,61,9,52,2
202800,52,9,43,2
202801,56,8,48,2
202802,64,5,59,2
202803,49,8,41,2
202804,56,4,52,2
202805,54,10,44,2
202806,57,7,50,2
202807,63,8,55,2
202808,61,5,56,2
202809,51,9,42,2
202810,67,9,58,2
202811,58,9,49,2
202812,59,10,49,2
202813,58,4,54,2
202814,57,4,53,2
202815,52,4,48,2
202816,61,6,55,2
202817,71,13,58,2
202818,60,9,51,2
202819,66,6,60,2
202820,44,6,38,2
202821,49,9,40,2
202822,48,4,44,2
202823,46,9,37,2
202824,59,3,56,2
202825,58,7,51,2
202826,48,5,43,2
202827,47,3,44,2
202828,64,4,60,2
202829,57,6,51,2
202830,59,5,54,2
202831,55,6,49,2
202832,60,12,48,2
202833,53,7,46,2
202834,50,8,42,2
202835,58,9,49,2
202836,55,9,46,2
202837,55,10,45,2
202838,50,4,46,2
202839,46,1,45,2
202840,59,8,51,2
202841,62,11,51,2
202842,48,5,43,2
202843,73,7,66,2
202844,59,15,44,2
202845,51,5,46,2
202846,52,4,48,2
202847,58,7,51,2
202848,57,4,53,2
202849,61,8,53,2
202850,71,6,65,2
202851,65,9,56,2
202852,49,5,44,2
202853,54,6,48,2
202854,45,7,38,2
202855,52,9,43,2
202856,55,14,41,2
202857,54,8,46,2
202858,45,5,40,2
202859,60,5,55,2
202860,51,3,48,2
202861,57,9,48,2
202862,38,6,32,2
202863,64,10,54,2
202864,47,8,39,2
202865,36,6,30,2
202866,58,8,50,2
202867,46,3,43,2
202868,76,16,60,2
202869,55,6,49,2
202870,57,5,52,2
202871,51,5,46,2
202872,52,6,46,2
202873,53,8,45,2
202874,52,6,46,2
202875,53,6,47,2
202876,59,7,52,2
202877,57,5,52,2
202878,51,6,45,2
202879,52,8,44,2
202880,43,5,38,2
202881,50,3,47,2
202882,49,6,43,2
202883,65,10,55,2
202884,54,7,47,2
202885,68,8,60,2
202886,56,3,53,2
202887,54,11,43,2
202888,41,6,35,2
202889,57,7,50,2
202890,63,9,54,2
202891,45,8,37,2
202892,53,4,49,2
202893,50,6,44,2
202894,58,13,45,2
202895,54,9,45,2
202896,54,6,48,2
202897,63,7,56,2
202898,45,3,42,2
202899,60,8,52,2
202900,47,4,43,2
202901,57,10,47,2
202902,71,12,59,2
202903,54,3,51,2
202904,54,8,46,2
202905,44,5,39,2
202906,62,5,57,2
202907,55,7,48,2
202908,49,9,40,2
202909,47,6,41,2
202910,49,8,41,2
202911,65,8,57,2
202912,51,5,46,2
202913,42,2,40,2
202914,49,4,45,2
202915,62,10,52,2
202916,52,11,41,2
202917,51,7,44,2
202918,41,4,37,2
202919,48,5,43,2
202920,51,4,47,2
202921,44,7,37,2
202922,46,5,41,2
202923,57,8,49,2
202924,49,2,47,2
202925,41,7,34,2
202926,45,6,39,2
202927,60,9,51,2
202928,56,7,49,2
202929,49,3,46,2
202930,65,8,57,2
202931,59,4,55,2
202932,58,1,57,2
202933,59,12,47,2
202934,55,8,47,2
202935,56,9,47,2
202936,55,3,52,2
202937,47,2,45,2
202938,49,5,44,2
202939,50,8,42,2
202940,62,6,56,2
202941,64,8,56,2
202942,61,6,55,2
202943,50,3,47,2
202944,60,4,56,2
202945,54,2,52,2
202946,57,10,47,2
202947,50,5,45,2
202948,52,8,44,2
202949,49,4,45,2
202950,51,5,46,2
202951,43,5,38,2
202952,58,7,51,2
202953,55,12,43,2
202954,65,8,57,2
202955,55,2,53,2
202956,44,4,40,2
202957,58,7,51,2
202958,53,6,47,2
202959,61,4,57,2
202960,58,6,52,2
202961,62,8,54,2
202962,63,4,59,2
202963,49,6,43,2
202964,51,3,48,2
202965,43,8,35,2
202966,50,12,38,2
202967,58,10,48,2
202968,49,10,39,2
202969,57,8,49,2
202970,57,4,53,2
202971,52,4,48,2
202972,55,4,51,2
202973,63,4,59,2
202974,48,7,41,2
202975,55,5,50,2
202976,65,6,59,2
202977,53,5,48,2
202978,42,8,34,2
202979,46,10,36,2
202980,57,8,49,2
202981,58,8,50,2
202982,77,11,66,2
202983,74,9,65,2
202984,47,7,40,2
202985,45,8,37,2
202986,53,6,47,2
202987,55,11,44,2
202988,53,8,45,2
202989,55,4,51,2
202990,60,6,54,2
202991,59,8,51,2
202992,50,10,40,2
202993,59,8,51,2
202994,66,8,58,2
202995,50,7,43,2
202996,49,4,45,2
202997,47,3,44,2
202998,56,8,48,2
202999,56,8,48,2
203000,69,7,62,2
203001,70,8,62,2
203002,43,9,34,2
203003,56,5,51,2
203004,60,7,53,2
203005,56,12,44,2
203006,54,7,47,2
203007,56,9,47,2
203008,42,6,36,2
203009,54,7,47,2
203010,50,11,39,2
203011,46,4,42,2
203012,53,5,48,2
203013,55,8,47,2
203014,57,7,50,2
203015,50,10,40,2
203016,45,4,41,2
203017,52,8,44,2
203018,59,11,48,2
203019,55,9,46,2
203020,62,7,55,2
203021,54,7,47,2
203022,54,8,46,2
203023,50,3,47,2
203024,64,14,50,2
203025,53,4,49,2
203026,40,4,36,2
203027,48,3,45,2
203028,52,3,49,2
203029,48,4,44,2
203030,57,6,51,2
203031,44,6,38,2
203032,68,6,62,2
203033,48,6,42,2
203034,55,10,45,2
203035,62,10,52,2
203036,43,4,39,2
203037,59,10,49,2
203038,57,4,53,2
203039,47,6,41,2
203040,54,8,46,2
203041,61,8,53,2
203042,50,7,43,2
203043,52,7,45,2
203044,49,6,43,2
203045,48,5,43,2
203046,56,4,52,2
203047,62,11,51,2
203048,59,12,47,2
203049,58,7,51,2
203050,51,6,45,2
203051,46,5,41,2
203052,63,9,54,2
203053,48,5,43,2
203054,45,5,40,2
203055,59,8,51,2
203056,72,9,63,2
203057,63,4,59,2
203058,46,1,45,2
203059,60,9,51,2
203060,50,6,44,2
203061,57,10,47,2
203062,50,7,43,2
203063,46,3,43,2
203064,56,7,49,2
203065,63,11,52,2
203066,62,6,56,2
203067,59,11,48,2
203068,56,3,53,2
203069,53,5,48,2
203070,57,9,48,2
203071,47,7,40,2
203072,60,6,54,2
203073,66,8,58,2
203074,51,9,42,2
203075,50,10,40,2
203076,58,6,52,2
203077,53,7,46,2
203078,72,7,65,2
203079,49,6,43,2
203080,33,3,30,2
203081,45,6,39,2
203082,56,6,50,2
203083,48,3,45,2
203084,69,7,62,2
203085,51,6,45,2
203086,48,6,42,2
203087,54,8,46,2
203088,48,5,43,2
203089,53,9,44,2
203090,42,6,36,2
203091,51,11,40,2
203092,55,4,51,2
203093,54,6,48,2
203094,48,6,42,2
203095,57,7,50,2
203096,47,5,42,2
203097,43,7,36,2
203098,49,3,46,2
203099,64,9,55,2
203100,50,6,44,2
203101,54,5,49,2
203102,54,4,50,2
203103,51,6,45,2
203104,56,9,47,2
203105,56,11,45,2
203106,48,5,43,2
203107,57,5,52,2
203108,57,10,47,2
203109,56,11,45,2
203110,67,7,60,2
203111,52,11,41,2
203112,55,5,50,2
203113,56,5,51,2
203114,59,7,52,2
203115,61,6,55,2
203116,64,9,55,2
203117,57,6,51,2
203118,51,7,44,2
203119,55,5,50,2
203120,56,7,49,2
203121,36,7,29,2
203122,59,4,55,2
203123,58,10,48,2
203124,54,7,47,2
203125,60,8,52,2
203126,58,9,49,2
203127,49,8,41,2
203128,50,4,46,2
203129,53,4,49,2
203130,51,7,44,2
203131,57,9,48,2
203132,39,6,33,2
203133,52,4,48,2
203134,45,3,42,2
203135,52,9,43,2
203136,54,2,52,2
203137,39,5,34,2
203138,53,6,47,2
203139,55,8,47,2
203140,53,6,47,2
203141,59,4,55,2
203142,58,6,52,2
203143,52,6,46,2
203144,56,9,47,2
203145,47,3,44,2
203146,49,7,42,2
203147,56,7,49,2
203148,51,6,45,2
203149,57,5,52,2
203150,51,4,47,2
203151,62,9,53,2
203152,72,10,62,2
203153,49,5,44,2
203154,40,1,39,2
203155,52,4,48,2
203156,59,8,51,2
203157,56,8,48,2
203158,41,8,33,2
203159,50,6,44,2
203160,55,5,50,2
203161,56,4,52,2
203162,61,13,48,2
203163,48,7,41,2
203164,60,10,50,2
203165,50,5,45,2
203166,48,9,39,2
203167,52,9,43,2
203168,50,7,43,2
203169,56,9,47,2
203170,63,9,54,2
203171,59,11,48,2
203172,44,4,40,2
203173,48,8,40,2
203174,55,6,49,2
203175,58,6,52,2
203176,71,8,63,2
203177,60,8,52,2
203178,66,4,62,2
203179,61,7,54,2
203180,49,7,42,2
203181,49,9,40,2
203182,35,6,29,2
203183,56,9,47,2
203184,60,4,56,2
203185,66,5,61,2
203186,58,10,48,2
203187,59,6,53,2
203188,51,6,45,2
203189,51,2,49,2
203190,41,5,36,2
203191,48,5,43,2
203192,53,5,48,2
203193,52,5,47,2
203194,50,4,46,2
203195,60,6,54,2
203196,46,7,39,2
203197,56,5,51,2
203198,58,3,55,2
203199,44,6,38,2
203200,49,4,45,2
203201,56,6,50,2
203202,57,10,47,2
203203,51,5,46,2
203204,50,6,44,2
203205,49,6,43,2
203206,60,11,49,2
203207,60,7,53,2
203208,52,4,48,2
203209,56,7,49,2
203210,62,8,54,2
203211,56,9,47,2
203212,47,7,40,2
203213,42,4,38,2
203214,54,5,49,2
203215,47,11,36,2
203216,60,5,55,2
203217,57,2,55,2
203218,63,6,57,2
203219,56,6,50,2
203220,53,9,44,2
203221,51,5,46,2
203222,53,5,48,2
203223,56,7,49,2
203224,51,10,41,2
203225,55,3,52,2
203226,61,9,52,2
203227,74,6,68,2
203228,58,6,52,2
203229,75,5,70,2
203230,50,5,45,2
203231,44,6,38,2
203232,51,6,45,2
203233,53,6,47,2
203234,53,7,46,2
203235,65,9,56,2
203236,54,8,46,2
203237,58,4,54,2
203238,51,6,45,2
203239,51,6,45,2
203240,69,10,59,2
203241,56,5,51,2
203242,57,7,50,2
203243,67,10,57,2
203244,41,4,37,2
203245,63,8,55,2
203246,60,4,56,2
203247,63,4,59,2
203248,62,7,55,2
203249,54,7,47,2
203250,53,8,45,2
203251,49,6,43,2
203252,53,4,49,2
203253,47,6,41,2
203254,59,4,55,2
203255,58,7,51,2
203256,61,8,53,2
203257,52,5,47,2
203258,68,6,62,2
203259,60,8,52,2
203260,46,6,40,2
203261,53,6,47,2
203262,67,9,58,2
203263,48,3,45,2
203264,52,9,43,2
203265,54,8,46,2
203266,64,9,55,2
203267,55,8,47,2
203268,51,7,44,2
203269,60,11,49,2
203270,54,7,47,2
203271,55,8,47,2
203272,60,6,54,2
203273,59,7,52,2
203274,62,9,53,2
203275,54,4,50,2
203276,46,8,38,2
203277,42,10,32,2
203278,51,4,47,2
203279,49,6,43,2
203280,65,7,58,2
203281,48,8,40,2
203282,53,6,47,2
203283,51,3,48,2
203284,47,4,43,2
203285,61,8,53,2
203286,56,8,48,2
203287,51,8,43,2
203288,51,4,47,2
203289,55,8,47,2
203290,51,6,45,2
203291,64,7,57,2
203292,56,5,51,2
203293,56,3,53,2
203294,53,5,48,2
203295,54,4,50,2
203296,55,8,47,2
203297,59,7,52,2
203298,36,1,35,2
203299,55,12,43,2
203300,52,4,48,2
203301,41,7,34,2
203302,49,5,44,2
203303,61,6,55,2
203304,59,10,49,2
203305,63,7,56,2
203306,56,6,50,2
203307,53,12,41,2
203308,57,7,50,2
203309,56,8,48,2
203310,65,9,56,2
203311,49,8,41,2
203312,58,8,50,2
203313,61,10,51,2
203314,51,7,44,2
203315,55,10,45,2
203316,47,5,42,2
203317,49,5,44,2
203318,57,12,45,2
203319,45,2,43,2
203320,63,5,58,2
203321,53,5,48,2
203322,57,7,50,2
203323,42,1,41,2
203324,45,8,37,2
203325,45,6,39,2
203326,61,9,52,2
203327,57,9,48,2
203328,66,7,59,2
203329,48,6,42,2
203330,56,4,52,2
203331,55,8,47,2
203332,56,4,52,2
203333,54,6,48,2
203334,57,6,51,2
203335,48,7,41,2
203336,51,5,46,2
203337,48,5,43,2
203338,64,7,57,2
203339,52,5,47,2
203340,46,6,40,2
203341,58,6,52,2
203342,52,8,44,2
203343,59,8,51,2
203344,53,5,48,2
203345,49,8,41,2
203346,64,8,56,2
203347,57,10,47,2
203348,57,9,48,2
203349,46,3,43,2
203350,52,7,45,2
203351,48,6,42,2
203352,57,7,50,2
203353,46,6,40,2
203354,55,9,46,2
203355,60,8,52,2
203356,57,10,47,2
203357,52,9,43,2
203358,56,5,51,2
203359,51,8,43,2
203360,60,6,54,2
203361,54,4,50,2
203362,55,8,47,2
203363,56,7,49,2
203364,43,5,38,2
203365,62,5,57,2
203366,53,6,47,2
203367,55,7,48,2
203368,55,8,47,2
203369,66,12,54,2
203370,45,8,37,2
203371,60,7,53,2
203372,59,8,51,2
203373,52,6,46,2
203374,54,3,51,2
203375,60,9,51,2
203376,47,6,41,2
203377,58,7,51,2
203378,61,5,56,2
203379,62,9,53,2
203380,64,11,53,2
203381,43,6,37,2
203382,58,8,50,2
203383,57,6,51,2
203384,56,4,52,2
203385,48,4,44,2
203386,66,7,59,2
203387,57,5,52,2
203388,55,8,47,2
203389,36,3,33,2
203390,43,6,37,2
203391,45,6,39,2
203392,59,6,53,2
203393,57,4,53,2
203394,48,5,43,2
203395,58,4,54,2
203396,52,5,47,2
203397,53,3,50,2
203398,55,6,49,2
203399,41,6,35,2
203400,66,3,63,2
203401,54,2,52,2
203402,61,6,55,2
203403,47,2,45,2
203404,48,8,40,2
203405,59,4,55,2
203406,41,10,31,2
203408,44,5,39,2
203409,62,6,56,2
203410,41,9,32,2
203411,62,10,52,2
203412,49,2,47,2
203413,63,3,60,2
203414,65,10,55,2
203415,48,6,42,2
203416,51,8,43,2
203417,55,5,50,2
203418,50,7,43,2
203419,53,3,50,2
203420,57,10,47,2
203421,44,3,41,2
203422,59,8,51,2
203423,50,5,45,2
203424,54,8,46,2
203425,69,12,57,2
203426,75,9,66,2
203427,64,15,49,2
203428,46,7,39,2
203429,60,13,47,2
203430,70,11,59,2
203431,49,10,39,2
203432,39,4,35,2
203433,49,11,38,2
203434,51,8,43,2
203435,51,8,43,2
203436,59,4,55,2
203437,59,8,51,2
203438,49,1,48,2
203439,58,8,50,2
203440,68,6,62,2
203441,58,4,54,2
203442,48,5,43,2
203443,46,7,39,2
203444,61,4,57,2
203445,44,6,38,2
203446,62,12,50,2
203447,53,5,48,2
203448,43,3,40,2
203449,50,7,43,2
203450,57,6,51,2
203451,55,7,48,2
203452,47,7,40,2
203453,56,8,48,2
203454,72,9,63,2
203455,56,4,52,2
203456,58,5,53,2
203457,58,8,50,2
203458,56,3,53,2
203459,54,4,50,2
203460,48,5,43,2
203461,60,8,52,2
203462,69,9,60,2
203463,50,8,42,2
203464,58,9,49,2
203465,55,7,48,2
203466,55,10,45,2
203467,59,6,53,2
203468,56,5,51,2
203469,55,4,51,2
203470,49,8,41,2
203471,66,8,58,2
203472,48,8,40,2
203473,59,4,55,2
203474,61,10,51,2
203475,54,5,49,2
203476,68,8,60,2
203477,60,8,52,2
203478,52,9,43,2
203479,45,5,40,2
203480,42,3,39,2
203481,59,11,48,2
203482,48,1,47,2
203483,64,5,59,2
203484,68,9,59,2
203485,61,3,58,2
203486,54,8,46,2
203487,48,7,41,2
203488,49,3,46,2
203489,50,12,38,2
203490,51,6,45,2
203491,57,3,54,2
203492,54,9,45,2
203493,58,6,52,2
203494,42,3,39,2
203495,54,8,46,2
203496,65,10,55,2
203497,54,7,47,2
203498,40,4,36,2
203499,66,7,59,2
203500,60,4,56,2
203501,57,7,50,2
203502,46,8,38,2
203503,44,5,39,2
203504,47,6,41,2
203505,49,5,44,2
203506,52,7,45,2
203507,57,9,48,2
203508,44,4,40,2
203509,63,11,52,2
203510,47,5,42,2
203511,55,9,46,2
203512,57,5,52,2
203513,63,6,57,2
203514,61,6,55,2
203515,56,6,50,2
203516,47,5,42,2
203517,62,5,57,2
203518,52,5,47,2
203519,43,7,36,2
203520,41,6,35,2
203521,56,9,47,2
203522,62,7,55,2
203523,49,2,47,2
203524,56,5,51,2
203525,49,6,43,2
203526,47,7,40,2
203527,55,8,47,2
203528,42,7,35,2
203529,53,9,44,2
203530,59,5,54,2
203531,76,10,66,2
203532,60,6,54,2
203533,53,7,46,2
203534,58,11,47,2
203535,65,6,59,2
203536,55,7,48,2
203537,67,5,62,2
203538,62,6,56,2
203539,64,9,55,2
203540,53,6,47,2
203541,44,4,40,2
203542,64,6,58,2
203543,55,5,50,2
203544,48,2,46,2
203545,45,5,40,2
203546,61,8,53,2
203547,65,3,62,2
203548,64,11,53,2
203549,57,4,53,2
203550,51,7,44,2
203551,54,7,47,2
203552,58,8,50,2
203553,52,4,48,2
203554,48,6,42,2
203555,55,9,46,2
203556,64,10,54,2
203557,48,5,43,2
203558,55,9,46,2
203559,53,3,50,2
203560,64,6,58,2
203561,57,5,52,2
203562,43,7,36,2
203563,48,7,41,2
203564,74,12,62,2
203565,59,8,51,2
203566,46,8,38,2
203567,45,5,40,2
203568,52,6,46,2
203569,57,7,50,2
203570,63,8,55,2
203571,53,7,46,2
203572,61,7,54,2
203573,57,8,49,2
203574,58,8,50,2
203575,55,5,50,2
203576,61,5,56,2
203577,57,9,48,2
203578,41,5,36,2
203579,62,8,54,2
203580,46,4,42,2
203581,37,4,33,2
203582,56,4,52,2
203583,49,5,44,2
203584,54,7,47,2
203585,56,5,51,2
203586,45,3,42,2
203587,48,6,42,2
203588,52,6,46,2
203589,46,0,46,1
203590,45,4,41,2
203591,54,8,46,2
203592,63,7,56,2
203593,65,18,47,2
203594,60,5,55,2
203595,48,5,43,2
203596,65,6,59,2
203597,63,9,54,2
203598,62,9,53,2
203599,48,5,43,2
203600,51,7,44,2
203601,60,7,53,2
203602,55,5,50,2
203603,67,6,61,2
203604,60,2,58,2
203605,62,8,54,2
203606,49,3,46,2
203607,50,4,46,2
203608,65,6,59,2
203609,49,9,40,2
203610,54,4,50,2
203611,49,6,43,2
203612,60,9,51,2
203613,48,9,39,2
203614,63,5,58,2
203615,44,6,38,2
203616,51,8,43,2
203617,58,9,49,2
203618,53,4,49,2
203619,54,9,45,2
203620,63,8,55,2
203621,53,6,47,2
203622,44,3,41,2
203623,59,9,50,2
203624,70,6,64,2
203625,72,3,69,2
203626,48,2,46,2
203627,51,3,48,2
203628,63,1,62,2
203629,58,8,50,2
203630,67,9,58,2
203631,53,1,52,2
203632,57,10,47,2
203633,50,5,45,2
203634,47,4,43,2
203635,58,10,48,2
203636,63,6,57,2
203637,54,2,52,2
203638,69,5,64,2
203639,67,6,61,2
203640,56,9,47,2
203641,60,5,55,2
203642,63,10,53,2
203643,54,6,48,2
203644,57,8,49,2
203645,56,6,50,2
203646,47,7,40,2
203647,63,8,55,2
203648,55,11,44,2
203649,48,6,42,2
203650,44,8,36,2
203651,50,8,42,2
203652,74,3,71,2
203653,59,4,55,2
203654,54,7,47,2
203655,55,7,48,2
203656,51,5,46,2
203657,52,9,43,2
203658,52,1,51,2
203659,50,3,47,2
203660,58,5,53,2
203661,50,6,44,2
203662,63,8,55,2
203663,61,9,52,2
203664,59,9,50,2
203665,59,10,49,2
203666,48,1,47,2
203667,57,6,51,2
203668,45,4,41,2
203669,53,3,50,2
203670,56,9,47,2
203671,55,3,52,2
203672,62,8,54,2
203673,57,8,49,2
203674,54,10,44,2
203675,53,7,46,2
203676,60,7,53,2
203677,59,2,57,2
203678,44,11,33,2
203679,49,3,46,2
203680,64,3,61,2
203681,63,8,55,2
203682,54,5,49,2
203683,60,4,56,2
203684,63,4,59,2
203685,63,8,55,2
203686,51,8,43,2
203687,65,9,56,2
203688,46,3,43,2
203689,45,9,36,2
203690,48,3,45,2
203691,60,7,53,2
203692,52,4,48,2
203693,63,8,55,2
203694,63,4,59,2
203695,52,6,46,2
203696,50,3,47,2
203697,62,10,52,2
203698,67,14,53,2
203699,42,3,39,2
203700,54,3,51,2
203701,56,5,51,2
203702,56,7,49,2
203703,54,4,50,2
203704,51,4,47,2
203705,60,8,52,2
203706,70,10,60,2
203707,52,5,47,2
203708,52,2,50,2
203709,59,6,53,2
203710,58,8,50,2
203711,54,6,48,2
203712,46,2,44,2
203713,47,6,41,2
203714,54,4,50,2
203715,60,7,53,2
203716,52,7,45,2
203717,71,6,65,2
203718,63,9,54,2
203719,59,14,45,2
203720,66,7,59,2
203721,48,3,45,2
203722,56,7,49,2
203723,53,4,49,2
203724,55,5,50,2
203725,64,9,55,2
203726,56,5,51,2
203727,53,7,46,2
203728,65,9,56,2
203729,60,5,55,2
203730,46,3,43,2
203731,61,4,57,2
203732,56,3,53,2
203733,59,9,50,2
203734,54,4,50,2
203735,61,8,53,2
203736,46,4,42,2
203737,58,4,54,2
203738,52,3,49,2
203739,51,7,44,2
203740,51,5,46,2
203741,61,8,53,2
203742,52,7,45,2
203743,50,10,40,2
203744,50,5,45,2
203745,53,8,45,2
203746,59,6,53,2
203747,47,2,45,2
203748,52,4,48,2
203749,62,12,50,2
203750,45,9,36,2
203751,72,9,63,2
203752,51,9,42,2
203753,43,7,36,2
203754,61,9,52,2
203755,61,7,54,2
203756,58,7,51,2
203757,68,19,49,2
203758,50,8,42,2
203759,44,3,41,2
203760,65,9,56,2
203761,59,9,50,2
203762,64,10,54,2
203763,35,2,33,2
203764,56,7,49,2
203765,67,9,58,2
203766,62,7,55,2
203767,54,7,47,2
203768,53,9,44,2
203769,61,9,52,2
203770,61,10,51,2
203771,69,11,58,2
203772,51,9,42,2
203773,49,4,45,2
203774,57,8,49,2
203775,49,5,44,2
203776,57,6,51,2
203777,64,9,55,2
203778,43,7,36,2
203779,58,5,53,2
203780,54,7,47,2
203781,45,4,41,2
203782,57,6,51,2
203783,47,4,43,2
203784,57,6,51,2
203785,40,6,34,2
203786,55,6,49,2
203787,57,6,51,2
203788,42,3,39,2
203789,65,10,55,2
203790,60,8,52,2
203791,55,1,54,2
203792,58,4,54,2
203793,46,7,39,2
203794,51,6,45,2
203795,42,7,35,2
203796,57,5,52,2
203797,65,7,58,2
203798,53,4,49,2
203799,57,8,49,2
203800,58,6,52,2
203801,44,8,36,2
203802,57,5,52,2
203803,50,4,46,2
203804,66,9,57,2
203805,50,5,45,2
203806,49,10,39,2
203807,66,13,53,2
203808,44,5,39,2
203809,52,6,46,2
203810,53,6,47,2
203811,55,6,49,2
203812,75,8,67,2
203813,54,8,46,2
203814,50,1,49,2
203816,50,8,42,2
203817,58,7,51,2
203818,55,6,49,2
203819,56,7,49,2
203820,60,4,56,2
203821,56,9,47,2
203822,51,5,46,2
203823,62,15,47,2
203824,60,4,56,2
203825,44,3,41,2
203826,52,3,49,2
203827,52,5,47,2
203828,53,9,44,2
203829,63,2,61,2
203830,54,4,50,2
203831,56,8,48,2
203832,61,7,54,2
203833,55,12,43,2
203834,44,9,35,2
203835,64,13,51,2
203836,48,4,44,2
203837,67,11,56,2
203838,56,4,52,2
203839,52,3,49,2
203840,57,4,53,2
203841,65,7,58,2
203842,59,6,53,2
203843,55,6,49,2
203844,50,7,43,2
203845,70,11,59,2
203846,71,13,58,2
203847,54,6,48,2
203848,56,7,49,2
203849,42,4,38,2
203850,57,8,49,2
203851,45,11,34,2
203852,56,4,52,2
203853,59,11,48,2
203854,59,8,51,2
203855,58,8,50,2
203856,52,9,43,2
203857,53,3,50,2
203858,62,11,51,2
203859,54,7,47,2
203860,47,2,45,2
203861,68,6,62,2
203862,66,10,56,2
203863,33,2,31,2
203864,52,4,48,2
203865,57,6,51,2
203866,72,6,66,2
203867,49,6,43,2
203868,45,5,40,2
203869,53,7,46,2
203870,44,3,41,2
203871,56,6,50,2
203872,47,3,44,2
203873,46,6,40,2
203874,53,5,48,2
203875,60,8,52,2
203876,64,3,61,2
203877,69,12,57,2
203878,56,11,45,2
203879,64,8,56,2
203880,57,8,49,2
203881,63,9,54,2
203882,65,6,59,2
203883,66,4,62,2
203884,43,6,37,2
203885,62,6,56,2
203886,57,7,50,2
203887,50,6,44,2
203888,62,11,51,2
203889,58,5,53,2
203890,50,7,43,2
203891,57,11,46,2
203892,54,6,48,2
203893,53,6,47,2
203894,47,5,42,2
203895,51,2,49,2
203896,65,10,55,2
203897,56,6,50,2
203898,43,2,41,2
203899,59,7,52,2
203900,49,2,47,2
203901,53,7,46,2
203902,62,6,56,2
203903,59,9,50,2
203904,43,7,36,2
203905,57,6,51,2
203906,51,9,42,2
203907,48,6,42,2
203908,51,5,46,2
203909,53,5,48,2
203910,53,4,49,2
203911,58,12,46,2
203912,54,3,51,2
203913,42,1,41,2
203914,56,9,47,2
203915,52,6,46,2
203916,44,8,36,2
203917,41,7,34,2
203918,70,5,65,2
203919,61,7,54,2
203920,53,6,47,2
203921,48,7,41,2
203922,38,3,35,2
203923,42,9,33,2
203924,48,2,46,2
203925,66,6,60,2
203926,48,7,41,2
203927,54,9,45,2
203928,62,5,57,2
203929,66,8,58,2
203930,46,5,41,2
203931,42,5,37,2
203932,52,11,41,2
203933,54,8,46,2
203934,71,10,61,2
203935,62,9,53,2
203936,52,5,47,2
203937,68,12,56,2
203938,60,7,53,2
203939,53,6,47,2
203940,69,12,57,2
203941,57,8,49,2
203942,50,4,46,2
203943,56,7,49,2
203944,52,5,47,2
203945,45,6,39,2
203946,52,5,47,2
203947,70,14,56,2
203948,58,5,53,2
203949,50,3,47,2
203950,34,1,33,2
203951,65,6,59,2
203952,68,3,65,2
203953,54,10,44,2
203954,57,9,48,2
203955,55,6,49,2
203956,4,2,2,2
203957,59,10,49,2
203958,52,3,49,2
203959,55,9,46,2
203960,52,7,45,2
203961,55,5,50,2
203962,62,12,50,2
203963,48,9,39,2
203964,45,5,40,2
203965,60,6,54,2
203966,60,6,54,2
203967,57,6,51,2
203968,70,7,63,2
203969,50,7,43,2
203970,60,9,51,2
203971,61,9,52,2
203972,56,12,44,2
203973,43,3,40,2
203974,64,7,57,2
203975,50,6,44,2
203976,57,5,52,2
203977,60,7,53,2
203978,59,13,46,2
203979,58,5,53,2
203980,53,7,46,2
203981,49,4,45,2
203982,50,8,42,2
203983,49,6,43,2
203984,53,5,48,2
203985,48,5,43,2
203986,51,9,42,2
203987,54,10,44,2
203988,46,7,39,2
203989,56,6,50,2
203990,50,7,43,2
203991,58,3,55,2
203992,59,5,54,2
203993,61,6,55,2
203994,51,3,48,2
203995,60,6,54,2
203996,52,4,48,2
203997,49,7,42,2
203998,52,7,45,2
203999,63,7,56,2
204000,46,5,41,2
204001,31,7,24,2
204002,64,7,57,2
204003,41,9,32,2
204004,51,5,46,2
204005,45,2,43,2
204006,44,5,39,2
204007,44,3,41,2
204008,59,6,53,2
204009,50,6,44,2
204010,58,6,52,2
204011,55,8,47,2
204012,50,9,41,2
204013,49,5,44,2
204014,55,7,48,2
204015,60,9,51,2
204016,50,6,44,2
204017,60,6,54,2
204018,46,5,41,2
204019,59,7,52,2
204020,51,4,47,2
204021,48,4,44,2
204022,64,10,54,2
204023,63,11,52,2
204024,69,9,60,2
204025,58,14,44,2
204026,62,9,53,2
204027,48,6,42,2
204028,57,5,52,2
204029,50,7,43,2
204030,39,6,33,2
204031,63,10,53,2
204032,53,5,48,2
204033,46,5,41,2
204034,58,3,55,2
204035,57,8,49,2
204036,39,6,33,2
204037,70,6,64,2
204038,69,6,63,2
204039,57,5,52,2
204040,55,7,48,2
204041,47,6,41,2
204042,54,7,47,2
204043,58,10,48,2
204044,56,12,44,2
204045,61,9,52,2
204046,42,4,38,2
204047,62,6,56,2
204048,58,8,50,2
204049,54,5,49,2
204050,65,9,56,2
204051,50,7,43,2
204052,48,6,42,2
204053,53,4,49,2
204054,61,9,52,2
204055,53,8,45,2
204056,54,11,43,2
204057,61,7,54,2
204058,60,9,51,2
204059,50,4,46,2
204060,56,7,49,2
204061,69,13,56,2
204062,53,4,49,2
204063,50,3,47,2
204064,54,7,47,2
204065,58,7,51,2
204066,60,4,56,2
204067,50,7,43,2
204068,48,8,40,2
204069,61,9,52,2
204070,59,8,51,2
204071,62,9,53,2
204072,55,12,43,2
204073,50,3,47,2
204074,51,9,42,2
204075,55,7,48,2
204076,67,8,59,2
204077,45,5,40,2
204078,53,8,45,2
204079,56,7,49,2
204080,75,15,60,2
204081,43,5,38,2
204082,57,5,52,2
204083,47,2,45,2
204084,53,3,50,2
204085,58,9,49,2
204086,65,6,59,2
204087,64,11,53,2
204088,64,12,52,2
204089,53,10,43,2
204090,46,5,41,2
204091,63,7,56,2
204092,49,8,41,2
204093,41,3,38,2
204094,50,4,46,2
204095,55,6,49,2
204096,52,4,48,2
204097,47,8,39,2
204098,72,6,66,2
204099,62,11,51,2
204100,55,9,46,2
204101,54,8,46,2
204102,50,5,45,2
204103,47,4,43,2
204104,57,8,49,2
204105,58,5,53,2
204106,52,8,44,2
204107,55,8,47,2
204108,62,13,49,2
204109,55,7,48,2
204110,62,5,57,2
204111,47,4,43,2
204112,59,5,54,2
204113,49,5,44,2
204114,50,7,43,2
204115,56,9,47,2
204116,57,6,51,2
204117,63,7,56,2
204118,53,4,49,2
204119,47,5,42,2
204120,49,5,44,2
204121,59,4,55,2
204122,56,8,48,2
204123,56,2,54,2
204124,60,5,55,2
204125,47,6,41,2
204126,59,7,52,2
204127,61,8,53,2
204128,54,4,50,2
204129,47,8,39,2
204130,63,5,58,2
204131,52,5,47,2
204132,58,6,52,2
204133,64,11,53,2
204134,54,7,47,2
204135,59,5,54,2
204136,44,2,42,2
204137,39,6,33,2
204138,57,8,49,2
204139,56,6,50,2
204140,64,9,55,2
204141,57,7,50,2
204142,55,4,51,2
204143,51,5,46,2
204144,46,4,42,2
204145,51,7,44,2
204146,48,5,43,2
204147,43,6,37,2
204148,62,12,50,2
204149,63,8,55,2
204150,49,3,46,2
204151,42,4,38,2
204152,59,4,55,2
204153,61,5,56,2
204154,51,7,44,2
204155,52,5,47,2
204156,68,6,62,2
204157,44,5,39,2
204158,45,4,41,2
204159,48,3,45,2
204160,54,8,46,2
204161,55,9,46,2
204162,52,8,44,2
204163,60,9,51,2
204164,48,1,47,2
204165,51,4,47,2
204166,53,4,49,2
204167,64,10,54,2
204168,42,7,35,2
204169,58,5,53,2
204170,58,5,53,2
204171,52,8,44,2
204172,49,4,45,2
204173,69,10,59,2
204174,51,7,44,2
204175,57,3,54,2
204176,55,4,51,2
204177,64,10,54,2
204178,45,7,38,2
204179,58,8,50,2
204180,56,11,45,2
204181,66,8,58,2
204182,46,9,37,2
204183,63,9,54,2
204184,63,6,57,2
204185,47,5,42,2
204186,64,9,55,2
204187,69,10,59,2
204188,68,6,62,2
204189,47,8,39,2
204190,49,7,42,2
204191,70,5,65,2
204192,49,10,39,2
204193,53,6,47,2
204194,49,7,42,2
204195,35,6,29,2
204196,47,6,41,2
204197,61,10,51,2
204198,57,4,53,2
204199,60,7,53,2
204200,65,7,58,2
204201,50,8,42,2
204202,68,8,60,2
204203,57,10,47,2
204204,57,5,52,2
204205,56,2,54,2
204206,53,2,51,2
204207,48,7,41,2
204208,70,9,61,2
204209,56,6,50,2
204210,56,6,50,2
204211,80,14,66,2
204212,53,6,47,2
204213,64,12,52,2
204214,58,8,50,2
204215,48,6,42,2
204216,57,4,53,2
204217,68,15,53,2
204218,55,8,47,2
204219,49,7,42,2
204220,49,1,48,2
204221,72,8,64,2
204222,70,5,65,2
204223,46,3,43,2
204224,56,2,54,2
204225,55,9,46,2
204226,57,5,52,2
204227,53,9,44,2
204228,58,3,55,2
204229,52,7,45,2
204230,61,4,57,2
204231,54,7,47,2
204232,49,3,46,2
204233,54,4,50,2
204234,49,1,48,2
204235,66,9,57,2
204236,63,11,52,2
204237,45,4,41,2
204238,60,8,52,2
204239,57,9,48,2
204240,65,10,55,2
204241,58,7,51,2
204242,53,10,43,2
204243,48,6,42,2
204244,53,6,47,2
204245,56,5,51,2
204246,61,7,54,2
204247,53,6,47,2
204248,57,6,51,2
204249,60,2,58,2
204250,44,5,39,2
204251,59,6,53,2
204252,51,5,46,2
204253,58,1,57,2
204254,56,7,49,2
204255,62,10,52,2
204256,51,8,43,2
204257,58,8,50,2
204258,57,6,51,2
204259,50,4,46,2
204260,52,6,46,2
204261,69,10,59,2
204262,71,11,60,2
204263,60,3,57,2
204264,61,7,54,2
204265,54,3,51,2
204266,43,6,37,2
204267,43,4,39,2
204268,60,7,53,2
204269,46,10,36,2
204270,54,16,38,2
204271,49,9,40,2
204272,54,4,50,2
204273,50,9,41,2
204274,50,4,46,2
204275,74,10,64,2
204276,60,9,51,2
204277,51,6,45,2
204278,46,3,43,2
204279,46,5,41,2
204280,58,7,51,2
204281,53,7,46,2
204282,62,7,55,2
204283,52,10,42,2
204284,55,3,52,2
204285,49,2,47,2
204286,73,9,64,2
204287,56,9,47,2
204288,54,4,50,2
204289,57,5,52,2
204290,66,8,58,2
204291,63,9,54,2
204292,56,10,46,2
204293,64,7,57,2
204294,42,7,35,2
204295,51,8,43,2
204296,58,10,48,2
204297,62,10,52,2
204298,54,8,46,2
204299,65,10,55,2
204300,38,6,32,2
204301,58,6,52,2
204302,57,7,50,2
204303,61,5,56,2
204304,56,7,49,2
204305,40,6,34,2
204306,54,4,50,2
204307,43,4,39,2
204308,59,6,53,2
204309,43,7,36,2
204310,45,8,37,2
204311,66,7,59,2
204312,55,8,47,2
204313,45,5,40,2
204314,43,5,38,2
204315,57,7,50,2
204316,52,8,44,2
204317,56,3,53,2
204318,49,3,46,2
204319,55,3,52,2
204320,49,5,44,2
204321,68,7,61,2
204322,50,5,45,2
204323,60,9,51,2
204324,64,6,58,2
204325,41,7,34,2
204326,57,8,49,2
204327,52,4,48,2
204328,63,6,57,2
204329,40,4,36,2
204330,55,4,51,2
204331,52,7,45,2
204332,52,4,48,2
204333,62,11,51,2
204334,53,8,45,2
204335,59,8,51,2
204336,59,6,53,2
204337,65,6,59,2
204338,65,6,59,2
204339,65,8,57,2
204340,54,8,46,2
204341,54,5,49,2
204342,58,9,49,2
204343,50,6,44,2
204344,65,6,59,2
204345,53,8,45,2
204346,49,5,44,2
204347,49,6,43,2
204348,46,4,42,2
204349,47,13,34,2
204350,64,4,60,2
204351,53,9,44,2
204352,56,7,49,2
204353,58,9,49,2
204354,38,11,27,2
204355,36,2,34,2
204356,52,7,45,2
204357,47,5,42,2
204358,54,4,50,2
204359,52,5,47,2
204360,66,13,53,2
204361,61,5,56,2
204362,57,14,43,2
204363,66,5,61,2
204364,48,11,37,2
204365,55,6,49,2
204366,52,3,49,2
204367,57,12,45,2
204368,50,4,46,2
204369,58,11,47,2
204370,59,5,54,2
204371,50,8,42,2
204372,40,3,37,2
204373,51,4,47,2
204374,59,8,51,2
204375,60,8,52,2
204376,51,8,43,2
204377,62,5,57,2
204378,52,9,43,2
204379,64,8,56,2
204380,57,4,53,2
204381,54,7,47,2
204382,55,4,51,2
204383,39,0,39,1
204384,73,7,66,2
204385,54,6,48,2
204386,47,7,40,2
204387,71,13,58,2
204388,62,8,54,2
204389,66,6,60,2
204390,56,5,51,2
204391,58,7,51,2
204392,64,6,58,2
204393,53,6,47,2
204394,51,7,44,2
204395,56,2,54,2
204396,55,8,47,2
204397,44,5,39,2
204398,51,7,44,2
204399,46,5,41,2
204400,70,6,64,2
204401,62,5,57,2
204402,57,5,52,2
204403,49,3,46,2
204404,52,4,48,2
204405,56,8,48,2
204406,44,6,38,2
204407,54,8,46,2
204408,50,8,42,2
204409,56,5,51,2
204410,43,2,41,2
204411,65,8,57,2
204412,59,12,47,2
204413,61,12,49,2
204414,51,5,46,2
204415,57,8,49,2
204416,50,9,41,2
204417,43,7,36,2
204418,51,4,47,2
204419,58,7,51,2
204420,62,8,54,2
204421,41,6,35,2
204422,42,10,32,2
204423,63,7,56,2
204424,38,2,36,2
204425,50,7,43,2
204426,53,9,44,2
204427,47,2,45,2
204428,59,4,55,2
204429,46,5,41,2
204430,44,3,41,2
204431,59,4,55,2
204432,45,3,42,2
204433,61,9,52,2
204434,57,7,50,2
204435,45,7,38,2
204436,54,4,50,2
204437,59,8,51,2
204438,48,2,46,2
204439,57,3,54,2
204440,70,12,58,2
204441,54,7,47,2
204442,52,3,49,2
204443,56,7,49,2
204444,55,6,49,2
204445,66,7,59,2
204446,55,11,44,2
204447,47,6,41,2
204448,45,5,40,2
204449,57,6,51,2
204450,71,10,61,2
204451,53,10,43,2
204452,55,7,48,2
204453,52,7,45,2
204454,54,5,49,2
204455,54,6,48,2
204456,60,5,55,2
204457,60,2,58,2
204458,56,6,50,2
204459,56,8,48,2
204460,44,6,38,2
204461,68,8,60,2
204462,48,3,45,2
204463,57,6,51,2
204464,60,4,56,2
204466,58,6,52,2
204467,51,10,41,2
204468,53,7,46,2
204469,59,10,49,2
204470,49,1,48,2
204471,64,5,59,2
204472,56,4,52,2
204473,45,4,41,2
204474,51,7,44,2
204475,48,7,41,2
204476,60,8,52,2
204477,43,9,34,2
204478,58,7,51,2
204479,49,7,42,2
204480,53,10,43,2
204481,48,4,44,2
204482,45,7,38,2
204483,39,5,34,2
204484,65,7,58,2
204485,61,5,56,2
204486,57,6,51,2
204487,59,9,50,2
204488,69,7,62,2
204489,54,4,50,2
204490,46,8,38,2
204491,63,9,54,2
204492,55,14,41,2
204493,50,9,41,2
204494,74,8,66,2
204495,49,5,44,2
204496,56,7,49,2
204497,66,4,62,2
204498,57,8,49,2
204499,58,6,52,2
204500,47,9,38,2
204501,47,9,38,2
204502,64,5,59,2
204503,72,7,65,2
204504,59,6,53,2
204505,57,8,49,2
204506,61,6,55,2
204507,56,7,49,2
204508,65,6,59,2
204509,60,6,54,2
204510,48,7,41,2
204511,58,5,53,2
204512,63,7,56,2
204513,53,9,44,2
204514,67,7,60,2
204515,52,6,46,2
204516,63,10,53,2
204517,54,3,51,2
204518,46,4,42,2
204519,50,7,43,2
204520,51,5,46,2
204521,47,5,42,2
204522,41,8,33,2
204523,43,3,40,2
204524,52,2,50,2
204525,43,1,42,2
204526,64,5,59,2
204527,67,11,56,2
204528,42,2,40,2
204529,56,6,50,2
204530,51,5,46,2
204531,51,6,45,2
204532,55,9,46,2
204533,47,2,45,2
204534,58,2,56,2
204535,56,5,51,2
204536,65,5,60,2
204537,57,5,52,2
204538,57,5,52,2
204539,64,6,58,2
204540,49,12,37,2
204541,58,4,54,2
204542,53,5,48,2
204543,60,9,51,2
204544,51,9,42,2
204545,42,3,39,2
204546,46,4,42,2
204547,54,5,49,2
204548,50,5,45,2
204549,55,9,46,2
204550,49,7,42,2
204551,48,9,39,2
204552,50,4,46,2
204553,50,4,46,2
204554,44,7,37,2
204555,78,13,65,2
204556,61,6,55,2
204557,50,7,43,2
204558,58,6,52,2
204559,49,7,42,2
204560,55,3,52,2
204561,58,10,48,2
204562,58,3,55,2
204563,58,9,49,2
204564,43,5,38,2
204565,50,5,45,2
204566,43,6,37,2
204567,49,7,42,2
204568,53,8,45,2
204569,46,5,41,2
204570,61,14,47,2
204571,45,3,42,2
204572,54,3,51,2
204573,51,7,44,2
204574,53,4,49,2
204575,48,6,42,2
204576,51,8,43,2
204577,58,5,53,2
204578,47,6,41,2
204579,43,8,35,2
204580,59,6,53,2
204581,55,6,49,2
204582,53,6,47,2
204583,51,4,47,2
204584,44,2,42,2
204585,62,8,54,2
204586,52,9,43,2
204587,58,11,47,2
204588,44,9,35,2
204589,56,5,51,2
204590,67,7,60,2
204591,64,5,59,2
204592,35,6,29,2
204593,56,8,48,2
204594,50,10,40,2
204595,62,8,54,2
204596,56,7,49,2
204597,49,8,41,2
204598,43,8,35,2
204599,55,6,49,2
204600,66,10,56,2
204601,55,5,50,2
204602,62,9,53,2
204603,35,5,30,2
204604,62,6,56,2
204605,58,11,47,2
204606,64,5,59,2
204607,48,5,43,2
204608,47,8,39,2
204609,56,6,50,2
204610,62,11,51,2
204611,50,7,43,2
204612,55,8,47,2
204613,58,10,48,2
204614,53,6,47,2
204615,58,9,49,2
204616,54,7,47,2
204617,49,6,43,2
204618,56,8,48,2
204619,55,9,46,2
204620,55,8,47,2
204621,63,9,54,2
204622,41,3,38,2
204623,54,8,46,2
204624,56,4,52,2
204625,39,6,33,2
204626,52,6,46,2
204627,47,10,37,2
204628,57,7,50,2
204629,59,7,52,2
204630,60,7,53,2
204631,50,5,45,2
204632,53,7,46,2
204633,46,4,42,2
204634,50,9,41,2
204635,61,11,50,2
204636,55,9,46,2
204637,59,0,59,1
204638,57,11,46,2
204639,51,4,47,2
204640,66,7,59,2
204641,59,9,50,2
204642,57,10,47,2
204643,62,5,57,2
204644,52,7,45,2
204645,52,5,47,2
204646,42,6,36,2
204647,56,10,46,2
204648,57,12,45,2
204649,49,2,47,2
204650,66,6,60,2
204651,56,9,47,2
204652,67,8,59,2
204653,51,6,45,2
204654,51,7,44,2
204655,58,10,48,2
204656,55,6,49,2
204657,38,6,32,2
204658,49,6,43,2
204659,60,8,52,2
204660,54,7,47,2
204661,51,8,43,2
204662,46,4,42,2
204663,64,10,54,2
204664,55,2,53,2
204665,33,3,30,2
204666,56,11,45,2
204667,52,3,49,2
204668,65,4,61,2
204669,57,6,51,2
204670,53,2,51,2
204671,68,10,58,2
204672,50,4,46,2
204673,49,8,41,2
204674,58,5,53,2
204675,53,8,45,2
204676,52,5,47,2
204677,55,5,50,2
204678,53,5,48,2
204679,62,3,59,2
204680,41,5,36,2
204681,48,5,43,2
204682,60,6,54,2
204683,62,8,54,2
204684,60,5,55,2
204685,56,4,52,2
204686,53,5,48,2
204687,63,9,54,2
204688,58,5,53,2
204689,63,10,53,2
204690,43,4,39,2
204691,55,6,49,2
204692,73,10,63,2
204693,49,3,46,2
204694,59,6,53,2
204695,56,5,51,2
204696,46,4,42,2
204697,57,5,52,2
204698,53,7,46,2
204699,55,10,45,2
204700,55,9,46,2
204701,50,6,44,2
204702,51,8,43,2
204703,61,7,54,2
204704,48,3,45,2
204705,65,12,53,2
204706,64,10,54,2
204707,50,6,44,2
204708,57,6,51,2
204709,54,5,49,2
204710,55,8,47,2
204711,56,6,50,2
204712,59,4,55,2
204713,47,5,42,2
204714,60,9,51,2
204715,47,6,41,2
204716,48,7,41,2
204717,55,10,45,2
204718,57,8,49,2
204719,58,6,52,2
204720,69,11,58,2
204721,63,13,50,2
204722,41,1,40,2
204723,51,3,48,2
204724,50,9,41,2
204725,51,6,45,2
204726,59,5,54,2
204727,58,6,52,2
204728,63,11,52,2
204729,56,8,48,2
204730,51,6,45,2
204731,47,7,40,2
204732,50,5,45,2
204733,66,12,54,2
204734,53,5,48,2
204735,51,5,46,2
204736,61,8,53,2
204737,51,5,46,2
204738,65,7,58,2
204739,50,6,44,2
204740,52,6,46,2
204741,55,7,48,2
204742,53,7,46,2
204743,64,9,55,2
204744,57,7,50,2
204745,56,6,50,2
204746,49,7,42,2
204747,55,2,53,2
204748,53,11,42,2
204749,47,8,39,2
204750,66,8,58,2
204751,67,12,55,2
204752,65,8,57,2
204753,58,6,52,2
204754,48,8,40,2
204755,62,6,56,2
204756,61,6,55,2
204757,50,8,42,2
204758,49,8,41,2
204759,44,8,36,2
204760,51,8,43,2
204761,54,5,49,2
204762,43,5,38,2
204763,43,6,37,2
204764,57,6,51,2
204765,65,4,61,2
204766,52,7,45,2
204767,60,14,46,2
204768,53,7,46,2
204769,63,17,46,2
204770,60,4,56,2
204771,64,7,57,2
204772,63,10,53,2
204773,45,5,40,2
204774,49,4,45,2
204775,48,6,42,2
204776,48,6,42,2
204777,54,6,48,2
204778,36,7,29,2
204779,48,9,39,2
204780,49,8,41,2
204781,55,6,49,2
204782,44,1,43,2
204783,53,7,46,2
204784,58,3,55,2
204785,52,7,45,2
204786,52,11,41,2
204787,51,6,45,2
204788,52,6,46,2
204789,53,8,45,2
204790,58,9,49,2
204791,49,6,43,2
204792,42,4,38,2
204793,41,3,38,2
204794,34,4,30,2
204796,51,6,45,2
204797,49,8,41,2
204798,55,5,50,2
204799,60,3,57,2
204800,64,5,59,2
204801,58,6,52,2
204802,62,4,58,2
204803,53,6,47,2
204804,59,7,52,2
204805,45,7,38,2
204806,59,10,49,2
204807,59,5,54,2
204808,58,9,49,2
204809,60,9,51,2
204810,53,10,43,2
204811,57,5,52,2
204812,67,8,59,2
204813,53,7,46,2
204814,49,7,42,2
204815,51,10,41,2
204816,52,5,47,2
204817,52,7,45,2
204818,56,7,49,2
204819,51,8,43,2
204820,54,6,48,2
204821,49,4,45,2
204822,41,3,38,2
204823,67,9,58,2
204824,50,5,45,2
204825,61,7,54,2
204826,53,6,47,2
204827,59,5,54,2
204828,44,6,38,2
204829,51,3,48,2
204830,69,11,58,2
204831,63,10,53,2
204832,56,7,49,2
204833,53,8,45,2
204834,56,10,46,2
204835,59,8,51,2
204836,44,5,39,2
204837,53,7,46,2
204838,59,7,52,2
204839,53,4,49,2
204840,53,3,50,2
204841,60,12,48,2
204842,53,5,48,2
204843,54,7,47,2
204844,57,12,45,2
204845,44,7,37,2
204846,41,3,38,2
204847,50,7,43,2
204848,43,9,34,2
204849,67,8,59,2
204850,49,7,42,2
204851,63,7,56,2
204852,49,6,43,2
204853,62,9,53,2
204854,51,5,46,2
204855,54,2,52,2
204856,59,6,53,2
204857,52,3,49,2
204858,65,6,59,2
204859,57,5,52,2
204860,52,8,44,2
204861,50,4,46,2
204862,66,11,55,2
204863,59,6,53,2
204864,68,9,59,2
204865,56,6,50,2
204866,56,3,53,2
204867,63,10,53,2
204868,74,10,64,2
204869,53,7,46,2
204870,51,6,45,2
204871,55,7,48,2
204872,45,3,42,2
204873,54,7,47,2
204874,53,12,41,2
204875,50,7,43,2
204876,50,6,44,2
204877,62,8,54,2
204878,55,7,48,2
204879,51,8,43,2
204880,49,5,44,2
204881,59,5,54,2
204882,48,4,44,2
204883,61,9,52,2
204884,56,7,49,2
204885,47,10,37,2
204886,48,4,44,2
204887,59,9,50,2
204888,49,3,46,2
204889,50,5,45,2
204890,55,5,50,2
204891,48,3,45,2
204892,65,8,57,2
204893,62,7,55,2
204894,54,6,48,2
204895,66,7,59,2
204896,54,7,47,2
204897,52,8,44,2
204898,52,6,46,2
204899,48,4,44,2
204900,53,6,47,2
204901,65,4,61,2
204902,45,6,39,2
204903,54,5,49,2
204904,55,5,50,2
204905,62,9,53,2
204906,51,7,44,2
204907,60,5,55,2
204908,57,10,47,2
204909,54,6,48,2
204910,47,5,42,2
204911,60,9,51,2
204912,47,2,45,2
204913,55,4,51,2
204914,41,5,36,2
204915,58,4,54,2
204916,57,7,50,2
204917,56,7,49,2
204918,43,4,39,2
204919,43,5,38,2
204920,66,7,59,2
204921,49,10,39,2
204922,62,6,56,2
204923,56,5,51,2
204924,45,6,39,2
204925,57,7,50,2
204926,75,14,61,2
204927,58,3,55,2
204928,51,5,46,2
204929,58,6,52,2
204930,48,4,44,2
204931,47,7,40,2
204932,50,7,43,2
204933,39,5,34,2
204934,53,8,45,2
204935,50,4,46,2
204936,58,4,54,2
204937,50,7,43,2
204938,57,8,49,2
204939,65,5,60,2
204940,48,6,42,2
204941,50,3,47,2
204942,56,6,50,2
204943,57,10,47,2
204944,46,7,39,2
204945,46,3,43,2
204946,52,8,44,2
204947,66,3,63,2
204948,37,2,35,2
204949,44,5,39,2
204950,47,8,39,2
204951,50,6,44,2
204952,40,6,34,2
204953,49,7,42,2
204954,62,10,52,2
204955,38,0,38,1
204956,64,8,56,2
204957,57,6,51,2
204958,61,7,54,2
204959,67,10,57,2
204960,47,8,39,2
204961,55,4,51,2
204962,62,11,51,2
204963,59,4,55,2
204964,66,9,57,2
204965,59,10,49,2
204966,53,8,45,2
204967,49,3,46,2
204968,56,6,50,2
204969,57,5,52,2
204970,47,2,45,2
204971,51,5,46,2
204972,59,8,51,2
204973,52,3,49,2
204974,61,9,52,2
204975,54,6,48,2
204976,53,4,49,2
204977,72,9,63,2
204978,47,4,43,2
204979,57,6,51,2
204980,49,6,43,2
204981,53,10,43,2
204982,62,9,53,2
204983,60,10,50,2
204984,68,5,63,2
204985,53,5,48,2
204986,64,9,55,2
204987,50,6,44,2
204988,46,3,43,2
204989,41,7,34,2
204990,47,10,37,2
204991,49,5,44,2
204992,36,3,33,2
204993,48,6,42,2
204994,53,6,47,2
204995,44,4,40,2
204996,55,7,48,2
204997,66,9,57,2
204998,51,3,48,2
204999,48,7,41,2
205000,38,4,34,2
205001,51,5,46,2
205002,61,12,49,2
205003,51,4,47,2
205004,61,6,55,2
205005,55,3,52,2
205006,46,3,43,2
205007,67,6,61,2
205008,53,4,49,2
205009,48,6,42,2
205010,41,6,35,2
205011,66,8,58,2
205012,46,3,43,2
205013,54,6,48,2
205014,41,5,36,2
205015,61,3,58,2
205016,55,6,49,2
205017,55,4,51,2
205018,59,11,48,2
205019,57,5,52,2
205020,64,9,55,2
205021,58,9,49,2
205022,56,11,45,2
205023,53,4,49,2
205024,61,6,55,2
205025,52,8,44,2
205026,54,5,49,2
205027,52,6,46,2
205028,64,10,54,2
205029,57,4,53,2
205030,50,11,39,2
205031,45,3,42,2
205032,64,9,55,2
205033,58,2,56,2
205034,59,8,51,2
205035,49,3,46,2
205036,54,8,46,2
205037,54,11,43,2
205038,58,9,49,2
205039,60,7,53,2
205040,48,3,45,2
205041,52,0,52,1
205042,58,5,53,2
205043,61,8,53,2
205044,63,13,50,2
205045,61,6,55,2
205046,61,6,55,2
205047,50,11,39,2
205048,49,6,43,2
205049,69,13,56,2
205050,63,3,60,2
205051,51,4,47,2
205052,66,7,59,2
205053,48,7,41,2
205054,53,4,49,2
205055,50,8,42,2
205056,46,2,44,2
205057,60,10,50,2
205058,64,14,50,2
205059,53,5,48,2
205060,60,9,51,2
205061,57,5,52,2
205062,61,13,48,2
205063,57,6,51,2
205064,48,4,44,2
205065,55,9,46,2
205066,57,5,52,2
205067,56,7,49,2
205068,67,11,56,2
205069,55,5,50,2
205070,59,7,52,2
205071,53,5,48,2
205072,60,7,53,2
205073,41,8,33,2
205074,52,11,41,2
205075,64,5,59,2
205076,62,8,54,2
205077,49,8,41,2
205078,60,4,56,2
205079,57,8,49,2
205080,48,4,44,2
205081,49,11,38,2
205082,65,9,56,2
205083,39,10,29,2
205084,62,4,58,2
205085,53,7,46,2
205086,52,6,46,2
205087,48,3,45,2
205088,60,5,55,2
205089,61,5,56,2
205090,50,6,44,2
205091,54,7,47,2
205092,63,9,54,2
205093,60,7,53,2
205094,40,2,38,2
205095,58,6,52,2
205096,47,6,41,2
205097,56,4,52,2
205098,45,5,40,2
205099,62,9,53,2
205100,63,6,57,2
205101,63,13,50,2
205102,52,9,43,2
205103,45,7,38,2
205104,54,3,51,2
205105,43,7,36,2
205106,57,6,51,2
205107,54,0,54,1
205108,66,5,61,2
205109,59,9,50,2
205110,54,10,44,2
205111,53,6,47,2
205112,40,3,37,2
205113,49,2,47,2
205114,56,11,45,2
205115,55,5,50,2
205116,54,8,46,2
205117,56,7,49,2
205118,47,1,46,2
205119,52,5,47,2
205120,58,8,50,2
205121,45,10,35,2
205122,41,6,35,2
205123,52,7,45,2
205124,43,5,38,2
205125,51,6,45,2
205126,64,4,60,2
205127,56,8,48,2
205128,56,4,52,2
205129,55,2,53,2
205130,44,8,36,2
205131,54,7,47,2
205132,53,7,46,2
205133,55,11,44,2
205134,67,5,62,2
205135,54,2,52,2
205136,59,4,55,2
205137,59,5,54,2
205138,58,8,50,2
205139,55,8,47,2
205140,53,7,46,2
205141,56,3,53,2
205142,50,10,40,2
205143,50,7,43,2
205144,43,6,37,2
205145,51,6,45,2
205146,59,7,52,2
205147,52,8,44,2
205148,61,7,54,2
205149,47,4,43,2
205150,53,3,50,2
205151,48,3,45,2
205152,69,14,55,2
205153,52,12,40,2
205154,68,9,59,2
205155,46,5,41,2
205156,50,8,42,2
205157,42,7,35,2
205158,49,8,41,2
205159,64,2,62,2
205160,58,9,49,2
205161,53,9,44,2
205162,51,9,42,2
205163,48,5,43,2
205164,57,6,51,2
205165,50,4,46,2
205166,52,8,44,2
205167,59,6,53,2
205168,57,9,48,2
205169,54,7,47,2
205170,53,6,47,2
205171,52,4,48,2
205172,56,10,46,2
205173,47,3,44,2
205174,52,4,48,2
205175,48,2,46,2
205176,61,8,53,2
205177,68,9,59,2
205178,48,2,46,2
205179,50,8,42,2
205180,57,5,52,2
205181,49,6,43,2
205182,69,11,58,2
205183,43,5,38,2
205184,43,6,37,2
205185,45,4,41,2
205186,58,3,55,2
205187,57,6,51,2
205188,51,6,45,2
205189,50,10,40,2
205190,64,10,54,2
205191,56,7,49,2
205192,49,5,44,2
205193,61,9,52,2
205194,54,7,47,2
205195,52,9,43,2
205196,58,6,52,2
205197,56,7,49,2
205198,31,2,29,2
205199,49,1,48,2
205200,63,12,51,2
205201,58,3,55,2
205202,56,6,50,2
205203,58,7,51,2
205204,62,4,58,2
205205,60,8,52,2
205206,45,5,40,2
205207,56,6,50,2
205208,56,8,48,2
205209,57,7,50,2
205210,53,9,44,2
205211,44,5,39,2
205212,64,11,53,2
205213,50,6,44,2
205214,68,8,60,2
205215,56,7,49,2
205216,62,4,58,2
205217,43,5,38,2
205218,69,7,62,2
205219,56,7,49,2
205220,59,5,54,2
205221,54,9,45,2
205222,63,10,53,2
205223,72,13,59,2
205224,57,6,51,2
205225,65,10,55,2
205226,51,12,39,2
205227,45,4,41,2
205228,33,7,26,2
205229,50,9,41,2
205230,56,7,49,2
205231,62,7,55,2
205232,45,4,41,2
205233,52,5,47,2
205234,51,7,44,2
205235,51,6,45,2
205236,48,10,38,2
205237,47,8,39,2
205238,56,11,45,2
205239,54,3,51,2
205240,45,5,40,2
205241,36,4,32,2
205242,54,12,42,2
205243,54,10,44,2
205244,68,7,61,2
205245,51,6,45,2
205246,58,5,53,2
205247,47,8,39,2
205248,47,3,44,2
205249,74,7,67,2
205250,55,11,44,2
205251,48,5,43,2
205252,51,3,48,2
205253,58,8,50,2
205254,67,7,60,2
205255,48,6,42,2
205256,46,12,34,2
205257,65,11,54,2
205258,55,10,45,2
205259,55,7,48,2
205260,46,5,41,2
205261,48,6,42,2
205262,55,4,51,2
205263,53,9,44,2
205264,57,4,53,2
205265,52,8,44,2
205266,46,4,42,2
205267,54,1,53,2
205269,51,7,44,2
205270,68,12,56,2
205271,68,9,59,2
205272,57,6,51,2
205273,53,5,48,2
205274,54,8,46,2
205275,52,7,45,2
205276,48,10,38,2
205277,46,7,39,2
205278,54,6,48,2
205279,57,6,51,2
205280,50,8,42,2
205281,43,4,39,2
205282,50,6,44,2
205283,62,7,55,2
205284,52,4,48,2
205285,55,5,50,2
205286,52,6,46,2
205287,43,4,39,2
205288,60,11,49,2
205289,74,14,60,2
205290,47,4,43,2
205291,66,11,55,2
205292,47,10,37,2
205293,57,11,46,2
205294,55,7,48,2
205295,62,4,58,2
205296,64,9,55,2
205297,46,6,40,2
205298,66,3,63,2
205299,48,3,45,2
205300,53,5,48,2
205301,55,2,53,2
205302,51,7,44,2
205303,38,6,32,2
205304,54,3,51,2
205305,46,2,44,2
205306,65,6,59,2
205307,62,6,56,2
205308,49,3,46,2
205309,65,4,61,2
205310,67,6,61,2
205311,67,8,59,2
205312,56,7,49,2
205313,48,6,42,2
205314,47,1,46,2
205315,64,10,54,2
205316,67,11,56,2
205317,52,3,49,2
205318,54,7,47,2
205319,57,1,56,2
205320,60,8,52,2
205321,67,7,60,2
205322,41,2,39,2
205323,62,9,53,2
205324,59,13,46,2
205325,52,10,42,2
205326,53,10,43,2
205327,51,7,44,2
205328,41,5,36,2
205329,61,12,49,2
205330,52,3,49,2
205331,59,6,53,2
205332,59,6,53,2
205333,68,7,61,2
205334,51,8,43,2
205335,49,7,42,2
205336,52,9,43,2
205337,56,9,47,2
205338,54,7,47,2
205339,56,8,48,2
205340,57,7,50,2
205341,58,11,47,2
205342,58,8,50,2
205343,63,7,56,2
205344,55,5,50,2
205345,41,3,38,2
205346,54,6,48,2
205347,59,5,54,2
205348,59,5,54,2
205349,53,5,48,2
205350,82,12,70,2
205351,52,5,47,2
205352,50,6,44,2
205353,39,2,37,2
205354,56,9,47,2
205355,64,11,53,2
205356,59,5,54,2
205357,66,4,62,2
205358,48,6,42,2
205359,48,5,43,2
205360,52,8,44,2
205361,58,7,51,2
205362,64,10,54,2
205363,34,3,31,2
205364,53,9,44,2
205365,54,5,49,2
205366,52,4,48,2
205367,49,6,43,2
205368,50,5,45,2
205369,47,8,39,2
205370,53,6,47,2
205371,59,10,49,2
205372,49,6,43,2
205373,41,4,37,2
205374,63,7,56,2
205375,48,6,42,2
205376,59,9,50,2
205377,50,3,47,2
205378,55,10,45,2
205379,46,3,43,2
205380,59,8,51,2
205381,50,4,46,2
205382,65,7,58,2
205383,61,7,54,2
205384,47,6,41,2
205385,62,12,50,2
205386,69,8,61,2
205387,49,9,40,2
205388,59,5,54,2
205389,61,12,49,2
205390,50,7,43,2
205391,43,7,36,2
205392,57,5,52,2
205393,65,8,57,2
205394,53,5,48,2
205395,43,3,40,2
205396,68,11,57,2
205397,67,5,62,2
205398,63,10,53,2
205399,48,7,41,2
205400,58,8,50,2
205401,53,10,43,2
205402,45,3,42,2
205403,49,7,42,2
205404,54,8,46,2
205405,52,8,44,2
205406,65,7,58,2
205407,49,8,41,2
205408,64,12,52,2
205409,44,1,43,2
205410,63,6,57,2
205411,49,10,39,2
205412,69,9,60,2
205413,52,11,41,2
205414,66,7,59,2
205415,54,6,48,2
205416,54,4,50,2
205417,64,6,58,2
205418,67,11,56,2
205419,57,5,52,2
205420,61,11,50,2
205421,42,6,36,2
205422,44,8,36,2
205423,51,8,43,2
205424,56,9,47,2
205425,57,9,48,2
205426,57,15,42,2
205427,59,13,46,2
205428,49,9,40,2
205429,45,1,44,2
205430,54,2,52,2
205431,59,8,51,2
205432,60,6,54,2
205433,49,3,46,2
205434,48,6,42,2
205435,62,5,57,2
205436,52,4,48,2
205437,53,4,49,2
205438,49,4,45,2
205439,54,7,47,2
205440,57,3,54,2
205441,49,7,42,2
205442,57,7,50,2
205443,63,4,59,2
205444,44,3,41,2
205445,60,13,47,2
205446,35,6,29,2
205447,60,10,50,2
205448,55,5,50,2
205449,59,7,52,2
205450,44,6,38,2
205451,55,9,46,2
205452,57,5,52,2
205453,52,5,47,2
205454,56,4,52,2
205455,50,9,41,2
205456,58,4,54,2
205457,58,11,47,2
205458,52,8,44,2
205459,48,8,40,2
205460,54,8,46,2
205461,50,7,43,2
205462,51,6,45,2
205463,46,3,43,2
205464,59,9,50,2
205465,59,9,50,2
205466,43,3,40,2
205467,61,5,56,2
205468,54,5,49,2
205469,39,5,34,2
205470,55,4,51,2
205471,43,5,38,2
205472,48,5,43,2
205473,51,4,47,2
205474,52,6,46,2
205475,51,4,47,2
205476,49,5,44,2
205477,57,9,48,2
205478,55,9,46,2
205479,50,9,41,2
205480,48,8,40,2
205481,49,6,43,2
205482,44,4,40,2
205483,54,9,45,2
205484,46,3,43,2
205485,50,6,44,2
205486,53,7,46,2
205487,55,10,45,2
205488,58,2,56,2
205489,54,9,45,2
205490,61,8,53,2
205491,58,9,49,2
205492,37,5,32,2
205493,61,9,52,2
205494,58,9,49,2
205495,44,3,41,2
205496,46,6,40,2
205497,64,10,54,2
205498,49,2,47,2
205499,56,7,49,2
205500,58,7,51,2
205501,54,4,50,2
205502,51,4,47,2
205503,67,5,62,2
205504,57,5,52,2
205505,39,4,35,2
205506,49,2,47,2
205507,50,9,41,2
205508,58,6,52,2
205509,60,12,48,2
205510,63,5,58,2
205511,50,5,45,2
205512,46,5,41,2
205514,51,6,45,2
205515,50,2,48,2
205516,48,7,41,2
205517,47,12,35,2
205518,55,3,52,2
205519,55,4,51,2
205520,71,9,62,2
205521,47,11,36,2
205522,52,6,46,2
205523,51,3,48,2
205524,51,5,46,2
205525,56,6,50,2
205526,52,5,47,2
205527,63,7,56,2
205528,56,6,50,2
205529,64,11,53,2
205530,49,10,39,2
205531,59,12,47,2
205532,45,10,35,2
205533,47,4,43,2
205534,65,12,53,2
205535,47,8,39,2
205536,62,6,56,2
205537,53,4,49,2
205538,52,10,42,2
205539,51,9,42,2
205540,46,5,41,2
205541,54,10,44,2
205542,61,5,56,2
205543,65,13,52,2
205544,52,8,44,2
205545,48,5,43,2
205546,54,5,49,2
205547,49,4,45,2
205548,57,4,53,2
205549,43,7,36,2
205550,50,5,45,2
205551,54,8,46,2
205552,73,3,70,2
205553,63,9,54,2
205554,46,7,39,2
205555,52,6,46,2
205556,67,8,59,2
205557,66,9,57,2
205558,53,5,48,2
205559,51,6,45,2
205560,55,5,50,2
205561,49,6,43,2
205562,53,7,46,2
205563,55,11,44,2
205564,54,5,49,2
205565,58,5,53,2
205566,52,7,45,2
205567,52,6,46,2
205568,50,10,40,2
205569,44,7,37,2
205570,59,7,52,2
205571,50,10,40,2
205572,45,4,41,2
205573,61,5,56,2
205574,52,10,42,2
205575,46,1,45,2
205576,51,5,46,2
205577,65,9,56,2
205578,61,6,55,2
205579,50,8,42,2
205580,50,8,42,2
205581,58,8,50,2
205582,61,11,50,2
205583,68,7,61,2
205584,51,3,48,2
205585,45,4,41,2
205586,54,9,45,2
205587,71,6,65,2
205588,60,1,59,2
205589,50,6,44,2
205590,57,8,49,2
205591,57,4,53,2
205592,55,4,51,2
205593,57,6,51,2
205594,47,2,45,2
205595,49,5,44,2
205596,60,11,49,2
205597,65,6,59,2
205598,44,7,37,2
205599,58,5,53,2
205600,59,7,52,2
205601,54,5,49,2
205602,48,2,46,2
205603,58,4,54,2
205604,59,6,53,2
205605,56,12,44,2
205606,62,12,50,2
205607,57,6,51,2
205608,61,8,53,2
205609,48,8,40,2
205610,53,5,48,2
205611,40,2,38,2
205612,50,6,44,2
205613,39,6,33,2
205614,57,5,52,2
205615,51,8,43,2
205616,53,4,49,2
205617,54,5,49,2
205618,61,2,59,2
205619,54,6,48,2
205620,57,8,49,2
205621,56,7,49,2
205622,50,5,45,2
205623,57,7,50,2
205624,52,6,46,2
205625,64,12,52,2
205626,51,5,46,2
205627,49,4,45,2
205628,65,8,57,2
205629,59,5,54,2
205630,54,6,48,2
205631,45,7,38,2
205632,66,13,53,2
205633,63,11,52,2
205634,48,2,46,2
205635,54,7,47,2
205636,53,8,45,2
205637,63,11,52,2
205638,50,11,39,2
205639,59,11,48,2
205640,61,10,51,2
205641,49,6,43,2
205642,44,2,42,2
205643,53,4,49,2
205644,67,12,55,2
205645,53,6,47,2
205646,61,5,56,2
205647,53,5,48,2
205648,58,3,55,2
205649,52,6,46,2
205650,65,7,58,2
205651,60,9,51,2
205652,61,7,54,2
205653,51,2,49,2
205654,59,10,49,2
205655,59,11,48,2
205656,58,5,53,2
205657,45,5,40,2
205658,51,6,45,2
205659,35,6,29,2
205660,67,4,63,2
205661,47,6,41,2
205662,67,8,59,2
205663,50,4,46,2
205664,49,10,39,2
205665,46,6,40,2
205666,39,6,33,2
205667,58,10,48,2
205668,49,6,43,2
205669,56,7,49,2
205670,52,4,48,2
205671,58,7,51,2
205672,50,4,46,2
205673,50,6,44,2
205674,62,13,49,2
205675,52,5,47,2
205676,62,12,50,2
205677,51,9,42,2
205678,41,8,33,2
205679,46,6,40,2
205680,54,5,49,2
205681,46,2,44,2
205682,57,6,51,2
205683,51,9,42,2
205684,65,16,49,2
205685,62,8,54,2
205686,63,11,52,2
205687,60,10,50,2
205688,52,5,47,2
205689,56,3,53,2
205690,43,3,40,2
205691,54,3,51,2
205692,47,9,38,2
205693,47,4,43,2
205694,55,5,50,2
205695,55,10,45,2
205696,52,7,45,2
205697,69,6,63,2
205698,45,6,39,2
205699,56,7,49,2
205700,48,7,41,2
205701,52,5,47,2
205702,57,9,48,2
205703,59,8,51,2
205704,60,5,55,2
205705,60,8,52,2
205706,60,6,54,2
205707,47,6,41,2
205708,61,5,56,2
205709,37,3,34,2
205710,59,3,56,2
205711,53,5,48,2
205712,55,5,50,2
205713,62,3,59,2
205714,64,14,50,2
205715,51,3,48,2
205716,47,6,41,2
205717,56,11,45,2
205718,52,8,44,2
205719,56,5,51,2
205720,47,5,42,2
205721,57,5,52,2
205722,53,7,46,2
205723,47,6,41,2
205724,51,5,46,2
205725,61,5,56,2
205726,60,8,52,2
205727,49,7,42,2
205728,61,5,56,2
205729,43,1,42,2
205730,53,2,51,2
205731,64,10,54,2
205732,49,5,44,2
205733,72,12,60,2
205734,62,6,56,2
205735,36,4,32,2
205736,38,3,35,2
205737,55,6,49,2
205738,52,4,48,2
205739,45,10,35,2
205740,41,8,33,2
205741,58,6,52,2
205742,52,5,47,2
205743,57,7,50,2
205744,40,3,37,2
205745,44,3,41,2
205746,45,5,40,2
205747,44,3,41,2
205748,50,6,44,2
205749,57,3,54,2
205750,44,3,41,2
205751,57,8,49,2
205752,59,7,52,2
205753,61,9,52,2
205754,61,9,52,2
205755,53,6,47,2
205756,54,4,50,2
205757,60,7,53,2
205758,57,8,49,2
205759,51,5,46,2
205760,56,7,49,2
205761,41,2,39,2
205762,67,11,56,2
205763,61,5,56,2
205764,48,4,44,2
205765,58,9,49,2
205766,49,9,40,2
205767,50,6,44,2
205768,44,5,39,2
205769,53,6,47,2
205770,55,10,45,2
205771,68,11,57,2
205772,64,6,58,2
205773,45,4,41,2
205774,65,8,57,2
205775,57,11,46,2
205776,58,4,54,2
205777,62,8,54,2
205778,68,9,59,2
205779,54,7,47,2
205780,55,8,47,2
205781,57,6,51,2
205782,52,6,46,2
205783,55,6,49,2
205784,53,7,46,2
205785,45,5,40,2
205786,51,5,46,2
205787,56,6,50,2
205788,60,4,56,2
205789,48,5,43,2
205790,55,6,49,2
205791,46,4,42,2
205792,58,4,54,2
205793,61,7,54,2
205794,54,7,47,2
205795,54,4,50,2
205796,44,6,38,2
205797,47,5,42,2
205798,58,4,54,2
205799,45,2,43,2
205800,60,8,52,2
205801,53,5,48,2
205802,52,8,44,2
205803,50,9,41,2
205804,56,8,48,2
205805,57,6,51,2
205806,52,10,42,2
205807,51,8,43,2
205808,59,3,56,2
205809,56,4,52,2
205810,63,9,54,2
205811,4,0,4,1
205812,53,6,47,2
205813,56,5,51,2
205814,53,6,47,2
205815,51,3,48,2
205816,48,7,41,2
205817,52,5,47,2
205818,58,5,53,2
205819,59,9,50,2
205820,53,5,48,2
205821,53,7,46,2
205822,58,9,49,2
205823,59,4,55,2
205824,56,10,46,2
205825,54,8,46,2
205826,58,4,54,2
205827,50,4,46,2
205828,61,3,58,2
205829,58,5,53,2
205830,36,3,33,2
205831,45,8,37,2
205832,41,2,39,2
205833,52,11,41,2
205834,54,6,48,2
205835,40,4,36,2
205836,58,10,48,2
205837,43,6,37,2
205838,49,5,44,2
205839,57,8,49,2
205840,53,10,43,2
205841,50,10,40,2
205842,42,3,39,2
205843,36,4,32,2
205844,47,3,44,2
205845,52,11,41,2
205846,61,6,55,2
205847,58,7,51,2
205848,56,6,50,2
205849,41,7,34,2
205850,75,16,59,2
205851,57,4,53,2
205852,46,3,43,2
205853,44,7,37,2
205854,56,7,49,2
205855,58,7,51,2
205856,60,7,53,2
205857,43,3,40,2
205858,72,6,66,2
205859,59,8,51,2
205860,65,10,55,2
205861,42,3,39,2
205862,57,5,52,2
205863,51,7,44,2
205864,57,7,50,2
205865,46,4,42,2
205866,49,6,43,2
205867,51,4,47,2
205868,44,5,39,2
205869,66,10,56,2
205870,48,4,44,2
205871,61,5,56,2
205872,50,4,46,2
205873,44,5,39,2
205874,60,4,56,2
205875,52,5,47,2
205876,50,6,44,2
205877,62,7,55,2
205878,57,16,41,2
205879,47,5,42,2
205880,69,11,58,2
205881,64,11,53,2
205882,54,8,46,2
205883,50,4,46,2
205884,47,9,38,2
205885,45,6,39,2
205886,49,5,44,2
205887,58,6,52,2
205888,64,12,52,2
205889,56,6,50,2
205890,49,9,40,2
205891,55,9,46,2
205892,59,5,54,2
205893,51,8,43,2
205894,63,6,57,2
205895,47,2,45,2
205896,53,9,44,2
205897,49,8,41,2
205898,53,9,44,2
205899,59,7,52,2
205900,40,4,36,2
205901,47,2,45,2
205902,59,3,56,2
205903,63,10,53,2
205904,55,4,51,2
205905,57,5,52,2
205906,50,7,43,2
205907,53,6,47,2
205908,36,2,34,2
205909,61,10,51,2
205910,50,7,43,2
205911,55,3,52,2
205912,52,6,46,2
205913,48,8,40,2
205914,53,4,49,2
205915,63,11,52,2
205916,57,8,49,2
205917,44,7,37,2
205918,53,6,47,2
205919,56,7,49,2
205920,65,7,58,2
205921,56,8,48,2
205922,55,2,53,2
205923,51,3,48,2
205924,47,5,42,2
205925,46,4,42,2
205926,58,4,54,2
205927,47,4,43,2
205928,56,8,48,2
205929,55,7,48,2
205930,54,5,49,2
205931,51,5,46,2
205932,63,7,56,2
205933,45,7,38,2
205934,52,5,47,2
205935,59,8,51,2
205936,56,6,50,2
205937,51,5,46,2
205938,57,8,49,2
205939,49,9,40,2
205940,43,7,36,2
205941,38,0,38,1
205942,56,5,51,2
205943,49,6,43,2
205944,56,4,52,2
205945,54,4,50,2
205946,61,9,52,2
205947,46,5,41,2
205948,55,4,51,2
205949,43,5,38,2
205950,66,10,56,2
205951,48,3,45,2
205952,58,6,52,2
205953,57,8,49,2
205954,55,8,47,2
205955,61,5,56,2
205956,44,7,37,2
205957,59,12,47,2
205958,54,8,46,2
205959,60,7,53,2
205960,62,6,56,2
205961,55,7,48,2
205962,64,11,53,2
205963,72,5,67,2
205964,54,6,48,2
205965,51,6,45,2
205966,60,14,46,2
205967,53,4,49,2
205968,50,5,45,2
205969,57,9,48,2
205970,63,9,54,2
205971,44,7,37,2
205972,57,6,51,2
205973,54,5,49,2
205974,53,8,45,2
205975,59,2,57,2
205976,62,8,54,2
205977,47,3,44,2
205978,47,7,40,2
205979,51,4,47,2
205980,45,7,38,2
205981,64,8,56,2
205982,59,5,54,2
205983,54,6,48,2
205984,70,7,63,2
205985,61,4,57,2
205986,62,8,54,2
205987,54,5,49,2
205988,51,9,42,2
205989,52,6,46,2
205990,60,5,55,2
205991,50,8,42,2
205992,48,3,45,2
205993,51,6,45,2
205994,54,9,45,2
205995,45,4,41,2
205996,60,8,52,2
205997,41,9,32,2
205998,49,3,46,2
205999,51,5,46,2
206000,55,7,48,2
206001,63,6,57,2
206002,66,6,60,2
206003,60,10,50,2
206004,47,2,45,2
206005,41,4,37,2
206006,50,3,47,2
206007,60,4,56,2
206008,64,4,60,2
206009,61,12,49,2
206010,57,8,49,2
206011,56,7,49,2
206012,53,4,49,2
206013,58,8,50,2
206014,45,2,43,2
206015,53,6,47,2
206016,58,6,52,2
206017,46,4,42,2
206018,47,6,41,2
206019,62,6,56,2
206020,41,9,32,2
206021,65,5,60,2
206022,54,5,49,2
206023,66,8,58,2
206024,64,11,53,2
206025,49,4,45,2
206026,47,7,40,2
206027,55,4,51,2
206028,55,7,48,2
206029,53,4,49,2
206030,49,7,42,2
206031,59,7,52,2
206032,58,7,51,2
206033,48,9,39,2
206034,57,4,53,2
206035,61,10,51,2
206036,61,6,55,2
206037,43,6,37,2
206038,44,6,38,2
206039,53,6,47,2
206040,64,8,56,2
206041,48,7,41,2
206042,60,5,55,2
206043,61,7,54,2
206044,52,6,46,2
206045,51,6,45,2
206046,49,5,44,2
206047,62,7,55,2
206048,50,5,45,2
206049,49,4,45,2
206050,64,7,57,2
206051,56,7,49,2
206052,60,5,55,2
206053,48,5,43,2
206054,51,5,46,2
206055,52,8,44,2
206056,48,5,43,2
206057,46,3,43,2
206058,57,7,50,2
206059,62,10,52,2
206060,59,5,54,2
206061,56,5,51,2
206062,54,2,52,2
206063,49,6,43,2
206064,57,7,50,2
206065,45,5,40,2
206066,48,8,40,2
206067,50,10,40,2
206068,48,8,40,2
206069,42,3,39,2
206070,71,5,66,2
206071,54,7,47,2
206072,57,6,51,2
206073,62,7,55,2
206074,58,9,49,2
206075,54,6,48,2
206076,60,7,53,2
206077,64,8,56,2
206078,58,2,56,2
206079,55,7,48,2
206080,52,5,47,2
206081,61,7,54,2
206082,52,10,42,2
206083,62,11,51,2
206084,51,6,45,2
206085,57,11,46,2
206086,39,4,35,2
206087,51,6,45,2
206088,55,10,45,2
206089,58,7,51,2
206090,58,6,52,2
206091,38,3,35,2
206092,44,3,41,2
206093,57,7,50,2
206094,73,11,62,2
206095,74,12,62,2
206096,55,6,49,2
206097,65,9,56,2
206098,50,5,45,2
206099,64,12,52,2
206100,48,3,45,2
206101,43,3,40,2
206102,48,9,39,2
206103,59,4,55,2
206104,55,10,45,2
206105,56,7,49,2
206106,57,8,49,2
206107,45,3,42,2
206108,48,6,42,2
206109,52,6,46,2
206110,50,5,45,2
206111,48,7,41,2
206112,52,6,46,2
206113,55,8,47,2
206114,52,8,44,2
206115,71,9,62,2
206116,54,4,50,2
206117,48,6,42,2
206118,67,11,56,2
206119,64,7,57,2
206120,71,6,65,2
206121,66,8,58,2
206122,53,5,48,2
206123,64,9,55,2
206124,67,7,60,2
206125,66,8,58,2
206126,54,13,41,2
206127,45,5,40,2
206128,64,3,61,2
206129,50,7,43,2
206130,47,4,43,2
206131,58,4,54,2
206132,49,9,40,2
206133,59,2,57,2
206134,39,4,35,2
206135,57,7,50,2
206136,52,9,43,2
206137,50,6,44,2
206138,66,9,57,2
206139,58,8,50,2
206140,66,8,58,2
206141,68,3,65,2
206142,61,7,54,2
206143,59,4,55,2
206144,55,5,50,2
206145,51,8,43,2
206146,62,4,58,2
206147,50,7,43,2
206148,40,4,36,2
206149,68,12,56,2
206150,59,4,55,2
206151,61,10,51,2
206152,51,6,45,2
206153,46,5,41,2
206154,73,5,68,2
206155,53,6,47,2
206156,63,9,54,2
206157,56,8,48,2
206158,51,7,44,2
206159,64,14,50,2
206160,64,7,57,2
206161,50,2,48,2
206162,41,5,36,2
206163,44,8,36,2
206164,57,8,49,2
206165,57,7,50,2
206166,61,9,52,2
206167,52,3,49,2
206168,35,5,30,2
206169,51,3,48,2
206170,60,7,53,2
206171,48,4,44,2
206172,52,5,47,2
206173,49,6,43,2
206174,61,6,55,2
206175,55,7,48,2
206176,52,3,49,2
206177,64,3,61,2
206178,66,5,61,2
206179,52,7,45,2
206180,77,9,68,2
206181,65,7,58,2
206182,55,8,47,2
206183,58,4,54,2
206184,53,9,44,2
206185,55,6,49,2
206186,54,7,47,2
206187,52,8,44,2
206188,53,8,45,2
206189,62,11,51,2
206190,54,2,52,2
206191,50,2,48,2
206192,55,13,42,2
206193,52,3,49,2
206194,42,4,38,2
206195,56,6,50,2
206196,58,7,51,2
206197,64,4,60,2
206198,52,6,46,2
206199,55,5,50,2
206200,45,5,40,2
206201,56,8,48,2
206202,43,4,39,2
206203,45,2,43,2
206204,48,11,37,2
206205,70,11,59,2
206206,56,5,51,2
206207,50,11,39,2
206208,49,5,44,2
206209,54,6,48,2
206210,51,10,41,2
206211,49,4,45,2
206212,53,3,50,2
206213,44,7,37,2
206214,59,9,50,2
206215,57,4,53,2
206216,58,4,54,2
206217,59,6,53,2
206218,53,2,51,2
206219,57,5,52,2
206220,57,12,45,2
206221,58,10,48,2
206222,33,2,31,2
206223,53,7,46,2
206224,62,6,56,2
206225,48,7,41,2
206226,46,5,41,2
206227,55,6,49,2
206228,49,5,44,2
206229,50,8,42,2
206230,51,8,43,2
206231,57,4,53,2
206232,53,6,47,2
206233,45,1,44,2
206234,51,4,47,2
206235,58,6,52,2
206236,48,5,43,2
206237,65,5,60,2
206238,52,4,48,2
206239,46,5,41,2
206240,50,8,42,2
206241,59,12,47,2
206242,51,7,44,2
206243,45,3,42,2
206244,55,4,51,2
206245,53,9,44,2
206246,61,9,52,2
206247,60,5,55,2
206248,60,5,55,2
206249,61,12,49,2
206250,50,5,45,2
206251,54,8,46,2
206252,63,13,50,2
206253,43,5,38,2
206254,54,8,46,2
206255,70,14,56,2
206256,61,8,53,2
206257,58,11,47,2
206258,60,6,54,2
206259,45,3,42,2
206260,65,5,60,2
206261,67,9,58,2
206262,53,4,49,2
206263,60,4,56,2
206264,55,7,48,2
206265,51,6,45,2
206266,58,3,55,2
206267,57,6,51,2
206268,55,12,43,2
206269,52,8,44,2
206270,46,6,40,2
206271,55,4,51,2
206272,55,7,48,2
206273,52,5,47,2
206274,65,7,58,2
206275,53,9,44,2
206276,50,5,45,2
206277,62,7,55,2
206278,49,6,43,2
206279,55,5,50,2
206280,54,7,47,2
206281,49,7,42,2
206282,60,7,53,2
206283,57,8,49,2
206284,51,5,46,2
206285,59,1,58,2
206286,59,6,53,2
206287,56,9,47,2
206288,61,6,55,2
206289,63,6,57,2
206290,49,8,41,2
206291,59,6,53,2
206292,51,4,47,2
206293,46,3,43,2
206294,58,10,48,2
206295,55,10,45,2
206296,62,7,55,2
206297,67,8,59,2
206298,52,10,42,2
206299,56,6,50,2
206300,56,9,47,2
206301,51,10,41,2
206302,61,8,53,2
206303,46,5,41,2
206304,59,6,53,2
206305,53,6,47,2
206306,53,5,48,2
206307,54,7,47,2
206308,58,10,48,2
206309,55,3,52,2
206310,60,4,56,2
206311,56,3,53,2
206312,44,2,42,2
206313,57,5,52,2
206314,52,3,49,2
206315,56,8,48,2
206316,56,4,52,2
206317,56,7,49,2
206318,59,7,52,2
206319,61,7,54,2
206320,42,5,37,2
206321,61,9,52,2
206322,67,6,61,2
206323,57,5,52,2
206324,51,8,43,2
206325,61,3,58,2
206326,52,3,49,2
206327,61,10,51,2
206328,45,1,44,2
206329,45,5,40,2
206330,59,7,52,2
206331,65,8,57,2
206332,48,5,43,2
206333,52,3,49,2
206334,62,6,56,2
206335,52,4,48,2
206336,39,5,34,2
206337,40,4,36,2
206338,67,3,64,2
206339,58,4,54,2
206340,53,4,49,2
206341,51,4,47,2
206342,56,5,51,2
206343,49,8,41,2
206344,38,3,35,2
206345,63,7,56,2
206346,49,9,40,2
206347,54,5,49,2
206348,73,4,69,2
206349,49,7,42,2
206350,49,6,43,2
206351,56,11,45,2
206352,59,1,58,2
206353,49,7,42,2
206354,53,5,48,2
206355,55,9,46,2
206356,58,6,52,2
206357,48,6,42,2
206358,51,6,45,2
206359,67,2,65,2
206360,57,7,50,2
206361,48,3,45,2
206362,51,10,41,2
206363,47,5,42,2
206364,51,4,47,2
206365,54,7,47,2
206366,55,5,50,2
206367,57,4,53,2
206368,43,7,36,2
206369,65,7,58,2
206370,50,5,45,2
206371,53,8,45,2
206372,57,6,51,2
206373,61,11,50,2
206374,59,9,50,2
206375,48,2,46,2
206376,49,6,43,2
206377,51,8,43,2
206378,58,14,44,2
206379,68,7,61,2
206380,58,6,52,2
206381,52,9,43,2
206382,56,3,53,2
206383,46,7,39,2
206384,61,8,53,2
206385,49,7,42,2
206386,43,7,36,2
206387,54,3,51,2
206388,62,7,55,2
206389,45,5,40,2
206390,57,5,52,2
206391,49,9,40,2
206392,59,7,52,2
206393,42,4,38,2
206394,62,6,56,2
206395,54,8,46,2
206396,60,14,46,2
206397,56,6,50,2
206398,50,4,46,2
206399,47,5,42,2
206400,51,2,49,2
206402,52,4,48,2
206403,49,8,41,2
206404,49,7,42,2
206405,67,7,60,2
206406,54,2,52,2
206407,56,6,50,2
206408,61,4,57,2
206409,68,7,61,2
206410,56,9,47,2
206411,70,11,59,2
206412,48,10,38,2
206413,51,5,46,2
206414,48,6,42,2
206415,52,4,48,2
206416,46,7,39,2
206417,51,6,45,2
206418,59,6,53,2
206419,56,7,49,2
206420,58,6,52,2
206421,47,8,39,2
206422,51,7,44,2
206423,50,7,43,2
206424,56,4,52,2
206425,53,17,36,2
206426,61,9,52,2
206427,43,6,37,2
206428,45,5,40,2
206429,57,6,51,2
206430,59,6,53,2
206431,49,8,41,2
206432,50,4,46,2
206433,52,7,45,2
206434,56,11,45,2
206435,53,7,46,2
206436,50,7,43,2
206437,55,10,45,2
206438,59,7,52,2
206439,52,6,46,2
206440,58,7,51,2
206441,53,3,50,2
206442,54,7,47,2
206443,65,6,59,2
206444,49,7,42,2
206445,51,7,44,2
206446,48,7,41,2
206447,49,7,42,2
206448,64,9,55,2
206449,57,9,48,2
206450,55,4,51,2
206451,61,7,54,2
206452,61,7,54,2
206453,40,3,37,2
206454,54,2,52,2
206455,42,5,37,2
206456,58,4,54,2
206457,45,5,40,2
206458,46,8,38,2
206459,66,11,55,2
206460,58,10,48,2
206461,44,6,38,2
206462,54,10,44,2
206463,57,7,50,2
206464,56,5,51,2
206465,55,6,49,2
206466,61,3,58,2
206467,48,5,43,2
206468,63,7,56,2
206469,42,7,35,2
206470,59,3,56,2
206471,53,3,50,2
206472,67,8,59,2
206473,68,8,60,2
206474,59,10,49,2
206475,45,4,41,2
206476,60,8,52,2
206477,58,0,58,1
206478,49,10,39,2
206479,55,7,48,2
206480,56,9,47,2
206481,50,6,44,2
206482,58,8,50,2
206483,58,7,51,2
206484,56,6,50,2
206485,62,11,51,2
206486,63,8,55,2
206487,45,3,42,2
206488,43,1,42,2
206489,55,7,48,2
206490,58,5,53,2
206491,55,3,52,2
206492,60,7,53,2
206493,39,5,34,2
206494,70,9,61,2
206495,63,10,53,2
206496,63,5,58,2
206497,46,6,40,2
206498,52,8,44,2
206499,42,2,40,2
206500,68,7,61,2
206501,60,10,50,2
206502,62,9,53,2
206503,58,8,50,2
206504,52,6,46,2
206505,55,4,51,2
206506,58,8,50,2
206507,48,3,45,2
206508,48,3,45,2
206509,53,9,44,2
206510,54,8,46,2
206511,44,6,38,2
206512,55,5,50,2
206513,70,11,59,2
206514,53,11,42,2
206515,63,9,54,2
206516,50,8,42,2
206517,55,7,48,2
206518,67,9,58,2
206519,59,8,51,2
206520,36,3,33,2
206521,56,4,52,2
206522,56,14,42,2
206523,52,8,44,2
206524,52,10,42,2
206525,53,6,47,2
206526,59,3,56,2
206527,45,5,40,2
206528,39,9,30,2
206529,62,10,52,2
206530,50,5,45,2
206531,58,6,52,2
206532,58,9,49,2
206533,50,3,47,2
206534,58,8,50,2
206535,65,11,54,2
206536,53,5,48,2
206537,47,4,43,2
206538,52,2,50,2
206539,62,9,53,2
206540,46,6,40,2
206541,49,12,37,2
206542,56,9,47,2
206543,60,4,56,2
206544,59,10,49,2
206545,56,7,49,2
206546,56,7,49,2
206547,65,6,59,2
206548,60,7,53,2
206549,56,2,54,2
206550,59,10,49,2
206551,57,8,49,2
206552,58,5,53,2
206553,53,3,50,2
206554,68,5,63,2
206555,46,6,40,2
206556,66,4,62,2
206557,51,7,44,2
206558,62,6,56,2
206559,59,6,53,2
206560,45,8,37,2
206561,75,10,65,2
206562,56,6,50,2
206563,51,4,47,2
206564,52,6,46,2
206565,62,8,54,2
206566,64,6,58,2
206567,46,6,40,2
206568,57,5,52,2
206569,65,5,60,2
206570,50,7,43,2
206571,63,10,53,2
206572,62,9,53,2
206573,50,7,43,2
206574,70,6,64,2
206575,57,9,48,2
206576,54,10,44,2
206577,47,9,38,2
206578,55,5,50,2
206579,50,3,47,2
206580,61,8,53,2
206581,66,7,59,2
206582,77,9,68,2
206583,56,6,50,2
206584,55,2,53,2
206585,70,10,60,2
206586,43,6,37,2
206587,46,3,43,2
206588,67,8,59,2
206589,45,5,40,2
206590,62,7,55,2
206591,56,7,49,2
206592,56,6,50,2
206593,53,8,45,2
206594,63,9,54,2
206595,47,4,43,2
206596,61,8,53,2
206597,55,8,47,2
206598,49,8,41,2
206599,52,5,47,2
206600,50,7,43,2
206601,41,5,36,2
206602,61,9,52,2
206603,70,6,64,2
206604,47,4,43,2
206605,51,2,49,2
206606,53,1,52,2
206607,51,3,48,2
206608,52,3,49,2
206609,45,6,39,2
206610,54,5,49,2
206611,53,6,47,2
206612,59,5,54,2
206613,60,6,54,2
206614,55,10,45,2
206615,63,5,58,2
206616,50,10,40,2
206617,55,4,51,2
206618,49,5,44,2
206619,49,5,44,2
206620,56,8,48,2
206621,58,9,49,2
206622,46,4,42,2
206623,54,9,45,2
206624,61,6,55,2
206625,42,4,38,2
206626,59,10,49,2
206627,52,9,43,2
206628,50,8,42,2
206629,50,2,48,2
206630,61,7,54,2
206631,49,8,41,2
206632,51,8,43,2
206633,49,9,40,2
206634,57,6,51,2
206635,71,5,66,2
206636,42,3,39,2
206637,60,6,54,2
206638,54,6,48,2
206639,49,3,46,2
206640,43,7,36,2
206641,57,5,52,2
206642,58,5,53,2
206643,51,8,43,2
206644,58,7,51,2
206645,50,6,44,2
206646,49,7,42,2
206647,55,7,48,2
206648,54,5,49,2
206649,52,8,44,2
206650,42,7,35,2
206651,53,9,44,2
206652,52,10,42,2
206653,62,10,52,2
206654,49,2,47,2
206655,55,8,47,2
206656,49,5,44,2
206657,47,4,43,2
206658,67,5,62,2
206659,54,7,47,2
206660,51,5,46,2
206661,47,4,43,2
206662,71,4,67,2
206663,54,11,43,2
206664,64,8,56,2
206665,53,7,46,2
206666,51,9,42,2
206667,45,6,39,2
206668,59,9,50,2
206669,51,8,43,2
206670,52,3,49,2
206671,49,8,41,2
206672,50,3,47,2
206673,61,11,50,2
206674,49,6,43,2
206675,64,11,53,2
206676,62,8,54,2
206677,64,9,55,2
206678,62,10,52,2
206679,60,5,55,2
206680,59,6,53,2
206681,57,6,51,2
206682,54,5,49,2
206683,67,10,57,2
206684,60,5,55,2
206685,58,10,48,2
206686,55,10,45,2
206687,59,7,52,2
206688,47,4,43,2
206689,56,8,48,2
206690,63,4,59,2
206691,61,4,57,2
206692,42,3,39,2
206693,56,8,48,2
206694,47,8,39,2
206695,55,10,45,2
206696,74,7,67,2
206697,67,8,59,2
206698,52,7,45,2
206699,53,6,47,2
206700,54,3,51,2
206701,69,4,65,2
206702,79,8,71,2
206703,65,8,57,2
206704,70,10,60,2
206705,58,6,52,2
206706,55,5,50,2
206707,55,9,46,2
206708,33,4,29,2
206709,57,7,50,2
206710,68,4,64,2
206711,45,8,37,2
206712,72,10,62,2
206713,47,8,39,2
206714,52,9,43,2
206715,57,12,45,2
206716,66,7,59,2
206717,45,2,43,2
206718,59,8,51,2
206719,54,4,50,2
206720,48,3,45,2
206721,43,6,37,2
206722,54,9,45,2
206723,53,4,49,2
206724,43,5,38,2
206725,59,7,52,2
206726,44,5,39,2
206727,46,3,43,2
206728,69,6,63,2
206729,66,4,62,2
206730,42,6,36,2
206731,62,6,56,2
206732,50,3,47,2
206733,54,5,49,2
206735,63,7,56,2
206736,62,15,47,2
206737,68,9,59,2
206738,51,5,46,2
206739,53,4,49,2
206740,58,6,52,2
206741,50,8,42,2
206742,52,13,39,2
206743,58,9,49,2
206744,50,6,44,2
206745,57,8,49,2
206746,58,3,55,2
206747,48,0,48,1
206748,49,8,41,2
206749,66,10,56,2
206750,59,4,55,2
206751,61,6,55,2
206752,48,7,41,2
206753,48,3,45,2
206754,37,5,32,2
206755,61,7,54,2
206757,51,4,47,2
206758,72,11,61,2
206759,58,6,52,2
206760,51,7,44,2
206761,49,5,44,2
206762,61,7,54,2
206763,53,5,48,2
206764,63,8,55,2
206765,46,5,41,2
206766,57,10,47,2
206767,44,6,38,2
206768,59,7,52,2
206769,56,2,54,2
206770,52,6,46,2
206771,51,8,43,2
206772,39,3,36,2
206773,59,4,55,2
206774,61,5,56,2
206775,63,8,55,2
206776,49,6,43,2
206777,45,4,41,2
206778,47,9,38,2
206779,57,5,52,2
206780,64,1,63,2
206781,68,5,63,2
206782,58,3,55,2
206783,43,3,40,2
206784,60,8,52,2
206785,64,8,56,2
206786,54,1,53,2
206787,57,9,48,2
206788,53,2,51,2
206789,48,8,40,2
206790,45,8,37,2
206791,64,6,58,2
206792,62,10,52,2
206793,53,4,49,2
206794,47,4,43,2
206795,49,4,45,2
206796,52,5,47,2
206797,49,9,40,2
206798,51,7,44,2
206799,57,7,50,2
206800,50,7,43,2
206801,47,8,39,2
206802,62,5,57,2
206803,56,8,48,2
206804,52,3,49,2
206805,52,8,44,2
206806,48,10,38,2
206807,58,5,53,2
206808,47,5,42,2
206809,52,6,46,2
206810,55,8,47,2
206811,59,7,52,2
206812,47,8,39,2
206813,60,11,49,2
206814,48,9,39,2
206815,50,2,48,2
206816,60,7,53,2
206817,50,1,49,2
206818,55,7,48,2
206819,57,8,49,2
206820,43,7,36,2
206821,47,3,44,2
206822,66,3,63,2
206823,54,8,46,2
206824,58,4,54,2
206825,59,5,54,2
206826,44,5,39,2
206827,51,11,40,2
206828,63,4,59,2
206829,50,6,44,2
206830,55,9,46,2
206831,58,10,48,2
206832,53,5,48,2
206833,52,6,46,2
206834,39,4,35,2
206835,63,7,56,2
206836,47,8,39,2
206837,57,9,48,2
206838,53,4,49,2
206839,50,11,39,2
206840,53,5,48,2
206841,56,5,51,2
206842,56,6,50,2
206843,52,7,45,2
206844,58,9,49,2
206845,55,5,50,2
206846,44,2,42,2
206847,61,12,49,2
206848,52,4,48,2
206849,45,9,36,2
206850,57,10,47,2
206851,56,9,47,2
206852,56,6,50,2
206853,51,4,47,2
206854,57,6,51,2
206855,58,7,51,2
206856,66,9,57,2
206857,68,6,62,2
206858,41,3,38,2
206859,56,9,47,2
206860,54,11,43,2
206861,56,10,46,2
206862,49,5,44,2
206863,53,4,49,2
206864,64,9,55,2
206865,49,9,40,2
206866,56,5,51,2
206867,48,8,40,2
206868,56,6,50,2
206869,48,4,44,2
206870,62,6,56,2
206871,60,5,55,2
206872,44,6,38,2
206873,67,5,62,2
206874,44,7,37,2
206875,49,6,43,2
206876,60,5,55,2
206877,45,4,41,2
206878,52,10,42,2
206879,61,9,52,2
206880,47,5,42,2
206881,34,5,29,2
206882,56,7,49,2
206883,43,5,38,2
206884,47,4,43,2
206885,46,4,42,2
206886,57,6,51,2
206887,56,9,47,2
206888,51,6,45,2
206889,63,7,56,2
206890,59,5,54,2
206891,48,5,43,2
206892,47,7,40,2
206893,55,9,46,2
206894,56,8,48,2
206895,64,11,53,2
206896,54,4,50,2
206897,57,8,49,2
206898,53,6,47,2
206899,42,7,35,2
206900,57,4,53,2
206901,49,5,44,2
206902,60,10,50,2
206903,50,4,46,2
206904,56,7,49,2
206905,47,6,41,2
206906,72,10,62,2
206907,48,7,41,2
206908,55,7,48,2
206909,53,9,44,2
206910,52,5,47,2
206911,56,6,50,2
206912,59,3,56,2
206913,59,7,52,2
206914,69,11,58,2
206915,53,7,46,2
206916,53,3,50,2
206917,50,6,44,2
206918,52,9,43,2
206919,60,6,54,2
206920,57,8,49,2
206921,48,4,44,2
206922,44,9,35,2
206923,47,9,38,2
206924,67,5,62,2
206925,53,4,49,2
206926,44,4,40,2
206927,58,6,52,2
206928,45,6,39,2
206929,63,10,53,2
206930,47,5,42,2
206931,50,6,44,2
206932,61,8,53,2
206933,75,11,64,2
206934,48,3,45,2
206935,47,7,40,2
206936,49,7,42,2
206937,52,4,48,2
206938,57,7,50,2
206939,59,11,48,2
206940,56,7,49,2
206941,61,7,54,2
206942,56,6,50,2
206943,57,7,50,2
206944,54,7,47,2
206945,36,1,35,2
206946,44,8,36,2
206947,64,2,62,2
206948,57,5,52,2
206949,52,3,49,2
206950,40,5,35,2
206951,49,6,43,2
206952,42,8,34,2
206953,63,7,56,2
206954,52,15,37,2
206955,45,5,40,2
206956,58,8,50,2
206957,52,4,48,2
206959,60,5,55,2
206960,56,9,47,2
206961,57,3,54,2
206962,55,6,49,2
206963,45,4,41,2
206964,47,5,42,2
206965,55,5,50,2
206966,37,4,33,2
206967,49,6,43,2
206968,70,8,62,2
206969,53,5,48,2
206970,56,11,45,2
206971,57,2,55,2
206972,55,2,53,2
206973,58,9,49,2
206974,62,10,52,2
206975,61,10,51,2
206976,47,9,38,2
206977,47,8,39,2
206978,49,4,45,2
206979,55,8,47,2
206980,54,5,49,2
206981,63,13,50,2
206982,50,5,45,2
206983,40,6,34,2
206984,53,7,46,2
206985,55,7,48,2
206986,53,2,51,2
206987,45,4,41,2
206988,50,5,45,2
206989,69,11,58,2
206990,40,4,36,2
206991,57,8,49,2
206992,54,6,48,2
206993,46,7,39,2
206994,54,7,47,2
206995,45,7,38,2
206996,59,6,53,2
206997,53,8,45,2
206998,55,6,49,2
206999,58,9,49,2
207000,65,7,58,2
207001,61,6,55,2
207002,46,7,39,2
207003,51,9,42,2
207004,67,4,63,2
207005,55,4,51,2
207006,38,1,37,2
207007,66,8,58,2
207008,27,2,25,2
207009,64,11,53,2
207010,57,7,50,2
207011,48,6,42,2
207012,59,7,52,2
207013,53,2,51,2
207014,53,2,51,2
207015,44,8,36,2
207016,68,8,60,2
207017,60,8,52,2
207018,48,1,47,2
207019,55,7,48,2
207020,52,9,43,2
207021,51,8,43,2
207022,56,4,52,2
207023,50,4,46,2
207024,64,10,54,2
207025,52,6,46,2
207026,56,9,47,2
207027,66,11,55,2
207028,58,5,53,2
207029,60,3,57,2
207030,51,7,44,2
207031,47,5,42,2
207032,66,6,60,2
207033,70,5,65,2
207034,56,5,51,2
207035,64,11,53,2
207036,40,7,33,2
207037,45,4,41,2
207038,56,3,53,2
207039,48,4,44,2
207040,53,5,48,2
207041,74,9,65,2
207042,47,9,38,2
207043,54,8,46,2
207044,58,5,53,2
207045,52,3,49,2
207046,52,7,45,2
207047,50,4,46,2
207048,52,3,49,2
207049,55,8,47,2
207050,46,9,37,2
207051,60,8,52,2
207052,46,6,40,2
207053,53,7,46,2
207054,57,10,47,2
207055,53,4,49,2
207056,55,7,48,2
207057,53,4,49,2
207058,49,5,44,2
207059,53,12,41,2
207060,63,6,57,2
207061,62,10,52,2
207062,58,5,53,2
207063,54,2,52,2
207064,53,6,47,2
207065,51,8,43,2
207066,55,7,48,2
207067,61,7,54,2
207068,57,3,54,2
207069,50,7,43,2
207070,56,6,50,2
207071,48,6,42,2
207072,55,9,46,2
207073,40,0,40,1
207074,50,4,46,2
207075,45,4,41,2
207076,53,7,46,2
207077,50,9,41,2
207078,58,6,52,2
207079,47,10,37,2
207080,57,9,48,2
207081,50,7,43,2
207082,48,9,39,2
207083,55,6,49,2
207084,57,11,46,2
207085,58,8,50,2
207086,63,8,55,2
207087,53,9,44,2
207088,55,7,48,2
207089,44,3,41,2
207090,57,6,51,2
207091,48,3,45,2
207092,54,8,46,2
207093,48,3,45,2
207094,58,5,53,2
207095,58,8,50,2
207096,56,15,41,2
207097,54,5,49,2
207098,60,6,54,2
207099,56,7,49,2
207100,62,6,56,2
207101,70,9,61,2
207102,41,6,35,2
207103,61,4,57,2
207104,43,4,39,2
207105,58,4,54,2
207106,48,5,43,2
207107,58,5,53,2
207108,52,4,48,2
207109,54,5,49,2
207110,56,6,50,2
207111,56,10,46,2
207112,57,7,50,2
207113,68,6,62,2
207114,48,2,46,2
207115,45,7,38,2
207116,57,6,51,2
207117,51,9,42,2
207118,68,3,65,2
207119,58,7,51,2
207120,48,5,43,2
207121,45,10,35,2
207122,58,5,53,2
207123,57,5,52,2
207124,53,3,50,2
207125,63,11,52,2
207126,65,4,61,2
207127,46,5,41,2
207128,57,7,50,2
207129,71,13,58,2
207130,66,13,53,2
207131,53,4,49,2
207132,57,3,54,2
207133,54,5,49,2
207134,45,6,39,2
207135,45,3,42,2
207136,55,5,50,2
207137,53,5,48,2
207138,66,14,52,2
207139,41,6,35,2
207140,56,11,45,2
207141,66,9,57,2
207142,57,3,54,2
207143,52,7,45,2
207144,46,6,40,2
207145,60,5,55,2
207146,56,8,48,2
207147,51,4,47,2
207148,55,5,50,2
207149,45,8,37,2
207150,49,5,44,2
207151,66,9,57,2
207152,61,8,53,2
207153,78,7,71,2
207154,54,7,47,2
207155,44,6,38,2
207156,45,9,36,2
207157,45,9,36,2
207158,63,3,60,2
207159,44,4,40,2
207160,53,11,42,2
207161,50,5,45,2
207162,42,7,35,2
207163,60,4,56,2
207164,59,5,54,2
207165,54,1,53,2
207166,66,9,57,2
207167,55,6,49,2
207168,54,5,49,2
207169,54,1,53,2
207170,59,9,50,2
207171,66,8,58,2
207172,59,7,52,2
207173,43,1,42,2
207174,44,5,39,2
207175,58,3,55,2
207176,62,11,51,2
207177,55,4,51,2
207178,61,8,53,2
207179,49,8,41,2
207180,59,6,53,2
207181,54,2,52,2
207182,56,6,50,2
207183,58,6,52,2
207184,57,7,50,2
207185,49,8,41,2
207186,46,6,40,2
207187,54,5,49,2
207188,49,5,44,2
207189,59,8,51,2
207190,60,7,53,2
207191,58,6,52,2
207192,65,8,57,2
207193,44,2,42,2
207194,46,3,43,2
207195,58,8,50,2
207196,56,4,52,2
207197,49,2,47,2
207198,54,3,51,2
207199,46,5,41,2
207200,57,8,49,2
207201,54,6,48,2
207202,61,5,56,2
207203,44,6,38,2
207204,49,9,40,2
207205,48,5,43,2
207206,62,11,51,2
207207,51,7,44,2
207208,67,8,59,2
207209,54,7,47,2
207210,52,7,45,2
207211,73,8,65,2
207212,54,5,49,2
207213,46,4,42,2
207214,48,3,45,2
207215,46,4,42,2
207216,61,5,56,2
207217,56,5,51,2
207218,67,8,59,2
207219,48,7,41,2
207220,56,11,45,2
207221,43,1,42,2
207222,54,6,48,2
207223,63,3,60,2
207224,61,8,53,2
207225,55,5,50,2
207226,52,10,42,2
207227,60,3,57,2
207228,61,6,55,2
207229,64,10,54,2
207230,49,6,43,2
207231,52,3,49,2
207232,53,7,46,2
207233,55,7,48,2
207234,64,7,57,2
207235,51,7,44,2
207236,38,0,38,1
207237,53,5,48,2
207238,46,2,44,2
207239,51,4,47,2
207240,43,8,35,2
207241,56,7,49,2
207242,62,4,58,2
207243,48,6,42,2
207244,46,5,41,2
207245,64,6,58,2
207246,48,7,41,2
207247,56,5,51,2
207248,48,7,41,2
207249,45,5,40,2
207250,43,9,34,2
207251,54,6,48,2
207252,56,9,47,2
207253,52,2,50,2
207254,52,5,47,2
207255,55,6,49,2
207256,66,7,59,2
207257,53,8,45,2
207258,57,7,50,2
207259,41,6,35,2
207260,58,6,52,2
207261,36,0,36,1
207262,64,8,56,2
207263,60,5,55,2
207264,56,7,49,2
207265,54,7,47,2
207266,58,4,54,2
207267,75,8,67,2
207268,50,8,42,2
207269,48,7,41,2
207270,67,8,59,2
207271,53,6,47,2
207272,62,7,55,2
207273,55,4,51,2
207274,66,3,63,2
207275,68,10,58,2
207277,53,6,47,2
207278,50,11,39,2
207279,51,7,44,2
207280,52,7,45,2
207281,59,10,49,2
207282,54,11,43,2
207283,53,4,49,2
207284,52,3,49,2
207285,52,8,44,2
207286,61,8,53,2
207287,54,6,48,2
207288,41,3,38,2
207289,61,5,56,2
207290,50,5,45,2
207291,47,6,41,2
207292,52,6,46,2
207293,66,10,56,2
207294,56,5,51,2
207295,57,5,52,2
207296,49,5,44,2
207297,51,7,44,2
207298,55,5,50,2
207299,53,7,46,2
207300,55,8,47,2
207301,49,5,44,2
207302,44,5,39,2
207303,59,15,44,2
207304,62,7,55,2
207305,49,4,45,2
207306,55,8,47,2
207307,59,3,56,2
207308,59,7,52,2
207309,61,10,51,2
207310,57,5,52,2
207311,48,5,43,2
207312,50,6,44,2
207313,58,9,49,2
207314,72,9,63,2
207315,51,4,47,2
207316,61,4,57,2
207317,55,5,50,2
207318,46,7,39,2
207319,60,9,51,2
207320,45,4,41,2
207321,60,15,45,2
207322,46,6,40,2
207323,66,9,57,2
207324,57,6,51,2
207325,54,4,50,2
207326,48,9,39,2
207327,63,7,56,2
207328,44,4,40,2
207329,57,9,48,2
207330,67,6,61,2
207331,50,5,45,2
207332,47,8,39,2
207333,59,5,54,2
207334,54,4,50,2
207335,46,6,40,2
207336,49,2,47,2
207337,57,8,49,2
207338,55,3,52,2
207339,45,4,41,2
207340,58,3,55,2
207341,58,7,51,2
207342,41,7,34,2
207343,44,4,40,2
207344,60,5,55,2
207345,42,5,37,2
207346,66,13,53,2
207347,63,3,60,2
207348,67,11,56,2
207349,56,5,51,2
207350,60,3,57,2
207351,51,2,49,2
207352,37,2,35,2
207353,59,10,49,2
207354,57,6,51,2
207355,52,5,47,2
207356,49,7,42,2
207357,50,5,45,2
207358,43,2,41,2
207359,55,6,49,2
207360,55,4,51,2
207361,61,4,57,2
207362,66,7,59,2
207363,46,4,42,2
207364,51,5,46,2
207365,51,9,42,2
207366,49,1,48,2
207367,44,3,41,2
207368,47,4,43,2
207369,54,7,47,2
207370,59,5,54,2
207371,48,8,40,2
207372,54,4,50,2
207373,53,5,48,2
207374,63,10,53,2
207375,50,8,42,2
207376,64,6,58,2
207377,56,7,49,2
207378,54,6,48,2
207379,61,7,54,2
207380,63,11,52,2
207381,57,8,49,2
207382,55,7,48,2
207383,50,7,43,2
207384,63,5,58,2
207385,46,9,37,2
207386,56,5,51,2
207387,59,9,50,2
207388,59,6,53,2
207389,55,9,46,2
207390,52,7,45,2
207391,51,3,48,2
207392,63,8,55,2
207393,53,9,44,2
207394,65,9,56,2
207395,53,8,45,2
207396,50,9,41,2
207397,55,9,46,2
207398,48,7,41,2
207399,42,2,40,2
207400,50,8,42,2
207401,54,6,48,2
207402,51,9,42,2
207403,49,4,45,2
207404,56,7,49,2
207405,45,5,40,2
207406,63,11,52,2
207407,60,6,54,2
207408,56,7,49,2
207409,64,9,55,2
207410,68,8,60,2
207411,50,5,45,2
207412,47,4,43,2
207413,47,5,42,2
207414,59,7,52,2
207415,57,4,53,2
207416,55,7,48,2
207417,48,5,43,2
207418,64,6,58,2
207419,56,4,52,2
207420,55,2,53,2
207421,51,2,49,2
207422,65,6,59,2
207423,57,7,50,2
207424,56,7,49,2
207425,45,9,36,2
207426,62,4,58,2
207427,61,6,55,2
207428,57,12,45,2
207429,56,9,47,2
207430,65,11,54,2
207431,59,13,46,2
207432,61,13,48,2
207433,59,5,54,2
207434,56,6,50,2
207435,59,4,55,2
207436,49,6,43,2
207437,61,4,57,2
207438,55,3,52,2
207439,54,3,51,2
207440,45,6,39,2
207441,70,12,58,2
207442,56,6,50,2
207443,53,6,47,2
207444,59,10,49,2
207445,63,9,54,2
207446,58,4,54,2
207447,53,11,42,2
207448,52,6,46,2
207449,64,6,58,2
207450,52,2,50,2
207451,62,8,54,2
207452,49,4,45,2
207453,66,9,57,2
207454,59,10,49,2
207455,60,6,54,2
207456,52,6,46,2
207457,67,7,60,2
207458,70,6,64,2
207459,52,7,45,2
207460,60,5,55,2
207461,60,8,52,2
207462,59,10,49,2
207463,60,9,51,2
207464,46,9,37,2
207465,60,4,56,2
207466,56,3,53,2
207467,48,5,43,2
207468,52,6,46,2
207469,49,5,44,2
207470,64,9,55,2
207471,46,6,40,2
207472,53,11,42,2
207473,50,6,44,2
207474,53,9,44,2
207475,59,9,50,2
207476,51,8,43,2
207477,73,11,62,2
207478,42,7,35,2
207479,48,7,41,2
207480,53,6,47,2
207481,53,9,44,2
207482,49,8,41,2
207483,60,10,50,2
207484,52,6,46,2
207485,58,10,48,2
207486,50,4,46,2
207487,71,5,66,2
207488,70,6,64,2
207489,37,2,35,2
207490,54,6,48,2
207491,36,3,33,2
207492,56,3,53,2
207493,56,10,46,2
207494,48,6,42,2
207495,51,8,43,2
207496,55,12,43,2
207497,52,7,45,2
207498,60,6,54,2
207499,48,6,42,2
207500,60,8,52,2
207501,49,4,45,2
207502,49,6,43,2
207503,51,4,47,2
207504,50,7,43,2
207505,47,9,38,2
207506,50,6,44,2
207507,54,8,46,2
207508,44,7,37,2
207509,45,2,43,2
207510,62,8,54,2
207511,47,7,40,2
207512,41,3,38,2
207513,61,10,51,2
207514,60,6,54,2
207515,63,8,55,2
207516,58,3,55,2
207517,55,5,50,2
207518,48,10,38,2
207519,58,9,49,2
207520,52,8,44,2
207521,61,5,56,2
207522,52,4,48,2
207523,62,8,54,2
207524,61,8,53,2
207525,60,11,49,2
207526,52,6,46,2
207527,55,13,42,2
207528,69,6,63,2
207529,57,7,50,2
207530,49,3,46,2
207531,67,4,63,2
207532,57,6,51,2
207533,52,7,45,2
207534,41,4,37,2
207535,67,9,58,2
207536,58,7,51,2
207537,46,3,43,2
207538,58,10,48,2
207539,52,6,46,2
207540,51,4,47,2
207541,47,4,43,2
207542,53,6,47,2
207543,62,8,54,2
207544,49,4,45,2
207545,66,7,59,2
207546,54,6,48,2
207547,48,3,45,2
207548,57,7,50,2
207549,55,11,44,2
207550,48,4,44,2
207551,48,7,41,2
207552,46,7,39,2
207553,43,5,38,2
207554,67,10,57,2
207555,48,9,39,2
207556,64,6,58,2
207557,60,1,59,2
207558,58,12,46,2
207559,55,2,53,2
207560,53,5,48,2
207561,55,3,52,2
207562,54,5,49,2
207563,47,2,45,2
207564,42,6,36,2
207565,45,2,43,2
207566,57,13,44,2
207567,58,5,53,2
207568,54,5,49,2
207569,68,12,56,2
207570,56,9,47,2
207571,50,3,47,2
207572,41,7,34,2
207573,63,9,54,2
207574,56,5,51,2
207575,45,4,41,2
207576,60,6,54,2
207577,60,2,58,2
207578,49,6,43,2
207579,62,8,54,2
207580,51,2,49,2
207581,54,9,45,2
207582,46,7,39,2
207583,60,11,49,2
207584,38,4,34,2
207585,60,7,53,2
207586,52,6,46,2
207587,62,6,56,2
207588,64,10,54,2
207589,48,8,40,2
207590,60,7,53,2
207591,52,2,50,2
207592,50,8,42,2
207593,55,7,48,2
207594,51,9,42,2
207595,55,6,49,2
207596,42,6,36,2
207597,54,7,47,2
207598,58,6,52,2
207599,64,5,59,2
207600,45,5,40,2
207601,48,7,41,2
207602,56,7,49,2
207603,38,5,33,2
207604,46,6,40,2
207605,64,12,52,2
207606,50,8,42,2
207607,56,11,45,2
207608,56,10,46,2
207609,49,7,42,2
207610,53,7,46,2
207611,47,8,39,2
207612,51,5,46,2
207613,57,6,51,2
207614,59,7,52,2
207615,62,5,57,2
207616,33,10,23,2
207617,57,7,50,2
207618,76,10,66,2
207619,48,5,43,2
207620,51,12,39,2
207621,62,5,57,2
207622,50,6,44,2
207623,61,5,56,2
207624,44,2,42,2
207625,60,8,52,2
207626,59,8,51,2
207627,52,7,45,2
207628,50,7,43,2
207629,59,9,50,2
207630,50,8,42,2
207631,47,7,40,2
207632,53,5,48,2
207633,69,3,66,2
207634,60,2,58,2
207635,55,6,49,2
207636,58,3,55,2
207637,50,7,43,2
207638,60,6,54,2
207639,59,7,52,2
207640,44,6,38,2
207641,57,11,46,2
207642,47,9,38,2
207643,59,8,51,2
207644,55,6,49,2
207645,48,2,46,2
207646,52,6,46,2
207647,61,2,59,2
207648,70,5,65,2
207649,43,6,37,2
207650,57,10,47,2
207651,50,6,44,2
207652,49,4,45,2
207653,47,5,42,2
207654,60,14,46,2
207655,65,8,57,2
207656,64,8,56,2
207657,51,6,45,2
207658,66,12,54,2
207659,53,6,47,2
207660,45,8,37,2
207661,68,7,61,2
207662,50,4,46,2
207663,42,6,36,2
207664,56,3,53,2
207665,53,6,47,2
207666,46,7,39,2
207667,49,3,46,2
207668,53,7,46,2
207669,57,4,53,2
207670,66,8,58,2
207671,52,10,42,2
207672,66,7,59,2
207673,58,6,52,2
207674,57,6,51,2
207675,55,7,48,2
207676,55,5,50,2
207677,53,5,48,2
207678,50,4,46,2
207679,51,9,42,2
207680,51,6,45,2
207681,50,9,41,2
207682,53,7,46,2
207683,52,11,41,2
207684,59,4,55,2
207685,58,6,52,2
207686,49,6,43,2
207687,56,5,51,2
207688,50,11,39,2
207689,57,4,53,2
207690,59,7,52,2
207691,57,10,47,2
207692,70,10,60,2
207693,47,5,42,2
207694,46,10,36,2
207695,48,4,44,2
207696,60,6,54,2
207697,59,5,54,2
207698,56,5,51,2
207699,56,8,48,2
207700,59,11,48,2
207701,61,10,51,2
207702,45,5,40,2
207703,49,6,43,2
207704,56,6,50,2
207705,66,10,56,2
207706,54,4,50,2
207707,52,8,44,2
207708,60,11,49,2
207709,51,6,45,2
207710,51,10,41,2
207711,42,8,34,2
207712,55,8,47,2
207713,61,10,51,2
207714,53,8,45,2
207715,53,8,45,2
207716,55,8,47,2
207717,51,12,39,2
207718,52,3,49,2
207719,61,9,52,2
207720,47,5,42,2
207721,62,14,48,2
207722,62,5,57,2
207723,50,5,45,2
207724,51,9,42,2
207725,41,8,33,2
207726,60,13,47,2
207727,52,8,44,2
207728,60,7,53,2
207729,51,4,47,2
207730,47,5,42,2
207731,59,4,55,2
207732,55,5,50,2
207733,51,3,48,2
207734,46,4,42,2
207735,46,7,39,2
207736,54,8,46,2
207737,60,4,56,2
207738,63,9,54,2
207739,53,3,50,2
207740,65,5,60,2
207741,54,7,47,2
207742,53,5,48,2
207743,63,10,53,2
207744,48,5,43,2
207745,53,5,48,2
207746,45,5,40,2
207747,56,2,54,2
207748,48,6,42,2
207749,55,4,51,2
207750,52,6,46,2
207751,49,5,44,2
207752,71,9,62,2
207753,47,9,38,2
207754,54,8,46,2
207755,51,6,45,2
207756,54,4,50,2
207757,56,5,51,2
207758,41,3,38,2
207759,48,3,45,2
207760,66,6,60,2
207761,42,2,40,2
207762,68,14,54,2
207763,63,13,50,2
207764,50,5,45,2
207765,51,7,44,2
207766,61,11,50,2
207767,50,8,42,2
207768,62,6,56,2
207769,47,4,43,2
207770,53,7,46,2
207771,43,10,33,2
207772,71,7,64,2
207773,52,9,43,2
207774,66,7,59,2
207775,51,5,46,2
207776,45,3,42,2
207777,55,11,44,2
208306,1,0,1,1
208415,3,0,3,1
208598,10,10,0,1
208619,59,2,57,2
208879,33,12,21,2
210943,6,2,4,2
213406,21,21,0,1
213705,1,1,0,1
213729,6,5,1,2
214491,10,0,10,1
214545,2,1,1,2
215187,24,24,0,1
215630,5,3,2,2
215742,23,23,0,1
216099,1,0,1,1
217600,13,13,0,1
220160,6,3,3,2
220508,15,15,0,1
220772,36,24,12,2
221259,1,0,1,1
222090,42,42,0,1
222210,2,0,2,1
223554,4,3,1,2
223566,2,2,0,1
224444,5,1,4,2
224954,45,44,1,2
225384,7,2,5,2
225402,6,6,0,1
239498,2,1,1,2
239723,3,3,0,1
239953,159,156,3,2
239981,42,2,40,2
267636,18,18,0,1
268917,1,1,0,1
269562,69,1,68,2
269859,42,42,0,1
270009,4,0,4,1
270023,5,0,5,1
270270,2,0,2,1
270405,28,28,0,1
270923,44,44,0,1
271179,1,1,0,1
271241,87,87,0,1
271819,4,2,2,2
271820,2,1,1,2
272061,5,0,5,1
273472,1,1,0,1
273538,5,2,3,2
274786,1,0,1,1
